10 #edges
GL 0;1
0;1 0;1_P
0;1 2;3
2;3 2;3_P
2;3 4;5;6;7
4;5;6;7 6;7_P
4;5;6;7 9
4;5;6;7 8;10
8;10 10_P
9 9_P
5 #leaves
9_P P 10 0 0 0 0 0.142161 0.333728 0 0 0 0 0 1 2 3 4 5 6 7 9
10_P P 10 0.16909 0.278816 0 0.256397 0.738261 0 0.53649 0 0 0.702534 0 1 10 2 3 4 5 6 7 8
6;7_P P 10 0.684739 0.721184 0.135375 0.743603 0.119578 0.165881 0 0 0.185659 0 0 1 2 3 4 5 6 7
2;3_P P 10 0 0 0.367883 0 0 0.335261 0 0.496387 0.258921 0.160322 0 1 2 3
0;1_P P 10 0.146171 0 0.496741 0 0 0.16513 0.46351 0.503613 0.55542 0.137144 0 1
