354 #trees
7 #edges, tree 1
21 1
10;12;13;15;17;19 6;7;8;9;11;14;16;20
3;4 21
3;4 10;12;13;15;17;19
0 22
0 3;4
0 2
7 #edges, tree 2
0 2
0 3;4
0 22
2 1
3;4 10;12;13;15;17;19
3;4 21
10;12;13;15;17;19 6;7;8;9;11;14;16;20
7 #edges, tree 3
10;12;13;15;17;19 6;7;8;9;11;14;16;20
6;7;8;9;11;14;16;20 1
3;4 21
3;4 10;12;13;15;17;19
0 22
0 3;4
0 2
7 #edges, tree 4
10;12;13;15;17;19 6;7;8;9;11;14;16;20
3;4 21
3;4 10;12;13;15;17;19
3;4 1
0 22
0 3;4
0 2
7 #edges, tree 5
0 3;4
0 22
3;4 10;12;13;15;17;19
3;4 21
10;12;13;15;17;19 6;7;8;9;11;14;16;20
21 1
21 2
7 #edges, tree 6
0 1
0 3;4
0 22
3;4 10;12;13;15;17;19
3;4 21
10;12;13;15;17;19 6;7;8;9;11;14;16;20
21 2
7 #edges, tree 7
0 3;4
0 22
2 1
3;4 10;12;13;15;17;19
3;4 21
10;12;13;15;17;19 6;7;8;9;11;14;16;20
21 2
7 #edges, tree 8
0 3;4
0 22
3;4 1
3;4 10;12;13;15;17;19
3;4 21
10;12;13;15;17;19 6;7;8;9;11;14;16;20
21 2
7 #edges, tree 9
21 2
10;12;13;15;17;19 6;7;8;9;11;14;16;20
6;7;8;9;11;14;16;20 1
3;4 21
3;4 10;12;13;15;17;19
0 22
0 3;4
7 #edges, tree 10
21 1
10;12;13;15;17;19 6;7;8;9;11;14;16;20
6;7;8;9;11;14;16;20 2
3;4 21
3;4 10;12;13;15;17;19
0 22
0 3;4
7 #edges, tree 11
10;12;13;15;17;19 6;7;8;9;11;14;16;20
6;7;8;9;11;14;16;20 2
3;4 21
3;4 10;12;13;15;17;19
0 22
0 3;4
0 1
7 #edges, tree 12
10;12;13;15;17;19 6;7;8;9;11;14;16;20
6;7;8;9;11;14;16;20 2
3;4 21
3;4 10;12;13;15;17;19
3;4 1
0 22
0 3;4
7 #edges, tree 13
10;12;13;15;17;19 6;7;8;9;11;14;16;20
6;7;8;9;11;14;16;20 2
6;7;8;9;11;14;16;20 1
3;4 21
3;4 10;12;13;15;17;19
0 22
0 3;4
7 #edges, tree 14
10;12;13;15;17;19 6;7;8;9;11;14;16;20
6;7;8;9;11;14;16;20 2
3;4 21
3;4 10;12;13;15;17;19
2 1
0 22
0 3;4
7 #edges, tree 15
6;7;8;9;11;14;16;20 21
6;7;8;9;11;14;16;20 1
3;4 10;12;13;15;17;19
3;4 6;7;8;9;11;14;16;20
0 22
0 3;4
0 2
7 #edges, tree 16
21 1
6;7;8;9;11;14;16;20 21
3;4 10;12;13;15;17;19
3;4 6;7;8;9;11;14;16;20
0 22
0 3;4
0 2
7 #edges, tree 17
0 2
0 3;4
0 22
3;4 6;7;8;9;11;14;16;20
3;4 10;12;13;15;17;19
6;7;8;9;11;14;16;20 21
10;12;13;15;17;19 1
7 #edges, tree 18
0 2
0 3;4
0 22
2 1
3;4 6;7;8;9;11;14;16;20
3;4 10;12;13;15;17;19
6;7;8;9;11;14;16;20 21
7 #edges, tree 19
0 2
0 3;4
0 22
3;4 6;7;8;9;11;14;16;20
3;4 10;12;13;15;17;19
10;12;13;15;17;19 21
21 1
7 #edges, tree 20
0 2
0 3;4
0 22
3;4 6;7;8;9;11;14;16;20
3;4 10;12;13;15;17;19
6;7;8;9;11;14;16;20 1
10;12;13;15;17;19 21
7 #edges, tree 21
0 2
0 3;4
0 22
2 1
3;4 6;7;8;9;11;14;16;20
3;4 10;12;13;15;17;19
10;12;13;15;17;19 21
7 #edges, tree 22
0 2
0 3;4
0 22
3;4 6;7;8;9;11;14;16;20
3;4 10;12;13;15;17;19
10;12;13;15;17;19 1
10;12;13;15;17;19 21
7 #edges, tree 23
0 2
0 3;4
0 22
3;4 1
3;4 10;12;13;15;17;19
6;7;8;9;11;14;16;20 21
10;12;13;15;17;19 6;7;8;9;11;14;16;20
7 #edges, tree 24
0 2
0 3;4
0 22
2 1
3;4 10;12;13;15;17;19
6;7;8;9;11;14;16;20 21
10;12;13;15;17;19 6;7;8;9;11;14;16;20
7 #edges, tree 25
0 2
0 3;4
0 22
3;4 10;12;13;15;17;19
6;7;8;9;11;14;16;20 1
6;7;8;9;11;14;16;20 21
10;12;13;15;17;19 6;7;8;9;11;14;16;20
7 #edges, tree 26
0 2
0 3;4
0 22
3;4 10;12;13;15;17;19
6;7;8;9;11;14;16;20 21
10;12;13;15;17;19 6;7;8;9;11;14;16;20
21 1
7 #edges, tree 27
0 3;4
0 22
2 1
3;4 2
3;4 10;12;13;15;17;19
6;7;8;9;11;14;16;20 21
10;12;13;15;17;19 6;7;8;9;11;14;16;20
7 #edges, tree 28
0 3;4
0 22
3;4 2
3;4 10;12;13;15;17;19
6;7;8;9;11;14;16;20 1
6;7;8;9;11;14;16;20 21
10;12;13;15;17;19 6;7;8;9;11;14;16;20
7 #edges, tree 29
0 3;4
0 22
3;4 1
3;4 2
3;4 10;12;13;15;17;19
6;7;8;9;11;14;16;20 21
10;12;13;15;17;19 6;7;8;9;11;14;16;20
7 #edges, tree 30
0 3;4
0 22
3;4 2
3;4 10;12;13;15;17;19
6;7;8;9;11;14;16;20 21
10;12;13;15;17;19 6;7;8;9;11;14;16;20
21 1
7 #edges, tree 31
0 1
0 3;4
0 22
3;4 2
3;4 10;12;13;15;17;19
6;7;8;9;11;14;16;20 21
10;12;13;15;17;19 6;7;8;9;11;14;16;20
7 #edges, tree 32
0 3;4
0 22
3;4 6;7;8;9;11;14;16;20
3;4 10;12;13;15;17;19
6;7;8;9;11;14;16;20 2
10;12;13;15;17;19 21
21 1
7 #edges, tree 33
10;12;13;15;17;19 21
10;12;13;15;17;19 1
6;7;8;9;11;14;16;20 2
3;4 10;12;13;15;17;19
3;4 6;7;8;9;11;14;16;20
0 22
0 3;4
7 #edges, tree 34
10;12;13;15;17;19 21
6;7;8;9;11;14;16;20 2
6;7;8;9;11;14;16;20 1
3;4 10;12;13;15;17;19
3;4 6;7;8;9;11;14;16;20
0 22
0 3;4
7 #edges, tree 35
10;12;13;15;17;19 21
6;7;8;9;11;14;16;20 2
3;4 10;12;13;15;17;19
3;4 6;7;8;9;11;14;16;20
0 22
0 3;4
0 1
7 #edges, tree 36
10;12;13;15;17;19 21
6;7;8;9;11;14;16;20 2
3;4 10;12;13;15;17;19
3;4 6;7;8;9;11;14;16;20
2 1
0 22
0 3;4
7 #edges, tree 37
21 2
10;12;13;15;17;19 21
10;12;13;15;17;19 1
3;4 10;12;13;15;17;19
3;4 6;7;8;9;11;14;16;20
0 22
0 3;4
7 #edges, tree 38
10;12;13;15;17;19 2
10;12;13;15;17;19 1
6;7;8;9;11;14;16;20 21
3;4 10;12;13;15;17;19
3;4 6;7;8;9;11;14;16;20
0 22
0 3;4
7 #edges, tree 39
21 2
10;12;13;15;17;19 1
6;7;8;9;11;14;16;20 21
3;4 10;12;13;15;17;19
3;4 6;7;8;9;11;14;16;20
0 22
0 3;4
7 #edges, tree 40
21 1
10;12;13;15;17;19 21
10;12;13;15;17;19 2
3;4 10;12;13;15;17;19
3;4 6;7;8;9;11;14;16;20
0 22
0 3;4
7 #edges, tree 41
21 2
21 1
10;12;13;15;17;19 21
3;4 10;12;13;15;17;19
3;4 6;7;8;9;11;14;16;20
0 22
0 3;4
7 #edges, tree 42
21 2
10;12;13;15;17;19 21
3;4 10;12;13;15;17;19
3;4 6;7;8;9;11;14;16;20
2 1
0 22
0 3;4
7 #edges, tree 43
21 2
10;12;13;15;17;19 21
3;4 10;12;13;15;17;19
3;4 6;7;8;9;11;14;16;20
0 22
0 3;4
0 1
7 #edges, tree 44
21 2
10;12;13;15;17;19 21
6;7;8;9;11;14;16;20 1
3;4 10;12;13;15;17;19
3;4 6;7;8;9;11;14;16;20
0 22
0 3;4
7 #edges, tree 45
10;12;13;15;17;19 21
10;12;13;15;17;19 2
3;4 10;12;13;15;17;19
3;4 6;7;8;9;11;14;16;20
0 22
0 3;4
0 1
7 #edges, tree 46
10;12;13;15;17;19 21
10;12;13;15;17;19 2
6;7;8;9;11;14;16;20 1
3;4 10;12;13;15;17;19
3;4 6;7;8;9;11;14;16;20
0 22
0 3;4
7 #edges, tree 47
10;12;13;15;17;19 21
10;12;13;15;17;19 2
3;4 10;12;13;15;17;19
3;4 6;7;8;9;11;14;16;20
2 1
0 22
0 3;4
7 #edges, tree 48
10;12;13;15;17;19 2
6;7;8;9;11;14;16;20 21
3;4 10;12;13;15;17;19
3;4 6;7;8;9;11;14;16;20
0 22
0 3;4
0 1
7 #edges, tree 49
21 2
6;7;8;9;11;14;16;20 21
3;4 10;12;13;15;17;19
3;4 6;7;8;9;11;14;16;20
0 22
0 3;4
0 1
7 #edges, tree 50
21 2
21 1
6;7;8;9;11;14;16;20 21
3;4 10;12;13;15;17;19
3;4 6;7;8;9;11;14;16;20
0 22
0 3;4
7 #edges, tree 51
21 2
6;7;8;9;11;14;16;20 21
6;7;8;9;11;14;16;20 1
3;4 10;12;13;15;17;19
3;4 6;7;8;9;11;14;16;20
0 22
0 3;4
7 #edges, tree 52
21 2
6;7;8;9;11;14;16;20 21
3;4 10;12;13;15;17;19
3;4 6;7;8;9;11;14;16;20
2 1
0 22
0 3;4
7 #edges, tree 53
10;12;13;15;17;19 2
6;7;8;9;11;14;16;20 21
6;7;8;9;11;14;16;20 1
3;4 10;12;13;15;17;19
3;4 6;7;8;9;11;14;16;20
0 22
0 3;4
7 #edges, tree 54
21 1
10;12;13;15;17;19 2
6;7;8;9;11;14;16;20 21
3;4 10;12;13;15;17;19
3;4 6;7;8;9;11;14;16;20
0 22
0 3;4
7 #edges, tree 55
10;12;13;15;17;19 2
6;7;8;9;11;14;16;20 21
3;4 10;12;13;15;17;19
3;4 6;7;8;9;11;14;16;20
2 1
0 22
0 3;4
7 #edges, tree 56
21 2
10;12;13;15;17;19 6;7;8;9;11;14;16;20
6;7;8;9;11;14;16;20 21
6;7;8;9;11;14;16;20 1
3;4 10;12;13;15;17;19
0 22
0 3;4
7 #edges, tree 57
21 2
10;12;13;15;17;19 6;7;8;9;11;14;16;20
6;7;8;9;11;14;16;20 21
3;4 10;12;13;15;17;19
0 22
0 3;4
0 1
7 #edges, tree 58
21 2
10;12;13;15;17;19 6;7;8;9;11;14;16;20
6;7;8;9;11;14;16;20 21
3;4 10;12;13;15;17;19
3;4 1
0 22
0 3;4
7 #edges, tree 59
21 2
21 1
10;12;13;15;17;19 6;7;8;9;11;14;16;20
6;7;8;9;11;14;16;20 21
3;4 10;12;13;15;17;19
0 22
0 3;4
7 #edges, tree 60
21 2
10;12;13;15;17;19 6;7;8;9;11;14;16;20
6;7;8;9;11;14;16;20 21
3;4 10;12;13;15;17;19
2 1
0 22
0 3;4
7 #edges, tree 61
10;12;13;15;17;19 6;7;8;9;11;14;16;20
3;4 21
3;4 10;12;13;15;17;19
3;4 22
0 3;4
0 2
0 1
7 #edges, tree 62
21 2
10;12;13;15;17;19 6;7;8;9;11;14;16;20
3;4 21
3;4 10;12;13;15;17;19
3;4 22
0 3;4
0 1
7 #edges, tree 63
10;12;13;15;17;19 6;7;8;9;11;14;16;20
6;7;8;9;11;14;16;20 2
3;4 21
3;4 10;12;13;15;17;19
3;4 22
0 3;4
0 1
7 #edges, tree 64
10;12;13;15;17;19 6;7;8;9;11;14;16;20
3;4 21
3;4 10;12;13;15;17;19
2 22
0 3;4
0 2
0 1
7 #edges, tree 65
0 1
0 2
0 3;4
3;4 10;12;13;15;17;19
3;4 21
10;12;13;15;17;19 6;7;8;9;11;14;16;20
21 22
7 #edges, tree 66
0 1
0 2
0 3;4
1 22
3;4 10;12;13;15;17;19
3;4 21
10;12;13;15;17;19 6;7;8;9;11;14;16;20
7 #edges, tree 67
0 1
0 2
0 3;4
3;4 10;12;13;15;17;19
3;4 21
6;7;8;9;11;14;16;20 22
10;12;13;15;17;19 6;7;8;9;11;14;16;20
7 #edges, tree 68
0 1
0 3;4
1 22
3;4 10;12;13;15;17;19
3;4 21
10;12;13;15;17;19 6;7;8;9;11;14;16;20
21 2
7 #edges, tree 69
0 1
0 3;4
1 22
3;4 10;12;13;15;17;19
3;4 21
6;7;8;9;11;14;16;20 2
10;12;13;15;17;19 6;7;8;9;11;14;16;20
7 #edges, tree 70
0 1
0 3;4
3;4 10;12;13;15;17;19
3;4 21
10;12;13;15;17;19 6;7;8;9;11;14;16;20
21 2
21 22
7 #edges, tree 71
0 1
0 3;4
3;4 10;12;13;15;17;19
3;4 21
6;7;8;9;11;14;16;20 2
10;12;13;15;17;19 6;7;8;9;11;14;16;20
21 22
7 #edges, tree 72
0 1
0 3;4
3;4 10;12;13;15;17;19
3;4 21
6;7;8;9;11;14;16;20 22
10;12;13;15;17;19 6;7;8;9;11;14;16;20
21 2
7 #edges, tree 73
0 1
0 3;4
2 22
3;4 10;12;13;15;17;19
3;4 21
10;12;13;15;17;19 6;7;8;9;11;14;16;20
21 2
7 #edges, tree 74
0 1
0 3;4
3;4 10;12;13;15;17;19
3;4 21
6;7;8;9;11;14;16;20 2
6;7;8;9;11;14;16;20 22
10;12;13;15;17;19 6;7;8;9;11;14;16;20
7 #edges, tree 75
0 1
0 3;4
2 22
3;4 10;12;13;15;17;19
3;4 21
6;7;8;9;11;14;16;20 2
10;12;13;15;17;19 6;7;8;9;11;14;16;20
7 #edges, tree 76
0 1
0 2
0 3;4
3;4 22
3;4 10;12;13;15;17;19
6;7;8;9;11;14;16;20 21
10;12;13;15;17;19 6;7;8;9;11;14;16;20
7 #edges, tree 77
0 1
0 3;4
3;4 2
3;4 22
3;4 10;12;13;15;17;19
6;7;8;9;11;14;16;20 21
10;12;13;15;17;19 6;7;8;9;11;14;16;20
7 #edges, tree 78
0 1
0 3;4
3;4 22
3;4 10;12;13;15;17;19
6;7;8;9;11;14;16;20 21
10;12;13;15;17;19 6;7;8;9;11;14;16;20
21 2
7 #edges, tree 79
0 1
0 2
0 3;4
1 22
3;4 6;7;8;9;11;14;16;20
3;4 10;12;13;15;17;19
10;12;13;15;17;19 21
7 #edges, tree 80
0 1
0 2
0 3;4
1 22
3;4 6;7;8;9;11;14;16;20
3;4 10;12;13;15;17;19
6;7;8;9;11;14;16;20 21
7 #edges, tree 81
0 1
0 2
0 3;4
1 22
3;4 10;12;13;15;17;19
6;7;8;9;11;14;16;20 21
10;12;13;15;17;19 6;7;8;9;11;14;16;20
7 #edges, tree 82
0 1
0 3;4
1 22
3;4 6;7;8;9;11;14;16;20
3;4 10;12;13;15;17;19
6;7;8;9;11;14;16;20 2
10;12;13;15;17;19 21
7 #edges, tree 83
0 1
0 3;4
1 22
3;4 6;7;8;9;11;14;16;20
3;4 10;12;13;15;17;19
10;12;13;15;17;19 2
10;12;13;15;17;19 21
7 #edges, tree 84
0 1
0 3;4
1 22
3;4 6;7;8;9;11;14;16;20
3;4 10;12;13;15;17;19
10;12;13;15;17;19 21
21 2
7 #edges, tree 85
0 1
0 3;4
1 22
3;4 6;7;8;9;11;14;16;20
3;4 10;12;13;15;17;19
6;7;8;9;11;14;16;20 21
10;12;13;15;17;19 2
7 #edges, tree 86
0 1
0 3;4
1 22
3;4 6;7;8;9;11;14;16;20
3;4 10;12;13;15;17;19
6;7;8;9;11;14;16;20 21
21 2
7 #edges, tree 87
0 1
0 3;4
1 22
3;4 2
3;4 10;12;13;15;17;19
6;7;8;9;11;14;16;20 21
10;12;13;15;17;19 6;7;8;9;11;14;16;20
7 #edges, tree 88
0 1
0 3;4
1 22
3;4 10;12;13;15;17;19
6;7;8;9;11;14;16;20 21
10;12;13;15;17;19 6;7;8;9;11;14;16;20
21 2
7 #edges, tree 89
0 1
0 3;4
2 22
3;4 2
3;4 10;12;13;15;17;19
6;7;8;9;11;14;16;20 21
10;12;13;15;17;19 6;7;8;9;11;14;16;20
7 #edges, tree 90
0 1
0 3;4
3;4 2
3;4 10;12;13;15;17;19
6;7;8;9;11;14;16;20 22
6;7;8;9;11;14;16;20 21
10;12;13;15;17;19 6;7;8;9;11;14;16;20
7 #edges, tree 91
0 1
0 3;4
3;4 2
3;4 10;12;13;15;17;19
6;7;8;9;11;14;16;20 21
10;12;13;15;17;19 6;7;8;9;11;14;16;20
21 22
7 #edges, tree 92
0 1
0 3;4
3;4 6;7;8;9;11;14;16;20
3;4 10;12;13;15;17;19
6;7;8;9;11;14;16;20 22
6;7;8;9;11;14;16;20 21
21 2
7 #edges, tree 93
0 1
0 2
0 3;4
3;4 6;7;8;9;11;14;16;20
3;4 10;12;13;15;17;19
6;7;8;9;11;14;16;20 22
6;7;8;9;11;14;16;20 21
7 #edges, tree 94
0 1
0 3;4
3;4 6;7;8;9;11;14;16;20
3;4 10;12;13;15;17;19
6;7;8;9;11;14;16;20 22
6;7;8;9;11;14;16;20 21
10;12;13;15;17;19 2
7 #edges, tree 95
0 1
0 3;4
2 22
3;4 6;7;8;9;11;14;16;20
3;4 10;12;13;15;17;19
6;7;8;9;11;14;16;20 21
21 2
7 #edges, tree 96
0 1
0 3;4
3;4 6;7;8;9;11;14;16;20
3;4 10;12;13;15;17;19
6;7;8;9;11;14;16;20 21
21 2
21 22
7 #edges, tree 97
0 1
0 3;4
3;4 6;7;8;9;11;14;16;20
3;4 10;12;13;15;17;19
6;7;8;9;11;14;16;20 21
10;12;13;15;17;19 22
21 2
7 #edges, tree 98
0 1
0 3;4
3;4 6;7;8;9;11;14;16;20
3;4 10;12;13;15;17;19
6;7;8;9;11;14;16;20 21
10;12;13;15;17;19 2
21 22
7 #edges, tree 99
0 1
0 3;4
2 22
3;4 6;7;8;9;11;14;16;20
3;4 10;12;13;15;17;19
6;7;8;9;11;14;16;20 21
10;12;13;15;17;19 2
7 #edges, tree 100
0 1
0 3;4
3;4 6;7;8;9;11;14;16;20
3;4 10;12;13;15;17;19
6;7;8;9;11;14;16;20 21
10;12;13;15;17;19 2
10;12;13;15;17;19 22
7 #edges, tree 101
0 1
0 2
0 3;4
2 22
3;4 6;7;8;9;11;14;16;20
3;4 10;12;13;15;17;19
6;7;8;9;11;14;16;20 21
7 #edges, tree 102
0 1
0 2
0 3;4
3;4 6;7;8;9;11;14;16;20
3;4 10;12;13;15;17;19
6;7;8;9;11;14;16;20 21
21 22
7 #edges, tree 103
0 1
0 2
0 3;4
3;4 6;7;8;9;11;14;16;20
3;4 10;12;13;15;17;19
6;7;8;9;11;14;16;20 21
10;12;13;15;17;19 22
7 #edges, tree 104
0 1
0 3;4
3;4 6;7;8;9;11;14;16;20
3;4 10;12;13;15;17;19
6;7;8;9;11;14;16;20 2
10;12;13;15;17;19 22
10;12;13;15;17;19 21
7 #edges, tree 105
0 1
0 2
0 3;4
3;4 6;7;8;9;11;14;16;20
3;4 10;12;13;15;17;19
10;12;13;15;17;19 22
10;12;13;15;17;19 21
7 #edges, tree 106
0 1
0 3;4
3;4 6;7;8;9;11;14;16;20
3;4 10;12;13;15;17;19
10;12;13;15;17;19 22
10;12;13;15;17;19 21
21 2
7 #edges, tree 107
0 1
0 3;4
3;4 6;7;8;9;11;14;16;20
3;4 10;12;13;15;17;19
6;7;8;9;11;14;16;20 22
10;12;13;15;17;19 2
10;12;13;15;17;19 21
7 #edges, tree 108
0 1
0 2
0 3;4
3;4 6;7;8;9;11;14;16;20
3;4 10;12;13;15;17;19
6;7;8;9;11;14;16;20 22
10;12;13;15;17;19 21
7 #edges, tree 109
0 1
0 3;4
3;4 6;7;8;9;11;14;16;20
3;4 10;12;13;15;17;19
6;7;8;9;11;14;16;20 2
6;7;8;9;11;14;16;20 22
10;12;13;15;17;19 21
7 #edges, tree 110
0 1
0 3;4
3;4 6;7;8;9;11;14;16;20
3;4 10;12;13;15;17;19
6;7;8;9;11;14;16;20 22
10;12;13;15;17;19 21
21 2
7 #edges, tree 111
0 1
0 3;4
2 22
3;4 6;7;8;9;11;14;16;20
3;4 10;12;13;15;17;19
10;12;13;15;17;19 2
10;12;13;15;17;19 21
7 #edges, tree 112
0 1
0 3;4
3;4 6;7;8;9;11;14;16;20
3;4 10;12;13;15;17;19
10;12;13;15;17;19 2
10;12;13;15;17;19 21
21 22
7 #edges, tree 113
0 1
0 3;4
2 22
3;4 6;7;8;9;11;14;16;20
3;4 10;12;13;15;17;19
6;7;8;9;11;14;16;20 2
10;12;13;15;17;19 21
7 #edges, tree 114
0 1
0 3;4
3;4 6;7;8;9;11;14;16;20
3;4 10;12;13;15;17;19
6;7;8;9;11;14;16;20 2
10;12;13;15;17;19 21
21 22
7 #edges, tree 115
0 1
0 2
0 3;4
2 22
3;4 6;7;8;9;11;14;16;20
3;4 10;12;13;15;17;19
10;12;13;15;17;19 21
7 #edges, tree 116
0 1
0 2
0 3;4
3;4 6;7;8;9;11;14;16;20
3;4 10;12;13;15;17;19
10;12;13;15;17;19 21
21 22
7 #edges, tree 117
0 1
0 3;4
3;4 6;7;8;9;11;14;16;20
3;4 10;12;13;15;17;19
10;12;13;15;17;19 21
21 2
21 22
7 #edges, tree 118
0 1
0 3;4
2 22
3;4 6;7;8;9;11;14;16;20
3;4 10;12;13;15;17;19
10;12;13;15;17;19 21
21 2
7 #edges, tree 119
0 1
0 2
0 3;4
2 22
3;4 10;12;13;15;17;19
6;7;8;9;11;14;16;20 21
10;12;13;15;17;19 6;7;8;9;11;14;16;20
7 #edges, tree 120
0 1
0 2
0 3;4
3;4 10;12;13;15;17;19
6;7;8;9;11;14;16;20 21
10;12;13;15;17;19 6;7;8;9;11;14;16;20
21 22
7 #edges, tree 121
0 1
0 2
0 3;4
3;4 10;12;13;15;17;19
6;7;8;9;11;14;16;20 22
6;7;8;9;11;14;16;20 21
10;12;13;15;17;19 6;7;8;9;11;14;16;20
7 #edges, tree 122
0 1
0 3;4
3;4 10;12;13;15;17;19
6;7;8;9;11;14;16;20 22
6;7;8;9;11;14;16;20 21
10;12;13;15;17;19 6;7;8;9;11;14;16;20
21 2
7 #edges, tree 123
0 1
0 3;4
3;4 10;12;13;15;17;19
6;7;8;9;11;14;16;20 21
10;12;13;15;17;19 6;7;8;9;11;14;16;20
21 2
21 22
7 #edges, tree 124
0 1
0 3;4
2 22
3;4 10;12;13;15;17;19
6;7;8;9;11;14;16;20 21
10;12;13;15;17;19 6;7;8;9;11;14;16;20
21 2
7 #edges, tree 125
0 2
0 3;4
2 22
3;4 10;12;13;15;17;19
3;4 21
10;12;13;15;17;19 6;7;8;9;11;14;16;20
21 1
7 #edges, tree 126
0 2
0 3;4
2 22
3;4 1
3;4 10;12;13;15;17;19
3;4 21
10;12;13;15;17;19 6;7;8;9;11;14;16;20
7 #edges, tree 127
0 2
0 3;4
2 22
3;4 10;12;13;15;17;19
3;4 21
6;7;8;9;11;14;16;20 1
10;12;13;15;17;19 6;7;8;9;11;14;16;20
7 #edges, tree 128
0 2
0 3;4
2 22
3;4 1
3;4 10;12;13;15;17;19
6;7;8;9;11;14;16;20 21
10;12;13;15;17;19 6;7;8;9;11;14;16;20
7 #edges, tree 129
6;7;8;9;11;14;16;20 21
6;7;8;9;11;14;16;20 1
3;4 10;12;13;15;17;19
3;4 6;7;8;9;11;14;16;20
2 22
0 3;4
0 2
7 #edges, tree 130
10;12;13;15;17;19 21
6;7;8;9;11;14;16;20 1
3;4 10;12;13;15;17;19
3;4 6;7;8;9;11;14;16;20
2 22
0 3;4
0 2
7 #edges, tree 131
21 1
6;7;8;9;11;14;16;20 21
3;4 10;12;13;15;17;19
3;4 6;7;8;9;11;14;16;20
2 22
0 3;4
0 2
7 #edges, tree 132
10;12;13;15;17;19 1
6;7;8;9;11;14;16;20 21
3;4 10;12;13;15;17;19
3;4 6;7;8;9;11;14;16;20
2 22
0 3;4
0 2
7 #edges, tree 133
10;12;13;15;17;19 21
10;12;13;15;17;19 1
3;4 10;12;13;15;17;19
3;4 6;7;8;9;11;14;16;20
2 22
0 3;4
0 2
7 #edges, tree 134
21 1
10;12;13;15;17;19 21
3;4 10;12;13;15;17;19
3;4 6;7;8;9;11;14;16;20
2 22
0 3;4
0 2
7 #edges, tree 135
10;12;13;15;17;19 6;7;8;9;11;14;16;20
6;7;8;9;11;14;16;20 21
6;7;8;9;11;14;16;20 1
3;4 10;12;13;15;17;19
2 22
0 3;4
0 2
7 #edges, tree 136
21 1
10;12;13;15;17;19 6;7;8;9;11;14;16;20
6;7;8;9;11;14;16;20 21
3;4 10;12;13;15;17;19
2 22
0 3;4
0 2
7 #edges, tree 137
10;12;13;15;17;19 6;7;8;9;11;14;16;20
6;7;8;9;11;14;16;20 21
3;4 10;12;13;15;17;19
3;4 22
3;4 1
0 3;4
0 2
7 #edges, tree 138
10;12;13;15;17;19 6;7;8;9;11;14;16;20
3;4 21
3;4 10;12;13;15;17;19
3;4 22
2 1
0 3;4
0 2
7 #edges, tree 139
10;12;13;15;17;19 6;7;8;9;11;14;16;20
6;7;8;9;11;14;16;20 21
3;4 10;12;13;15;17;19
3;4 22
2 1
0 3;4
0 2
7 #edges, tree 140
21 1
10;12;13;15;17;19 6;7;8;9;11;14;16;20
3;4 21
3;4 10;12;13;15;17;19
3;4 22
0 3;4
0 2
7 #edges, tree 141
10;12;13;15;17;19 6;7;8;9;11;14;16;20
6;7;8;9;11;14;16;20 1
3;4 21
3;4 10;12;13;15;17;19
3;4 22
0 3;4
0 2
7 #edges, tree 142
10;12;13;15;17;19 6;7;8;9;11;14;16;20
6;7;8;9;11;14;16;20 21
6;7;8;9;11;14;16;20 1
3;4 10;12;13;15;17;19
3;4 22
0 3;4
0 2
7 #edges, tree 143
21 1
10;12;13;15;17;19 6;7;8;9;11;14;16;20
6;7;8;9;11;14;16;20 21
3;4 10;12;13;15;17;19
3;4 22
0 3;4
0 2
7 #edges, tree 144
6;7;8;9;11;14;16;20 21
6;7;8;9;11;14;16;20 22
3;4 10;12;13;15;17;19
3;4 6;7;8;9;11;14;16;20
2 1
0 3;4
0 2
7 #edges, tree 145
10;12;13;15;17;19 21
6;7;8;9;11;14;16;20 22
3;4 10;12;13;15;17;19
3;4 6;7;8;9;11;14;16;20
2 1
0 3;4
0 2
7 #edges, tree 146
21 22
6;7;8;9;11;14;16;20 21
3;4 10;12;13;15;17;19
3;4 6;7;8;9;11;14;16;20
2 1
0 3;4
0 2
7 #edges, tree 147
6;7;8;9;11;14;16;20 21
3;4 10;12;13;15;17;19
3;4 6;7;8;9;11;14;16;20
2 1
1 22
0 3;4
0 2
7 #edges, tree 148
10;12;13;15;17;19 22
6;7;8;9;11;14;16;20 21
3;4 10;12;13;15;17;19
3;4 6;7;8;9;11;14;16;20
2 1
0 3;4
0 2
7 #edges, tree 149
10;12;13;15;17;19 21
3;4 10;12;13;15;17;19
3;4 6;7;8;9;11;14;16;20
2 1
1 22
0 3;4
0 2
7 #edges, tree 150
10;12;13;15;17;19 21
10;12;13;15;17;19 22
3;4 10;12;13;15;17;19
3;4 6;7;8;9;11;14;16;20
2 1
0 3;4
0 2
7 #edges, tree 151
21 22
10;12;13;15;17;19 21
3;4 10;12;13;15;17;19
3;4 6;7;8;9;11;14;16;20
2 1
0 3;4
0 2
7 #edges, tree 152
10;12;13;15;17;19 6;7;8;9;11;14;16;20
3;4 21
3;4 10;12;13;15;17;19
2 1
1 22
0 3;4
0 2
7 #edges, tree 153
10;12;13;15;17;19 6;7;8;9;11;14;16;20
6;7;8;9;11;14;16;20 21
3;4 10;12;13;15;17;19
2 1
1 22
0 3;4
0 2
7 #edges, tree 154
10;12;13;15;17;19 6;7;8;9;11;14;16;20
6;7;8;9;11;14;16;20 21
6;7;8;9;11;14;16;20 22
3;4 10;12;13;15;17;19
2 1
0 3;4
0 2
7 #edges, tree 155
21 22
10;12;13;15;17;19 6;7;8;9;11;14;16;20
6;7;8;9;11;14;16;20 21
3;4 10;12;13;15;17;19
2 1
0 3;4
0 2
7 #edges, tree 156
21 22
10;12;13;15;17;19 6;7;8;9;11;14;16;20
3;4 21
3;4 10;12;13;15;17;19
2 1
0 3;4
0 2
7 #edges, tree 157
10;12;13;15;17;19 6;7;8;9;11;14;16;20
6;7;8;9;11;14;16;20 22
3;4 21
3;4 10;12;13;15;17;19
2 1
0 3;4
0 2
7 #edges, tree 158
10;12;13;15;17;19 21
6;7;8;9;11;14;16;20 22
6;7;8;9;11;14;16;20 1
3;4 10;12;13;15;17;19
3;4 6;7;8;9;11;14;16;20
0 3;4
0 2
7 #edges, tree 159
10;12;13;15;17;19 21
10;12;13;15;17;19 22
6;7;8;9;11;14;16;20 1
3;4 10;12;13;15;17;19
3;4 6;7;8;9;11;14;16;20
0 3;4
0 2
7 #edges, tree 160
10;12;13;15;17;19 22
6;7;8;9;11;14;16;20 21
6;7;8;9;11;14;16;20 1
3;4 10;12;13;15;17;19
3;4 6;7;8;9;11;14;16;20
0 3;4
0 2
7 #edges, tree 161
10;12;13;15;17;19 21
6;7;8;9;11;14;16;20 1
3;4 10;12;13;15;17;19
3;4 6;7;8;9;11;14;16;20
1 22
0 3;4
0 2
7 #edges, tree 162
6;7;8;9;11;14;16;20 21
6;7;8;9;11;14;16;20 1
3;4 10;12;13;15;17;19
3;4 6;7;8;9;11;14;16;20
1 22
0 3;4
0 2
7 #edges, tree 163
21 22
6;7;8;9;11;14;16;20 21
6;7;8;9;11;14;16;20 1
3;4 10;12;13;15;17;19
3;4 6;7;8;9;11;14;16;20
0 3;4
0 2
7 #edges, tree 164
21 22
10;12;13;15;17;19 21
6;7;8;9;11;14;16;20 1
3;4 10;12;13;15;17;19
3;4 6;7;8;9;11;14;16;20
0 3;4
0 2
7 #edges, tree 165
10;12;13;15;17;19 21
10;12;13;15;17;19 1
3;4 10;12;13;15;17;19
3;4 6;7;8;9;11;14;16;20
1 22
0 3;4
0 2
7 #edges, tree 166
10;12;13;15;17;19 1
6;7;8;9;11;14;16;20 21
3;4 10;12;13;15;17;19
3;4 6;7;8;9;11;14;16;20
1 22
0 3;4
0 2
7 #edges, tree 167
10;12;13;15;17;19 1
6;7;8;9;11;14;16;20 21
6;7;8;9;11;14;16;20 22
3;4 10;12;13;15;17;19
3;4 6;7;8;9;11;14;16;20
0 3;4
0 2
7 #edges, tree 168
10;12;13;15;17;19 22
10;12;13;15;17;19 1
6;7;8;9;11;14;16;20 21
3;4 10;12;13;15;17;19
3;4 6;7;8;9;11;14;16;20
0 3;4
0 2
7 #edges, tree 169
21 22
10;12;13;15;17;19 1
6;7;8;9;11;14;16;20 21
3;4 10;12;13;15;17;19
3;4 6;7;8;9;11;14;16;20
0 3;4
0 2
7 #edges, tree 170
10;12;13;15;17;19 21
10;12;13;15;17;19 1
6;7;8;9;11;14;16;20 22
3;4 10;12;13;15;17;19
3;4 6;7;8;9;11;14;16;20
0 3;4
0 2
7 #edges, tree 171
10;12;13;15;17;19 21
10;12;13;15;17;19 22
10;12;13;15;17;19 1
3;4 10;12;13;15;17;19
3;4 6;7;8;9;11;14;16;20
0 3;4
0 2
7 #edges, tree 172
21 22
10;12;13;15;17;19 21
10;12;13;15;17;19 1
3;4 10;12;13;15;17;19
3;4 6;7;8;9;11;14;16;20
0 3;4
0 2
7 #edges, tree 173
21 1
10;12;13;15;17;19 22
6;7;8;9;11;14;16;20 21
3;4 10;12;13;15;17;19
3;4 6;7;8;9;11;14;16;20
0 3;4
0 2
7 #edges, tree 174
21 1
6;7;8;9;11;14;16;20 21
6;7;8;9;11;14;16;20 22
3;4 10;12;13;15;17;19
3;4 6;7;8;9;11;14;16;20
0 3;4
0 2
7 #edges, tree 175
21 1
6;7;8;9;11;14;16;20 21
3;4 10;12;13;15;17;19
3;4 6;7;8;9;11;14;16;20
1 22
0 3;4
0 2
7 #edges, tree 176
21 22
21 1
6;7;8;9;11;14;16;20 21
3;4 10;12;13;15;17;19
3;4 6;7;8;9;11;14;16;20
0 3;4
0 2
7 #edges, tree 177
21 22
21 1
10;12;13;15;17;19 21
3;4 10;12;13;15;17;19
3;4 6;7;8;9;11;14;16;20
0 3;4
0 2
7 #edges, tree 178
21 1
10;12;13;15;17;19 21
10;12;13;15;17;19 22
3;4 10;12;13;15;17;19
3;4 6;7;8;9;11;14;16;20
0 3;4
0 2
7 #edges, tree 179
21 1
10;12;13;15;17;19 21
3;4 10;12;13;15;17;19
3;4 6;7;8;9;11;14;16;20
1 22
0 3;4
0 2
7 #edges, tree 180
21 1
10;12;13;15;17;19 21
6;7;8;9;11;14;16;20 22
3;4 10;12;13;15;17;19
3;4 6;7;8;9;11;14;16;20
0 3;4
0 2
7 #edges, tree 181
10;12;13;15;17;19 6;7;8;9;11;14;16;20
3;4 21
3;4 10;12;13;15;17;19
3;4 1
1 22
0 3;4
0 2
7 #edges, tree 182
10;12;13;15;17;19 6;7;8;9;11;14;16;20
6;7;8;9;11;14;16;20 21
3;4 10;12;13;15;17;19
3;4 1
1 22
0 3;4
0 2
7 #edges, tree 183
10;12;13;15;17;19 6;7;8;9;11;14;16;20
6;7;8;9;11;14;16;20 21
6;7;8;9;11;14;16;20 22
3;4 10;12;13;15;17;19
3;4 1
0 3;4
0 2
7 #edges, tree 184
21 22
10;12;13;15;17;19 6;7;8;9;11;14;16;20
6;7;8;9;11;14;16;20 21
3;4 10;12;13;15;17;19
3;4 1
0 3;4
0 2
7 #edges, tree 185
10;12;13;15;17;19 6;7;8;9;11;14;16;20
6;7;8;9;11;14;16;20 22
3;4 21
3;4 10;12;13;15;17;19
3;4 1
0 3;4
0 2
7 #edges, tree 186
21 22
10;12;13;15;17;19 6;7;8;9;11;14;16;20
3;4 21
3;4 10;12;13;15;17;19
3;4 1
0 3;4
0 2
7 #edges, tree 187
21 22
21 1
10;12;13;15;17;19 6;7;8;9;11;14;16;20
3;4 21
3;4 10;12;13;15;17;19
0 3;4
0 2
7 #edges, tree 188
21 22
10;12;13;15;17;19 6;7;8;9;11;14;16;20
6;7;8;9;11;14;16;20 1
3;4 21
3;4 10;12;13;15;17;19
0 3;4
0 2
7 #edges, tree 189
21 1
10;12;13;15;17;19 6;7;8;9;11;14;16;20
6;7;8;9;11;14;16;20 22
3;4 21
3;4 10;12;13;15;17;19
0 3;4
0 2
7 #edges, tree 190
10;12;13;15;17;19 6;7;8;9;11;14;16;20
6;7;8;9;11;14;16;20 22
6;7;8;9;11;14;16;20 1
3;4 21
3;4 10;12;13;15;17;19
0 3;4
0 2
7 #edges, tree 191
21 1
10;12;13;15;17;19 6;7;8;9;11;14;16;20
3;4 21
3;4 10;12;13;15;17;19
1 22
0 3;4
0 2
7 #edges, tree 192
10;12;13;15;17;19 6;7;8;9;11;14;16;20
6;7;8;9;11;14;16;20 1
3;4 21
3;4 10;12;13;15;17;19
1 22
0 3;4
0 2
7 #edges, tree 193
21 1
10;12;13;15;17;19 6;7;8;9;11;14;16;20
6;7;8;9;11;14;16;20 21
6;7;8;9;11;14;16;20 22
3;4 10;12;13;15;17;19
0 3;4
0 2
7 #edges, tree 194
21 22
10;12;13;15;17;19 6;7;8;9;11;14;16;20
6;7;8;9;11;14;16;20 21
6;7;8;9;11;14;16;20 1
3;4 10;12;13;15;17;19
0 3;4
0 2
7 #edges, tree 195
10;12;13;15;17;19 6;7;8;9;11;14;16;20
6;7;8;9;11;14;16;20 21
6;7;8;9;11;14;16;20 1
3;4 10;12;13;15;17;19
1 22
0 3;4
0 2
7 #edges, tree 196
21 22
21 1
10;12;13;15;17;19 6;7;8;9;11;14;16;20
6;7;8;9;11;14;16;20 21
3;4 10;12;13;15;17;19
0 3;4
0 2
7 #edges, tree 197
21 1
10;12;13;15;17;19 6;7;8;9;11;14;16;20
6;7;8;9;11;14;16;20 21
3;4 10;12;13;15;17;19
1 22
0 3;4
0 2
7 #edges, tree 198
10;12;13;15;17;19 6;7;8;9;11;14;16;20
6;7;8;9;11;14;16;20 22
6;7;8;9;11;14;16;20 2
3;4 21
3;4 10;12;13;15;17;19
3;4 1
0 3;4
7 #edges, tree 199
10;12;13;15;17;19 6;7;8;9;11;14;16;20
6;7;8;9;11;14;16;20 2
3;4 21
3;4 10;12;13;15;17;19
3;4 1
1 22
0 3;4
7 #edges, tree 200
10;12;13;15;17;19 6;7;8;9;11;14;16;20
6;7;8;9;11;14;16;20 2
3;4 21
3;4 10;12;13;15;17;19
3;4 1
2 22
0 3;4
7 #edges, tree 201
21 22
10;12;13;15;17;19 6;7;8;9;11;14;16;20
6;7;8;9;11;14;16;20 2
3;4 21
3;4 10;12;13;15;17;19
3;4 1
0 3;4
7 #edges, tree 202
10;12;13;15;17;19 6;7;8;9;11;14;16;20
6;7;8;9;11;14;16;20 21
6;7;8;9;11;14;16;20 22
3;4 10;12;13;15;17;19
3;4 2
3;4 1
0 3;4
7 #edges, tree 203
10;12;13;15;17;19 6;7;8;9;11;14;16;20
6;7;8;9;11;14;16;20 21
3;4 10;12;13;15;17;19
3;4 22
3;4 2
3;4 1
0 3;4
7 #edges, tree 204
21 22
10;12;13;15;17;19 6;7;8;9;11;14;16;20
6;7;8;9;11;14;16;20 21
3;4 10;12;13;15;17;19
3;4 2
3;4 1
0 3;4
7 #edges, tree 205
10;12;13;15;17;19 6;7;8;9;11;14;16;20
6;7;8;9;11;14;16;20 21
3;4 10;12;13;15;17;19
3;4 2
3;4 1
1 22
0 3;4
7 #edges, tree 206
10;12;13;15;17;19 6;7;8;9;11;14;16;20
6;7;8;9;11;14;16;20 21
3;4 10;12;13;15;17;19
3;4 2
3;4 1
2 22
0 3;4
7 #edges, tree 207
21 2
10;12;13;15;17;19 6;7;8;9;11;14;16;20
6;7;8;9;11;14;16;20 22
3;4 21
3;4 10;12;13;15;17;19
3;4 1
0 3;4
7 #edges, tree 208
21 2
10;12;13;15;17;19 6;7;8;9;11;14;16;20
6;7;8;9;11;14;16;20 21
6;7;8;9;11;14;16;20 22
3;4 10;12;13;15;17;19
3;4 1
0 3;4
7 #edges, tree 209
21 2
10;12;13;15;17;19 6;7;8;9;11;14;16;20
3;4 21
3;4 10;12;13;15;17;19
3;4 1
1 22
0 3;4
7 #edges, tree 210
21 2
10;12;13;15;17;19 6;7;8;9;11;14;16;20
3;4 21
3;4 10;12;13;15;17;19
3;4 1
2 22
0 3;4
7 #edges, tree 211
21 22
21 2
10;12;13;15;17;19 6;7;8;9;11;14;16;20
3;4 21
3;4 10;12;13;15;17;19
3;4 1
0 3;4
7 #edges, tree 212
21 2
10;12;13;15;17;19 6;7;8;9;11;14;16;20
6;7;8;9;11;14;16;20 21
3;4 10;12;13;15;17;19
3;4 1
1 22
0 3;4
7 #edges, tree 213
21 2
10;12;13;15;17;19 6;7;8;9;11;14;16;20
6;7;8;9;11;14;16;20 21
3;4 10;12;13;15;17;19
3;4 1
2 22
0 3;4
7 #edges, tree 214
21 22
21 2
10;12;13;15;17;19 6;7;8;9;11;14;16;20
6;7;8;9;11;14;16;20 21
3;4 10;12;13;15;17;19
3;4 1
0 3;4
7 #edges, tree 215
21 2
10;12;13;15;17;19 6;7;8;9;11;14;16;20
6;7;8;9;11;14;16;20 21
3;4 10;12;13;15;17;19
3;4 22
3;4 1
0 3;4
7 #edges, tree 216
21 2
10;12;13;15;17;19 6;7;8;9;11;14;16;20
6;7;8;9;11;14;16;20 1
3;4 21
3;4 10;12;13;15;17;19
3;4 22
0 3;4
7 #edges, tree 217
21 2
10;12;13;15;17;19 6;7;8;9;11;14;16;20
3;4 21
3;4 10;12;13;15;17;19
3;4 22
2 1
0 3;4
7 #edges, tree 218
21 2
21 1
10;12;13;15;17;19 6;7;8;9;11;14;16;20
3;4 21
3;4 10;12;13;15;17;19
3;4 22
0 3;4
7 #edges, tree 219
21 1
10;12;13;15;17;19 6;7;8;9;11;14;16;20
6;7;8;9;11;14;16;20 2
3;4 21
3;4 10;12;13;15;17;19
3;4 22
0 3;4
7 #edges, tree 220
10;12;13;15;17;19 6;7;8;9;11;14;16;20
6;7;8;9;11;14;16;20 2
3;4 21
3;4 10;12;13;15;17;19
3;4 22
2 1
0 3;4
7 #edges, tree 221
10;12;13;15;17;19 6;7;8;9;11;14;16;20
6;7;8;9;11;14;16;20 2
6;7;8;9;11;14;16;20 1
3;4 21
3;4 10;12;13;15;17;19
3;4 22
0 3;4
7 #edges, tree 222
10;12;13;15;17;19 6;7;8;9;11;14;16;20
6;7;8;9;11;14;16;20 21
6;7;8;9;11;14;16;20 1
3;4 10;12;13;15;17;19
3;4 22
3;4 2
0 3;4
7 #edges, tree 223
21 2
10;12;13;15;17;19 6;7;8;9;11;14;16;20
6;7;8;9;11;14;16;20 21
6;7;8;9;11;14;16;20 1
3;4 10;12;13;15;17;19
3;4 22
0 3;4
7 #edges, tree 224
10;12;13;15;17;19 6;7;8;9;11;14;16;20
6;7;8;9;11;14;16;20 21
3;4 10;12;13;15;17;19
3;4 22
3;4 2
2 1
0 3;4
7 #edges, tree 225
21 1
10;12;13;15;17;19 6;7;8;9;11;14;16;20
6;7;8;9;11;14;16;20 21
3;4 10;12;13;15;17;19
3;4 22
3;4 2
0 3;4
7 #edges, tree 226
21 2
21 1
10;12;13;15;17;19 6;7;8;9;11;14;16;20
6;7;8;9;11;14;16;20 21
3;4 10;12;13;15;17;19
3;4 22
0 3;4
7 #edges, tree 227
21 2
10;12;13;15;17;19 6;7;8;9;11;14;16;20
6;7;8;9;11;14;16;20 21
3;4 10;12;13;15;17;19
3;4 22
2 1
0 3;4
7 #edges, tree 228
10;12;13;15;17;19 6;7;8;9;11;14;16;20
6;7;8;9;11;14;16;20 21
6;7;8;9;11;14;16;20 22
3;4 10;12;13;15;17;19
3;4 2
2 1
0 3;4
7 #edges, tree 229
10;12;13;15;17;19 6;7;8;9;11;14;16;20
6;7;8;9;11;14;16;20 21
3;4 10;12;13;15;17;19
3;4 2
2 1
1 22
0 3;4
7 #edges, tree 230
21 22
10;12;13;15;17;19 6;7;8;9;11;14;16;20
6;7;8;9;11;14;16;20 21
3;4 10;12;13;15;17;19
3;4 2
2 1
0 3;4
7 #edges, tree 231
21 1
10;12;13;15;17;19 6;7;8;9;11;14;16;20
6;7;8;9;11;14;16;20 21
3;4 10;12;13;15;17;19
3;4 2
2 22
0 3;4
7 #edges, tree 232
10;12;13;15;17;19 6;7;8;9;11;14;16;20
6;7;8;9;11;14;16;20 21
6;7;8;9;11;14;16;20 1
3;4 10;12;13;15;17;19
3;4 2
2 22
0 3;4
7 #edges, tree 233
21 1
10;12;13;15;17;19 6;7;8;9;11;14;16;20
6;7;8;9;11;14;16;20 21
6;7;8;9;11;14;16;20 22
3;4 10;12;13;15;17;19
3;4 2
0 3;4
7 #edges, tree 234
21 22
21 1
10;12;13;15;17;19 6;7;8;9;11;14;16;20
6;7;8;9;11;14;16;20 21
3;4 10;12;13;15;17;19
3;4 2
0 3;4
7 #edges, tree 235
21 1
10;12;13;15;17;19 6;7;8;9;11;14;16;20
6;7;8;9;11;14;16;20 21
3;4 10;12;13;15;17;19
3;4 2
1 22
0 3;4
7 #edges, tree 236
21 22
10;12;13;15;17;19 6;7;8;9;11;14;16;20
6;7;8;9;11;14;16;20 21
6;7;8;9;11;14;16;20 1
3;4 10;12;13;15;17;19
3;4 2
0 3;4
7 #edges, tree 237
10;12;13;15;17;19 6;7;8;9;11;14;16;20
6;7;8;9;11;14;16;20 21
6;7;8;9;11;14;16;20 1
3;4 10;12;13;15;17;19
3;4 2
1 22
0 3;4
7 #edges, tree 238
10;12;13;15;17;19 2
6;7;8;9;11;14;16;20 21
6;7;8;9;11;14;16;20 22
3;4 10;12;13;15;17;19
3;4 6;7;8;9;11;14;16;20
2 1
0 3;4
7 #edges, tree 239
10;12;13;15;17;19 21
10;12;13;15;17;19 2
6;7;8;9;11;14;16;20 22
3;4 10;12;13;15;17;19
3;4 6;7;8;9;11;14;16;20
2 1
0 3;4
7 #edges, tree 240
10;12;13;15;17;19 22
10;12;13;15;17;19 2
6;7;8;9;11;14;16;20 21
3;4 10;12;13;15;17;19
3;4 6;7;8;9;11;14;16;20
2 1
0 3;4
7 #edges, tree 241
10;12;13;15;17;19 2
6;7;8;9;11;14;16;20 21
3;4 10;12;13;15;17;19
3;4 6;7;8;9;11;14;16;20
2 1
1 22
0 3;4
7 #edges, tree 242
21 22
10;12;13;15;17;19 2
6;7;8;9;11;14;16;20 21
3;4 10;12;13;15;17;19
3;4 6;7;8;9;11;14;16;20
2 1
0 3;4
7 #edges, tree 243
10;12;13;15;17;19 21
10;12;13;15;17;19 2
3;4 10;12;13;15;17;19
3;4 6;7;8;9;11;14;16;20
2 1
1 22
0 3;4
7 #edges, tree 244
21 22
10;12;13;15;17;19 21
10;12;13;15;17;19 2
3;4 10;12;13;15;17;19
3;4 6;7;8;9;11;14;16;20
2 1
0 3;4
7 #edges, tree 245
21 1
10;12;13;15;17;19 2
6;7;8;9;11;14;16;20 21
6;7;8;9;11;14;16;20 22
3;4 10;12;13;15;17;19
3;4 6;7;8;9;11;14;16;20
0 3;4
7 #edges, tree 246
10;12;13;15;17;19 2
10;12;13;15;17;19 1
6;7;8;9;11;14;16;20 21
6;7;8;9;11;14;16;20 22
3;4 10;12;13;15;17;19
3;4 6;7;8;9;11;14;16;20
0 3;4
7 #edges, tree 247
21 1
10;12;13;15;17;19 21
10;12;13;15;17;19 2
6;7;8;9;11;14;16;20 22
3;4 10;12;13;15;17;19
3;4 6;7;8;9;11;14;16;20
0 3;4
7 #edges, tree 248
10;12;13;15;17;19 21
10;12;13;15;17;19 2
6;7;8;9;11;14;16;20 22
6;7;8;9;11;14;16;20 1
3;4 10;12;13;15;17;19
3;4 6;7;8;9;11;14;16;20
0 3;4
7 #edges, tree 249
10;12;13;15;17;19 22
10;12;13;15;17;19 2
10;12;13;15;17;19 1
6;7;8;9;11;14;16;20 21
3;4 10;12;13;15;17;19
3;4 6;7;8;9;11;14;16;20
0 3;4
7 #edges, tree 250
10;12;13;15;17;19 22
10;12;13;15;17;19 2
6;7;8;9;11;14;16;20 21
6;7;8;9;11;14;16;20 1
3;4 10;12;13;15;17;19
3;4 6;7;8;9;11;14;16;20
0 3;4
7 #edges, tree 251
21 1
10;12;13;15;17;19 22
10;12;13;15;17;19 2
6;7;8;9;11;14;16;20 21
3;4 10;12;13;15;17;19
3;4 6;7;8;9;11;14;16;20
0 3;4
7 #edges, tree 252
10;12;13;15;17;19 2
6;7;8;9;11;14;16;20 21
6;7;8;9;11;14;16;20 1
3;4 10;12;13;15;17;19
3;4 6;7;8;9;11;14;16;20
1 22
0 3;4
7 #edges, tree 253
21 22
10;12;13;15;17;19 2
6;7;8;9;11;14;16;20 21
6;7;8;9;11;14;16;20 1
3;4 10;12;13;15;17;19
3;4 6;7;8;9;11;14;16;20
0 3;4
7 #edges, tree 254
10;12;13;15;17;19 2
6;7;8;9;11;14;16;20 21
6;7;8;9;11;14;16;20 1
3;4 10;12;13;15;17;19
3;4 6;7;8;9;11;14;16;20
2 22
0 3;4
7 #edges, tree 255
21 22
10;12;13;15;17;19 21
10;12;13;15;17;19 2
6;7;8;9;11;14;16;20 1
3;4 10;12;13;15;17;19
3;4 6;7;8;9;11;14;16;20
0 3;4
7 #edges, tree 256
10;12;13;15;17;19 21
10;12;13;15;17;19 2
6;7;8;9;11;14;16;20 1
3;4 10;12;13;15;17;19
3;4 6;7;8;9;11;14;16;20
2 22
0 3;4
7 #edges, tree 257
0 3;4
1 22
3;4 6;7;8;9;11;14;16;20
3;4 10;12;13;15;17;19
6;7;8;9;11;14;16;20 1
10;12;13;15;17;19 2
10;12;13;15;17;19 21
7 #edges, tree 258
0 3;4
1 22
3;4 6;7;8;9;11;14;16;20
3;4 10;12;13;15;17;19
6;7;8;9;11;14;16;20 21
10;12;13;15;17;19 1
10;12;13;15;17;19 2
7 #edges, tree 259
0 3;4
2 22
3;4 6;7;8;9;11;14;16;20
3;4 10;12;13;15;17;19
6;7;8;9;11;14;16;20 21
10;12;13;15;17;19 1
10;12;13;15;17;19 2
7 #edges, tree 260
0 3;4
3;4 6;7;8;9;11;14;16;20
3;4 10;12;13;15;17;19
6;7;8;9;11;14;16;20 21
10;12;13;15;17;19 1
10;12;13;15;17;19 2
21 22
7 #edges, tree 261
0 3;4
2 22
3;4 6;7;8;9;11;14;16;20
3;4 10;12;13;15;17;19
6;7;8;9;11;14;16;20 21
10;12;13;15;17;19 2
21 1
7 #edges, tree 262
0 3;4
2 22
3;4 6;7;8;9;11;14;16;20
3;4 10;12;13;15;17;19
10;12;13;15;17;19 2
10;12;13;15;17;19 21
21 1
7 #edges, tree 263
0 3;4
1 22
3;4 6;7;8;9;11;14;16;20
3;4 10;12;13;15;17;19
10;12;13;15;17;19 2
10;12;13;15;17;19 21
21 1
7 #edges, tree 264
0 3;4
3;4 6;7;8;9;11;14;16;20
3;4 10;12;13;15;17;19
10;12;13;15;17;19 2
10;12;13;15;17;19 21
21 1
21 22
7 #edges, tree 265
0 3;4
3;4 6;7;8;9;11;14;16;20
3;4 10;12;13;15;17;19
6;7;8;9;11;14;16;20 21
10;12;13;15;17;19 2
21 1
21 22
7 #edges, tree 266
0 3;4
1 22
3;4 6;7;8;9;11;14;16;20
3;4 10;12;13;15;17;19
6;7;8;9;11;14;16;20 21
10;12;13;15;17;19 2
21 1
7 #edges, tree 267
0 3;4
2 22
3;4 6;7;8;9;11;14;16;20
3;4 10;12;13;15;17;19
6;7;8;9;11;14;16;20 2
10;12;13;15;17;19 1
10;12;13;15;17;19 21
7 #edges, tree 268
0 3;4
3;4 6;7;8;9;11;14;16;20
3;4 10;12;13;15;17;19
6;7;8;9;11;14;16;20 2
6;7;8;9;11;14;16;20 22
10;12;13;15;17;19 1
10;12;13;15;17;19 21
7 #edges, tree 269
0 3;4
3;4 6;7;8;9;11;14;16;20
3;4 10;12;13;15;17;19
6;7;8;9;11;14;16;20 2
10;12;13;15;17;19 1
10;12;13;15;17;19 22
10;12;13;15;17;19 21
7 #edges, tree 270
0 3;4
1 22
3;4 6;7;8;9;11;14;16;20
3;4 10;12;13;15;17;19
6;7;8;9;11;14;16;20 2
10;12;13;15;17;19 1
10;12;13;15;17;19 21
7 #edges, tree 271
0 3;4
3;4 6;7;8;9;11;14;16;20
3;4 10;12;13;15;17;19
6;7;8;9;11;14;16;20 2
10;12;13;15;17;19 1
10;12;13;15;17;19 21
21 22
7 #edges, tree 272
0 3;4
1 22
3;4 6;7;8;9;11;14;16;20
3;4 10;12;13;15;17;19
10;12;13;15;17;19 1
10;12;13;15;17;19 21
21 2
7 #edges, tree 273
0 3;4
3;4 6;7;8;9;11;14;16;20
3;4 10;12;13;15;17;19
6;7;8;9;11;14;16;20 22
10;12;13;15;17;19 1
10;12;13;15;17;19 21
21 2
7 #edges, tree 274
0 3;4
3;4 6;7;8;9;11;14;16;20
3;4 10;12;13;15;17;19
10;12;13;15;17;19 1
10;12;13;15;17;19 22
10;12;13;15;17;19 21
21 2
7 #edges, tree 275
0 3;4
3;4 6;7;8;9;11;14;16;20
3;4 10;12;13;15;17;19
10;12;13;15;17;19 1
10;12;13;15;17;19 21
21 2
21 22
7 #edges, tree 276
0 3;4
2 22
3;4 6;7;8;9;11;14;16;20
3;4 10;12;13;15;17;19
10;12;13;15;17;19 1
10;12;13;15;17;19 21
21 2
7 #edges, tree 277
0 3;4
3;4 6;7;8;9;11;14;16;20
3;4 10;12;13;15;17;19
6;7;8;9;11;14;16;20 22
6;7;8;9;11;14;16;20 21
10;12;13;15;17;19 1
21 2
7 #edges, tree 278
0 3;4
3;4 6;7;8;9;11;14;16;20
3;4 10;12;13;15;17;19
6;7;8;9;11;14;16;20 21
10;12;13;15;17;19 1
10;12;13;15;17;19 22
21 2
7 #edges, tree 279
0 3;4
1 22
3;4 6;7;8;9;11;14;16;20
3;4 10;12;13;15;17;19
6;7;8;9;11;14;16;20 21
10;12;13;15;17;19 1
21 2
7 #edges, tree 280
0 3;4
3;4 6;7;8;9;11;14;16;20
3;4 10;12;13;15;17;19
6;7;8;9;11;14;16;20 21
10;12;13;15;17;19 1
21 2
21 22
7 #edges, tree 281
0 3;4
2 22
3;4 6;7;8;9;11;14;16;20
3;4 10;12;13;15;17;19
6;7;8;9;11;14;16;20 21
10;12;13;15;17;19 1
21 2
7 #edges, tree 282
0 3;4
2 1
3;4 6;7;8;9;11;14;16;20
3;4 10;12;13;15;17;19
10;12;13;15;17;19 22
10;12;13;15;17;19 21
21 2
7 #edges, tree 283
0 3;4
1 22
2 1
3;4 6;7;8;9;11;14;16;20
3;4 10;12;13;15;17;19
10;12;13;15;17;19 21
21 2
7 #edges, tree 284
0 3;4
2 1
3;4 6;7;8;9;11;14;16;20
3;4 10;12;13;15;17;19
6;7;8;9;11;14;16;20 22
10;12;13;15;17;19 21
21 2
7 #edges, tree 285
0 3;4
2 1
3;4 6;7;8;9;11;14;16;20
3;4 10;12;13;15;17;19
10;12;13;15;17;19 21
21 2
21 22
7 #edges, tree 286
0 3;4
3;4 6;7;8;9;11;14;16;20
3;4 10;12;13;15;17;19
10;12;13;15;17;19 21
21 1
21 2
21 22
7 #edges, tree 287
0 3;4
3;4 6;7;8;9;11;14;16;20
3;4 10;12;13;15;17;19
6;7;8;9;11;14;16;20 1
10;12;13;15;17;19 21
21 2
21 22
7 #edges, tree 288
0 3;4
3;4 6;7;8;9;11;14;16;20
3;4 10;12;13;15;17;19
6;7;8;9;11;14;16;20 1
6;7;8;9;11;14;16;20 22
10;12;13;15;17;19 21
21 2
7 #edges, tree 289
0 3;4
2 22
3;4 6;7;8;9;11;14;16;20
3;4 10;12;13;15;17;19
6;7;8;9;11;14;16;20 1
10;12;13;15;17;19 21
21 2
7 #edges, tree 290
0 3;4
3;4 6;7;8;9;11;14;16;20
3;4 10;12;13;15;17;19
6;7;8;9;11;14;16;20 1
10;12;13;15;17;19 22
10;12;13;15;17;19 21
21 2
7 #edges, tree 291
0 3;4
1 22
3;4 6;7;8;9;11;14;16;20
3;4 10;12;13;15;17;19
6;7;8;9;11;14;16;20 1
10;12;13;15;17;19 21
21 2
7 #edges, tree 292
0 3;4
3;4 6;7;8;9;11;14;16;20
3;4 10;12;13;15;17;19
6;7;8;9;11;14;16;20 22
10;12;13;15;17;19 21
21 1
21 2
7 #edges, tree 293
0 3;4
3;4 6;7;8;9;11;14;16;20
3;4 10;12;13;15;17;19
10;12;13;15;17;19 22
10;12;13;15;17;19 21
21 1
21 2
7 #edges, tree 294
0 3;4
2 22
3;4 6;7;8;9;11;14;16;20
3;4 10;12;13;15;17;19
10;12;13;15;17;19 21
21 1
21 2
7 #edges, tree 295
0 3;4
1 22
3;4 6;7;8;9;11;14;16;20
3;4 10;12;13;15;17;19
10;12;13;15;17;19 21
21 1
21 2
7 #edges, tree 296
0 3;4
3;4 6;7;8;9;11;14;16;20
3;4 10;12;13;15;17;19
6;7;8;9;11;14;16;20 1
6;7;8;9;11;14;16;20 2
10;12;13;15;17;19 21
21 22
7 #edges, tree 297
0 3;4
2 1
3;4 6;7;8;9;11;14;16;20
3;4 10;12;13;15;17;19
6;7;8;9;11;14;16;20 2
10;12;13;15;17;19 21
21 22
7 #edges, tree 298
0 3;4
3;4 6;7;8;9;11;14;16;20
3;4 10;12;13;15;17;19
6;7;8;9;11;14;16;20 2
10;12;13;15;17;19 21
21 1
21 22
7 #edges, tree 299
0 3;4
3;4 6;7;8;9;11;14;16;20
3;4 10;12;13;15;17;19
6;7;8;9;11;14;16;20 2
6;7;8;9;11;14;16;20 22
10;12;13;15;17;19 21
21 1
7 #edges, tree 300
0 3;4
3;4 6;7;8;9;11;14;16;20
3;4 10;12;13;15;17;19
6;7;8;9;11;14;16;20 2
10;12;13;15;17;19 22
10;12;13;15;17;19 21
21 1
7 #edges, tree 301
0 3;4
1 22
3;4 6;7;8;9;11;14;16;20
3;4 10;12;13;15;17;19
6;7;8;9;11;14;16;20 2
10;12;13;15;17;19 21
21 1
7 #edges, tree 302
0 3;4
2 22
3;4 6;7;8;9;11;14;16;20
3;4 10;12;13;15;17;19
6;7;8;9;11;14;16;20 2
10;12;13;15;17;19 21
21 1
7 #edges, tree 303
0 3;4
3;4 6;7;8;9;11;14;16;20
3;4 10;12;13;15;17;19
6;7;8;9;11;14;16;20 1
6;7;8;9;11;14;16;20 2
10;12;13;15;17;19 22
10;12;13;15;17;19 21
7 #edges, tree 304
0 3;4
2 1
3;4 6;7;8;9;11;14;16;20
3;4 10;12;13;15;17;19
6;7;8;9;11;14;16;20 2
10;12;13;15;17;19 22
10;12;13;15;17;19 21
7 #edges, tree 305
0 3;4
1 22
2 1
3;4 6;7;8;9;11;14;16;20
3;4 10;12;13;15;17;19
6;7;8;9;11;14;16;20 2
10;12;13;15;17;19 21
7 #edges, tree 306
0 3;4
2 1
3;4 6;7;8;9;11;14;16;20
3;4 10;12;13;15;17;19
6;7;8;9;11;14;16;20 2
6;7;8;9;11;14;16;20 22
10;12;13;15;17;19 21
7 #edges, tree 307
0 3;4
2 22
3;4 6;7;8;9;11;14;16;20
3;4 10;12;13;15;17;19
6;7;8;9;11;14;16;20 1
6;7;8;9;11;14;16;20 2
10;12;13;15;17;19 21
7 #edges, tree 308
0 3;4
3;4 6;7;8;9;11;14;16;20
3;4 10;12;13;15;17;19
6;7;8;9;11;14;16;20 1
6;7;8;9;11;14;16;20 2
6;7;8;9;11;14;16;20 22
10;12;13;15;17;19 21
7 #edges, tree 309
0 3;4
1 22
3;4 6;7;8;9;11;14;16;20
3;4 10;12;13;15;17;19
6;7;8;9;11;14;16;20 1
6;7;8;9;11;14;16;20 2
10;12;13;15;17;19 21
7 #edges, tree 310
0 3;4
2 1
3;4 6;7;8;9;11;14;16;20
3;4 10;12;13;15;17;19
6;7;8;9;11;14;16;20 22
6;7;8;9;11;14;16;20 21
21 2
7 #edges, tree 311
0 3;4
3;4 6;7;8;9;11;14;16;20
3;4 10;12;13;15;17;19
6;7;8;9;11;14;16;20 22
6;7;8;9;11;14;16;20 21
21 1
21 2
7 #edges, tree 312
0 3;4
3;4 6;7;8;9;11;14;16;20
3;4 10;12;13;15;17;19
6;7;8;9;11;14;16;20 1
6;7;8;9;11;14;16;20 21
10;12;13;15;17;19 22
21 2
7 #edges, tree 313
0 3;4
3;4 6;7;8;9;11;14;16;20
3;4 10;12;13;15;17;19
6;7;8;9;11;14;16;20 1
6;7;8;9;11;14;16;20 21
21 2
21 22
7 #edges, tree 314
0 3;4
2 22
3;4 6;7;8;9;11;14;16;20
3;4 10;12;13;15;17;19
6;7;8;9;11;14;16;20 1
6;7;8;9;11;14;16;20 21
21 2
7 #edges, tree 315
0 3;4
1 22
3;4 6;7;8;9;11;14;16;20
3;4 10;12;13;15;17;19
6;7;8;9;11;14;16;20 1
6;7;8;9;11;14;16;20 21
21 2
7 #edges, tree 316
0 3;4
2 1
3;4 6;7;8;9;11;14;16;20
3;4 10;12;13;15;17;19
6;7;8;9;11;14;16;20 21
10;12;13;15;17;19 22
21 2
7 #edges, tree 317
0 3;4
3;4 6;7;8;9;11;14;16;20
3;4 10;12;13;15;17;19
6;7;8;9;11;14;16;20 21
10;12;13;15;17;19 22
21 1
21 2
7 #edges, tree 318
0 3;4
3;4 6;7;8;9;11;14;16;20
3;4 10;12;13;15;17;19
6;7;8;9;11;14;16;20 21
21 1
21 2
21 22
7 #edges, tree 319
0 3;4
2 1
3;4 6;7;8;9;11;14;16;20
3;4 10;12;13;15;17;19
6;7;8;9;11;14;16;20 21
21 2
21 22
7 #edges, tree 320
0 3;4
2 22
3;4 6;7;8;9;11;14;16;20
3;4 10;12;13;15;17;19
6;7;8;9;11;14;16;20 21
21 1
21 2
7 #edges, tree 321
0 3;4
1 22
3;4 6;7;8;9;11;14;16;20
3;4 10;12;13;15;17;19
6;7;8;9;11;14;16;20 21
21 1
21 2
7 #edges, tree 322
0 3;4
1 22
2 1
3;4 6;7;8;9;11;14;16;20
3;4 10;12;13;15;17;19
6;7;8;9;11;14;16;20 21
21 2
7 #edges, tree 323
0 3;4
1 22
3;4 10;12;13;15;17;19
3;4 21
6;7;8;9;11;14;16;20 2
10;12;13;15;17;19 6;7;8;9;11;14;16;20
21 1
7 #edges, tree 324
0 3;4
3;4 10;12;13;15;17;19
3;4 21
6;7;8;9;11;14;16;20 2
6;7;8;9;11;14;16;20 22
10;12;13;15;17;19 6;7;8;9;11;14;16;20
21 1
7 #edges, tree 325
0 3;4
3;4 10;12;13;15;17;19
3;4 21
6;7;8;9;11;14;16;20 2
10;12;13;15;17;19 6;7;8;9;11;14;16;20
21 1
21 22
7 #edges, tree 326
0 3;4
2 22
3;4 10;12;13;15;17;19
3;4 21
6;7;8;9;11;14;16;20 2
10;12;13;15;17;19 6;7;8;9;11;14;16;20
21 1
7 #edges, tree 327
0 3;4
2 22
3;4 10;12;13;15;17;19
3;4 21
6;7;8;9;11;14;16;20 1
6;7;8;9;11;14;16;20 2
10;12;13;15;17;19 6;7;8;9;11;14;16;20
7 #edges, tree 328
0 3;4
3;4 10;12;13;15;17;19
3;4 21
6;7;8;9;11;14;16;20 1
6;7;8;9;11;14;16;20 2
6;7;8;9;11;14;16;20 22
10;12;13;15;17;19 6;7;8;9;11;14;16;20
7 #edges, tree 329
0 3;4
2 1
3;4 10;12;13;15;17;19
3;4 21
6;7;8;9;11;14;16;20 2
6;7;8;9;11;14;16;20 22
10;12;13;15;17;19 6;7;8;9;11;14;16;20
7 #edges, tree 330
0 3;4
2 1
3;4 10;12;13;15;17;19
3;4 21
6;7;8;9;11;14;16;20 2
10;12;13;15;17;19 6;7;8;9;11;14;16;20
21 22
7 #edges, tree 331
0 3;4
1 22
2 1
3;4 10;12;13;15;17;19
3;4 21
6;7;8;9;11;14;16;20 2
10;12;13;15;17;19 6;7;8;9;11;14;16;20
7 #edges, tree 332
0 3;4
3;4 10;12;13;15;17;19
3;4 21
6;7;8;9;11;14;16;20 1
6;7;8;9;11;14;16;20 2
10;12;13;15;17;19 6;7;8;9;11;14;16;20
21 22
7 #edges, tree 333
0 3;4
1 22
3;4 10;12;13;15;17;19
3;4 21
6;7;8;9;11;14;16;20 1
6;7;8;9;11;14;16;20 2
10;12;13;15;17;19 6;7;8;9;11;14;16;20
7 #edges, tree 334
0 3;4
2 22
3;4 10;12;13;15;17;19
3;4 21
6;7;8;9;11;14;16;20 1
10;12;13;15;17;19 6;7;8;9;11;14;16;20
21 2
7 #edges, tree 335
0 3;4
2 22
3;4 10;12;13;15;17;19
3;4 21
10;12;13;15;17;19 6;7;8;9;11;14;16;20
21 1
21 2
7 #edges, tree 336
0 3;4
2 1
3;4 10;12;13;15;17;19
3;4 21
10;12;13;15;17;19 6;7;8;9;11;14;16;20
21 2
21 22
7 #edges, tree 337
0 3;4
3;4 10;12;13;15;17;19
3;4 21
6;7;8;9;11;14;16;20 1
10;12;13;15;17;19 6;7;8;9;11;14;16;20
21 2
21 22
7 #edges, tree 338
0 3;4
3;4 10;12;13;15;17;19
3;4 21
10;12;13;15;17;19 6;7;8;9;11;14;16;20
21 1
21 2
21 22
7 #edges, tree 339
0 3;4
3;4 10;12;13;15;17;19
3;4 21
6;7;8;9;11;14;16;20 1
6;7;8;9;11;14;16;20 22
10;12;13;15;17;19 6;7;8;9;11;14;16;20
21 2
7 #edges, tree 340
0 3;4
3;4 10;12;13;15;17;19
3;4 21
6;7;8;9;11;14;16;20 22
10;12;13;15;17;19 6;7;8;9;11;14;16;20
21 1
21 2
7 #edges, tree 341
0 3;4
2 1
3;4 10;12;13;15;17;19
3;4 21
6;7;8;9;11;14;16;20 22
10;12;13;15;17;19 6;7;8;9;11;14;16;20
21 2
7 #edges, tree 342
0 3;4
1 22
3;4 10;12;13;15;17;19
3;4 21
10;12;13;15;17;19 6;7;8;9;11;14;16;20
21 1
21 2
7 #edges, tree 343
0 3;4
1 22
2 1
3;4 10;12;13;15;17;19
3;4 21
10;12;13;15;17;19 6;7;8;9;11;14;16;20
21 2
7 #edges, tree 344
0 3;4
1 22
3;4 10;12;13;15;17;19
3;4 21
6;7;8;9;11;14;16;20 1
10;12;13;15;17;19 6;7;8;9;11;14;16;20
21 2
7 #edges, tree 345
0 3;4
3;4 10;12;13;15;17;19
6;7;8;9;11;14;16;20 22
6;7;8;9;11;14;16;20 21
10;12;13;15;17;19 6;7;8;9;11;14;16;20
21 1
21 2
7 #edges, tree 346
0 3;4
2 1
3;4 10;12;13;15;17;19
6;7;8;9;11;14;16;20 22
6;7;8;9;11;14;16;20 21
10;12;13;15;17;19 6;7;8;9;11;14;16;20
21 2
7 #edges, tree 347
0 3;4
1 22
3;4 10;12;13;15;17;19
6;7;8;9;11;14;16;20 1
6;7;8;9;11;14;16;20 21
10;12;13;15;17;19 6;7;8;9;11;14;16;20
21 2
7 #edges, tree 348
0 3;4
3;4 10;12;13;15;17;19
6;7;8;9;11;14;16;20 1
6;7;8;9;11;14;16;20 21
10;12;13;15;17;19 6;7;8;9;11;14;16;20
21 2
21 22
7 #edges, tree 349
0 3;4
2 22
3;4 10;12;13;15;17;19
6;7;8;9;11;14;16;20 1
6;7;8;9;11;14;16;20 21
10;12;13;15;17;19 6;7;8;9;11;14;16;20
21 2
7 #edges, tree 350
0 3;4
2 22
3;4 10;12;13;15;17;19
6;7;8;9;11;14;16;20 21
10;12;13;15;17;19 6;7;8;9;11;14;16;20
21 1
21 2
7 #edges, tree 351
0 3;4
1 22
3;4 10;12;13;15;17;19
6;7;8;9;11;14;16;20 21
10;12;13;15;17;19 6;7;8;9;11;14;16;20
21 1
21 2
7 #edges, tree 352
0 3;4
3;4 10;12;13;15;17;19
6;7;8;9;11;14;16;20 21
10;12;13;15;17;19 6;7;8;9;11;14;16;20
21 1
21 2
21 22
7 #edges, tree 353
0 3;4
2 1
3;4 10;12;13;15;17;19
6;7;8;9;11;14;16;20 21
10;12;13;15;17;19 6;7;8;9;11;14;16;20
21 2
21 22
7 #edges, tree 354
0 3;4
1 22
2 1
3;4 10;12;13;15;17;19
6;7;8;9;11;14;16;20 21
10;12;13;15;17;19 6;7;8;9;11;14;16;20
21 2
