34 #trees
5 #edges, tree 1
0 2
0 3;5;6;7;8;9;10;11;12;13
0 14
3;5;6;7;8;9;10;11;12;13 1
14 15
5 #edges, tree 2
3;5;6;7;8;9;10;11;12;13 1
1 15
0 14
0 3;5;6;7;8;9;10;11;12;13
0 2
5 #edges, tree 3
0 1
0 2
0 3;5;6;7;8;9;10;11;12;13
1 14
14 15
5 #edges, tree 4
0 1
0 2
0 3;5;6;7;8;9;10;11;12;13
1 14
3;5;6;7;8;9;10;11;12;13 15
5 #edges, tree 5
3;5;6;7;8;9;10;11;12;13 14
1 15
0 3;5;6;7;8;9;10;11;12;13
0 2
0 1
5 #edges, tree 6
3;5;6;7;8;9;10;11;12;13 15
3;5;6;7;8;9;10;11;12;13 14
0 3;5;6;7;8;9;10;11;12;13
0 2
0 1
5 #edges, tree 7
14 15
3;5;6;7;8;9;10;11;12;13 14
0 3;5;6;7;8;9;10;11;12;13
0 2
0 1
5 #edges, tree 8
3;5;6;7;8;9;10;11;12;13 1
1 14
0 15
0 3;5;6;7;8;9;10;11;12;13
0 2
5 #edges, tree 9
0 2
0 3;5;6;7;8;9;10;11;12;13
1 14
3;5;6;7;8;9;10;11;12;13 1
14 15
5 #edges, tree 10
0 3;5;6;7;8;9;10;11;12;13
0 15
1 14
3;5;6;7;8;9;10;11;12;13 1
15 2
5 #edges, tree 11
0 3;5;6;7;8;9;10;11;12;13
0 15
1 14
3;5;6;7;8;9;10;11;12;13 1
3;5;6;7;8;9;10;11;12;13 2
5 #edges, tree 12
0 3;5;6;7;8;9;10;11;12;13
0 15
1 14
3;5;6;7;8;9;10;11;12;13 1
14 2
5 #edges, tree 13
0 3;5;6;7;8;9;10;11;12;13
0 14
1 15
3;5;6;7;8;9;10;11;12;13 1
14 2
5 #edges, tree 14
0 3;5;6;7;8;9;10;11;12;13
0 14
3;5;6;7;8;9;10;11;12;13 1
3;5;6;7;8;9;10;11;12;13 2
14 15
5 #edges, tree 15
0 3;5;6;7;8;9;10;11;12;13
0 14
3;5;6;7;8;9;10;11;12;13 1
14 15
15 2
5 #edges, tree 16
0 3;5;6;7;8;9;10;11;12;13
0 14
1 2
3;5;6;7;8;9;10;11;12;13 1
14 15
5 #edges, tree 17
3;5;6;7;8;9;10;11;12;13 2
3;5;6;7;8;9;10;11;12;13 1
1 15
0 14
0 3;5;6;7;8;9;10;11;12;13
5 #edges, tree 18
15 2
3;5;6;7;8;9;10;11;12;13 1
1 15
0 14
0 3;5;6;7;8;9;10;11;12;13
5 #edges, tree 19
3;5;6;7;8;9;10;11;12;13 15
3;5;6;7;8;9;10;11;12;13 14
1 2
0 3;5;6;7;8;9;10;11;12;13
0 1
5 #edges, tree 20
14 15
3;5;6;7;8;9;10;11;12;13 14
1 2
0 3;5;6;7;8;9;10;11;12;13
0 1
5 #edges, tree 21
3;5;6;7;8;9;10;11;12;13 15
3;5;6;7;8;9;10;11;12;13 2
1 14
0 3;5;6;7;8;9;10;11;12;13
0 1
5 #edges, tree 22
14 15
3;5;6;7;8;9;10;11;12;13 2
1 14
0 3;5;6;7;8;9;10;11;12;13
0 1
5 #edges, tree 23
14 2
3;5;6;7;8;9;10;11;12;13 15
1 14
0 3;5;6;7;8;9;10;11;12;13
0 1
5 #edges, tree 24
15 2
14 15
1 14
0 3;5;6;7;8;9;10;11;12;13
0 1
5 #edges, tree 25
15 2
3;5;6;7;8;9;10;11;12;13 15
1 14
0 3;5;6;7;8;9;10;11;12;13
0 1
5 #edges, tree 26
15 2
14 15
3;5;6;7;8;9;10;11;12;13 14
0 3;5;6;7;8;9;10;11;12;13
0 1
5 #edges, tree 27
14 15
3;5;6;7;8;9;10;11;12;13 14
3;5;6;7;8;9;10;11;12;13 2
0 3;5;6;7;8;9;10;11;12;13
0 1
5 #edges, tree 28
15 2
3;5;6;7;8;9;10;11;12;13 15
3;5;6;7;8;9;10;11;12;13 14
0 3;5;6;7;8;9;10;11;12;13
0 1
5 #edges, tree 29
14 2
3;5;6;7;8;9;10;11;12;13 15
3;5;6;7;8;9;10;11;12;13 14
0 3;5;6;7;8;9;10;11;12;13
0 1
5 #edges, tree 30
14 2
3;5;6;7;8;9;10;11;12;13 14
1 15
0 3;5;6;7;8;9;10;11;12;13
0 1
5 #edges, tree 31
15 2
3;5;6;7;8;9;10;11;12;13 14
1 15
0 3;5;6;7;8;9;10;11;12;13
0 1
5 #edges, tree 32
3;5;6;7;8;9;10;11;12;13 14
3;5;6;7;8;9;10;11;12;13 2
1 15
0 3;5;6;7;8;9;10;11;12;13
0 1
5 #edges, tree 33
0 3;5;6;7;8;9;10;11;12;13
1 14
3;5;6;7;8;9;10;11;12;13 1
3;5;6;7;8;9;10;11;12;13 2
14 15
5 #edges, tree 34
0 3;5;6;7;8;9;10;11;12;13
1 14
3;5;6;7;8;9;10;11;12;13 1
14 15
15 2
