10 #trees
6 #edges, tree 1
0;1 2
0;1 4;6;13;17
2 3;5;7;8;12
3;5;7;8;12 14;15
3;5;7;8;12 16
3;5;7;8;12 21
6 #edges, tree 2
21 16
3;5;7;8;12 21
3;5;7;8;12 14;15
2 3;5;7;8;12
0;1 4;6;13;17
0;1 2
6 #edges, tree 3
0;1 2
0;1 4;6;13;17
2 3;5;7;8;12
3;5;7;8;12 14;15
3;5;7;8;12 21
4;6;13;17 16
6 #edges, tree 4
0;1 2
0;1 4;6;13;17
2 3;5;7;8;12
3;5;7;8;12 14;15
3;5;7;8;12 21
14;15 16
6 #edges, tree 5
4;6;13;17 21
14;15 16
3;5;7;8;12 14;15
2 3;5;7;8;12
0;1 4;6;13;17
0;1 2
6 #edges, tree 6
4;6;13;17 16
14;15 21
3;5;7;8;12 14;15
2 3;5;7;8;12
0;1 4;6;13;17
0;1 2
6 #edges, tree 7
14;15 21
3;5;7;8;12 16
3;5;7;8;12 14;15
2 3;5;7;8;12
0;1 4;6;13;17
0;1 2
6 #edges, tree 8
21 16
14;15 21
3;5;7;8;12 14;15
2 3;5;7;8;12
0;1 4;6;13;17
0;1 2
6 #edges, tree 9
0;1 2
0;1 4;6;13;17
2 3;5;7;8;12
3;5;7;8;12 14;15
3;5;7;8;12 16
4;6;13;17 21
6 #edges, tree 10
0;1 2
0;1 4;6;13;17
2 3;5;7;8;12
3;5;7;8;12 14;15
4;6;13;17 21
21 16
