93 #trees
6 #edges, tree 1
4;6;13;17 21
4;6;13;17 14;15
2 3;5;7;8;12
0;1 4;6;13;17
0;1 16
0;1 2
6 #edges, tree 2
0;1 2
0;1 16
0;1 4;6;13;17
2 3;5;7;8;12
3;5;7;8;12 14;15
4;6;13;17 21
6 #edges, tree 3
4;6;13;17 14;15
14;15 21
2 3;5;7;8;12
0;1 4;6;13;17
0;1 16
0;1 2
6 #edges, tree 4
4;6;13;17 14;15
3;5;7;8;12 21
2 3;5;7;8;12
0;1 4;6;13;17
0;1 16
0;1 2
6 #edges, tree 5
0;1 2
0;1 16
0;1 4;6;13;17
2 3;5;7;8;12
3;5;7;8;12 14;15
3;5;7;8;12 21
6 #edges, tree 6
0;1 2
0;1 16
0;1 4;6;13;17
2 3;5;7;8;12
3;5;7;8;12 14;15
14;15 21
6 #edges, tree 7
0;1 2
0;1 14;15
0;1 16
0;1 21
2 3;5;7;8;12
3;5;7;8;12 4;6;13;17
6 #edges, tree 8
0;1 2
0;1 14;15
0;1 16
2 3;5;7;8;12
3;5;7;8;12 4;6;13;17
14;15 21
6 #edges, tree 9
3;5;7;8;12 21
3;5;7;8;12 4;6;13;17
2 3;5;7;8;12
0;1 16
0;1 14;15
0;1 2
6 #edges, tree 10
4;6;13;17 21
3;5;7;8;12 4;6;13;17
2 3;5;7;8;12
0;1 16
0;1 14;15
0;1 2
6 #edges, tree 11
3;5;7;8;12 21
3;5;7;8;12 4;6;13;17
3;5;7;8;12 14;15
2 3;5;7;8;12
0;1 16
0;1 2
6 #edges, tree 12
4;6;13;17 14;15
3;5;7;8;12 21
3;5;7;8;12 4;6;13;17
2 3;5;7;8;12
0;1 16
0;1 2
6 #edges, tree 13
3;5;7;8;12 4;6;13;17
3;5;7;8;12 14;15
2 3;5;7;8;12
0;1 21
0;1 16
0;1 2
6 #edges, tree 14
4;6;13;17 21
3;5;7;8;12 4;6;13;17
3;5;7;8;12 14;15
2 3;5;7;8;12
0;1 16
0;1 2
6 #edges, tree 15
14;15 21
3;5;7;8;12 4;6;13;17
3;5;7;8;12 14;15
2 3;5;7;8;12
0;1 16
0;1 2
6 #edges, tree 16
4;6;13;17 14;15
3;5;7;8;12 4;6;13;17
2 3;5;7;8;12
0;1 21
0;1 16
0;1 2
6 #edges, tree 17
0;1 2
0;1 16
2 3;5;7;8;12
3;5;7;8;12 4;6;13;17
4;6;13;17 14;15
4;6;13;17 21
6 #edges, tree 18
0;1 2
0;1 16
2 3;5;7;8;12
3;5;7;8;12 4;6;13;17
14;15 21
4;6;13;17 14;15
6 #edges, tree 19
0;1 2
0;1 4;6;13;17
0;1 21
2 3;5;7;8;12
14;15 16
4;6;13;17 14;15
6 #edges, tree 20
0;1 2
0;1 4;6;13;17
0;1 21
2 3;5;7;8;12
4;6;13;17 14;15
21 16
6 #edges, tree 21
0;1 2
0;1 4;6;13;17
0;1 21
2 3;5;7;8;12
3;5;7;8;12 16
4;6;13;17 14;15
6 #edges, tree 22
0;1 2
0;1 4;6;13;17
0;1 21
2 3;5;7;8;12
4;6;13;17 14;15
4;6;13;17 16
6 #edges, tree 23
0;1 2
0;1 4;6;13;17
0;1 21
2 3;5;7;8;12
3;5;7;8;12 14;15
21 16
6 #edges, tree 24
0;1 2
0;1 4;6;13;17
0;1 21
2 3;5;7;8;12
3;5;7;8;12 14;15
4;6;13;17 16
6 #edges, tree 25
0;1 2
0;1 4;6;13;17
0;1 21
2 3;5;7;8;12
3;5;7;8;12 14;15
14;15 16
6 #edges, tree 26
0;1 2
0;1 4;6;13;17
0;1 21
2 3;5;7;8;12
3;5;7;8;12 14;15
3;5;7;8;12 16
6 #edges, tree 27
0;1 2
0;1 14;15
0;1 21
2 3;5;7;8;12
3;5;7;8;12 4;6;13;17
14;15 16
6 #edges, tree 28
0;1 2
0;1 14;15
0;1 21
2 3;5;7;8;12
3;5;7;8;12 4;6;13;17
4;6;13;17 16
6 #edges, tree 29
0;1 2
0;1 14;15
0;1 21
2 3;5;7;8;12
3;5;7;8;12 16
3;5;7;8;12 4;6;13;17
6 #edges, tree 30
0;1 2
0;1 14;15
0;1 21
2 3;5;7;8;12
3;5;7;8;12 4;6;13;17
21 16
6 #edges, tree 31
0;1 2
0;1 21
2 3;5;7;8;12
3;5;7;8;12 4;6;13;17
4;6;13;17 14;15
21 16
6 #edges, tree 32
0;1 2
0;1 21
2 3;5;7;8;12
3;5;7;8;12 14;15
3;5;7;8;12 4;6;13;17
21 16
6 #edges, tree 33
3;5;7;8;12 4;6;13;17
3;5;7;8;12 16
3;5;7;8;12 14;15
2 3;5;7;8;12
0;1 21
0;1 2
6 #edges, tree 34
4;6;13;17 14;15
3;5;7;8;12 4;6;13;17
3;5;7;8;12 16
2 3;5;7;8;12
0;1 21
0;1 2
6 #edges, tree 35
4;6;13;17 16
3;5;7;8;12 4;6;13;17
3;5;7;8;12 14;15
2 3;5;7;8;12
0;1 21
0;1 2
6 #edges, tree 36
14;15 16
3;5;7;8;12 4;6;13;17
3;5;7;8;12 14;15
2 3;5;7;8;12
0;1 21
0;1 2
6 #edges, tree 37
4;6;13;17 16
4;6;13;17 14;15
3;5;7;8;12 4;6;13;17
2 3;5;7;8;12
0;1 21
0;1 2
6 #edges, tree 38
4;6;13;17 14;15
14;15 16
3;5;7;8;12 4;6;13;17
2 3;5;7;8;12
0;1 21
0;1 2
6 #edges, tree 39
21 16
14;15 21
3;5;7;8;12 4;6;13;17
2 3;5;7;8;12
0;1 14;15
0;1 2
6 #edges, tree 40
14;15 21
3;5;7;8;12 4;6;13;17
3;5;7;8;12 16
2 3;5;7;8;12
0;1 14;15
0;1 2
6 #edges, tree 41
4;6;13;17 16
14;15 21
3;5;7;8;12 4;6;13;17
2 3;5;7;8;12
0;1 14;15
0;1 2
6 #edges, tree 42
14;15 16
3;5;7;8;12 21
3;5;7;8;12 4;6;13;17
2 3;5;7;8;12
0;1 14;15
0;1 2
6 #edges, tree 43
4;6;13;17 21
14;15 16
3;5;7;8;12 4;6;13;17
2 3;5;7;8;12
0;1 14;15
0;1 2
6 #edges, tree 44
21 16
3;5;7;8;12 21
3;5;7;8;12 4;6;13;17
2 3;5;7;8;12
0;1 14;15
0;1 2
6 #edges, tree 45
3;5;7;8;12 21
3;5;7;8;12 4;6;13;17
3;5;7;8;12 16
2 3;5;7;8;12
0;1 14;15
0;1 2
6 #edges, tree 46
4;6;13;17 16
3;5;7;8;12 21
3;5;7;8;12 4;6;13;17
2 3;5;7;8;12
0;1 14;15
0;1 2
6 #edges, tree 47
4;6;13;17 21
3;5;7;8;12 4;6;13;17
3;5;7;8;12 16
2 3;5;7;8;12
0;1 14;15
0;1 2
6 #edges, tree 48
4;6;13;17 21
4;6;13;17 16
3;5;7;8;12 4;6;13;17
2 3;5;7;8;12
0;1 14;15
0;1 2
6 #edges, tree 49
21 16
4;6;13;17 21
3;5;7;8;12 4;6;13;17
2 3;5;7;8;12
0;1 14;15
0;1 2
6 #edges, tree 50
4;6;13;17 21
4;6;13;17 14;15
14;15 16
2 3;5;7;8;12
0;1 4;6;13;17
0;1 2
6 #edges, tree 51
4;6;13;17 14;15
14;15 16
3;5;7;8;12 21
2 3;5;7;8;12
0;1 4;6;13;17
0;1 2
6 #edges, tree 52
4;6;13;17 21
4;6;13;17 14;15
3;5;7;8;12 16
2 3;5;7;8;12
0;1 4;6;13;17
0;1 2
6 #edges, tree 53
21 16
4;6;13;17 21
4;6;13;17 14;15
2 3;5;7;8;12
0;1 4;6;13;17
0;1 2
6 #edges, tree 54
4;6;13;17 21
4;6;13;17 16
4;6;13;17 14;15
2 3;5;7;8;12
0;1 4;6;13;17
0;1 2
6 #edges, tree 55
21 16
4;6;13;17 14;15
3;5;7;8;12 21
2 3;5;7;8;12
0;1 4;6;13;17
0;1 2
6 #edges, tree 56
4;6;13;17 14;15
3;5;7;8;12 21
3;5;7;8;12 16
2 3;5;7;8;12
0;1 4;6;13;17
0;1 2
6 #edges, tree 57
4;6;13;17 16
4;6;13;17 14;15
3;5;7;8;12 21
2 3;5;7;8;12
0;1 4;6;13;17
0;1 2
6 #edges, tree 58
4;6;13;17 14;15
14;15 21
3;5;7;8;12 16
2 3;5;7;8;12
0;1 4;6;13;17
0;1 2
6 #edges, tree 59
21 16
4;6;13;17 14;15
14;15 21
2 3;5;7;8;12
0;1 4;6;13;17
0;1 2
6 #edges, tree 60
4;6;13;17 16
4;6;13;17 14;15
14;15 21
2 3;5;7;8;12
0;1 4;6;13;17
0;1 2
6 #edges, tree 61
4;6;13;17 16
3;5;7;8;12 21
3;5;7;8;12 14;15
2 3;5;7;8;12
0;1 4;6;13;17
0;1 2
6 #edges, tree 62
4;6;13;17 16
14;15 21
3;5;7;8;12 14;15
2 3;5;7;8;12
0;1 4;6;13;17
0;1 2
6 #edges, tree 63
4;6;13;17 21
4;6;13;17 16
3;5;7;8;12 14;15
2 3;5;7;8;12
0;1 4;6;13;17
0;1 2
6 #edges, tree 64
21 16
4;6;13;17 21
3;5;7;8;12 14;15
2 3;5;7;8;12
0;1 4;6;13;17
0;1 2
6 #edges, tree 65
0;1 2
0;1 4;6;13;17
2 3;5;7;8;12
3;5;7;8;12 14;15
3;5;7;8;12 16
4;6;13;17 21
6 #edges, tree 66
0;1 2
0;1 4;6;13;17
2 3;5;7;8;12
3;5;7;8;12 14;15
14;15 16
4;6;13;17 21
6 #edges, tree 67
0;1 2
0;1 4;6;13;17
2 3;5;7;8;12
3;5;7;8;12 14;15
3;5;7;8;12 16
14;15 21
6 #edges, tree 68
0;1 2
0;1 4;6;13;17
2 3;5;7;8;12
3;5;7;8;12 14;15
14;15 21
21 16
6 #edges, tree 69
0;1 2
0;1 4;6;13;17
2 3;5;7;8;12
3;5;7;8;12 14;15
3;5;7;8;12 21
21 16
6 #edges, tree 70
0;1 2
0;1 4;6;13;17
2 3;5;7;8;12
3;5;7;8;12 14;15
3;5;7;8;12 16
3;5;7;8;12 21
6 #edges, tree 71
0;1 2
0;1 4;6;13;17
2 3;5;7;8;12
3;5;7;8;12 14;15
3;5;7;8;12 21
14;15 16
6 #edges, tree 72
0;1 2
2 3;5;7;8;12
3;5;7;8;12 14;15
3;5;7;8;12 16
3;5;7;8;12 4;6;13;17
3;5;7;8;12 21
6 #edges, tree 73
0;1 2
2 3;5;7;8;12
3;5;7;8;12 14;15
3;5;7;8;12 16
3;5;7;8;12 4;6;13;17
4;6;13;17 21
6 #edges, tree 74
0;1 2
2 3;5;7;8;12
3;5;7;8;12 14;15
3;5;7;8;12 16
3;5;7;8;12 4;6;13;17
14;15 21
6 #edges, tree 75
0;1 2
2 3;5;7;8;12
3;5;7;8;12 16
3;5;7;8;12 4;6;13;17
3;5;7;8;12 21
4;6;13;17 14;15
6 #edges, tree 76
0;1 2
2 3;5;7;8;12
3;5;7;8;12 16
3;5;7;8;12 4;6;13;17
14;15 21
4;6;13;17 14;15
6 #edges, tree 77
0;1 2
2 3;5;7;8;12
3;5;7;8;12 16
3;5;7;8;12 4;6;13;17
4;6;13;17 14;15
4;6;13;17 21
6 #edges, tree 78
0;1 2
2 3;5;7;8;12
3;5;7;8;12 4;6;13;17
4;6;13;17 14;15
4;6;13;17 16
4;6;13;17 21
6 #edges, tree 79
0;1 2
2 3;5;7;8;12
3;5;7;8;12 14;15
3;5;7;8;12 4;6;13;17
4;6;13;17 16
4;6;13;17 21
6 #edges, tree 80
0;1 2
2 3;5;7;8;12
3;5;7;8;12 14;15
3;5;7;8;12 4;6;13;17
3;5;7;8;12 21
4;6;13;17 16
6 #edges, tree 81
0;1 2
2 3;5;7;8;12
3;5;7;8;12 4;6;13;17
3;5;7;8;12 21
4;6;13;17 14;15
4;6;13;17 16
6 #edges, tree 82
0;1 2
2 3;5;7;8;12
3;5;7;8;12 4;6;13;17
14;15 21
4;6;13;17 14;15
4;6;13;17 16
6 #edges, tree 83
0;1 2
2 3;5;7;8;12
3;5;7;8;12 14;15
3;5;7;8;12 4;6;13;17
14;15 21
4;6;13;17 16
6 #edges, tree 84
0;1 2
2 3;5;7;8;12
3;5;7;8;12 4;6;13;17
3;5;7;8;12 21
14;15 16
4;6;13;17 14;15
6 #edges, tree 85
0;1 2
2 3;5;7;8;12
3;5;7;8;12 4;6;13;17
3;5;7;8;12 21
4;6;13;17 14;15
21 16
6 #edges, tree 86
0;1 2
2 3;5;7;8;12
3;5;7;8;12 4;6;13;17
14;15 16
4;6;13;17 14;15
4;6;13;17 21
6 #edges, tree 87
0;1 2
2 3;5;7;8;12
3;5;7;8;12 4;6;13;17
4;6;13;17 14;15
4;6;13;17 21
21 16
6 #edges, tree 88
0;1 2
2 3;5;7;8;12
3;5;7;8;12 4;6;13;17
14;15 21
4;6;13;17 14;15
21 16
6 #edges, tree 89
0;1 2
2 3;5;7;8;12
3;5;7;8;12 14;15
3;5;7;8;12 4;6;13;17
14;15 21
21 16
6 #edges, tree 90
0;1 2
2 3;5;7;8;12
3;5;7;8;12 14;15
3;5;7;8;12 4;6;13;17
3;5;7;8;12 21
21 16
6 #edges, tree 91
0;1 2
2 3;5;7;8;12
3;5;7;8;12 14;15
3;5;7;8;12 4;6;13;17
3;5;7;8;12 21
14;15 16
6 #edges, tree 92
0;1 2
2 3;5;7;8;12
3;5;7;8;12 14;15
3;5;7;8;12 4;6;13;17
4;6;13;17 21
21 16
6 #edges, tree 93
0;1 2
2 3;5;7;8;12
3;5;7;8;12 14;15
3;5;7;8;12 4;6;13;17
14;15 16
4;6;13;17 21
