6 #trees
4 #edges, tree 1
13 2
1;3;4;5;6;7;8;9;10;11 13
0 12
0 1;3;4;5;6;7;8;9;10;11
4 #edges, tree 2
0 1;3;4;5;6;7;8;9;10;11
0 2
1;3;4;5;6;7;8;9;10;11 13
2 12
4 #edges, tree 3
13 12
1;3;4;5;6;7;8;9;10;11 13
0 2
0 1;3;4;5;6;7;8;9;10;11
4 #edges, tree 4
1;3;4;5;6;7;8;9;10;11 13
1;3;4;5;6;7;8;9;10;11 12
0 2
0 1;3;4;5;6;7;8;9;10;11
4 #edges, tree 5
0 1;3;4;5;6;7;8;9;10;11
1;3;4;5;6;7;8;9;10;11 12
1;3;4;5;6;7;8;9;10;11 13
13 2
4 #edges, tree 6
0 1;3;4;5;6;7;8;9;10;11
1;3;4;5;6;7;8;9;10;11 13
13 2
2 12
