432 #trees
6 #edges, tree 1
4 5
1;3 2;7
0 4
0 8
0 6
0 1;3
6 #edges, tree 2
0 1;3
0 6
0 8
0 4
1;3 2;7
2;7 5
6 #edges, tree 3
1;3 2;7
1;3 5
0 4
0 8
0 6
0 1;3
6 #edges, tree 4
1;3 2;7
0 4
0 8
0 6
0 5
0 1;3
6 #edges, tree 5
0 1;3
0 5
0 6
0 8
0 4
4 2;7
6 #edges, tree 6
0 1;3
0 5
0 6
0 8
0 2;7
0 4
6 #edges, tree 7
0 1;3
0 5
0 6
0 8
1;3 4
4 2;7
6 #edges, tree 8
0 1;3
0 5
0 6
0 8
0 2;7
1;3 4
6 #edges, tree 9
1;3 5
0 4
0 2;7
0 8
0 6
0 1;3
6 #edges, tree 10
4 2;7
1;3 5
0 4
0 8
0 6
0 1;3
6 #edges, tree 11
4 5
1;3 4
0 2;7
0 8
0 6
0 1;3
6 #edges, tree 12
4 2;7
4 5
1;3 4
0 8
0 6
0 1;3
6 #edges, tree 13
4 2;7
2;7 5
1;3 4
0 8
0 6
0 1;3
6 #edges, tree 14
2;7 5
1;3 4
0 2;7
0 8
0 6
0 1;3
6 #edges, tree 15
4 5
0 4
0 2;7
0 8
0 6
0 1;3
6 #edges, tree 16
2;7 5
0 4
0 2;7
0 8
0 6
0 1;3
6 #edges, tree 17
0 1;3
0 6
0 8
0 4
4 5
4 2;7
6 #edges, tree 18
0 1;3
0 6
0 8
0 4
2;7 5
4 2;7
6 #edges, tree 19
0 1;3
0 6
0 4
1;3 5
1;3 8
1;3 2;7
6 #edges, tree 20
0 1;3
0 5
0 6
0 4
1;3 8
1;3 2;7
6 #edges, tree 21
0 1;3
0 6
0 4
1;3 8
1;3 2;7
2;7 5
6 #edges, tree 22
0 1;3
0 6
0 4
1;3 8
1;3 2;7
4 5
6 #edges, tree 23
0 1;3
0 5
0 6
0 4
1;3 2;7
5 8
6 #edges, tree 24
0 1;3
0 5
0 6
0 4
1;3 2;7
2;7 8
6 #edges, tree 25
0 1;3
0 5
0 6
0 4
1;3 2;7
4 8
6 #edges, tree 26
0 1;3
0 6
0 4
1;3 2;7
2;7 8
4 5
6 #edges, tree 27
0 1;3
0 6
0 4
1;3 5
1;3 2;7
2;7 8
6 #edges, tree 28
0 1;3
0 6
0 4
1;3 2;7
2;7 5
4 8
6 #edges, tree 29
0 1;3
0 6
0 4
1;3 2;7
5 8
2;7 5
6 #edges, tree 30
0 1;3
0 6
0 4
1;3 5
1;3 2;7
4 8
6 #edges, tree 31
0 1;3
0 6
0 4
1;3 5
1;3 2;7
5 8
6 #edges, tree 32
0 1;3
0 6
0 4
1;3 2;7
4 5
4 8
6 #edges, tree 33
4 5
5 8
1;3 2;7
0 4
0 6
0 1;3
6 #edges, tree 34
4 2;7
4 8
1;3 4
0 6
0 5
0 1;3
6 #edges, tree 35
4 2;7
4 8
2;7 5
1;3 4
0 6
0 1;3
6 #edges, tree 36
4 2;7
4 8
4 5
1;3 4
0 6
0 1;3
6 #edges, tree 37
4 8
1;3 4
0 2;7
0 6
0 5
0 1;3
6 #edges, tree 38
4 8
4 5
1;3 4
0 2;7
0 6
0 1;3
6 #edges, tree 39
4 8
2;7 5
1;3 4
0 2;7
0 6
0 1;3
6 #edges, tree 40
5 8
1;3 4
0 2;7
0 6
0 5
0 1;3
6 #edges, tree 41
2;7 8
1;3 4
0 2;7
0 6
0 5
0 1;3
6 #edges, tree 42
4 2;7
5 8
1;3 4
0 6
0 5
0 1;3
6 #edges, tree 43
4 2;7
2;7 8
1;3 4
0 6
0 5
0 1;3
6 #edges, tree 44
2;7 5
5 8
1;3 4
0 2;7
0 6
0 1;3
6 #edges, tree 45
4 5
5 8
1;3 4
0 2;7
0 6
0 1;3
6 #edges, tree 46
4 5
2;7 8
1;3 4
0 2;7
0 6
0 1;3
6 #edges, tree 47
4 2;7
4 5
2;7 8
1;3 4
0 6
0 1;3
6 #edges, tree 48
4 2;7
4 5
5 8
1;3 4
0 6
0 1;3
6 #edges, tree 49
4 2;7
2;7 5
5 8
1;3 4
0 6
0 1;3
6 #edges, tree 50
4 8
0 4
0 2;7
0 6
0 5
0 1;3
6 #edges, tree 51
5 8
0 4
0 2;7
0 6
0 5
0 1;3
6 #edges, tree 52
1;3 8
0 4
0 2;7
0 6
0 5
0 1;3
6 #edges, tree 53
2;7 8
0 4
0 2;7
0 6
0 5
0 1;3
6 #edges, tree 54
4 2;7
5 8
0 4
0 6
0 5
0 1;3
6 #edges, tree 55
4 2;7
2;7 8
0 4
0 6
0 5
0 1;3
6 #edges, tree 56
4 2;7
1;3 8
0 4
0 6
0 5
0 1;3
6 #edges, tree 57
4 2;7
4 8
0 4
0 6
0 5
0 1;3
6 #edges, tree 58
2;7 8
1;3 5
0 4
0 2;7
0 6
0 1;3
6 #edges, tree 59
4 5
2;7 8
0 4
0 2;7
0 6
0 1;3
6 #edges, tree 60
1;3 8
1;3 5
0 4
0 2;7
0 6
0 1;3
6 #edges, tree 61
2;7 5
1;3 8
0 4
0 2;7
0 6
0 1;3
6 #edges, tree 62
4 5
1;3 8
0 4
0 2;7
0 6
0 1;3
6 #edges, tree 63
4 8
2;7 5
0 4
0 2;7
0 6
0 1;3
6 #edges, tree 64
2;7 5
5 8
0 4
0 2;7
0 6
0 1;3
6 #edges, tree 65
0 1;3
0 6
0 2;7
0 4
1;3 5
5 8
6 #edges, tree 66
0 1;3
0 6
0 2;7
0 4
1;3 5
4 8
6 #edges, tree 67
0 1;3
0 6
0 2;7
0 4
5 8
4 5
6 #edges, tree 68
0 1;3
0 6
0 2;7
0 4
4 5
4 8
6 #edges, tree 69
0 1;3
0 6
0 4
1;3 5
5 8
4 2;7
6 #edges, tree 70
0 1;3
0 6
0 4
1;3 5
1;3 8
4 2;7
6 #edges, tree 71
0 1;3
0 6
0 4
1;3 5
2;7 8
4 2;7
6 #edges, tree 72
0 1;3
0 6
0 4
1;3 5
4 8
4 2;7
6 #edges, tree 73
0 1;3
0 6
0 4
1;3 8
4 5
4 2;7
6 #edges, tree 74
0 1;3
0 6
0 4
1;3 8
2;7 5
4 2;7
6 #edges, tree 75
0 1;3
0 6
0 4
5 8
4 5
4 2;7
6 #edges, tree 76
0 1;3
0 6
0 4
4 5
4 8
4 2;7
6 #edges, tree 77
0 1;3
0 6
0 4
2;7 8
4 5
4 2;7
6 #edges, tree 78
0 1;3
0 6
0 4
2;7 5
4 8
4 2;7
6 #edges, tree 79
0 1;3
0 6
0 4
5 8
2;7 5
4 2;7
6 #edges, tree 80
0 1;3
0 5
0 8
0 2;7
0 4
8 6
6 #edges, tree 81
0 1;3
0 5
0 8
0 4
8 6
4 2;7
6 #edges, tree 82
0 1;3
0 5
0 8
0 4
1;3 2;7
8 6
6 #edges, tree 83
0 1;3
0 5
0 8
0 2;7
1;3 4
8 6
6 #edges, tree 84
0 1;3
0 5
0 8
1;3 4
8 6
4 2;7
6 #edges, tree 85
0 1;3
0 5
0 8
0 2;7
0 4
5 6
6 #edges, tree 86
0 1;3
0 5
0 8
0 2;7
1;3 4
5 6
6 #edges, tree 87
0 1;3
0 5
0 8
0 4
5 6
4 2;7
6 #edges, tree 88
0 1;3
0 5
0 8
0 4
1;3 2;7
5 6
6 #edges, tree 89
0 1;3
0 5
0 8
1;3 4
5 6
4 2;7
6 #edges, tree 90
0 1;3
0 5
0 8
0 2;7
0 4
4 6
6 #edges, tree 91
0 1;3
0 5
0 8
0 2;7
0 4
1;3 6
6 #edges, tree 92
0 1;3
0 5
0 8
0 2;7
0 4
2;7 6
6 #edges, tree 93
0 1;3
0 5
0 8
0 4
1;3 6
4 2;7
6 #edges, tree 94
0 1;3
0 5
0 8
0 4
2;7 6
4 2;7
6 #edges, tree 95
0 1;3
0 5
0 8
0 4
4 6
4 2;7
6 #edges, tree 96
0 1;3
0 5
0 8
0 4
1;3 2;7
4 6
6 #edges, tree 97
0 1;3
0 5
0 8
0 4
1;3 6
1;3 2;7
6 #edges, tree 98
0 1;3
0 5
0 8
0 4
1;3 2;7
2;7 6
6 #edges, tree 99
0 1;3
0 5
0 8
0 2;7
1;3 4
2;7 6
6 #edges, tree 100
0 1;3
0 5
0 8
0 2;7
1;3 4
4 6
6 #edges, tree 101
0 1;3
0 5
0 8
1;3 4
4 6
4 2;7
6 #edges, tree 102
0 1;3
0 5
0 8
1;3 4
2;7 6
4 2;7
6 #edges, tree 103
0 1;3
0 8
0 2;7
0 4
8 6
2;7 5
6 #edges, tree 104
0 1;3
0 8
0 2;7
0 4
1;3 5
8 6
6 #edges, tree 105
0 1;3
0 8
0 2;7
0 4
8 6
4 5
6 #edges, tree 106
0 1;3
0 8
0 2;7
1;3 4
8 6
2;7 5
6 #edges, tree 107
0 1;3
0 8
0 2;7
1;3 4
8 6
4 5
6 #edges, tree 108
0 1;3
0 8
0 2;7
0 4
5 6
2;7 5
6 #edges, tree 109
0 1;3
0 8
0 2;7
1;3 4
5 6
2;7 5
6 #edges, tree 110
0 1;3
0 8
0 2;7
0 4
1;3 6
2;7 5
6 #edges, tree 111
0 1;3
0 8
0 2;7
0 4
2;7 5
4 6
6 #edges, tree 112
0 1;3
0 8
0 2;7
1;3 4
2;7 5
4 6
6 #edges, tree 113
0 1;3
0 8
0 2;7
0 4
1;3 5
1;3 6
6 #edges, tree 114
0 1;3
0 8
0 2;7
0 4
1;3 6
4 5
6 #edges, tree 115
0 1;3
0 8
0 2;7
1;3 4
2;7 6
4 5
6 #edges, tree 116
0 1;3
0 8
0 2;7
1;3 4
4 5
4 6
6 #edges, tree 117
0 1;3
0 8
0 2;7
1;3 4
5 6
4 5
6 #edges, tree 118
0 1;3
0 8
0 2;7
0 4
1;3 5
2;7 6
6 #edges, tree 119
0 1;3
0 8
0 2;7
0 4
2;7 6
4 5
6 #edges, tree 120
0 1;3
0 8
0 2;7
0 4
1;3 5
5 6
6 #edges, tree 121
0 1;3
0 8
0 2;7
0 4
1;3 5
4 6
6 #edges, tree 122
0 1;3
0 8
0 2;7
0 4
4 5
4 6
6 #edges, tree 123
0 1;3
0 8
0 2;7
0 4
5 6
4 5
6 #edges, tree 124
0 1;3
0 8
0 4
8 6
4 5
4 2;7
6 #edges, tree 125
0 1;3
0 8
0 4
1;3 2;7
8 6
4 5
6 #edges, tree 126
0 1;3
0 8
0 4
1;3 5
8 6
4 2;7
6 #edges, tree 127
0 1;3
0 8
0 4
8 6
2;7 5
4 2;7
6 #edges, tree 128
0 1;3
0 8
0 4
1;3 5
1;3 2;7
8 6
6 #edges, tree 129
2;7 5
8 6
1;3 2;7
0 4
0 8
0 1;3
6 #edges, tree 130
4 2;7
2;7 5
1;3 6
0 4
0 8
0 1;3
6 #edges, tree 131
4 2;7
4 5
1;3 6
0 4
0 8
0 1;3
6 #edges, tree 132
4 2;7
1;3 6
1;3 5
0 4
0 8
0 1;3
6 #edges, tree 133
4 2;7
4 6
1;3 5
0 4
0 8
0 1;3
6 #edges, tree 134
4 2;7
4 6
2;7 5
0 4
0 8
0 1;3
6 #edges, tree 135
4 2;7
4 6
4 5
0 4
0 8
0 1;3
6 #edges, tree 136
4 2;7
2;7 5
5 6
0 4
0 8
0 1;3
6 #edges, tree 137
4 2;7
5 6
1;3 5
0 4
0 8
0 1;3
6 #edges, tree 138
4 2;7
2;7 6
1;3 5
0 4
0 8
0 1;3
6 #edges, tree 139
4 2;7
4 5
5 6
0 4
0 8
0 1;3
6 #edges, tree 140
4 2;7
4 5
2;7 6
0 4
0 8
0 1;3
6 #edges, tree 141
4 6
4 5
1;3 2;7
0 4
0 8
0 1;3
6 #edges, tree 142
4 5
1;3 2;7
1;3 6
0 4
0 8
0 1;3
6 #edges, tree 143
4 5
5 6
1;3 2;7
0 4
0 8
0 1;3
6 #edges, tree 144
4 5
2;7 6
1;3 2;7
0 4
0 8
0 1;3
6 #edges, tree 145
4 6
1;3 2;7
1;3 5
0 4
0 8
0 1;3
6 #edges, tree 146
4 6
2;7 5
1;3 2;7
0 4
0 8
0 1;3
6 #edges, tree 147
1;3 2;7
1;3 6
1;3 5
0 4
0 8
0 1;3
6 #edges, tree 148
5 6
1;3 2;7
1;3 5
0 4
0 8
0 1;3
6 #edges, tree 149
2;7 6
1;3 2;7
1;3 5
0 4
0 8
0 1;3
6 #edges, tree 150
2;7 5
1;3 2;7
1;3 6
0 4
0 8
0 1;3
6 #edges, tree 151
2;7 5
5 6
1;3 2;7
0 4
0 8
0 1;3
6 #edges, tree 152
4 2;7
4 6
4 5
1;3 4
0 8
0 1;3
6 #edges, tree 153
4 2;7
4 6
2;7 5
1;3 4
0 8
0 1;3
6 #edges, tree 154
4 2;7
4 5
8 6
1;3 4
0 8
0 1;3
6 #edges, tree 155
4 2;7
4 5
5 6
1;3 4
0 8
0 1;3
6 #edges, tree 156
4 2;7
4 5
2;7 6
1;3 4
0 8
0 1;3
6 #edges, tree 157
4 2;7
2;7 5
8 6
1;3 4
0 8
0 1;3
6 #edges, tree 158
4 2;7
2;7 5
5 6
1;3 4
0 8
0 1;3
6 #edges, tree 159
4 6
5 8
1;3 2;7
0 4
0 5
0 1;3
6 #edges, tree 160
4 6
5 8
0 4
0 2;7
0 5
0 1;3
6 #edges, tree 161
4 2;7
4 6
5 8
0 4
0 5
0 1;3
6 #edges, tree 162
4 8
4 6
1;3 2;7
0 4
0 5
0 1;3
6 #edges, tree 163
4 8
4 6
0 4
0 2;7
0 5
0 1;3
6 #edges, tree 164
4 2;7
4 8
4 6
0 4
0 5
0 1;3
6 #edges, tree 165
4 2;7
4 6
1;3 8
0 4
0 5
0 1;3
6 #edges, tree 166
4 6
1;3 2;7
1;3 8
0 4
0 5
0 1;3
6 #edges, tree 167
4 6
1;3 8
0 4
0 2;7
0 5
0 1;3
6 #edges, tree 168
4 2;7
4 6
2;7 8
0 4
0 5
0 1;3
6 #edges, tree 169
4 6
2;7 8
1;3 2;7
0 4
0 5
0 1;3
6 #edges, tree 170
4 6
2;7 8
0 4
0 2;7
0 5
0 1;3
6 #edges, tree 171
4 2;7
2;7 8
5 6
0 4
0 5
0 1;3
6 #edges, tree 172
4 2;7
4 8
5 6
0 4
0 5
0 1;3
6 #edges, tree 173
4 2;7
5 6
1;3 8
0 4
0 5
0 1;3
6 #edges, tree 174
4 2;7
5 8
5 6
0 4
0 5
0 1;3
6 #edges, tree 175
4 2;7
2;7 8
2;7 6
0 4
0 5
0 1;3
6 #edges, tree 176
4 2;7
2;7 6
5 8
0 4
0 5
0 1;3
6 #edges, tree 177
4 2;7
2;7 6
1;3 8
0 4
0 5
0 1;3
6 #edges, tree 178
4 2;7
4 8
2;7 6
0 4
0 5
0 1;3
6 #edges, tree 179
4 2;7
4 8
1;3 6
0 4
0 5
0 1;3
6 #edges, tree 180
4 2;7
2;7 8
1;3 6
0 4
0 5
0 1;3
6 #edges, tree 181
4 2;7
5 8
1;3 6
0 4
0 5
0 1;3
6 #edges, tree 182
4 2;7
1;3 8
1;3 6
0 4
0 5
0 1;3
6 #edges, tree 183
4 2;7
4 8
8 6
0 4
0 5
0 1;3
6 #edges, tree 184
4 2;7
8 6
1;3 8
0 4
0 5
0 1;3
6 #edges, tree 185
4 2;7
8 6
5 8
0 4
0 5
0 1;3
6 #edges, tree 186
4 2;7
2;7 8
8 6
0 4
0 5
0 1;3
6 #edges, tree 187
2;7 6
5 8
0 4
0 2;7
0 5
0 1;3
6 #edges, tree 188
5 8
5 6
0 4
0 2;7
0 5
0 1;3
6 #edges, tree 189
8 6
5 8
0 4
0 2;7
0 5
0 1;3
6 #edges, tree 190
5 8
1;3 6
0 4
0 2;7
0 5
0 1;3
6 #edges, tree 191
5 8
5 6
1;3 2;7
0 4
0 5
0 1;3
6 #edges, tree 192
8 6
5 8
1;3 2;7
0 4
0 5
0 1;3
6 #edges, tree 193
2;7 6
5 8
1;3 2;7
0 4
0 5
0 1;3
6 #edges, tree 194
5 8
1;3 2;7
1;3 6
0 4
0 5
0 1;3
6 #edges, tree 195
4 8
8 6
0 4
0 2;7
0 5
0 1;3
6 #edges, tree 196
4 8
5 6
0 4
0 2;7
0 5
0 1;3
6 #edges, tree 197
4 8
2;7 6
0 4
0 2;7
0 5
0 1;3
6 #edges, tree 198
4 8
1;3 6
0 4
0 2;7
0 5
0 1;3
6 #edges, tree 199
2;7 8
1;3 6
0 4
0 2;7
0 5
0 1;3
6 #edges, tree 200
1;3 8
1;3 6
0 4
0 2;7
0 5
0 1;3
6 #edges, tree 201
8 6
1;3 8
0 4
0 2;7
0 5
0 1;3
6 #edges, tree 202
5 6
1;3 8
0 4
0 2;7
0 5
0 1;3
6 #edges, tree 203
2;7 6
1;3 8
0 4
0 2;7
0 5
0 1;3
6 #edges, tree 204
2;7 8
5 6
0 4
0 2;7
0 5
0 1;3
6 #edges, tree 205
2;7 8
2;7 6
0 4
0 2;7
0 5
0 1;3
6 #edges, tree 206
2;7 8
8 6
0 4
0 2;7
0 5
0 1;3
6 #edges, tree 207
4 8
5 6
1;3 2;7
0 4
0 5
0 1;3
6 #edges, tree 208
2;7 8
5 6
1;3 2;7
0 4
0 5
0 1;3
6 #edges, tree 209
5 6
1;3 2;7
1;3 8
0 4
0 5
0 1;3
6 #edges, tree 210
1;3 2;7
1;3 8
1;3 6
0 4
0 5
0 1;3
6 #edges, tree 211
8 6
1;3 2;7
1;3 8
0 4
0 5
0 1;3
6 #edges, tree 212
2;7 6
1;3 2;7
1;3 8
0 4
0 5
0 1;3
6 #edges, tree 213
4 8
1;3 2;7
1;3 6
0 4
0 5
0 1;3
6 #edges, tree 214
4 8
8 6
1;3 2;7
0 4
0 5
0 1;3
6 #edges, tree 215
4 8
2;7 6
1;3 2;7
0 4
0 5
0 1;3
6 #edges, tree 216
2;7 8
1;3 2;7
1;3 6
0 4
0 5
0 1;3
6 #edges, tree 217
2;7 8
2;7 6
1;3 2;7
0 4
0 5
0 1;3
6 #edges, tree 218
2;7 8
8 6
1;3 2;7
0 4
0 5
0 1;3
6 #edges, tree 219
5 8
5 6
1;3 4
0 2;7
0 5
0 1;3
6 #edges, tree 220
4 2;7
5 8
5 6
1;3 4
0 5
0 1;3
6 #edges, tree 221
2;7 8
5 6
1;3 4
0 2;7
0 5
0 1;3
6 #edges, tree 222
4 8
5 6
1;3 4
0 2;7
0 5
0 1;3
6 #edges, tree 223
4 2;7
2;7 8
5 6
1;3 4
0 5
0 1;3
6 #edges, tree 224
4 2;7
4 8
5 6
1;3 4
0 5
0 1;3
6 #edges, tree 225
4 2;7
2;7 6
5 8
1;3 4
0 5
0 1;3
6 #edges, tree 226
4 2;7
4 6
5 8
1;3 4
0 5
0 1;3
6 #edges, tree 227
4 2;7
8 6
5 8
1;3 4
0 5
0 1;3
6 #edges, tree 228
4 6
5 8
1;3 4
0 2;7
0 5
0 1;3
6 #edges, tree 229
8 6
5 8
1;3 4
0 2;7
0 5
0 1;3
6 #edges, tree 230
2;7 6
5 8
1;3 4
0 2;7
0 5
0 1;3
6 #edges, tree 231
2;7 8
8 6
1;3 4
0 2;7
0 5
0 1;3
6 #edges, tree 232
4 6
2;7 8
1;3 4
0 2;7
0 5
0 1;3
6 #edges, tree 233
2;7 8
2;7 6
1;3 4
0 2;7
0 5
0 1;3
6 #edges, tree 234
4 8
2;7 6
1;3 4
0 2;7
0 5
0 1;3
6 #edges, tree 235
4 8
4 6
1;3 4
0 2;7
0 5
0 1;3
6 #edges, tree 236
4 8
8 6
1;3 4
0 2;7
0 5
0 1;3
6 #edges, tree 237
4 2;7
4 8
2;7 6
1;3 4
0 5
0 1;3
6 #edges, tree 238
4 2;7
2;7 8
2;7 6
1;3 4
0 5
0 1;3
6 #edges, tree 239
4 2;7
2;7 8
8 6
1;3 4
0 5
0 1;3
6 #edges, tree 240
4 2;7
4 6
2;7 8
1;3 4
0 5
0 1;3
6 #edges, tree 241
4 2;7
4 8
8 6
1;3 4
0 5
0 1;3
6 #edges, tree 242
4 2;7
4 8
4 6
1;3 4
0 5
0 1;3
6 #edges, tree 243
4 8
2;7 5
5 6
0 4
0 2;7
0 1;3
6 #edges, tree 244
2;7 5
5 6
1;3 8
0 4
0 2;7
0 1;3
6 #edges, tree 245
2;7 5
5 8
5 6
0 4
0 2;7
0 1;3
6 #edges, tree 246
4 8
4 6
2;7 5
0 4
0 2;7
0 1;3
6 #edges, tree 247
4 6
2;7 5
1;3 8
0 4
0 2;7
0 1;3
6 #edges, tree 248
4 6
2;7 5
5 8
0 4
0 2;7
0 1;3
6 #edges, tree 249
2;7 5
8 6
5 8
0 4
0 2;7
0 1;3
6 #edges, tree 250
2;7 5
5 8
1;3 6
0 4
0 2;7
0 1;3
6 #edges, tree 251
2;7 5
1;3 8
1;3 6
0 4
0 2;7
0 1;3
6 #edges, tree 252
2;7 5
8 6
1;3 8
0 4
0 2;7
0 1;3
6 #edges, tree 253
4 8
2;7 5
1;3 6
0 4
0 2;7
0 1;3
6 #edges, tree 254
4 8
2;7 5
8 6
0 4
0 2;7
0 1;3
6 #edges, tree 255
2;7 5
5 8
5 6
1;3 4
0 2;7
0 1;3
6 #edges, tree 256
2;7 5
8 6
5 8
1;3 4
0 2;7
0 1;3
6 #edges, tree 257
0 1;3
0 2;7
1;3 4
5 8
2;7 5
4 6
6 #edges, tree 258
0 1;3
0 2;7
1;3 4
5 6
2;7 5
4 8
6 #edges, tree 259
0 1;3
0 2;7
1;3 4
8 6
2;7 5
4 8
6 #edges, tree 260
0 1;3
0 2;7
1;3 4
2;7 5
4 6
4 8
6 #edges, tree 261
0 1;3
0 2;7
0 4
1;3 5
2;7 6
2;7 8
6 #edges, tree 262
0 1;3
0 2;7
0 4
1;3 5
5 8
2;7 6
6 #edges, tree 263
0 1;3
0 2;7
0 4
1;3 5
2;7 6
4 8
6 #edges, tree 264
0 1;3
0 2;7
0 4
1;3 5
1;3 8
2;7 6
6 #edges, tree 265
0 1;3
0 2;7
0 4
2;7 6
2;7 8
4 5
6 #edges, tree 266
0 1;3
0 2;7
1;3 4
2;7 6
2;7 8
4 5
6 #edges, tree 267
0 1;3
0 2;7
0 4
1;3 8
2;7 6
4 5
6 #edges, tree 268
0 1;3
0 2;7
1;3 4
2;7 6
4 5
4 8
6 #edges, tree 269
0 1;3
0 2;7
1;3 4
5 8
2;7 6
4 5
6 #edges, tree 270
0 1;3
0 2;7
0 4
2;7 6
4 5
4 8
6 #edges, tree 271
0 1;3
0 2;7
0 4
5 8
2;7 6
4 5
6 #edges, tree 272
0 1;3
0 2;7
1;3 4
5 6
5 8
4 5
6 #edges, tree 273
0 1;3
0 2;7
1;3 4
5 6
2;7 8
4 5
6 #edges, tree 274
0 1;3
0 2;7
1;3 4
5 6
4 5
4 8
6 #edges, tree 275
0 1;3
0 2;7
1;3 4
2;7 8
4 5
4 6
6 #edges, tree 276
0 1;3
0 2;7
1;3 4
5 8
4 5
4 6
6 #edges, tree 277
0 1;3
0 2;7
1;3 4
4 5
4 6
4 8
6 #edges, tree 278
0 1;3
0 2;7
1;3 4
5 8
8 6
4 5
6 #edges, tree 279
0 1;3
0 2;7
1;3 4
8 6
4 5
4 8
6 #edges, tree 280
0 1;3
0 2;7
1;3 4
8 6
2;7 8
4 5
6 #edges, tree 281
0 1;3
0 2;7
0 4
1;3 5
1;3 6
4 8
6 #edges, tree 282
0 1;3
0 2;7
0 4
1;3 6
4 5
4 8
6 #edges, tree 283
0 1;3
0 2;7
0 4
1;3 6
2;7 8
4 5
6 #edges, tree 284
0 1;3
0 2;7
0 4
1;3 5
1;3 6
2;7 8
6 #edges, tree 285
0 1;3
0 2;7
0 4
1;3 6
1;3 8
4 5
6 #edges, tree 286
0 1;3
0 2;7
0 4
1;3 5
1;3 6
1;3 8
6 #edges, tree 287
0 1;3
0 2;7
0 4
1;3 5
1;3 6
5 8
6 #edges, tree 288
0 1;3
0 2;7
0 4
1;3 6
5 8
4 5
6 #edges, tree 289
0 1;3
0 2;7
0 4
1;3 5
8 6
4 8
6 #edges, tree 290
0 1;3
0 2;7
0 4
1;3 5
5 6
4 8
6 #edges, tree 291
0 1;3
0 2;7
0 4
1;3 5
4 6
4 8
6 #edges, tree 292
0 1;3
0 2;7
0 4
1;3 5
1;3 8
5 6
6 #edges, tree 293
0 1;3
0 2;7
0 4
1;3 5
5 6
5 8
6 #edges, tree 294
0 1;3
0 2;7
0 4
1;3 5
5 6
2;7 8
6 #edges, tree 295
0 1;3
0 2;7
0 4
1;3 5
2;7 8
4 6
6 #edges, tree 296
0 1;3
0 2;7
0 4
1;3 5
8 6
2;7 8
6 #edges, tree 297
0 1;3
0 2;7
0 4
1;3 5
5 8
8 6
6 #edges, tree 298
0 1;3
0 2;7
0 4
1;3 5
5 8
4 6
6 #edges, tree 299
0 1;3
0 2;7
0 4
1;3 5
1;3 8
4 6
6 #edges, tree 300
0 1;3
0 2;7
0 4
1;3 5
1;3 8
8 6
6 #edges, tree 301
0 1;3
0 2;7
0 4
8 6
2;7 8
4 5
6 #edges, tree 302
0 1;3
0 2;7
0 4
2;7 8
4 5
4 6
6 #edges, tree 303
0 1;3
0 2;7
0 4
5 6
2;7 8
4 5
6 #edges, tree 304
0 1;3
0 2;7
0 4
1;3 8
8 6
4 5
6 #edges, tree 305
0 1;3
0 2;7
0 4
1;3 8
5 6
4 5
6 #edges, tree 306
0 1;3
0 2;7
0 4
1;3 8
4 5
4 6
6 #edges, tree 307
0 1;3
0 2;7
0 4
5 8
4 5
4 6
6 #edges, tree 308
0 1;3
0 2;7
0 4
4 5
4 6
4 8
6 #edges, tree 309
0 1;3
0 2;7
0 4
5 6
4 5
4 8
6 #edges, tree 310
0 1;3
0 2;7
0 4
8 6
4 5
4 8
6 #edges, tree 311
0 1;3
0 2;7
0 4
5 6
5 8
4 5
6 #edges, tree 312
0 1;3
0 2;7
0 4
5 8
8 6
4 5
6 #edges, tree 313
0 1;3
0 4
1;3 6
1;3 8
1;3 2;7
4 5
6 #edges, tree 314
0 1;3
0 4
1;3 5
1;3 6
1;3 8
1;3 2;7
6 #edges, tree 315
0 1;3
0 4
1;3 6
1;3 8
1;3 2;7
2;7 5
6 #edges, tree 316
0 1;3
0 4
1;3 5
1;3 8
1;3 2;7
4 6
6 #edges, tree 317
0 1;3
0 4
1;3 8
1;3 2;7
4 5
4 6
6 #edges, tree 318
0 1;3
0 4
1;3 8
1;3 2;7
2;7 5
4 6
6 #edges, tree 319
0 1;3
0 4
1;3 5
1;3 8
1;3 2;7
8 6
6 #edges, tree 320
0 1;3
0 4
1;3 5
1;3 8
1;3 2;7
5 6
6 #edges, tree 321
0 1;3
0 4
1;3 5
1;3 8
1;3 2;7
2;7 6
6 #edges, tree 322
0 1;3
0 4
1;3 8
1;3 2;7
5 6
4 5
6 #edges, tree 323
0 1;3
0 4
1;3 8
1;3 2;7
8 6
4 5
6 #edges, tree 324
0 1;3
0 4
1;3 8
1;3 2;7
2;7 6
4 5
6 #edges, tree 325
0 1;3
0 4
1;3 8
1;3 2;7
5 6
2;7 5
6 #edges, tree 326
0 1;3
0 4
1;3 8
1;3 2;7
8 6
2;7 5
6 #edges, tree 327
0 1;3
0 4
1;3 6
1;3 8
2;7 5
4 2;7
6 #edges, tree 328
0 1;3
0 4
1;3 8
5 6
2;7 5
4 2;7
6 #edges, tree 329
0 1;3
0 4
1;3 8
2;7 5
4 6
4 2;7
6 #edges, tree 330
0 1;3
0 4
1;3 8
8 6
2;7 5
4 2;7
6 #edges, tree 331
0 1;3
0 4
1;3 8
8 6
4 5
4 2;7
6 #edges, tree 332
0 1;3
0 4
1;3 5
1;3 8
8 6
4 2;7
6 #edges, tree 333
0 1;3
0 4
1;3 8
2;7 6
4 5
4 2;7
6 #edges, tree 334
0 1;3
0 4
1;3 8
5 6
4 5
4 2;7
6 #edges, tree 335
0 1;3
0 4
1;3 6
1;3 8
4 5
4 2;7
6 #edges, tree 336
0 1;3
0 4
1;3 8
4 5
4 6
4 2;7
6 #edges, tree 337
0 1;3
0 4
1;3 5
1;3 8
4 6
4 2;7
6 #edges, tree 338
0 1;3
0 4
1;3 5
1;3 8
2;7 6
4 2;7
6 #edges, tree 339
0 1;3
0 4
1;3 5
1;3 8
5 6
4 2;7
6 #edges, tree 340
0 1;3
0 4
1;3 5
1;3 6
1;3 8
4 2;7
6 #edges, tree 341
0 1;3
0 4
2;7 5
4 6
4 8
4 2;7
6 #edges, tree 342
0 1;3
0 4
5 8
2;7 5
4 6
4 2;7
6 #edges, tree 343
0 1;3
0 4
1;3 5
4 6
4 8
4 2;7
6 #edges, tree 344
0 1;3
0 4
1;3 5
2;7 8
4 6
4 2;7
6 #edges, tree 345
0 1;3
0 4
1;3 5
5 8
4 6
4 2;7
6 #edges, tree 346
0 1;3
0 4
2;7 8
4 5
4 6
4 2;7
6 #edges, tree 347
0 1;3
0 4
5 8
4 5
4 6
4 2;7
6 #edges, tree 348
0 1;3
0 4
1;3 5
1;3 2;7
4 6
4 8
6 #edges, tree 349
0 1;3
0 4
1;3 2;7
2;7 5
4 6
4 8
6 #edges, tree 350
0 1;3
0 4
1;3 2;7
4 5
4 6
4 8
6 #edges, tree 351
0 1;3
0 4
1;3 5
1;3 2;7
5 8
4 6
6 #edges, tree 352
0 1;3
0 4
1;3 5
1;3 2;7
2;7 8
4 6
6 #edges, tree 353
0 1;3
0 4
1;3 2;7
2;7 8
4 5
4 6
6 #edges, tree 354
0 1;3
0 4
1;3 2;7
5 8
4 5
4 6
6 #edges, tree 355
0 1;3
0 4
1;3 2;7
5 8
2;7 5
4 6
6 #edges, tree 356
0 1;3
0 4
2;7 6
2;7 8
4 5
4 2;7
6 #edges, tree 357
0 1;3
0 4
2;7 6
4 5
4 8
4 2;7
6 #edges, tree 358
0 1;3
0 4
5 8
2;7 6
4 5
4 2;7
6 #edges, tree 359
0 1;3
0 4
1;3 5
2;7 6
4 8
4 2;7
6 #edges, tree 360
0 1;3
0 4
1;3 5
2;7 6
2;7 8
4 2;7
6 #edges, tree 361
0 1;3
0 4
1;3 5
5 8
2;7 6
4 2;7
6 #edges, tree 362
0 1;3
0 4
1;3 5
8 6
4 8
4 2;7
6 #edges, tree 363
0 1;3
0 4
8 6
2;7 5
4 8
4 2;7
6 #edges, tree 364
0 1;3
0 4
8 6
4 5
4 8
4 2;7
6 #edges, tree 365
0 1;3
0 4
1;3 6
2;7 5
4 8
4 2;7
6 #edges, tree 366
0 1;3
0 4
5 6
2;7 5
4 8
4 2;7
6 #edges, tree 367
0 1;3
0 4
1;3 5
1;3 6
4 8
4 2;7
6 #edges, tree 368
0 1;3
0 4
1;3 6
4 5
4 8
4 2;7
6 #edges, tree 369
0 1;3
0 4
5 6
4 5
4 8
4 2;7
6 #edges, tree 370
0 1;3
0 4
1;3 5
5 6
4 8
4 2;7
6 #edges, tree 371
0 1;3
0 4
1;3 5
1;3 6
5 8
4 2;7
6 #edges, tree 372
0 1;3
0 4
1;3 5
1;3 6
2;7 8
4 2;7
6 #edges, tree 373
0 1;3
0 4
1;3 6
5 8
2;7 5
4 2;7
6 #edges, tree 374
0 1;3
0 4
1;3 6
5 8
4 5
4 2;7
6 #edges, tree 375
0 1;3
0 4
1;3 6
2;7 8
4 5
4 2;7
6 #edges, tree 376
0 1;3
0 4
5 8
8 6
2;7 5
4 2;7
6 #edges, tree 377
0 1;3
0 4
5 6
5 8
2;7 5
4 2;7
6 #edges, tree 378
0 1;3
0 4
8 6
2;7 8
4 5
4 2;7
6 #edges, tree 379
0 1;3
0 4
5 6
2;7 8
4 5
4 2;7
6 #edges, tree 380
0 1;3
0 4
5 8
8 6
4 5
4 2;7
6 #edges, tree 381
0 1;3
0 4
5 6
5 8
4 5
4 2;7
6 #edges, tree 382
0 1;3
0 4
1;3 5
5 6
5 8
4 2;7
6 #edges, tree 383
0 1;3
0 4
1;3 5
5 8
8 6
4 2;7
6 #edges, tree 384
0 1;3
0 4
1;3 5
8 6
2;7 8
4 2;7
6 #edges, tree 385
0 1;3
0 4
1;3 5
5 6
2;7 8
4 2;7
6 #edges, tree 386
0 1;3
0 4
1;3 6
1;3 2;7
4 5
4 8
6 #edges, tree 387
0 1;3
0 4
1;3 6
1;3 2;7
2;7 5
4 8
6 #edges, tree 388
0 1;3
0 4
1;3 5
1;3 6
1;3 2;7
4 8
6 #edges, tree 389
0 1;3
0 4
1;3 5
1;3 6
1;3 2;7
5 8
6 #edges, tree 390
0 1;3
0 4
1;3 5
1;3 6
1;3 2;7
2;7 8
6 #edges, tree 391
0 1;3
0 4
1;3 6
1;3 2;7
5 8
4 5
6 #edges, tree 392
0 1;3
0 4
1;3 6
1;3 2;7
2;7 8
4 5
6 #edges, tree 393
0 1;3
0 4
1;3 6
1;3 2;7
5 8
2;7 5
6 #edges, tree 394
0 1;3
0 4
1;3 5
1;3 2;7
8 6
4 8
6 #edges, tree 395
0 1;3
0 4
1;3 5
1;3 2;7
2;7 6
4 8
6 #edges, tree 396
0 1;3
0 4
1;3 5
1;3 2;7
5 6
4 8
6 #edges, tree 397
0 1;3
0 4
1;3 2;7
8 6
4 5
4 8
6 #edges, tree 398
0 1;3
0 4
1;3 2;7
8 6
2;7 5
4 8
6 #edges, tree 399
0 1;3
0 4
1;3 2;7
2;7 6
4 5
4 8
6 #edges, tree 400
0 1;3
0 4
1;3 2;7
5 6
2;7 5
4 8
6 #edges, tree 401
0 1;3
0 4
1;3 2;7
5 6
4 5
4 8
6 #edges, tree 402
0 1;3
0 4
1;3 5
1;3 2;7
5 8
2;7 6
6 #edges, tree 403
0 1;3
0 4
1;3 5
1;3 2;7
2;7 6
2;7 8
6 #edges, tree 404
0 1;3
0 4
1;3 5
1;3 2;7
5 6
2;7 8
6 #edges, tree 405
0 1;3
0 4
1;3 5
1;3 2;7
8 6
2;7 8
6 #edges, tree 406
0 1;3
0 4
1;3 5
1;3 2;7
5 6
5 8
6 #edges, tree 407
0 1;3
0 4
1;3 5
1;3 2;7
5 8
8 6
6 #edges, tree 408
0 1;3
0 4
1;3 2;7
5 6
2;7 8
4 5
6 #edges, tree 409
0 1;3
0 4
1;3 2;7
5 6
5 8
4 5
6 #edges, tree 410
0 1;3
0 4
1;3 2;7
5 8
8 6
4 5
6 #edges, tree 411
0 1;3
0 4
1;3 2;7
5 8
2;7 6
4 5
6 #edges, tree 412
0 1;3
0 4
1;3 2;7
2;7 6
2;7 8
4 5
6 #edges, tree 413
0 1;3
0 4
1;3 2;7
8 6
2;7 8
4 5
6 #edges, tree 414
0 1;3
0 4
1;3 2;7
5 6
5 8
2;7 5
6 #edges, tree 415
0 1;3
0 4
1;3 2;7
5 8
8 6
2;7 5
6 #edges, tree 416
0 1;3
1;3 4
5 8
4 5
4 6
4 2;7
6 #edges, tree 417
0 1;3
1;3 4
2;7 8
4 5
4 6
4 2;7
6 #edges, tree 418
0 1;3
1;3 4
2;7 5
4 6
4 8
4 2;7
6 #edges, tree 419
0 1;3
1;3 4
5 8
2;7 5
4 6
4 2;7
6 #edges, tree 420
0 1;3
1;3 4
5 8
8 6
4 5
4 2;7
6 #edges, tree 421
0 1;3
1;3 4
5 6
5 8
4 5
4 2;7
6 #edges, tree 422
0 1;3
1;3 4
5 8
2;7 6
4 5
4 2;7
6 #edges, tree 423
0 1;3
1;3 4
2;7 6
2;7 8
4 5
4 2;7
6 #edges, tree 424
0 1;3
1;3 4
2;7 6
4 5
4 8
4 2;7
6 #edges, tree 425
0 1;3
1;3 4
5 6
4 5
4 8
4 2;7
6 #edges, tree 426
0 1;3
1;3 4
8 6
4 5
4 8
4 2;7
6 #edges, tree 427
0 1;3
1;3 4
5 6
2;7 8
4 5
4 2;7
6 #edges, tree 428
0 1;3
1;3 4
8 6
2;7 8
4 5
4 2;7
6 #edges, tree 429
0 1;3
1;3 4
8 6
2;7 5
4 8
4 2;7
6 #edges, tree 430
0 1;3
1;3 4
5 6
2;7 5
4 8
4 2;7
6 #edges, tree 431
0 1;3
1;3 4
5 6
5 8
2;7 5
4 2;7
6 #edges, tree 432
0 1;3
1;3 4
5 8
8 6
2;7 5
4 2;7
