43 #trees
6 #edges, tree 1
0;1;2 3
0;1;2 7;12
0;1;2 10
0;1;2 9;11
3 4;5;6
4;5;6 8
6 #edges, tree 2
4;5;6 8
3 10
3 4;5;6
0;1;2 9;11
0;1;2 7;12
0;1;2 3
6 #edges, tree 3
0;1;2 3
0;1;2 7;12
0;1;2 9;11
3 4;5;6
4;5;6 8
8 10
6 #edges, tree 4
0;1;2 3
0;1;2 7;12
0;1;2 8
0;1;2 9;11
3 4;5;6
4;5;6 10
6 #edges, tree 5
3 10
3 4;5;6
0;1;2 9;11
0;1;2 8
0;1;2 7;12
0;1;2 3
6 #edges, tree 6
8 10
3 4;5;6
0;1;2 9;11
0;1;2 8
0;1;2 7;12
0;1;2 3
6 #edges, tree 7
4;5;6 8
3 9;11
3 4;5;6
0;1;2 10
0;1;2 7;12
0;1;2 3
6 #edges, tree 8
8 9;11
4;5;6 8
3 4;5;6
0;1;2 10
0;1;2 7;12
0;1;2 3
6 #edges, tree 9
0;1;2 3
0;1;2 7;12
0;1;2 10
3 4;5;6
4;5;6 8
10 9;11
6 #edges, tree 10
0;1;2 3
0;1;2 7;12
0;1;2 8
3 4;5;6
8 10
10 9;11
6 #edges, tree 11
0;1;2 3
0;1;2 7;12
0;1;2 8
3 4;5;6
3 9;11
8 10
6 #edges, tree 12
0;1;2 3
0;1;2 7;12
0;1;2 8
3 4;5;6
8 10
8 9;11
6 #edges, tree 13
0;1;2 3
0;1;2 7;12
0;1;2 8
3 4;5;6
4;5;6 9;11
8 10
6 #edges, tree 14
0;1;2 3
0;1;2 7;12
0;1;2 8
3 4;5;6
3 9;11
4;5;6 10
6 #edges, tree 15
0;1;2 3
0;1;2 7;12
0;1;2 8
3 4;5;6
4;5;6 10
10 9;11
6 #edges, tree 16
0;1;2 3
0;1;2 7;12
0;1;2 8
3 4;5;6
4;5;6 10
4;5;6 9;11
6 #edges, tree 17
8 9;11
4;5;6 10
3 4;5;6
0;1;2 8
0;1;2 7;12
0;1;2 3
6 #edges, tree 18
10 9;11
3 10
3 4;5;6
0;1;2 8
0;1;2 7;12
0;1;2 3
6 #edges, tree 19
4;5;6 9;11
3 10
3 4;5;6
0;1;2 8
0;1;2 7;12
0;1;2 3
6 #edges, tree 20
8 9;11
3 10
3 4;5;6
0;1;2 8
0;1;2 7;12
0;1;2 3
6 #edges, tree 21
4;5;6 8
3 9;11
3 10
0;1;2 7;12
0;1;2 4;5;6
0;1;2 3
6 #edges, tree 22
8 9;11
4;5;6 8
3 10
0;1;2 7;12
0;1;2 4;5;6
0;1;2 3
6 #edges, tree 23
10 9;11
4;5;6 8
3 10
0;1;2 7;12
0;1;2 4;5;6
0;1;2 3
6 #edges, tree 24
10 9;11
3 10
3 8
0;1;2 7;12
0;1;2 4;5;6
0;1;2 3
6 #edges, tree 25
3 9;11
3 10
3 8
0;1;2 7;12
0;1;2 4;5;6
0;1;2 3
6 #edges, tree 26
4;5;6 9;11
3 10
3 8
0;1;2 7;12
0;1;2 4;5;6
0;1;2 3
6 #edges, tree 27
8 9;11
3 10
3 8
0;1;2 7;12
0;1;2 4;5;6
0;1;2 3
6 #edges, tree 28
10 9;11
8 10
3 8
0;1;2 7;12
0;1;2 4;5;6
0;1;2 3
6 #edges, tree 29
8 10
4;5;6 9;11
3 8
0;1;2 7;12
0;1;2 4;5;6
0;1;2 3
6 #edges, tree 30
8 9;11
8 10
3 8
0;1;2 7;12
0;1;2 4;5;6
0;1;2 3
6 #edges, tree 31
8 10
3 9;11
3 8
0;1;2 7;12
0;1;2 4;5;6
0;1;2 3
6 #edges, tree 32
4;5;6 9;11
4;5;6 10
3 8
0;1;2 7;12
0;1;2 4;5;6
0;1;2 3
6 #edges, tree 33
0;1;2 3
0;1;2 4;5;6
0;1;2 7;12
3 8
4;5;6 10
8 9;11
6 #edges, tree 34
0;1;2 3
0;1;2 4;5;6
0;1;2 7;12
3 8
3 9;11
4;5;6 10
6 #edges, tree 35
0;1;2 3
0;1;2 4;5;6
0;1;2 7;12
3 8
4;5;6 10
10 9;11
6 #edges, tree 36
0;1;2 3
0;1;2 4;5;6
0;1;2 7;12
3 9;11
4;5;6 8
8 10
6 #edges, tree 37
0;1;2 3
0;1;2 4;5;6
0;1;2 7;12
4;5;6 8
8 10
10 9;11
6 #edges, tree 38
0;1;2 3
0;1;2 4;5;6
0;1;2 7;12
4;5;6 8
8 10
8 9;11
6 #edges, tree 39
0;1;2 3
0;1;2 7;12
3 4;5;6
3 10
4;5;6 8
10 9;11
6 #edges, tree 40
0;1;2 3
0;1;2 7;12
3 4;5;6
3 10
4;5;6 8
8 9;11
6 #edges, tree 41
0;1;2 3
0;1;2 7;12
3 4;5;6
4;5;6 8
8 10
8 9;11
6 #edges, tree 42
0;1;2 3
0;1;2 7;12
3 4;5;6
3 9;11
4;5;6 8
8 10
6 #edges, tree 43
0;1;2 3
0;1;2 7;12
3 4;5;6
4;5;6 8
8 10
10 9;11
