7 #trees
7 #edges, tree 1
6 13
6 9;10
6 12
0;1;2;3 11
0;1;2;3 7;8
0;1;2;3 6
0;1;2;3 4;5
7 #edges, tree 2
0;1;2;3 4;5
0;1;2;3 6
0;1;2;3 7;8
0;1;2;3 11
4;5 12
6 9;10
6 13
7 #edges, tree 3
6 7;8
6 13
6 9;10
4;5 12
0;1;2;3 11
0;1;2;3 6
0;1;2;3 4;5
7 #edges, tree 4
6 13
6 9;10
12 7;8
4;5 12
0;1;2;3 11
0;1;2;3 6
0;1;2;3 4;5
7 #edges, tree 5
0;1;2;3 4;5
0;1;2;3 6
0;1;2;3 11
6 12
6 9;10
6 13
6 7;8
7 #edges, tree 6
0;1;2;3 4;5
0;1;2;3 6
0;1;2;3 11
12 7;8
6 12
6 9;10
6 13
7 #edges, tree 7
0;1;2;3 4;5
0;1;2;3 6
0;1;2;3 11
4;5 7;8
6 12
6 9;10
6 13
