315 #trees
6 #edges, tree 1
10 7;12
4;5;6 8
0;1;2 9;11
0;1;2 10
0;1;2 4;5;6
0;1;2 3
6 #edges, tree 2
0;1;2 3
0;1;2 4;5;6
0;1;2 10
0;1;2 9;11
4;5;6 8
8 7;12
6 #edges, tree 3
4;5;6 8
3 7;12
0;1;2 9;11
0;1;2 10
0;1;2 4;5;6
0;1;2 3
6 #edges, tree 4
10 7;12
3 8
0;1;2 9;11
0;1;2 10
0;1;2 4;5;6
0;1;2 3
6 #edges, tree 5
0;1;2 3
0;1;2 4;5;6
0;1;2 10
0;1;2 9;11
3 7;12
3 8
6 #edges, tree 6
0;1;2 3
0;1;2 4;5;6
0;1;2 10
0;1;2 9;11
3 8
4;5;6 7;12
6 #edges, tree 7
0;1;2 3
0;1;2 4;5;6
0;1;2 10
0;1;2 9;11
3 8
8 7;12
6 #edges, tree 8
0;1;2 3
0;1;2 7;12
0;1;2 8
0;1;2 10
0;1;2 9;11
3 4;5;6
6 #edges, tree 9
8 7;12
3 4;5;6
0;1;2 9;11
0;1;2 10
0;1;2 8
0;1;2 3
6 #edges, tree 10
4;5;6 7;12
3 4;5;6
0;1;2 9;11
0;1;2 10
0;1;2 8
0;1;2 3
6 #edges, tree 11
3 7;12
3 4;5;6
0;1;2 9;11
0;1;2 10
0;1;2 8
0;1;2 3
6 #edges, tree 12
10 7;12
3 4;5;6
0;1;2 9;11
0;1;2 10
0;1;2 8
0;1;2 3
6 #edges, tree 13
10 7;12
4;5;6 8
3 4;5;6
0;1;2 9;11
0;1;2 10
0;1;2 3
6 #edges, tree 14
4;5;6 8
3 4;5;6
0;1;2 9;11
0;1;2 10
0;1;2 7;12
0;1;2 3
6 #edges, tree 15
4;5;6 8
3 7;12
3 4;5;6
0;1;2 9;11
0;1;2 10
0;1;2 3
6 #edges, tree 16
8 7;12
4;5;6 8
3 4;5;6
0;1;2 9;11
0;1;2 10
0;1;2 3
6 #edges, tree 17
0;1;2 3
0;1;2 4;5;6
0;1;2 9;11
3 7;12
3 10
4;5;6 8
6 #edges, tree 18
0;1;2 3
0;1;2 4;5;6
0;1;2 9;11
3 7;12
4;5;6 8
8 10
6 #edges, tree 19
0;1;2 3
0;1;2 4;5;6
0;1;2 9;11
3 7;12
3 8
4;5;6 10
6 #edges, tree 20
0;1;2 3
0;1;2 4;5;6
0;1;2 9;11
3 7;12
3 8
8 10
6 #edges, tree 21
0;1;2 3
0;1;2 8
0;1;2 9;11
3 4;5;6
3 7;12
8 10
6 #edges, tree 22
0;1;2 3
0;1;2 8
0;1;2 9;11
3 4;5;6
3 7;12
4;5;6 10
6 #edges, tree 23
0;1;2 3
0;1;2 9;11
3 4;5;6
3 7;12
4;5;6 8
8 10
6 #edges, tree 24
0;1;2 3
0;1;2 7;12
0;1;2 8
0;1;2 9;11
3 4;5;6
8 10
6 #edges, tree 25
0;1;2 3
0;1;2 8
0;1;2 9;11
3 4;5;6
8 10
10 7;12
6 #edges, tree 26
0;1;2 3
0;1;2 8
0;1;2 9;11
3 4;5;6
8 7;12
8 10
6 #edges, tree 27
0;1;2 3
0;1;2 8
0;1;2 9;11
3 4;5;6
4;5;6 7;12
8 10
6 #edges, tree 28
0;1;2 3
0;1;2 8
0;1;2 9;11
3 4;5;6
3 10
8 7;12
6 #edges, tree 29
0;1;2 3
0;1;2 8
0;1;2 9;11
3 4;5;6
3 10
10 7;12
6 #edges, tree 30
0;1;2 3
0;1;2 7;12
0;1;2 8
0;1;2 9;11
3 4;5;6
3 10
6 #edges, tree 31
0;1;2 3
0;1;2 8
0;1;2 9;11
3 4;5;6
3 10
4;5;6 7;12
6 #edges, tree 32
0;1;2 3
0;1;2 7;12
0;1;2 8
0;1;2 9;11
3 4;5;6
4;5;6 10
6 #edges, tree 33
8 7;12
4;5;6 10
3 4;5;6
0;1;2 9;11
0;1;2 8
0;1;2 3
6 #edges, tree 34
4;5;6 10
4;5;6 7;12
3 4;5;6
0;1;2 9;11
0;1;2 8
0;1;2 3
6 #edges, tree 35
10 7;12
4;5;6 10
3 4;5;6
0;1;2 9;11
0;1;2 8
0;1;2 3
6 #edges, tree 36
10 7;12
3 10
3 8
0;1;2 9;11
0;1;2 4;5;6
0;1;2 3
6 #edges, tree 37
4;5;6 7;12
3 10
3 8
0;1;2 9;11
0;1;2 4;5;6
0;1;2 3
6 #edges, tree 38
3 10
3 8
0;1;2 9;11
0;1;2 7;12
0;1;2 4;5;6
0;1;2 3
6 #edges, tree 39
8 7;12
3 10
3 8
0;1;2 9;11
0;1;2 4;5;6
0;1;2 3
6 #edges, tree 40
4;5;6 8
3 10
3 4;5;6
0;1;2 9;11
0;1;2 7;12
0;1;2 3
6 #edges, tree 41
4;5;6 8
3 10
0;1;2 9;11
0;1;2 7;12
0;1;2 4;5;6
0;1;2 3
6 #edges, tree 42
10 7;12
4;5;6 8
3 10
0;1;2 9;11
0;1;2 4;5;6
0;1;2 3
6 #edges, tree 43
8 7;12
4;5;6 8
3 10
0;1;2 9;11
0;1;2 4;5;6
0;1;2 3
6 #edges, tree 44
10 7;12
4;5;6 8
3 10
3 4;5;6
0;1;2 9;11
0;1;2 3
6 #edges, tree 45
8 7;12
4;5;6 8
3 10
3 4;5;6
0;1;2 9;11
0;1;2 3
6 #edges, tree 46
8 10
4;5;6 8
3 4;5;6
0;1;2 9;11
0;1;2 7;12
0;1;2 3
6 #edges, tree 47
8 10
4;5;6 8
0;1;2 9;11
0;1;2 7;12
0;1;2 4;5;6
0;1;2 3
6 #edges, tree 48
4;5;6 10
3 8
0;1;2 9;11
0;1;2 7;12
0;1;2 4;5;6
0;1;2 3
6 #edges, tree 49
8 10
3 8
0;1;2 9;11
0;1;2 7;12
0;1;2 4;5;6
0;1;2 3
6 #edges, tree 50
8 10
8 7;12
4;5;6 8
0;1;2 9;11
0;1;2 4;5;6
0;1;2 3
6 #edges, tree 51
10 7;12
8 10
4;5;6 8
0;1;2 9;11
0;1;2 4;5;6
0;1;2 3
6 #edges, tree 52
4;5;6 10
4;5;6 7;12
3 8
0;1;2 9;11
0;1;2 4;5;6
0;1;2 3
6 #edges, tree 53
8 10
4;5;6 7;12
3 8
0;1;2 9;11
0;1;2 4;5;6
0;1;2 3
6 #edges, tree 54
8 7;12
4;5;6 10
3 8
0;1;2 9;11
0;1;2 4;5;6
0;1;2 3
6 #edges, tree 55
10 7;12
4;5;6 10
3 8
0;1;2 9;11
0;1;2 4;5;6
0;1;2 3
6 #edges, tree 56
10 7;12
8 10
3 8
0;1;2 9;11
0;1;2 4;5;6
0;1;2 3
6 #edges, tree 57
8 10
8 7;12
3 8
0;1;2 9;11
0;1;2 4;5;6
0;1;2 3
6 #edges, tree 58
8 10
8 7;12
4;5;6 8
3 4;5;6
0;1;2 9;11
0;1;2 3
6 #edges, tree 59
10 7;12
8 10
4;5;6 8
3 4;5;6
0;1;2 9;11
0;1;2 3
6 #edges, tree 60
10 9;11
4;5;6 8
0;1;2 10
0;1;2 7;12
0;1;2 4;5;6
0;1;2 3
6 #edges, tree 61
10 9;11
3 8
0;1;2 10
0;1;2 7;12
0;1;2 4;5;6
0;1;2 3
6 #edges, tree 62
10 9;11
3 4;5;6
0;1;2 10
0;1;2 8
0;1;2 7;12
0;1;2 3
6 #edges, tree 63
10 9;11
4;5;6 8
3 4;5;6
0;1;2 10
0;1;2 7;12
0;1;2 3
6 #edges, tree 64
7;12 9;11
3 4;5;6
0;1;2 10
0;1;2 8
0;1;2 7;12
0;1;2 3
6 #edges, tree 65
0;1;2 3
0;1;2 4;5;6
0;1;2 7;12
0;1;2 10
4;5;6 8
7;12 9;11
6 #edges, tree 66
0;1;2 3
0;1;2 4;5;6
0;1;2 7;12
0;1;2 10
3 8
7;12 9;11
6 #edges, tree 67
0;1;2 3
0;1;2 7;12
0;1;2 10
3 4;5;6
4;5;6 8
7;12 9;11
6 #edges, tree 68
0;1;2 3
0;1;2 4;5;6
0;1;2 7;12
0;1;2 10
3 8
4;5;6 9;11
6 #edges, tree 69
0;1;2 3
0;1;2 4;5;6
0;1;2 7;12
0;1;2 10
3 8
3 9;11
6 #edges, tree 70
0;1;2 3
0;1;2 4;5;6
0;1;2 7;12
0;1;2 10
3 8
8 9;11
6 #edges, tree 71
0;1;2 3
0;1;2 4;5;6
0;1;2 7;12
0;1;2 10
3 9;11
4;5;6 8
6 #edges, tree 72
0;1;2 3
0;1;2 4;5;6
0;1;2 7;12
0;1;2 10
4;5;6 8
8 9;11
6 #edges, tree 73
0;1;2 3
0;1;2 7;12
0;1;2 10
3 4;5;6
3 9;11
4;5;6 8
6 #edges, tree 74
0;1;2 3
0;1;2 7;12
0;1;2 8
0;1;2 10
3 4;5;6
3 9;11
6 #edges, tree 75
0;1;2 3
0;1;2 7;12
0;1;2 8
0;1;2 10
3 4;5;6
4;5;6 9;11
6 #edges, tree 76
0;1;2 3
0;1;2 7;12
0;1;2 8
0;1;2 10
3 4;5;6
8 9;11
6 #edges, tree 77
0;1;2 3
0;1;2 7;12
0;1;2 10
3 4;5;6
4;5;6 8
8 9;11
6 #edges, tree 78
0;1;2 3
0;1;2 7;12
0;1;2 8
3 4;5;6
8 10
10 9;11
6 #edges, tree 79
0;1;2 3
0;1;2 7;12
0;1;2 8
3 4;5;6
8 10
8 9;11
6 #edges, tree 80
0;1;2 3
0;1;2 7;12
0;1;2 8
3 4;5;6
7;12 9;11
8 10
6 #edges, tree 81
0;1;2 3
0;1;2 7;12
0;1;2 8
3 4;5;6
3 9;11
8 10
6 #edges, tree 82
0;1;2 3
0;1;2 7;12
0;1;2 8
3 4;5;6
4;5;6 9;11
8 10
6 #edges, tree 83
0;1;2 3
0;1;2 7;12
0;1;2 8
3 4;5;6
3 10
8 9;11
6 #edges, tree 84
0;1;2 3
0;1;2 7;12
0;1;2 8
3 4;5;6
4;5;6 10
8 9;11
6 #edges, tree 85
0;1;2 3
0;1;2 7;12
0;1;2 8
3 4;5;6
3 9;11
4;5;6 10
6 #edges, tree 86
0;1;2 3
0;1;2 7;12
0;1;2 8
3 4;5;6
4;5;6 10
7;12 9;11
6 #edges, tree 87
0;1;2 3
0;1;2 7;12
0;1;2 8
3 4;5;6
3 10
7;12 9;11
6 #edges, tree 88
0;1;2 3
0;1;2 7;12
0;1;2 8
3 4;5;6
3 10
4;5;6 9;11
6 #edges, tree 89
0;1;2 3
0;1;2 7;12
0;1;2 8
3 4;5;6
3 10
10 9;11
6 #edges, tree 90
0;1;2 3
0;1;2 7;12
0;1;2 8
3 4;5;6
4;5;6 10
4;5;6 9;11
6 #edges, tree 91
0;1;2 3
0;1;2 7;12
0;1;2 8
3 4;5;6
4;5;6 10
10 9;11
6 #edges, tree 92
0;1;2 3
0;1;2 7;12
3 4;5;6
3 10
4;5;6 8
8 9;11
6 #edges, tree 93
0;1;2 3
0;1;2 7;12
3 4;5;6
3 10
4;5;6 8
7;12 9;11
6 #edges, tree 94
0;1;2 3
0;1;2 7;12
3 4;5;6
3 10
4;5;6 8
10 9;11
6 #edges, tree 95
0;1;2 3
0;1;2 7;12
3 4;5;6
4;5;6 8
7;12 9;11
8 10
6 #edges, tree 96
0;1;2 3
0;1;2 7;12
3 4;5;6
4;5;6 8
8 10
8 9;11
6 #edges, tree 97
0;1;2 3
0;1;2 7;12
3 4;5;6
3 9;11
4;5;6 8
8 10
6 #edges, tree 98
0;1;2 3
0;1;2 7;12
3 4;5;6
4;5;6 8
8 10
10 9;11
6 #edges, tree 99
0;1;2 3
0;1;2 4;5;6
0;1;2 7;12
3 8
3 10
3 9;11
6 #edges, tree 100
0;1;2 3
0;1;2 4;5;6
0;1;2 7;12
3 8
3 9;11
4;5;6 10
6 #edges, tree 101
0;1;2 3
0;1;2 4;5;6
0;1;2 7;12
3 8
3 9;11
8 10
6 #edges, tree 102
0;1;2 3
0;1;2 4;5;6
0;1;2 7;12
3 9;11
4;5;6 8
8 10
6 #edges, tree 103
0;1;2 3
0;1;2 4;5;6
0;1;2 7;12
3 10
3 9;11
4;5;6 8
6 #edges, tree 104
0;1;2 3
0;1;2 4;5;6
0;1;2 7;12
3 8
3 10
10 9;11
6 #edges, tree 105
0;1;2 3
0;1;2 4;5;6
0;1;2 7;12
3 8
3 10
7;12 9;11
6 #edges, tree 106
0;1;2 3
0;1;2 4;5;6
0;1;2 7;12
3 8
3 10
4;5;6 9;11
6 #edges, tree 107
0;1;2 3
0;1;2 4;5;6
0;1;2 7;12
3 8
3 10
8 9;11
6 #edges, tree 108
0;1;2 3
0;1;2 4;5;6
0;1;2 7;12
3 8
4;5;6 9;11
8 10
6 #edges, tree 109
0;1;2 3
0;1;2 4;5;6
0;1;2 7;12
3 8
8 10
10 9;11
6 #edges, tree 110
0;1;2 3
0;1;2 4;5;6
0;1;2 7;12
3 8
7;12 9;11
8 10
6 #edges, tree 111
0;1;2 3
0;1;2 4;5;6
0;1;2 7;12
3 8
8 10
8 9;11
6 #edges, tree 112
0;1;2 3
0;1;2 4;5;6
0;1;2 7;12
3 8
4;5;6 10
7;12 9;11
6 #edges, tree 113
0;1;2 3
0;1;2 4;5;6
0;1;2 7;12
3 8
4;5;6 10
4;5;6 9;11
6 #edges, tree 114
0;1;2 3
0;1;2 4;5;6
0;1;2 7;12
3 8
4;5;6 10
8 9;11
6 #edges, tree 115
0;1;2 3
0;1;2 4;5;6
0;1;2 7;12
3 8
4;5;6 10
10 9;11
6 #edges, tree 116
0;1;2 3
0;1;2 4;5;6
0;1;2 7;12
3 10
4;5;6 8
7;12 9;11
6 #edges, tree 117
0;1;2 3
0;1;2 4;5;6
0;1;2 7;12
4;5;6 8
7;12 9;11
8 10
6 #edges, tree 118
0;1;2 3
0;1;2 4;5;6
0;1;2 7;12
3 10
4;5;6 8
8 9;11
6 #edges, tree 119
0;1;2 3
0;1;2 4;5;6
0;1;2 7;12
3 10
4;5;6 8
10 9;11
6 #edges, tree 120
0;1;2 3
0;1;2 4;5;6
0;1;2 7;12
4;5;6 8
8 10
10 9;11
6 #edges, tree 121
0;1;2 3
0;1;2 4;5;6
0;1;2 7;12
4;5;6 8
8 10
8 9;11
6 #edges, tree 122
0;1;2 3
0;1;2 8
0;1;2 10
3 4;5;6
3 9;11
10 7;12
6 #edges, tree 123
0;1;2 3
0;1;2 8
0;1;2 10
3 4;5;6
4;5;6 9;11
10 7;12
6 #edges, tree 124
0;1;2 3
0;1;2 8
0;1;2 10
3 4;5;6
7;12 9;11
10 7;12
6 #edges, tree 125
0;1;2 3
0;1;2 8
0;1;2 10
3 4;5;6
8 9;11
10 7;12
6 #edges, tree 126
0;1;2 3
0;1;2 8
0;1;2 10
3 4;5;6
3 7;12
8 9;11
6 #edges, tree 127
0;1;2 3
0;1;2 8
0;1;2 10
3 4;5;6
3 7;12
10 9;11
6 #edges, tree 128
0;1;2 3
0;1;2 8
0;1;2 10
3 4;5;6
3 7;12
7;12 9;11
6 #edges, tree 129
4;5;6 9;11
3 7;12
3 4;5;6
0;1;2 10
0;1;2 8
0;1;2 3
6 #edges, tree 130
8 7;12
3 9;11
3 4;5;6
0;1;2 10
0;1;2 8
0;1;2 3
6 #edges, tree 131
4;5;6 7;12
3 9;11
3 4;5;6
0;1;2 10
0;1;2 8
0;1;2 3
6 #edges, tree 132
8 9;11
4;5;6 7;12
3 4;5;6
0;1;2 10
0;1;2 8
0;1;2 3
6 #edges, tree 133
8 9;11
8 7;12
3 4;5;6
0;1;2 10
0;1;2 8
0;1;2 3
6 #edges, tree 134
10 9;11
8 7;12
3 4;5;6
0;1;2 10
0;1;2 8
0;1;2 3
6 #edges, tree 135
10 9;11
4;5;6 7;12
3 4;5;6
0;1;2 10
0;1;2 8
0;1;2 3
6 #edges, tree 136
8 7;12
4;5;6 9;11
3 4;5;6
0;1;2 10
0;1;2 8
0;1;2 3
6 #edges, tree 137
8 7;12
7;12 9;11
3 4;5;6
0;1;2 10
0;1;2 8
0;1;2 3
6 #edges, tree 138
4;5;6 9;11
4;5;6 7;12
3 4;5;6
0;1;2 10
0;1;2 8
0;1;2 3
6 #edges, tree 139
7;12 9;11
4;5;6 7;12
3 4;5;6
0;1;2 10
0;1;2 8
0;1;2 3
6 #edges, tree 140
10 9;11
3 8
3 7;12
0;1;2 10
0;1;2 4;5;6
0;1;2 3
6 #edges, tree 141
10 9;11
4;5;6 8
3 7;12
3 4;5;6
0;1;2 10
0;1;2 3
6 #edges, tree 142
10 9;11
4;5;6 8
3 7;12
0;1;2 10
0;1;2 4;5;6
0;1;2 3
6 #edges, tree 143
10 9;11
8 7;12
4;5;6 8
0;1;2 10
0;1;2 4;5;6
0;1;2 3
6 #edges, tree 144
10 9;11
4;5;6 7;12
3 8
0;1;2 10
0;1;2 4;5;6
0;1;2 3
6 #edges, tree 145
10 9;11
8 7;12
3 8
0;1;2 10
0;1;2 4;5;6
0;1;2 3
6 #edges, tree 146
10 9;11
8 7;12
4;5;6 8
3 4;5;6
0;1;2 10
0;1;2 3
6 #edges, tree 147
10 7;12
8 9;11
4;5;6 8
0;1;2 10
0;1;2 4;5;6
0;1;2 3
6 #edges, tree 148
8 9;11
8 7;12
4;5;6 8
0;1;2 10
0;1;2 4;5;6
0;1;2 3
6 #edges, tree 149
8 9;11
4;5;6 8
3 7;12
0;1;2 10
0;1;2 4;5;6
0;1;2 3
6 #edges, tree 150
8 7;12
7;12 9;11
4;5;6 8
0;1;2 10
0;1;2 4;5;6
0;1;2 3
6 #edges, tree 151
8 7;12
4;5;6 8
3 9;11
0;1;2 10
0;1;2 4;5;6
0;1;2 3
6 #edges, tree 152
10 7;12
7;12 9;11
4;5;6 8
0;1;2 10
0;1;2 4;5;6
0;1;2 3
6 #edges, tree 153
10 7;12
4;5;6 8
3 9;11
0;1;2 10
0;1;2 4;5;6
0;1;2 3
6 #edges, tree 154
4;5;6 8
3 9;11
3 7;12
0;1;2 10
0;1;2 4;5;6
0;1;2 3
6 #edges, tree 155
7;12 9;11
4;5;6 8
3 7;12
0;1;2 10
0;1;2 4;5;6
0;1;2 3
6 #edges, tree 156
4;5;6 9;11
4;5;6 7;12
3 8
0;1;2 10
0;1;2 4;5;6
0;1;2 3
6 #edges, tree 157
4;5;6 7;12
3 9;11
3 8
0;1;2 10
0;1;2 4;5;6
0;1;2 3
6 #edges, tree 158
8 9;11
4;5;6 7;12
3 8
0;1;2 10
0;1;2 4;5;6
0;1;2 3
6 #edges, tree 159
7;12 9;11
4;5;6 7;12
3 8
0;1;2 10
0;1;2 4;5;6
0;1;2 3
6 #edges, tree 160
10 7;12
4;5;6 9;11
3 8
0;1;2 10
0;1;2 4;5;6
0;1;2 3
6 #edges, tree 161
4;5;6 9;11
3 8
3 7;12
0;1;2 10
0;1;2 4;5;6
0;1;2 3
6 #edges, tree 162
8 7;12
4;5;6 9;11
3 8
0;1;2 10
0;1;2 4;5;6
0;1;2 3
6 #edges, tree 163
3 9;11
3 8
3 7;12
0;1;2 10
0;1;2 4;5;6
0;1;2 3
6 #edges, tree 164
10 7;12
3 9;11
3 8
0;1;2 10
0;1;2 4;5;6
0;1;2 3
6 #edges, tree 165
8 7;12
3 9;11
3 8
0;1;2 10
0;1;2 4;5;6
0;1;2 3
6 #edges, tree 166
8 9;11
3 8
3 7;12
0;1;2 10
0;1;2 4;5;6
0;1;2 3
6 #edges, tree 167
7;12 9;11
3 8
3 7;12
0;1;2 10
0;1;2 4;5;6
0;1;2 3
6 #edges, tree 168
10 7;12
8 9;11
3 8
0;1;2 10
0;1;2 4;5;6
0;1;2 3
6 #edges, tree 169
10 7;12
7;12 9;11
3 8
0;1;2 10
0;1;2 4;5;6
0;1;2 3
6 #edges, tree 170
8 9;11
8 7;12
3 8
0;1;2 10
0;1;2 4;5;6
0;1;2 3
6 #edges, tree 171
8 7;12
7;12 9;11
3 8
0;1;2 10
0;1;2 4;5;6
0;1;2 3
6 #edges, tree 172
10 7;12
7;12 9;11
4;5;6 8
3 4;5;6
0;1;2 10
0;1;2 3
6 #edges, tree 173
10 7;12
4;5;6 8
3 9;11
3 4;5;6
0;1;2 10
0;1;2 3
6 #edges, tree 174
10 7;12
8 9;11
4;5;6 8
3 4;5;6
0;1;2 10
0;1;2 3
6 #edges, tree 175
8 7;12
4;5;6 8
3 9;11
3 4;5;6
0;1;2 10
0;1;2 3
6 #edges, tree 176
7;12 9;11
4;5;6 8
3 7;12
3 4;5;6
0;1;2 10
0;1;2 3
6 #edges, tree 177
8 9;11
4;5;6 8
3 7;12
3 4;5;6
0;1;2 10
0;1;2 3
6 #edges, tree 178
8 7;12
7;12 9;11
4;5;6 8
3 4;5;6
0;1;2 10
0;1;2 3
6 #edges, tree 179
8 9;11
8 7;12
4;5;6 8
3 4;5;6
0;1;2 10
0;1;2 3
6 #edges, tree 180
8 7;12
7;12 9;11
4;5;6 10
3 4;5;6
0;1;2 8
0;1;2 3
6 #edges, tree 181
8 7;12
7;12 9;11
3 10
3 4;5;6
0;1;2 8
0;1;2 3
6 #edges, tree 182
8 10
8 7;12
7;12 9;11
3 4;5;6
0;1;2 8
0;1;2 3
6 #edges, tree 183
8 9;11
8 7;12
3 10
3 4;5;6
0;1;2 8
0;1;2 3
6 #edges, tree 184
8 9;11
8 10
8 7;12
3 4;5;6
0;1;2 8
0;1;2 3
6 #edges, tree 185
8 9;11
8 7;12
4;5;6 10
3 4;5;6
0;1;2 8
0;1;2 3
6 #edges, tree 186
10 9;11
8 7;12
4;5;6 10
3 4;5;6
0;1;2 8
0;1;2 3
6 #edges, tree 187
8 7;12
4;5;6 9;11
4;5;6 10
3 4;5;6
0;1;2 8
0;1;2 3
6 #edges, tree 188
8 7;12
4;5;6 10
3 9;11
3 4;5;6
0;1;2 8
0;1;2 3
6 #edges, tree 189
8 7;12
4;5;6 9;11
3 10
3 4;5;6
0;1;2 8
0;1;2 3
6 #edges, tree 190
10 9;11
8 7;12
3 10
3 4;5;6
0;1;2 8
0;1;2 3
6 #edges, tree 191
8 10
8 7;12
4;5;6 9;11
3 4;5;6
0;1;2 8
0;1;2 3
6 #edges, tree 192
10 9;11
8 10
8 7;12
3 4;5;6
0;1;2 8
0;1;2 3
6 #edges, tree 193
8 10
8 7;12
3 9;11
3 4;5;6
0;1;2 8
0;1;2 3
6 #edges, tree 194
10 7;12
8 9;11
3 10
3 4;5;6
0;1;2 8
0;1;2 3
6 #edges, tree 195
8 9;11
4;5;6 7;12
3 10
3 4;5;6
0;1;2 8
0;1;2 3
6 #edges, tree 196
10 7;12
8 9;11
4;5;6 10
3 4;5;6
0;1;2 8
0;1;2 3
6 #edges, tree 197
8 9;11
4;5;6 10
4;5;6 7;12
3 4;5;6
0;1;2 8
0;1;2 3
6 #edges, tree 198
8 9;11
4;5;6 10
3 7;12
3 4;5;6
0;1;2 8
0;1;2 3
6 #edges, tree 199
8 9;11
8 10
3 7;12
3 4;5;6
0;1;2 8
0;1;2 3
6 #edges, tree 200
8 9;11
8 10
4;5;6 7;12
3 4;5;6
0;1;2 8
0;1;2 3
6 #edges, tree 201
10 7;12
8 9;11
8 10
3 4;5;6
0;1;2 8
0;1;2 3
6 #edges, tree 202
8 10
4;5;6 7;12
3 9;11
3 4;5;6
0;1;2 8
0;1;2 3
6 #edges, tree 203
4;5;6 10
4;5;6 7;12
3 9;11
3 4;5;6
0;1;2 8
0;1;2 3
6 #edges, tree 204
10 7;12
4;5;6 10
3 9;11
3 4;5;6
0;1;2 8
0;1;2 3
6 #edges, tree 205
10 7;12
8 10
3 9;11
3 4;5;6
0;1;2 8
0;1;2 3
6 #edges, tree 206
7;12 9;11
4;5;6 10
3 7;12
3 4;5;6
0;1;2 8
0;1;2 3
6 #edges, tree 207
4;5;6 9;11
4;5;6 10
3 7;12
3 4;5;6
0;1;2 8
0;1;2 3
6 #edges, tree 208
10 9;11
4;5;6 10
3 7;12
3 4;5;6
0;1;2 8
0;1;2 3
6 #edges, tree 209
10 7;12
4;5;6 9;11
4;5;6 10
3 4;5;6
0;1;2 8
0;1;2 3
6 #edges, tree 210
10 7;12
7;12 9;11
4;5;6 10
3 4;5;6
0;1;2 8
0;1;2 3
6 #edges, tree 211
4;5;6 9;11
4;5;6 10
4;5;6 7;12
3 4;5;6
0;1;2 8
0;1;2 3
6 #edges, tree 212
7;12 9;11
4;5;6 10
4;5;6 7;12
3 4;5;6
0;1;2 8
0;1;2 3
6 #edges, tree 213
10 9;11
4;5;6 10
4;5;6 7;12
3 4;5;6
0;1;2 8
0;1;2 3
6 #edges, tree 214
8 10
4;5;6 9;11
4;5;6 7;12
3 4;5;6
0;1;2 8
0;1;2 3
6 #edges, tree 215
8 10
7;12 9;11
4;5;6 7;12
3 4;5;6
0;1;2 8
0;1;2 3
6 #edges, tree 216
10 9;11
8 10
4;5;6 7;12
3 4;5;6
0;1;2 8
0;1;2 3
6 #edges, tree 217
10 7;12
8 10
7;12 9;11
3 4;5;6
0;1;2 8
0;1;2 3
6 #edges, tree 218
10 7;12
8 10
4;5;6 9;11
3 4;5;6
0;1;2 8
0;1;2 3
6 #edges, tree 219
10 9;11
8 10
3 7;12
3 4;5;6
0;1;2 8
0;1;2 3
6 #edges, tree 220
8 10
7;12 9;11
3 7;12
3 4;5;6
0;1;2 8
0;1;2 3
6 #edges, tree 221
8 10
4;5;6 9;11
3 7;12
3 4;5;6
0;1;2 8
0;1;2 3
6 #edges, tree 222
7;12 9;11
4;5;6 7;12
3 10
3 4;5;6
0;1;2 8
0;1;2 3
6 #edges, tree 223
10 9;11
4;5;6 7;12
3 10
3 4;5;6
0;1;2 8
0;1;2 3
6 #edges, tree 224
4;5;6 9;11
4;5;6 7;12
3 10
3 4;5;6
0;1;2 8
0;1;2 3
6 #edges, tree 225
10 7;12
4;5;6 9;11
3 10
3 4;5;6
0;1;2 8
0;1;2 3
6 #edges, tree 226
10 7;12
7;12 9;11
3 10
3 4;5;6
0;1;2 8
0;1;2 3
6 #edges, tree 227
8 10
8 7;12
7;12 9;11
4;5;6 8
0;1;2 4;5;6
0;1;2 3
6 #edges, tree 228
8 7;12
7;12 9;11
4;5;6 8
3 10
0;1;2 4;5;6
0;1;2 3
6 #edges, tree 229
8 9;11
8 7;12
4;5;6 8
3 10
0;1;2 4;5;6
0;1;2 3
6 #edges, tree 230
8 9;11
8 10
8 7;12
4;5;6 8
0;1;2 4;5;6
0;1;2 3
6 #edges, tree 231
8 7;12
4;5;6 8
3 9;11
3 10
0;1;2 4;5;6
0;1;2 3
6 #edges, tree 232
10 9;11
8 7;12
4;5;6 8
3 10
0;1;2 4;5;6
0;1;2 3
6 #edges, tree 233
8 10
8 7;12
4;5;6 8
3 9;11
0;1;2 4;5;6
0;1;2 3
6 #edges, tree 234
10 9;11
8 10
8 7;12
4;5;6 8
0;1;2 4;5;6
0;1;2 3
6 #edges, tree 235
10 7;12
8 10
4;5;6 8
3 9;11
0;1;2 4;5;6
0;1;2 3
6 #edges, tree 236
8 10
4;5;6 8
3 9;11
3 7;12
0;1;2 4;5;6
0;1;2 3
6 #edges, tree 237
10 9;11
8 10
4;5;6 8
3 7;12
0;1;2 4;5;6
0;1;2 3
6 #edges, tree 238
8 9;11
8 10
4;5;6 8
3 7;12
0;1;2 4;5;6
0;1;2 3
6 #edges, tree 239
8 10
7;12 9;11
4;5;6 8
3 7;12
0;1;2 4;5;6
0;1;2 3
6 #edges, tree 240
10 7;12
8 10
7;12 9;11
4;5;6 8
0;1;2 4;5;6
0;1;2 3
6 #edges, tree 241
10 7;12
8 9;11
8 10
4;5;6 8
0;1;2 4;5;6
0;1;2 3
6 #edges, tree 242
8 9;11
4;5;6 8
3 10
3 7;12
0;1;2 4;5;6
0;1;2 3
6 #edges, tree 243
7;12 9;11
4;5;6 8
3 10
3 7;12
0;1;2 4;5;6
0;1;2 3
6 #edges, tree 244
4;5;6 8
3 9;11
3 10
3 7;12
0;1;2 4;5;6
0;1;2 3
6 #edges, tree 245
10 9;11
4;5;6 8
3 10
3 7;12
0;1;2 4;5;6
0;1;2 3
6 #edges, tree 246
10 7;12
4;5;6 8
3 9;11
3 10
0;1;2 4;5;6
0;1;2 3
6 #edges, tree 247
10 7;12
7;12 9;11
4;5;6 8
3 10
0;1;2 4;5;6
0;1;2 3
6 #edges, tree 248
10 7;12
8 9;11
4;5;6 8
3 10
0;1;2 4;5;6
0;1;2 3
6 #edges, tree 249
4;5;6 9;11
4;5;6 7;12
3 10
3 8
0;1;2 4;5;6
0;1;2 3
6 #edges, tree 250
4;5;6 7;12
3 9;11
3 10
3 8
0;1;2 4;5;6
0;1;2 3
6 #edges, tree 251
10 9;11
4;5;6 7;12
3 10
3 8
0;1;2 4;5;6
0;1;2 3
6 #edges, tree 252
7;12 9;11
4;5;6 7;12
3 10
3 8
0;1;2 4;5;6
0;1;2 3
6 #edges, tree 253
8 9;11
4;5;6 7;12
3 10
3 8
0;1;2 4;5;6
0;1;2 3
6 #edges, tree 254
4;5;6 10
4;5;6 7;12
3 9;11
3 8
0;1;2 4;5;6
0;1;2 3
6 #edges, tree 255
8 10
4;5;6 7;12
3 9;11
3 8
0;1;2 4;5;6
0;1;2 3
6 #edges, tree 256
4;5;6 9;11
4;5;6 10
4;5;6 7;12
3 8
0;1;2 4;5;6
0;1;2 3
6 #edges, tree 257
0;1;2 3
0;1;2 4;5;6
3 8
4;5;6 7;12
4;5;6 10
7;12 9;11
6 #edges, tree 258
0;1;2 3
0;1;2 4;5;6
3 8
4;5;6 7;12
4;5;6 10
8 9;11
6 #edges, tree 259
0;1;2 3
0;1;2 4;5;6
3 8
4;5;6 7;12
4;5;6 10
10 9;11
6 #edges, tree 260
0;1;2 3
0;1;2 4;5;6
3 8
4;5;6 7;12
7;12 9;11
8 10
6 #edges, tree 261
0;1;2 3
0;1;2 4;5;6
3 8
4;5;6 7;12
4;5;6 9;11
8 10
6 #edges, tree 262
0;1;2 3
0;1;2 4;5;6
3 8
4;5;6 7;12
8 10
8 9;11
6 #edges, tree 263
0;1;2 3
0;1;2 4;5;6
3 8
4;5;6 7;12
8 10
10 9;11
6 #edges, tree 264
0;1;2 3
0;1;2 4;5;6
3 8
3 10
4;5;6 9;11
10 7;12
6 #edges, tree 265
0;1;2 3
0;1;2 4;5;6
3 8
3 10
4;5;6 9;11
8 7;12
6 #edges, tree 266
0;1;2 3
0;1;2 4;5;6
3 8
3 10
7;12 9;11
10 7;12
6 #edges, tree 267
0;1;2 3
0;1;2 4;5;6
3 8
3 10
3 9;11
10 7;12
6 #edges, tree 268
0;1;2 3
0;1;2 4;5;6
3 8
3 10
8 9;11
10 7;12
6 #edges, tree 269
0;1;2 3
0;1;2 4;5;6
3 8
3 10
8 7;12
10 9;11
6 #edges, tree 270
0;1;2 3
0;1;2 4;5;6
3 8
3 10
8 7;12
8 9;11
6 #edges, tree 271
0;1;2 3
0;1;2 4;5;6
3 8
3 10
3 9;11
8 7;12
6 #edges, tree 272
0;1;2 3
0;1;2 4;5;6
3 8
3 10
7;12 9;11
8 7;12
6 #edges, tree 273
0;1;2 3
0;1;2 4;5;6
3 8
4;5;6 10
4;5;6 9;11
10 7;12
6 #edges, tree 274
0;1;2 3
0;1;2 4;5;6
3 7;12
3 8
4;5;6 10
4;5;6 9;11
6 #edges, tree 275
0;1;2 3
0;1;2 4;5;6
3 8
4;5;6 10
4;5;6 9;11
8 7;12
6 #edges, tree 276
0;1;2 3
0;1;2 4;5;6
3 7;12
3 8
4;5;6 9;11
8 10
6 #edges, tree 277
0;1;2 3
0;1;2 4;5;6
3 8
4;5;6 9;11
8 7;12
8 10
6 #edges, tree 278
0;1;2 3
0;1;2 4;5;6
3 8
4;5;6 9;11
8 10
10 7;12
6 #edges, tree 279
0;1;2 3
0;1;2 4;5;6
3 7;12
3 8
3 9;11
4;5;6 10
6 #edges, tree 280
0;1;2 3
0;1;2 4;5;6
3 8
3 9;11
4;5;6 10
10 7;12
6 #edges, tree 281
0;1;2 3
0;1;2 4;5;6
3 8
3 9;11
4;5;6 10
8 7;12
6 #edges, tree 282
0;1;2 3
0;1;2 4;5;6
3 7;12
3 8
3 9;11
8 10
6 #edges, tree 283
0;1;2 3
0;1;2 4;5;6
3 8
3 9;11
8 7;12
8 10
6 #edges, tree 284
0;1;2 3
0;1;2 4;5;6
3 8
3 9;11
8 10
10 7;12
6 #edges, tree 285
0;1;2 3
0;1;2 4;5;6
3 7;12
3 8
4;5;6 10
10 9;11
6 #edges, tree 286
0;1;2 3
0;1;2 4;5;6
3 7;12
3 8
4;5;6 10
7;12 9;11
6 #edges, tree 287
0;1;2 3
0;1;2 4;5;6
3 7;12
3 8
4;5;6 10
8 9;11
6 #edges, tree 288
0;1;2 3
0;1;2 4;5;6
3 8
4;5;6 10
7;12 9;11
8 7;12
6 #edges, tree 289
0;1;2 3
0;1;2 4;5;6
3 8
4;5;6 10
8 7;12
8 9;11
6 #edges, tree 290
0;1;2 3
0;1;2 4;5;6
3 8
4;5;6 10
8 7;12
10 9;11
6 #edges, tree 291
0;1;2 3
0;1;2 4;5;6
3 8
4;5;6 10
8 9;11
10 7;12
6 #edges, tree 292
0;1;2 3
0;1;2 4;5;6
3 8
4;5;6 10
7;12 9;11
10 7;12
6 #edges, tree 293
0;1;2 3
0;1;2 4;5;6
3 7;12
3 8
8 10
8 9;11
6 #edges, tree 294
0;1;2 3
0;1;2 4;5;6
3 7;12
3 8
8 10
10 9;11
6 #edges, tree 295
0;1;2 3
0;1;2 4;5;6
3 7;12
3 8
7;12 9;11
8 10
6 #edges, tree 296
0;1;2 3
0;1;2 4;5;6
3 8
7;12 9;11
8 7;12
8 10
6 #edges, tree 297
0;1;2 3
0;1;2 4;5;6
3 8
8 7;12
8 10
8 9;11
6 #edges, tree 298
0;1;2 3
0;1;2 4;5;6
3 8
8 7;12
8 10
10 9;11
6 #edges, tree 299
0;1;2 3
0;1;2 4;5;6
3 8
8 10
8 9;11
10 7;12
6 #edges, tree 300
0;1;2 3
0;1;2 4;5;6
3 8
7;12 9;11
8 10
10 7;12
6 #edges, tree 301
0;1;2 3
3 4;5;6
3 10
4;5;6 8
8 7;12
10 9;11
6 #edges, tree 302
0;1;2 3
3 4;5;6
3 10
4;5;6 8
7;12 9;11
10 7;12
6 #edges, tree 303
0;1;2 3
3 4;5;6
3 10
4;5;6 8
8 9;11
10 7;12
6 #edges, tree 304
0;1;2 3
3 4;5;6
3 10
4;5;6 8
8 7;12
8 9;11
6 #edges, tree 305
0;1;2 3
3 4;5;6
3 10
4;5;6 8
7;12 9;11
8 7;12
6 #edges, tree 306
0;1;2 3
3 4;5;6
3 7;12
4;5;6 8
7;12 9;11
8 10
6 #edges, tree 307
0;1;2 3
3 4;5;6
3 7;12
4;5;6 8
8 10
8 9;11
6 #edges, tree 308
0;1;2 3
3 4;5;6
3 7;12
4;5;6 8
8 10
10 9;11
6 #edges, tree 309
0;1;2 3
3 4;5;6
3 9;11
4;5;6 8
8 7;12
8 10
6 #edges, tree 310
0;1;2 3
3 4;5;6
4;5;6 8
8 7;12
8 10
8 9;11
6 #edges, tree 311
0;1;2 3
3 4;5;6
4;5;6 8
7;12 9;11
8 7;12
8 10
6 #edges, tree 312
0;1;2 3
3 4;5;6
4;5;6 8
8 7;12
8 10
10 9;11
6 #edges, tree 313
0;1;2 3
3 4;5;6
3 9;11
4;5;6 8
8 10
10 7;12
6 #edges, tree 314
0;1;2 3
3 4;5;6
4;5;6 8
8 10
8 9;11
10 7;12
6 #edges, tree 315
0;1;2 3
3 4;5;6
4;5;6 8
7;12 9;11
8 10
10 7;12
