# 16 out of 16 mutations
252 #trees
12 #edges, tree 1
7 9
2 7
2 5;12;16
2 3
2 10;15
8 14
1 4
1 11
1 8
1 6
0 2
0 1
12 #edges, tree 2
7 9
2 7
2 5;12;16
2 3
2 10;15
10;15 14
1 4
1 11
1 8
1 6
0 2
0 1
12 #edges, tree 3
7 9
2 7
2 5;12;16
2 3
2 10;15
6 14
1 4
1 11
1 8
1 6
0 2
0 1
12 #edges, tree 4
2 7
2 5;12;16
2 3
2 10;15
10;15 14
6 9
1 4
1 11
1 8
1 6
0 2
0 1
12 #edges, tree 5
2 7
2 5;12;16
2 3
2 10;15
8 14
6 9
1 4
1 11
1 8
1 6
0 2
0 1
12 #edges, tree 6
2 7
2 5;12;16
2 3
2 10;15
6 14
6 9
1 4
1 11
1 8
1 6
0 2
0 1
12 #edges, tree 7
7 9
2 7
2 5;12;16
2 3
2 8
8 14
1 4
1 11
1 10;15
1 6
0 2
0 1
12 #edges, tree 8
7 9
2 7
2 5;12;16
2 3
2 8
10;15 14
1 4
1 11
1 10;15
1 6
0 2
0 1
12 #edges, tree 9
7 9
2 7
2 5;12;16
2 3
2 8
6 14
1 4
1 11
1 10;15
1 6
0 2
0 1
12 #edges, tree 10
2 7
2 5;12;16
2 3
2 8
8 14
6 9
1 4
1 11
1 10;15
1 6
0 2
0 1
12 #edges, tree 11
2 7
2 5;12;16
2 3
2 8
10;15 14
6 9
1 4
1 11
1 10;15
1 6
0 2
0 1
12 #edges, tree 12
2 7
2 5;12;16
2 3
2 8
6 14
6 9
1 4
1 11
1 10;15
1 6
0 2
0 1
12 #edges, tree 13
7 9
2 7
2 5;12;16
2 3
2 14
8 10;15
1 4
1 11
1 8
1 6
0 2
0 1
12 #edges, tree 14
7 9
2 7
2 5;12;16
2 3
2 14
6 10;15
1 4
1 11
1 8
1 6
0 2
0 1
12 #edges, tree 15
7 9
2 7
2 5;12;16
2 3
2 8
8 10;15
1 4
1 11
1 14
1 6
0 2
0 1
12 #edges, tree 16
7 9
2 7
2 5;12;16
2 3
2 8
6 10;15
1 4
1 11
1 14
1 6
0 2
0 1
12 #edges, tree 17
7 9
2 7
2 5;12;16
2 3
10;15 14
6 10;15
1 4
1 11
1 8
1 6
0 2
0 1
12 #edges, tree 18
7 9
2 7
2 5;12;16
2 3
8 14
6 10;15
1 4
1 11
1 8
1 6
0 2
0 1
12 #edges, tree 19
7 9
2 7
2 5;12;16
2 3
2 8
8 14
6 10;15
1 4
1 11
1 6
0 2
0 1
12 #edges, tree 20
7 9
2 7
2 5;12;16
2 3
2 8
10;15 14
6 10;15
1 4
1 11
1 6
0 2
0 1
12 #edges, tree 21
7 9
2 7
2 5;12;16
2 3
2 8
8 10;15
6 14
1 4
1 11
1 6
0 2
0 1
12 #edges, tree 22
7 9
2 7
2 5;12;16
2 3
2 8
8 10;15
10;15 14
1 4
1 11
1 6
0 2
0 1
12 #edges, tree 23
7 9
2 7
2 5;12;16
2 3
8 10;15
10;15 14
1 4
1 11
1 8
1 6
0 2
0 1
12 #edges, tree 24
7 9
2 7
2 5;12;16
2 3
8 10;15
6 14
1 4
1 11
1 8
1 6
0 2
0 1
12 #edges, tree 25
2 7
2 5;12;16
2 3
2 8
8 10;15
6 14
6 9
1 4
1 11
1 6
0 2
0 1
12 #edges, tree 26
2 7
2 5;12;16
2 3
2 8
8 10;15
10;15 14
6 9
1 4
1 11
1 6
0 2
0 1
12 #edges, tree 27
2 7
2 5;12;16
2 3
2 8
8 10;15
6 9
1 4
1 11
1 14
1 6
0 2
0 1
12 #edges, tree 28
2 7
2 5;12;16
2 3
2 8
8 14
6 10;15
6 9
1 4
1 11
1 6
0 2
0 1
12 #edges, tree 29
2 7
2 5;12;16
2 3
2 8
6 10;15
6 9
1 4
1 11
1 14
1 6
0 2
0 1
12 #edges, tree 30
2 7
2 5;12;16
2 3
2 8
10;15 14
6 10;15
6 9
1 4
1 11
1 6
0 2
0 1
12 #edges, tree 31
2 7
2 5;12;16
2 3
2 14
6 10;15
6 9
1 4
1 11
1 8
1 6
0 2
0 1
12 #edges, tree 32
2 7
2 5;12;16
2 3
2 14
8 10;15
6 9
1 4
1 11
1 8
1 6
0 2
0 1
12 #edges, tree 33
2 7
2 5;12;16
2 3
8 14
6 10;15
6 9
1 4
1 11
1 8
1 6
0 2
0 1
12 #edges, tree 34
2 7
2 5;12;16
2 3
10;15 14
6 10;15
6 9
1 4
1 11
1 8
1 6
0 2
0 1
12 #edges, tree 35
2 7
2 5;12;16
2 3
8 10;15
10;15 14
6 9
1 4
1 11
1 8
1 6
0 2
0 1
12 #edges, tree 36
2 7
2 5;12;16
2 3
8 10;15
6 14
6 9
1 4
1 11
1 8
1 6
0 2
0 1
12 #edges, tree 37
7 5;12;16
2 7
2 3
2 8
8 14
6 9
1 4
1 11
1 10;15
1 6
0 2
0 1
12 #edges, tree 38
7 5;12;16
7 9
2 7
2 3
2 8
8 14
1 4
1 11
1 10;15
1 6
0 2
0 1
12 #edges, tree 39
7 5;12;16
7 9
2 7
2 3
2 8
8 14
6 10;15
1 4
1 11
1 6
0 2
0 1
12 #edges, tree 40
7 5;12;16
2 7
2 3
2 8
8 14
6 10;15
6 9
1 4
1 11
1 6
0 2
0 1
12 #edges, tree 41
7 5;12;16
2 7
2 3
2 8
8 10;15
6 9
1 4
1 11
1 14
1 6
0 2
0 1
12 #edges, tree 42
7 5;12;16
7 9
2 7
2 3
2 8
8 10;15
1 4
1 11
1 14
1 6
0 2
0 1
12 #edges, tree 43
7 5;12;16
7 9
2 7
2 3
2 8
6 10;15
1 4
1 11
1 14
1 6
0 2
0 1
12 #edges, tree 44
7 5;12;16
2 7
2 3
2 8
6 10;15
6 9
1 4
1 11
1 14
1 6
0 2
0 1
12 #edges, tree 45
7 5;12;16
7 9
2 7
2 3
2 8
8 10;15
10;15 14
1 4
1 11
1 6
0 2
0 1
12 #edges, tree 46
7 5;12;16
7 9
2 7
2 3
2 8
8 10;15
6 14
1 4
1 11
1 6
0 2
0 1
12 #edges, tree 47
7 5;12;16
2 7
2 3
2 8
8 10;15
10;15 14
6 9
1 4
1 11
1 6
0 2
0 1
12 #edges, tree 48
7 5;12;16
2 7
2 3
2 8
8 10;15
6 14
6 9
1 4
1 11
1 6
0 2
0 1
12 #edges, tree 49
7 5;12;16
7 9
2 7
2 3
2 8
10;15 14
1 4
1 11
1 10;15
1 6
0 2
0 1
12 #edges, tree 50
7 5;12;16
2 7
2 3
2 8
10;15 14
6 9
1 4
1 11
1 10;15
1 6
0 2
0 1
12 #edges, tree 51
7 5;12;16
2 7
2 3
2 8
6 14
6 9
1 4
1 11
1 10;15
1 6
0 2
0 1
12 #edges, tree 52
7 5;12;16
7 9
2 7
2 3
2 8
6 14
1 4
1 11
1 10;15
1 6
0 2
0 1
12 #edges, tree 53
7 5;12;16
7 9
2 7
2 3
2 8
10;15 14
6 10;15
1 4
1 11
1 6
0 2
0 1
12 #edges, tree 54
7 5;12;16
2 7
2 3
2 8
10;15 14
6 10;15
6 9
1 4
1 11
1 6
0 2
0 1
12 #edges, tree 55
7 9
2 7
2 3
2 8
6 5;12;16
6 10;15
1 4
1 11
1 14
1 6
0 2
0 1
12 #edges, tree 56
7 9
2 7
2 3
2 8
9 5;12;16
6 10;15
1 4
1 11
1 14
1 6
0 2
0 1
12 #edges, tree 57
7 9
2 7
2 3
2 8
10;15 14
9 5;12;16
6 10;15
1 4
1 11
1 6
0 2
0 1
12 #edges, tree 58
7 9
2 7
2 3
2 8
10;15 14
6 5;12;16
6 10;15
1 4
1 11
1 6
0 2
0 1
12 #edges, tree 59
7 9
2 7
2 3
2 8
8 14
6 5;12;16
6 10;15
1 4
1 11
1 6
0 2
0 1
12 #edges, tree 60
7 9
2 7
2 3
2 8
8 14
9 5;12;16
6 10;15
1 4
1 11
1 6
0 2
0 1
12 #edges, tree 61
2 7
2 3
2 8
8 14
9 5;12;16
6 10;15
6 9
1 4
1 11
1 6
0 2
0 1
12 #edges, tree 62
2 7
2 3
2 8
10;15 14
9 5;12;16
6 10;15
6 9
1 4
1 11
1 6
0 2
0 1
12 #edges, tree 63
2 7
2 3
2 8
9 5;12;16
6 10;15
6 9
1 4
1 11
1 14
1 6
0 2
0 1
12 #edges, tree 64
2 7
2 3
2 8
8 10;15
9 5;12;16
6 9
1 4
1 11
1 14
1 6
0 2
0 1
12 #edges, tree 65
7 9
2 7
2 3
2 8
8 10;15
6 5;12;16
1 4
1 11
1 14
1 6
0 2
0 1
12 #edges, tree 66
7 9
2 7
2 3
2 8
8 10;15
9 5;12;16
1 4
1 11
1 14
1 6
0 2
0 1
12 #edges, tree 67
7 9
2 7
2 3
2 8
8 10;15
10;15 14
9 5;12;16
1 4
1 11
1 6
0 2
0 1
12 #edges, tree 68
7 9
2 7
2 3
2 8
8 10;15
9 5;12;16
6 14
1 4
1 11
1 6
0 2
0 1
12 #edges, tree 69
7 9
2 7
2 3
2 8
8 10;15
6 5;12;16
6 14
1 4
1 11
1 6
0 2
0 1
12 #edges, tree 70
7 9
2 7
2 3
2 8
8 10;15
10;15 14
6 5;12;16
1 4
1 11
1 6
0 2
0 1
12 #edges, tree 71
2 7
2 3
2 8
8 10;15
9 5;12;16
6 14
6 9
1 4
1 11
1 6
0 2
0 1
12 #edges, tree 72
2 7
2 3
2 8
8 10;15
10;15 14
9 5;12;16
6 9
1 4
1 11
1 6
0 2
0 1
12 #edges, tree 73
2 7
2 3
2 8
9 5;12;16
6 14
6 9
1 4
1 11
1 10;15
1 6
0 2
0 1
12 #edges, tree 74
7 9
2 7
2 3
2 8
6 5;12;16
6 14
1 4
1 11
1 10;15
1 6
0 2
0 1
12 #edges, tree 75
7 9
2 7
2 3
2 8
9 5;12;16
6 14
1 4
1 11
1 10;15
1 6
0 2
0 1
12 #edges, tree 76
7 9
2 7
2 3
2 8
8 14
6 5;12;16
1 4
1 11
1 10;15
1 6
0 2
0 1
12 #edges, tree 77
7 9
2 7
2 3
2 8
10;15 14
6 5;12;16
1 4
1 11
1 10;15
1 6
0 2
0 1
12 #edges, tree 78
2 7
2 3
2 8
8 14
9 5;12;16
6 9
1 4
1 11
1 10;15
1 6
0 2
0 1
12 #edges, tree 79
2 7
2 3
2 8
10;15 14
9 5;12;16
6 9
1 4
1 11
1 10;15
1 6
0 2
0 1
12 #edges, tree 80
7 9
2 7
2 3
2 8
10;15 14
9 5;12;16
1 4
1 11
1 10;15
1 6
0 2
0 1
12 #edges, tree 81
7 9
2 7
2 3
2 8
8 14
9 5;12;16
1 4
1 11
1 10;15
1 6
0 2
0 1
12 #edges, tree 82
7 9
2 7
2 3
2 14
8 10;15
9 5;12;16
1 4
1 11
1 8
1 6
0 2
0 1
12 #edges, tree 83
7 5;12;16
7 9
2 7
2 3
2 14
8 10;15
1 4
1 11
1 8
1 6
0 2
0 1
12 #edges, tree 84
7 9
2 7
2 3
2 14
8 10;15
6 5;12;16
1 4
1 11
1 8
1 6
0 2
0 1
12 #edges, tree 85
7 9
2 7
2 3
2 14
6 5;12;16
6 10;15
1 4
1 11
1 8
1 6
0 2
0 1
12 #edges, tree 86
7 5;12;16
7 9
2 7
2 3
2 14
6 10;15
1 4
1 11
1 8
1 6
0 2
0 1
12 #edges, tree 87
7 9
2 7
2 3
2 14
9 5;12;16
6 10;15
1 4
1 11
1 8
1 6
0 2
0 1
12 #edges, tree 88
7 5;12;16
7 9
2 7
2 3
2 10;15
8 14
1 4
1 11
1 8
1 6
0 2
0 1
12 #edges, tree 89
7 5;12;16
7 9
2 7
2 3
8 14
6 10;15
1 4
1 11
1 8
1 6
0 2
0 1
12 #edges, tree 90
7 9
2 7
2 3
8 14
9 5;12;16
6 10;15
1 4
1 11
1 8
1 6
0 2
0 1
12 #edges, tree 91
7 9
2 7
2 3
2 10;15
8 14
9 5;12;16
1 4
1 11
1 8
1 6
0 2
0 1
12 #edges, tree 92
7 9
2 7
2 3
2 10;15
8 14
6 5;12;16
1 4
1 11
1 8
1 6
0 2
0 1
12 #edges, tree 93
7 9
2 7
2 3
8 14
6 5;12;16
6 10;15
1 4
1 11
1 8
1 6
0 2
0 1
12 #edges, tree 94
7 5;12;16
7 9
2 7
2 3
2 10;15
6 14
1 4
1 11
1 8
1 6
0 2
0 1
12 #edges, tree 95
7 9
2 7
2 3
2 10;15
9 5;12;16
6 14
1 4
1 11
1 8
1 6
0 2
0 1
12 #edges, tree 96
7 9
2 7
2 3
2 10;15
6 5;12;16
6 14
1 4
1 11
1 8
1 6
0 2
0 1
12 #edges, tree 97
7 9
2 7
2 3
8 10;15
9 5;12;16
6 14
1 4
1 11
1 8
1 6
0 2
0 1
12 #edges, tree 98
7 5;12;16
7 9
2 7
2 3
8 10;15
6 14
1 4
1 11
1 8
1 6
0 2
0 1
12 #edges, tree 99
7 9
2 7
2 3
8 10;15
6 5;12;16
6 14
1 4
1 11
1 8
1 6
0 2
0 1
12 #edges, tree 100
7 9
2 7
2 3
2 10;15
10;15 14
6 5;12;16
1 4
1 11
1 8
1 6
0 2
0 1
12 #edges, tree 101
7 9
2 7
2 3
10;15 14
6 5;12;16
6 10;15
1 4
1 11
1 8
1 6
0 2
0 1
12 #edges, tree 102
7 9
2 7
2 3
8 10;15
10;15 14
6 5;12;16
1 4
1 11
1 8
1 6
0 2
0 1
12 #edges, tree 103
7 5;12;16
7 9
2 7
2 3
2 10;15
10;15 14
1 4
1 11
1 8
1 6
0 2
0 1
12 #edges, tree 104
7 5;12;16
7 9
2 7
2 3
10;15 14
6 10;15
1 4
1 11
1 8
1 6
0 2
0 1
12 #edges, tree 105
7 5;12;16
7 9
2 7
2 3
8 10;15
10;15 14
1 4
1 11
1 8
1 6
0 2
0 1
12 #edges, tree 106
7 9
2 7
2 3
2 10;15
10;15 14
9 5;12;16
1 4
1 11
1 8
1 6
0 2
0 1
12 #edges, tree 107
7 9
2 7
2 3
8 10;15
10;15 14
9 5;12;16
1 4
1 11
1 8
1 6
0 2
0 1
12 #edges, tree 108
7 9
2 7
2 3
10;15 14
9 5;12;16
6 10;15
1 4
1 11
1 8
1 6
0 2
0 1
12 #edges, tree 109
7 5;12;16
2 7
2 3
2 10;15
8 14
6 9
1 4
1 11
1 8
1 6
0 2
0 1
12 #edges, tree 110
7 5;12;16
2 7
2 3
8 14
6 10;15
6 9
1 4
1 11
1 8
1 6
0 2
0 1
12 #edges, tree 111
7 5;12;16
2 7
2 3
2 10;15
6 14
6 9
1 4
1 11
1 8
1 6
0 2
0 1
12 #edges, tree 112
7 5;12;16
2 7
2 3
8 10;15
6 14
6 9
1 4
1 11
1 8
1 6
0 2
0 1
12 #edges, tree 113
7 5;12;16
2 7
2 3
2 10;15
10;15 14
6 9
1 4
1 11
1 8
1 6
0 2
0 1
12 #edges, tree 114
7 5;12;16
2 7
2 3
2 14
6 10;15
6 9
1 4
1 11
1 8
1 6
0 2
0 1
12 #edges, tree 115
7 5;12;16
2 7
2 3
2 14
8 10;15
6 9
1 4
1 11
1 8
1 6
0 2
0 1
12 #edges, tree 116
7 5;12;16
2 7
2 3
10;15 14
6 10;15
6 9
1 4
1 11
1 8
1 6
0 2
0 1
12 #edges, tree 117
7 5;12;16
2 7
2 3
8 10;15
10;15 14
6 9
1 4
1 11
1 8
1 6
0 2
0 1
12 #edges, tree 118
2 7
2 3
8 14
9 5;12;16
6 10;15
6 9
1 4
1 11
1 8
1 6
0 2
0 1
12 #edges, tree 119
2 7
2 3
2 10;15
8 14
9 5;12;16
6 9
1 4
1 11
1 8
1 6
0 2
0 1
12 #edges, tree 120
2 7
2 3
2 10;15
9 5;12;16
6 14
6 9
1 4
1 11
1 8
1 6
0 2
0 1
12 #edges, tree 121
2 7
2 3
2 10;15
10;15 14
9 5;12;16
6 9
1 4
1 11
1 8
1 6
0 2
0 1
12 #edges, tree 122
2 7
2 3
2 14
8 10;15
9 5;12;16
6 9
1 4
1 11
1 8
1 6
0 2
0 1
12 #edges, tree 123
2 7
2 3
2 14
9 5;12;16
6 10;15
6 9
1 4
1 11
1 8
1 6
0 2
0 1
12 #edges, tree 124
2 7
2 3
8 10;15
9 5;12;16
6 14
6 9
1 4
1 11
1 8
1 6
0 2
0 1
12 #edges, tree 125
2 7
2 3
8 10;15
10;15 14
9 5;12;16
6 9
1 4
1 11
1 8
1 6
0 2
0 1
12 #edges, tree 126
2 7
2 3
10;15 14
9 5;12;16
6 10;15
6 9
1 4
1 11
1 8
1 6
0 2
0 1
12 #edges, tree 127
7 9
2 7
2 4
2 3
2 8
8 14
6 5;12;16
6 10;15
1 11
1 6
0 2
0 1
12 #edges, tree 128
7 5;12;16
7 9
2 7
2 4
2 3
2 8
8 14
6 10;15
1 11
1 6
0 2
0 1
12 #edges, tree 129
7 9
2 7
2 5;12;16
2 4
2 3
2 8
8 14
6 10;15
1 11
1 6
0 2
0 1
12 #edges, tree 130
7 9
2 7
2 4
2 3
2 8
8 14
9 5;12;16
6 10;15
1 11
1 6
0 2
0 1
12 #edges, tree 131
7 9
2 7
2 5;12;16
2 4
2 3
2 8
6 10;15
1 11
1 14
1 6
0 2
0 1
12 #edges, tree 132
7 9
2 7
2 5;12;16
2 4
2 3
2 8
10;15 14
6 10;15
1 11
1 6
0 2
0 1
12 #edges, tree 133
7 9
2 7
2 4
2 3
2 8
10;15 14
9 5;12;16
6 10;15
1 11
1 6
0 2
0 1
12 #edges, tree 134
7 9
2 7
2 4
2 3
2 8
9 5;12;16
6 10;15
1 11
1 14
1 6
0 2
0 1
12 #edges, tree 135
7 5;12;16
7 9
2 7
2 4
2 3
2 8
10;15 14
6 10;15
1 11
1 6
0 2
0 1
12 #edges, tree 136
7 9
2 7
2 4
2 3
2 8
10;15 14
6 5;12;16
6 10;15
1 11
1 6
0 2
0 1
12 #edges, tree 137
7 5;12;16
7 9
2 7
2 4
2 3
2 8
6 10;15
1 11
1 14
1 6
0 2
0 1
12 #edges, tree 138
7 9
2 7
2 4
2 3
2 8
6 5;12;16
6 10;15
1 11
1 14
1 6
0 2
0 1
12 #edges, tree 139
7 9
2 7
2 4
2 3
10;15 14
9 5;12;16
6 10;15
1 11
1 8
1 6
0 2
0 1
12 #edges, tree 140
7 5;12;16
7 9
2 7
2 4
2 3
10;15 14
6 10;15
1 11
1 8
1 6
0 2
0 1
12 #edges, tree 141
7 9
2 7
2 5;12;16
2 4
2 3
10;15 14
6 10;15
1 11
1 8
1 6
0 2
0 1
12 #edges, tree 142
7 9
2 7
2 4
2 3
10;15 14
6 5;12;16
6 10;15
1 11
1 8
1 6
0 2
0 1
12 #edges, tree 143
7 9
2 7
2 4
2 3
2 14
9 5;12;16
6 10;15
1 11
1 8
1 6
0 2
0 1
12 #edges, tree 144
7 9
2 7
2 4
2 3
8 14
9 5;12;16
6 10;15
1 11
1 8
1 6
0 2
0 1
12 #edges, tree 145
7 9
2 7
2 4
2 3
2 14
6 5;12;16
6 10;15
1 11
1 8
1 6
0 2
0 1
12 #edges, tree 146
7 9
2 7
2 4
2 3
8 14
6 5;12;16
6 10;15
1 11
1 8
1 6
0 2
0 1
12 #edges, tree 147
7 5;12;16
7 9
2 7
2 4
2 3
2 14
6 10;15
1 11
1 8
1 6
0 2
0 1
12 #edges, tree 148
7 9
2 7
2 5;12;16
2 4
2 3
2 14
6 10;15
1 11
1 8
1 6
0 2
0 1
12 #edges, tree 149
7 9
2 7
2 5;12;16
2 4
2 3
8 14
6 10;15
1 11
1 8
1 6
0 2
0 1
12 #edges, tree 150
7 5;12;16
7 9
2 7
2 4
2 3
8 14
6 10;15
1 11
1 8
1 6
0 2
0 1
12 #edges, tree 151
7 5;12;16
7 9
2 7
2 4
2 3
2 8
6 14
1 11
1 10;15
1 6
0 2
0 1
12 #edges, tree 152
7 5;12;16
7 9
2 7
2 4
2 3
2 8
10;15 14
1 11
1 10;15
1 6
0 2
0 1
12 #edges, tree 153
7 5;12;16
7 9
2 7
2 4
2 3
2 8
8 14
1 11
1 10;15
1 6
0 2
0 1
12 #edges, tree 154
7 5;12;16
7 9
2 7
2 4
2 3
2 8
8 10;15
1 11
1 14
1 6
0 2
0 1
12 #edges, tree 155
7 5;12;16
7 9
2 7
2 4
2 3
8 10;15
6 14
1 11
1 8
1 6
0 2
0 1
12 #edges, tree 156
7 5;12;16
7 9
2 7
2 4
2 3
8 10;15
10;15 14
1 11
1 8
1 6
0 2
0 1
12 #edges, tree 157
7 5;12;16
7 9
2 7
2 4
2 3
2 14
8 10;15
1 11
1 8
1 6
0 2
0 1
12 #edges, tree 158
7 5;12;16
7 9
2 7
2 4
2 3
2 10;15
6 14
1 11
1 8
1 6
0 2
0 1
12 #edges, tree 159
7 5;12;16
7 9
2 7
2 4
2 3
2 10;15
8 14
1 11
1 8
1 6
0 2
0 1
12 #edges, tree 160
7 5;12;16
7 9
2 7
2 4
2 3
2 10;15
10;15 14
1 11
1 8
1 6
0 2
0 1
12 #edges, tree 161
7 5;12;16
7 9
2 7
2 4
2 3
2 8
8 10;15
10;15 14
1 11
1 6
0 2
0 1
12 #edges, tree 162
7 5;12;16
7 9
2 7
2 4
2 3
2 8
8 10;15
6 14
1 11
1 6
0 2
0 1
12 #edges, tree 163
7 9
2 7
2 4
2 3
2 8
8 14
9 5;12;16
1 11
1 10;15
1 6
0 2
0 1
12 #edges, tree 164
7 9
2 7
2 4
2 3
2 8
8 10;15
9 5;12;16
1 11
1 14
1 6
0 2
0 1
12 #edges, tree 165
7 9
2 7
2 4
2 3
2 8
8 10;15
10;15 14
9 5;12;16
1 11
1 6
0 2
0 1
12 #edges, tree 166
7 9
2 7
2 4
2 3
2 8
8 10;15
9 5;12;16
6 14
1 11
1 6
0 2
0 1
12 #edges, tree 167
7 9
2 7
2 4
2 3
2 8
10;15 14
9 5;12;16
1 11
1 10;15
1 6
0 2
0 1
12 #edges, tree 168
7 9
2 7
2 4
2 3
2 8
9 5;12;16
6 14
1 11
1 10;15
1 6
0 2
0 1
12 #edges, tree 169
7 9
2 7
2 4
2 3
2 8
8 10;15
6 5;12;16
6 14
1 11
1 6
0 2
0 1
12 #edges, tree 170
7 9
2 7
2 5;12;16
2 4
2 3
2 8
8 10;15
6 14
1 11
1 6
0 2
0 1
12 #edges, tree 171
7 9
2 7
2 4
2 3
2 8
6 5;12;16
6 14
1 11
1 10;15
1 6
0 2
0 1
12 #edges, tree 172
7 9
2 7
2 5;12;16
2 4
2 3
2 8
6 14
1 11
1 10;15
1 6
0 2
0 1
12 #edges, tree 173
7 9
2 7
2 5;12;16
2 4
2 3
2 8
10;15 14
1 11
1 10;15
1 6
0 2
0 1
12 #edges, tree 174
7 9
2 7
2 5;12;16
2 4
2 3
2 8
8 14
1 11
1 10;15
1 6
0 2
0 1
12 #edges, tree 175
7 9
2 7
2 5;12;16
2 4
2 3
2 8
8 10;15
1 11
1 14
1 6
0 2
0 1
12 #edges, tree 176
7 9
2 7
2 5;12;16
2 4
2 3
2 8
8 10;15
10;15 14
1 11
1 6
0 2
0 1
12 #edges, tree 177
7 9
2 7
2 4
2 3
2 8
8 10;15
6 5;12;16
1 11
1 14
1 6
0 2
0 1
12 #edges, tree 178
7 9
2 7
2 4
2 3
2 8
8 10;15
10;15 14
6 5;12;16
1 11
1 6
0 2
0 1
12 #edges, tree 179
7 9
2 7
2 4
2 3
2 8
8 14
6 5;12;16
1 11
1 10;15
1 6
0 2
0 1
12 #edges, tree 180
7 9
2 7
2 4
2 3
2 8
10;15 14
6 5;12;16
1 11
1 10;15
1 6
0 2
0 1
12 #edges, tree 181
7 9
2 7
2 4
2 3
2 10;15
6 5;12;16
6 14
1 11
1 8
1 6
0 2
0 1
12 #edges, tree 182
7 9
2 7
2 4
2 3
8 10;15
6 5;12;16
6 14
1 11
1 8
1 6
0 2
0 1
12 #edges, tree 183
7 9
2 7
2 4
2 3
2 10;15
10;15 14
6 5;12;16
1 11
1 8
1 6
0 2
0 1
12 #edges, tree 184
7 9
2 7
2 4
2 3
2 10;15
8 14
6 5;12;16
1 11
1 8
1 6
0 2
0 1
12 #edges, tree 185
7 9
2 7
2 4
2 3
2 14
8 10;15
6 5;12;16
1 11
1 8
1 6
0 2
0 1
12 #edges, tree 186
7 9
2 7
2 4
2 3
8 10;15
10;15 14
6 5;12;16
1 11
1 8
1 6
0 2
0 1
12 #edges, tree 187
7 9
2 7
2 4
2 3
2 14
8 10;15
9 5;12;16
1 11
1 8
1 6
0 2
0 1
12 #edges, tree 188
7 9
2 7
2 5;12;16
2 4
2 3
2 14
8 10;15
1 11
1 8
1 6
0 2
0 1
12 #edges, tree 189
7 9
2 7
2 5;12;16
2 4
2 3
2 10;15
6 14
1 11
1 8
1 6
0 2
0 1
12 #edges, tree 190
7 9
2 7
2 5;12;16
2 4
2 3
8 10;15
6 14
1 11
1 8
1 6
0 2
0 1
12 #edges, tree 191
7 9
2 7
2 5;12;16
2 4
2 3
2 10;15
10;15 14
1 11
1 8
1 6
0 2
0 1
12 #edges, tree 192
7 9
2 7
2 5;12;16
2 4
2 3
2 10;15
8 14
1 11
1 8
1 6
0 2
0 1
12 #edges, tree 193
7 9
2 7
2 5;12;16
2 4
2 3
8 10;15
10;15 14
1 11
1 8
1 6
0 2
0 1
12 #edges, tree 194
7 9
2 7
2 4
2 3
8 10;15
10;15 14
9 5;12;16
1 11
1 8
1 6
0 2
0 1
12 #edges, tree 195
7 9
2 7
2 4
2 3
8 10;15
9 5;12;16
6 14
1 11
1 8
1 6
0 2
0 1
12 #edges, tree 196
7 9
2 7
2 4
2 3
2 10;15
9 5;12;16
6 14
1 11
1 8
1 6
0 2
0 1
12 #edges, tree 197
7 9
2 7
2 4
2 3
2 10;15
8 14
9 5;12;16
1 11
1 8
1 6
0 2
0 1
12 #edges, tree 198
7 9
2 7
2 4
2 3
2 10;15
10;15 14
9 5;12;16
1 11
1 8
1 6
0 2
0 1
12 #edges, tree 199
2 7
2 5;12;16
2 4
2 3
2 8
8 14
6 10;15
6 9
1 11
1 6
0 2
0 1
12 #edges, tree 200
7 5;12;16
2 7
2 4
2 3
2 8
8 14
6 10;15
6 9
1 11
1 6
0 2
0 1
12 #edges, tree 201
2 7
2 4
2 3
2 8
8 14
9 5;12;16
6 10;15
6 9
1 11
1 6
0 2
0 1
12 #edges, tree 202
2 7
2 4
2 3
2 8
8 14
9 5;12;16
6 9
1 11
1 10;15
1 6
0 2
0 1
12 #edges, tree 203
7 5;12;16
2 7
2 4
2 3
2 8
8 14
6 9
1 11
1 10;15
1 6
0 2
0 1
12 #edges, tree 204
2 7
2 5;12;16
2 4
2 3
2 8
8 14
6 9
1 11
1 10;15
1 6
0 2
0 1
12 #edges, tree 205
7 5;12;16
2 7
2 4
2 3
2 8
8 10;15
6 14
6 9
1 11
1 6
0 2
0 1
12 #edges, tree 206
7 5;12;16
2 7
2 4
2 3
2 8
8 10;15
6 9
1 11
1 14
1 6
0 2
0 1
12 #edges, tree 207
7 5;12;16
2 7
2 4
2 3
2 8
8 10;15
10;15 14
6 9
1 11
1 6
0 2
0 1
12 #edges, tree 208
7 5;12;16
2 7
2 4
2 3
2 8
6 10;15
6 9
1 11
1 14
1 6
0 2
0 1
12 #edges, tree 209
7 5;12;16
2 7
2 4
2 3
2 8
10;15 14
6 9
1 11
1 10;15
1 6
0 2
0 1
12 #edges, tree 210
7 5;12;16
2 7
2 4
2 3
2 8
6 14
6 9
1 11
1 10;15
1 6
0 2
0 1
12 #edges, tree 211
7 5;12;16
2 7
2 4
2 3
2 8
10;15 14
6 10;15
6 9
1 11
1 6
0 2
0 1
12 #edges, tree 212
2 7
2 5;12;16
2 4
2 3
2 8
6 10;15
6 9
1 11
1 14
1 6
0 2
0 1
12 #edges, tree 213
2 7
2 5;12;16
2 4
2 3
2 8
10;15 14
6 10;15
6 9
1 11
1 6
0 2
0 1
12 #edges, tree 214
2 7
2 5;12;16
2 4
2 3
2 8
8 10;15
6 9
1 11
1 14
1 6
0 2
0 1
12 #edges, tree 215
2 7
2 5;12;16
2 4
2 3
2 8
8 10;15
10;15 14
6 9
1 11
1 6
0 2
0 1
12 #edges, tree 216
2 7
2 5;12;16
2 4
2 3
2 8
8 10;15
6 14
6 9
1 11
1 6
0 2
0 1
12 #edges, tree 217
2 7
2 5;12;16
2 4
2 3
2 8
6 14
6 9
1 11
1 10;15
1 6
0 2
0 1
12 #edges, tree 218
2 7
2 5;12;16
2 4
2 3
2 8
10;15 14
6 9
1 11
1 10;15
1 6
0 2
0 1
12 #edges, tree 219
2 7
2 4
2 3
2 8
9 5;12;16
6 10;15
6 9
1 11
1 14
1 6
0 2
0 1
12 #edges, tree 220
2 7
2 4
2 3
2 8
10;15 14
9 5;12;16
6 10;15
6 9
1 11
1 6
0 2
0 1
12 #edges, tree 221
2 7
2 4
2 3
2 8
8 10;15
9 5;12;16
6 9
1 11
1 14
1 6
0 2
0 1
12 #edges, tree 222
2 7
2 4
2 3
2 8
9 5;12;16
6 14
6 9
1 11
1 10;15
1 6
0 2
0 1
12 #edges, tree 223
2 7
2 4
2 3
2 8
8 10;15
9 5;12;16
6 14
6 9
1 11
1 6
0 2
0 1
12 #edges, tree 224
2 7
2 4
2 3
2 8
8 10;15
10;15 14
9 5;12;16
6 9
1 11
1 6
0 2
0 1
12 #edges, tree 225
2 7
2 4
2 3
2 8
10;15 14
9 5;12;16
6 9
1 11
1 10;15
1 6
0 2
0 1
12 #edges, tree 226
2 7
2 5;12;16
2 4
2 3
2 14
6 10;15
6 9
1 11
1 8
1 6
0 2
0 1
12 #edges, tree 227
2 7
2 5;12;16
2 4
2 3
2 14
8 10;15
6 9
1 11
1 8
1 6
0 2
0 1
12 #edges, tree 228
7 5;12;16
2 7
2 4
2 3
2 14
6 10;15
6 9
1 11
1 8
1 6
0 2
0 1
12 #edges, tree 229
7 5;12;16
2 7
2 4
2 3
2 14
8 10;15
6 9
1 11
1 8
1 6
0 2
0 1
12 #edges, tree 230
2 7
2 4
2 3
2 14
9 5;12;16
6 10;15
6 9
1 11
1 8
1 6
0 2
0 1
12 #edges, tree 231
2 7
2 4
2 3
2 14
8 10;15
9 5;12;16
6 9
1 11
1 8
1 6
0 2
0 1
12 #edges, tree 232
7 5;12;16
2 7
2 4
2 3
2 10;15
10;15 14
6 9
1 11
1 8
1 6
0 2
0 1
12 #edges, tree 233
7 5;12;16
2 7
2 4
2 3
2 10;15
8 14
6 9
1 11
1 8
1 6
0 2
0 1
12 #edges, tree 234
7 5;12;16
2 7
2 4
2 3
2 10;15
6 14
6 9
1 11
1 8
1 6
0 2
0 1
12 #edges, tree 235
7 5;12;16
2 7
2 4
2 3
10;15 14
6 10;15
6 9
1 11
1 8
1 6
0 2
0 1
12 #edges, tree 236
7 5;12;16
2 7
2 4
2 3
8 14
6 10;15
6 9
1 11
1 8
1 6
0 2
0 1
12 #edges, tree 237
7 5;12;16
2 7
2 4
2 3
8 10;15
6 14
6 9
1 11
1 8
1 6
0 2
0 1
12 #edges, tree 238
7 5;12;16
2 7
2 4
2 3
8 10;15
10;15 14
6 9
1 11
1 8
1 6
0 2
0 1
12 #edges, tree 239
2 7
2 5;12;16
2 4
2 3
2 10;15
8 14
6 9
1 11
1 8
1 6
0 2
0 1
12 #edges, tree 240
2 7
2 5;12;16
2 4
2 3
2 10;15
10;15 14
6 9
1 11
1 8
1 6
0 2
0 1
12 #edges, tree 241
2 7
2 5;12;16
2 4
2 3
2 10;15
6 14
6 9
1 11
1 8
1 6
0 2
0 1
12 #edges, tree 242
2 7
2 5;12;16
2 4
2 3
8 10;15
6 14
6 9
1 11
1 8
1 6
0 2
0 1
12 #edges, tree 243
2 7
2 5;12;16
2 4
2 3
8 10;15
10;15 14
6 9
1 11
1 8
1 6
0 2
0 1
12 #edges, tree 244
2 7
2 5;12;16
2 4
2 3
8 14
6 10;15
6 9
1 11
1 8
1 6
0 2
0 1
12 #edges, tree 245
2 7
2 5;12;16
2 4
2 3
10;15 14
6 10;15
6 9
1 11
1 8
1 6
0 2
0 1
12 #edges, tree 246
2 7
2 4
2 3
10;15 14
9 5;12;16
6 10;15
6 9
1 11
1 8
1 6
0 2
0 1
12 #edges, tree 247
2 7
2 4
2 3
8 14
9 5;12;16
6 10;15
6 9
1 11
1 8
1 6
0 2
0 1
12 #edges, tree 248
2 7
2 4
2 3
2 10;15
9 5;12;16
6 14
6 9
1 11
1 8
1 6
0 2
0 1
12 #edges, tree 249
2 7
2 4
2 3
2 10;15
10;15 14
9 5;12;16
6 9
1 11
1 8
1 6
0 2
0 1
12 #edges, tree 250
2 7
2 4
2 3
2 10;15
8 14
9 5;12;16
6 9
1 11
1 8
1 6
0 2
0 1
12 #edges, tree 251
2 7
2 4
2 3
8 10;15
9 5;12;16
6 14
6 9
1 11
1 8
1 6
0 2
0 1
12 #edges, tree 252
2 7
2 4
2 3
8 10;15
10;15 14
9 5;12;16
6 9
1 11
1 8
1 6
0 2
0 1
