# 13 out of 13 mutations
33 #trees
8 #edges, tree 1
7 12
3;11 5
2 7
2 3;11
0;1 10
0;1 9
0;1 4;6;8
0;1 2
8 #edges, tree 2
7 12
2 7
2 5
2 3;11
0;1 10
0;1 9
0;1 4;6;8
0;1 2
8 #edges, tree 3
7 5
7 12
2 7
2 3;11
0;1 10
0;1 9
0;1 4;6;8
0;1 2
8 #edges, tree 4
7 12
12 5
2 7
2 3;11
0;1 10
0;1 9
0;1 4;6;8
0;1 2
8 #edges, tree 5
7 5
3;11 12
2 7
2 3;11
0;1 10
0;1 9
0;1 4;6;8
0;1 2
8 #edges, tree 6
3;11 12
2 7
2 5
2 3;11
0;1 10
0;1 9
0;1 4;6;8
0;1 2
8 #edges, tree 7
12 5
3;11 12
2 7
2 3;11
0;1 10
0;1 9
0;1 4;6;8
0;1 2
8 #edges, tree 8
7 5
7 12
12 9
2 7
2 3;11
0;1 10
0;1 4;6;8
0;1 2
8 #edges, tree 9
7 5
7 12
5 9
2 7
2 3;11
0;1 10
0;1 4;6;8
0;1 2
8 #edges, tree 10
7 5
7 12
3;11 9
2 7
2 3;11
0;1 10
0;1 4;6;8
0;1 2
8 #edges, tree 11
7 5
7 12
2 9
2 7
2 3;11
0;1 10
0;1 4;6;8
0;1 2
8 #edges, tree 12
7 12
12 5
2 9
2 7
2 3;11
0;1 10
0;1 4;6;8
0;1 2
8 #edges, tree 13
7 12
3;11 5
2 9
2 7
2 3;11
0;1 10
0;1 4;6;8
0;1 2
8 #edges, tree 14
7 9
7 12
3;11 5
2 7
2 3;11
0;1 10
0;1 4;6;8
0;1 2
8 #edges, tree 15
7 9
7 12
12 5
2 7
2 3;11
0;1 10
0;1 4;6;8
0;1 2
8 #edges, tree 16
7 9
7 12
2 7
2 5
2 3;11
0;1 10
0;1 4;6;8
0;1 2
8 #edges, tree 17
7 12
5 9
12 5
2 7
2 3;11
0;1 10
0;1 4;6;8
0;1 2
8 #edges, tree 18
7 12
12 5
3;11 9
2 7
2 3;11
0;1 10
0;1 4;6;8
0;1 2
8 #edges, tree 19
7 12
12 9
2 7
2 5
2 3;11
0;1 10
0;1 4;6;8
0;1 2
8 #edges, tree 20
7 12
5 9
2 7
2 5
2 3;11
0;1 10
0;1 4;6;8
0;1 2
8 #edges, tree 21
7 12
3;11 9
2 7
2 5
2 3;11
0;1 10
0;1 4;6;8
0;1 2
8 #edges, tree 22
7 12
12 9
3;11 5
2 7
2 3;11
0;1 10
0;1 4;6;8
0;1 2
8 #edges, tree 23
7 12
5 9
3;11 5
2 7
2 3;11
0;1 10
0;1 4;6;8
0;1 2
8 #edges, tree 24
7 9
3;11 12
2 7
2 5
2 3;11
0;1 10
0;1 4;6;8
0;1 2
8 #edges, tree 25
5 9
3;11 12
2 7
2 5
2 3;11
0;1 10
0;1 4;6;8
0;1 2
8 #edges, tree 26
12 9
3;11 12
2 7
2 5
2 3;11
0;1 10
0;1 4;6;8
0;1 2
8 #edges, tree 27
7 5
12 9
3;11 12
2 7
2 3;11
0;1 10
0;1 4;6;8
0;1 2
8 #edges, tree 28
7 9
12 5
3;11 12
2 7
2 3;11
0;1 10
0;1 4;6;8
0;1 2
8 #edges, tree 29
5 9
12 5
3;11 12
2 7
2 3;11
0;1 10
0;1 4;6;8
0;1 2
8 #edges, tree 30
12 5
3;11 12
2 9
2 7
2 3;11
0;1 10
0;1 4;6;8
0;1 2
8 #edges, tree 31
7 5
3;11 12
2 9
2 7
2 3;11
0;1 10
0;1 4;6;8
0;1 2
8 #edges, tree 32
7 9
7 5
3;11 12
2 7
2 3;11
0;1 10
0;1 4;6;8
0;1 2
8 #edges, tree 33
7 5
5 9
3;11 12
2 7
2 3;11
0;1 10
0;1 4;6;8
0;1 2
