10 #m
44 #n
0 P_6 0 0 0 0 0 1 1 1
0 P_6 1 1 0.5 0.5 0.5 1 1 1
0 P_6 2 2 0 0 0 1 1 1
0 P_6 3 3 0.5 0.5 0.5 1 1 1
0 P_6 4 4 0 0 0 1 1 1
0 P_6 5 5 0 0 0 1 1 1
0 P_6 6 6 0 0 0 1 1 1
0 P_6 7 7 0 0 0 1 1 1
0 P_6 8 8 0 0 0 1 1 1
0 P_6 9 9 0.5 0.5 0.5 1 1 1
0 P_6 10 10 0.5 0.5 0.5 1 1 1
0 P_6 11 11 0 0 0 1 1 1
0 P_6 12 12 0 0 0 1 1 1
0 P_6 13 13 0 0 0 1 1 1
0 P_6 14 14 0 0 0 1 1 1
0 P_6 15 15 0 0 0 1 1 1
0 P_6 16 16 0.5 0.5 0.5 1 1 1
0 P_6 17 17 0 0 0 1 1 1
0 P_6 18 18 0 0 0 1 1 1
0 P_6 19 19 0 0 0 1 1 1
0 P_6 20 20 0 0 0 1 1 1
0 P_6 21 21 0 0 0 1 1 1
0 P_6 22 22 0.5 0.5 0.5 1 1 1
0 P_6 23 23 0 0 0 1 1 1
0 P_6 24 24 0 0 0 1 1 1
0 P_6 25 25 0 0 0 1 1 1
0 P_6 26 26 0 0 0 1 1 1
0 P_6 27 27 0 0 0 1 1 1
0 P_6 28 28 0 0 0 1 1 1
0 P_6 29 29 0 0 0 1 1 1
0 P_6 30 30 0 0 0 1 1 1
0 P_6 31 31 0.5 0.5 0.5 1 1 1
0 P_6 32 32 0 0 0 1 1 1
0 P_6 33 33 0 0 0 1 1 1
0 P_6 34 34 0 0 0 1 1 1
0 P_6 35 35 0.5 0.5 0.5 1 1 1
0 P_6 36 36 0 0 0 1 1 1
0 P_6 37 37 0.5 0.5 0.5 1 1 1
0 P_6 38 38 0 0 0 1 1 1
0 P_6 39 39 0 0 0 1 1 1
0 P_6 40 40 0 0 0 1 1 1
0 P_6 41 41 0.5 0.5 0.5 1 1 1
0 P_6 42 42 0.5 0.5 0.5 1 1 1
0 P_6 43 43 0.5 0.5 0.5 1 1 1
1 P_2 0 0 0 0 0 1 1 1
1 P_2 1 1 0.1315995 0.21739130434782608 0.310699 1 1 1
1 P_2 2 2 0 0 0 1 1 1
1 P_2 3 3 0.1283545 0.20535714285714285 0.290934 1 1 1
1 P_2 4 4 0 0 0 1 1 1
1 P_2 5 5 0.2098085 0.30434782608695654 0.386363 1 1 1
1 P_2 6 6 0 0 0 1 1 1
1 P_2 7 7 0 0 0 1 1 1
1 P_2 8 8 0 0 0 1 1 1
1 P_2 9 9 0 0 0 1 1 1
1 P_2 10 10 0 0 0 1 1 1
1 P_2 11 11 0 0 0 1 1 1
1 P_2 12 12 0.03502315 0.09210526315789473 0.1923305 1 1 1
1 P_2 13 13 0 0 0 1 1 1
1 P_2 14 14 0 0 0 1 1 1
1 P_2 15 15 0.19213 0.2767857142857143 0.356296 1 1 1
1 P_2 16 16 0.5 0.5 0.5 1 1 1
1 P_2 17 17 0.128345 0.20754716981132076 0.295332 1 1 1
1 P_2 18 18 0 0 0 1 1 1
1 P_2 19 19 0 0 0 1 1 1
1 P_2 20 20 0.1315995 0.21739130434782608 0.310699 1 1 1
1 P_2 21 21 0 0 0 1 1 1
1 P_2 22 22 0.5 0.5 0.5 1 1 1
1 P_2 23 23 0.1382425 0.21551724137931033 0.2992015 1 1 1
1 P_2 24 24 0.03602015 0.08888888888888889 0.179507 1 1 1
1 P_2 25 25 0 0 0 1 1 1
1 P_2 26 26 0 0 0 1 1 1
1 P_2 27 27 0 0 0 1 1 1
1 P_2 28 28 0 0 0 1 1 1
1 P_2 29 29 0 0 0 1 1 1
1 P_2 30 30 0 0 0 1 1 1
1 P_2 31 31 0.165351 0.2553191489361702 0.344085 1 1 1
1 P_2 32 32 0 0 0 1 1 1
1 P_2 33 33 0 0 0 1 1 1
1 P_2 34 34 0 0 0 1 1 1
1 P_2 35 35 0.215902 0.313953488372093 0.396329 1 1 1
1 P_2 36 36 0.2388095 0.3372093023255814 0.414241 1 1 1
1 P_2 37 37 0 0 0 1 1 1
1 P_2 38 38 0 0 0 1 1 1
1 P_2 39 39 0 0 0 1 1 1
1 P_2 40 40 0.0237081 0.06818181818181818 0.156048 1 1 1
1 P_2 41 41 0.141868 0.23255813953488372 0.327525 1 1 1
1 P_2 42 42 0 0 0 1 1 1
1 P_2 43 43 0.159742 0.25 0.340258 1 1 1
2 P_3 0 0 0 0 0 1 1 1
2 P_3 1 1 0.5 0.5 0.5 1 1 1
2 P_3 2 2 0 0 0 1 1 1
2 P_3 3 3 0.5 0.5 0.5 1 1 1
2 P_3 4 4 0 0 0 1 1 1
2 P_3 5 5 0 0 0 1 1 1
2 P_3 6 6 0 0 0 1 1 1
2 P_3 7 7 0 0 0 1 1 1
2 P_3 8 8 0 0 0 1 1 1
2 P_3 9 9 0.220312 0.31521739130434784 0.3950955 1 1 1
2 P_3 10 10 0.069066 0.14473684210526316 0.24925 1 1 1
2 P_3 11 11 0 0 0 1 1 1
2 P_3 12 12 0.0605625 0.12790697674418605 0.2251365 1 1 1
2 P_3 13 13 0 0 0 1 1 1
2 P_3 14 14 0 0 0 1 1 1
2 P_3 15 15 0 0 0 1 1 1
2 P_3 16 16 0.5 0.5 0.5 1 1 1
2 P_3 17 17 0 0 0 1 1 1
2 P_3 18 18 0 0 0 1 1 1
2 P_3 19 19 0 0 0 1 1 1
2 P_3 20 20 0 0 0 1 1 1
2 P_3 21 21 0 0 0 1 1 1
2 P_3 22 22 0.5 0.5 0.5 1 1 1
2 P_3 23 23 0.0989065 0.16964285714285715 0.255807 1 1 1
2 P_3 24 24 0.0651335 0.12295081967213115 0.2032625 1 1 1
2 P_3 25 25 0 0 0 1 1 1
2 P_3 26 26 0 0 0 1 1 1
2 P_3 27 27 0 0 0 1 1 1
2 P_3 28 28 0 0 0 1 1 1
2 P_3 29 29 0 0 0 1 1 1
2 P_3 30 30 0 0 0 1 1 1
2 P_3 31 31 0.5 0.5 0.5 1 1 1
2 P_3 32 32 0 0 0 1 1 1
2 P_3 33 33 0 0 0 1 1 1
2 P_3 34 34 0 0 0 1 1 1
2 P_3 35 35 0.5 0.5 0.5 1 1 1
2 P_3 36 36 0 0 0 1 1 1
2 P_3 37 37 0.04906695 0.10869565217391304 0.200814 1 1 1
2 P_3 38 38 0 0 0 1 1 1
2 P_3 39 39 0 0 0 1 1 1
2 P_3 40 40 0.112641 0.18867924528301888 0.277113 1 1 1
2 P_3 41 41 0.5 0.5 0.5 1 1 1
2 P_3 42 42 0.249482 0.33636363636363636 0.4063845 1 1 1
2 P_3 43 43 0.5 0.5 0.5 1 1 1
3 P_4 0 0 0.19534 0.28431372549019607 0.3660975 1 1 1
3 P_4 1 1 0.5 0.5 0.5 1 1 1
3 P_4 2 2 0 0 0 1 1 1
3 P_4 3 3 0.5 0.5 0.5 1 1 1
3 P_4 4 4 0 0 0 1 1 1
3 P_4 5 5 0 0 0 1 1 1
3 P_4 6 6 0.2272505 0.32558139534883723 0.4053895 1 1 1
3 P_4 7 7 0 0 0 1 1 1
3 P_4 8 8 0 0 0 1 1 1
3 P_4 9 9 0.0654805 0.13333333333333333 0.228585 1 1 1
3 P_4 10 10 0 0 0 1 1 1
3 P_4 11 11 0.204589 0.29591836734693877 0.377264 1 1 1
3 P_4 12 12 0 0 0 1 1 1
3 P_4 13 13 0 0 0 1 1 1
3 P_4 14 14 0 0 0 1 1 1
3 P_4 15 15 0 0 0 1 1 1
3 P_4 16 16 0.5 0.5 0.5 1 1 1
3 P_4 17 17 0 0 0 1 1 1
3 P_4 18 18 0 0 0 1 1 1
3 P_4 19 19 0 0 0 1 1 1
3 P_4 20 20 0 0 0 1 1 1
3 P_4 21 21 0 0 0 1 1 1
3 P_4 22 22 0.5 0.5 0.5 1 1 1
3 P_4 23 23 0.004671895 0.027777777777777776 0.113635 1 1 1
3 P_4 24 24 0 0 0 1 1 1
3 P_4 25 25 0 0 0 1 1 1
3 P_4 26 26 0 0 0 1 1 1
3 P_4 27 27 0.2453165 0.35135135135135137 0.4289365 1 1 1
3 P_4 28 28 0 0 0 1 1 1
3 P_4 29 29 0 0 0 1 1 1
3 P_4 30 30 0 0 0 1 1 1
3 P_4 31 31 0.5 0.5 0.5 1 1 1
3 P_4 32 32 0.185445 0.2755102040816326 0.3600285 1 1 1
3 P_4 33 33 0 0 0 1 1 1
3 P_4 34 34 0 0 0 1 1 1
3 P_4 35 35 0.5 0.5 0.5 1 1 1
3 P_4 36 36 0 0 0 1 1 1
3 P_4 37 37 0 0 0 1 1 1
3 P_4 38 38 0 0 0 1 1 1
3 P_4 39 39 0 0 0 1 1 1
3 P_4 40 40 0 0 0 1 1 1
3 P_4 41 41 0.5 0.5 0.5 1 1 1
3 P_4 42 42 0.1049045 0.18478260869565216 0.279688 1 1 1
3 P_4 43 43 0.5 0.5 0.5 1 1 1
4 P_5 0 0 0 0 0 1 1 1
4 P_5 1 1 0.33971 0.425531914893617 0.4718835 1 1 1
4 P_5 2 2 0.0385059 0.09 0.175527 1 1 1
4 P_5 3 3 0.335777 0.41379310344827586 0.46146 1 1 1
4 P_5 4 4 0.166086 0.25 0.333914 1 1 1
4 P_5 5 5 0.0169889 0.05434782608695652 0.1364465 1 1 1
4 P_5 6 6 0 0 0 1 1 1
4 P_5 7 7 0 0 0 1 1 1
4 P_5 8 8 0 0 0 1 1 1
4 P_5 9 9 0.1682605 0.2702702702702703 0.366583 1 1 1
4 P_5 10 10 0 0 0 1 1 1
4 P_5 11 11 0 0 0 1 1 1
4 P_5 12 12 0.03157525 0.08333333333333333 0.176658 1 1 1
4 P_5 13 13 0.224301 0.3163265306122449 0.393934 1 1 1
4 P_5 14 14 0.2608295 0.3490566037735849 0.417272 1 1 1
4 P_5 15 15 0.0208004 0.06 0.1394885 1 1 1
4 P_5 16 16 0.5 0.5 0.5 1 1 1
4 P_5 17 17 0.0212141 0.06756756756756757 0.164835 1 1 1
4 P_5 18 18 0.161462 0.25 0.338538 1 1 1
4 P_5 19 19 0.01499805 0.04807692307692308 0.1223645 1 1 1
4 P_5 20 20 0.0352088 0.08695652173913043 0.1761395 1 1 1
4 P_5 21 21 0 0 0 1 1 1
4 P_5 22 22 0.5 0.5 0.5 1 1 1
4 P_5 23 23 0.0701415 0.13829787234042554 0.231664 1 1 1
4 P_5 24 24 0.0701415 0.13829787234042554 0.231664 1 1 1
4 P_5 25 25 0 0 0 1 1 1
4 P_5 26 26 0 0 0 1 1 1
4 P_5 27 27 0 0 0 1 1 1
4 P_5 28 28 0 0 0 1 1 1
4 P_5 29 29 0.02215915 0.06382978723404255 0.1473085 1 1 1
4 P_5 30 30 0 0 0 1 1 1
4 P_5 31 31 0.2784375 0.3815789473684211 0.4487055 1 1 1
4 P_5 32 32 0 0 0 1 1 1
4 P_5 33 33 0 0 0 1 1 1
4 P_5 34 34 0.0090551 0.03333333333333333 0.0961845 1 1 1
4 P_5 35 35 0.308437 0.3942307692307692 0.450411 1 1 1
4 P_5 36 36 0.0192285 0.05555555555555555 0.13026 1 1 1
4 P_5 37 37 0 0 0 1 1 1
4 P_5 38 38 0.016269 0.052083333333333336 0.131408 1 1 1
4 P_5 39 39 0 0 0 1 1 1
4 P_5 40 40 0.0111089 0.04081632653061224 0.1155255 1 1 1
4 P_5 41 41 0.333175 0.41509433962264153 0.4637515 1 1 1
4 P_5 42 42 0.2098085 0.30434782608695654 0.386363 1 1 1
4 P_5 43 43 0.330371 0.41346153846153844 0.463029 1 1 1
5 P_9 0 0 0 0 0 1 1 1
5 P_9 1 1 0.08595 0.1595744680851064 0.2536175 1 1 1
5 P_9 2 2 0.136373 0.2169811320754717 0.304265 1 1 1
5 P_9 3 3 0.120833 0.19642857142857142 0.2823125 1 1 1
5 P_9 4 4 0.0717655 0.14130434782608695 0.2358665 1 1 1
5 P_9 5 5 0.138708 0.21818181818181817 0.3038705 1 1 1
5 P_9 6 6 0 0 0 1 1 1
5 P_9 7 7 0 0 0 1 1 1
5 P_9 8 8 0.0970395 0.16666666666666666 0.2520305 1 1 1
5 P_9 9 9 0.095242 0.16379310344827586 0.24836 1 1 1
5 P_9 10 10 0 0 0 1 1 1
5 P_9 11 11 0 0 0 1 1 1
5 P_9 12 12 0 0 0 1 1 1
5 P_9 13 13 0.079521 0.14545454545454545 0.231791 1 1 1
5 P_9 14 14 0.073803 0.13559322033898305 0.2182895 1 1 1
5 P_9 15 15 0.0807235 0.16216216216216217 0.268266 1 1 1
5 P_9 16 16 0.5 0.5 0.5 1 1 1
5 P_9 17 17 0.145479 0.23 0.31879 1 1 1
5 P_9 18 18 0.0731805 0.1527777777777778 0.2603495 1 1 1
5 P_9 19 19 0.143704 0.22321428571428573 0.30787 1 1 1
5 P_9 20 20 0.1696195 0.25471698113207547 0.3388605 1 1 1
5 P_9 21 21 0 0 0 1 1 1
5 P_9 22 22 0.5 0.5 0.5 1 1 1
5 P_9 23 23 0 0 0 1 1 1
5 P_9 24 24 0 0 0 1 1 1
5 P_9 25 25 0 0 0 1 1 1
5 P_9 26 26 0 0 0 1 1 1
5 P_9 27 27 0 0 0 1 1 1
5 P_9 28 28 0.0701415 0.13829787234042554 0.231664 1 1 1
5 P_9 29 29 0.0954815 0.16666666666666666 0.2544015 1 1 1
5 P_9 30 30 0.0415072 0.09259259259259259 0.1748625 1 1 1
5 P_9 31 31 0.1919505 0.26811594202898553 0.3414215 1 1 1
5 P_9 32 32 0 0 0 1 1 1
5 P_9 33 33 0.082728 0.1509433962264151 0.2391705 1 1 1
5 P_9 34 34 0.1415515 0.2222222222222222 0.3084125 1 1 1
5 P_9 35 35 0.1696195 0.25471698113207547 0.3388605 1 1 1
5 P_9 36 36 0.1998535 0.29 0.37161 1 1 1
5 P_9 37 37 0 0 0 1 1 1
5 P_9 38 38 0.18027 0.2708333333333333 0.356779 1 1 1
5 P_9 39 39 0 0 0 1 1 1
5 P_9 40 40 0 0 0 1 1 1
5 P_9 41 41 0.201583 0.28125 0.3556205 1 1 1
5 P_9 42 42 0.095242 0.16379310344827586 0.24836 1 1 1
5 P_9 43 43 0.231277 0.3106060606060606 0.3799595 1 1 1
6 P_0 0 0 0.0670615 0.13636363636363635 0.2329105 1 1 1
6 P_0 1 1 0.226133 0.32222222222222224 0.4013325 1 1 1
6 P_0 2 2 0 0 0 1 1 1
6 P_0 3 3 0.1744085 0.2540983606557377 0.3330615 1 1 1
6 P_0 4 4 0.1049045 0.18478260869565216 0.279688 1 1 1
6 P_0 5 5 0 0 0 1 1 1
6 P_0 6 6 0.0672525 0.12962962962962962 0.2158925 1 1 1
6 P_0 7 7 0.098189 0.1640625 0.2444935 1 1 1
6 P_0 8 8 0.1190385 0.19166666666666668 0.274797 1 1 1
6 P_0 9 9 0.125553 0.20833333333333334 0.3003475 1 1 1
6 P_0 10 10 0 0 0 1 1 1
6 P_0 11 11 0.0731805 0.1527777777777778 0.2603495 1 1 1
6 P_0 12 12 0 0 0 1 1 1
6 P_0 13 13 0.0902305 0.1557377049180328 0.2379475 1 1 1
6 P_0 14 14 0.0561755 0.11206896551724138 0.193554 1 1 1
6 P_0 15 15 0 0 0 1 1 1
6 P_0 16 16 0.5 0.5 0.5 1 1 1
6 P_0 17 17 0 0 0 1 1 1
6 P_0 18 18 0.08595 0.1595744680851064 0.2536175 1 1 1
6 P_0 19 19 0 0 0 1 1 1
6 P_0 20 20 0 0 0 1 1 1
6 P_0 21 21 0 0 0 1 1 1
6 P_0 22 22 0.5 0.5 0.5 1 1 1
6 P_0 23 23 0 0 0 1 1 1
6 P_0 24 24 0 0 0 1 1 1
6 P_0 25 25 0 0 0 1 1 1
6 P_0 26 26 0 0 0 1 1 1
6 P_0 27 27 0.0886755 0.1532258064516129 0.234663 1 1 1
6 P_0 28 28 0.1355425 0.2261904761904762 0.3228035 1 1 1
6 P_0 29 29 0 0 0 1 1 1
6 P_0 30 30 0.0605575 0.12037037037037036 0.2058985 1 1 1
6 P_0 31 31 0.5 0.5 0.5 1 1 1
6 P_0 32 32 0.11011 0.18032786885245902 0.262895 1 1 1
6 P_0 33 33 0.04599075 0.09523809523809523 0.1710405 1 1 1
6 P_0 34 34 0 0 0 1 1 1
6 P_0 35 35 0.5 0.5 0.5 1 1 1
6 P_0 36 36 0 0 0 1 1 1
6 P_0 37 37 0 0 0 1 1 1
6 P_0 38 38 0 0 0 1 1 1
6 P_0 39 39 0 0 0 1 1 1
6 P_0 40 40 0 0 0 1 1 1
6 P_0 41 41 0.5 0.5 0.5 1 1 1
6 P_0 42 42 0.072974 0.14 0.2304755 1 1 1
6 P_0 43 43 0.5 0.5 0.5 1 1 1
7 P_1 0 0 0 0 0 1 1 1
7 P_1 1 1 0.2479695 0.3333333333333333 0.4029605 1 1 1
7 P_1 2 2 0 0 0 1 1 1
7 P_1 3 3 0.199522 0.3125 0.4054855 1 1 1
7 P_1 4 4 0 0 0 1 1 1
7 P_1 5 5 0.1320345 0.22093023255813954 0.3169535 1 1 1
7 P_1 6 6 0.1255445 0.2111111111111111 0.3058235 1 1 1
7 P_1 7 7 0 0 0 1 1 1
7 P_1 8 8 0 0 0 1 1 1
7 P_1 9 9 0.02549025 0.07317073170731707 0.1658775 1 1 1
7 P_1 10 10 0 0 0 1 1 1
7 P_1 11 11 0 0 0 1 1 1
7 P_1 12 12 0 0 0 1 1 1
7 P_1 13 13 0 0 0 1 1 1
7 P_1 14 14 0 0 0 1 1 1
7 P_1 15 15 0.2049625 0.288135593220339 0.364333 1 1 1
7 P_1 16 16 0.5 0.5 0.5 1 1 1
7 P_1 17 17 0.146906 0.2222222222222222 0.3023165 1 1 1
7 P_1 18 18 0 0 0 1 1 1
7 P_1 19 19 0 0 0 1 1 1
7 P_1 20 20 0.1889525 0.2711864406779661 0.3495445 1 1 1
7 P_1 21 21 0.122736 0.20408163265306123 0.295411 1 1 1
7 P_1 22 22 0.5 0.5 0.5 1 1 1
7 P_1 23 23 0 0 0 1 1 1
7 P_1 24 24 0 0 0 1 1 1
7 P_1 25 25 0.148006 0.23863636363636365 0.331995 1 1 1
7 P_1 26 26 0.089992 0.16326530612244897 0.255387 1 1 1
7 P_1 27 27 0.0989065 0.16964285714285715 0.255807 1 1 1
7 P_1 28 28 0 0 0 1 1 1
7 P_1 29 29 0 0 0 1 1 1
7 P_1 30 30 0 0 0 1 1 1
7 P_1 31 31 0.18027 0.2708333333333333 0.356779 1 1 1
7 P_1 32 32 0 0 0 1 1 1
7 P_1 33 33 0 0 0 1 1 1
7 P_1 34 34 0 0 0 1 1 1
7 P_1 35 35 0.144323 0.23333333333333334 0.3262635 1 1 1
7 P_1 36 36 0.1994725 0.29347826086956524 0.3774635 1 1 1
7 P_1 37 37 0 0 0 1 1 1
7 P_1 38 38 0 0 0 1 1 1
7 P_1 39 39 0.1408225 0.22826086956521738 0.32071 1 1 1
7 P_1 40 40 0 0 0 1 1 1
7 P_1 41 41 0.175594 0.25892857142857145 0.340548 1 1 1
7 P_1 42 42 0.01863855 0.05952380952380952 0.1477685 1 1 1
7 P_1 43 43 0.155915 0.24468085106382978 0.334649 1 1 1
8 P_7 0 0 0 0 0 1 1 1
8 P_7 1 1 0.113637 0.1956521739130435 0.2901915 1 1 1
8 P_7 2 2 0 0 0 1 1 1
8 P_7 3 3 0.0654805 0.13333333333333333 0.228585 1 1 1
8 P_7 4 4 0.0780095 0.14285714285714285 0.228265 1 1 1
8 P_7 5 5 0.13749 0.22340425531914893 0.3153285 1 1 1
8 P_7 6 6 0 0 0 1 1 1
8 P_7 7 7 0.0116652 0.05172413793103448 0.160157 1 1 1
8 P_7 8 8 0.1749365 0.26595744680851063 0.3533725 1 1 1
8 P_7 9 9 0.1001635 0.17708333333333334 0.2701565 1 1 1
8 P_7 10 10 0 0 0 1 1 1
8 P_7 11 11 0 0 0 1 1 1
8 P_7 12 12 0 0 0 1 1 1
8 P_7 13 13 0.0585785 0.12 0.2091165 1 1 1
8 P_7 14 14 0.1164095 0.2 0.295348 1 1 1
8 P_7 15 15 0.079521 0.14545454545454545 0.231791 1 1 1
8 P_7 16 16 0.5 0.5 0.5 1 1 1
8 P_7 17 17 0.1343145 0.21875 0.3101115 1 1 1
8 P_7 18 18 0.0804345 0.15 0.2408885 1 1 1
8 P_7 19 19 0 0 0 1 1 1
8 P_7 20 20 0.10156 0.17647058823529413 0.2667825 1 1 1
8 P_7 21 21 0 0 0 1 1 1
8 P_7 22 22 0.5 0.5 0.5 1 1 1
8 P_7 23 23 0 0 0 1 1 1
8 P_7 24 24 0 0 0 1 1 1
8 P_7 25 25 0 0 0 1 1 1
8 P_7 26 26 0 0 0 1 1 1
8 P_7 27 27 0 0 0 1 1 1
8 P_7 28 28 0.079521 0.14545454545454545 0.231791 1 1 1
8 P_7 29 29 0 0 0 1 1 1
8 P_7 30 30 0.00661325 0.029411764705882353 0.097755 1 1 1
8 P_7 31 31 0.218518 0.3076923076923077 0.384996 1 1 1
8 P_7 32 32 0 0 0 1 1 1
8 P_7 33 33 0.0677205 0.125 0.203437 1 1 1
8 P_7 34 34 0 0 0 1 1 1
8 P_7 35 35 0.1887035 0.2840909090909091 0.3712935 1 1 1
8 P_7 36 36 0.1103745 0.18518518518518517 0.2728715 1 1 1
8 P_7 37 37 0 0 0 1 1 1
8 P_7 38 38 0 0 0 1 1 1
8 P_7 39 39 0 0 0 1 1 1
8 P_7 40 40 0 0 0 1 1 1
8 P_7 41 41 0.2670895 0.36363636363636365 0.4329385 1 1 1
8 P_7 42 42 0.115892 0.20238095238095238 0.300798 1 1 1
8 P_7 43 43 0.2304095 0.3157894736842105 0.388743 1 1 1
9 P_8 0 0 0 0 0 1 1 1
9 P_8 1 1 0.161021 0.2413793103448276 0.32334 1 1 1
9 P_8 2 2 0 0 0 1 1 1
9 P_8 3 3 0.1838125 0.26785714285714285 0.3484715 1 1 1
9 P_8 4 4 0.0902855 0.17073170731707318 0.2714655 1 1 1
9 P_8 5 5 0.0074988 0.03333333333333333 0.109404 1 1 1
9 P_8 6 6 0 0 0 1 1 1
9 P_8 7 7 0 0 0 1 1 1
9 P_8 8 8 0.03932235 0.09183673469387756 0.17863 1 1 1
9 P_8 9 9 0.224356 0.32894736842105265 0.4118925 1 1 1
9 P_8 10 10 0.0281167 0.07446808510638298 0.16029 1 1 1
9 P_8 11 11 0 0 0 1 1 1
9 P_8 12 12 0 0 0 1 1 1
9 P_8 13 13 0.1023585 0.1875 0.289005 1 1 1
9 P_8 14 14 0.064323 0.12745098039215685 0.2162195 1 1 1
9 P_8 15 15 0.0216869 0.0625 0.144607 1 1 1
9 P_8 16 16 0.5 0.5 0.5 1 1 1
9 P_8 17 17 0.0617625 0.12264150943396226 0.2092295 1 1 1
9 P_8 18 18 0.125622 0.20588235294117646 0.2953865 1 1 1
9 P_8 19 19 0 0 0 1 1 1
9 P_8 20 20 0.02756255 0.07894736842105263 0.177011 1 1 1
9 P_8 21 21 0 0 0 1 1 1
9 P_8 22 22 0.5 0.5 0.5 1 1 1
9 P_8 23 23 0 0 0 1 1 1
9 P_8 24 24 0 0 0 1 1 1
9 P_8 25 25 0 0 0 1 1 1
9 P_8 26 26 0 0 0 1 1 1
9 P_8 27 27 0 0 0 1 1 1
9 P_8 28 28 0.0636985 0.13414634146341464 0.2342165 1 1 1
9 P_8 29 29 0 0 0 1 1 1
9 P_8 30 30 0.090009 0.16037735849056603 0.248855 1 1 1
9 P_8 31 31 0.396747 0.46875 0.492972 1 1 1
9 P_8 32 32 0 0 0 1 1 1
9 P_8 33 33 0.086831 0.15254237288135594 0.2360695 1 1 1
9 P_8 34 34 0 0 0 1 1 1
9 P_8 35 35 0.327923 0.4090909090909091 0.4592765 1 1 1
9 P_8 36 36 0.0362485 0.08490566037735849 0.166825 1 1 1
9 P_8 37 37 0.03229925 0.08 0.163832 1 1 1
9 P_8 38 38 0 0 0 1 1 1
9 P_8 39 39 0 0 0 1 1 1
9 P_8 40 40 0 0 0 1 1 1
9 P_8 41 41 0.2706565 0.3584905660377358 0.424412 1 1 1
9 P_8 42 42 0.248863 0.34 0.411942 1 1 1
9 P_8 43 43 0.306359 0.3958333333333333 0.4530705 1 1 1
