10 #m
9 #n
0 P_8 0 0 0.5 0.5 0.5 1 1 1
0 P_8 1 1 0.0780025 0.1276595744680851 0.191689 1 1 1
0 P_8 2 2 0.09677 0.14761904761904762 0.209285 1 1 1
0 P_8 3 3 0.094682 0.14563106796116504 0.2078135 1 1 1
0 P_8 4 4 0.05658 0.1 0.1608525 1 1 1
0 P_8 5 5 0.5 0.5 0.5 1 1 1
0 P_8 6 6 0.1488125 0.20918367346938777 0.2741655 1 1 1
0 P_8 7 7 0.1272135 0.18617021276595744 0.2526305 1 1 1
0 P_8 8 8 0.108912 0.1619047619047619 0.224207 1 1 1
1 P_4 0 0 0.5 0.5 0.5 1 1 1
1 P_4 1 1 0.1081165 0.16176470588235295 0.2250015 1 1 1
1 P_4 2 2 0.1258085 0.18055555555555555 0.2424455 1 1 1
1 P_4 3 3 0.1100935 0.1608695652173913 0.220273 1 1 1
1 P_4 4 4 0.0477009 0.08482142857142858 0.138319 1 1 1
1 P_4 5 5 0.5 0.5 0.5 1 1 1
1 P_4 6 6 0 0 0 1 1 1
1 P_4 7 7 0.144917 0.20786516853932585 0.2760335 1 1 1
1 P_4 8 8 0.143876 0.20192307692307693 0.265099 1 1 1
2 P_6 0 0 0.5 0.5 0.5 1 1 1
2 P_6 1 1 0.3987365 0.45108695652173914 0.479421 1 1 1
2 P_6 2 2 0.3585365 0.41954022988505746 0.459129 1 1 1
2 P_6 3 3 0.1962015 0.25688073394495414 0.3168585 1 1 1
2 P_6 4 4 0.0534945 0.09210526315789473 0.1461095 1 1 1
2 P_6 5 5 0.5 0.5 0.5 1 1 1
2 P_6 6 6 0 0 0 1 1 1
2 P_6 7 7 0.3443965 0.3968253968253968 0.436256 1 1 1
2 P_6 8 8 0.360498 0.4166666666666667 0.454755 1 1 1
3 P_0 0 0 0.5 0.5 0.5 1 1 1
3 P_0 1 1 0.2268485 0.29545454545454547 0.3583675 1 1 1
3 P_0 2 2 0.205006 0.26605504587155965 0.325467 1 1 1
3 P_0 3 3 0.272798 0.33490566037735847 0.3881225 1 1 1
3 P_0 4 4 0 0 0 1 1 1
3 P_0 5 5 0.5 0.5 0.5 1 1 1
3 P_0 6 6 0 0 0 1 1 1
3 P_0 7 7 0.262838 0.32673267326732675 0.382209 1 1 1
3 P_0 8 8 0.2107555 0.2760416666666667 0.3383275 1 1 1
4 P_2 0 0 0.5 0.5 0.5 1 1 1
4 P_2 1 1 0.106751 0.1588785046728972 0.2204615 1 1 1
4 P_2 2 2 0.1243675 0.18674698795180722 0.2575035 1 1 1
4 P_2 3 3 0 0 0 1 1 1
4 P_2 4 4 0 0 0 1 1 1
4 P_2 5 5 0.5 0.5 0.5 1 1 1
4 P_2 6 6 0.1159595 0.16981132075471697 0.2320605 1 1 1
4 P_2 7 7 0.085672 0.13953488372093023 0.2075315 1 1 1
4 P_2 8 8 0.112565 0.1651376146788991 0.2263605 1 1 1
5 P_3 0 0 0.5 0.5 0.5 1 1 1
5 P_3 1 1 0.046057 0.08823529411764706 0.151313 1 1 1
5 P_3 2 2 0.03597205 0.06944444444444445 0.121443 1 1 1
5 P_3 3 3 0 0 0 1 1 1
5 P_3 4 4 0 0 0 1 1 1
5 P_3 5 5 0.5 0.5 0.5 1 1 1
5 P_3 6 6 0 0 0 1 1 1
5 P_3 7 7 0.0185298 0.046511627906976744 0.1004 1 1 1
5 P_3 8 8 0.03480055 0.07065217391304347 0.127968 1 1 1
6 P_5 0 0 0.5 0.5 0.5 1 1 1
6 P_5 1 1 0.04887335 0.08823529411764706 0.1451495 1 1 1
6 P_5 2 2 0.064516 0.10891089108910891 0.16877 1 1 1
6 P_5 3 3 0 0 0 1 1 1
6 P_5 4 4 0 0 0 1 1 1
6 P_5 5 5 0.5 0.5 0.5 1 1 1
6 P_5 6 6 0 0 0 1 1 1
6 P_5 7 7 0.050922 0.09340659340659341 0.1548505 1 1 1
6 P_5 8 8 0.03181175 0.06666666666666667 0.123922 1 1 1
7 P_7 0 0 0.5 0.5 0.5 1 1 1
7 P_7 1 1 0.2461285 0.3112244897959184 0.369405 1 1 1
7 P_7 2 2 0.248755 0.31666666666666665 0.3764075 1 1 1
7 P_7 3 3 0.0811575 0.13 0.1921275 1 1 1
7 P_7 4 4 0 0 0 1 1 1
7 P_7 5 5 0.5 0.5 0.5 1 1 1
7 P_7 6 6 0.05769 0.09905660377358491 0.156212 1 1 1
7 P_7 7 7 0.2371135 0.3 0.3576015 1 1 1
7 P_7 8 8 0.213503 0.27722772277227725 0.3379645 1 1 1
8 P_1 0 0 0.5 0.5 0.5 1 1 1
8 P_1 1 1 0.095401 0.14893617021276595 0.2143485 1 1 1
8 P_1 2 2 0.0638565 0.10784313725490197 0.167264 1 1 1
8 P_1 3 3 0.01831305 0.04597701149425287 0.0993295 1 1 1
8 P_1 4 4 0 0 0 1 1 1
8 P_1 5 5 0.5 0.5 0.5 1 1 1
8 P_1 6 6 0 0 0 1 1 1
8 P_1 7 7 0.098006 0.14655172413793102 0.2050255 1 1 1
8 P_1 8 8 0.080639 0.13636363636363635 0.2082415 1 1 1
9 P_9 0 0 0.5 0.5 0.5 1 1 1
9 P_9 1 1 0.080313 0.12871287128712872 0.190412 1 1 1
9 P_9 2 2 0.04715655 0.08673469387755102 0.1447205 1 1 1
9 P_9 3 3 0.03530015 0.06818181818181818 0.1193915 1 1 1
9 P_9 4 4 0 0 0 1 1 1
9 P_9 5 5 0.5 0.5 0.5 1 1 1
9 P_9 6 6 0 0 0 1 1 1
9 P_9 7 7 0.03372535 0.06521739130434782 0.114552 1 1 1
9 P_9 8 8 0.03403925 0.06914893617021277 0.1254595 1 1 1
