2 #m
542 #n
0 P_0 0 0 0 0 0 1 1 1
0 P_0 1 1 0.29779 0.38461538461538464 0.44379 1 1 1
0 P_0 2 2 0.2092335 0.2980769230769231 0.3770275 1 1 1
0 P_0 3 3 0.2941015 0.37962962962962965 0.4394425 1 1 1
0 P_0 4 4 0.03932235 0.09183673469387756 0.17863 1 1 1
0 P_0 5 5 0.2657835 0.36585365853658536 0.4363015 1 1 1
0 P_0 6 6 0.279612 0.3723404255319149 0.4374675 1 1 1
0 P_0 7 7 0.26693 0.3557692307692308 0.422863 1 1 1
0 P_0 8 8 0.0239254 0.06363636363636363 0.139552 1 1 1
0 P_0 9 9 0.248363 0.34444444444444444 0.4183325 1 1 1
0 P_0 10 10 0 0 0 1 1 1
0 P_0 11 11 0.284467 0.3684210526315789 0.4300295 1 1 1
0 P_0 12 12 0 0 0 1 1 1
0 P_0 13 13 0.243672 0.3409090909090909 0.416337 1 1 1
0 P_0 14 14 0.1994725 0.29347826086956524 0.3774635 1 1 1
0 P_0 15 15 0 0 0 1 1 1
0 P_0 16 16 0.32137 0.40816326530612246 0.4606775 1 1 1
0 P_0 17 17 0.225203 0.30833333333333335 0.3809615 1 1 1
0 P_0 18 18 0.223549 0.3137254901960784 0.3905525 1 1 1
0 P_0 19 19 0.261489 0.3541666666666667 0.423782 1 1 1
0 P_0 20 20 0.2271285 0.3148148148148148 0.3896255 1 1 1
0 P_0 21 21 0.277771 0.36363636363636365 0.4273295 1 1 1
0 P_0 22 22 0.2908835 0.38 0.4414215 1 1 1
0 P_0 23 23 0.26693 0.3557692307692308 0.422863 1 1 1
0 P_0 24 24 0.2343795 0.32653061224489793 0.402048 1 1 1
0 P_0 25 25 0.222029 0.32142857142857145 0.4029415 1 1 1
0 P_0 26 26 0.31754 0.4 0.4532335 1 1 1
0 P_0 27 27 0 0 0 1 1 1
0 P_0 28 28 0.2741655 0.375 0.4431615 1 1 1
0 P_0 29 29 0.3187875 0.3983050847457627 0.4507545 1 1 1
0 P_0 30 30 0.280111 0.37 0.434315 1 1 1
0 P_0 31 31 0.2271285 0.3148148148148148 0.3896255 1 1 1
0 P_0 32 32 0.2093745 0.3 0.3799555 1 1 1
0 P_0 33 33 0.058284 0.11607142857142858 0.1995385 1 1 1
0 P_0 34 34 0.25978 0.35555555555555557 0.426533 1 1 1
0 P_0 35 35 0.1949475 0.2857142857142857 0.3687155 1 1 1
0 P_0 36 36 0.2624315 0.3482142857142857 0.4151465 1 1 1
0 P_0 37 37 0.2741655 0.375 0.4431615 1 1 1
0 P_0 38 38 0.229624 0.34375 0.4279095 1 1 1
0 P_0 39 39 0.250164 0.3333333333333333 0.4015035 1 1 1
0 P_0 40 40 0.0857225 0.17142857142857143 0.280332 1 1 1
0 P_0 41 41 0.238073 0.3220338983050847 0.392822 1 1 1
0 P_0 42 42 0.3289595 0.40476190476190477 0.454009 1 1 1
0 P_0 43 43 0.2298435 0.3229166666666667 0.3998365 1 1 1
0 P_0 44 44 0.2417495 0.325 0.39475 1 1 1
0 P_0 45 45 0.279612 0.3723404255319149 0.4374675 1 1 1
0 P_0 46 46 0.2914725 0.38636363636363635 0.448591 1 1 1
0 P_0 47 47 0 0 0 1 1 1
0 P_0 48 48 0.283499 0.375 0.438844 1 1 1
0 P_0 49 49 0.2817105 0.3644067796610169 0.426197 1 1 1
0 P_0 50 50 0.2559645 0.358974358974359 0.4328215 1 1 1
0 P_0 51 51 0.257027 0.3387096774193548 0.4049105 1 1 1
0 P_0 52 52 0.03157525 0.08333333333333333 0.176658 1 1 1
0 P_0 53 53 0.244613 0.336734693877551 0.410008 1 1 1
0 P_0 54 54 0.33027 0.42045454545454547 0.4699055 1 1 1
0 P_0 55 55 0.269418 0.35344827586206895 0.4182655 1 1 1
0 P_0 56 56 0 0 0 1 1 1
0 P_0 57 57 0.0780095 0.14285714285714285 0.228265 1 1 1
0 P_0 58 58 0 0 0 1 1 1
0 P_0 59 59 0.322449 0.3984375 0.4493225 1 1 1
0 P_0 60 60 0.244613 0.336734693877551 0.410008 1 1 1
0 P_0 61 61 0.29779 0.38461538461538464 0.44379 1 1 1
0 P_0 62 62 0 0 0 1 1 1
0 P_0 63 63 0.2505895 0.3488372093023256 0.4228745 1 1 1
0 P_0 64 64 0 0 0 1 1 1
0 P_0 65 65 0.2587815 0.34545454545454546 0.4134955 1 1 1
0 P_0 66 66 0.201583 0.28125 0.3556205 1 1 1
0 P_0 67 67 0.188099 0.2857142857142857 0.3743825 1 1 1
0 P_0 68 68 0.0275141 0.07291666666666667 0.15737 1 1 1
0 P_0 69 69 0.2672925 0.35 0.4147135 1 1 1
0 P_0 70 70 0.26693 0.3557692307692308 0.422863 1 1 1
0 P_0 71 71 0.18453 0.3 0.398535 1 1 1
0 P_0 72 72 0 0 0 1 1 1
0 P_0 73 73 0 0 0 1 1 1
0 P_0 74 74 0.2387715 0.33 0.4041635 1 1 1
0 P_0 75 75 0.302837 0.39361702127659576 0.4520255 1 1 1
0 P_0 76 76 0.2550085 0.3469387755102041 0.417808 1 1 1
0 P_0 77 77 0.280111 0.37 0.434315 1 1 1
0 P_0 78 78 0.2878995 0.36885245901639346 0.428757 1 1 1
0 P_0 79 79 0.2176875 0.30357142857142855 0.379167 1 1 1
0 P_0 80 80 0.3238605 0.41304347826086957 0.464791 1 1 1
0 P_0 81 81 0.3268745 0.4186046511627907 0.469183 1 1 1
0 P_0 82 82 0 0 0 1 1 1
0 P_0 83 83 0 0 0 1 1 1
0 P_0 84 84 0.2196255 0.3125 0.3915265 1 1 1
0 P_0 85 85 0 0 0 1 1 1
0 P_0 86 86 0.2890085 0.39705882352941174 0.460681 1 1 1
0 P_0 87 87 0.25978 0.35555555555555557 0.426533 1 1 1
0 P_0 88 88 0.2463825 0.3404255319148936 0.41405 1 1 1
0 P_0 89 89 0 0 0 1 1 1
0 P_0 90 90 0 0 0 1 1 1
0 P_0 91 91 0 0 0 1 1 1
0 P_0 92 92 0.01819725 0.05263157894736842 0.124098 1 1 1
0 P_0 93 93 0.2272505 0.32558139534883723 0.4053895 1 1 1
0 P_0 94 94 0.2047555 0.3023255813953488 0.387068 1 1 1
0 P_0 95 95 0.2657835 0.36585365853658536 0.4363015 1 1 1
0 P_0 96 96 0.320493 0.4111111111111111 0.46398 1 1 1
0 P_0 97 97 0.271735 0.35714285714285715 0.4219905 1 1 1
0 P_0 98 98 0 0 0 1 1 1
0 P_0 99 99 0.2741655 0.375 0.4431615 1 1 1
0 P_0 100 100 0.333239 0.41228070175438597 0.460759 1 1 1
0 P_0 101 101 0 0 0 1 1 1
0 P_0 102 102 0 0 0 1 1 1
0 P_0 103 103 0.351736 0.42857142857142855 0.471262 1 1 1
0 P_0 104 104 0.2954005 0.3888888888888889 0.4497895 1 1 1
0 P_0 105 105 0 0 0 1 1 1
0 P_0 106 106 0.283499 0.375 0.438844 1 1 1
0 P_0 107 107 0.2430255 0.3333333333333333 0.406189 1 1 1
0 P_0 108 108 0.209029 0.29310344827586204 0.369166 1 1 1
0 P_0 109 109 0.2644195 0.3684210526315789 0.4399905 1 1 1
0 P_0 110 110 0.294814 0.3854166666666667 0.4460695 1 1 1
0 P_0 111 111 0.311375 0.40217391304347827 0.458006 1 1 1
0 P_0 112 112 0 0 0 1 1 1
0 P_0 113 113 0.2093745 0.3 0.3799555 1 1 1
0 P_0 114 114 0.065392 0.1375 0.2390285 1 1 1
0 P_0 115 115 0.249482 0.33636363636363636 0.4063845 1 1 1
0 P_0 116 116 0.2908835 0.38 0.4414215 1 1 1
0 P_0 117 117 0 0 0 1 1 1
0 P_0 118 118 0.2591115 0.35 0.4195655 1 1 1
0 P_0 119 119 0.2371505 0.3333333333333333 0.409929 1 1 1
0 P_0 120 120 0.261489 0.3541666666666667 0.423782 1 1 1
0 P_0 121 121 0 0 0 1 1 1
0 P_0 122 122 0.2479695 0.3333333333333333 0.4029605 1 1 1
0 P_0 123 123 0.2507675 0.34375 0.415971 1 1 1
0 P_0 124 124 0.311569 0.39622641509433965 0.451389 1 1 1
0 P_0 125 125 0.2095635 0.3020833333333333 0.383062 1 1 1
0 P_0 126 126 0.305201 0.39215686274509803 0.4493925 1 1 1
0 P_0 127 127 0.2723955 0.3645833333333333 0.43141 1 1 1
0 P_0 128 128 0.2552685 0.3522727272727273 0.4247485 1 1 1
0 P_0 129 129 0.253642 0.3360655737704918 0.403237 1 1 1
0 P_0 130 130 0.2559645 0.358974358974359 0.4328215 1 1 1
0 P_0 131 131 0.3004615 0.38392857142857145 0.441716 1 1 1
0 P_0 132 132 0 0 0 1 1 1
0 P_0 133 133 0.0385059 0.09 0.175527 1 1 1
0 P_0 134 134 0 0 0 1 1 1
0 P_0 135 135 0.2630835 0.35294117647058826 0.421249 1 1 1
0 P_0 136 136 0.31371 0.421875 0.475383 1 1 1
0 P_0 137 137 0.1931155 0.2948717948717949 0.3846045 1 1 1
0 P_0 138 138 0 0 0 1 1 1
0 P_0 139 139 0.2586775 0.3416666666666667 0.4081595 1 1 1
0 P_0 140 140 0.2552075 0.3389830508474576 0.40649 1 1 1
0 P_0 141 141 0.3010775 0.3867924528301887 0.4449035 1 1 1
0 P_0 142 142 0 0 0 1 1 1
0 P_0 143 143 0.190466 0.28 0.363131 1 1 1
0 P_0 144 144 0.0294049 0.07777777777777778 0.1664635 1 1 1
0 P_0 145 145 0 0 0 1 1 1
0 P_0 146 146 0.277771 0.36363636363636365 0.4273295 1 1 1
0 P_0 147 147 0.04861105 0.10377358490566038 0.188431 1 1 1
0 P_0 148 148 0.25075 0.35526315789473684 0.430934 1 1 1
0 P_0 149 149 0.3258265 0.4051724137931034 0.455751 1 1 1
0 P_0 150 150 0.218518 0.3076923076923077 0.384996 1 1 1
0 P_0 151 151 0.243672 0.3409090909090909 0.416337 1 1 1
0 P_0 152 152 0.314602 0.39814814814814814 0.452329 1 1 1
0 P_0 153 153 0.3498885 0.43478260869565216 0.4773475 1 1 1
0 P_0 154 154 0.2727635 0.3559322033898305 0.41974 1 1 1
0 P_0 155 155 0.2569655 0.34615384615384615 0.415569 1 1 1
0 P_0 156 156 0.2360905 0.3484848484848485 0.430252 1 1 1
0 P_0 157 157 0.2672925 0.35 0.4147135 1 1 1
0 P_0 158 158 0.2973305 0.38181818181818183 0.440601 1 1 1
0 P_0 159 159 0.2140155 0.30392156862745096 0.3825305 1 1 1
0 P_0 160 160 0.2272505 0.32558139534883723 0.4053895 1 1 1
0 P_0 161 161 0.1749365 0.26595744680851063 0.3533725 1 1 1
0 P_0 162 162 0.2609715 0.3625 0.434608 1 1 1
0 P_0 163 163 0.2415965 0.330188679245283 0.4025755 1 1 1
0 P_0 164 164 0.311569 0.39622641509433965 0.451389 1 1 1
0 P_0 165 165 0.2873315 0.375 0.4369835 1 1 1
0 P_0 166 166 0.226133 0.32222222222222224 0.4013325 1 1 1
0 P_0 167 167 0 0 0 1 1 1
0 P_0 168 168 0.242846 0.34615384615384615 0.42372 1 1 1
0 P_0 169 169 0.2457345 0.34523809523809523 0.4209045 1 1 1
0 P_0 170 170 0.2363025 0.32407407407407407 0.3971325 1 1 1
0 P_0 171 171 0.310339 0.39285714285714285 0.4479935 1 1 1
0 P_0 172 172 0.311375 0.40217391304347827 0.458006 1 1 1
0 P_0 173 173 0.2806335 0.36792452830188677 0.4314035 1 1 1
0 P_0 174 174 0.2279295 0.3173076923076923 0.3928385 1 1 1
0 P_0 175 175 0.2455985 0.3333333333333333 0.4045185 1 1 1
0 P_0 176 176 0.2586775 0.3416666666666667 0.4081595 1 1 1
0 P_0 177 177 0 0 0 1 1 1
0 P_0 178 178 0 0 0 1 1 1
0 P_0 179 179 0.293911 0.37719298245614036 0.4364805 1 1 1
0 P_0 180 180 0.3289595 0.40476190476190477 0.454009 1 1 1
0 P_0 181 181 0.311375 0.40217391304347827 0.458006 1 1 1
0 P_0 182 182 0.2471485 0.33653846153846156 0.4081295 1 1 1
0 P_0 183 183 0.271735 0.35714285714285715 0.4219905 1 1 1
0 P_0 184 184 0.2723955 0.3645833333333333 0.43141 1 1 1
0 P_0 185 185 0.219668 0.32857142857142857 0.4142775 1 1 1
0 P_0 186 186 0.2463825 0.3404255319148936 0.41405 1 1 1
0 P_0 187 187 0.226133 0.32222222222222224 0.4013325 1 1 1
0 P_0 188 188 0 0 0 1 1 1
0 P_0 189 189 0.305201 0.39215686274509803 0.4493925 1 1 1
0 P_0 190 190 0 0 0 1 1 1
0 P_0 191 191 0.308437 0.3942307692307692 0.450411 1 1 1
0 P_0 192 192 0.240222 0.3333333333333333 0.4079865 1 1 1
0 P_0 193 193 0 0 0 1 1 1
0 P_0 194 194 0 0 0 1 1 1
0 P_0 195 195 0.288158 0.3671875 0.4263775 1 1 1
0 P_0 196 196 0.2941015 0.37962962962962965 0.4394425 1 1 1
0 P_0 197 197 0.2003045 0.28703703703703703 0.3664105 1 1 1
0 P_0 198 198 0 0 0 1 1 1
0 P_0 199 199 0.2196255 0.3125 0.3915265 1 1 1
0 P_0 200 200 0 0 0 1 1 1
0 P_0 201 201 0.2907705 0.37735849056603776 0.4382375 1 1 1
0 P_0 202 202 0.04416675 0.10810810810810811 0.2118075 1 1 1
0 P_0 203 203 0.1993205 0.29545454545454547 0.380677 1 1 1
0 P_0 204 204 0.249482 0.33636363636363636 0.4063845 1 1 1
0 P_0 205 205 0.243105 0.3230769230769231 0.390847 1 1 1
0 P_0 206 206 0 0 0 1 1 1
0 P_0 207 207 0.304077 0.3977272727272727 0.456013 1 1 1
0 P_0 208 208 0.2000725 0.28846153846153844 0.368936 1 1 1
0 P_0 209 209 0.2908835 0.38 0.4414215 1 1 1
0 P_0 210 210 0.2787495 0.3780487804878049 0.444624 1 1 1
0 P_0 211 211 0.26693 0.3557692307692308 0.422863 1 1 1
0 P_0 212 212 0.2872645 0.3804347826086957 0.4435995 1 1 1
0 P_0 213 213 0.2488105 0.33064516129032256 0.398404 1 1 1
0 P_0 214 214 0.210995 0.3125 0.3976415 1 1 1
0 P_0 215 215 0.0336912 0.08333333333333333 0.1697655 1 1 1
0 P_0 216 216 0.235248 0.32142857142857145 0.393894 1 1 1
0 P_0 217 217 0.2748635 0.37209302325581395 0.4394375 1 1 1
0 P_0 218 218 0.2143725 0.30612244897959184 0.3856715 1 1 1
0 P_0 219 219 0 0 0 1 1 1
0 P_0 220 220 0 0 0 1 1 1
0 P_0 221 221 0 0 0 1 1 1
0 P_0 222 222 0.2655735 0.35714285714285715 0.4254395 1 1 1
0 P_0 223 223 0.2572635 0.35106382978723405 0.4220485 1 1 1
0 P_0 224 224 0 0 0 1 1 1
0 P_0 225 225 0.2279295 0.3173076923076923 0.3928385 1 1 1
0 P_0 226 226 0.2791765 0.36065573770491804 0.4225345 1 1 1
0 P_0 227 227 0.2591115 0.35 0.4195655 1 1 1
0 P_0 228 228 0 0 0 1 1 1
0 P_0 229 229 0 0 0 1 1 1
0 P_0 230 230 0.232288 0.32954545454545453 0.4077155 1 1 1
0 P_0 231 231 0.283282 0.37777777777777777 0.4422775 1 1 1
0 P_0 232 232 0.283499 0.375 0.438844 1 1 1
0 P_0 233 233 0.2051625 0.3076923076923077 0.394766 1 1 1
0 P_0 234 234 0.2591115 0.35 0.4195655 1 1 1
0 P_0 235 235 0.31324 0.39473684210526316 0.448948 1 1 1
0 P_0 236 236 0.2507675 0.34375 0.415971 1 1 1
0 P_0 237 237 0.230989 0.32608695652173914 0.403656 1 1 1
0 P_0 238 238 0.2143725 0.30612244897959184 0.3856715 1 1 1
0 P_0 239 239 0.299186 0.391304347826087 0.450933 1 1 1
0 P_0 240 240 0.01593145 0.05102040816326531 0.129025 1 1 1
0 P_0 241 241 0 0 0 1 1 1
0 P_0 242 242 0.304262 0.3888888888888889 0.4459735 1 1 1
0 P_0 243 243 0.2134705 0.3 0.376764 1 1 1
0 P_0 244 244 0 0 0 1 1 1
0 P_0 245 245 0.249482 0.33636363636363636 0.4063845 1 1 1
0 P_0 246 246 0.244613 0.336734693877551 0.410008 1 1 1
0 P_0 247 247 0.2645755 0.35185185185185186 0.4189075 1 1 1
0 P_0 248 248 0.3199655 0.3968253968253968 0.4484825 1 1 1
0 P_0 249 249 0.235683 0.32978723404255317 0.4058715 1 1 1
0 P_0 250 250 0.235683 0.32978723404255317 0.4058715 1 1 1
0 P_0 251 251 0 0 0 1 1 1
0 P_0 252 252 0.242915 0.3275862068965517 0.3978415 1 1 1
0 P_0 253 253 0.2670895 0.36363636363636365 0.4329385 1 1 1
0 P_0 254 254 0 0 0 1 1 1
0 P_0 255 255 0.2657835 0.36585365853658536 0.4363015 1 1 1
0 P_0 256 256 0.213101 0.2966101694915254 0.3715935 1 1 1
0 P_0 257 257 0 0 0 1 1 1
0 P_0 258 258 0.2354585 0.3375 0.416643 1 1 1
0 P_0 259 259 0.279612 0.3723404255319149 0.4374675 1 1 1
0 P_0 260 260 0.3084395 0.3870967741935484 0.441856 1 1 1
0 P_0 261 261 0.1991265 0.3 0.3877805 1 1 1
0 P_0 262 262 0.2969875 0.3793103448275862 0.4376335 1 1 1
0 P_0 263 263 0.252979 0.3431372549019608 0.413794 1 1 1
0 P_0 264 264 0.2908835 0.38 0.4414215 1 1 1
0 P_0 265 265 0.243105 0.3230769230769231 0.390847 1 1 1
0 P_0 266 266 0.2371505 0.3333333333333333 0.409929 1 1 1
0 P_0 267 267 0.2374715 0.3269230769230769 0.400551 1 1 1
0 P_0 268 268 0.2624315 0.3482142857142857 0.4151465 1 1 1
0 P_0 269 269 0.2630835 0.35294117647058826 0.421249 1 1 1
0 P_0 270 270 0.2943935 0.38235294117647056 0.44263 1 1 1
0 P_0 271 271 0.2211065 0.3181818181818182 0.3988935 1 1 1
0 P_0 272 272 0.2645755 0.35185185185185186 0.4189075 1 1 1
0 P_0 273 273 0.2735145 0.3783783783783784 0.447244 1 1 1
0 P_0 274 274 0.2298435 0.3229166666666667 0.3998365 1 1 1
0 P_0 275 275 0.218073 0.3055555555555556 0.382001 1 1 1
0 P_0 276 276 0.2630835 0.35294117647058826 0.421249 1 1 1
0 P_0 277 277 0.2768405 0.35714285714285715 0.419032 1 1 1
0 P_0 278 278 0 0 0 1 1 1
0 P_0 279 279 0 0 0 1 1 1
0 P_0 280 280 0.240222 0.3333333333333333 0.4079865 1 1 1
0 P_0 281 281 0 0 0 1 1 1
0 P_0 282 282 0 0 0 1 1 1
0 P_0 283 283 0.21051 0.30952380952380953 0.39363 1 1 1
0 P_0 284 284 0.263533 0.34375 0.408088 1 1 1
0 P_0 285 285 0.333239 0.41228070175438597 0.460759 1 1 1
0 P_0 286 286 0.2572635 0.35106382978723405 0.4220485 1 1 1
0 P_0 287 287 0.257944 0.35714285714285715 0.4295335 1 1 1
0 P_0 288 288 0.235683 0.32978723404255317 0.4058715 1 1 1
0 P_0 289 289 0.226133 0.32222222222222224 0.4013325 1 1 1
0 P_0 290 290 0.298395 0.3877551020408163 0.447225 1 1 1
0 P_0 291 291 0.2463825 0.3404255319148936 0.41405 1 1 1
0 P_0 292 292 0.03302275 0.07758620689655173 0.154076 1 1 1
0 P_0 293 293 0.2695245 0.36 0.427026 1 1 1
0 P_0 294 294 0.268209 0.35454545454545455 0.420479 1 1 1
0 P_0 295 295 0.287669 0.3706896551724138 0.431305 1 1 1
0 P_0 296 296 0.2406945 0.34146341463414637 0.41883 1 1 1
0 P_0 297 297 0.2755865 0.3695652173913043 0.4360275 1 1 1
0 P_0 298 298 0.255021 0.3425925925925926 0.4117785 1 1 1
0 P_0 299 299 0.2343795 0.32653061224489793 0.402048 1 1 1
0 P_0 300 300 0 0 0 1 1 1
0 P_0 301 301 0.3533265 0.4326923076923077 0.474658 1 1 1
0 P_0 302 302 0.2463825 0.3404255319148936 0.41405 1 1 1
0 P_0 303 303 0.2166135 0.3170731707317073 0.400363 1 1 1
0 P_0 304 304 0.2371505 0.3333333333333333 0.409929 1 1 1
0 P_0 305 305 0.281169 0.36607142857142855 0.428705 1 1 1
0 P_0 306 306 0 0 0 1 1 1
0 P_0 307 307 0 0 0 1 1 1
0 P_0 308 308 0.25075 0.35526315789473684 0.430934 1 1 1
0 P_0 309 309 0.2507675 0.34375 0.415971 1 1 1
0 P_0 310 310 0.29779 0.38461538461538464 0.44379 1 1 1
0 P_0 311 311 0.2453585 0.3235294117647059 0.3899345 1 1 1
0 P_0 312 312 0 0 0 1 1 1
0 P_0 313 313 0.2453165 0.35135135135135137 0.4289365 1 1 1
0 P_0 314 314 0.262602 0.36046511627906974 0.4312785 1 1 1
0 P_0 315 315 0.3169965 0.4090909090909091 0.46313 1 1 1
0 P_0 316 316 0.2463825 0.3404255319148936 0.41405 1 1 1
0 P_0 317 317 0.2388095 0.3372093023255814 0.414241 1 1 1
0 P_0 318 318 0.314602 0.39814814814814814 0.452329 1 1 1
0 P_0 319 319 0.336681 0.42391304347826086 0.4712535 1 1 1
0 P_0 320 320 0.02638325 0.07 0.151835 1 1 1
0 P_0 321 321 0.33027 0.42045454545454547 0.4699055 1 1 1
0 P_0 322 322 0.222029 0.32142857142857145 0.4029415 1 1 1
0 P_0 323 323 0.2272505 0.32558139534883723 0.4053895 1 1 1
0 P_0 324 324 0.305201 0.39215686274509803 0.4493925 1 1 1
0 P_0 325 325 0.2943935 0.38235294117647056 0.44263 1 1 1
0 P_0 326 326 0.276318 0.3673469387755102 0.432894 1 1 1
0 P_0 327 327 0 0 0 1 1 1
0 P_0 328 328 0.2748635 0.37209302325581395 0.4394375 1 1 1
0 P_0 329 329 0.343952 0.4318181818181818 0.476292 1 1 1
0 P_0 330 330 0.2507675 0.34375 0.415971 1 1 1
0 P_0 331 331 0.231247 0.3181818181818182 0.391802 1 1 1
0 P_0 332 332 0.041994 0.09782608695652174 0.188625 1 1 1
0 P_0 333 333 0 0 0 1 1 1
0 P_0 334 334 0.2507675 0.34375 0.415971 1 1 1
0 P_0 335 335 0.231247 0.3181818181818182 0.391802 1 1 1
0 P_0 336 336 0 0 0 1 1 1
0 P_0 337 337 0.276015 0.35833333333333334 0.421162 1 1 1
0 P_0 338 338 0.069996 0.1346153846153846 0.2229515 1 1 1
0 P_0 339 339 0.2787495 0.3780487804878049 0.444624 1 1 1
0 P_0 340 340 0.314602 0.39814814814814814 0.452329 1 1 1
0 P_0 341 341 0.2630835 0.35294117647058826 0.421249 1 1 1
0 P_0 342 342 0.2415965 0.330188679245283 0.4025755 1 1 1
0 P_0 343 343 0.0600095 0.13157894736842105 0.2355805 1 1 1
0 P_0 344 344 0.229624 0.34375 0.4279095 1 1 1
0 P_0 345 345 0 0 0 1 1 1
0 P_0 346 346 0.2471485 0.33653846153846156 0.4081295 1 1 1
0 P_0 347 347 0.2831555 0.38095238095238093 0.4460125 1 1 1
0 P_0 348 348 0.2592345 0.36486486486486486 0.4382675 1 1 1
0 P_0 349 349 0.276318 0.3673469387755102 0.432894 1 1 1
0 P_0 350 350 0.2430255 0.3333333333333333 0.406189 1 1 1
0 P_0 351 351 0 0 0 1 1 1
0 P_0 352 352 0.283499 0.375 0.438844 1 1 1
0 P_0 353 353 0.279612 0.3723404255319149 0.4374675 1 1 1
0 P_0 354 354 0.0550965 0.11320754716981132 0.1989225 1 1 1
0 P_0 355 355 0.01517865 0.05555555555555555 0.1514215 1 1 1
0 P_0 356 356 0.2550085 0.3469387755102041 0.417808 1 1 1
0 P_0 357 357 0 0 0 1 1 1
0 P_0 358 358 0.2463825 0.3404255319148936 0.41405 1 1 1
0 P_0 359 359 0.268336 0.3617021276595745 0.4298585 1 1 1
0 P_0 360 360 0 0 0 1 1 1
0 P_0 361 361 0.1869165 0.27358490566037735 0.3554845 1 1 1
0 P_0 362 362 0.2196255 0.3125 0.3915265 1 1 1
0 P_0 363 363 0 0 0 1 1 1
0 P_0 364 364 0.2872645 0.3804347826086957 0.4435995 1 1 1
0 P_0 365 365 0 0 0 1 1 1
0 P_0 366 366 0.2791765 0.36065573770491804 0.4225345 1 1 1
0 P_0 367 367 0.2271285 0.3148148148148148 0.3896255 1 1 1
0 P_0 368 368 0.2742685 0.3611111111111111 0.4258995 1 1 1
0 P_0 369 369 0.291106 0.3829787234042553 0.4448625 1 1 1
0 P_0 370 370 0.204668 0.29245283018867924 0.371655 1 1 1
0 P_0 371 371 0.268209 0.35454545454545455 0.420479 1 1 1
0 P_0 372 372 0.2848485 0.36666666666666664 0.4275 1 1 1
0 P_0 373 373 0.220312 0.31521739130434784 0.3950955 1 1 1
0 P_0 374 374 0.2798545 0.359375 0.420375 1 1 1
0 P_0 375 375 0.317413 0.3951612903225806 0.4476135 1 1 1
0 P_0 376 376 0.313363 0.4069767441860465 0.462239 1 1 1
0 P_0 377 377 0.2941015 0.37962962962962965 0.4394425 1 1 1
0 P_0 378 378 0 0 0 1 1 1
0 P_0 379 379 0.2630835 0.35294117647058826 0.421249 1 1 1
0 P_0 380 380 0 0 0 1 1 1
0 P_0 381 381 0 0 0 1 1 1
0 P_0 382 382 0.185445 0.2755102040816326 0.3600285 1 1 1
0 P_0 383 383 0.2363025 0.32407407407407407 0.3971325 1 1 1
0 P_0 384 384 0.3169965 0.4090909090909091 0.46313 1 1 1
0 P_0 385 385 0.2552075 0.3389830508474576 0.40649 1 1 1
0 P_0 386 386 0.2641335 0.358695652173913 0.4282345 1 1 1
0 P_0 387 387 0 0 0 1 1 1
0 P_0 388 388 0 0 0 1 1 1
0 P_0 389 389 0.2406945 0.34146341463414637 0.41883 1 1 1
0 P_0 390 390 0.224301 0.3163265306122449 0.393934 1 1 1
0 P_0 391 391 0.240222 0.3333333333333333 0.4079865 1 1 1
0 P_0 392 392 0.2967375 0.3770491803278688 0.4348665 1 1 1
0 P_0 393 393 0 0 0 1 1 1
0 P_0 394 394 0.222887 0.3113207547169811 0.387359 1 1 1
0 P_0 395 395 0.196913 0.2796610169491525 0.356983 1 1 1
0 P_0 396 396 0.2860605 0.36231884057971014 0.4208615 1 1 1
0 P_0 397 397 0 0 0 1 1 1
0 P_0 398 398 0.3111065 0.3888888888888889 0.4428235 1 1 1
0 P_0 399 399 0.5 0.5 0.5 1 1 1
0 P_0 400 400 0.2755865 0.3695652173913043 0.4360275 1 1 1
0 P_0 401 401 0.3095845 0.40476190476190477 0.461304 1 1 1
0 P_0 402 402 0.2572635 0.35106382978723405 0.4220485 1 1 1
0 P_0 403 403 0.2288295 0.32 0.3962365 1 1 1
0 P_0 404 404 0.204589 0.29591836734693877 0.377264 1 1 1
0 P_0 405 405 0 0 0 1 1 1
0 P_0 406 406 0.10637 0.19047619047619047 0.28949 1 1 1
0 P_0 407 407 0.2873315 0.375 0.4369835 1 1 1
0 P_0 408 408 0.261489 0.3541666666666667 0.423782 1 1 1
0 P_0 409 409 0.2733475 0.3627450980392157 0.4285465 1 1 1
0 P_0 410 410 0.279612 0.3723404255319149 0.4374675 1 1 1
0 P_0 411 411 0.226414 0.3125 0.386584 1 1 1
0 P_0 412 412 0.240222 0.3333333333333333 0.4079865 1 1 1
0 P_0 413 413 0.243105 0.3230769230769231 0.390847 1 1 1
0 P_0 414 414 0.2231025 0.325 0.4072655 1 1 1
0 P_0 415 415 0.252891 0.34782608695652173 0.420234 1 1 1
0 P_0 416 416 0 0 0 1 1 1
0 P_0 417 417 0.237105 0.319672131147541 0.38989 1 1 1
0 P_0 418 418 0.2285345 0.32926829268292684 0.4097145 1 1 1
0 P_0 419 419 0.2645755 0.35185185185185186 0.4189075 1 1 1
0 P_0 420 420 0.0177755 0.056818181818181816 0.141884 1 1 1
0 P_0 421 421 0.2572635 0.35106382978723405 0.4220485 1 1 1
0 P_0 422 422 0.2374025 0.34210526315789475 0.4215615 1 1 1
0 P_0 423 423 0.2166135 0.3170731707317073 0.400363 1 1 1
0 P_0 424 424 0.2972905 0.3974358974358974 0.458198 1 1 1
0 P_0 425 425 0 0 0 1 1 1
0 P_0 426 426 0.2457345 0.34523809523809523 0.4209045 1 1 1
0 P_0 427 427 0.2098085 0.30434782608695654 0.386363 1 1 1
0 P_0 428 428 0.2552075 0.3389830508474576 0.40649 1 1 1
0 P_0 429 429 0.323342 0.4166666666666667 0.468425 1 1 1
0 P_0 430 430 0 0 0 1 1 1
0 P_0 431 431 0.2873315 0.375 0.4369835 1 1 1
0 P_0 432 432 0.2908835 0.38 0.4414215 1 1 1
0 P_0 433 433 0 0 0 1 1 1
0 P_0 434 434 0.2630835 0.35294117647058826 0.421249 1 1 1
0 P_0 435 435 0.31754 0.4 0.4532335 1 1 1
0 P_0 436 436 0.302837 0.39361702127659576 0.4520255 1 1 1
0 P_0 437 437 0 0.013888888888888888 0 1 1 1
0 P_0 438 438 0.314602 0.39814814814814814 0.452329 1 1 1
0 P_0 439 439 0.248076 0.35 0.4257625 1 1 1
0 P_0 440 440 0.2586775 0.3416666666666667 0.4081595 1 1 1
0 P_0 441 441 0.2723955 0.3645833333333333 0.43141 1 1 1
0 P_0 442 442 0.0817345 0.14655172413793102 0.230582 1 1 1
0 P_0 443 443 0.2374715 0.3269230769230769 0.400551 1 1 1
0 P_0 444 444 0 0 0 1 1 1
0 P_0 445 445 0 0 0 1 1 1
0 P_0 446 446 0.277771 0.36363636363636365 0.4273295 1 1 1
0 P_0 447 447 0.232288 0.32954545454545453 0.4077155 1 1 1
0 P_0 448 448 0.2374715 0.3269230769230769 0.400551 1 1 1
0 P_0 449 449 0.271735 0.35714285714285715 0.4219905 1 1 1
0 P_0 450 450 0.260323 0.3412698412698413 0.4065265 1 1 1
0 P_0 451 451 0.2848485 0.36666666666666664 0.4275 1 1 1
0 P_0 452 452 0.2872645 0.3804347826086957 0.4435995 1 1 1
0 P_0 453 453 0.2670895 0.36363636363636365 0.4329385 1 1 1
0 P_0 454 454 0.2907705 0.37735849056603776 0.4382375 1 1 1
0 P_0 455 455 0 0 0 1 1 1
0 P_0 456 456 0.2463825 0.3404255319148936 0.41405 1 1 1
0 P_0 457 457 0.220312 0.31521739130434784 0.3950955 1 1 1
0 P_0 458 458 0.2884375 0.3656716417910448 0.4241495 1 1 1
0 P_0 459 459 0.269418 0.35344827586206895 0.4182655 1 1 1
0 P_0 460 460 0.2298435 0.3229166666666667 0.3998365 1 1 1
0 P_0 461 461 0.1941765 0.28888888888888886 0.3744555 1 1 1
0 P_0 462 462 0.3056975 0.38524590163934425 0.440855 1 1 1
0 P_0 463 463 0 0 0 1 1 1
0 P_0 464 464 0.224301 0.3163265306122449 0.393934 1 1 1
0 P_0 465 465 0.249482 0.33636363636363636 0.4063845 1 1 1
0 P_0 466 466 0.2213315 0.3050847457627119 0.378763 1 1 1
0 P_0 467 467 0.2751575 0.35964912280701755 0.423445 1 1 1
0 P_0 468 468 0.2417495 0.325 0.39475 1 1 1
0 P_0 469 469 0.2417495 0.325 0.39475 1 1 1
0 P_0 470 470 0.2841075 0.37037037037037035 0.4327475 1 1 1
0 P_0 471 471 0.287254 0.37755102040816324 0.4401605 1 1 1
0 P_0 472 472 0.298395 0.3877551020408163 0.447225 1 1 1
0 P_0 473 473 0 0 0 1 1 1
0 P_0 474 474 0 0 0 1 1 1
0 P_0 475 475 0 0 0 1 1 1
0 P_0 476 476 0.195735 0.2830188679245283 0.363627 1 1 1
0 P_0 477 477 0.2831565 0.38461538461538464 0.450088 1 1 1
0 P_0 478 478 0.2954005 0.3888888888888889 0.4497895 1 1 1
0 P_0 479 479 0 0 0 1 1 1
0 P_0 480 480 0.282252 0.3629032258064516 0.4238595 1 1 1
0 P_0 481 481 0.2337375 0.34285714285714286 0.4245715 1 1 1
0 P_0 482 482 0 0 0 1 1 1
0 P_0 483 483 0.2572635 0.35106382978723405 0.4220485 1 1 1
0 P_0 484 484 0 0 0 1 1 1
0 P_0 485 485 0 0 0 1 1 1
0 P_0 486 486 0.3389835 0.4215686274509804 0.4683545 1 1 1
0 P_0 487 487 0.248363 0.34444444444444444 0.4183325 1 1 1
0 P_0 488 488 0.261489 0.3541666666666667 0.423782 1 1 1
0 P_0 489 489 0 0 0 1 1 1
0 P_0 490 490 0.05737 0.11764705882352941 0.2056065 1 1 1
0 P_0 491 491 0.2624315 0.3482142857142857 0.4151465 1 1 1
0 P_0 492 492 0.2920285 0.3902439024390244 0.4526405 1 1 1
0 P_0 493 493 0.2505895 0.3488372093023256 0.4228745 1 1 1
0 P_0 494 494 0 0 0 1 1 1
0 P_0 495 495 0.29779 0.38461538461538464 0.44379 1 1 1
0 P_0 496 496 0.01471075 0.04716981132075472 0.1202935 1 1 1
0 P_0 497 497 0 0 0 1 1 1
0 P_0 498 498 0.2591115 0.35 0.4195655 1 1 1
0 P_0 499 499 0.2706565 0.3584905660377358 0.424412 1 1 1
0 P_0 500 500 0.305201 0.39215686274509803 0.4493925 1 1 1
0 P_0 501 501 0.3181565 0.40625 0.459826 1 1 1
0 P_0 502 502 0.249482 0.33636363636363636 0.4063845 1 1 1
0 P_0 503 503 0.2608295 0.3490566037735849 0.417272 1 1 1
0 P_0 504 504 0.232288 0.32954545454545453 0.4077155 1 1 1
0 P_0 505 505 0 0 0 1 1 1
0 P_0 506 506 0.298395 0.3877551020408163 0.447225 1 1 1
0 P_0 507 507 0.314827 0.40425531914893614 0.458936 1 1 1
0 P_0 508 508 0.1915875 0.2777777777777778 0.3584485 1 1 1
0 P_0 509 509 0.2101195 0.3068181818181818 0.3898785 1 1 1
0 P_0 510 510 0.2630835 0.35294117647058826 0.421249 1 1 1
0 P_0 511 511 0.01319445 0.0423728813559322 0.1091995 1 1 1
0 P_0 512 512 0.222887 0.3113207547169811 0.387359 1 1 1
0 P_0 513 513 0.3004615 0.38392857142857145 0.441716 1 1 1
0 P_0 514 514 0 0 0 1 1 1
0 P_0 515 515 0.2417495 0.325 0.39475 1 1 1
0 P_0 516 516 0.304262 0.3888888888888889 0.4459735 1 1 1
0 P_0 517 517 0.3056525 0.4024390243902439 0.4603215 1 1 1
0 P_0 518 518 0.304262 0.3888888888888889 0.4459735 1 1 1
0 P_0 519 519 0.251145 0.33962264150943394 0.409991 1 1 1
0 P_0 520 520 0.2143725 0.30612244897959184 0.3856715 1 1 1
0 P_0 521 521 0.2733475 0.3627450980392157 0.4285465 1 1 1
0 P_0 522 522 0.283499 0.375 0.438844 1 1 1
0 P_0 523 523 0.2969875 0.3793103448275862 0.4376335 1 1 1
0 P_0 524 524 0.0458962 0.09821428571428571 0.179613 1 1 1
0 P_0 525 525 0 0 0 1 1 1
0 P_0 526 526 0.261489 0.3541666666666667 0.423782 1 1 1
0 P_0 527 527 0 0 0 1 1 1
0 P_0 528 528 0.310339 0.39285714285714285 0.4479935 1 1 1
0 P_0 529 529 0.2608295 0.3490566037735849 0.417272 1 1 1
0 P_0 530 530 0.2770485 0.36538461538461536 0.430004 1 1 1
0 P_0 531 531 0 0 0 1 1 1
0 P_0 532 532 0.2550085 0.3469387755102041 0.417808 1 1 1
0 P_0 533 533 0.3004615 0.38392857142857145 0.441716 1 1 1
0 P_0 534 534 0.2841075 0.37037037037037035 0.4327475 1 1 1
0 P_0 535 535 0.2630835 0.35294117647058826 0.421249 1 1 1
0 P_0 536 536 0 0 0 1 1 1
0 P_0 537 537 0.2973305 0.38181818181818183 0.440601 1 1 1
0 P_0 538 538 0.218073 0.3055555555555556 0.382001 1 1 1
0 P_0 539 539 0.2920285 0.3902439024390244 0.4526405 1 1 1
0 P_0 540 540 0.299186 0.391304347826087 0.450933 1 1 1
0 P_0 541 541 0.31754 0.4 0.4532335 1 1 1
1 P_5 0 0 0 0 0 1 1 1
1 P_5 1 1 0.5 0.5 0.5 1 1 1
1 P_5 2 2 0.5 0.5 0.5 1 1 1
1 P_5 3 3 0.5 0.5 0.5 1 1 1
1 P_5 4 4 0 0 0 1 1 1
1 P_5 5 5 0.5 0.5 0.5 1 1 1
1 P_5 6 6 0.5 0.5 0.5 1 1 1
1 P_5 7 7 0.5 0.5 0.5 1 1 1
1 P_5 8 8 0 0 0 1 1 1
1 P_5 9 9 0.5 0.5 0.5 1 1 1
1 P_5 10 10 0 0 0 1 1 1
1 P_5 11 11 0.5 0.5 0.5 1 1 1
1 P_5 12 12 0 0 0 1 1 1
1 P_5 13 13 0.5 0.5 0.5 1 1 1
1 P_5 14 14 0.5 0.5 0.5 1 1 1
1 P_5 15 15 0 0 0 1 1 1
1 P_5 16 16 0.5 0.5 0.5 1 1 1
1 P_5 17 17 0.5 0.5 0.5 1 1 1
1 P_5 18 18 0.5 0.5 0.5 1 1 1
1 P_5 19 19 0.5 0.5 0.5 1 1 1
1 P_5 20 20 0.5 0.5 0.5 1 1 1
1 P_5 21 21 0.5 0.5 0.5 1 1 1
1 P_5 22 22 0.302837 0.39361702127659576 0.4520255 1 1 1
1 P_5 23 23 0.5 0.5 0.5 1 1 1
1 P_5 24 24 0.5 0.5 0.5 1 1 1
1 P_5 25 25 0.5 0.5 0.5 1 1 1
1 P_5 26 26 0.5 0.5 0.5 1 1 1
1 P_5 27 27 0 0 0 1 1 1
1 P_5 28 28 0.5 0.5 0.5 1 1 1
1 P_5 29 29 0.5 0.5 0.5 1 1 1
1 P_5 30 30 0.5 0.5 0.5 1 1 1
1 P_5 31 31 0.5 0.5 0.5 1 1 1
1 P_5 32 32 0.5 0.5 0.5 1 1 1
1 P_5 33 33 0 0 0 1 1 1
1 P_5 34 34 0.5 0.5 0.5 1 1 1
1 P_5 35 35 0.5 0.5 0.5 1 1 1
1 P_5 36 36 0.5 0.5 0.5 1 1 1
1 P_5 37 37 0.5 0.5 0.5 1 1 1
1 P_5 38 38 0.5 0.5 0.5 1 1 1
1 P_5 39 39 0.5 0.5 0.5 1 1 1
1 P_5 40 40 0 0 0 1 1 1
1 P_5 41 41 0.5 0.5 0.5 1 1 1
1 P_5 42 42 0.5 0.5 0.5 1 1 1
1 P_5 43 43 0.5 0.5 0.5 1 1 1
1 P_5 44 44 0.5 0.5 0.5 1 1 1
1 P_5 45 45 0.5 0.5 0.5 1 1 1
1 P_5 46 46 0.5 0.5 0.5 1 1 1
1 P_5 47 47 0 0 0 1 1 1
1 P_5 48 48 0.5 0.5 0.5 1 1 1
1 P_5 49 49 0.5 0.5 0.5 1 1 1
1 P_5 50 50 0.5 0.5 0.5 1 1 1
1 P_5 51 51 0.5 0.5 0.5 1 1 1
1 P_5 52 52 0 0 0 1 1 1
1 P_5 53 53 0.5 0.5 0.5 1 1 1
1 P_5 54 54 0.5 0.5 0.5 1 1 1
1 P_5 55 55 0.5 0.5 0.5 1 1 1
1 P_5 56 56 0 0 0 1 1 1
1 P_5 57 57 0 0 0 1 1 1
1 P_5 58 58 0.0177755 0.056818181818181816 0.141884 1 1 1
1 P_5 59 59 0.5 0.5 0.5 1 1 1
1 P_5 60 60 0.5 0.5 0.5 1 1 1
1 P_5 61 61 0.5 0.5 0.5 1 1 1
1 P_5 62 62 0 0 0 1 1 1
1 P_5 63 63 0.5 0.5 0.5 1 1 1
1 P_5 64 64 0 0 0 1 1 1
1 P_5 65 65 0.5 0.5 0.5 1 1 1
1 P_5 66 66 0.5 0.5 0.5 1 1 1
1 P_5 67 67 0.5 0.5 0.5 1 1 1
1 P_5 68 68 0 0 0 1 1 1
1 P_5 69 69 0.5 0.5 0.5 1 1 1
1 P_5 70 70 0.5 0.5 0.5 1 1 1
1 P_5 71 71 0.343952 0.4318181818181818 0.476292 1 1 1
1 P_5 72 72 0 0 0 1 1 1
1 P_5 73 73 0 0 0 1 1 1
1 P_5 74 74 0.5 0.5 0.5 1 1 1
1 P_5 75 75 0.5 0.5 0.5 1 1 1
1 P_5 76 76 0.5 0.5 0.5 1 1 1
1 P_5 77 77 0.5 0.5 0.5 1 1 1
1 P_5 78 78 0.5 0.5 0.5 1 1 1
1 P_5 79 79 0.5 0.5 0.5 1 1 1
1 P_5 80 80 0.5 0.5 0.5 1 1 1
1 P_5 81 81 0.5 0.5 0.5 1 1 1
1 P_5 82 82 0 0 0 1 1 1
1 P_5 83 83 0.12231 0.2125 0.312511 1 1 1
1 P_5 84 84 0.3796975 0.4491525423728814 0.482431 1 1 1
1 P_5 85 85 0 0 0 1 1 1
1 P_5 86 86 0.5 0.5 0.5 1 1 1
1 P_5 87 87 0.5 0.5 0.5 1 1 1
1 P_5 88 88 0.5 0.5 0.5 1 1 1
1 P_5 89 89 0.148579 0.22807017543859648 0.3117045 1 1 1
1 P_5 90 90 0 0 0 1 1 1
1 P_5 91 91 0.0407233 0.09090909090909091 0.172077 1 1 1
1 P_5 92 92 0 0 0 1 1 1
1 P_5 93 93 0.5 0.5 0.5 1 1 1
1 P_5 94 94 0.5 0.5 0.5 1 1 1
1 P_5 95 95 0.5 0.5 0.5 1 1 1
1 P_5 96 96 0.5 0.5 0.5 1 1 1
1 P_5 97 97 0.5 0.5 0.5 1 1 1
1 P_5 98 98 0 0 0 1 1 1
1 P_5 99 99 0.5 0.5 0.5 1 1 1
1 P_5 100 100 0.3526915 0.43617021276595747 0.477841 1 1 1
1 P_5 101 101 0 0 0 1 1 1
1 P_5 102 102 0.171146 0.2682926829268293 0.360755 1 1 1
1 P_5 103 103 0.5 0.5 0.5 1 1 1
1 P_5 104 104 0.5 0.5 0.5 1 1 1
1 P_5 105 105 0.130797 0.20491803278688525 0.2870315 1 1 1
1 P_5 106 106 0.5 0.5 0.5 1 1 1
1 P_5 107 107 0.5 0.5 0.5 1 1 1
1 P_5 108 108 0.5 0.5 0.5 1 1 1
1 P_5 109 109 0.5 0.5 0.5 1 1 1
1 P_5 110 110 0.5 0.5 0.5 1 1 1
1 P_5 111 111 0.5 0.5 0.5 1 1 1
1 P_5 112 112 0.03932235 0.09183673469387756 0.17863 1 1 1
1 P_5 113 113 0.5 0.5 0.5 1 1 1
1 P_5 114 114 0 0 0 1 1 1
1 P_5 115 115 0.5 0.5 0.5 1 1 1
1 P_5 116 116 0.5 0.5 0.5 1 1 1
1 P_5 117 117 0 0 0 1 1 1
1 P_5 118 118 0.5 0.5 0.5 1 1 1
1 P_5 119 119 0.5 0.5 0.5 1 1 1
1 P_5 120 120 0.5 0.5 0.5 1 1 1
1 P_5 121 121 0 0 0 1 1 1
1 P_5 122 122 0.5 0.5 0.5 1 1 1
1 P_5 123 123 0.5 0.5 0.5 1 1 1
1 P_5 124 124 0.5 0.5 0.5 1 1 1
1 P_5 125 125 0.5 0.5 0.5 1 1 1
1 P_5 126 126 0.5 0.5 0.5 1 1 1
1 P_5 127 127 0.5 0.5 0.5 1 1 1
1 P_5 128 128 0.5 0.5 0.5 1 1 1
1 P_5 129 129 0.5 0.5 0.5 1 1 1
1 P_5 130 130 0.5 0.5 0.5 1 1 1
1 P_5 131 131 0.5 0.5 0.5 1 1 1
1 P_5 132 132 0.1445155 0.22641509433962265 0.3130835 1 1 1
1 P_5 133 133 0 0 0 1 1 1
1 P_5 134 134 0 0 0 1 1 1
1 P_5 135 135 0.5 0.5 0.5 1 1 1
1 P_5 136 136 0.5 0.5 0.5 1 1 1
1 P_5 137 137 0.5 0.5 0.5 1 1 1
1 P_5 138 138 0 0 0 1 1 1
1 P_5 139 139 0.5 0.5 0.5 1 1 1
1 P_5 140 140 0.5 0.5 0.5 1 1 1
1 P_5 141 141 0.5 0.5 0.5 1 1 1
1 P_5 142 142 0.0717655 0.14130434782608695 0.2358665 1 1 1
1 P_5 143 143 0.5 0.5 0.5 1 1 1
1 P_5 144 144 0 0 0 1 1 1
1 P_5 145 145 0 0 0 1 1 1
1 P_5 146 146 0.5 0.5 0.5 1 1 1
1 P_5 147 147 0 0 0 1 1 1
1 P_5 148 148 0.5 0.5 0.5 1 1 1
1 P_5 149 149 0.5 0.5 0.5 1 1 1
1 P_5 150 150 0.5 0.5 0.5 1 1 1
1 P_5 151 151 0.5 0.5 0.5 1 1 1
1 P_5 152 152 0.5 0.5 0.5 1 1 1
1 P_5 153 153 0.387336 0.45614035087719296 0.486336 1 1 1
1 P_5 154 154 0.5 0.5 0.5 1 1 1
1 P_5 155 155 0.5 0.5 0.5 1 1 1
1 P_5 156 156 0.5 0.5 0.5 1 1 1
1 P_5 157 157 0.5 0.5 0.5 1 1 1
1 P_5 158 158 0.5 0.5 0.5 1 1 1
1 P_5 159 159 0.5 0.5 0.5 1 1 1
1 P_5 160 160 0.5 0.5 0.5 1 1 1
1 P_5 161 161 0.5 0.5 0.5 1 1 1
1 P_5 162 162 0.5 0.5 0.5 1 1 1
1 P_5 163 163 0.5 0.5 0.5 1 1 1
1 P_5 164 164 0.5 0.5 0.5 1 1 1
1 P_5 165 165 0.5 0.5 0.5 1 1 1
1 P_5 166 166 0.5 0.5 0.5 1 1 1
1 P_5 167 167 0.125553 0.20833333333333334 0.3003475 1 1 1
1 P_5 168 168 0.5 0.5 0.5 1 1 1
1 P_5 169 169 0.5 0.5 0.5 1 1 1
1 P_5 170 170 0.5 0.5 0.5 1 1 1
1 P_5 171 171 0.5 0.5 0.5 1 1 1
1 P_5 172 172 0.5 0.5 0.5 1 1 1
1 P_5 173 173 0.398647 0.46938775510204084 0.493116 1 1 1
1 P_5 174 174 0.5 0.5 0.5 1 1 1
1 P_5 175 175 0.5 0.5 0.5 1 1 1
1 P_5 176 176 0.29779 0.38461538461538464 0.44379 1 1 1
1 P_5 177 177 0.1200445 0.2 0.2906255 1 1 1
1 P_5 178 178 0 0 0 1 1 1
1 P_5 179 179 0.5 0.5 0.5 1 1 1
1 P_5 180 180 0.5 0.5 0.5 1 1 1
1 P_5 181 181 0.5 0.5 0.5 1 1 1
1 P_5 182 182 0.5 0.5 0.5 1 1 1
1 P_5 183 183 0.5 0.5 0.5 1 1 1
1 P_5 184 184 0.5 0.5 0.5 1 1 1
1 P_5 185 185 0.5 0.5 0.5 1 1 1
1 P_5 186 186 0.5 0.5 0.5 1 1 1
1 P_5 187 187 0.5 0.5 0.5 1 1 1
1 P_5 188 188 0 0 0 1 1 1
1 P_5 189 189 0.5 0.5 0.5 1 1 1
1 P_5 190 190 0 0 0 1 1 1
1 P_5 191 191 0.5 0.5 0.5 1 1 1
1 P_5 192 192 0.345843 0.4375 0.48041 1 1 1
1 P_5 193 193 0.03932235 0.09183673469387756 0.17863 1 1 1
1 P_5 194 194 0 0 0 1 1 1
1 P_5 195 195 0.361775 0.45 0.486359 1 1 1
1 P_5 196 196 0.5 0.5 0.5 1 1 1
1 P_5 197 197 0.5 0.5 0.5 1 1 1
1 P_5 198 198 0.01319445 0.0423728813559322 0.1091995 1 1 1
1 P_5 199 199 0.5 0.5 0.5 1 1 1
1 P_5 200 200 0.149622 0.23148148148148148 0.317021 1 1 1
1 P_5 201 201 0.5 0.5 0.5 1 1 1
1 P_5 202 202 0 0 0 1 1 1
1 P_5 203 203 0.5 0.5 0.5 1 1 1
1 P_5 204 204 0.5 0.5 0.5 1 1 1
1 P_5 205 205 0.5 0.5 0.5 1 1 1
1 P_5 206 206 0.117999 0.19444444444444445 0.281927 1 1 1
1 P_5 207 207 0.5 0.5 0.5 1 1 1
1 P_5 208 208 0.5 0.5 0.5 1 1 1
1 P_5 209 209 0.5 0.5 0.5 1 1 1
1 P_5 210 210 0.5 0.5 0.5 1 1 1
1 P_5 211 211 0.5 0.5 0.5 1 1 1
1 P_5 212 212 0.5 0.5 0.5 1 1 1
1 P_5 213 213 0.5 0.5 0.5 1 1 1
1 P_5 214 214 0.5 0.5 0.5 1 1 1
1 P_5 215 215 0 0 0 1 1 1
1 P_5 216 216 0.5 0.5 0.5 1 1 1
1 P_5 217 217 0.5 0.5 0.5 1 1 1
1 P_5 218 218 0.5 0.5 0.5 1 1 1
1 P_5 219 219 0.1071615 0.18269230769230768 0.2720705 1 1 1
1 P_5 220 220 0.122388 0.20930232558139536 0.3061945 1 1 1
1 P_5 221 221 0 0 0 1 1 1
1 P_5 222 222 0.5 0.5 0.5 1 1 1
1 P_5 223 223 0.5 0.5 0.5 1 1 1
1 P_5 224 224 0.03009435 0.07954545454545454 0.16973 1 1 1
1 P_5 225 225 0.5 0.5 0.5 1 1 1
1 P_5 226 226 0.5 0.5 0.5 1 1 1
1 P_5 227 227 0.5 0.5 0.5 1 1 1
1 P_5 228 228 0 0 0 1 1 1
1 P_5 229 229 0 0 0 1 1 1
1 P_5 230 230 0.5 0.5 0.5 1 1 1
1 P_5 231 231 0.5 0.5 0.5 1 1 1
1 P_5 232 232 0.5 0.5 0.5 1 1 1
1 P_5 233 233 0.5 0.5 0.5 1 1 1
1 P_5 234 234 0.5 0.5 0.5 1 1 1
1 P_5 235 235 0.5 0.5 0.5 1 1 1
1 P_5 236 236 0.5 0.5 0.5 1 1 1
1 P_5 237 237 0.5 0.5 0.5 1 1 1
1 P_5 238 238 0.5 0.5 0.5 1 1 1
1 P_5 239 239 0.5 0.5 0.5 1 1 1
1 P_5 240 240 0 0 0 1 1 1
1 P_5 241 241 0 0 0 1 1 1
1 P_5 242 242 0.5 0.5 0.5 1 1 1
1 P_5 243 243 0.5 0.5 0.5 1 1 1
1 P_5 244 244 0 0 0 1 1 1
1 P_5 245 245 0.5 0.5 0.5 1 1 1
1 P_5 246 246 0.5 0.5 0.5 1 1 1
1 P_5 247 247 0.5 0.5 0.5 1 1 1
1 P_5 248 248 0.5 0.5 0.5 1 1 1
1 P_5 249 249 0.5 0.5 0.5 1 1 1
1 P_5 250 250 0.5 0.5 0.5 1 1 1
1 P_5 251 251 0 0 0 1 1 1
1 P_5 252 252 0.5 0.5 0.5 1 1 1
1 P_5 253 253 0.5 0.5 0.5 1 1 1
1 P_5 254 254 0.0304147 0.07547169811320754 0.1556635 1 1 1
1 P_5 255 255 0.5 0.5 0.5 1 1 1
1 P_5 256 256 0.5 0.5 0.5 1 1 1
1 P_5 257 257 0.122388 0.20930232558139536 0.3061945 1 1 1
1 P_5 258 258 0.5 0.5 0.5 1 1 1
1 P_5 259 259 0.5 0.5 0.5 1 1 1
1 P_5 260 260 0.5 0.5 0.5 1 1 1
1 P_5 261 261 0.5 0.5 0.5 1 1 1
1 P_5 262 262 0.5 0.5 0.5 1 1 1
1 P_5 263 263 0.5 0.5 0.5 1 1 1
1 P_5 264 264 0.5 0.5 0.5 1 1 1
1 P_5 265 265 0.5 0.5 0.5 1 1 1
1 P_5 266 266 0.5 0.5 0.5 1 1 1
1 P_5 267 267 0.5 0.5 0.5 1 1 1
1 P_5 268 268 0.373274 0.45 0.4843925 1 1 1
1 P_5 269 269 0.5 0.5 0.5 1 1 1
1 P_5 270 270 0.5 0.5 0.5 1 1 1
1 P_5 271 271 0.5 0.5 0.5 1 1 1
1 P_5 272 272 0.5 0.5 0.5 1 1 1
1 P_5 273 273 0.5 0.5 0.5 1 1 1
1 P_5 274 274 0.5 0.5 0.5 1 1 1
1 P_5 275 275 0.5 0.5 0.5 1 1 1
1 P_5 276 276 0.5 0.5 0.5 1 1 1
1 P_5 277 277 0.5 0.5 0.5 1 1 1
1 P_5 278 278 0 0 0 1 1 1
1 P_5 279 279 0 0 0 1 1 1
1 P_5 280 280 0.5 0.5 0.5 1 1 1
1 P_5 281 281 0 0 0 1 1 1
1 P_5 282 282 0.143704 0.22321428571428573 0.30787 1 1 1
1 P_5 283 283 0.5 0.5 0.5 1 1 1
1 P_5 284 284 0.5 0.5 0.5 1 1 1
1 P_5 285 285 0.5 0.5 0.5 1 1 1
1 P_5 286 286 0.5 0.5 0.5 1 1 1
1 P_5 287 287 0.5 0.5 0.5 1 1 1
1 P_5 288 288 0.336681 0.42391304347826086 0.4712535 1 1 1
1 P_5 289 289 0.5 0.5 0.5 1 1 1
1 P_5 290 290 0.5 0.5 0.5 1 1 1
1 P_5 291 291 0.5 0.5 0.5 1 1 1
1 P_5 292 292 0 0 0 1 1 1
1 P_5 293 293 0.5 0.5 0.5 1 1 1
1 P_5 294 294 0.5 0.5 0.5 1 1 1
1 P_5 295 295 0.5 0.5 0.5 1 1 1
1 P_5 296 296 0.5 0.5 0.5 1 1 1
1 P_5 297 297 0.5 0.5 0.5 1 1 1
1 P_5 298 298 0.5 0.5 0.5 1 1 1
1 P_5 299 299 0.5 0.5 0.5 1 1 1
1 P_5 300 300 0.052775 0.11224489795918367 0.201605 1 1 1
1 P_5 301 301 0.5 0.5 0.5 1 1 1
1 P_5 302 302 0.5 0.5 0.5 1 1 1
1 P_5 303 303 0.5 0.5 0.5 1 1 1
1 P_5 304 304 0.5 0.5 0.5 1 1 1
1 P_5 305 305 0.5 0.5 0.5 1 1 1
1 P_5 306 306 0.138708 0.21818181818181817 0.3038705 1 1 1
1 P_5 307 307 0 0 0 1 1 1
1 P_5 308 308 0.5 0.5 0.5 1 1 1
1 P_5 309 309 0.5 0.5 0.5 1 1 1
1 P_5 310 310 0.5 0.5 0.5 1 1 1
1 P_5 311 311 0.5 0.5 0.5 1 1 1
1 P_5 312 312 0.142309 0.22549019607843138 0.313807 1 1 1
1 P_5 313 313 0.5 0.5 0.5 1 1 1
1 P_5 314 314 0.5 0.5 0.5 1 1 1
1 P_5 315 315 0.5 0.5 0.5 1 1 1
1 P_5 316 316 0.5 0.5 0.5 1 1 1
1 P_5 317 317 0.5 0.5 0.5 1 1 1
1 P_5 318 318 0.5 0.5 0.5 1 1 1
1 P_5 319 319 0.5 0.5 0.5 1 1 1
1 P_5 320 320 0 0 0 1 1 1
1 P_5 321 321 0.5 0.5 0.5 1 1 1
1 P_5 322 322 0.5 0.5 0.5 1 1 1
1 P_5 323 323 0.5 0.5 0.5 1 1 1
1 P_5 324 324 0.5 0.5 0.5 1 1 1
1 P_5 325 325 0.5 0.5 0.5 1 1 1
1 P_5 326 326 0.5 0.5 0.5 1 1 1
1 P_5 327 327 0 0 0 1 1 1
1 P_5 328 328 0.5 0.5 0.5 1 1 1
1 P_5 329 329 0.5 0.5 0.5 1 1 1
1 P_5 330 330 0.5 0.5 0.5 1 1 1
1 P_5 331 331 0.5 0.5 0.5 1 1 1
1 P_5 332 332 0 0 0 1 1 1
1 P_5 333 333 0 0 0 1 1 1
1 P_5 334 334 0.5 0.5 0.5 1 1 1
1 P_5 335 335 0.5 0.5 0.5 1 1 1
1 P_5 336 336 0 0 0 1 1 1
1 P_5 337 337 0.5 0.5 0.5 1 1 1
1 P_5 338 338 0 0 0 1 1 1
1 P_5 339 339 0.5 0.5 0.5 1 1 1
1 P_5 340 340 0.5 0.5 0.5 1 1 1
1 P_5 341 341 0.5 0.5 0.5 1 1 1
1 P_5 342 342 0.5 0.5 0.5 1 1 1
1 P_5 343 343 0 0 0 1 1 1
1 P_5 344 344 0.5 0.5 0.5 1 1 1
1 P_5 345 345 0 0 0 1 1 1
1 P_5 346 346 0.5 0.5 0.5 1 1 1
1 P_5 347 347 0.5 0.5 0.5 1 1 1
1 P_5 348 348 0.5 0.5 0.5 1 1 1
1 P_5 349 349 0.5 0.5 0.5 1 1 1
1 P_5 350 350 0.5 0.5 0.5 1 1 1
1 P_5 351 351 0 0 0 1 1 1
1 P_5 352 352 0.5 0.5 0.5 1 1 1
1 P_5 353 353 0.5 0.5 0.5 1 1 1
1 P_5 354 354 0 0 0 1 1 1
1 P_5 355 355 0 0 0 1 1 1
1 P_5 356 356 0.5 0.5 0.5 1 1 1
1 P_5 357 357 0 0 0 1 1 1
1 P_5 358 358 0.5 0.5 0.5 1 1 1
1 P_5 359 359 0.5 0.5 0.5 1 1 1
1 P_5 360 360 0 0 0 1 1 1
1 P_5 361 361 0.5 0.5 0.5 1 1 1
1 P_5 362 362 0.5 0.5 0.5 1 1 1
1 P_5 363 363 0 0 0 1 1 1
1 P_5 364 364 0.5 0.5 0.5 1 1 1
1 P_5 365 365 0 0 0 1 1 1
1 P_5 366 366 0.335777 0.41379310344827586 0.46146 1 1 1
1 P_5 367 367 0.5 0.5 0.5 1 1 1
1 P_5 368 368 0.5 0.5 0.5 1 1 1
1 P_5 369 369 0.5 0.5 0.5 1 1 1
1 P_5 370 370 0.5 0.5 0.5 1 1 1
1 P_5 371 371 0.5 0.5 0.5 1 1 1
1 P_5 372 372 0.5 0.5 0.5 1 1 1
1 P_5 373 373 0.5 0.5 0.5 1 1 1
1 P_5 374 374 0.5 0.5 0.5 1 1 1
1 P_5 375 375 0.5 0.5 0.5 1 1 1
1 P_5 376 376 0.5 0.5 0.5 1 1 1
1 P_5 377 377 0.5 0.5 0.5 1 1 1
1 P_5 378 378 0 0 0 1 1 1
1 P_5 379 379 0.5 0.5 0.5 1 1 1
1 P_5 380 380 0 0 0 1 1 1
1 P_5 381 381 0.155915 0.24468085106382978 0.334649 1 1 1
1 P_5 382 382 0.5 0.5 0.5 1 1 1
1 P_5 383 383 0.5 0.5 0.5 1 1 1
1 P_5 384 384 0.5 0.5 0.5 1 1 1
1 P_5 385 385 0.5 0.5 0.5 1 1 1
1 P_5 386 386 0.5 0.5 0.5 1 1 1
1 P_5 387 387 0 0 0 1 1 1
1 P_5 388 388 0 0 0 1 1 1
1 P_5 389 389 0.5 0.5 0.5 1 1 1
1 P_5 390 390 0.5 0.5 0.5 1 1 1
1 P_5 391 391 0.5 0.5 0.5 1 1 1
1 P_5 392 392 0.5 0.5 0.5 1 1 1
1 P_5 393 393 0.109179 0.1810344827586207 0.2657055 1 1 1
1 P_5 394 394 0.5 0.5 0.5 1 1 1
1 P_5 395 395 0.3258265 0.4051724137931034 0.455751 1 1 1
1 P_5 396 396 0.5 0.5 0.5 1 1 1
1 P_5 397 397 0 0 0 1 1 1
1 P_5 398 398 0.5 0.5 0.5 1 1 1
1 P_5 399 399 0.5 0.5 0.5 1 1 1
1 P_5 400 400 0.5 0.5 0.5 1 1 1
1 P_5 401 401 0.5 0.5 0.5 1 1 1
1 P_5 402 402 0.5 0.5 0.5 1 1 1
1 P_5 403 403 0.5 0.5 0.5 1 1 1
1 P_5 404 404 0.5 0.5 0.5 1 1 1
1 P_5 405 405 0 0 0 1 1 1
1 P_5 406 406 0 0 0 1 1 1
1 P_5 407 407 0.5 0.5 0.5 1 1 1
1 P_5 408 408 0.373274 0.45 0.4843925 1 1 1
1 P_5 409 409 0.5 0.5 0.5 1 1 1
1 P_5 410 410 0.5 0.5 0.5 1 1 1
1 P_5 411 411 0.5 0.5 0.5 1 1 1
1 P_5 412 412 0.5 0.5 0.5 1 1 1
1 P_5 413 413 0.5 0.5 0.5 1 1 1
1 P_5 414 414 0.5 0.5 0.5 1 1 1
1 P_5 415 415 0.5 0.5 0.5 1 1 1
1 P_5 416 416 0 0 0 1 1 1
1 P_5 417 417 0.5 0.5 0.5 1 1 1
1 P_5 418 418 0.5 0.5 0.5 1 1 1
1 P_5 419 419 0.5 0.5 0.5 1 1 1
1 P_5 420 420 0 0 0 1 1 1
1 P_5 421 421 0.5 0.5 0.5 1 1 1
1 P_5 422 422 0.5 0.5 0.5 1 1 1
1 P_5 423 423 0.5 0.5 0.5 1 1 1
1 P_5 424 424 0.5 0.5 0.5 1 1 1
1 P_5 425 425 0 0 0 1 1 1
1 P_5 426 426 0.5 0.5 0.5 1 1 1
1 P_5 427 427 0.5 0.5 0.5 1 1 1
1 P_5 428 428 0.5 0.5 0.5 1 1 1
1 P_5 429 429 0.5 0.5 0.5 1 1 1
1 P_5 430 430 0.143221 0.22916666666666666 0.31973 1 1 1
1 P_5 431 431 0.5 0.5 0.5 1 1 1
1 P_5 432 432 0.5 0.5 0.5 1 1 1
1 P_5 433 433 0.1256175 0.21428571428571427 0.311901 1 1 1
1 P_5 434 434 0.5 0.5 0.5 1 1 1
1 P_5 435 435 0.5 0.5 0.5 1 1 1
1 P_5 436 436 0.5 0.5 0.5 1 1 1
1 P_5 437 437 0 0 0 1 1 1
1 P_5 438 438 0.5 0.5 0.5 1 1 1
1 P_5 439 439 0.5 0.5 0.5 1 1 1
1 P_5 440 440 0.5 0.5 0.5 1 1 1
1 P_5 441 441 0.5 0.5 0.5 1 1 1
1 P_5 442 442 0 0 0 1 1 1
1 P_5 443 443 0.5 0.5 0.5 1 1 1
1 P_5 444 444 0.0816675 0.15555555555555556 0.251637 1 1 1
1 P_5 445 445 0 0 0 1 1 1
1 P_5 446 446 0.5 0.5 0.5 1 1 1
1 P_5 447 447 0.5 0.5 0.5 1 1 1
1 P_5 448 448 0.5 0.5 0.5 1 1 1
1 P_5 449 449 0.5 0.5 0.5 1 1 1
1 P_5 450 450 0.5 0.5 0.5 1 1 1
1 P_5 451 451 0.5 0.5 0.5 1 1 1
1 P_5 452 452 0.5 0.5 0.5 1 1 1
1 P_5 453 453 0.5 0.5 0.5 1 1 1
1 P_5 454 454 0.5 0.5 0.5 1 1 1
1 P_5 455 455 0.1476085 0.23076923076923078 0.3178875 1 1 1
1 P_5 456 456 0.5 0.5 0.5 1 1 1
1 P_5 457 457 0.5 0.5 0.5 1 1 1
1 P_5 458 458 0.5 0.5 0.5 1 1 1
1 P_5 459 459 0.5 0.5 0.5 1 1 1
1 P_5 460 460 0.5 0.5 0.5 1 1 1
1 P_5 461 461 0.5 0.5 0.5 1 1 1
1 P_5 462 462 0.5 0.5 0.5 1 1 1
1 P_5 463 463 0.1694375 0.2608695652173913 0.3497965 1 1 1
1 P_5 464 464 0.5 0.5 0.5 1 1 1
1 P_5 465 465 0.5 0.5 0.5 1 1 1
1 P_5 466 466 0.5 0.5 0.5 1 1 1
1 P_5 467 467 0.5 0.5 0.5 1 1 1
1 P_5 468 468 0.5 0.5 0.5 1 1 1
1 P_5 469 469 0.5 0.5 0.5 1 1 1
1 P_5 470 470 0.5 0.5 0.5 1 1 1
1 P_5 471 471 0.5 0.5 0.5 1 1 1
1 P_5 472 472 0.5 0.5 0.5 1 1 1
1 P_5 473 473 0 0 0 1 1 1
1 P_5 474 474 0.0752515 0.14772727272727273 0.2447315 1 1 1
1 P_5 475 475 0 0 0 1 1 1
1 P_5 476 476 0.5 0.5 0.5 1 1 1
1 P_5 477 477 0.5 0.5 0.5 1 1 1
1 P_5 478 478 0.306359 0.3958333333333333 0.4530705 1 1 1
1 P_5 479 479 0 0 0 1 1 1
1 P_5 480 480 0.5 0.5 0.5 1 1 1
1 P_5 481 481 0.5 0.5 0.5 1 1 1
1 P_5 482 482 0.1143285 0.19387755102040816 0.2856275 1 1 1
1 P_5 483 483 0.5 0.5 0.5 1 1 1
1 P_5 484 484 0.15598 0.25 0.34402 1 1 1
1 P_5 485 485 0 0 0 1 1 1
1 P_5 486 486 0.5 0.5 0.5 1 1 1
1 P_5 487 487 0.5 0.5 0.5 1 1 1
1 P_5 488 488 0.3010775 0.3867924528301887 0.4449035 1 1 1
1 P_5 489 489 0 0 0 1 1 1
1 P_5 490 490 0 0 0 1 1 1
1 P_5 491 491 0.5 0.5 0.5 1 1 1
1 P_5 492 492 0.5 0.5 0.5 1 1 1
1 P_5 493 493 0.5 0.5 0.5 1 1 1
1 P_5 494 494 0 0 0 1 1 1
1 P_5 495 495 0.5 0.5 0.5 1 1 1
1 P_5 496 496 0 0 0 1 1 1
1 P_5 497 497 0.1122195 0.2 0.3008735 1 1 1
1 P_5 498 498 0.5 0.5 0.5 1 1 1
1 P_5 499 499 0.5 0.5 0.5 1 1 1
1 P_5 500 500 0.5 0.5 0.5 1 1 1
1 P_5 501 501 0.5 0.5 0.5 1 1 1
1 P_5 502 502 0.5 0.5 0.5 1 1 1
1 P_5 503 503 0.5 0.5 0.5 1 1 1
1 P_5 504 504 0.5 0.5 0.5 1 1 1
1 P_5 505 505 0 0 0 1 1 1
1 P_5 506 506 0.5 0.5 0.5 1 1 1
1 P_5 507 507 0.5 0.5 0.5 1 1 1
1 P_5 508 508 0.5 0.5 0.5 1 1 1
1 P_5 509 509 0.5 0.5 0.5 1 1 1
1 P_5 510 510 0.5 0.5 0.5 1 1 1
1 P_5 511 511 0 0 0 1 1 1
1 P_5 512 512 0.5 0.5 0.5 1 1 1
1 P_5 513 513 0.5 0.5 0.5 1 1 1
1 P_5 514 514 0.0216869 0.0625 0.144607 1 1 1
1 P_5 515 515 0.5 0.5 0.5 1 1 1
1 P_5 516 516 0.3526865 0.4262295081967213 0.4686505 1 1 1
1 P_5 517 517 0.5 0.5 0.5 1 1 1
1 P_5 518 518 0.5 0.5 0.5 1 1 1
1 P_5 519 519 0.5 0.5 0.5 1 1 1
1 P_5 520 520 0.5 0.5 0.5 1 1 1
1 P_5 521 521 0.355779 0.4339622641509434 0.4751485 1 1 1
1 P_5 522 522 0.5 0.5 0.5 1 1 1
1 P_5 523 523 0.5 0.5 0.5 1 1 1
1 P_5 524 524 0 0 0 1 1 1
1 P_5 525 525 0.1632445 0.27419354838709675 0.3771795 1 1 1
1 P_5 526 526 0.5 0.5 0.5 1 1 1
1 P_5 527 527 0.107449 0.18888888888888888 0.2846975 1 1 1
1 P_5 528 528 0.5 0.5 0.5 1 1 1
1 P_5 529 529 0.5 0.5 0.5 1 1 1
1 P_5 530 530 0.5 0.5 0.5 1 1 1
1 P_5 531 531 0.0277197 0.06896551724137931 0.143707 1 1 1
1 P_5 532 532 0.358116 0.4431818181818182 0.4822245 1 1 1
1 P_5 533 533 0.5 0.5 0.5 1 1 1
1 P_5 534 534 0.5 0.5 0.5 1 1 1
1 P_5 535 535 0.5 0.5 0.5 1 1 1
1 P_5 536 536 0.113416 0.1875 0.273586 1 1 1
1 P_5 537 537 0.5 0.5 0.5 1 1 1
1 P_5 538 538 0.5 0.5 0.5 1 1 1
1 P_5 539 539 0.5 0.5 0.5 1 1 1
1 P_5 540 540 0.5 0.5 0.5 1 1 1
1 P_5 541 541 0.366555 0.4365079365079365 0.474536 1 1 1
