2 #m
90 #n
0 P_6 0 0 0.0520225 0.09223300970873786 0.149405 1 1 1
0 P_6 1 1 0 0 0 1 1 1
0 P_6 2 2 0 0 0 1 1 1
0 P_6 3 3 0 0 0 1 1 1
0 P_6 4 4 0 0 0 1 1 1
0 P_6 5 5 0 0 0 1 1 1
0 P_6 6 6 0 0 0 1 1 1
0 P_6 7 7 0.5 0.5 0.5 1 1 1
0 P_6 8 8 0 0 0 1 1 1
0 P_6 9 9 0 0 0 1 1 1
0 P_6 10 10 0 0 0 1 1 1
0 P_6 11 11 0 0 0 1 1 1
0 P_6 12 12 0.319837 0.37719298245614036 0.4221395 1 1 1
0 P_6 13 13 0 0 0 1 1 1
0 P_6 14 14 0 0 0 1 1 1
0 P_6 15 15 0 0 0 1 1 1
0 P_6 16 16 0 0 0 1 1 1
0 P_6 17 17 0.3043485 0.3673469387755102 0.4170985 1 1 1
0 P_6 18 18 0 0 0 1 1 1
0 P_6 19 19 0 0 0 1 1 1
0 P_6 20 20 0 0 0 1 1 1
0 P_6 21 21 0 0 0 1 1 1
0 P_6 22 22 0.5 0.5 0.5 1 1 1
0 P_6 23 23 0 0 0 1 1 1
0 P_6 24 24 0 0 0 1 1 1
0 P_6 25 25 0 0 0 1 1 1
0 P_6 26 26 0 0 0 1 1 1
0 P_6 27 27 0 0 0 1 1 1
0 P_6 28 28 0 0 0 1 1 1
0 P_6 29 29 0 0 0 1 1 1
0 P_6 30 30 0 0 0 1 1 1
0 P_6 31 31 0 0 0 1 1 1
0 P_6 32 32 0 0 0 1 1 1
0 P_6 33 33 0 0 0 1 1 1
0 P_6 34 34 0 0 0 1 1 1
0 P_6 35 35 0.0678545 0.11061946902654868 0.1670965 1 1 1
0 P_6 36 36 0 0 0 1 1 1
0 P_6 37 37 0.063788 0.10648148148148148 0.163922 1 1 1
0 P_6 38 38 0 0 0 1 1 1
0 P_6 39 39 0.5 0.5 0.5 1 1 1
0 P_6 40 40 0 0 0 1 1 1
0 P_6 41 41 0 0 0 1 1 1
0 P_6 42 42 0 0 0 1 1 1
0 P_6 43 43 0 0 0 1 1 1
0 P_6 44 44 0 0 0 1 1 1
0 P_6 45 45 0 0 0 1 1 1
0 P_6 46 46 0 0 0 1 1 1
0 P_6 47 47 0 0 0 1 1 1
0 P_6 48 48 0 0 0 1 1 1
0 P_6 49 49 0 0 0 1 1 1
0 P_6 50 50 0 0 0 1 1 1
0 P_6 51 51 0 0 0 1 1 1
0 P_6 52 52 0 0 0 1 1 1
0 P_6 53 53 0 0 0 1 1 1
0 P_6 54 54 0 0 0 1 1 1
0 P_6 55 55 0.3176325 0.3739495798319328 0.418664 1 1 1
0 P_6 56 56 0 0 0 1 1 1
0 P_6 57 57 0 0 0 1 1 1
0 P_6 58 58 0 0 0 1 1 1
0 P_6 59 59 0 0 0 1 1 1
0 P_6 60 60 0 0 0 1 1 1
0 P_6 61 61 0.5 0.5 0.5 1 1 1
0 P_6 62 62 0 0 0 1 1 1
0 P_6 63 63 0.329352 0.39325842696629215 0.4394395 1 1 1
0 P_6 64 64 0 0 0 1 1 1
0 P_6 65 65 0 0 0 1 1 1
0 P_6 66 66 0.0785825 0.12389380530973451 0.181614 1 1 1
0 P_6 67 67 0.5 0.5 0.5 1 1 1
0 P_6 68 68 0 0 0 1 1 1
0 P_6 69 69 0 0 0 1 1 1
0 P_6 70 70 0 0 0 1 1 1
0 P_6 71 71 0 0 0 1 1 1
0 P_6 72 72 0.02980215 0.06074766355140187 0.111275 1 1 1
0 P_6 73 73 0 0 0 1 1 1
0 P_6 74 74 0 0 0 1 1 1
0 P_6 75 75 0 0 0 1 1 1
0 P_6 76 76 0 0 0 1 1 1
0 P_6 77 77 0 0 0 1 1 1
0 P_6 78 78 0 0 0 1 1 1
0 P_6 79 79 0 0 0 1 1 1
0 P_6 80 80 0.3098395 0.37244897959183676 0.421237 1 1 1
0 P_6 81 81 0.5 0.5 0.5 1 1 1
0 P_6 82 82 0.2783895 0.3394495412844037 0.391392 1 1 1
0 P_6 83 83 0 0 0 1 1 1
0 P_6 84 84 0 0 0 1 1 1
0 P_6 85 85 0 0 0 1 1 1
0 P_6 86 86 0 0 0 1 1 1
0 P_6 87 87 0 0 0 1 1 1
0 P_6 88 88 0 0 0 1 1 1
0 P_6 89 89 0.5 0.5 0.5 1 1 1
1 P_4 0 0 0.1381455 0.19444444444444445 0.256458 1 1 1
1 P_4 1 1 0 0 0 1 1 1
1 P_4 2 2 0 0 0 1 1 1
1 P_4 3 3 0 0 0 1 1 1
1 P_4 4 4 0 0 0 1 1 1
1 P_4 5 5 0 0 0 1 1 1
1 P_4 6 6 0 0 0 1 1 1
1 P_4 7 7 0.5 0.5 0.5 1 1 1
1 P_4 8 8 0 0 0 1 1 1
1 P_4 9 9 0 0 0 1 1 1
1 P_4 10 10 0 0 0 1 1 1
1 P_4 11 11 0 0 0 1 1 1
1 P_4 12 12 0 0 0 1 1 1
1 P_4 13 13 0 0 0 1 1 1
1 P_4 14 14 0 0 0 1 1 1
1 P_4 15 15 0 0 0 1 1 1
1 P_4 16 16 0 0 0 1 1 1
1 P_4 17 17 0.1569595 0.2215909090909091 0.2897805 1 1 1
1 P_4 18 18 0.04570825 0.08415841584158416 0.140771 1 1 1
1 P_4 19 19 0 0 0 1 1 1
1 P_4 20 20 0 0 0 1 1 1
1 P_4 21 21 0.0301801 0.06547619047619048 0.1248485 1 1 1
1 P_4 22 22 0.5 0.5 0.5 1 1 1
1 P_4 23 23 0 0 0 1 1 1
1 P_4 24 24 0.073872 0.12121212121212122 0.1829465 1 1 1
1 P_4 25 25 0 0 0 1 1 1
1 P_4 26 26 0 0 0 1 1 1
1 P_4 27 27 0 0 0 1 1 1
1 P_4 28 28 0 0 0 1 1 1
1 P_4 29 29 0 0 0 1 1 1
1 P_4 30 30 0 0 0 1 1 1
1 P_4 31 31 0 0 0 1 1 1
1 P_4 32 32 0 0 0 1 1 1
1 P_4 33 33 0.0500085 0.08878504672897196 0.1442675 1 1 1
1 P_4 34 34 0 0 0 1 1 1
1 P_4 35 35 0.11905 0.175 0.2392575 1 1 1
1 P_4 36 36 0 0 0 1 1 1
1 P_4 37 37 0.13956 0.1971153846153846 0.2603125 1 1 1
1 P_4 38 38 0 0 0 1 1 1
1 P_4 39 39 0.5 0.5 0.5 1 1 1
1 P_4 40 40 0.0530915 0.09405940594059406 0.1521125 1 1 1
1 P_4 41 41 0 0 0 1 1 1
1 P_4 42 42 0 0 0 1 1 1
1 P_4 43 43 0 0 0 1 1 1
1 P_4 44 44 0 0 0 1 1 1
1 P_4 45 45 0 0 0 1 1 1
1 P_4 46 46 0 0 0 1 1 1
1 P_4 47 47 0 0 0 1 1 1
1 P_4 48 48 0 0 0 1 1 1
1 P_4 49 49 0 0 0 1 1 1
1 P_4 50 50 0.0829015 0.1326530612244898 0.1956515 1 1 1
1 P_4 51 51 0.0520225 0.09223300970873786 0.149405 1 1 1
1 P_4 52 52 0 0 0 1 1 1
1 P_4 53 53 0 0 0 1 1 1
1 P_4 54 54 0 0 0 1 1 1
1 P_4 55 55 0.1140255 0.1746987951807229 0.245343 1 1 1
1 P_4 56 56 0.04584325 0.08602150537634409 0.1456385 1 1 1
1 P_4 57 57 0 0 0 1 1 1
1 P_4 58 58 0.03975625 0.07653061224489796 0.1328535 1 1 1
1 P_4 59 59 0 0 0 1 1 1
1 P_4 60 60 0 0 0 1 1 1
1 P_4 61 61 0.5 0.5 0.5 1 1 1
1 P_4 62 62 0 0 0 1 1 1
1 P_4 63 63 0 0 0 1 1 1
1 P_4 64 64 0 0 0 1 1 1
1 P_4 65 65 0 0 0 1 1 1
1 P_4 66 66 0.1025395 0.16071428571428573 0.230576 1 1 1
1 P_4 67 67 0.265073 0.32710280373831774 0.381131 1 1 1
1 P_4 68 68 0 0 0 1 1 1
1 P_4 69 69 0 0 0 1 1 1
1 P_4 70 70 0 0 0 1 1 1
1 P_4 71 71 0 0 0 1 1 1
1 P_4 72 72 0.128933 0.1875 0.253268 1 1 1
1 P_4 73 73 0 0 0 1 1 1
1 P_4 74 74 0 0 0 1 1 1
1 P_4 75 75 0.0453386 0.0851063829787234 0.1442215 1 1 1
1 P_4 76 76 0 0 0 1 1 1
1 P_4 77 77 0 0 0 1 1 1
1 P_4 78 78 0 0 0 1 1 1
1 P_4 79 79 0 0 0 1 1 1
1 P_4 80 80 0 0 0 1 1 1
1 P_4 81 81 0.2645095 0.3353658536585366 0.39478799999999997 1 1 1
1 P_4 82 82 0 0 0 1 1 1
1 P_4 83 83 0 0 0 1 1 1
1 P_4 84 84 0 0 0 1 1 1
1 P_4 85 85 0 0 0 1 1 1
1 P_4 86 86 0 0 0 1 1 1
1 P_4 87 87 0 0 0 1 1 1
1 P_4 88 88 0 0 0 1 1 1
1 P_4 89 89 0.2937275 0.3564356435643564 0.40747 1 1 1
