5 #m
45 #n
0 P_5 0 0 0 0 0 1 1 1
0 P_5 1 1 0.024617 0.078125 0.18629 1 1 1
0 P_5 2 2 0 0 0 1 1 1
0 P_5 3 3 0.2920285 0.3902439024390244 0.4526405 1 1 1
0 P_5 4 4 0.304077 0.3977272727272727 0.456013 1 1 1
0 P_5 5 5 0.341705 0.4230769230769231 0.468982 1 1 1
0 P_5 6 6 0.02316825 0.06666666666666667 0.153023 1 1 1
0 P_5 7 7 0 0 0 1 1 1
0 P_5 8 8 0 0 0 1 1 1
0 P_5 9 9 0 0 0 1 1 1
0 P_5 10 10 0.0287382 0.07142857142857142 0.148264 1 1 1
0 P_5 11 11 0 0 0 1 1 1
0 P_5 12 12 0 0 0 1 1 1
0 P_5 13 13 0 0 0 1 1 1
0 P_5 14 14 0.04861105 0.10377358490566038 0.188431 1 1 1
0 P_5 15 15 0.5 0.5 0.5 1 1 1
0 P_5 16 16 0.5 0.5 0.5 1 1 1
0 P_5 17 17 0.30976 0.3979591836734694 0.454071 1 1 1
0 P_5 18 18 0 0 0 1 1 1
0 P_5 19 19 0 0 0 1 1 1
0 P_5 20 20 0.00938385 0.041666666666666664 0.1331725 1 1 1
0 P_5 21 21 0 0 0 1 1 1
0 P_5 22 22 0.5 0.5 0.5 1 1 1
0 P_5 23 23 0.278261 0.38571428571428573 0.453184 1 1 1
0 P_5 24 24 0 0 0 1 1 1
0 P_5 25 25 0.3222615 0.4056603773584906 0.457678 1 1 1
0 P_5 26 26 0 0 0 1 1 1
0 P_5 27 27 0 0 0 1 1 1
0 P_5 28 28 0 0 0 1 1 1
0 P_5 29 29 0.360448 0.43636363636363634 0.4760745 1 1 1
0 P_5 30 30 0 0 0 1 1 1
0 P_5 31 31 0 0 0 1 1 1
0 P_5 32 32 0.02265245 0.06521739130434782 0.1501115 1 1 1
0 P_5 33 33 0 0 0 1 1 1
0 P_5 34 34 0 0 0 1 1 1
0 P_5 35 35 0.0287382 0.07142857142857142 0.148264 1 1 1
0 P_5 36 36 0.0539305 0.11458333333333333 0.205186 1 1 1
0 P_5 37 37 0 0 0 1 1 1
0 P_5 38 38 0 0 0 1 1 1
0 P_5 39 39 0.357998 0.4387755102040816 0.4787655 1 1 1
0 P_5 40 40 0.323342 0.4166666666666667 0.468425 1 1 1
0 P_5 41 41 0.0308286 0.07258064516129033 0.1451885 1 1 1
0 P_5 42 42 0 0 0 1 1 1
0 P_5 43 43 0 0 0 1 1 1
0 P_5 44 44 0 0 0 1 1 1
1 P_9 0 0 0 0 0 1 1 1
1 P_9 1 1 0.34263 0.4270833333333333 0.472486 1 1 1
1 P_9 2 2 0 0 0 1 1 1
1 P_9 3 3 0 0 0 1 1 1
1 P_9 4 4 0 0 0 1 1 1
1 P_9 5 5 0 0 0 1 1 1
1 P_9 6 6 0.349104 0.43902439024390244 0.4808975 1 1 1
1 P_9 7 7 0 0 0 1 1 1
1 P_9 8 8 0.02585205 0.06862745098039216 0.14921 1 1 1
1 P_9 9 9 0 0 0 1 1 1
1 P_9 10 10 0.388547 0.46078431372549017 0.489331 1 1 1
1 P_9 11 11 0 0 0 1 1 1
1 P_9 12 12 0 0 0 1 1 1
1 P_9 13 13 0.0419892 0.09016393442622951 0.1665985 1 1 1
1 P_9 14 14 0.377097 0.4420289855072464 0.476801 1 1 1
1 P_9 15 15 0.5 0.5 0.5 1 1 1
1 P_9 16 16 0.5 0.5 0.5 1 1 1
1 P_9 17 17 0.0352088 0.08695652173913043 0.1761395 1 1 1
1 P_9 18 18 0 0 0 1 1 1
1 P_9 19 19 0 0 0 1 1 1
1 P_9 20 20 0.3739135 0.44642857142857145 0.4814715 1 1 1
1 P_9 21 21 0.0068842 0.030612244897959183 0.101353 1 1 1
1 P_9 22 22 0.5 0.5 0.5 1 1 1
1 P_9 23 23 0 0 0 1 1 1
1 P_9 24 24 0 0 0 1 1 1
1 P_9 25 25 0 0 0 1 1 1
1 P_9 26 26 0 0 0 1 1 1
1 P_9 27 27 0 0 0 1 1 1
1 P_9 28 28 0 0 0 1 1 1
1 P_9 29 29 0 0 0 1 1 1
1 P_9 30 30 0 0 0 1 1 1
1 P_9 31 31 0 0 0 1 1 1
1 P_9 32 32 0.355475 0.4473684210526316 0.4856315 1 1 1
1 P_9 33 33 0.01998355 0.057692307692307696 0.1347175 1 1 1
1 P_9 34 34 0 0 0 1 1 1
1 P_9 35 35 0.370975 0.4489795918367347 0.4840685 1 1 1
1 P_9 36 36 0.320493 0.4111111111111111 0.46398 1 1 1
1 P_9 37 37 0 0 0 1 1 1
1 P_9 38 38 0.03869585 0.09523809523809523 0.1904155 1 1 1
1 P_9 39 39 0 0 0 1 1 1
1 P_9 40 40 0.0726705 0.13636363636363635 0.222229 1 1 1
1 P_9 41 41 0.360448 0.43636363636363634 0.4760745 1 1 1
1 P_9 42 42 0 0 0 1 1 1
1 P_9 43 43 0 0 0 1 1 1
1 P_9 44 44 0 0 0 1 1 1
2 P_0 0 0 0 0 0 1 1 1
2 P_0 1 1 0 0 0 1 1 1
2 P_0 2 2 0.1996525 0.2916666666666667 0.374447 1 1 1
2 P_0 3 3 0 0 0 1 1 1
2 P_0 4 4 0 0 0 1 1 1
2 P_0 5 5 0 0 0 1 1 1
2 P_0 6 6 0 0 0 1 1 1
2 P_0 7 7 0.0920135 0.16666666666666666 0.259778 1 1 1
2 P_0 8 8 0.5 0.5 0.5 1 1 1
2 P_0 9 9 0 0 0 1 1 1
2 P_0 10 10 0 0 0 1 1 1
2 P_0 11 11 0.1542185 0.24 0.327916 1 1 1
2 P_0 12 12 0.0918705 0.16346153846153846 0.2528515 1 1 1
2 P_0 13 13 0 0 0 1 1 1
2 P_0 14 14 0 0 0 1 1 1
2 P_0 15 15 0.5 0.5 0.5 1 1 1
2 P_0 16 16 0.5 0.5 0.5 1 1 1
2 P_0 17 17 0.5 0.5 0.5 1 1 1
2 P_0 18 18 0 0 0 1 1 1
2 P_0 19 19 0.1118345 0.19 0.280968 1 1 1
2 P_0 20 20 0 0 0 1 1 1
2 P_0 21 21 0 0 0 1 1 1
2 P_0 22 22 0.5 0.5 0.5 1 1 1
2 P_0 23 23 0 0 0 1 1 1
2 P_0 24 24 0.287254 0.37755102040816324 0.4401605 1 1 1
2 P_0 25 25 0 0 0 1 1 1
2 P_0 26 26 0 0 0 1 1 1
2 P_0 27 27 0.2166135 0.3170731707317073 0.400363 1 1 1
2 P_0 28 28 0 0 0 1 1 1
2 P_0 29 29 0 0 0 1 1 1
2 P_0 30 30 0 0 0 1 1 1
2 P_0 31 31 0 0 0 1 1 1
2 P_0 32 32 0 0 0 1 1 1
2 P_0 33 33 0 0 0 1 1 1
2 P_0 34 34 0.224301 0.3163265306122449 0.393934 1 1 1
2 P_0 35 35 0 0 0 1 1 1
2 P_0 36 36 0 0 0 1 1 1
2 P_0 37 37 0 0 0 1 1 1
2 P_0 38 38 0 0 0 1 1 1
2 P_0 39 39 0 0 0 1 1 1
2 P_0 40 40 0.5 0.5 0.5 1 1 1
2 P_0 41 41 0 0 0 1 1 1
2 P_0 42 42 0.1255445 0.2111111111111111 0.3058235 1 1 1
2 P_0 43 43 0.2507675 0.34375 0.415971 1 1 1
2 P_0 44 44 0 0 0 1 1 1
3 P_4 0 0 0.0070282 0.03125 0.103253 1 1 1
3 P_4 1 1 0.148006 0.23863636363636365 0.331995 1 1 1
3 P_4 2 2 0 0 0 1 1 1
3 P_4 3 3 0.1312845 0.21428571428571427 0.3050525 1 1 1
3 P_4 4 4 0.115004 0.19230769230769232 0.281482 1 1 1
3 P_4 5 5 0.0540265 0.1111111111111111 0.195738 1 1 1
3 P_4 6 6 0.1415515 0.2222222222222222 0.3084125 1 1 1
3 P_4 7 7 0.04316945 0.09615384615384616 0.1807095 1 1 1
3 P_4 8 8 0.04505755 0.09649122807017543 0.1768515 1 1 1
3 P_4 9 9 0 0 0 1 1 1
3 P_4 10 10 0.155915 0.24468085106382978 0.334649 1 1 1
3 P_4 11 11 0 0 0 1 1 1
3 P_4 12 12 0 0 0 1 1 1
3 P_4 13 13 0 0 0 1 1 1
3 P_4 14 14 0.016269 0.052083333333333336 0.131408 1 1 1
3 P_4 15 15 0.5 0.5 0.5 1 1 1
3 P_4 16 16 0.5 0.5 0.5 1 1 1
3 P_4 17 17 0.2153025 0.3111111111111111 0.392551 1 1 1
3 P_4 18 18 0.0804345 0.15 0.2408885 1 1 1
3 P_4 19 19 0.0169889 0.05434782608695652 0.1364465 1 1 1
3 P_4 20 20 0.13749 0.22340425531914893 0.3153285 1 1 1
3 P_4 21 21 0 0 0 1 1 1
3 P_4 22 22 0.5 0.5 0.5 1 1 1
3 P_4 23 23 0.096344 0.17391304347826086 0.269011 1 1 1
3 P_4 24 24 0 0 0 1 1 1
3 P_4 25 25 0.1594935 0.24509803921568626 0.3317295 1 1 1
3 P_4 26 26 0 0 0 1 1 1
3 P_4 27 27 0 0 0 1 1 1
3 P_4 28 28 0 0 0 1 1 1
3 P_4 29 29 0.058381 0.1282051282051282 0.2306075 1 1 1
3 P_4 30 30 0.1028675 0.17592592592592593 0.2636975 1 1 1
3 P_4 31 31 0.0368699 0.09090909090909091 0.1830035 1 1 1
3 P_4 32 32 0.1101215 0.19318181818181818 0.2898805 1 1 1
3 P_4 33 33 0 0 0 1 1 1
3 P_4 34 34 0 0 0 1 1 1
3 P_4 35 35 0.13485 0.2222222222222222 0.3161275 1 1 1
3 P_4 36 36 0.1613675 0.2638888888888889 0.362409 1 1 1
3 P_4 37 37 0.051052 0.10526315789473684 0.18676 1 1 1
3 P_4 38 38 0 0 0 1 1 1
3 P_4 39 39 0.1185225 0.19298245614035087 0.2782125 1 1 1
3 P_4 40 40 0.18027 0.2708333333333333 0.356779 1 1 1
3 P_4 41 41 0.138807 0.20666666666666667 0.280847 1 1 1
3 P_4 42 42 0.085666 0.16666666666666666 0.269984 1 1 1
3 P_4 43 43 0 0 0 1 1 1
3 P_4 44 44 0 0 0 1 1 1
4 P_3 0 0 0.0625325 0.1276595744680851 0.220388 1 1 1
4 P_3 1 1 0.2695245 0.36 0.427026 1 1 1
4 P_3 2 2 0 0 0 1 1 1
4 P_3 3 3 0 0 0 1 1 1
4 P_3 4 4 0 0 0 1 1 1
4 P_3 5 5 0 0 0 1 1 1
4 P_3 6 6 0.172475 0.26744186046511625 0.358132 1 1 1
4 P_3 7 7 0.067554 0.14705882352941177 0.2577325 1 1 1
4 P_3 8 8 0.133071 0.20634920634920634 0.2871355 1 1 1
4 P_3 9 9 0 0 0 1 1 1
4 P_3 10 10 0.2251565 0.3191489361702128 0.3975215 1 1 1
4 P_3 11 11 0 0 0 1 1 1
4 P_3 12 12 0 0 0 1 1 1
4 P_3 13 13 0 0 0 1 1 1
4 P_3 14 14 0 0 0 1 1 1
4 P_3 15 15 0.5 0.5 0.5 1 1 1
4 P_3 16 16 0.5 0.5 0.5 1 1 1
4 P_3 17 17 0.122328 0.21621621621621623 0.319599 1 1 1
4 P_3 18 18 0.31324 0.39473684210526316 0.448948 1 1 1
4 P_3 19 19 0.099637 0.18292682926829268 0.2833865 1 1 1
4 P_3 20 20 0.2488105 0.33064516129032256 0.398404 1 1 1
4 P_3 21 21 0 0 0 1 1 1
4 P_3 22 22 0.5 0.5 0.5 1 1 1
4 P_3 23 23 0 0 0 1 1 1
4 P_3 24 24 0 0 0 1 1 1
4 P_3 25 25 0 0 0 1 1 1
4 P_3 26 26 0 0 0 1 1 1
4 P_3 27 27 0 0 0 1 1 1
4 P_3 28 28 0 0 0 1 1 1
4 P_3 29 29 0 0 0 1 1 1
4 P_3 30 30 0.220312 0.31521739130434784 0.3950955 1 1 1
4 P_3 31 31 0.2705625 0.3524590163934426 0.4162035 1 1 1
4 P_3 32 32 0.306446 0.3879310344827586 0.4438245 1 1 1
4 P_3 33 33 0 0 0 1 1 1
4 P_3 34 34 0 0 0 1 1 1
4 P_3 35 35 0.226133 0.32222222222222224 0.4013325 1 1 1
4 P_3 36 36 0.2143725 0.30612244897959184 0.3856715 1 1 1
4 P_3 37 37 0.111257 0.18421052631578946 0.2695905 1 1 1
4 P_3 38 38 0 0 0 1 1 1
4 P_3 39 39 0 0 0 1 1 1
4 P_3 40 40 0.085759 0.16279069767441862 0.2611905 1 1 1
4 P_3 41 41 0.226133 0.32222222222222224 0.4013325 1 1 1
4 P_3 42 42 0.0699705 0.13157894736842105 0.215533 1 1 1
4 P_3 43 43 0 0 0 1 1 1
4 P_3 44 44 0 0 0 1 1 1
