5 #m
4 #n
0 P_0 0 0 0.5 0.5 0.5 1 1 1
0 P_0 1 1 0 0 0 1 1 1
0 P_0 2 2 0 0 0 1 1 1
0 P_0 3 3 0.264535 0.28479125248508946 0.304651 1 1 1
1 P_2 0 0 0.5 0.5 0.5 1 1 1
1 P_2 1 1 0 0 0 1 1 1
1 P_2 2 2 0 0 0 1 1 1
1 P_2 3 3 0 0 0 1 1 1
2 P_6 0 0 0.5 0.5 0.5 1 1 1
2 P_6 1 1 0 0 0 1 1 1
2 P_6 2 2 0.091136 0.10703517587939698 0.124582 1 1 1
2 P_6 3 3 0.0856365 0.10121457489878542 0.1185195 1 1 1
3 P_9 0 0 0.5 0.5 0.5 1 1 1
3 P_9 1 1 0 0 0 1 1 1
3 P_9 2 2 0.189588 0.20937188434695914 0.22962 1 1 1
3 P_9 3 3 0.314463 0.333994053518335 0.35257 1 1 1
4 P_7 0 0 0.5 0.5 0.5 1 1 1
4 P_7 1 1 0.10664 0.1239406779661017 0.1427725 1 1 1
4 P_7 2 2 0 0 0 1 1 1
4 P_7 3 3 0.04159935 0.05308392315470172 0.066851 1 1 1
