2 #m
70 #n
0 P_3 0 0 0.02534185 0.0673076923076923 0.1466735 1 1 1
0 P_3 1 1 0.5 0.5 0.5 1 1 1
0 P_3 2 2 0.0577225 0.12222222222222222 0.216718 1 1 1
0 P_3 3 3 0.0506075 0.10784313725490197 0.194799 1 1 1
0 P_3 4 4 0.0212344 0.061224489795918366 0.142002 1 1 1
0 P_3 5 5 0 0 0 1 1 1
0 P_3 6 6 0.006746 0.03 0.0995215 1 1 1
0 P_3 7 7 0.1040385 0.19444444444444445 0.3008495 1 1 1
0 P_3 8 8 0.1355425 0.2261904761904762 0.3228035 1 1 1
0 P_3 9 9 0.5 0.5 0.5 1 1 1
0 P_3 10 10 0.1229725 0.20192307692307693 0.2907665 1 1 1
0 P_3 11 11 0 0 0 1 1 1
0 P_3 12 12 0.5 0.5 0.5 1 1 1
0 P_3 13 13 0.13106400000000001 0.21153846153846154 0.2999275 1 1 1
0 P_3 14 14 0 0 0 1 1 1
0 P_3 15 15 0.5 0.5 0.5 1 1 1
0 P_3 16 16 0 0 0 1 1 1
0 P_3 17 17 0.0203838 0.058823529411764705 0.137062 1 1 1
0 P_3 18 18 0.04676675 0.1 0.18246 1 1 1
0 P_3 19 19 0 0 0 1 1 1
0 P_3 20 20 0.0212344 0.061224489795918366 0.142002 1 1 1
0 P_3 21 21 0.5 0.5 0.5 1 1 1
0 P_3 22 22 0.5 0.5 0.5 1 1 1
0 P_3 23 23 0.018872 0.05454545454545454 0.1281395 1 1 1
0 P_3 24 24 0.08595 0.1595744680851064 0.2536175 1 1 1
0 P_3 25 25 0 0 0 1 1 1
0 P_3 26 26 0 0 0 1 1 1
0 P_3 27 27 0.0369709 0.08653846153846154 0.169629 1 1 1
0 P_3 28 28 0 0 0 1 1 1
0 P_3 29 29 0 0 0 1 1 1
0 P_3 30 30 0 0 0 1 1 1
0 P_3 31 31 0.0298345 0.07407407407407407 0.153117 1 1 1
0 P_3 32 32 0 0 0 1 1 1
0 P_3 33 33 0 0 0 1 1 1
0 P_3 34 34 0.106066 0.1836734693877551 0.275699 1 1 1
0 P_3 35 35 0.0551775 0.11016949152542373 0.1906925 1 1 1
0 P_3 36 36 0 0 0 1 1 1
0 P_3 37 37 0 0 0 1 1 1
0 P_3 38 38 0.5 0.5 0.5 1 1 1
0 P_3 39 39 0.5 0.5 0.5 1 1 1
0 P_3 40 40 0.1071615 0.18269230769230768 0.2720705 1 1 1
0 P_3 41 41 0 0 0 1 1 1
0 P_3 42 42 0.1255445 0.2111111111111111 0.3058235 1 1 1
0 P_3 43 43 0.5 0.5 0.5 1 1 1
0 P_3 44 44 0.02638325 0.07 0.151835 1 1 1
0 P_3 45 45 0 0 0 1 1 1
0 P_3 46 46 0 0 0 1 1 1
0 P_3 47 47 0 0 0 1 1 1
0 P_3 48 48 0.158409 0.2564102564102564 0.3526935 1 1 1
0 P_3 49 49 0 0 0 1 1 1
0 P_3 50 50 0 0 0 1 1 1
0 P_3 51 51 0.04316945 0.09615384615384616 0.1807095 1 1 1
0 P_3 52 52 0 0 0 1 1 1
0 P_3 53 53 0 0 0 1 1 1
0 P_3 54 54 0 0 0 1 1 1
0 P_3 55 55 0.0368699 0.09090909090909091 0.1830035 1 1 1
0 P_3 56 56 0 0 0 1 1 1
0 P_3 57 57 0.05621 0.11538461538461539 0.20221 1 1 1
0 P_3 58 58 0 0 0 1 1 1
0 P_3 59 59 0 0 0 1 1 1
0 P_3 60 60 0.071295 0.13392857142857142 0.218831 1 1 1
0 P_3 61 61 0.5 0.5 0.5 1 1 1
0 P_3 62 62 0.1312845 0.21428571428571427 0.3050525 1 1 1
0 P_3 63 63 0 0 0 1 1 1
0 P_3 64 64 0.0410639 0.09574468085106383 0.185173 1 1 1
0 P_3 65 65 0 0 0 1 1 1
0 P_3 66 66 0 0 0 1 1 1
0 P_3 67 67 0 0 0 1 1 1
0 P_3 68 68 0.107178 0.17796610169491525 0.261927 1 1 1
0 P_3 69 69 0.3605115 0.44 0.4791995 1 1 1
1 P_5 0 0 0.336681 0.42391304347826086 0.4712535 1 1 1
1 P_5 1 1 0.5 0.5 0.5 1 1 1
1 P_5 2 2 0 0 0 1 1 1
1 P_5 3 3 0 0 0 1 1 1
1 P_5 4 4 0.3268605 0.4230769230769231 0.4731645 1 1 1
1 P_5 5 5 0 0 0 1 1 1
1 P_5 6 6 0.276318 0.3673469387755102 0.432894 1 1 1
1 P_5 7 7 0.04505755 0.09649122807017543 0.1768515 1 1 1
1 P_5 8 8 0.2741655 0.375 0.4431615 1 1 1
1 P_5 9 9 0.5 0.5 0.5 1 1 1
1 P_5 10 10 0.0501325 0.10344827586206896 0.183945 1 1 1
1 P_5 11 11 0 0 0 1 1 1
1 P_5 12 12 0.5 0.5 0.5 1 1 1
1 P_5 13 13 0.0506075 0.10784313725490197 0.194799 1 1 1
1 P_5 14 14 0 0 0 1 1 1
1 P_5 15 15 0.5 0.5 0.5 1 1 1
1 P_5 16 16 0 0 0 1 1 1
1 P_5 17 17 0.3410635 0.41964285714285715 0.4657585 1 1 1
1 P_5 18 18 0 0 0 1 1 1
1 P_5 19 19 0 0 0 1 1 1
1 P_5 20 20 0.34263 0.4270833333333333 0.472486 1 1 1
1 P_5 21 21 0.5 0.5 0.5 1 1 1
1 P_5 22 22 0.5 0.5 0.5 1 1 1
1 P_5 23 23 0 0 0 1 1 1
1 P_5 24 24 0.0520065 0.10714285714285714 0.189661 1 1 1
1 P_5 25 25 0 0 0 1 1 1
1 P_5 26 26 0 0 0 1 1 1
1 P_5 27 27 0 0 0 1 1 1
1 P_5 28 28 0 0 0 1 1 1
1 P_5 29 29 0 0 0 1 1 1
1 P_5 30 30 0 0 0 1 1 1
1 P_5 31 31 0 0 0 1 1 1
1 P_5 32 32 0 0 0 1 1 1
1 P_5 33 33 0 0 0 1 1 1
1 P_5 34 34 0.0336211 0.07894736842105263 0.156469 1 1 1
1 P_5 35 35 0 0 0 1 1 1
1 P_5 36 36 0 0 0 1 1 1
1 P_5 37 37 0 0 0 1 1 1
1 P_5 38 38 0.5 0.5 0.5 1 1 1
1 P_5 39 39 0.5 0.5 0.5 1 1 1
1 P_5 40 40 0.0237081 0.06818181818181818 0.156048 1 1 1
1 P_5 41 41 0 0 0 1 1 1
1 P_5 42 42 0.03320975 0.0875 0.1841665 1 1 1
1 P_5 43 43 0.5 0.5 0.5 1 1 1
1 P_5 44 44 0 0 0 1 1 1
1 P_5 45 45 0 0 0 1 1 1
1 P_5 46 46 0 0 0 1 1 1
1 P_5 47 47 0 0 0 1 1 1
1 P_5 48 48 0.02215915 0.06382978723404255 0.1473085 1 1 1
1 P_5 49 49 0 0 0 1 1 1
1 P_5 50 50 0 0 0 1 1 1
1 P_5 51 51 0.311375 0.40217391304347827 0.458006 1 1 1
1 P_5 52 52 0 0 0 1 1 1
1 P_5 53 53 0 0 0 1 1 1
1 P_5 54 54 0 0 0 1 1 1
1 P_5 55 55 0 0 0 1 1 1
1 P_5 56 56 0 0 0 1 1 1
1 P_5 57 57 0.336168 0.42 0.4677005 1 1 1
1 P_5 58 58 0 0 0 1 1 1
1 P_5 59 59 0 0 0 1 1 1
1 P_5 60 60 0.3661195 0.44680851063829785 0.483379 1 1 1
1 P_5 61 61 0.5 0.5 0.5 1 1 1
1 P_5 62 62 0.0175691 0.05084745762711865 0.1203025 1 1 1
1 P_5 63 63 0 0 0 1 1 1
1 P_5 64 64 0 0 0 1 1 1
1 P_5 65 65 0 0 0 1 1 1
1 P_5 66 66 0 0 0 1 1 1
1 P_5 67 67 0 0 0 1 1 1
1 P_5 68 68 0.386074 0.46511627906976744 0.492151 1 1 1
1 P_5 69 69 0.5 0.5 0.5 1 1 1
