10 #m
43 #n
0 P_7 0 0 0 0 0 1 1 1
0 P_7 1 1 0.174533 0.23394495412844038 0.294994 1 1 1
0 P_7 2 2 0 0 0 1 1 1
0 P_7 3 3 0 0 0 1 1 1
0 P_7 4 4 0.0572065 0.10106382978723404 0.162407 1 1 1
0 P_7 5 5 0 0 0 1 1 1
0 P_7 6 6 0 0 0 1 1 1
0 P_7 7 7 0.184379 0.24528301886792453 0.306681 1 1 1
0 P_7 8 8 0.126004 0.18902439024390244 0.2602135 1 1 1
0 P_7 9 9 0.02345955 0.05319148936170213 0.105963 1 1 1
0 P_7 10 10 0 0 0 1 1 1
0 P_7 11 11 0.0329578 0.06701030927835051 0.121876 1 1 1
0 P_7 12 12 0 0 0 1 1 1
0 P_7 13 13 0.03559675 0.07222222222222222 0.1305775 1 1 1
0 P_7 14 14 0 0 0 1 1 1
0 P_7 15 15 0 0 0 1 1 1
0 P_7 16 16 0.5 0.5 0.5 1 1 1
0 P_7 17 17 0.2689545 0.3333333333333333 0.3883925 1 1 1
0 P_7 18 18 0 0 0 1 1 1
0 P_7 19 19 0.173858 0.2411764705882353 0.3096375 1 1 1
0 P_7 20 20 0.1414665 0.2032967032967033 0.2707915 1 1 1
0 P_7 21 21 0.0140108 0.03763440860215054 0.086313 1 1 1
0 P_7 22 22 0.5 0.5 0.5 1 1 1
0 P_7 23 23 0 0 0 1 1 1
0 P_7 24 24 0 0 0 1 1 1
0 P_7 25 25 0 0 0 1 1 1
0 P_7 26 26 0 0 0 1 1 1
0 P_7 27 27 0 0 0 1 1 1
0 P_7 28 28 0.111928 0.17045454545454544 0.2389415 1 1 1
0 P_7 29 29 0 0 0 1 1 1
0 P_7 30 30 0 0 0 1 1 1
0 P_7 31 31 0.184569 0.25 0.315431 1 1 1
0 P_7 32 32 0 0 0 1 1 1
0 P_7 33 33 0.141975 0.19444444444444445 0.251837 1 1 1
0 P_7 34 34 0.1850745 0.24752475247524752 0.3102465 1 1 1
0 P_7 35 35 0 0 0 1 1 1
0 P_7 36 36 0 0 0 1 1 1
0 P_7 37 37 0 0 0 1 1 1
0 P_7 38 38 0.1221 0.1782178217821782 0.2422115 1 1 1
0 P_7 39 39 0 0 0 1 1 1
0 P_7 40 40 0.1593975 0.22282608695652173 0.2895165 1 1 1
0 P_7 41 41 0.1637175 0.22123893805309736 0.2815925 1 1 1
0 P_7 42 42 0 0 0 1 1 1
1 P_3 0 0 0 0 0 1 1 1
1 P_3 1 1 0.2183445 0.2803738317757009 0.3392505 1 1 1
1 P_3 2 2 0 0 0 1 1 1
1 P_3 3 3 0 0 0 1 1 1
1 P_3 4 4 0 0 0 1 1 1
1 P_3 5 5 0 0 0 1 1 1
1 P_3 6 6 0 0 0 1 1 1
1 P_3 7 7 0.230143 0.3 0.3633835 1 1 1
1 P_3 8 8 0 0 0 1 1 1
1 P_3 9 9 0 0 0 1 1 1
1 P_3 10 10 0 0 0 1 1 1
1 P_3 11 11 0 0 0 1 1 1
1 P_3 12 12 0 0 0 1 1 1
1 P_3 13 13 0 0 0 1 1 1
1 P_3 14 14 0 0 0 1 1 1
1 P_3 15 15 0 0 0 1 1 1
1 P_3 16 16 0.5 0.5 0.5 1 1 1
1 P_3 17 17 0.139598 0.19801980198019803 0.2621455 1 1 1
1 P_3 18 18 0 0 0 1 1 1
1 P_3 19 19 0.1435015 0.19911504424778761 0.2597395 1 1 1
1 P_3 20 20 0 0 0 1 1 1
1 P_3 21 21 0 0 0 1 1 1
1 P_3 22 22 0.5 0.5 0.5 1 1 1
1 P_3 23 23 0 0 0 1 1 1
1 P_3 24 24 0.162136 0.22727272727272727 0.295256 1 1 1
1 P_3 25 25 0 0 0 1 1 1
1 P_3 26 26 0.1891125 0.24782608695652175 0.3067505 1 1 1
1 P_3 27 27 0.187772 0.244 0.3007635 1 1 1
1 P_3 28 28 0 0 0 1 1 1
1 P_3 29 29 0 0 0 1 1 1
1 P_3 30 30 0 0 0 1 1 1
1 P_3 31 31 0.2371135 0.3 0.3576015 1 1 1
1 P_3 32 32 0 0 0 1 1 1
1 P_3 33 33 0 0 0 1 1 1
1 P_3 34 34 0.2026475 0.2638888888888889 0.3237015 1 1 1
1 P_3 35 35 0 0 0 1 1 1
1 P_3 36 36 0.156003 0.21363636363636362 0.274945 1 1 1
1 P_3 37 37 0 0 0 1 1 1
1 P_3 38 38 0 0 0 1 1 1
1 P_3 39 39 0 0 0 1 1 1
1 P_3 40 40 0.223273 0.2878787878787879 0.3482475 1 1 1
1 P_3 41 41 0.2438385 0.30927835051546393 0.3679565 1 1 1
1 P_3 42 42 0 0 0 1 1 1
2 P_4 0 0 0 0 0 1 1 1
2 P_4 1 1 0.035454 0.07407407407407407 0.136472 1 1 1
2 P_4 2 2 0 0 0 1 1 1
2 P_4 3 3 0 0 0 1 1 1
2 P_4 4 4 0 0 0 1 1 1
2 P_4 5 5 0 0 0 1 1 1
2 P_4 6 6 0.03893695 0.075 0.130404 1 1 1
2 P_4 7 7 0 0 0 1 1 1
2 P_4 8 8 0.336375 0.39690721649484534 0.440703 1 1 1
2 P_4 9 9 0 0 0 1 1 1
2 P_4 10 10 0 0 0 1 1 1
2 P_4 11 11 0 0 0 1 1 1
2 P_4 12 12 0 0 0 1 1 1
2 P_4 13 13 0 0 0 1 1 1
2 P_4 14 14 0 0 0 1 1 1
2 P_4 15 15 0 0 0 1 1 1
2 P_4 16 16 0.5 0.5 0.5 1 1 1
2 P_4 17 17 0.3832415 0.4375 0.470227 1 1 1
2 P_4 18 18 0 0 0 1 1 1
2 P_4 19 19 0.395115 0.44298245614035087 0.4720695 1 1 1
2 P_4 20 20 0.3203335 0.3811881188118812 0.42766 1 1 1
2 P_4 21 21 0 0 0 1 1 1
2 P_4 22 22 0.5 0.5 0.5 1 1 1
2 P_4 23 23 0.0403406 0.07456140350877193 0.1258745 1 1 1
2 P_4 24 24 0 0 0 1 1 1
2 P_4 25 25 0 0 0 1 1 1
2 P_4 26 26 0 0 0 1 1 1
2 P_4 27 27 0 0 0 1 1 1
2 P_4 28 28 0.4239695 0.4690721649484536 0.4893885 1 1 1
2 P_4 29 29 0 0 0 1 1 1
2 P_4 30 30 0 0 0 1 1 1
2 P_4 31 31 0.0256928 0.05813953488372093 0.1150485 1 1 1
2 P_4 32 32 0 0 0 1 1 1
2 P_4 33 33 0.360498 0.4166666666666667 0.454755 1 1 1
2 P_4 34 34 0.3837055 0.4411764705882353 0.473998 1 1 1
2 P_4 35 35 0 0 0 1 1 1
2 P_4 36 36 0 0 0 1 1 1
2 P_4 37 37 0 0 0 1 1 1
2 P_4 38 38 0.380947 0.43617021276595747 0.469577 1 1 1
2 P_4 39 39 0 0 0 1 1 1
2 P_4 40 40 0.020204 0.05063291139240506 0.108591 1 1 1
2 P_4 41 41 0.0485979 0.08636363636363636 0.140639 1 1 1
2 P_4 42 42 0.04297365 0.08080808080808081 0.1375285 1 1 1
3 P_1 0 0 0.03098895 0.06310679611650485 0.115287 1 1 1
3 P_1 1 1 0.0248072 0.056179775280898875 0.1114655 1 1 1
3 P_1 2 2 0.2033665 0.26804123711340205 0.330658 1 1 1
3 P_1 3 3 0 0 0 1 1 1
3 P_1 4 4 0.2027805 0.26881720430107525 0.3326185 1 1 1
3 P_1 5 5 0.02742955 0.057692307692307696 0.108399 1 1 1
3 P_1 6 6 0 0 0 1 1 1
3 P_1 7 7 0.0255047 0.05555555555555555 0.1072735 1 1 1
3 P_1 8 8 0 0 0 1 1 1
3 P_1 9 9 0.1788275 0.23853211009174313 0.299406 1 1 1
3 P_1 10 10 0.0403406 0.07456140350877193 0.1258745 1 1 1
3 P_1 11 11 0 0 0 1 1 1
3 P_1 12 12 0.1902545 0.2553191489361702 0.3197585 1 1 1
3 P_1 13 13 0.205263 0.26576576576576577 0.3246885 1 1 1
3 P_1 14 14 0.04524505 0.08333333333333333 0.139502 1 1 1
3 P_1 15 15 0 0 0 1 1 1
3 P_1 16 16 0.5 0.5 0.5 1 1 1
3 P_1 17 17 0.35987 0.4175257731958763 0.4561105 1 1 1
3 P_1 18 18 0.04084345 0.07692307692307693 0.131426 1 1 1
3 P_1 19 19 0.3885405 0.4421052631578947 0.4733965 1 1 1
3 P_1 20 20 0 0 0 1 1 1
3 P_1 21 21 0 0 0 1 1 1
3 P_1 22 22 0.5 0.5 0.5 1 1 1
3 P_1 23 23 0 0 0 1 1 1
3 P_1 24 24 0 0 0 1 1 1
3 P_1 25 25 0.11905 0.175 0.2392575 1 1 1
3 P_1 26 26 0 0 0 1 1 1
3 P_1 27 27 0.118235 0.17117117117117117 0.2320035 1 1 1
3 P_1 28 28 0 0 0 1 1 1
3 P_1 29 29 0.11905 0.175 0.2392575 1 1 1
3 P_1 30 30 0.1821735 0.23949579831932774 0.297802 1 1 1
3 P_1 31 31 0.0325633 0.06302521008403361 0.110953 1 1 1
3 P_1 32 32 0.178684 0.24444444444444444 0.310886 1 1 1
3 P_1 33 33 0 0 0 1 1 1
3 P_1 34 34 0.3436805 0.40853658536585363 0.452194 1 1 1
3 P_1 35 35 0 0 0 1 1 1
3 P_1 36 36 0.13376 0.19117647058823528 0.2549865 1 1 1
3 P_1 37 37 0.00782125 0.025252525252525252 0.0675725 1 1 1
3 P_1 38 38 0 0 0 1 1 1
3 P_1 39 39 0.194376 0.2611111111111111 0.326484 1 1 1
3 P_1 40 40 0.061956 0.10476190476190476 0.1629015 1 1 1
3 P_1 41 41 0.0498863 0.09 0.147809 1 1 1
3 P_1 42 42 0 0 0 1 1 1
4 P_6 0 0 0 0 0 1 1 1
4 P_6 1 1 0.1059085 0.15865384615384615 0.2211415 1 1 1
4 P_6 2 2 0.171127 0.23113207547169812 0.293114 1 1 1
4 P_6 3 3 0 0 0 1 1 1
4 P_6 4 4 0.220828 0.2857142857142857 0.346566 1 1 1
4 P_6 5 5 0 0 0 1 1 1
4 P_6 6 6 0 0 0 1 1 1
4 P_6 7 7 0.0856625 0.1368421052631579 0.2011835 1 1 1
4 P_6 8 8 0.03650185 0.06896551724137931 0.118768 1 1 1
4 P_6 9 9 0.1747245 0.23557692307692307 0.297968 1 1 1
4 P_6 10 10 0 0 0 1 1 1
4 P_6 11 11 0.054607 0.09523809523809523 0.152204 1 1 1
4 P_6 12 12 0.1918285 0.25229357798165136 0.312525 1 1 1
4 P_6 13 13 0.172178 0.23469387755102042 0.2989385 1 1 1
4 P_6 14 14 0 0 0 1 1 1
4 P_6 15 15 0 0 0 1 1 1
4 P_6 16 16 0.5 0.5 0.5 1 1 1
4 P_6 17 17 0.302658 0.36813186813186816 0.4192885 1 1 1
4 P_6 18 18 0 0 0 1 1 1
4 P_6 19 19 0.3349155 0.4012345679012346 0.4470875 1 1 1
4 P_6 20 20 0.078114 0.12921348314606743 0.195266 1 1 1
4 P_6 21 21 0.06321 0.10679611650485436 0.1657845 1 1 1
4 P_6 22 22 0.5 0.5 0.5 1 1 1
4 P_6 23 23 0 0 0 1 1 1
4 P_6 24 24 0 0 0 1 1 1
4 P_6 25 25 0 0 0 1 1 1
4 P_6 26 26 0 0 0 1 1 1
4 P_6 27 27 0 0 0 1 1 1
4 P_6 28 28 0.0721425 0.11979166666666667 0.1824295 1 1 1
4 P_6 29 29 0 0 0 1 1 1
4 P_6 30 30 0.1999035 0.2619047619047619 0.3226475 1 1 1
4 P_6 31 31 0.0774485 0.13125 0.2013275 1 1 1
4 P_6 32 32 0.1865055 0.25 0.3134945 1 1 1
4 P_6 33 33 0.073265 0.11904761904761904 0.17866 1 1 1
4 P_6 34 34 0.2844105 0.34579439252336447 0.3972385 1 1 1
4 P_6 35 35 0 0 0 1 1 1
4 P_6 36 36 0 0 0 1 1 1
4 P_6 37 37 0 0 0 1 1 1
4 P_6 38 38 0.0763085 0.12376237623762376 0.185057 1 1 1
4 P_6 39 39 0.19535 0.2571428571428571 0.3181805 1 1 1
4 P_6 40 40 0.0659785 0.11585365853658537 0.1836815 1 1 1
4 P_6 41 41 0.08263 0.13106796116504854 0.192304 1 1 1
4 P_6 42 42 0 0 0 1 1 1
5 P_2 0 0 0 0 0 1 1 1
5 P_2 1 1 0.23702 0.30864197530864196 0.372315 1 1 1
5 P_2 2 2 0 0 0 1 1 1
5 P_2 3 3 0.068775 0.11320754716981132 0.171954 1 1 1
5 P_2 4 4 0 0 0 1 1 1
5 P_2 5 5 0 0 0 1 1 1
5 P_2 6 6 0.281382 0.345 0.398097 1 1 1
5 P_2 7 7 0 0 0 1 1 1
5 P_2 8 8 0 0 0 1 1 1
5 P_2 9 9 0 0 0 1 1 1
5 P_2 10 10 0 0 0 1 1 1
5 P_2 11 11 0 0 0 1 1 1
5 P_2 12 12 0 0 0 1 1 1
5 P_2 13 13 0 0 0 1 1 1
5 P_2 14 14 0 0 0 1 1 1
5 P_2 15 15 0.071132 0.11956521739130435 0.1836385 1 1 1
5 P_2 16 16 0.5 0.5 0.5 1 1 1
5 P_2 17 17 0.076309 0.12637362637362637 0.19142 1 1 1
5 P_2 18 18 0 0 0 1 1 1
5 P_2 19 19 0.060166 0.10185185185185185 0.158759 1 1 1
5 P_2 20 20 0 0 0 1 1 1
5 P_2 21 21 0 0 0 1 1 1
5 P_2 22 22 0.5 0.5 0.5 1 1 1
5 P_2 23 23 0.2183875 0.2849462365591398 0.347354 1 1 1
5 P_2 24 24 0.03519415 0.07142857142857142 0.1292595 1 1 1
5 P_2 25 25 0 0 0 1 1 1
5 P_2 26 26 0.0572065 0.10106382978723404 0.162407 1 1 1
5 P_2 27 27 0.0493746 0.0891089108910891 0.14646700000000001 1 1 1
5 P_2 28 28 0 0 0 1 1 1
5 P_2 29 29 0 0 0 1 1 1
5 P_2 30 30 0 0 0 1 1 1
5 P_2 31 31 0.335129 0.3918918918918919 0.434454 1 1 1
5 P_2 32 32 0 0 0 1 1 1
5 P_2 33 33 0 0 0 1 1 1
5 P_2 34 34 0.06163 0.11428571428571428 0.188045 1 1 1
5 P_2 35 35 0.0431764 0.0782608695652174 0.12994 1 1 1
5 P_2 36 36 0.060751 0.102803738317757 0.1601165 1 1 1
5 P_2 37 37 0 0 0 1 1 1
5 P_2 38 38 0 0 0 1 1 1
5 P_2 39 39 0 0 0 1 1 1
5 P_2 40 40 0.172697 0.22916666666666666 0.287572 1 1 1
5 P_2 41 41 0.2102195 0.2784090909090909 0.3430405 1 1 1
5 P_2 42 42 0.225531 0.28921568627450983 0.348638 1 1 1
6 P_9 0 0 0.085672 0.13953488372093023 0.2075315 1 1 1
6 P_9 1 1 0.068775 0.11320754716981132 0.171954 1 1 1
6 P_9 2 2 0.0530915 0.09405940594059406 0.1521125 1 1 1
6 P_9 3 3 0.02811815 0.06111111111111111 0.1171725 1 1 1
6 P_9 4 4 0.22824150000000001 0.29292929292929293 0.3528145 1 1 1
6 P_9 5 5 0.063788 0.10648148148148148 0.163922 1 1 1
6 P_9 6 6 0 0 0 1 1 1
6 P_9 7 7 0.096341 0.15432098765432098 0.2252655 1 1 1
6 P_9 8 8 0 0 0 1 1 1
6 P_9 9 9 0.2410145 0.30612244897959184 0.364891 1 1 1
6 P_9 10 10 0.0672975 0.1134020618556701 0.175073 1 1 1
6 P_9 11 11 0 0 0 1 1 1
6 P_9 12 12 0.0359109 0.075 0.138024 1 1 1
6 P_9 13 13 0.273674 0.34065934065934067 0.3966525 1 1 1
6 P_9 14 14 0.069794 0.12048192771084337 0.1883055 1 1 1
6 P_9 15 15 0.046181 0.085 0.1420635 1 1 1
6 P_9 16 16 0.5 0.5 0.5 1 1 1
6 P_9 17 17 0.2087055 0.2722772277227723 0.333404 1 1 1
6 P_9 18 18 0.118869 0.17289719626168223 0.234927 1 1 1
6 P_9 19 19 0.2480425 0.31521739130434784 0.3745655 1 1 1
6 P_9 20 20 0 0 0 1 1 1
6 P_9 21 21 0 0 0 1 1 1
6 P_9 22 22 0.5 0.5 0.5 1 1 1
6 P_9 23 23 0 0 0 1 1 1
6 P_9 24 24 0 0 0 1 1 1
6 P_9 25 25 0 0 0 1 1 1
6 P_9 26 26 0 0 0 1 1 1
6 P_9 27 27 0 0 0 1 1 1
6 P_9 28 28 0 0 0 1 1 1
6 P_9 29 29 0 0 0 1 1 1
6 P_9 30 30 0.02473835 0.05392156862745098 0.104334 1 1 1
6 P_9 31 31 0.1729065 0.23333333333333334 0.295522 1 1 1
6 P_9 32 32 0.01711195 0.043010752688172046 0.093355 1 1 1
6 P_9 33 33 0 0 0 1 1 1
6 P_9 34 34 0.2183875 0.2849462365591398 0.347354 1 1 1
6 P_9 35 35 0.0620155 0.10919540229885058 0.174181 1 1 1
6 P_9 36 36 0 0 0 1 1 1
6 P_9 37 37 0.104838 0.15714285714285714 0.21926 1 1 1
6 P_9 38 38 0 0 0 1 1 1
6 P_9 39 39 0.04790085 0.08653846153846154 0.142583 1 1 1
6 P_9 40 40 0.106533 0.15765765765765766 0.218031 1 1 1
6 P_9 41 41 0.0895575 0.13716814159292035 0.195884 1 1 1
6 P_9 42 42 0 0 0 1 1 1
7 P_0 0 0 0 0 0 1 1 1
7 P_0 1 1 0 0 0 1 1 1
7 P_0 2 2 0.0315174 0.0625 0.112051 1 1 1
7 P_0 3 3 0 0 0 1 1 1
7 P_0 4 4 0.11905 0.175 0.2392575 1 1 1
7 P_0 5 5 0 0 0 1 1 1
7 P_0 6 6 0 0 0 1 1 1
7 P_0 7 7 0 0 0 1 1 1
7 P_0 8 8 0 0 0 1 1 1
7 P_0 9 9 0.089358 0.14 0.202822 1 1 1
7 P_0 10 10 0 0 0 1 1 1
7 P_0 11 11 0 0 0 1 1 1
7 P_0 12 12 0.0192962 0.04591836734693878 0.095477 1 1 1
7 P_0 13 13 0.079486 0.12745098039215685 0.1887265 1 1 1
7 P_0 14 14 0 0 0 1 1 1
7 P_0 15 15 0 0 0 1 1 1
7 P_0 16 16 0.5 0.5 0.5 1 1 1
7 P_0 17 17 0.5 0.5 0.5 1 1 1
7 P_0 18 18 0 0 0 1 1 1
7 P_0 19 19 0.5 0.5 0.5 1 1 1
7 P_0 20 20 0 0 0 1 1 1
7 P_0 21 21 0 0 0 1 1 1
7 P_0 22 22 0.5 0.5 0.5 1 1 1
7 P_0 23 23 0 0 0 1 1 1
7 P_0 24 24 0.283604 0.34946236559139787 0.403511 1 1 1
7 P_0 25 25 0 0 0 1 1 1
7 P_0 26 26 0.30858 0.37362637362637363 0.423691 1 1 1
7 P_0 27 27 0.334679 0.3925233644859813 0.4355905 1 1 1
7 P_0 28 28 0 0 0 1 1 1
7 P_0 29 29 0 0 0 1 1 1
7 P_0 30 30 0.0203626 0.046296296296296294 0.093089 1 1 1
7 P_0 31 31 0 0 0 1 1 1
7 P_0 32 32 0.03928575 0.07407407407407407 0.1269185 1 1 1
7 P_0 33 33 0 0 0 1 1 1
7 P_0 34 34 0.5 0.5 0.5 1 1 1
7 P_0 35 35 0 0 0 1 1 1
7 P_0 36 36 0.279511 0.3493975903614458 0.406126 1 1 1
7 P_0 37 37 0 0 0 1 1 1
7 P_0 38 38 0 0 0 1 1 1
7 P_0 39 39 0.0520355 0.09090909090909091 0.1458365 1 1 1
7 P_0 40 40 0 0 0 1 1 1
7 P_0 41 41 0 0 0 1 1 1
7 P_0 42 42 0 0 0 1 1 1
8 P_5 0 0 0 0 0 1 1 1
8 P_5 1 1 0.245628 0.3131868131868132 0.3730825 1 1 1
8 P_5 2 2 0.0315174 0.0625 0.112051 1 1 1
8 P_5 3 3 0 0 0 1 1 1
8 P_5 4 4 0.111163 0.1650485436893204 0.2280795 1 1 1
8 P_5 5 5 0 0 0 1 1 1
8 P_5 6 6 0 0 0 1 1 1
8 P_5 7 7 0.275793 0.3380952380952381 0.391088 1 1 1
8 P_5 8 8 0 0 0 1 1 1
8 P_5 9 9 0.075524 0.12254901960784313 0.183416 1 1 1
8 P_5 10 10 0 0 0 1 1 1
8 P_5 11 11 0 0 0 1 1 1
8 P_5 12 12 0.0201328 0.047872340425531915 0.0992585 1 1 1
8 P_5 13 13 0.1116075 0.16666666666666666 0.2310455 1 1 1
8 P_5 14 14 0 0 0 1 1 1
8 P_5 15 15 0 0 0 1 1 1
8 P_5 16 16 0.5 0.5 0.5 1 1 1
8 P_5 17 17 0.0987975 0.14953271028037382 0.210692 1 1 1
8 P_5 18 18 0 0 0 1 1 1
8 P_5 19 19 0.1272135 0.18617021276595744 0.2526305 1 1 1
8 P_5 20 20 0 0 0 1 1 1
8 P_5 21 21 0 0 0 1 1 1
8 P_5 22 22 0.5 0.5 0.5 1 1 1
8 P_5 23 23 0 0 0 1 1 1
8 P_5 24 24 0 0 0 1 1 1
8 P_5 25 25 0 0 0 1 1 1
8 P_5 26 26 0 0 0 1 1 1
8 P_5 27 27 0 0 0 1 1 1
8 P_5 28 28 0 0 0 1 1 1
8 P_5 29 29 0 0 0 1 1 1
8 P_5 30 30 0.0137118 0.03684210526315789 0.084611 1 1 1
8 P_5 31 31 0.3126985 0.37777777777777777 0.4272085 1 1 1
8 P_5 32 32 0.0420954 0.07920792079207921 0.135021 1 1 1
8 P_5 33 33 0 0 0 1 1 1
8 P_5 34 34 0.1007905 0.1523809523809524 0.214286 1 1 1
8 P_5 35 35 0 0 0 1 1 1
8 P_5 36 36 0 0 0 1 1 1
8 P_5 37 37 0 0 0 1 1 1
8 P_5 38 38 0 0 0 1 1 1
8 P_5 39 39 0.057447 0.1 0.159148 1 1 1
8 P_5 40 40 0.331809 0.3904761904761905 0.4343105 1 1 1
8 P_5 41 41 0.249332 0.3125 0.369001 1 1 1
8 P_5 42 42 0 0 0 1 1 1
9 P_8 0 0 0 0 0 1 1 1
9 P_8 1 1 0.152987 0.21287128712871287 0.2768295 1 1 1
9 P_8 2 2 0 0 0 1 1 1
9 P_8 3 3 0.2900715 0.3495575221238938 0.3992435 1 1 1
9 P_8 4 4 0 0 0 1 1 1
9 P_8 5 5 0 0 0 1 1 1
9 P_8 6 6 0.092778 0.14285714285714285 0.2042565 1 1 1
9 P_8 7 7 0 0 0 1 1 1
9 P_8 8 8 0 0 0 1 1 1
9 P_8 9 9 0 0 0 1 1 1
9 P_8 10 10 0 0 0 1 1 1
9 P_8 11 11 0 0 0 1 1 1
9 P_8 12 12 0 0 0 1 1 1
9 P_8 13 13 0 0 0 1 1 1
9 P_8 14 14 0 0 0 1 1 1
9 P_8 15 15 0.2658595 0.33 0.3852795 1 1 1
9 P_8 16 16 0.5 0.5 0.5 1 1 1
9 P_8 17 17 0 0 0 1 1 1
9 P_8 18 18 0 0 0 1 1 1
9 P_8 19 19 0 0 0 1 1 1
9 P_8 20 20 0 0 0 1 1 1
9 P_8 21 21 0 0 0 1 1 1
9 P_8 22 22 0.5 0.5 0.5 1 1 1
9 P_8 23 23 0.078676 0.1262135922330097 0.1870705 1 1 1
9 P_8 24 24 0 0 0 1 1 1
9 P_8 25 25 0 0 0 1 1 1
9 P_8 26 26 0 0 0 1 1 1
9 P_8 27 27 0 0 0 1 1 1
9 P_8 28 28 0 0 0 1 1 1
9 P_8 29 29 0 0 0 1 1 1
9 P_8 30 30 0 0 0 1 1 1
9 P_8 31 31 0.5 0.5 0.5 1 1 1
9 P_8 32 32 0 0 0 1 1 1
9 P_8 33 33 0 0 0 1 1 1
9 P_8 34 34 0 0 0 1 1 1
9 P_8 35 35 0.263383 0.32432432432432434 0.3778205 1 1 1
9 P_8 36 36 0 0 0 1 1 1
9 P_8 37 37 0 0 0 1 1 1
9 P_8 38 38 0 0 0 1 1 1
9 P_8 39 39 0 0 0 1 1 1
9 P_8 40 40 0.1113615 0.16847826086956522 0.235377 1 1 1
9 P_8 41 41 0.0955285 0.14795918367346939 0.2119115 1 1 1
9 P_8 42 42 0.09769 0.15 0.213384 1 1 1
