10 #m
62 #n
0 P_8 0 0 0 0 0 1 1 1
0 P_8 1 1 0.5 0.5 0.5 1 1 1
0 P_8 2 2 0 0 0 1 1 1
0 P_8 3 3 0 0 0 1 1 1
0 P_8 4 4 0.0091773 0.026785714285714284 0.066376 1 1 1
0 P_8 5 5 0 0 0 1 1 1
0 P_8 6 6 0 0 0 1 1 1
0 P_8 7 7 0 0 0 1 1 1
0 P_8 8 8 0.04291735 0.08241758241758242 0.142198 1 1 1
0 P_8 9 9 0 0 0 1 1 1
0 P_8 10 10 0 0 0 1 1 1
0 P_8 11 11 0 0 0 1 1 1
0 P_8 12 12 0.5 0.5 0.5 1 1 1
0 P_8 13 13 0 0 0 1 1 1
0 P_8 14 14 0.03038395 0.06190476190476191 0.1132455 1 1 1
0 P_8 15 15 0.5 0.5 0.5 1 1 1
0 P_8 16 16 0.5 0.5 0.5 1 1 1
0 P_8 17 17 0 0 0 1 1 1
0 P_8 18 18 0.394247 0.4424778761061947 0.4718165 1 1 1
0 P_8 19 19 0.364979 0.4207920792079208 0.4579045 1 1 1
0 P_8 20 20 0 0 0 1 1 1
0 P_8 21 21 0.5 0.5 0.5 1 1 1
0 P_8 22 22 0.5 0.5 0.5 1 1 1
0 P_8 23 23 0 0 0 1 1 1
0 P_8 24 24 0.5 0.5 0.5 1 1 1
0 P_8 25 25 0 0 0 1 1 1
0 P_8 26 26 0 0 0 1 1 1
0 P_8 27 27 0 0 0 1 1 1
0 P_8 28 28 0.5 0.5 0.5 1 1 1
0 P_8 29 29 0 0 0 1 1 1
0 P_8 30 30 0.413578 0.4603960396039604 0.48426400000000003 1 1 1
0 P_8 31 31 0.3764335 0.42924528301886794 0.46333 1 1 1
0 P_8 32 32 0.3867545 0.4380952380952381 0.469616 1 1 1
0 P_8 33 33 0 0 0 1 1 1
0 P_8 34 34 0.01962255 0.044642857142857144 0.0899645 1 1 1
0 P_8 35 35 0 0 0 1 1 1
0 P_8 36 36 0 0 0 1 1 1
0 P_8 37 37 0 0 0 1 1 1
0 P_8 38 38 0 0 0 1 1 1
0 P_8 39 39 0.5 0.5 0.5 1 1 1
0 P_8 40 40 0 0 0 1 1 1
0 P_8 41 41 0 0 0 1 1 1
0 P_8 42 42 0 0 0 1 1 1
0 P_8 43 43 0.5 0.5 0.5 1 1 1
0 P_8 44 44 0.5 0.5 0.5 1 1 1
0 P_8 45 45 0 0 0 1 1 1
0 P_8 46 46 0 0 0 1 1 1
0 P_8 47 47 0 0 0 1 1 1
0 P_8 48 48 0 0 0 1 1 1
0 P_8 49 49 0 0 0 1 1 1
0 P_8 50 50 0 0 0 1 1 1
0 P_8 51 51 0 0 0 1 1 1
0 P_8 52 52 0 0 0 1 1 1
0 P_8 53 53 0.01328655 0.03571428571428571 0.082181 1 1 1
0 P_8 54 54 0.01656865 0.041666666666666664 0.090629 1 1 1
0 P_8 55 55 0 0 0 1 1 1
0 P_8 56 56 0 0 0 1 1 1
0 P_8 57 57 0 0 0 1 1 1
0 P_8 58 58 0 0 0 1 1 1
0 P_8 59 59 0 0 0 1 1 1
0 P_8 60 60 0.403605 0.4536082474226804 0.480501 1 1 1
0 P_8 61 61 0.5 0.5 0.5 1 1 1
1 P_7 0 0 0 0 0 1 1 1
1 P_7 1 1 0.5 0.5 0.5 1 1 1
1 P_7 2 2 0 0 0 1 1 1
1 P_7 3 3 0 0 0 1 1 1
1 P_7 4 4 0 0 0 1 1 1
1 P_7 5 5 0.0420954 0.07920792079207921 0.135021 1 1 1
1 P_7 6 6 0.1939915 0.25757575757575757 0.3203125 1 1 1
1 P_7 7 7 0.161312 0.22527472527472528 0.2922365 1 1 1
1 P_7 8 8 0.01798825 0.04285714285714286 0.089508 1 1 1
1 P_7 9 9 0.0539855 0.09292035398230089 0.147301 1 1 1
1 P_7 10 10 0 0 0 1 1 1
1 P_7 11 11 0.102326 0.1590909090909091 0.227238 1 1 1
1 P_7 12 12 0.5 0.5 0.5 1 1 1
1 P_7 13 13 0 0 0 1 1 1
1 P_7 14 14 0 0 0 1 1 1
1 P_7 15 15 0.5 0.5 0.5 1 1 1
1 P_7 16 16 0.5 0.5 0.5 1 1 1
1 P_7 17 17 0 0 0 1 1 1
1 P_7 18 18 0.244402 0.3105263157894737 0.369607 1 1 1
1 P_7 19 19 0.205765 0.26521739130434785 0.3231965 1 1 1
1 P_7 20 20 0.01692695 0.0425531914893617 0.0924285 1 1 1
1 P_7 21 21 0.5 0.5 0.5 1 1 1
1 P_7 22 22 0.5 0.5 0.5 1 1 1
1 P_7 23 23 0.1203365 0.17676767676767677 0.2413895 1 1 1
1 P_7 24 24 0.5 0.5 0.5 1 1 1
1 P_7 25 25 0 0 0 1 1 1
1 P_7 26 26 0 0 0 1 1 1
1 P_7 27 27 0.01684635 0.04017857142857143 0.08424 1 1 1
1 P_7 28 28 0.5 0.5 0.5 1 1 1
1 P_7 29 29 0 0 0 1 1 1
1 P_7 30 30 0 0 0 1 1 1
1 P_7 31 31 0.2183875 0.2849462365591398 0.347354 1 1 1
1 P_7 32 32 0.2183605 0.28421052631578947 0.346079 1 1 1
1 P_7 33 33 0 0 0 1 1 1
1 P_7 34 34 0 0 0 1 1 1
1 P_7 35 35 0 0 0 1 1 1
1 P_7 36 36 0 0 0 1 1 1
1 P_7 37 37 0.2071915 0.27647058823529413 0.3423225 1 1 1
1 P_7 38 38 0.157078 0.21428571428571427 0.2750405 1 1 1
1 P_7 39 39 0.5 0.5 0.5 1 1 1
1 P_7 40 40 0.12082 0.17647058823529413 0.2401125 1 1 1
1 P_7 41 41 0 0 0 1 1 1
1 P_7 42 42 0.1421485 0.19736842105263158 0.257727 1 1 1
1 P_7 43 43 0.5 0.5 0.5 1 1 1
1 P_7 44 44 0.5 0.5 0.5 1 1 1
1 P_7 45 45 0.078114 0.12921348314606743 0.195266 1 1 1
1 P_7 46 46 0 0 0 1 1 1
1 P_7 47 47 0.214403 0.27310924369747897 0.329651 1 1 1
1 P_7 48 48 0 0 0 1 1 1
1 P_7 49 49 0.208143 0.2736842105263158 0.3364685 1 1 1
1 P_7 50 50 0 0 0 1 1 1
1 P_7 51 51 0.12941 0.18220338983050846 0.2413985 1 1 1
1 P_7 52 52 0 0 0 1 1 1
1 P_7 53 53 0 0 0 1 1 1
1 P_7 54 54 0 0 0 1 1 1
1 P_7 55 55 0 0 0 1 1 1
1 P_7 56 56 0 0 0 1 1 1
1 P_7 57 57 0 0 0 1 1 1
1 P_7 58 58 0.105517 0.16129032258064516 0.227598 1 1 1
1 P_7 59 59 0 0 0 1 1 1
1 P_7 60 60 0.2047445 0.26635514018691586 0.326268 1 1 1
1 P_7 61 61 0.5 0.5 0.5 1 1 1
2 P_4 0 0 0 0 0 1 1 1
2 P_4 1 1 0.5 0.5 0.5 1 1 1
2 P_4 2 2 0 0 0 1 1 1
2 P_4 3 3 0.5 0.5 0.5 1 1 1
2 P_4 4 4 0 0 0 1 1 1
2 P_4 5 5 0 0 0 1 1 1
2 P_4 6 6 0 0 0 1 1 1
2 P_4 7 7 0 0 0 1 1 1
2 P_4 8 8 0 0 0 1 1 1
2 P_4 9 9 0 0 0 1 1 1
2 P_4 10 10 0.5 0.5 0.5 1 1 1
2 P_4 11 11 0 0 0 1 1 1
2 P_4 12 12 0.5 0.5 0.5 1 1 1
2 P_4 13 13 0.5 0.5 0.5 1 1 1
2 P_4 14 14 0 0 0 1 1 1
2 P_4 15 15 0.5 0.5 0.5 1 1 1
2 P_4 16 16 0.5 0.5 0.5 1 1 1
2 P_4 17 17 0 0 0 1 1 1
2 P_4 18 18 0 0 0 1 1 1
2 P_4 19 19 0 0 0 1 1 1
2 P_4 20 20 0 0 0 1 1 1
2 P_4 21 21 0.5 0.5 0.5 1 1 1
2 P_4 22 22 0.5 0.5 0.5 1 1 1
2 P_4 23 23 0 0 0 1 1 1
2 P_4 24 24 0.5 0.5 0.5 1 1 1
2 P_4 25 25 0.5 0.5 0.5 1 1 1
2 P_4 26 26 0 0 0 1 1 1
2 P_4 27 27 0 0 0 1 1 1
2 P_4 28 28 0.5 0.5 0.5 1 1 1
2 P_4 29 29 0 0 0 1 1 1
2 P_4 30 30 0 0 0 1 1 1
2 P_4 31 31 0 0 0 1 1 1
2 P_4 32 32 0 0 0 1 1 1
2 P_4 33 33 0 0 0 1 1 1
2 P_4 34 34 0 0 0 1 1 1
2 P_4 35 35 0 0 0 1 1 1
2 P_4 36 36 0 0 0 1 1 1
2 P_4 37 37 0 0 0 1 1 1
2 P_4 38 38 0 0 0 1 1 1
2 P_4 39 39 0.5 0.5 0.5 1 1 1
2 P_4 40 40 0 0 0 1 1 1
2 P_4 41 41 0 0 0 1 1 1
2 P_4 42 42 0 0 0 1 1 1
2 P_4 43 43 0.5 0.5 0.5 1 1 1
2 P_4 44 44 0 0 0 1 1 1
2 P_4 45 45 0 0 0 1 1 1
2 P_4 46 46 0 0 0 1 1 1
2 P_4 47 47 0 0 0 1 1 1
2 P_4 48 48 0.5 0.5 0.5 1 1 1
2 P_4 49 49 0 0 0 1 1 1
2 P_4 50 50 0 0 0 1 1 1
2 P_4 51 51 0 0 0 1 1 1
2 P_4 52 52 0 0 0 1 1 1
2 P_4 53 53 0 0 0 1 1 1
2 P_4 54 54 0 0 0 1 1 1
2 P_4 55 55 0 0 0 1 1 1
2 P_4 56 56 0 0 0 1 1 1
2 P_4 57 57 0 0 0 1 1 1
2 P_4 58 58 0 0 0 1 1 1
2 P_4 59 59 0 0 0 1 1 1
2 P_4 60 60 0 0 0 1 1 1
2 P_4 61 61 0.5 0.5 0.5 1 1 1
3 P_9 0 0 0 0 0 1 1 1
3 P_9 1 1 0.5 0.5 0.5 1 1 1
3 P_9 2 2 0 0 0 1 1 1
3 P_9 3 3 0.1035795 0.16091954022988506 0.229535 1 1 1
3 P_9 4 4 0.0625805 0.10454545454545454 0.1611935 1 1 1
3 P_9 5 5 0.141826 0.20588235294117646 0.275651 1 1 1
3 P_9 6 6 0 0 0 1 1 1
3 P_9 7 7 0 0 0 1 1 1
3 P_9 8 8 0.1551535 0.21649484536082475 0.281659 1 1 1
3 P_9 9 9 0.0536425 0.095 0.153503 1 1 1
3 P_9 10 10 0.090311 0.1414141414141414 0.2046575 1 1 1
3 P_9 11 11 0 0 0 1 1 1
3 P_9 12 12 0.5 0.5 0.5 1 1 1
3 P_9 13 13 0.0906995 0.14444444444444443 0.211121 1 1 1
3 P_9 14 14 0.079486 0.12745098039215685 0.1887265 1 1 1
3 P_9 15 15 0.5 0.5 0.5 1 1 1
3 P_9 16 16 0.5 0.5 0.5 1 1 1
3 P_9 17 17 0 0 0 1 1 1
3 P_9 18 18 0.0746625 0.12244897959183673 0.1846315 1 1 1
3 P_9 19 19 0.0778615 0.12385321100917432 0.182697 1 1 1
3 P_9 20 20 0.089358 0.14 0.202822 1 1 1
3 P_9 21 21 0.5 0.5 0.5 1 1 1
3 P_9 22 22 0.5 0.5 0.5 1 1 1
3 P_9 23 23 0 0 0 1 1 1
3 P_9 24 24 0.5 0.5 0.5 1 1 1
3 P_9 25 25 0.091572 0.14215686274509803 0.204458 1 1 1
3 P_9 26 26 0 0 0 1 1 1
3 P_9 27 27 0.0531945 0.10135135135135136 0.1714295 1 1 1
3 P_9 28 28 0.5 0.5 0.5 1 1 1
3 P_9 29 29 0 0 0 1 1 1
3 P_9 30 30 0.087511 0.13725490196078433 0.1992465 1 1 1
3 P_9 31 31 0.0853865 0.13302752293577982 0.1925875 1 1 1
3 P_9 32 32 0.072952 0.11637931034482758 0.1726245 1 1 1
3 P_9 33 33 0 0 0 1 1 1
3 P_9 34 34 0.070158 0.11538461538461539 0.1749585 1 1 1
3 P_9 35 35 0 0 0 1 1 1
3 P_9 36 36 0 0 0 1 1 1
3 P_9 37 37 0 0 0 1 1 1
3 P_9 38 38 0 0 0 1 1 1
3 P_9 39 39 0.5 0.5 0.5 1 1 1
3 P_9 40 40 0 0 0 1 1 1
3 P_9 41 41 0 0 0 1 1 1
3 P_9 42 42 0 0 0 1 1 1
3 P_9 43 43 0.5 0.5 0.5 1 1 1
3 P_9 44 44 0.285714 0.3476190476190476 0.3992095 1 1 1
3 P_9 45 45 0 0 0 1 1 1
3 P_9 46 46 0 0 0 1 1 1
3 P_9 47 47 0 0 0 1 1 1
3 P_9 48 48 0.0976385 0.15104166666666666 0.2158425 1 1 1
3 P_9 49 49 0 0 0 1 1 1
3 P_9 50 50 0 0 0 1 1 1
3 P_9 51 51 0 0 0 1 1 1
3 P_9 52 52 0 0 0 1 1 1
3 P_9 53 53 0.047427 0.08888888888888889 0.150061 1 1 1
3 P_9 54 54 0.0613475 0.10377358490566038 0.161497 1 1 1
3 P_9 55 55 0 0 0 1 1 1
3 P_9 56 56 0 0 0 1 1 1
3 P_9 57 57 0 0 0 1 1 1
3 P_9 58 58 0 0 0 1 1 1
3 P_9 59 59 0 0 0 1 1 1
3 P_9 60 60 0.074143 0.11926605504587157 0.1777075 1 1 1
3 P_9 61 61 0.5 0.5 0.5 1 1 1
4 P_3 0 0 0 0 0 1 1 1
4 P_3 1 1 0.5 0.5 0.5 1 1 1
4 P_3 2 2 0 0 0 1 1 1
4 P_3 3 3 0 0 0 1 1 1
4 P_3 4 4 0 0 0 1 1 1
4 P_3 5 5 0.0998585 0.1483050847457627 0.2063515 1 1 1
4 P_3 6 6 0 0 0 1 1 1
4 P_3 7 7 0 0 0 1 1 1
4 P_3 8 8 0.078763 0.12755102040816327 0.1901605 1 1 1
4 P_3 9 9 0.0930235 0.14220183486238533 0.202366 1 1 1
4 P_3 10 10 0 0 0 1 1 1
4 P_3 11 11 0.1871135 0.25 0.3128865 1 1 1
4 P_3 12 12 0.5 0.5 0.5 1 1 1
4 P_3 13 13 0 0 0 1 1 1
4 P_3 14 14 0 0 0 1 1 1
4 P_3 15 15 0.5 0.5 0.5 1 1 1
4 P_3 16 16 0.5 0.5 0.5 1 1 1
4 P_3 17 17 0 0 0 1 1 1
4 P_3 18 18 0.0658775 0.1111111111111111 0.1718645 1 1 1
4 P_3 19 19 0.0832125 0.1308411214953271 0.19083 1 1 1
4 P_3 20 20 0.085241 0.135 0.1974915 1 1 1
4 P_3 21 21 0.5 0.5 0.5 1 1 1
4 P_3 22 22 0.5 0.5 0.5 1 1 1
4 P_3 23 23 0.1548955 0.21296296296296297 0.2748405 1 1 1
4 P_3 24 24 0.5 0.5 0.5 1 1 1
4 P_3 25 25 0 0 0 1 1 1
4 P_3 26 26 0 0 0 1 1 1
4 P_3 27 27 0.0870755 0.1377551020408163 0.2011065 1 1 1
4 P_3 28 28 0.5 0.5 0.5 1 1 1
4 P_3 29 29 0 0 0 1 1 1
4 P_3 30 30 0.067708 0.11274509803921569 0.172686 1 1 1
4 P_3 31 31 0.07712 0.12272727272727273 0.1811875 1 1 1
4 P_3 32 32 0.0802865 0.13414634146341464 0.203517 1 1 1
4 P_3 33 33 0 0 0 1 1 1
4 P_3 34 34 0 0 0 1 1 1
4 P_3 35 35 0 0 0 1 1 1
4 P_3 36 36 0 0 0 1 1 1
4 P_3 37 37 0 0 0 1 1 1
4 P_3 38 38 0.174411 0.2391304347826087 0.3051545 1 1 1
4 P_3 39 39 0.5 0.5 0.5 1 1 1
4 P_3 40 40 0.199669 0.26666666666666666 0.331621 1 1 1
4 P_3 41 41 0 0 0 1 1 1
4 P_3 42 42 0.1317345 0.19230769230769232 0.259878 1 1 1
4 P_3 43 43 0.5 0.5 0.5 1 1 1
4 P_3 44 44 0.5 0.5 0.5 1 1 1
4 P_3 45 45 0.2036515 0.2676767676767677 0.3297245 1 1 1
4 P_3 46 46 0 0 0 1 1 1
4 P_3 47 47 0 0 0 1 1 1
4 P_3 48 48 0 0 0 1 1 1
4 P_3 49 49 0 0 0 1 1 1
4 P_3 50 50 0 0 0 1 1 1
4 P_3 51 51 0.17118 0.23267326732673269 0.296068 1 1 1
4 P_3 52 52 0 0 0 1 1 1
4 P_3 53 53 0 0 0 1 1 1
4 P_3 54 54 0 0 0 1 1 1
4 P_3 55 55 0 0 0 1 1 1
4 P_3 56 56 0 0 0 1 1 1
4 P_3 57 57 0 0 0 1 1 1
4 P_3 58 58 0.1781545 0.24210526315789474 0.306975 1 1 1
4 P_3 59 59 0 0 0 1 1 1
4 P_3 60 60 0.0870755 0.1377551020408163 0.2011065 1 1 1
4 P_3 61 61 0.5 0.5 0.5 1 1 1
5 P_0 0 0 0 0 0 1 1 1
5 P_0 1 1 0.5 0.5 0.5 1 1 1
5 P_0 2 2 0 0 0 1 1 1
5 P_0 3 3 0 0 0 1 1 1
5 P_0 4 4 0.1985435 0.26785714285714285 0.3348325 1 1 1
5 P_0 5 5 0.043567 0.07894736842105263 0.130996 1 1 1
5 P_0 6 6 0 0 0 1 1 1
5 P_0 7 7 0 0 0 1 1 1
5 P_0 8 8 0.5 0.5 0.5 1 1 1
5 P_0 9 9 0.1928415 0.2548076923076923 0.316261 1 1 1
5 P_0 10 10 0 0 0 1 1 1
5 P_0 11 11 0 0 0 1 1 1
5 P_0 12 12 0.5 0.5 0.5 1 1 1
5 P_0 13 13 0 0 0 1 1 1
5 P_0 14 14 0.206811 0.2777777777777778 0.3449785 1 1 1
5 P_0 15 15 0.5 0.5 0.5 1 1 1
5 P_0 16 16 0.5 0.5 0.5 1 1 1
5 P_0 17 17 0 0 0 1 1 1
5 P_0 18 18 0 0 0 1 1 1
5 P_0 19 19 0 0 0 1 1 1
5 P_0 20 20 0.04715655 0.08673469387755102 0.1447205 1 1 1
5 P_0 21 21 0.5 0.5 0.5 1 1 1
5 P_0 22 22 0.5 0.5 0.5 1 1 1
5 P_0 23 23 0 0 0 1 1 1
5 P_0 24 24 0.5 0.5 0.5 1 1 1
5 P_0 25 25 0 0 0 1 1 1
5 P_0 26 26 0.067234 0.10964912280701754 0.1657545 1 1 1
5 P_0 27 27 0.1551535 0.21649484536082475 0.281659 1 1 1
5 P_0 28 28 0.5 0.5 0.5 1 1 1
5 P_0 29 29 0.04166965 0.0784313725490196 0.133801 1 1 1
5 P_0 30 30 0 0 0 1 1 1
5 P_0 31 31 0 0 0 1 1 1
5 P_0 32 32 0 0 0 1 1 1
5 P_0 33 33 0.0530915 0.09405940594059406 0.1521125 1 1 1
5 P_0 34 34 0.166923 0.22522522522522523 0.28601 1 1 1
5 P_0 35 35 0.092778 0.14285714285714285 0.2042565 1 1 1
5 P_0 36 36 0 0 0 1 1 1
5 P_0 37 37 0 0 0 1 1 1
5 P_0 38 38 0 0 0 1 1 1
5 P_0 39 39 0.5 0.5 0.5 1 1 1
5 P_0 40 40 0 0 0 1 1 1
5 P_0 41 41 0 0 0 1 1 1
5 P_0 42 42 0 0 0 1 1 1
5 P_0 43 43 0.5 0.5 0.5 1 1 1
5 P_0 44 44 0.5 0.5 0.5 1 1 1
5 P_0 45 45 0 0 0 1 1 1
5 P_0 46 46 0 0 0 1 1 1
5 P_0 47 47 0 0 0 1 1 1
5 P_0 48 48 0 0 0 1 1 1
5 P_0 49 49 0 0 0 1 1 1
5 P_0 50 50 0 0 0 1 1 1
5 P_0 51 51 0 0 0 1 1 1
5 P_0 52 52 0 0 0 1 1 1
5 P_0 53 53 0.199547 0.2621359223300971 0.323418 1 1 1
5 P_0 54 54 0.2295355 0.2909090909090909 0.348148 1 1 1
5 P_0 55 55 0.0653855 0.11170212765957446 0.1742605 1 1 1
5 P_0 56 56 0 0 0 1 1 1
5 P_0 57 57 0 0 0 1 1 1
5 P_0 58 58 0 0 0 1 1 1
5 P_0 59 59 0 0 0 1 1 1
5 P_0 60 60 0 0 0 1 1 1
5 P_0 61 61 0.5 0.5 0.5 1 1 1
6 P_2 0 0 0 0 0 1 1 1
6 P_2 1 1 0.5 0.5 0.5 1 1 1
6 P_2 2 2 0 0 0 1 1 1
6 P_2 3 3 0.5 0.5 0.5 1 1 1
6 P_2 4 4 0 0 0 1 1 1
6 P_2 5 5 0 0 0 1 1 1
6 P_2 6 6 0 0 0 1 1 1
6 P_2 7 7 0 0 0 1 1 1
6 P_2 8 8 0 0 0 1 1 1
6 P_2 9 9 0 0 0 1 1 1
6 P_2 10 10 0.5 0.5 0.5 1 1 1
6 P_2 11 11 0 0 0 1 1 1
6 P_2 12 12 0.5 0.5 0.5 1 1 1
6 P_2 13 13 0.5 0.5 0.5 1 1 1
6 P_2 14 14 0 0 0 1 1 1
6 P_2 15 15 0.5 0.5 0.5 1 1 1
6 P_2 16 16 0.5 0.5 0.5 1 1 1
6 P_2 17 17 0 0 0 1 1 1
6 P_2 18 18 0 0 0 1 1 1
6 P_2 19 19 0 0 0 1 1 1
6 P_2 20 20 0 0 0 1 1 1
6 P_2 21 21 0.5 0.5 0.5 1 1 1
6 P_2 22 22 0.5 0.5 0.5 1 1 1
6 P_2 23 23 0 0 0 1 1 1
6 P_2 24 24 0.5 0.5 0.5 1 1 1
6 P_2 25 25 0.5 0.5 0.5 1 1 1
6 P_2 26 26 0 0 0 1 1 1
6 P_2 27 27 0 0 0 1 1 1
6 P_2 28 28 0.5 0.5 0.5 1 1 1
6 P_2 29 29 0 0 0 1 1 1
6 P_2 30 30 0 0 0 1 1 1
6 P_2 31 31 0 0 0 1 1 1
6 P_2 32 32 0 0 0 1 1 1
6 P_2 33 33 0 0 0 1 1 1
6 P_2 34 34 0 0 0 1 1 1
6 P_2 35 35 0 0 0 1 1 1
6 P_2 36 36 0 0 0 1 1 1
6 P_2 37 37 0 0 0 1 1 1
6 P_2 38 38 0 0 0 1 1 1
6 P_2 39 39 0.5 0.5 0.5 1 1 1
6 P_2 40 40 0 0 0 1 1 1
6 P_2 41 41 0 0 0 1 1 1
6 P_2 42 42 0 0 0 1 1 1
6 P_2 43 43 0.5 0.5 0.5 1 1 1
6 P_2 44 44 0 0 0 1 1 1
6 P_2 45 45 0 0 0 1 1 1
6 P_2 46 46 0 0 0 1 1 1
6 P_2 47 47 0 0 0 1 1 1
6 P_2 48 48 0.5 0.5 0.5 1 1 1
6 P_2 49 49 0 0 0 1 1 1
6 P_2 50 50 0 0 0 1 1 1
6 P_2 51 51 0 0 0 1 1 1
6 P_2 52 52 0 0 0 1 1 1
6 P_2 53 53 0 0 0 1 1 1
6 P_2 54 54 0 0 0 1 1 1
6 P_2 55 55 0 0 0 1 1 1
6 P_2 56 56 0 0 0 1 1 1
6 P_2 57 57 0 0 0 1 1 1
6 P_2 58 58 0 0 0 1 1 1
6 P_2 59 59 0 0 0 1 1 1
6 P_2 60 60 0 0 0 1 1 1
6 P_2 61 61 0.5 0.5 0.5 1 1 1
7 P_5 0 0 0.063275 0.10824742268041238 0.169372 1 1 1
7 P_5 1 1 0.5 0.5 0.5 1 1 1
7 P_5 2 2 0.0203626 0.046296296296296294 0.093089 1 1 1
7 P_5 3 3 0.1541825 0.21359223300970873 0.2769225 1 1 1
7 P_5 4 4 0.286616 0.35 0.40231 1 1 1
7 P_5 5 5 0 0 0 1 1 1
7 P_5 6 6 0 0 0 1 1 1
7 P_5 7 7 0 0 0 1 1 1
7 P_5 8 8 0.2410145 0.30612244897959184 0.364891 1 1 1
7 P_5 9 9 0 0 0 1 1 1
7 P_5 10 10 0.044362 0.08333333333333333 0.141468 1 1 1
7 P_5 11 11 0 0 0 1 1 1
7 P_5 12 12 0.5 0.5 0.5 1 1 1
7 P_5 13 13 0.1234075 0.18 0.2443465 1 1 1
7 P_5 14 14 0.3129295 0.3737864077669903 0.421324 1 1 1
7 P_5 15 15 0.5 0.5 0.5 1 1 1
7 P_5 16 16 0.5 0.5 0.5 1 1 1
7 P_5 17 17 0.0698545 0.11616161616161616 0.1774255 1 1 1
7 P_5 18 18 0 0 0 1 1 1
7 P_5 19 19 0 0 0 1 1 1
7 P_5 20 20 0 0 0 1 1 1
7 P_5 21 21 0.5 0.5 0.5 1 1 1
7 P_5 22 22 0.5 0.5 0.5 1 1 1
7 P_5 23 23 0 0 0 1 1 1
7 P_5 24 24 0.5 0.5 0.5 1 1 1
7 P_5 25 25 0.03815295 0.07526881720430108 0.133087 1 1 1
7 P_5 26 26 0 0 0 1 1 1
7 P_5 27 27 0 0 0 1 1 1
7 P_5 28 28 0.5 0.5 0.5 1 1 1
7 P_5 29 29 0.271456 0.3388888888888889 0.395429 1 1 1
7 P_5 30 30 0 0 0 1 1 1
7 P_5 31 31 0 0 0 1 1 1
7 P_5 32 32 0 0 0 1 1 1
7 P_5 33 33 0.2856515 0.35106382978723405 0.404599 1 1 1
7 P_5 34 34 0.283871 0.34615384615384615 0.3981825 1 1 1
7 P_5 35 35 0 0 0 1 1 1
7 P_5 36 36 0 0 0 1 1 1
7 P_5 37 37 0 0 0 1 1 1
7 P_5 38 38 0 0 0 1 1 1
7 P_5 39 39 0.5 0.5 0.5 1 1 1
7 P_5 40 40 0 0 0 1 1 1
7 P_5 41 41 0 0 0 1 1 1
7 P_5 42 42 0 0 0 1 1 1
7 P_5 43 43 0.5 0.5 0.5 1 1 1
7 P_5 44 44 0.265773 0.33157894736842103 0.387893 1 1 1
7 P_5 45 45 0 0 0 1 1 1
7 P_5 46 46 0 0 0 1 1 1
7 P_5 47 47 0 0 0 1 1 1
7 P_5 48 48 0.13956 0.1971153846153846 0.2603125 1 1 1
7 P_5 49 49 0 0 0 1 1 1
7 P_5 50 50 0.025244 0.055 0.1062755 1 1 1
7 P_5 51 51 0 0 0 1 1 1
7 P_5 52 52 0.0719165 0.11382113821138211 0.1680685 1 1 1
7 P_5 53 53 0.286314 0.3546511627906977 0.409597 1 1 1
7 P_5 54 54 0.2891985 0.3474576271186441 0.396516 1 1 1
7 P_5 55 55 0 0 0 1 1 1
7 P_5 56 56 0.0530915 0.09405940594059406 0.1521125 1 1 1
7 P_5 57 57 0.059941 0.10416666666666667 0.1651735 1 1 1
7 P_5 58 58 0 0 0 1 1 1
7 P_5 59 59 0 0 0 1 1 1
7 P_5 60 60 0 0 0 1 1 1
7 P_5 61 61 0.5 0.5 0.5 1 1 1
8 P_1 0 0 0.0879315 0.13679245283018868 0.197504 1 1 1
8 P_1 1 1 0.5 0.5 0.5 1 1 1
8 P_1 2 2 0.0684085 0.11386138613861387 0.174238 1 1 1
8 P_1 3 3 0.084084 0.13855421686746988 0.207775 1 1 1
8 P_1 4 4 0 0 0 1 1 1
8 P_1 5 5 0 0 0 1 1 1
8 P_1 6 6 0 0 0 1 1 1
8 P_1 7 7 0 0 0 1 1 1
8 P_1 8 8 0.0160588 0.04040404040404041 0.088057 1 1 1
8 P_1 9 9 0.0287734 0.0625 0.1196245 1 1 1
8 P_1 10 10 0 0 0 1 1 1
8 P_1 11 11 0.1927875 0.252212389380531 0.311419 1 1 1
8 P_1 12 12 0.5 0.5 0.5 1 1 1
8 P_1 13 13 0.055343 0.10119047619047619 0.166492 1 1 1
8 P_1 14 14 0 0 0 1 1 1
8 P_1 15 15 0.5 0.5 0.5 1 1 1
8 P_1 16 16 0.5 0.5 0.5 1 1 1
8 P_1 17 17 0.098736 0.15151515151515152 0.215307 1 1 1
8 P_1 18 18 0 0 0 1 1 1
8 P_1 19 19 0.02225085 0.050505050505050504 0.100977 1 1 1
8 P_1 20 20 0 0 0 1 1 1
8 P_1 21 21 0.5 0.5 0.5 1 1 1
8 P_1 22 22 0.5 0.5 0.5 1 1 1
8 P_1 23 23 0.181704 0.24489795918367346 0.308668 1 1 1
8 P_1 24 24 0.5 0.5 0.5 1 1 1
8 P_1 25 25 0 0 0 1 1 1
8 P_1 26 26 0.03098895 0.06310679611650485 0.115287 1 1 1
8 P_1 27 27 0.04797955 0.0898876404494382 0.151595 1 1 1
8 P_1 28 28 0.5 0.5 0.5 1 1 1
8 P_1 29 29 0 0 0 1 1 1
8 P_1 30 30 0 0 0 1 1 1
8 P_1 31 31 0 0 0 1 1 1
8 P_1 32 32 0 0 0 1 1 1
8 P_1 33 33 0 0 0 1 1 1
8 P_1 34 34 0 0 0 1 1 1
8 P_1 35 35 0.02924225 0.05963302752293578 0.1093715 1 1 1
8 P_1 36 36 0.02180155 0.04950495049504951 0.099111 1 1 1
8 P_1 37 37 0 0 0 1 1 1
8 P_1 38 38 0.225055 0.2863636363636364 0.343997 1 1 1
8 P_1 39 39 0.5 0.5 0.5 1 1 1
8 P_1 40 40 0.207329 0.2681818181818182 0.327197 1 1 1
8 P_1 41 41 0.0110731 0.03225806451612903 0.0790975 1 1 1
8 P_1 42 42 0.176582 0.23786407766990292 0.300453 1 1 1
8 P_1 43 43 0.5 0.5 0.5 1 1 1
8 P_1 44 44 0.291881 0.355 0.406492 1 1 1
8 P_1 45 45 0.17118 0.23267326732673269 0.296068 1 1 1
8 P_1 46 46 0.01789435 0.0449438202247191 0.097255 1 1 1
8 P_1 47 47 0 0 0 1 1 1
8 P_1 48 48 0.0792335 0.12121212121212122 0.174093 1 1 1
8 P_1 49 49 0 0 0 1 1 1
8 P_1 50 50 0.0771095 0.125 0.186728 1 1 1
8 P_1 51 51 0.219006 0.2922077922077922 0.359405 1 1 1
8 P_1 52 52 0.078271 0.13095238095238096 0.1992095 1 1 1
8 P_1 53 53 0 0 0 1 1 1
8 P_1 54 54 0 0 0 1 1 1
8 P_1 55 55 0.03559675 0.07222222222222222 0.1305775 1 1 1
8 P_1 56 56 0.0747555 0.12135922330097088 0.181803 1 1 1
8 P_1 57 57 0.074586 0.12365591397849462 0.187721 1 1 1
8 P_1 58 58 0.161312 0.22527472527472528 0.2922365 1 1 1
8 P_1 59 59 0.02158365 0.049019607843137254 0.0982035 1 1 1
8 P_1 60 60 0.0203626 0.046296296296296294 0.093089 1 1 1
8 P_1 61 61 0.5 0.5 0.5 1 1 1
9 P_6 0 0 0 0 0 1 1 1
9 P_6 1 1 0.5 0.5 0.5 1 1 1
9 P_6 2 2 0 0 0 1 1 1
9 P_6 3 3 0 0 0 1 1 1
9 P_6 4 4 0.2002525 0.2616822429906542 0.3218995 1 1 1
9 P_6 5 5 0 0 0 1 1 1
9 P_6 6 6 0 0 0 1 1 1
9 P_6 7 7 0 0 0 1 1 1
9 P_6 8 8 0.196608 0.26 0.322284 1 1 1
9 P_6 9 9 0 0 0 1 1 1
9 P_6 10 10 0 0 0 1 1 1
9 P_6 11 11 0.0477009 0.08482142857142858 0.138319 1 1 1
9 P_6 12 12 0.5 0.5 0.5 1 1 1
9 P_6 13 13 0 0 0 1 1 1
9 P_6 14 14 0.1938935 0.26136363636363635 0.3274105 1 1 1
9 P_6 15 15 0.5 0.5 0.5 1 1 1
9 P_6 16 16 0.5 0.5 0.5 1 1 1
9 P_6 17 17 0 0 0 1 1 1
9 P_6 18 18 0.1061765 0.15546218487394958 0.2136 1 1 1
9 P_6 19 19 0.078676 0.1262135922330097 0.1870705 1 1 1
9 P_6 20 20 0 0 0 1 1 1
9 P_6 21 21 0.5 0.5 0.5 1 1 1
9 P_6 22 22 0.5 0.5 0.5 1 1 1
9 P_6 23 23 0.062607 0.10344827586206896 0.158344 1 1 1
9 P_6 24 24 0.5 0.5 0.5 1 1 1
9 P_6 25 25 0 0 0 1 1 1
9 P_6 26 26 0 0 0 1 1 1
9 P_6 27 27 0 0 0 1 1 1
9 P_6 28 28 0.5 0.5 0.5 1 1 1
9 P_6 29 29 0 0 0 1 1 1
9 P_6 30 30 0.1165455 0.16972477064220184 0.231087 1 1 1
9 P_6 31 31 0.0832125 0.1308411214953271 0.19083 1 1 1
9 P_6 32 32 0.1474735 0.20833333333333334 0.273994 1 1 1
9 P_6 33 33 0 0 0 1 1 1
9 P_6 34 34 0.224349 0.29411764705882354 0.358174 1 1 1
9 P_6 35 35 0 0 0 1 1 1
9 P_6 36 36 0 0 0 1 1 1
9 P_6 37 37 0 0 0 1 1 1
9 P_6 38 38 0.0439103 0.08095238095238096 0.135827 1 1 1
9 P_6 39 39 0.5 0.5 0.5 1 1 1
9 P_6 40 40 0.01831305 0.04597701149425287 0.0993295 1 1 1
9 P_6 41 41 0 0 0 1 1 1
9 P_6 42 42 0.04688705 0.08791208791208792 0.1485575 1 1 1
9 P_6 43 43 0.5 0.5 0.5 1 1 1
9 P_6 44 44 0.5 0.5 0.5 1 1 1
9 P_6 45 45 0.058177 0.09745762711864407 0.1511255 1 1 1
9 P_6 46 46 0 0 0 1 1 1
9 P_6 47 47 0 0 0 1 1 1
9 P_6 48 48 0 0 0 1 1 1
9 P_6 49 49 0 0 0 1 1 1
9 P_6 50 50 0 0 0 1 1 1
9 P_6 51 51 0.05769 0.09905660377358491 0.156212 1 1 1
9 P_6 52 52 0 0 0 1 1 1
9 P_6 53 53 0.1850745 0.24752475247524752 0.3102465 1 1 1
9 P_6 54 54 0.249671 0.3108108108108108 0.365859 1 1 1
9 P_6 55 55 0 0 0 1 1 1
9 P_6 56 56 0 0 0 1 1 1
9 P_6 57 57 0 0 0 1 1 1
9 P_6 58 58 0.0510735 0.08928571428571429 0.143435 1 1 1
9 P_6 59 59 0 0 0 1 1 1
9 P_6 60 60 0.0533575 0.09770114942528736 0.161297 1 1 1
9 P_6 61 61 0.5 0.5 0.5 1 1 1
