10 #m
54 #n
0 P_5 0 0 0.5 0.5 0.5 1 1 1
0 P_5 1 1 0 0 0 1 1 1
0 P_5 2 2 0.5 0.5 0.5 1 1 1
0 P_5 3 3 0 0 0 1 1 1
0 P_5 4 4 0.5 0.5 0.5 1 1 1
0 P_5 5 5 0 0 0 1 1 1
0 P_5 6 6 0.5 0.5 0.5 1 1 1
0 P_5 7 7 0.5 0.5 0.5 1 1 1
0 P_5 8 8 0 0 0 1 1 1
0 P_5 9 9 0 0 0 1 1 1
0 P_5 10 10 0.5 0.5 0.5 1 1 1
0 P_5 11 11 0.5 0.5 0.5 1 1 1
0 P_5 12 12 0.5 0.5 0.5 1 1 1
0 P_5 13 13 0.5 0.5 0.5 1 1 1
0 P_5 14 14 0 0 0 1 1 1
0 P_5 15 15 0.5 0.5 0.5 1 1 1
0 P_5 16 16 0.5 0.5 0.5 1 1 1
0 P_5 17 17 0.5 0.5 0.5 1 1 1
0 P_5 18 18 0.5 0.5 0.5 1 1 1
0 P_5 19 19 0.5 0.5 0.5 1 1 1
0 P_5 20 20 0.5 0.5 0.5 1 1 1
0 P_5 21 21 0.1261455 0.13175 0.1374905 1 1 1
0 P_5 22 22 0.5 0.5 0.5 1 1 1
0 P_5 23 23 0.5 0.5 0.5 1 1 1
0 P_5 24 24 0.100967 0.10615 0.111499 1 1 1
0 P_5 25 25 0.5 0.5 0.5 1 1 1
0 P_5 26 26 0.5 0.5 0.5 1 1 1
0 P_5 27 27 0.5 0.5 0.5 1 1 1
0 P_5 28 28 0.5 0.5 0.5 1 1 1
0 P_5 29 29 0.5 0.5 0.5 1 1 1
0 P_5 30 30 0.1261455 0.13175 0.1374905 1 1 1
0 P_5 31 31 0.5 0.5 0.5 1 1 1
0 P_5 32 32 0.5 0.5 0.5 1 1 1
0 P_5 33 33 0.100967 0.10615 0.111499 1 1 1
0 P_5 34 34 0.5 0.5 0.5 1 1 1
0 P_5 35 35 0.100967 0.10615 0.111499 1 1 1
0 P_5 36 36 0 0 0 1 1 1
0 P_5 37 37 0 0 0 1 1 1
0 P_5 38 38 0.5 0.5 0.5 1 1 1
0 P_5 39 39 0.5 0.5 0.5 1 1 1
0 P_5 40 40 0.5 0.5 0.5 1 1 1
0 P_5 41 41 0.1261455 0.13175 0.1374905 1 1 1
0 P_5 42 42 0.5 0.5 0.5 1 1 1
0 P_5 43 43 0.2314265 0.23785 0.2442875 1 1 1
0 P_5 44 44 0.5 0.5 0.5 1 1 1
0 P_5 45 45 0.5 0.5 0.5 1 1 1
0 P_5 46 46 0.5 0.5 0.5 1 1 1
0 P_5 47 47 0 0 0 1 1 1
0 P_5 48 48 0.5 0.5 0.5 1 1 1
0 P_5 49 49 0.5 0.5 0.5 1 1 1
0 P_5 50 50 0 0 0 1 1 1
0 P_5 51 51 0.100967 0.10615 0.111499 1 1 1
0 P_5 52 52 0.5 0.5 0.5 1 1 1
0 P_5 53 53 0.5 0.5 0.5 1 1 1
1 P_9 0 0 0.1135915 0.119 0.124559 1 1 1
1 P_9 1 1 0.252461 0.2589 0.265329 1 1 1
1 P_9 2 2 0.234721 0.24115 0.247589 1 1 1
1 P_9 3 3 0.1166905 0.12215 0.1277565 1 1 1
1 P_9 4 4 0.1135915 0.119 0.124559 1 1 1
1 P_9 5 5 0 0 0 1 1 1
1 P_9 6 6 0.1135915 0.119 0.124559 1 1 1
1 P_9 7 7 0.234721 0.24115 0.247589 1 1 1
1 P_9 8 8 0.252461 0.2589 0.265329 1 1 1
1 P_9 9 9 0.252461 0.2589 0.265329 1 1 1
1 P_9 10 10 0.1135915 0.119 0.124559 1 1 1
1 P_9 11 11 0.1135915 0.119 0.124559 1 1 1
1 P_9 12 12 0.1135915 0.119 0.124559 1 1 1
1 P_9 13 13 0.1135915 0.119 0.124559 1 1 1
1 P_9 14 14 0.252461 0.2589 0.265329 1 1 1
1 P_9 15 15 0.1135915 0.119 0.124559 1 1 1
1 P_9 16 16 0.5 0.5 0.5 1 1 1
1 P_9 17 17 0.1135915 0.119 0.124559 1 1 1
1 P_9 18 18 0.1135915 0.119 0.124559 1 1 1
1 P_9 19 19 0.5 0.5 0.5 1 1 1
1 P_9 20 20 0.234721 0.24115 0.247589 1 1 1
1 P_9 21 21 0 0 0 1 1 1
1 P_9 22 22 0.5 0.5 0.5 1 1 1
1 P_9 23 23 0.1135915 0.119 0.124559 1 1 1
1 P_9 24 24 0 0 0 1 1 1
1 P_9 25 25 0.1135915 0.119 0.124559 1 1 1
1 P_9 26 26 0.1135915 0.119 0.124559 1 1 1
1 P_9 27 27 0.1135915 0.119 0.124559 1 1 1
1 P_9 28 28 0.1135915 0.119 0.124559 1 1 1
1 P_9 29 29 0.1135915 0.119 0.124559 1 1 1
1 P_9 30 30 0 0 0 1 1 1
1 P_9 31 31 0.1135915 0.119 0.124559 1 1 1
1 P_9 32 32 0.1135915 0.119 0.124559 1 1 1
1 P_9 33 33 0 0 0 1 1 1
1 P_9 34 34 0.1135915 0.119 0.124559 1 1 1
1 P_9 35 35 0 0 0 1 1 1
1 P_9 36 36 0.252461 0.2589 0.265329 1 1 1
1 P_9 37 37 0 0 0 1 1 1
1 P_9 38 38 0.5 0.5 0.5 1 1 1
1 P_9 39 39 0.1135915 0.119 0.124559 1 1 1
1 P_9 40 40 0.1135915 0.119 0.124559 1 1 1
1 P_9 41 41 0 0 0 1 1 1
1 P_9 42 42 0.1135915 0.119 0.124559 1 1 1
1 P_9 43 43 0 0 0 1 1 1
1 P_9 44 44 0.234721 0.24115 0.247589 1 1 1
1 P_9 45 45 0.1135915 0.119 0.124559 1 1 1
1 P_9 46 46 0.1135915 0.119 0.124559 1 1 1
1 P_9 47 47 0.252461 0.2589 0.265329 1 1 1
1 P_9 48 48 0.1135915 0.119 0.124559 1 1 1
1 P_9 49 49 0.1135915 0.119 0.124559 1 1 1
1 P_9 50 50 0 0 0 1 1 1
1 P_9 51 51 0 0 0 1 1 1
1 P_9 52 52 0.1135915 0.119 0.124559 1 1 1
1 P_9 53 53 0.1135915 0.119 0.124559 1 1 1
2 P_8 0 0 0.5 0.5 0.5 1 1 1
2 P_8 1 1 0 0 0 1 1 1
2 P_8 2 2 0.5 0.5 0.5 1 1 1
2 P_8 3 3 0 0 0 1 1 1
2 P_8 4 4 0.5 0.5 0.5 1 1 1
2 P_8 5 5 0 0 0 1 1 1
2 P_8 6 6 0.5 0.5 0.5 1 1 1
2 P_8 7 7 0.5 0.5 0.5 1 1 1
2 P_8 8 8 0 0 0 1 1 1
2 P_8 9 9 0 0 0 1 1 1
2 P_8 10 10 0.5 0.5 0.5 1 1 1
2 P_8 11 11 0.5 0.5 0.5 1 1 1
2 P_8 12 12 0.5 0.5 0.5 1 1 1
2 P_8 13 13 0.5 0.5 0.5 1 1 1
2 P_8 14 14 0 0 0 1 1 1
2 P_8 15 15 0.5 0.5 0.5 1 1 1
2 P_8 16 16 0.5 0.5 0.5 1 1 1
2 P_8 17 17 0.5 0.5 0.5 1 1 1
2 P_8 18 18 0.5 0.5 0.5 1 1 1
2 P_8 19 19 0.5 0.5 0.5 1 1 1
2 P_8 20 20 0.5 0.5 0.5 1 1 1
2 P_8 21 21 0.225589 0.232 0.2384315 1 1 1
2 P_8 22 22 0.5 0.5 0.5 1 1 1
2 P_8 23 23 0.5 0.5 0.5 1 1 1
2 P_8 24 24 0.2616185 0.26805 0.274461 1 1 1
2 P_8 25 25 0.5 0.5 0.5 1 1 1
2 P_8 26 26 0.5 0.5 0.5 1 1 1
2 P_8 27 27 0.5 0.5 0.5 1 1 1
2 P_8 28 28 0.5 0.5 0.5 1 1 1
2 P_8 29 29 0.5 0.5 0.5 1 1 1
2 P_8 30 30 0 0 0 1 1 1
2 P_8 31 31 0.5 0.5 0.5 1 1 1
2 P_8 32 32 0.5 0.5 0.5 1 1 1
2 P_8 33 33 0.2616185 0.26805 0.274461 1 1 1
2 P_8 34 34 0.5 0.5 0.5 1 1 1
2 P_8 35 35 0.2616185 0.26805 0.274461 1 1 1
2 P_8 36 36 0 0 0 1 1 1
2 P_8 37 37 0 0 0 1 1 1
2 P_8 38 38 0.5 0.5 0.5 1 1 1
2 P_8 39 39 0.5 0.5 0.5 1 1 1
2 P_8 40 40 0.5 0.5 0.5 1 1 1
2 P_8 41 41 0.225589 0.232 0.2384315 1 1 1
2 P_8 42 42 0.5 0.5 0.5 1 1 1
2 P_8 43 43 0.5 0.5 0.5 1 1 1
2 P_8 44 44 0.5 0.5 0.5 1 1 1
2 P_8 45 45 0.5 0.5 0.5 1 1 1
2 P_8 46 46 0.5 0.5 0.5 1 1 1
2 P_8 47 47 0 0 0 1 1 1
2 P_8 48 48 0.5 0.5 0.5 1 1 1
2 P_8 49 49 0.5 0.5 0.5 1 1 1
2 P_8 50 50 0 0 0 1 1 1
2 P_8 51 51 0.2616185 0.26805 0.274461 1 1 1
2 P_8 52 52 0.5 0.5 0.5 1 1 1
2 P_8 53 53 0.5 0.5 0.5 1 1 1
3 P_7 0 0 0.5 0.5 0.5 1 1 1
3 P_7 1 1 0 0 0 1 1 1
3 P_7 2 2 0.5 0.5 0.5 1 1 1
3 P_7 3 3 0 0 0 1 1 1
3 P_7 4 4 0.5 0.5 0.5 1 1 1
3 P_7 5 5 0.0692845 0.07375 0.078418 1 1 1
3 P_7 6 6 0.5 0.5 0.5 1 1 1
3 P_7 7 7 0.5 0.5 0.5 1 1 1
3 P_7 8 8 0 0 0 1 1 1
3 P_7 9 9 0 0 0 1 1 1
3 P_7 10 10 0.5 0.5 0.5 1 1 1
3 P_7 11 11 0.5 0.5 0.5 1 1 1
3 P_7 12 12 0.5 0.5 0.5 1 1 1
3 P_7 13 13 0.5 0.5 0.5 1 1 1
3 P_7 14 14 0 0 0 1 1 1
3 P_7 15 15 0.5 0.5 0.5 1 1 1
3 P_7 16 16 0.5 0.5 0.5 1 1 1
3 P_7 17 17 0.5 0.5 0.5 1 1 1
3 P_7 18 18 0.5 0.5 0.5 1 1 1
3 P_7 19 19 0.5 0.5 0.5 1 1 1
3 P_7 20 20 0.5 0.5 0.5 1 1 1
3 P_7 21 21 0.421633 0.4263 0.430764 1 1 1
3 P_7 22 22 0.5 0.5 0.5 1 1 1
3 P_7 23 23 0.5 0.5 0.5 1 1 1
3 P_7 24 24 0 0 0 1 1 1
3 P_7 25 25 0.5 0.5 0.5 1 1 1
3 P_7 26 26 0.5 0.5 0.5 1 1 1
3 P_7 27 27 0.5 0.5 0.5 1 1 1
3 P_7 28 28 0.5 0.5 0.5 1 1 1
3 P_7 29 29 0.5 0.5 0.5 1 1 1
3 P_7 30 30 0.421633 0.4263 0.430764 1 1 1
3 P_7 31 31 0.5 0.5 0.5 1 1 1
3 P_7 32 32 0.5 0.5 0.5 1 1 1
3 P_7 33 33 0 0 0 1 1 1
3 P_7 34 34 0.5 0.5 0.5 1 1 1
3 P_7 35 35 0 0 0 1 1 1
3 P_7 36 36 0 0 0 1 1 1
3 P_7 37 37 0.0692845 0.07375 0.078418 1 1 1
3 P_7 38 38 0.5 0.5 0.5 1 1 1
3 P_7 39 39 0.5 0.5 0.5 1 1 1
3 P_7 40 40 0.5 0.5 0.5 1 1 1
3 P_7 41 41 0.5 0.5 0.5 1 1 1
3 P_7 42 42 0.5 0.5 0.5 1 1 1
3 P_7 43 43 0.5 0.5 0.5 1 1 1
3 P_7 44 44 0.5 0.5 0.5 1 1 1
3 P_7 45 45 0.5 0.5 0.5 1 1 1
3 P_7 46 46 0.5 0.5 0.5 1 1 1
3 P_7 47 47 0 0 0 1 1 1
3 P_7 48 48 0.5 0.5 0.5 1 1 1
3 P_7 49 49 0.5 0.5 0.5 1 1 1
3 P_7 50 50 0.0692845 0.07375 0.078418 1 1 1
3 P_7 51 51 0 0 0 1 1 1
3 P_7 52 52 0.5 0.5 0.5 1 1 1
3 P_7 53 53 0.5 0.5 0.5 1 1 1
4 P_2 0 0 0.2578645 0.2643 0.2707195 1 1 1
4 P_2 1 1 0 0 0 1 1 1
4 P_2 2 2 0.5 0.5 0.5 1 1 1
4 P_2 3 3 0.2293305 0.23575 0.242186 1 1 1
4 P_2 4 4 0.2578645 0.2643 0.2707195 1 1 1
4 P_2 5 5 0 0 0 1 1 1
4 P_2 6 6 0.2578645 0.2643 0.2707195 1 1 1
4 P_2 7 7 0.5 0.5 0.5 1 1 1
4 P_2 8 8 0 0 0 1 1 1
4 P_2 9 9 0 0 0 1 1 1
4 P_2 10 10 0.2578645 0.2643 0.2707195 1 1 1
4 P_2 11 11 0.2578645 0.2643 0.2707195 1 1 1
4 P_2 12 12 0.2578645 0.2643 0.2707195 1 1 1
4 P_2 13 13 0.2578645 0.2643 0.2707195 1 1 1
4 P_2 14 14 0 0 0 1 1 1
4 P_2 15 15 0.2578645 0.2643 0.2707195 1 1 1
4 P_2 16 16 0.5 0.5 0.5 1 1 1
4 P_2 17 17 0.2578645 0.2643 0.2707195 1 1 1
4 P_2 18 18 0.2578645 0.2643 0.2707195 1 1 1
4 P_2 19 19 0.5 0.5 0.5 1 1 1
4 P_2 20 20 0.5 0.5 0.5 1 1 1
4 P_2 21 21 0 0 0 1 1 1
4 P_2 22 22 0.5 0.5 0.5 1 1 1
4 P_2 23 23 0.2578645 0.2643 0.2707195 1 1 1
4 P_2 24 24 0 0 0 1 1 1
4 P_2 25 25 0.2578645 0.2643 0.2707195 1 1 1
4 P_2 26 26 0.2578645 0.2643 0.2707195 1 1 1
4 P_2 27 27 0.2578645 0.2643 0.2707195 1 1 1
4 P_2 28 28 0.2578645 0.2643 0.2707195 1 1 1
4 P_2 29 29 0.2578645 0.2643 0.2707195 1 1 1
4 P_2 30 30 0 0 0 1 1 1
4 P_2 31 31 0.2578645 0.2643 0.2707195 1 1 1
4 P_2 32 32 0.2578645 0.2643 0.2707195 1 1 1
4 P_2 33 33 0 0 0 1 1 1
4 P_2 34 34 0.2578645 0.2643 0.2707195 1 1 1
4 P_2 35 35 0 0 0 1 1 1
4 P_2 36 36 0 0 0 1 1 1
4 P_2 37 37 0.1899935 0.19625 0.2025685 1 1 1
4 P_2 38 38 0.5 0.5 0.5 1 1 1
4 P_2 39 39 0.2578645 0.2643 0.2707195 1 1 1
4 P_2 40 40 0.2578645 0.2643 0.2707195 1 1 1
4 P_2 41 41 0.1899935 0.19625 0.2025685 1 1 1
4 P_2 42 42 0.2578645 0.2643 0.2707195 1 1 1
4 P_2 43 43 0.1899935 0.19625 0.2025685 1 1 1
4 P_2 44 44 0.5 0.5 0.5 1 1 1
4 P_2 45 45 0.2578645 0.2643 0.2707195 1 1 1
4 P_2 46 46 0.2578645 0.2643 0.2707195 1 1 1
4 P_2 47 47 0 0 0 1 1 1
4 P_2 48 48 0.2578645 0.2643 0.2707195 1 1 1
4 P_2 49 49 0.2578645 0.2643 0.2707195 1 1 1
4 P_2 50 50 0.1899935 0.19625 0.2025685 1 1 1
4 P_2 51 51 0 0 0 1 1 1
4 P_2 52 52 0.2578645 0.2643 0.2707195 1 1 1
4 P_2 53 53 0.2578645 0.2643 0.2707195 1 1 1
5 P_0 0 0 0.5 0.5 0.5 1 1 1
5 P_0 1 1 0 0 0 1 1 1
5 P_0 2 2 0.5 0.5 0.5 1 1 1
5 P_0 3 3 0 0 0 1 1 1
5 P_0 4 4 0.5 0.5 0.5 1 1 1
5 P_0 5 5 0.0975825 0.1027 0.107987 1 1 1
5 P_0 6 6 0.5 0.5 0.5 1 1 1
5 P_0 7 7 0.5 0.5 0.5 1 1 1
5 P_0 8 8 0 0 0 1 1 1
5 P_0 9 9 0 0 0 1 1 1
5 P_0 10 10 0.5 0.5 0.5 1 1 1
5 P_0 11 11 0.5 0.5 0.5 1 1 1
5 P_0 12 12 0.5 0.5 0.5 1 1 1
5 P_0 13 13 0.5 0.5 0.5 1 1 1
5 P_0 14 14 0 0 0 1 1 1
5 P_0 15 15 0.5 0.5 0.5 1 1 1
5 P_0 16 16 0.5 0.5 0.5 1 1 1
5 P_0 17 17 0.5 0.5 0.5 1 1 1
5 P_0 18 18 0.5 0.5 0.5 1 1 1
5 P_0 19 19 0.5 0.5 0.5 1 1 1
5 P_0 20 20 0.5 0.5 0.5 1 1 1
5 P_0 21 21 0 0 0 1 1 1
5 P_0 22 22 0.5 0.5 0.5 1 1 1
5 P_0 23 23 0.5 0.5 0.5 1 1 1
5 P_0 24 24 0.197748 0.20405 0.210405 1 1 1
5 P_0 25 25 0.5 0.5 0.5 1 1 1
5 P_0 26 26 0.5 0.5 0.5 1 1 1
5 P_0 27 27 0.5 0.5 0.5 1 1 1
5 P_0 28 28 0.5 0.5 0.5 1 1 1
5 P_0 29 29 0.5 0.5 0.5 1 1 1
5 P_0 30 30 0 0 0 1 1 1
5 P_0 31 31 0.5 0.5 0.5 1 1 1
5 P_0 32 32 0.5 0.5 0.5 1 1 1
5 P_0 33 33 0 0 0 1 1 1
5 P_0 34 34 0.5 0.5 0.5 1 1 1
5 P_0 35 35 0.197748 0.20405 0.210405 1 1 1
5 P_0 36 36 0 0 0 1 1 1
5 P_0 37 37 0.2896455 0.296 0.3023015 1 1 1
5 P_0 38 38 0.5 0.5 0.5 1 1 1
5 P_0 39 39 0.5 0.5 0.5 1 1 1
5 P_0 40 40 0.5 0.5 0.5 1 1 1
5 P_0 41 41 0.2896455 0.296 0.3023015 1 1 1
5 P_0 42 42 0.5 0.5 0.5 1 1 1
5 P_0 43 43 0.5 0.5 0.5 1 1 1
5 P_0 44 44 0.5 0.5 0.5 1 1 1
5 P_0 45 45 0.5 0.5 0.5 1 1 1
5 P_0 46 46 0.5 0.5 0.5 1 1 1
5 P_0 47 47 0 0 0 1 1 1
5 P_0 48 48 0.5 0.5 0.5 1 1 1
5 P_0 49 49 0.5 0.5 0.5 1 1 1
5 P_0 50 50 0.2896455 0.296 0.3023015 1 1 1
5 P_0 51 51 0.197748 0.20405 0.210405 1 1 1
5 P_0 52 52 0.5 0.5 0.5 1 1 1
5 P_0 53 53 0.5 0.5 0.5 1 1 1
6 P_4 0 0 0.4216845 0.42635 0.4308125 1 1 1
6 P_4 1 1 0.069236 0.0737 0.078367 1 1 1
6 P_4 2 2 0.4216845 0.42635 0.4308125 1 1 1
6 P_4 3 3 0 0 0 1 1 1
6 P_4 4 4 0.4216845 0.42635 0.4308125 1 1 1
6 P_4 5 5 0.057136 0.06125 0.0655815 1 1 1
6 P_4 6 6 0.4216845 0.42635 0.4308125 1 1 1
6 P_4 7 7 0.4216845 0.42635 0.4308125 1 1 1
6 P_4 8 8 0.069236 0.0737 0.078367 1 1 1
6 P_4 9 9 0.069236 0.0737 0.078367 1 1 1
6 P_4 10 10 0.4216845 0.42635 0.4308125 1 1 1
6 P_4 11 11 0.4216845 0.42635 0.4308125 1 1 1
6 P_4 12 12 0.4216845 0.42635 0.4308125 1 1 1
6 P_4 13 13 0.4216845 0.42635 0.4308125 1 1 1
6 P_4 14 14 0.069236 0.0737 0.078367 1 1 1
6 P_4 15 15 0.4216845 0.42635 0.4308125 1 1 1
6 P_4 16 16 0.5 0.5 0.5 1 1 1
6 P_4 17 17 0.4216845 0.42635 0.4308125 1 1 1
6 P_4 18 18 0.4216845 0.42635 0.4308125 1 1 1
6 P_4 19 19 0.5 0.5 0.5 1 1 1
6 P_4 20 20 0.4216845 0.42635 0.4308125 1 1 1
6 P_4 21 21 0 0 0 1 1 1
6 P_4 22 22 0.5 0.5 0.5 1 1 1
6 P_4 23 23 0.4216845 0.42635 0.4308125 1 1 1
6 P_4 24 24 0 0 0 1 1 1
6 P_4 25 25 0.4216845 0.42635 0.4308125 1 1 1
6 P_4 26 26 0.4216845 0.42635 0.4308125 1 1 1
6 P_4 27 27 0.4216845 0.42635 0.4308125 1 1 1
6 P_4 28 28 0.4216845 0.42635 0.4308125 1 1 1
6 P_4 29 29 0.4216845 0.42635 0.4308125 1 1 1
6 P_4 30 30 0 0 0 1 1 1
6 P_4 31 31 0.4216845 0.42635 0.4308125 1 1 1
6 P_4 32 32 0.4216845 0.42635 0.4308125 1 1 1
6 P_4 33 33 0 0 0 1 1 1
6 P_4 34 34 0.4216845 0.42635 0.4308125 1 1 1
6 P_4 35 35 0 0 0 1 1 1
6 P_4 36 36 0.069236 0.0737 0.078367 1 1 1
6 P_4 37 37 0.310658 0.3169 0.323065 1 1 1
6 P_4 38 38 0.5 0.5 0.5 1 1 1
6 P_4 39 39 0.4216845 0.42635 0.4308125 1 1 1
6 P_4 40 40 0.4216845 0.42635 0.4308125 1 1 1
6 P_4 41 41 0.310658 0.3169 0.323065 1 1 1
6 P_4 42 42 0.4216845 0.42635 0.4308125 1 1 1
6 P_4 43 43 0.310658 0.3169 0.323065 1 1 1
6 P_4 44 44 0.4216845 0.42635 0.4308125 1 1 1
6 P_4 45 45 0.4216845 0.42635 0.4308125 1 1 1
6 P_4 46 46 0.4216845 0.42635 0.4308125 1 1 1
6 P_4 47 47 0.069236 0.0737 0.078367 1 1 1
6 P_4 48 48 0.4216845 0.42635 0.4308125 1 1 1
6 P_4 49 49 0.4216845 0.42635 0.4308125 1 1 1
6 P_4 50 50 0.310658 0.3169 0.323065 1 1 1
6 P_4 51 51 0 0 0 1 1 1
6 P_4 52 52 0.4216845 0.42635 0.4308125 1 1 1
6 P_4 53 53 0.4216845 0.42635 0.4308125 1 1 1
7 P_3 0 0 0.3222415 0.3284 0.3344685 1 1 1
7 P_3 1 1 0.1655815 0.17165 0.177809 1 1 1
7 P_3 2 2 0.3222415 0.3284 0.3344685 1 1 1
7 P_3 3 3 0 0 0 1 1 1
7 P_3 4 4 0.3222415 0.3284 0.3344685 1 1 1
7 P_3 5 5 0 0 0 1 1 1
7 P_3 6 6 0.3222415 0.3284 0.3344685 1 1 1
7 P_3 7 7 0.3222415 0.3284 0.3344685 1 1 1
7 P_3 8 8 0.1655815 0.17165 0.177809 1 1 1
7 P_3 9 9 0.1655815 0.17165 0.177809 1 1 1
7 P_3 10 10 0.3222415 0.3284 0.3344685 1 1 1
7 P_3 11 11 0.3222415 0.3284 0.3344685 1 1 1
7 P_3 12 12 0.3222415 0.3284 0.3344685 1 1 1
7 P_3 13 13 0.3222415 0.3284 0.3344685 1 1 1
7 P_3 14 14 0.1655815 0.17165 0.177809 1 1 1
7 P_3 15 15 0.3222415 0.3284 0.3344685 1 1 1
7 P_3 16 16 0.5 0.5 0.5 1 1 1
7 P_3 17 17 0.3222415 0.3284 0.3344685 1 1 1
7 P_3 18 18 0.3222415 0.3284 0.3344685 1 1 1
7 P_3 19 19 0.5 0.5 0.5 1 1 1
7 P_3 20 20 0.3222415 0.3284 0.3344685 1 1 1
7 P_3 21 21 0 0 0 1 1 1
7 P_3 22 22 0.5 0.5 0.5 1 1 1
7 P_3 23 23 0.3222415 0.3284 0.3344685 1 1 1
7 P_3 24 24 0.2110355 0.2174 0.223802 1 1 1
7 P_3 25 25 0.3222415 0.3284 0.3344685 1 1 1
7 P_3 26 26 0.3222415 0.3284 0.3344685 1 1 1
7 P_3 27 27 0.3222415 0.3284 0.3344685 1 1 1
7 P_3 28 28 0.3222415 0.3284 0.3344685 1 1 1
7 P_3 29 29 0.3222415 0.3284 0.3344685 1 1 1
7 P_3 30 30 0 0 0 1 1 1
7 P_3 31 31 0.3222415 0.3284 0.3344685 1 1 1
7 P_3 32 32 0.3222415 0.3284 0.3344685 1 1 1
7 P_3 33 33 0.1000835 0.10525 0.110583 1 1 1
7 P_3 34 34 0.3222415 0.3284 0.3344685 1 1 1
7 P_3 35 35 0.2110355 0.2174 0.223802 1 1 1
7 P_3 36 36 0.1655815 0.17165 0.177809 1 1 1
7 P_3 37 37 0 0 0 1 1 1
7 P_3 38 38 0.5 0.5 0.5 1 1 1
7 P_3 39 39 0.3222415 0.3284 0.3344685 1 1 1
7 P_3 40 40 0.3222415 0.3284 0.3344685 1 1 1
7 P_3 41 41 0 0 0 1 1 1
7 P_3 42 42 0.3222415 0.3284 0.3344685 1 1 1
7 P_3 43 43 0.2110355 0.2174 0.223802 1 1 1
7 P_3 44 44 0.3222415 0.3284 0.3344685 1 1 1
7 P_3 45 45 0.3222415 0.3284 0.3344685 1 1 1
7 P_3 46 46 0.3222415 0.3284 0.3344685 1 1 1
7 P_3 47 47 0.1655815 0.17165 0.177809 1 1 1
7 P_3 48 48 0.3222415 0.3284 0.3344685 1 1 1
7 P_3 49 49 0.3222415 0.3284 0.3344685 1 1 1
7 P_3 50 50 0 0 0 1 1 1
7 P_3 51 51 0.2110355 0.2174 0.223802 1 1 1
7 P_3 52 52 0.3222415 0.3284 0.3344685 1 1 1
7 P_3 53 53 0.3222415 0.3284 0.3344685 1 1 1
8 P_6 0 0 0.0624265 0.0667 0.0711845 1 1 1
8 P_6 1 1 0.238716 0.24515 0.2515895 1 1 1
8 P_6 2 2 0.2484605 0.2549 0.261334 1 1 1
8 P_6 3 3 0.182047 0.18825 0.194524 1 1 1
8 P_6 4 4 0.0624265 0.0667 0.0711845 1 1 1
8 P_6 5 5 0 0 0 1 1 1
8 P_6 6 6 0.0624265 0.0667 0.0711845 1 1 1
8 P_6 7 7 0.2484605 0.2549 0.261334 1 1 1
8 P_6 8 8 0.238716 0.24515 0.2515895 1 1 1
8 P_6 9 9 0.238716 0.24515 0.2515895 1 1 1
8 P_6 10 10 0.0624265 0.0667 0.0711845 1 1 1
8 P_6 11 11 0.0624265 0.0667 0.0711845 1 1 1
8 P_6 12 12 0.0624265 0.0667 0.0711845 1 1 1
8 P_6 13 13 0.0624265 0.0667 0.0711845 1 1 1
8 P_6 14 14 0.238716 0.24515 0.2515895 1 1 1
8 P_6 15 15 0.0624265 0.0667 0.0711845 1 1 1
8 P_6 16 16 0.5 0.5 0.5 1 1 1
8 P_6 17 17 0.0624265 0.0667 0.0711845 1 1 1
8 P_6 18 18 0.0624265 0.0667 0.0711845 1 1 1
8 P_6 19 19 0.5 0.5 0.5 1 1 1
8 P_6 20 20 0.2484605 0.2549 0.261334 1 1 1
8 P_6 21 21 0 0 0 1 1 1
8 P_6 22 22 0.5 0.5 0.5 1 1 1
8 P_6 23 23 0.0624265 0.0667 0.0711845 1 1 1
8 P_6 24 24 0 0 0 1 1 1
8 P_6 25 25 0.0624265 0.0667 0.0711845 1 1 1
8 P_6 26 26 0.0624265 0.0667 0.0711845 1 1 1
8 P_6 27 27 0.0624265 0.0667 0.0711845 1 1 1
8 P_6 28 28 0.0624265 0.0667 0.0711845 1 1 1
8 P_6 29 29 0.0624265 0.0667 0.0711845 1 1 1
8 P_6 30 30 0 0 0 1 1 1
8 P_6 31 31 0.0624265 0.0667 0.0711845 1 1 1
8 P_6 32 32 0.0624265 0.0667 0.0711845 1 1 1
8 P_6 33 33 0 0 0 1 1 1
8 P_6 34 34 0.0624265 0.0667 0.0711845 1 1 1
8 P_6 35 35 0 0 0 1 1 1
8 P_6 36 36 0.238716 0.24515 0.2515895 1 1 1
8 P_6 37 37 0.0624265 0.0667 0.0711845 1 1 1
8 P_6 38 38 0.5 0.5 0.5 1 1 1
8 P_6 39 39 0.0624265 0.0667 0.0711845 1 1 1
8 P_6 40 40 0.0624265 0.0667 0.0711845 1 1 1
8 P_6 41 41 0.0624265 0.0667 0.0711845 1 1 1
8 P_6 42 42 0.0624265 0.0667 0.0711845 1 1 1
8 P_6 43 43 0.0624265 0.0667 0.0711845 1 1 1
8 P_6 44 44 0.2484605 0.2549 0.261334 1 1 1
8 P_6 45 45 0.0624265 0.0667 0.0711845 1 1 1
8 P_6 46 46 0.0624265 0.0667 0.0711845 1 1 1
8 P_6 47 47 0.238716 0.24515 0.2515895 1 1 1
8 P_6 48 48 0.0624265 0.0667 0.0711845 1 1 1
8 P_6 49 49 0.0624265 0.0667 0.0711845 1 1 1
8 P_6 50 50 0.0624265 0.0667 0.0711845 1 1 1
8 P_6 51 51 0 0 0 1 1 1
8 P_6 52 52 0.0624265 0.0667 0.0711845 1 1 1
8 P_6 53 53 0.0624265 0.0667 0.0711845 1 1 1
9 P_1 0 0 0.4236325 0.42825 0.4326625 1 1 1
9 P_1 1 1 0.067386 0.0718 0.076419 1 1 1
9 P_1 2 2 0.4236325 0.42825 0.4326625 1 1 1
9 P_1 3 3 0 0 0 1 1 1
9 P_1 4 4 0.4236325 0.42825 0.4326625 1 1 1
9 P_1 5 5 0.147814 0.1537 0.159697 1 1 1
9 P_1 6 6 0.4236325 0.42825 0.4326625 1 1 1
9 P_1 7 7 0.4236325 0.42825 0.4326625 1 1 1
9 P_1 8 8 0.067386 0.0718 0.076419 1 1 1
9 P_1 9 9 0.067386 0.0718 0.076419 1 1 1
9 P_1 10 10 0.4236325 0.42825 0.4326625 1 1 1
9 P_1 11 11 0.4236325 0.42825 0.4326625 1 1 1
9 P_1 12 12 0.4236325 0.42825 0.4326625 1 1 1
9 P_1 13 13 0.4236325 0.42825 0.4326625 1 1 1
9 P_1 14 14 0.067386 0.0718 0.076419 1 1 1
9 P_1 15 15 0.4236325 0.42825 0.4326625 1 1 1
9 P_1 16 16 0.5 0.5 0.5 1 1 1
9 P_1 17 17 0.4236325 0.42825 0.4326625 1 1 1
9 P_1 18 18 0.4236325 0.42825 0.4326625 1 1 1
9 P_1 19 19 0.5 0.5 0.5 1 1 1
9 P_1 20 20 0.4236325 0.42825 0.4326625 1 1 1
9 P_1 21 21 0.149742 0.15565 0.1616665 1 1 1
9 P_1 22 22 0.5 0.5 0.5 1 1 1
9 P_1 23 23 0.4236325 0.42825 0.4326625 1 1 1
9 P_1 24 24 0.1135915 0.119 0.124559 1 1 1
9 P_1 25 25 0.4236325 0.42825 0.4326625 1 1 1
9 P_1 26 26 0.4236325 0.42825 0.4326625 1 1 1
9 P_1 27 27 0.4236325 0.42825 0.4326625 1 1 1
9 P_1 28 28 0.4236325 0.42825 0.4326625 1 1 1
9 P_1 29 29 0.4236325 0.42825 0.4326625 1 1 1
9 P_1 30 30 0.149742 0.15565 0.1616665 1 1 1
9 P_1 31 31 0.4236325 0.42825 0.4326625 1 1 1
9 P_1 32 32 0.4236325 0.42825 0.4326625 1 1 1
9 P_1 33 33 0 0 0 1 1 1
9 P_1 34 34 0.4236325 0.42825 0.4326625 1 1 1
9 P_1 35 35 0.1135915 0.119 0.124559 1 1 1
9 P_1 36 36 0.067386 0.0718 0.076419 1 1 1
9 P_1 37 37 0.147814 0.1537 0.159697 1 1 1
9 P_1 38 38 0.5 0.5 0.5 1 1 1
9 P_1 39 39 0.4236325 0.42825 0.4326625 1 1 1
9 P_1 40 40 0.4236325 0.42825 0.4326625 1 1 1
9 P_1 41 41 0.3030115 0.3093 0.31552 1 1 1
9 P_1 42 42 0.4236325 0.42825 0.4326625 1 1 1
9 P_1 43 43 0.4236325 0.42825 0.4326625 1 1 1
9 P_1 44 44 0.4236325 0.42825 0.4326625 1 1 1
9 P_1 45 45 0.4236325 0.42825 0.4326625 1 1 1
9 P_1 46 46 0.4236325 0.42825 0.4326625 1 1 1
9 P_1 47 47 0.067386 0.0718 0.076419 1 1 1
9 P_1 48 48 0.4236325 0.42825 0.4326625 1 1 1
9 P_1 49 49 0.4236325 0.42825 0.4326625 1 1 1
9 P_1 50 50 0.147814 0.1537 0.159697 1 1 1
9 P_1 51 51 0.1135915 0.119 0.124559 1 1 1
9 P_1 52 52 0.4236325 0.42825 0.4326625 1 1 1
9 P_1 53 53 0.4236325 0.42825 0.4326625 1 1 1
