10 #m
44 #n
0 P_6 0 0 0 0 0 1 1 1
0 P_6 1 1 0.5 0.5 0.5 1 1 1
0 P_6 2 2 0 0 0 1 1 1
0 P_6 3 3 0.5 0.5 0.5 1 1 1
0 P_6 4 4 0 0 0 1 1 1
0 P_6 5 5 0 0 0 1 1 1
0 P_6 6 6 0 0 0 1 1 1
0 P_6 7 7 0 0 0 1 1 1
0 P_6 8 8 0 0 0 1 1 1
0 P_6 9 9 0.5 0.5 0.5 1 1 1
0 P_6 10 10 0.5 0.5 0.5 1 1 1
0 P_6 11 11 0 0 0 1 1 1
0 P_6 12 12 0 0 0 1 1 1
0 P_6 13 13 0 0 0 1 1 1
0 P_6 14 14 0 0 0 1 1 1
0 P_6 15 15 0 0 0 1 1 1
0 P_6 16 16 0.5 0.5 0.5 1 1 1
0 P_6 17 17 0 0 0 1 1 1
0 P_6 18 18 0 0 0 1 1 1
0 P_6 19 19 0 0 0 1 1 1
0 P_6 20 20 0 0 0 1 1 1
0 P_6 21 21 0 0 0 1 1 1
0 P_6 22 22 0.5 0.5 0.5 1 1 1
0 P_6 23 23 0 0 0 1 1 1
0 P_6 24 24 0 0 0 1 1 1
0 P_6 25 25 0 0 0 1 1 1
0 P_6 26 26 0 0 0 1 1 1
0 P_6 27 27 0 0 0 1 1 1
0 P_6 28 28 0 0 0 1 1 1
0 P_6 29 29 0 0 0 1 1 1
0 P_6 30 30 0 0 0 1 1 1
0 P_6 31 31 0.5 0.5 0.5 1 1 1
0 P_6 32 32 0 0 0 1 1 1
0 P_6 33 33 0 0 0 1 1 1
0 P_6 34 34 0 0 0 1 1 1
0 P_6 35 35 0.5 0.5 0.5 1 1 1
0 P_6 36 36 0 0 0 1 1 1
0 P_6 37 37 0.5 0.5 0.5 1 1 1
0 P_6 38 38 0 0 0 1 1 1
0 P_6 39 39 0 0 0 1 1 1
0 P_6 40 40 0 0 0 1 1 1
0 P_6 41 41 0.5 0.5 0.5 1 1 1
0 P_6 42 42 0.5 0.5 0.5 1 1 1
0 P_6 43 43 0.5 0.5 0.5 1 1 1
1 P_2 0 0 0 0 0 1 1 1
1 P_2 1 1 0.216249 0.23703703703703705 0.2579825 1 1 1
1 P_2 2 2 0 0 0 1 1 1
1 P_2 3 3 0.217497 0.23708920187793428 0.2568205 1 1 1
1 P_2 4 4 0 0 0 1 1 1
1 P_2 5 5 0.2477195 0.2678746327130264 0.287829 1 1 1
1 P_2 6 6 0 0 0 1 1 1
1 P_2 7 7 0 0 0 1 1 1
1 P_2 8 8 0 0 0 1 1 1
1 P_2 9 9 0 0 0 1 1 1
1 P_2 10 10 0 0 0 1 1 1
1 P_2 11 11 0 0 0 1 1 1
1 P_2 12 12 0.066245 0.0801792828685259 0.096053 1 1 1
1 P_2 13 13 0 0 0 1 1 1
1 P_2 14 14 0 0 0 1 1 1
1 P_2 15 15 0.250136 0.2705 0.290629 1 1 1
1 P_2 16 16 0.5 0.5 0.5 1 1 1
1 P_2 17 17 0.247588 0.2678926441351889 0.2879935 1 1 1
1 P_2 18 18 0 0 0 1 1 1
1 P_2 19 19 0 0 0 1 1 1
1 P_2 20 20 0.2480685 0.2683531746031746 0.288429 1 1 1
1 P_2 21 21 0 0 0 1 1 1
1 P_2 22 22 0.5 0.5 0.5 1 1 1
1 P_2 23 23 0.219098 0.23917322834645668 0.2593705 1 1 1
1 P_2 24 24 0.0601265 0.07348560079443893 0.0888545 1 1 1
1 P_2 25 25 0 0 0 1 1 1
1 P_2 26 26 0 0 0 1 1 1
1 P_2 27 27 0 0 0 1 1 1
1 P_2 28 28 0 0 0 1 1 1
1 P_2 29 29 0 0 0 1 1 1
1 P_2 30 30 0 0 0 1 1 1
1 P_2 31 31 0.2183165 0.23927038626609443 0.260356 1 1 1
1 P_2 32 32 0 0 0 1 1 1
1 P_2 33 33 0 0 0 1 1 1
1 P_2 34 34 0 0 0 1 1 1
1 P_2 35 35 0.239893 0.2601787487586892 0.2803485 1 1 1
1 P_2 36 36 0.2528735 0.27247451343836887 0.2918365 1 1 1
1 P_2 37 37 0 0 0 1 1 1
1 P_2 38 38 0 0 0 1 1 1
1 P_2 39 39 0 0 0 1 1 1
1 P_2 40 40 0.0650315 0.07928118393234672 0.0955995 1 1 1
1 P_2 41 41 0.2275695 0.24819401444788441 0.26884 1 1 1
1 P_2 42 42 0 0 0 1 1 1
1 P_2 43 43 0.2196915 0.2398414271555996 0.260107 1 1 1
2 P_3 0 0 0 0 0 1 1 1
2 P_3 1 1 0.5 0.5 0.5 1 1 1
2 P_3 2 2 0 0 0 1 1 1
2 P_3 3 3 0.5 0.5 0.5 1 1 1
2 P_3 4 4 0 0 0 1 1 1
2 P_3 5 5 0 0 0 1 1 1
2 P_3 6 6 0 0 0 1 1 1
2 P_3 7 7 0 0 0 1 1 1
2 P_3 8 8 0 0 0 1 1 1
2 P_3 9 9 0.315546 0.33477842003853564 0.353074 1 1 1
2 P_3 10 10 0.09513 0.11163522012578617 0.129803 1 1 1
2 P_3 11 11 0 0 0 1 1 1
2 P_3 12 12 0.1419045 0.16044399596367306 0.18002 1 1 1
2 P_3 13 13 0 0 0 1 1 1
2 P_3 14 14 0 0 0 1 1 1
2 P_3 15 15 0 0 0 1 1 1
2 P_3 16 16 0.5 0.5 0.5 1 1 1
2 P_3 17 17 0 0 0 1 1 1
2 P_3 18 18 0 0 0 1 1 1
2 P_3 19 19 0 0 0 1 1 1
2 P_3 20 20 0 0 0 1 1 1
2 P_3 21 21 0 0 0 1 1 1
2 P_3 22 22 0.5 0.5 0.5 1 1 1
2 P_3 23 23 0.1583175 0.1774193548387097 0.19736 1 1 1
2 P_3 24 24 0.1424465 0.1607669616519174 0.1800935 1 1 1
2 P_3 25 25 0 0 0 1 1 1
2 P_3 26 26 0 0 0 1 1 1
2 P_3 27 27 0 0 0 1 1 1
2 P_3 28 28 0 0 0 1 1 1
2 P_3 29 29 0 0 0 1 1 1
2 P_3 30 30 0 0 0 1 1 1
2 P_3 31 31 0.5 0.5 0.5 1 1 1
2 P_3 32 32 0 0 0 1 1 1
2 P_3 33 33 0 0 0 1 1 1
2 P_3 34 34 0 0 0 1 1 1
2 P_3 35 35 0.5 0.5 0.5 1 1 1
2 P_3 36 36 0 0 0 1 1 1
2 P_3 37 37 0.0804405 0.0959119496855346 0.113235 1 1 1
2 P_3 38 38 0 0 0 1 1 1
2 P_3 39 39 0 0 0 1 1 1
2 P_3 40 40 0.1493675 0.16798418972332016 0.1875305 1 1 1
2 P_3 41 41 0.5 0.5 0.5 1 1 1
2 P_3 42 42 0.305131 0.324974924774323 0.343956 1 1 1
2 P_3 43 43 0.5 0.5 0.5 1 1 1
3 P_4 0 0 0.270912 0.29124748490945673 0.311107 1 1 1
3 P_4 1 1 0.5 0.5 0.5 1 1 1
3 P_4 2 2 0 0 0 1 1 1
3 P_4 3 3 0.5 0.5 0.5 1 1 1
3 P_4 4 4 0 0 0 1 1 1
3 P_4 5 5 0 0 0 1 1 1
3 P_4 6 6 0.257107 0.27728613569321536 0.2971575 1 1 1
3 P_4 7 7 0 0 0 1 1 1
3 P_4 8 8 0 0 0 1 1 1
3 P_4 9 9 0.095062 0.1111111111111111 0.12874 1 1 1
3 P_4 10 10 0 0 0 1 1 1
3 P_4 11 11 0.2616045 0.28214285714285714 0.302305 1 1 1
3 P_4 12 12 0 0 0 1 1 1
3 P_4 13 13 0 0 0 1 1 1
3 P_4 14 14 0 0 0 1 1 1
3 P_4 15 15 0 0 0 1 1 1
3 P_4 16 16 0.5 0.5 0.5 1 1 1
3 P_4 17 17 0 0 0 1 1 1
3 P_4 18 18 0 0 0 1 1 1
3 P_4 19 19 0 0 0 1 1 1
3 P_4 20 20 0 0 0 1 1 1
3 P_4 21 21 0 0 0 1 1 1
3 P_4 22 22 0.5 0.5 0.5 1 1 1
3 P_4 23 23 0.084085 0.09949748743718594 0.1166445 1 1 1
3 P_4 24 24 0 0 0 1 1 1
3 P_4 25 25 0 0 0 1 1 1
3 P_4 26 26 0 0 0 1 1 1
3 P_4 27 27 0.268778 0.2886647454370797 0.3081255 1 1 1
3 P_4 28 28 0 0 0 1 1 1
3 P_4 29 29 0 0 0 1 1 1
3 P_4 30 30 0 0 0 1 1 1
3 P_4 31 31 0.5 0.5 0.5 1 1 1
3 P_4 32 32 0.2664315 0.28712357217030116 0.3073735 1 1 1
3 P_4 33 33 0 0 0 1 1 1
3 P_4 34 34 0 0 0 1 1 1
3 P_4 35 35 0.5 0.5 0.5 1 1 1
3 P_4 36 36 0 0 0 1 1 1
3 P_4 37 37 0 0 0 1 1 1
3 P_4 38 38 0 0 0 1 1 1
3 P_4 39 39 0 0 0 1 1 1
3 P_4 40 40 0 0 0 1 1 1
3 P_4 41 41 0.5 0.5 0.5 1 1 1
3 P_4 42 42 0.088613 0.10408560311284047 0.121186 1 1 1
3 P_4 43 43 0.5 0.5 0.5 1 1 1
4 P_5 0 0 0 0 0 1 1 1
4 P_5 1 1 0.404394 0.4199424736337488 0.433622 1 1 1
4 P_5 2 2 0.069008 0.08308751229105212 0.099049 1 1 1
4 P_5 3 3 0.400502 0.41683778234086244 0.4312095 1 1 1
4 P_5 4 4 0.275334 0.2955911823647295 0.3153245 1 1 1
4 P_5 5 5 0.068302 0.08220502901353965 0.097969 1 1 1
4 P_5 6 6 0 0 0 1 1 1
4 P_5 7 7 0 0 0 1 1 1
4 P_5 8 8 0 0 0 1 1 1
4 P_5 9 9 0.2861405 0.3063700707785642 0.325946 1 1 1
4 P_5 10 10 0 0 0 1 1 1
4 P_5 11 11 0 0 0 1 1 1
4 P_5 12 12 0.0961715 0.11246200607902736 0.1303505 1 1 1
4 P_5 13 13 0.2723445 0.29296066252587993 0.313067 1 1 1
4 P_5 14 14 0.2892185 0.30935613682092555 0.328809 1 1 1
4 P_5 15 15 0.068604 0.08298969072164948 0.099349 1 1 1
4 P_5 16 16 0.5 0.5 0.5 1 1 1
4 P_5 17 17 0.058589 0.07178217821782178 0.0869985 1 1 1
4 P_5 18 18 0.261213 0.2812197483059051 0.30088 1 1 1
4 P_5 19 19 0.060251 0.07373737373737374 0.089265 1 1 1
4 P_5 20 20 0.068385 0.08208255159474671 0.097587 1 1 1
4 P_5 21 21 0 0 0 1 1 1
4 P_5 22 22 0.5 0.5 0.5 1 1 1
4 P_5 23 23 0.088128 0.10344827586206896 0.1203785 1 1 1
4 P_5 24 24 0.098999 0.11554192229038855 0.1336615 1 1 1
4 P_5 25 25 0 0 0 1 1 1
4 P_5 26 26 0 0 0 1 1 1
4 P_5 27 27 0 0 0 1 1 1
4 P_5 28 28 0 0 0 1 1 1
4 P_5 29 29 0.0648175 0.07892004153686397 0.095059 1 1 1
4 P_5 30 30 0 0 0 1 1 1
4 P_5 31 31 0.408837 0.4241545893719807 0.4375425 1 1 1
4 P_5 32 32 0 0 0 1 1 1
4 P_5 33 33 0 0 0 1 1 1
4 P_5 34 34 0.0651225 0.07879377431906615 0.0943745 1 1 1
4 P_5 35 35 0.3963535 0.41226415094339625 0.426419 1 1 1
4 P_5 36 36 0.063034 0.07673019057171515 0.092419 1 1 1
4 P_5 37 37 0 0 0 1 1 1
4 P_5 38 38 0.0636375 0.07787325456498388 0.094228 1 1 1
4 P_5 39 39 0 0 0 1 1 1
4 P_5 40 40 0.097298 0.11347869177403369 0.131211 1 1 1
4 P_5 41 41 0.4081315 0.4236453201970443 0.4371975 1 1 1
4 P_5 42 42 0.289144 0.30896686159844056 0.3281305 1 1 1
4 P_5 43 43 0.4093845 0.42507645259938837 0.438722 1 1 1
5 P_9 0 0 0 0 0 1 1 1
5 P_9 1 1 0.1282645 0.14636642784032752 0.165685 1 1 1
5 P_9 2 2 0.1858515 0.20585215605749488 0.2263725 1 1 1
5 P_9 3 3 0.1388825 0.15762004175365343 0.1774635 1 1 1
5 P_9 4 4 0.122578 0.1403242147922999 0.159345 1 1 1
5 P_9 5 5 0.1912105 0.21151832460732983 0.232288 1 1 1
5 P_9 6 6 0 0 0 1 1 1
5 P_9 7 7 0 0 0 1 1 1
5 P_9 8 8 0.113283 0.13058943089430894 0.149287 1 1 1
5 P_9 9 9 0.132229 0.15067778936392076 0.170314 1 1 1
5 P_9 10 10 0 0 0 1 1 1
5 P_9 11 11 0 0 0 1 1 1
5 P_9 12 12 0 0 0 1 1 1
5 P_9 13 13 0.141859 0.1604251012145749 0.180031 1 1 1
5 P_9 14 14 0.138551 0.15677546983184965 0.1760575 1 1 1
5 P_9 15 15 0.1968015 0.21608980355472404 0.235742 1 1 1
5 P_9 16 16 0.5 0.5 0.5 1 1 1
5 P_9 17 17 0.193104 0.2132579650565262 0.233845 1 1 1
5 P_9 18 18 0.1219195 0.1393523061825319 0.1580305 1 1 1
5 P_9 19 19 0.1798095 0.19989506820566633 0.2205835 1 1 1
5 P_9 20 20 0.1889935 0.20883534136546184 0.229151 1 1 1
5 P_9 21 21 0 0 0 1 1 1
5 P_9 22 22 0.5 0.5 0.5 1 1 1
5 P_9 23 23 0 0 0 1 1 1
5 P_9 24 24 0 0 0 1 1 1
5 P_9 25 25 0 0 0 1 1 1
5 P_9 26 26 0 0 0 1 1 1
5 P_9 27 27 0 0 0 1 1 1
5 P_9 28 28 0.1239005 0.1417004048582996 0.1607575 1 1 1
5 P_9 29 29 0.1903765 0.21036585365853658 0.2308175 1 1 1
5 P_9 30 30 0.115728 0.13278210116731518 0.151144 1 1 1
5 P_9 31 31 0.2647075 0.2853457172342621 0.3055655 1 1 1
5 P_9 32 32 0 0 0 1 1 1
5 P_9 33 33 0.119062 0.13659274193548387 0.1554345 1 1 1
5 P_9 34 34 0.195161 0.2152284263959391 0.235701 1 1 1
5 P_9 35 35 0.271966 0.2923857868020305 0.312312 1 1 1
5 P_9 36 36 0.1911565 0.211 0.2312905 1 1 1
5 P_9 37 37 0 0 0 1 1 1
5 P_9 38 38 0.19722 0.21713147410358566 0.2374185 1 1 1
5 P_9 39 39 0 0 0 1 1 1
5 P_9 40 40 0 0 0 1 1 1
5 P_9 41 41 0.276609 0.29728317659352144 0.3173905 1 1 1
5 P_9 42 42 0.1414085 0.16044776119402984 0.1805815 1 1 1
5 P_9 43 43 0.2793835 0.2997957099080695 0.319625 1 1 1
6 P_0 0 0 0.140497 0.158953722334004 0.178461 1 1 1
6 P_0 1 1 0.2728845 0.2928849902534113 0.312406 1 1 1
6 P_0 2 2 0 0 0 1 1 1
6 P_0 3 3 0.258477 0.2785923753665689 0.298387 1 1 1
6 P_0 4 4 0.1196275 0.1370887337986042 0.155841 1 1 1
6 P_0 5 5 0 0 0 1 1 1
6 P_0 6 6 0.130533 0.14885892116182572 0.168388 1 1 1
6 P_0 7 7 0.095545 0.11166500498504486 0.1293665 1 1 1
6 P_0 8 8 0.190077 0.21002024291497975 0.2304275 1 1 1
6 P_0 9 9 0.1124705 0.1291547958214625 0.1471555 1 1 1
6 P_0 10 10 0 0 0 1 1 1
6 P_0 11 11 0.1328945 0.1511156186612576 0.170487 1 1 1
6 P_0 12 12 0 0 0 1 1 1
6 P_0 13 13 0.117461 0.1345595353339787 0.15294 1 1 1
6 P_0 14 14 0.117019 0.13440320962888666 0.1531175 1 1 1
6 P_0 15 15 0 0 0 1 1 1
6 P_0 16 16 0.5 0.5 0.5 1 1 1
6 P_0 17 17 0 0 0 1 1 1
6 P_0 18 18 0.11567 0.13358369098712447 0.1529295 1 1 1
6 P_0 19 19 0 0 0 1 1 1
6 P_0 20 20 0 0 0 1 1 1
6 P_0 21 21 0 0 0 1 1 1
6 P_0 22 22 0.5 0.5 0.5 1 1 1
6 P_0 23 23 0 0 0 1 1 1
6 P_0 24 24 0 0 0 1 1 1
6 P_0 25 25 0 0 0 1 1 1
6 P_0 26 26 0 0 0 1 1 1
6 P_0 27 27 0.1307305 0.14849074975657253 0.167385 1 1 1
6 P_0 28 28 0.184975 0.2047047047047047 0.2249545 1 1 1
6 P_0 29 29 0 0 0 1 1 1
6 P_0 30 30 0.102361 0.11942675159235669 0.1380815 1 1 1
6 P_0 31 31 0.5 0.5 0.5 1 1 1
6 P_0 32 32 0.141034 0.15967246673490276 0.1793715 1 1 1
6 P_0 33 33 0.07823 0.09318637274549098 0.1099445 1 1 1
6 P_0 34 34 0 0 0 1 1 1
6 P_0 35 35 0.5 0.5 0.5 1 1 1
6 P_0 36 36 0 0 0 1 1 1
6 P_0 37 37 0 0 0 1 1 1
6 P_0 38 38 0 0 0 1 1 1
6 P_0 39 39 0 0 0 1 1 1
6 P_0 40 40 0 0 0 1 1 1
6 P_0 41 41 0.5 0.5 0.5 1 1 1
6 P_0 42 42 0.126292 0.1440677966101695 0.163055 1 1 1
6 P_0 43 43 0.5 0.5 0.5 1 1 1
7 P_1 0 0 0 0 0 1 1 1
7 P_1 1 1 0.2438985 0.2642928786359077 0.2845225 1 1 1
7 P_1 2 2 0 0 0 1 1 1
7 P_1 3 3 0.238092 0.2587991718426501 0.2794015 1 1 1
7 P_1 4 4 0 0 0 1 1 1
7 P_1 5 5 0.2079655 0.22789783889980353 0.248079 1 1 1
7 P_1 6 6 0.15957 0.17850098619329388 0.1982405 1 1 1
7 P_1 7 7 0 0 0 1 1 1
7 P_1 8 8 0 0 0 1 1 1
7 P_1 9 9 0.060668 0.07403751233958539 0.0893985 1 1 1
7 P_1 10 10 0 0 0 1 1 1
7 P_1 11 11 0 0 0 1 1 1
7 P_1 12 12 0 0 0 1 1 1
7 P_1 13 13 0 0 0 1 1 1
7 P_1 14 14 0 0 0 1 1 1
7 P_1 15 15 0.214907 0.23526422764227642 0.255793 1 1 1
7 P_1 16 16 0.5 0.5 0.5 1 1 1
7 P_1 17 17 0.212824 0.23290386521308226 0.2531785 1 1 1
7 P_1 18 18 0 0 0 1 1 1
7 P_1 19 19 0 0 0 1 1 1
7 P_1 20 20 0.2125555 0.23273273273273273 0.2531085 1 1 1
7 P_1 21 21 0.1564995 0.176033934252386 0.196468 1 1 1
7 P_1 22 22 0.5 0.5 0.5 1 1 1
7 P_1 23 23 0 0 0 1 1 1
7 P_1 24 24 0 0 0 1 1 1
7 P_1 25 25 0.177069 0.19683026584867075 0.217215 1 1 1
7 P_1 26 26 0.170445 0.18981018981018982 0.209865 1 1 1
7 P_1 27 27 0.168702 0.18848167539267016 0.209 1 1 1
7 P_1 28 28 0 0 0 1 1 1
7 P_1 29 29 0 0 0 1 1 1
7 P_1 30 30 0 0 0 1 1 1
7 P_1 31 31 0.2534235 0.2736220472440945 0.293554 1 1 1
7 P_1 32 32 0 0 0 1 1 1
7 P_1 33 33 0 0 0 1 1 1
7 P_1 34 34 0 0 0 1 1 1
7 P_1 35 35 0.238165 0.2584158415841584 0.278571 1 1 1
7 P_1 36 36 0.2068465 0.22727272727272727 0.2479685 1 1 1
7 P_1 37 37 0 0 0 1 1 1
7 P_1 38 38 0 0 0 1 1 1
7 P_1 39 39 0.183711 0.203248031496063 0.2233125 1 1 1
7 P_1 40 40 0 0 0 1 1 1
7 P_1 41 41 0.2545255 0.2749747729566095 0.295135 1 1 1
7 P_1 42 42 0.062795 0.07664609053497942 0.092542 1 1 1
7 P_1 43 43 0.2634625 0.28338136407300674 0.3029325 1 1 1
8 P_7 0 0 0 0 0 1 1 1
8 P_7 1 1 0.129843 0.14792299898682879 0.167189 1 1 1
8 P_7 2 2 0 0 0 1 1 1
8 P_7 3 3 0.115965 0.1329479768786127 0.1512245 1 1 1
8 P_7 4 4 0.1223105 0.13982213438735178 0.1585825 1 1 1
8 P_7 5 5 0.1458475 0.16491596638655462 0.185009 1 1 1
8 P_7 6 6 0 0 0 1 1 1
8 P_7 7 7 0.061763 0.07540485829959515 0.091073 1 1 1
8 P_7 8 8 0.15551 0.17476732161323683 0.1949165 1 1 1
8 P_7 9 9 0.127885 0.14539347408829176 0.1640535 1 1 1
8 P_7 10 10 0 0 0 1 1 1
8 P_7 11 11 0 0 0 1 1 1
8 P_7 12 12 0 0 0 1 1 1
8 P_7 13 13 0.121313 0.1391170431211499 0.1582265 1 1 1
8 P_7 14 14 0.120271 0.13787878787878788 0.1567855 1 1 1
8 P_7 15 15 0.160546 0.17956349206349206 0.199382 1 1 1
8 P_7 16 16 0.5 0.5 0.5 1 1 1
8 P_7 17 17 0.1452495 0.16358325219084713 0.182882 1 1 1
8 P_7 18 18 0.128873 0.1469098277608916 0.1661445 1 1 1
8 P_7 19 19 0 0 0 1 1 1
8 P_7 20 20 0.1476745 0.16633366633366634 0.1859515 1 1 1
8 P_7 21 21 0 0 0 1 1 1
8 P_7 22 22 0.5 0.5 0.5 1 1 1
8 P_7 23 23 0 0 0 1 1 1
8 P_7 24 24 0 0 0 1 1 1
8 P_7 25 25 0 0 0 1 1 1
8 P_7 26 26 0 0 0 1 1 1
8 P_7 27 27 0 0 0 1 1 1
8 P_7 28 28 0.180816 0.20106382978723406 0.2219085 1 1 1
8 P_7 29 29 0 0 0 1 1 1
8 P_7 30 30 0.087059 0.1034103410341034 0.12161 1 1 1
8 P_7 31 31 0.304226 0.3240279162512463 0.342983 1 1 1
8 P_7 32 32 0 0 0 1 1 1
8 P_7 33 33 0.077459 0.09278897136797455 0.11003 1 1 1
8 P_7 34 34 0 0 0 1 1 1
8 P_7 35 35 0.305118 0.32515337423312884 0.3443075 1 1 1
8 P_7 36 36 0.149952 0.16845180136319376 0.187862 1 1 1
8 P_7 37 37 0 0 0 1 1 1
8 P_7 38 38 0 0 0 1 1 1
8 P_7 39 39 0 0 0 1 1 1
8 P_7 40 40 0 0 0 1 1 1
8 P_7 41 41 0.3023815 0.32253086419753085 0.3418245 1 1 1
8 P_7 42 42 0.1156955 0.13316326530612244 0.151998 1 1 1
8 P_7 43 43 0.2994385 0.3194164989939638 0.338594 1 1 1
9 P_8 0 0 0 0 0 1 1 1
9 P_8 1 1 0.2331675 0.2531340405014465 0.273066 1 1 1
9 P_8 2 2 0 0 0 1 1 1
9 P_8 3 3 0.2430255 0.26303088803088803 0.282892 1 1 1
9 P_8 4 4 0.148236 0.16683168316831684 0.1863715 1 1 1
9 P_8 5 5 0.0744945 0.08924949290060852 0.105874 1 1 1
9 P_8 6 6 0 0 0 1 1 1
9 P_8 7 7 0 0 0 1 1 1
9 P_8 8 8 0.1133985 0.12978142076502733 0.1474205 1 1 1
9 P_8 9 9 0.2396595 0.25950570342205326 0.2792485 1 1 1
9 P_8 10 10 0.0940455 0.11047120418848168 0.128572 1 1 1
9 P_8 11 11 0 0 0 1 1 1
9 P_8 12 12 0 0 0 1 1 1
9 P_8 13 13 0.128628 0.14712153518123666 0.1668725 1 1 1
9 P_8 14 14 0.148538 0.1671626984126984 0.18673 1 1 1
9 P_8 15 15 0.084229 0.09941520467836257 0.1162845 1 1 1
9 P_8 16 16 0.5 0.5 0.5 1 1 1
9 P_8 17 17 0.094535 0.11066398390342053 0.1284005 1 1 1
9 P_8 18 18 0.142607 0.1610337972166998 0.180475 1 1 1
9 P_8 19 19 0 0 0 1 1 1
9 P_8 20 20 0.0763655 0.09108910891089109 0.107617 1 1 1
9 P_8 21 21 0 0 0 1 1 1
9 P_8 22 22 0.5 0.5 0.5 1 1 1
9 P_8 23 23 0 0 0 1 1 1
9 P_8 24 24 0 0 0 1 1 1
9 P_8 25 25 0 0 0 1 1 1
9 P_8 26 26 0 0 0 1 1 1
9 P_8 27 27 0 0 0 1 1 1
9 P_8 28 28 0.1257045 0.1435793731041456 0.162688 1 1 1
9 P_8 29 29 0 0 0 1 1 1
9 P_8 30 30 0.1303125 0.14793467819404418 0.1666815 1 1 1
9 P_8 31 31 0.3869815 0.40355086372360843 0.41843 1 1 1
9 P_8 32 32 0 0 0 1 1 1
9 P_8 33 33 0.12117700000000001 0.13872255489021956 0.1575415 1 1 1
9 P_8 34 34 0 0 0 1 1 1
9 P_8 35 35 0.368134 0.3858695652173913 0.4020655 1 1 1
9 P_8 36 36 0.0840545 0.09959141981613892 0.11689 1 1 1
9 P_8 37 37 0.081845 0.09723643807574207 0.1144205 1 1 1
9 P_8 38 38 0 0 0 1 1 1
9 P_8 39 39 0 0 0 1 1 1
9 P_8 40 40 0 0 0 1 1 1
9 P_8 41 41 0.3796025 0.3967551622418879 0.412253 1 1 1
9 P_8 42 42 0.2452125 0.26620616365568545 0.2870025 1 1 1
9 P_8 43 43 0.3772075 0.3944281524926686 0.4100295 1 1 1
