10 #m
7 #n
0 P_0 0 0 0.5 0.5 0.5 1 1 1
0 P_0 1 1 0 0 0 1 1 1
0 P_0 2 2 0 0 0 1 1 1
0 P_0 3 3 0.3664115 0.3721 0.377648 1 1 1
0 P_0 4 4 0.3664115 0.3721 0.377648 1 1 1
0 P_0 5 5 0 0 0 1 1 1
0 P_0 6 6 0 0 0 1 1 1
1 P_3 0 0 0.5 0.5 0.5 1 1 1
1 P_3 1 1 0 0 0 1 1 1
1 P_3 2 2 0 0 0 1 1 1
1 P_3 3 3 0.4258895 0.43045 0.434803 1 1 1
1 P_3 4 4 0.4258895 0.43045 0.434803 1 1 1
1 P_3 5 5 0 0 0 1 1 1
1 P_3 6 6 0 0 0 1 1 1
2 P_8 0 0 0.5 0.5 0.5 1 1 1
2 P_8 1 1 0 0 0 1 1 1
2 P_8 2 2 0 0 0 1 1 1
2 P_8 3 3 0.5 0.5 0.5 1 1 1
2 P_8 4 4 0.5 0.5 0.5 1 1 1
2 P_8 5 5 0 0 0 1 1 1
2 P_8 6 6 0 0 0 1 1 1
3 P_7 0 0 0.5 0.5 0.5 1 1 1
3 P_7 1 1 0 0 0 1 1 1
3 P_7 2 2 0 0 0 1 1 1
3 P_7 3 3 0.192528 0.1988 0.205131 1 1 1
3 P_7 4 4 0.192528 0.1988 0.205131 1 1 1
3 P_7 5 5 0 0 0 1 1 1
3 P_7 6 6 0 0 0 1 1 1
4 P_1 0 0 0.5 0.5 0.5 1 1 1
4 P_1 1 1 0.0464922 0.05025 0.0542375 1 1 1
4 P_1 2 2 0.0464922 0.05025 0.0542375 1 1 1
4 P_1 3 3 0.373512 0.3791 0.3845395 1 1 1
4 P_1 4 4 0.373512 0.3791 0.3845395 1 1 1
4 P_1 5 5 0.0464922 0.05025 0.0542375 1 1 1
4 P_1 6 6 0 0 0 1 1 1
5 P_4 0 0 0.5 0.5 0.5 1 1 1
5 P_4 1 1 0 0 0 1 1 1
5 P_4 2 2 0 0 0 1 1 1
5 P_4 3 3 0.5 0.5 0.5 1 1 1
5 P_4 4 4 0.5 0.5 0.5 1 1 1
5 P_4 5 5 0 0 0 1 1 1
5 P_4 6 6 0 0 0 1 1 1
6 P_2 0 0 0.5 0.5 0.5 1 1 1
6 P_2 1 1 0 0 0 1 1 1
6 P_2 2 2 0 0 0 1 1 1
6 P_2 3 3 0.5 0.5 0.5 1 1 1
6 P_2 4 4 0.5 0.5 0.5 1 1 1
6 P_2 5 5 0 0 0 1 1 1
6 P_2 6 6 0.163253 0.1693 0.17544 1 1 1
7 P_5 0 0 0.5 0.5 0.5 1 1 1
7 P_5 1 1 0 0 0 1 1 1
7 P_5 2 2 0 0 0 1 1 1
7 P_5 3 3 0.3105575 0.3168 0.3229655 1 1 1
7 P_5 4 4 0.3105575 0.3168 0.3229655 1 1 1
7 P_5 5 5 0 0 0 1 1 1
7 P_5 6 6 0.0823095 0.0871 0.092078 1 1 1
8 P_9 0 0 0.5 0.5 0.5 1 1 1
8 P_9 1 1 0 0 0 1 1 1
8 P_9 2 2 0 0 0 1 1 1
8 P_9 3 3 0.5 0.5 0.5 1 1 1
8 P_9 4 4 0.5 0.5 0.5 1 1 1
8 P_9 5 5 0 0 0 1 1 1
8 P_9 6 6 0 0 0 1 1 1
9 P_6 0 0 0.5 0.5 0.5 1 1 1
9 P_6 1 1 0 0 0 1 1 1
9 P_6 2 2 0 0 0 1 1 1
9 P_6 3 3 0.13902 0.1448 0.150701 1 1 1
9 P_6 4 4 0.13902 0.1448 0.150701 1 1 1
9 P_6 5 5 0 0 0 1 1 1
9 P_6 6 6 0.0779625 0.08265 0.08753 1 1 1
