10 #m
7 #n
0 P_0 0 0 0.5 0.5 0.5 1 1 1
0 P_0 1 1 0 0 0 1 1 1
0 P_0 2 2 0 0 0 1 1 1
0 P_0 3 3 0.3583965 0.3764705882352941 0.393123 1 1 1
0 P_0 4 4 0.3576495 0.3758689175769613 0.392655 1 1 1
0 P_0 5 5 0 0 0 1 1 1
0 P_0 6 6 0 0 0 1 1 1
1 P_3 0 0 0.5 0.5 0.5 1 1 1
1 P_3 1 1 0 0 0 1 1 1
1 P_3 2 2 0 0 0 1 1 1
1 P_3 3 3 0.3999025 0.415929203539823 0.430085 1 1 1
1 P_3 4 4 0.4115585 0.4270516717325228 0.440488 1 1 1
1 P_3 5 5 0 0 0 1 1 1
1 P_3 6 6 0 0 0 1 1 1
2 P_8 0 0 0.5 0.5 0.5 1 1 1
2 P_8 1 1 0 0 0 1 1 1
2 P_8 2 2 0 0 0 1 1 1
2 P_8 3 3 0.5 0.5 0.5 1 1 1
2 P_8 4 4 0.5 0.5 0.5 1 1 1
2 P_8 5 5 0 0 0 1 1 1
2 P_8 6 6 0 0 0 1 1 1
3 P_7 0 0 0.5 0.5 0.5 1 1 1
3 P_7 1 1 0 0 0 1 1 1
3 P_7 2 2 0 0 0 1 1 1
3 P_7 3 3 0.1856325 0.2056701030927835 0.2262315 1 1 1
3 P_7 4 4 0.181344 0.2011144883485309 0.221453 1 1 1
3 P_7 5 5 0 0 0 1 1 1
3 P_7 6 6 0 0 0 1 1 1
4 P_1 0 0 0.5 0.5 0.5 1 1 1
4 P_1 1 1 0.0338174 0.04411764705882353 0.0567315 1 1 1
4 P_1 2 2 0.0355336 0.046130952380952384 0.0590465 1 1 1
4 P_1 3 3 0.3611115 0.37880228136882127 0.395089 1 1 1
4 P_1 4 4 0.3599155 0.3781344032096289 0.3948795 1 1 1
4 P_1 5 5 0.04325405 0.05474095796676442 0.068416 1 1 1
4 P_1 6 6 0 0 0 1 1 1
5 P_4 0 0 0.5 0.5 0.5 1 1 1
5 P_4 1 1 0 0 0 1 1 1
5 P_4 2 2 0 0 0 1 1 1
5 P_4 3 3 0.5 0.5 0.5 1 1 1
5 P_4 4 4 0.5 0.5 0.5 1 1 1
5 P_4 5 5 0 0 0 1 1 1
5 P_4 6 6 0 0 0 1 1 1
6 P_2 0 0 0.5 0.5 0.5 1 1 1
6 P_2 1 1 0 0 0 1 1 1
6 P_2 2 2 0 0 0 1 1 1
6 P_2 3 3 0.5 0.5 0.5 1 1 1
6 P_2 4 4 0.5 0.5 0.5 1 1 1
6 P_2 5 5 0 0 0 1 1 1
6 P_2 6 6 0.1399195 0.15831663326653306 0.1777675 1 1 1
7 P_5 0 0 0.5 0.5 0.5 1 1 1
7 P_5 1 1 0 0 0 1 1 1
7 P_5 2 2 0 0 0 1 1 1
7 P_5 3 3 0.2853255 0.3055555555555556 0.325142 1 1 1
7 P_5 4 4 0.28869 0.3089887640449438 0.3285965 1 1 1
7 P_5 5 5 0 0 0 1 1 1
7 P_5 6 6 0.06801 0.08223350253807106 0.0984095 1 1 1
8 P_9 0 0 0.5 0.5 0.5 1 1 1
8 P_9 1 1 0 0 0 1 1 1
8 P_9 2 2 0 0 0 1 1 1
8 P_9 3 3 0.5 0.5 0.5 1 1 1
8 P_9 4 4 0.5 0.5 0.5 1 1 1
8 P_9 5 5 0 0 0 1 1 1
8 P_9 6 6 0 0 0 1 1 1
9 P_6 0 0 0.5 0.5 0.5 1 1 1
9 P_6 1 1 0 0 0 1 1 1
9 P_6 2 2 0 0 0 1 1 1
9 P_6 3 3 0.125038 0.1424446583253128 0.161039 1 1 1
9 P_6 4 4 0.1291485 0.14748953974895398 0.16706 1 1 1
9 P_6 5 5 0 0 0 1 1 1
9 P_6 6 6 0.0615965 0.07530737704918032 0.0910705 1 1 1
