5 #m
421 #n
0 P_9 0 0 0 0 0 1 1 1
0 P_9 1 1 0.5 0.5 0.5 1 1 1
0 P_9 2 2 0 0 0 1 1 1
0 P_9 3 3 0 0 0 1 1 1
0 P_9 4 4 0 0 0 1 1 1
0 P_9 5 5 0 0 0 1 1 1
0 P_9 6 6 0 0 0 1 1 1
0 P_9 7 7 0 0 0 1 1 1
0 P_9 8 8 0.1998535 0.29 0.37161 1 1 1
0 P_9 9 9 0.204668 0.29245283018867924 0.371655 1 1 1
0 P_9 10 10 0 0 0 1 1 1
0 P_9 11 11 0 0 0 1 1 1
0 P_9 12 12 0 0 0 1 1 1
0 P_9 13 13 0.2755865 0.3695652173913043 0.4360275 1 1 1
0 P_9 14 14 0 0 0 1 1 1
0 P_9 15 15 0.2153025 0.3111111111111111 0.392551 1 1 1
0 P_9 16 16 0 0 0 1 1 1
0 P_9 17 17 0.5 0.5 0.5 1 1 1
0 P_9 18 18 0.2298435 0.3229166666666667 0.3998365 1 1 1
0 P_9 19 19 0 0 0 1 1 1
0 P_9 20 20 0.0970585 0.17857142857142858 0.277971 1 1 1
0 P_9 21 21 0.0970395 0.16666666666666666 0.2520305 1 1 1
0 P_9 22 22 0.0886755 0.1532258064516129 0.234663 1 1 1
0 P_9 23 23 0.122328 0.21621621621621623 0.319599 1 1 1
0 P_9 24 24 0 0 0 1 1 1
0 P_9 25 25 0.143017 0.22033898305084745 0.303087 1 1 1
0 P_9 26 26 0 0 0 1 1 1
0 P_9 27 27 0 0 0 1 1 1
0 P_9 28 28 0 0 0 1 1 1
0 P_9 29 29 0.5 0.5 0.5 1 1 1
0 P_9 30 30 0 0 0 1 1 1
0 P_9 31 31 0 0 0 1 1 1
0 P_9 32 32 0 0 0 1 1 1
0 P_9 33 33 0.1071615 0.18269230769230768 0.2720705 1 1 1
0 P_9 34 34 0 0 0 1 1 1
0 P_9 35 35 0.2587815 0.34545454545454546 0.4134955 1 1 1
0 P_9 36 36 0 0 0 1 1 1
0 P_9 37 37 0.090694 0.17567567567567569 0.281534 1 1 1
0 P_9 38 38 0 0 0 1 1 1
0 P_9 39 39 0.270411 0.36904761904761907 0.4379095 1 1 1
0 P_9 40 40 0 0 0 1 1 1
0 P_9 41 41 0 0 0 1 1 1
0 P_9 42 42 0 0 0 1 1 1
0 P_9 43 43 0 0 0 1 1 1
0 P_9 44 44 0 0 0 1 1 1
0 P_9 45 45 0 0 0 1 1 1
0 P_9 46 46 0 0 0 1 1 1
0 P_9 47 47 0 0 0 1 1 1
0 P_9 48 48 0.0779515 0.14893617021276595 0.2427365 1 1 1
0 P_9 49 49 0 0 0 1 1 1
0 P_9 50 50 0.2213315 0.3050847457627119 0.378763 1 1 1
0 P_9 51 51 0 0 0 1 1 1
0 P_9 52 52 0.067106 0.1326530612244898 0.223682 1 1 1
0 P_9 53 53 0.249482 0.33636363636363636 0.4063845 1 1 1
0 P_9 54 54 0.151886 0.2441860465116279 0.3379115 1 1 1
0 P_9 55 55 0 0 0 1 1 1
0 P_9 56 56 0 0 0 1 1 1
0 P_9 57 57 0 0 0 1 1 1
0 P_9 58 58 0.233767 0.3333333333333333 0.41203650000000003 1 1 1
0 P_9 59 59 0 0 0 1 1 1
0 P_9 60 60 0 0 0 1 1 1
0 P_9 61 61 0.5 0.5 0.5 1 1 1
0 P_9 62 62 0 0 0 1 1 1
0 P_9 63 63 0.067106 0.1326530612244898 0.223682 1 1 1
0 P_9 64 64 0.5 0.5 0.5 1 1 1
0 P_9 65 65 0.5 0.5 0.5 1 1 1
0 P_9 66 66 0.5 0.5 0.5 1 1 1
0 P_9 67 67 0.5 0.5 0.5 1 1 1
0 P_9 68 68 0 0 0 1 1 1
0 P_9 69 69 0 0 0 1 1 1
0 P_9 70 70 0 0 0 1 1 1
0 P_9 71 71 0.097952 0.17346938775510204 0.2656205 1 1 1
0 P_9 72 72 0 0 0 1 1 1
0 P_9 73 73 0 0 0 1 1 1
0 P_9 74 74 0 0 0 1 1 1
0 P_9 75 75 0 0 0 1 1 1
0 P_9 76 76 0 0 0 1 1 1
0 P_9 77 77 0 0 0 1 1 1
0 P_9 78 78 0.223549 0.3137254901960784 0.3905525 1 1 1
0 P_9 79 79 0 0 0 1 1 1
0 P_9 80 80 0.0561755 0.11206896551724138 0.193554 1 1 1
0 P_9 81 81 0.1049045 0.18478260869565216 0.279688 1 1 1
0 P_9 82 82 0.5 0.5 0.5 1 1 1
0 P_9 83 83 0.5 0.5 0.5 1 1 1
0 P_9 84 84 0.1229725 0.20192307692307693 0.2907665 1 1 1
0 P_9 85 85 0.03237185 0.08536585365853659 0.180335 1 1 1
0 P_9 86 86 0.25164 0.33620689655172414 0.404758 1 1 1
0 P_9 87 87 0.271415 0.36666666666666664 0.4345195 1 1 1
0 P_9 88 88 0 0 0 1 1 1
0 P_9 89 89 0.0585785 0.12 0.2091165 1 1 1
0 P_9 90 90 0.0591085 0.125 0.220849 1 1 1
0 P_9 91 91 0.222303 0.3090909090909091 0.3843385 1 1 1
0 P_9 92 92 0 0 0 1 1 1
0 P_9 93 93 0.08117 0.15853658536585366 0.2593055 1 1 1
0 P_9 94 94 0.1409195 0.21929824561403508 0.3034775 1 1 1
0 P_9 95 95 0 0 0 1 1 1
0 P_9 96 96 0 0 0 1 1 1
0 P_9 97 97 0 0 0 1 1 1
0 P_9 98 98 0 0 0 1 1 1
0 P_9 99 99 0.093811 0.16666666666666666 0.2569745 1 1 1
0 P_9 100 100 0.082192 0.15306122448979592 0.2449915 1 1 1
0 P_9 101 101 0.5 0.5 0.5 1 1 1
0 P_9 102 102 0 0 0 1 1 1
0 P_9 103 103 0 0 0 1 1 1
0 P_9 104 104 0 0 0 1 1 1
0 P_9 105 105 0 0 0 1 1 1
0 P_9 106 106 0 0 0 1 1 1
0 P_9 107 107 0.5 0.5 0.5 1 1 1
0 P_9 108 108 0 0 0 1 1 1
0 P_9 109 109 0.5 0.5 0.5 1 1 1
0 P_9 110 110 0.5 0.5 0.5 1 1 1
0 P_9 111 111 0.2873315 0.375 0.4369835 1 1 1
0 P_9 112 112 0 0 0 1 1 1
0 P_9 113 113 0 0 0 1 1 1
0 P_9 114 114 0 0 0 1 1 1
0 P_9 115 115 0 0 0 1 1 1
0 P_9 116 116 0 0 0 1 1 1
0 P_9 117 117 0 0 0 1 1 1
0 P_9 118 118 0.0832645 0.14912280701754385 0.2340245 1 1 1
0 P_9 119 119 0 0 0 1 1 1
0 P_9 120 120 0 0 0 1 1 1
0 P_9 121 121 0.238073 0.3220338983050847 0.392822 1 1 1
0 P_9 122 122 0 0 0 1 1 1
0 P_9 123 123 0.072974 0.14 0.2304755 1 1 1
0 P_9 124 124 0 0 0 1 1 1
0 P_9 125 125 0 0 0 1 1 1
0 P_9 126 126 0.0714535 0.13725490196078433 0.2266525 1 1 1
0 P_9 127 127 0.261489 0.3541666666666667 0.423782 1 1 1
0 P_9 128 128 0.283499 0.375 0.438844 1 1 1
0 P_9 129 129 0.1887035 0.2840909090909091 0.3712935 1 1 1
0 P_9 130 130 0 0 0 1 1 1
0 P_9 131 131 0 0 0 1 1 1
0 P_9 132 132 0 0 0 1 1 1
0 P_9 133 133 0 0 0 1 1 1
0 P_9 134 134 0.195735 0.2830188679245283 0.363627 1 1 1
0 P_9 135 135 0 0 0 1 1 1
0 P_9 136 136 0 0 0 1 1 1
0 P_9 137 137 0.2639305 0.3474576271186441 0.413169 1 1 1
0 P_9 138 138 0.5 0.5 0.5 1 1 1
0 P_9 139 139 0.100959 0.1891891891891892 0.2945045 1 1 1
0 P_9 140 140 0 0 0 1 1 1
0 P_9 141 141 0.5 0.5 0.5 1 1 1
0 P_9 142 142 0.2733475 0.3627450980392157 0.4285465 1 1 1
0 P_9 143 143 0 0 0 1 1 1
0 P_9 144 144 0 0 0 1 1 1
0 P_9 145 145 0.084431 0.15384615384615385 0.2430345 1 1 1
0 P_9 146 146 0 0 0 1 1 1
0 P_9 147 147 0 0 0 1 1 1
0 P_9 148 148 0.268336 0.3617021276595745 0.4298585 1 1 1
0 P_9 149 149 0.073467 0.14444444444444443 0.24022 1 1 1
0 P_9 150 150 0.5 0.5 0.5 1 1 1
0 P_9 151 151 0.5 0.5 0.5 1 1 1
0 P_9 152 152 0.1094475 0.18627450980392157 0.276451 1 1 1
0 P_9 153 153 0 0 0 1 1 1
0 P_9 154 154 0.305201 0.39215686274509803 0.4493925 1 1 1
0 P_9 155 155 0.5 0.5 0.5 1 1 1
0 P_9 156 156 0.220312 0.31521739130434784 0.3950955 1 1 1
0 P_9 157 157 0 0 0 1 1 1
0 P_9 158 158 0 0 0 1 1 1
0 P_9 159 159 0 0 0 1 1 1
0 P_9 160 160 0 0 0 1 1 1
0 P_9 161 161 0.5 0.5 0.5 1 1 1
0 P_9 162 162 0 0 0 1 1 1
0 P_9 163 163 0 0 0 1 1 1
0 P_9 164 164 0 0 0 1 1 1
0 P_9 165 165 0 0 0 1 1 1
0 P_9 166 166 0.248863 0.34 0.411942 1 1 1
0 P_9 167 167 0 0 0 1 1 1
0 P_9 168 168 0 0 0 1 1 1
0 P_9 169 169 0 0 0 1 1 1
0 P_9 170 170 0 0 0 1 1 1
0 P_9 171 171 0.5 0.5 0.5 1 1 1
0 P_9 172 172 0.0625325 0.1276595744680851 0.220388 1 1 1
0 P_9 173 173 0.5 0.5 0.5 1 1 1
0 P_9 174 174 0.209066 0.29464285714285715 0.3716455 1 1 1
0 P_9 175 175 0 0 0 1 1 1
0 P_9 176 176 0.119013 0.2073170731707317 0.3065505 1 1 1
0 P_9 177 177 0 0 0 1 1 1
0 P_9 178 178 0.248363 0.34444444444444444 0.4183325 1 1 1
0 P_9 179 179 0 0 0 1 1 1
0 P_9 180 180 0.279612 0.3723404255319149 0.4374675 1 1 1
0 P_9 181 181 0.215902 0.313953488372093 0.396329 1 1 1
0 P_9 182 182 0.0882215 0.1574074074074074 0.244979 1 1 1
0 P_9 183 183 0.1037635 0.18 0.2711705 1 1 1
0 P_9 184 184 0 0 0 1 1 1
0 P_9 185 185 0.5 0.5 0.5 1 1 1
0 P_9 186 186 0 0 0 1 1 1
0 P_9 187 187 0.3056975 0.38524590163934425 0.440855 1 1 1
0 P_9 188 188 0.251145 0.33962264150943394 0.409991 1 1 1
0 P_9 189 189 0 0 0 1 1 1
0 P_9 190 190 0 0 0 1 1 1
0 P_9 191 191 0.0605625 0.12790697674418605 0.2251365 1 1 1
0 P_9 192 192 0.089992 0.16326530612244897 0.255387 1 1 1
0 P_9 193 193 0 0 0 1 1 1
0 P_9 194 194 0 0 0 1 1 1
0 P_9 195 195 0.0816675 0.15555555555555556 0.251637 1 1 1
0 P_9 196 196 0 0 0 1 1 1
0 P_9 197 197 0 0 0 1 1 1
0 P_9 198 198 0.2630835 0.35294117647058826 0.421249 1 1 1
0 P_9 199 199 0 0 0 1 1 1
0 P_9 200 200 0.03229925 0.08 0.163832 1 1 1
0 P_9 201 201 0.5 0.5 0.5 1 1 1
0 P_9 202 202 0.5 0.5 0.5 1 1 1
0 P_9 203 203 0 0 0 1 1 1
0 P_9 204 204 0 0 0 1 1 1
0 P_9 205 205 0 0 0 1 1 1
0 P_9 206 206 0.244613 0.336734693877551 0.410008 1 1 1
0 P_9 207 207 0 0 0 1 1 1
0 P_9 208 208 0.230989 0.32608695652173914 0.403656 1 1 1
0 P_9 209 209 0.220312 0.31521739130434784 0.3950955 1 1 1
0 P_9 210 210 0.2332175 0.3235294117647059 0.39844 1 1 1
0 P_9 211 211 0.0954815 0.16666666666666666 0.2544015 1 1 1
0 P_9 212 212 0 0 0 1 1 1
0 P_9 213 213 0 0 0 1 1 1
0 P_9 214 214 0 0 0 1 1 1
0 P_9 215 215 0 0 0 1 1 1
0 P_9 216 216 0.2655735 0.35714285714285715 0.4254395 1 1 1
0 P_9 217 217 0 0 0 1 1 1
0 P_9 218 218 0.5 0.5 0.5 1 1 1
0 P_9 219 219 0 0 0 1 1 1
0 P_9 220 220 0 0 0 1 1 1
0 P_9 221 221 0 0 0 1 1 1
0 P_9 222 222 0.1094475 0.18627450980392157 0.276451 1 1 1
0 P_9 223 223 0 0 0 1 1 1
0 P_9 224 224 0.1965225 0.2807017543859649 0.3590805 1 1 1
0 P_9 225 225 0.271735 0.35714285714285715 0.4219905 1 1 1
0 P_9 226 226 0 0 0 1 1 1
0 P_9 227 227 0 0 0 1 1 1
0 P_9 228 228 0.1560585 0.2403846153846154 0.3266895 1 1 1
0 P_9 229 229 0.5 0.5 0.5 1 1 1
0 P_9 230 230 0.5 0.5 0.5 1 1 1
0 P_9 231 231 0 0 0 1 1 1
0 P_9 232 232 0 0 0 1 1 1
0 P_9 233 233 0 0 0 1 1 1
0 P_9 234 234 0 0 0 1 1 1
0 P_9 235 235 0 0 0 1 1 1
0 P_9 236 236 0 0 0 1 1 1
0 P_9 237 237 0 0 0 1 1 1
0 P_9 238 238 0 0 0 1 1 1
0 P_9 239 239 0 0 0 1 1 1
0 P_9 240 240 0 0 0 1 1 1
0 P_9 241 241 0 0 0 1 1 1
0 P_9 242 242 0 0 0 1 1 1
0 P_9 243 243 0.1256175 0.21428571428571427 0.311901 1 1 1
0 P_9 244 244 0 0 0 1 1 1
0 P_9 245 245 0.2685345 0.3492063492063492 0.412826 1 1 1
0 P_9 246 246 0 0 0 1 1 1
0 P_9 247 247 0.0954815 0.16666666666666666 0.2544015 1 1 1
0 P_9 248 248 0.2741655 0.375 0.4431615 1 1 1
0 P_9 249 249 0.219668 0.32857142857142857 0.4142775 1 1 1
0 P_9 250 250 0.215902 0.313953488372093 0.396329 1 1 1
0 P_9 251 251 0 0 0 1 1 1
0 P_9 252 252 0 0 0 1 1 1
0 P_9 253 253 0.0954815 0.16666666666666666 0.2544015 1 1 1
0 P_9 254 254 0.3214405 0.4 0.451611 1 1 1
0 P_9 255 255 0 0 0 1 1 1
0 P_9 256 256 0.5 0.5 0.5 1 1 1
0 P_9 257 257 0 0 0 1 1 1
0 P_9 258 258 0.277771 0.36363636363636365 0.4273295 1 1 1
0 P_9 259 259 0 0 0 1 1 1
0 P_9 260 260 0 0 0 1 1 1
0 P_9 261 261 0 0 0 1 1 1
0 P_9 262 262 0 0 0 1 1 1
0 P_9 263 263 0 0 0 1 1 1
0 P_9 264 264 0 0 0 1 1 1
0 P_9 265 265 0 0 0 1 1 1
0 P_9 266 266 0.2231025 0.325 0.4072655 1 1 1
0 P_9 267 267 0.058381 0.1282051282051282 0.2306075 1 1 1
0 P_9 268 268 0.0717655 0.14130434782608695 0.2358665 1 1 1
0 P_9 269 269 0 0 0 1 1 1
0 P_9 270 270 0 0 0 1 1 1
0 P_9 271 271 0 0 0 1 1 1
0 P_9 272 272 0.5 0.5 0.5 1 1 1
0 P_9 273 273 0.253642 0.3360655737704918 0.403237 1 1 1
0 P_9 274 274 0 0 0 1 1 1
0 P_9 275 275 0.5 0.5 0.5 1 1 1
0 P_9 276 276 0.240222 0.3333333333333333 0.4079865 1 1 1
0 P_9 277 277 0 0 0 1 1 1
0 P_9 278 278 0.1993205 0.29545454545454547 0.380677 1 1 1
0 P_9 279 279 0 0 0 1 1 1
0 P_9 280 280 0.5 0.5 0.5 1 1 1
0 P_9 281 281 0.223549 0.3137254901960784 0.3905525 1 1 1
0 P_9 282 282 0.2695245 0.36 0.427026 1 1 1
0 P_9 283 283 0.112641 0.18867924528301888 0.277113 1 1 1
0 P_9 284 284 0 0 0 1 1 1
0 P_9 285 285 0.0950895 0.16129032258064516 0.242973 1 1 1
0 P_9 286 286 0.251145 0.33962264150943394 0.409991 1 1 1
0 P_9 287 287 0 0 0 1 1 1
0 P_9 288 288 0.139277 0.22115384615384615 0.3089675 1 1 1
0 P_9 289 289 0.263002 0.37142857142857144 0.4440545 1 1 1
0 P_9 290 290 0 0 0 1 1 1
0 P_9 291 291 0 0 0 1 1 1
0 P_9 292 292 0 0 0 1 1 1
0 P_9 293 293 0 0 0 1 1 1
0 P_9 294 294 0 0 0 1 1 1
0 P_9 295 295 0 0 0 1 1 1
0 P_9 296 296 0.5 0.5 0.5 1 1 1
0 P_9 297 297 0 0 0 1 1 1
0 P_9 298 298 0 0 0 1 1 1
0 P_9 299 299 0 0 0 1 1 1
0 P_9 300 300 0.248363 0.34444444444444444 0.4183325 1 1 1
0 P_9 301 301 0.5 0.5 0.5 1 1 1
0 P_9 302 302 0 0 0 1 1 1
0 P_9 303 303 0.5 0.5 0.5 1 1 1
0 P_9 304 304 0 0 0 1 1 1
0 P_9 305 305 0 0 0 1 1 1
0 P_9 306 306 0 0 0 1 1 1
0 P_9 307 307 0.1991265 0.3 0.3877805 1 1 1
0 P_9 308 308 0 0 0 1 1 1
0 P_9 309 309 0 0 0 1 1 1
0 P_9 310 310 0 0 0 1 1 1
0 P_9 311 311 0 0 0 1 1 1
0 P_9 312 312 0.2630835 0.35294117647058826 0.421249 1 1 1
0 P_9 313 313 0 0 0 1 1 1
0 P_9 314 314 0 0 0 1 1 1
0 P_9 315 315 0 0 0 1 1 1
0 P_9 316 316 0 0 0 1 1 1
0 P_9 317 317 0 0 0 1 1 1
0 P_9 318 318 0 0 0 1 1 1
0 P_9 319 319 0 0 0 1 1 1
0 P_9 320 320 0.2657835 0.36585365853658536 0.4363015 1 1 1
0 P_9 321 321 0 0 0 1 1 1
0 P_9 322 322 0.2271285 0.3148148148148148 0.3896255 1 1 1
0 P_9 323 323 0.2217875 0.30701754385964913 0.3814775 1 1 1
0 P_9 324 324 0.077137 0.14423076923076922 0.23307 1 1 1
0 P_9 325 325 0 0 0 1 1 1
0 P_9 326 326 0 0 0 1 1 1
0 P_9 327 327 0 0 0 1 1 1
0 P_9 328 328 0 0 0 1 1 1
0 P_9 329 329 0.5 0.5 0.5 1 1 1
0 P_9 330 330 0 0 0 1 1 1
0 P_9 331 331 0 0 0 1 1 1
0 P_9 332 332 0.26693 0.3557692307692308 0.422863 1 1 1
0 P_9 333 333 0.1991045 0.3026315789473684 0.3917215 1 1 1
0 P_9 334 334 0 0 0 1 1 1
0 P_9 335 335 0 0 0 1 1 1
0 P_9 336 336 0 0 0 1 1 1
0 P_9 337 337 0 0 0 1 1 1
0 P_9 338 338 0 0 0 1 1 1
0 P_9 339 339 0.2848485 0.36666666666666664 0.4275 1 1 1
0 P_9 340 340 0 0 0 1 1 1
0 P_9 341 341 0 0 0 1 1 1
0 P_9 342 342 0 0 0 1 1 1
0 P_9 343 343 0 0 0 1 1 1
0 P_9 344 344 0 0 0 1 1 1
0 P_9 345 345 0.10637 0.19047619047619047 0.28949 1 1 1
0 P_9 346 346 0.299975 0.3813559322033898 0.438746 1 1 1
0 P_9 347 347 0 0 0 1 1 1
0 P_9 348 348 0 0 0 1 1 1
0 P_9 349 349 0 0 0 1 1 1
0 P_9 350 350 0.2552685 0.3522727272727273 0.4247485 1 1 1
0 P_9 351 351 0.5 0.5 0.5 1 1 1
0 P_9 352 352 0 0 0 1 1 1
0 P_9 353 353 0 0 0 1 1 1
0 P_9 354 354 0.3073475 0.39090909090909093 0.447003 1 1 1
0 P_9 355 355 0 0 0 1 1 1
0 P_9 356 356 0.06859 0.13541666666666666 0.2276045 1 1 1
0 P_9 357 357 0.2806335 0.36792452830188677 0.4314035 1 1 1
0 P_9 358 358 0 0 0 1 1 1
0 P_9 359 359 0 0 0 1 1 1
0 P_9 360 360 0 0 0 1 1 1
0 P_9 361 361 0 0 0 1 1 1
0 P_9 362 362 0.2831565 0.38461538461538464 0.450088 1 1 1
0 P_9 363 363 0.2143725 0.30612244897959184 0.3856715 1 1 1
0 P_9 364 364 0 0 0 1 1 1
0 P_9 365 365 0.065392 0.1375 0.2390285 1 1 1
0 P_9 366 366 0.061156 0.125 0.216501 1 1 1
0 P_9 367 367 0 0 0 1 1 1
0 P_9 368 368 0 0 0 1 1 1
0 P_9 369 369 0.5 0.5 0.5 1 1 1
0 P_9 370 370 0 0 0 1 1 1
0 P_9 371 371 0 0 0 1 1 1
0 P_9 372 372 0 0 0 1 1 1
0 P_9 373 373 0.0551375 0.11702127659574468 0.208894 1 1 1
0 P_9 374 374 0 0 0 1 1 1
0 P_9 375 375 0.280111 0.37 0.434315 1 1 1
0 P_9 376 376 0.2101195 0.3068181818181818 0.3898785 1 1 1
0 P_9 377 377 0.281169 0.36607142857142855 0.428705 1 1 1
0 P_9 378 378 0 0 0 1 1 1
0 P_9 379 379 0.091821 0.16071428571428573 0.246747 1 1 1
0 P_9 380 380 0.2140155 0.30392156862745096 0.3825305 1 1 1
0 P_9 381 381 0.0751535 0.13793103448275862 0.2215185 1 1 1
0 P_9 382 382 0 0 0 1 1 1
0 P_9 383 383 0 0 0 1 1 1
0 P_9 384 384 0.1408225 0.22826086956521738 0.32071 1 1 1
0 P_9 385 385 0 0 0 1 1 1
0 P_9 386 386 0.0539305 0.11458333333333333 0.205186 1 1 1
0 P_9 387 387 0.0790955 0.15476190476190477 0.2542655 1 1 1
0 P_9 388 388 0.0636985 0.13414634146341464 0.2342165 1 1 1
0 P_9 389 389 0 0 0 1 1 1
0 P_9 390 390 0 0 0 1 1 1
0 P_9 391 391 0.113416 0.1875 0.273586 1 1 1
0 P_9 392 392 0 0 0 1 1 1
0 P_9 393 393 0.1846715 0.2765957446808511 0.36251 1 1 1
0 P_9 394 394 0.2430255 0.3333333333333333 0.406189 1 1 1
0 P_9 395 395 0 0 0 1 1 1
0 P_9 396 396 0 0 0 1 1 1
0 P_9 397 397 0 0 0 1 1 1
0 P_9 398 398 0 0 0 1 1 1
0 P_9 399 399 0.5 0.5 0.5 1 1 1
0 P_9 400 400 0 0 0 1 1 1
0 P_9 401 401 0.2471485 0.33653846153846156 0.4081295 1 1 1
0 P_9 402 402 0 0 0 1 1 1
0 P_9 403 403 0 0 0 1 1 1
0 P_9 404 404 0 0 0 1 1 1
0 P_9 405 405 0 0 0 1 1 1
0 P_9 406 406 0.5 0.5 0.5 1 1 1
0 P_9 407 407 0 0 0 1 1 1
0 P_9 408 408 0.5 0.5 0.5 1 1 1
0 P_9 409 409 0 0 0 1 1 1
0 P_9 410 410 0.2723955 0.3645833333333333 0.43141 1 1 1
0 P_9 411 411 0.244613 0.336734693877551 0.410008 1 1 1
0 P_9 412 412 0 0 0 1 1 1
0 P_9 413 413 0 0 0 1 1 1
0 P_9 414 414 0.2620525 0.3442622950819672 0.4097695 1 1 1
0 P_9 415 415 0 0 0 1 1 1
0 P_9 416 416 0 0 0 1 1 1
0 P_9 417 417 0 0 0 1 1 1
0 P_9 418 418 0 0 0 1 1 1
0 P_9 419 419 0 0 0 1 1 1
0 P_9 420 420 0 0 0 1 1 1
1 P_8 0 0 0 0 0 1 1 1
1 P_8 1 1 0.5 0.5 0.5 1 1 1
1 P_8 2 2 0 0 0 1 1 1
1 P_8 3 3 0 0 0 1 1 1
1 P_8 4 4 0 0 0 1 1 1
1 P_8 5 5 0 0 0 1 1 1
1 P_8 6 6 0 0 0 1 1 1
1 P_8 7 7 0.3240185 0.4016393442622951 0.4524375 1 1 1
1 P_8 8 8 0.0516685 0.11 0.1981445 1 1 1
1 P_8 9 9 0.04980455 0.12121212121212122 0.23262 1 1 1
1 P_8 10 10 0 0 0 1 1 1
1 P_8 11 11 0 0 0 1 1 1
1 P_8 12 12 0 0 0 1 1 1
1 P_8 13 13 0.0605625 0.12790697674418605 0.2251365 1 1 1
1 P_8 14 14 0.280111 0.37 0.434315 1 1 1
1 P_8 15 15 0.0368699 0.09090909090909091 0.1830035 1 1 1
1 P_8 16 16 0 0 0 1 1 1
1 P_8 17 17 0.5 0.5 0.5 1 1 1
1 P_8 18 18 0.5 0.5 0.5 1 1 1
1 P_8 19 19 0 0 0 1 1 1
1 P_8 20 20 0 0 0 1 1 1
1 P_8 21 21 0 0 0 1 1 1
1 P_8 22 22 0 0 0 1 1 1
1 P_8 23 23 0 0 0 1 1 1
1 P_8 24 24 0.2531055 0.35365853658536583 0.4276975 1 1 1
1 P_8 25 25 0 0 0 1 1 1
1 P_8 26 26 0.366555 0.4365079365079365 0.474536 1 1 1
1 P_8 27 27 0 0 0 1 1 1
1 P_8 28 28 0 0 0 1 1 1
1 P_8 29 29 0.5 0.5 0.5 1 1 1
1 P_8 30 30 0 0 0 1 1 1
1 P_8 31 31 0 0 0 1 1 1
1 P_8 32 32 0 0 0 1 1 1
1 P_8 33 33 0 0 0 1 1 1
1 P_8 34 34 0 0 0 1 1 1
1 P_8 35 35 0.0779515 0.14893617021276595 0.2427365 1 1 1
1 P_8 36 36 0.2806335 0.36792452830188677 0.4314035 1 1 1
1 P_8 37 37 0 0 0 1 1 1
1 P_8 38 38 0 0 0 1 1 1
1 P_8 39 39 0.082192 0.15306122448979592 0.2449915 1 1 1
1 P_8 40 40 0 0 0 1 1 1
1 P_8 41 41 0 0 0 1 1 1
1 P_8 42 42 0 0 0 1 1 1
1 P_8 43 43 0 0 0 1 1 1
1 P_8 44 44 0 0 0 1 1 1
1 P_8 45 45 0 0 0 1 1 1
1 P_8 46 46 0 0 0 1 1 1
1 P_8 47 47 0 0 0 1 1 1
1 P_8 48 48 0 0 0 1 1 1
1 P_8 49 49 0 0 0 1 1 1
1 P_8 50 50 0.0685965 0.1320754716981132 0.2193665 1 1 1
1 P_8 51 51 0 0 0 1 1 1
1 P_8 52 52 0 0 0 1 1 1
1 P_8 53 53 0.0670615 0.13636363636363635 0.2329105 1 1 1
1 P_8 54 54 0.0745605 0.14285714285714285 0.2344265 1 1 1
1 P_8 55 55 0 0 0 1 1 1
1 P_8 56 56 0 0 0 1 1 1
1 P_8 57 57 0.319665 0.4146341463414634 0.467628 1 1 1
1 P_8 58 58 0.5 0.5 0.5 1 1 1
1 P_8 59 59 0 0 0 1 1 1
1 P_8 60 60 0 0 0 1 1 1
1 P_8 61 61 0.5 0.5 0.5 1 1 1
1 P_8 62 62 0 0 0 1 1 1
1 P_8 63 63 0 0 0 1 1 1
1 P_8 64 64 0.5 0.5 0.5 1 1 1
1 P_8 65 65 0.5 0.5 0.5 1 1 1
1 P_8 66 66 0.5 0.5 0.5 1 1 1
1 P_8 67 67 0.5 0.5 0.5 1 1 1
1 P_8 68 68 0 0 0 1 1 1
1 P_8 69 69 0 0 0 1 1 1
1 P_8 70 70 0 0 0 1 1 1
1 P_8 71 71 0 0 0 1 1 1
1 P_8 72 72 0 0 0 1 1 1
1 P_8 73 73 0 0 0 1 1 1
1 P_8 74 74 0 0 0 1 1 1
1 P_8 75 75 0 0 0 1 1 1
1 P_8 76 76 0 0 0 1 1 1
1 P_8 77 77 0 0 0 1 1 1
1 P_8 78 78 0.5 0.5 0.5 1 1 1
1 P_8 79 79 0.33095 0.4083333333333333 0.4572835 1 1 1
1 P_8 80 80 0 0 0 1 1 1
1 P_8 81 81 0 0 0 1 1 1
1 P_8 82 82 0.5 0.5 0.5 1 1 1
1 P_8 83 83 0.5 0.5 0.5 1 1 1
1 P_8 84 84 0 0 0 1 1 1
1 P_8 85 85 0 0 0 1 1 1
1 P_8 86 86 0.02010285 0.0641025641025641 0.157561 1 1 1
1 P_8 87 87 0.5 0.5 0.5 1 1 1
1 P_8 88 88 0 0 0 1 1 1
1 P_8 89 89 0 0 0 1 1 1
1 P_8 90 90 0 0 0 1 1 1
1 P_8 91 91 0.0550965 0.11320754716981132 0.1989225 1 1 1
1 P_8 92 92 0 0 0 1 1 1
1 P_8 93 93 0 0 0 1 1 1
1 P_8 94 94 0 0 0 1 1 1
1 P_8 95 95 0.2833375 0.3888888888888889 0.4545475 1 1 1
1 P_8 96 96 0 0 0 1 1 1
1 P_8 97 97 0 0 0 1 1 1
1 P_8 98 98 0 0 0 1 1 1
1 P_8 99 99 0 0 0 1 1 1
1 P_8 100 100 0 0 0 1 1 1
1 P_8 101 101 0.5 0.5 0.5 1 1 1
1 P_8 102 102 0.296563 0.375 0.4322795 1 1 1
1 P_8 103 103 0 0 0 1 1 1
1 P_8 104 104 0 0 0 1 1 1
1 P_8 105 105 0 0 0 1 1 1
1 P_8 106 106 0 0 0 1 1 1
1 P_8 107 107 0.5 0.5 0.5 1 1 1
1 P_8 108 108 0 0 0 1 1 1
1 P_8 109 109 0.5 0.5 0.5 1 1 1
1 P_8 110 110 0.5 0.5 0.5 1 1 1
1 P_8 111 111 0.0585785 0.12 0.2091165 1 1 1
1 P_8 112 112 0 0 0 1 1 1
1 P_8 113 113 0.2768405 0.35714285714285715 0.419032 1 1 1
1 P_8 114 114 0 0 0 1 1 1
1 P_8 115 115 0 0 0 1 1 1
1 P_8 116 116 0 0 0 1 1 1
1 P_8 117 117 0 0 0 1 1 1
1 P_8 118 118 0 0 0 1 1 1
1 P_8 119 119 0 0 0 1 1 1
1 P_8 120 120 0 0 0 1 1 1
1 P_8 121 121 0.067106 0.1326530612244898 0.223682 1 1 1
1 P_8 122 122 0 0 0 1 1 1
1 P_8 123 123 0 0 0 1 1 1
1 P_8 124 124 0 0 0 1 1 1
1 P_8 125 125 0 0 0 1 1 1
1 P_8 126 126 0 0 0 1 1 1
1 P_8 127 127 0.0701415 0.13829787234042554 0.231664 1 1 1
1 P_8 128 128 0.04958905 0.10576923076923077 0.191563 1 1 1
1 P_8 129 129 0.5 0.5 0.5 1 1 1
1 P_8 130 130 0 0 0 1 1 1
1 P_8 131 131 0 0 0 1 1 1
1 P_8 132 132 0 0 0 1 1 1
1 P_8 133 133 0 0 0 1 1 1
1 P_8 134 134 0.085666 0.16666666666666666 0.269984 1 1 1
1 P_8 135 135 0 0 0 1 1 1
1 P_8 136 136 0 0 0 1 1 1
1 P_8 137 137 0.0771255 0.1511627906976744 0.2494105 1 1 1
1 P_8 138 138 0.5 0.5 0.5 1 1 1
1 P_8 139 139 0 0 0 1 1 1
1 P_8 140 140 0 0 0 1 1 1
1 P_8 141 141 0.5 0.5 0.5 1 1 1
1 P_8 142 142 0.04505635 0.10465116279069768 0.199784 1 1 1
1 P_8 143 143 0 0 0 1 1 1
1 P_8 144 144 0 0 0 1 1 1
1 P_8 145 145 0 0 0 1 1 1
1 P_8 146 146 0 0 0 1 1 1
1 P_8 147 147 0 0 0 1 1 1
1 P_8 148 148 0.1001635 0.17708333333333334 0.2701565 1 1 1
1 P_8 149 149 0 0 0 1 1 1
1 P_8 150 150 0.5 0.5 0.5 1 1 1
1 P_8 151 151 0.5 0.5 0.5 1 1 1
1 P_8 152 152 0 0 0 1 1 1
1 P_8 153 153 0 0 0 1 1 1
1 P_8 154 154 0.0585785 0.12 0.2091165 1 1 1
1 P_8 155 155 0.5 0.5 0.5 1 1 1
1 P_8 156 156 0.5 0.5 0.5 1 1 1
1 P_8 157 157 0.346883 0.42592592592592593 0.4701655 1 1 1
1 P_8 158 158 0.3526915 0.43617021276595747 0.477841 1 1 1
1 P_8 159 159 0 0 0 1 1 1
1 P_8 160 160 0.300216 0.3953488372093023 0.4549435 1 1 1
1 P_8 161 161 0.5 0.5 0.5 1 1 1
1 P_8 162 162 0 0 0 1 1 1
1 P_8 163 163 0.3238605 0.41304347826086957 0.464791 1 1 1
1 P_8 164 164 0 0 0 1 1 1
1 P_8 165 165 0 0 0 1 1 1
1 P_8 166 166 0.1103745 0.18518518518518517 0.2728715 1 1 1
1 P_8 167 167 0 0 0 1 1 1
1 P_8 168 168 0 0 0 1 1 1
1 P_8 169 169 0 0 0 1 1 1
1 P_8 170 170 0 0 0 1 1 1
1 P_8 171 171 0.5 0.5 0.5 1 1 1
1 P_8 172 172 0 0 0 1 1 1
1 P_8 173 173 0.5 0.5 0.5 1 1 1
1 P_8 174 174 0.0865045 0.15454545454545454 0.2412185 1 1 1
1 P_8 175 175 0 0 0 1 1 1
1 P_8 176 176 0 0 0 1 1 1
1 P_8 177 177 0 0 0 1 1 1
1 P_8 178 178 0.5 0.5 0.5 1 1 1
1 P_8 179 179 0 0 0 1 1 1
1 P_8 180 180 0.0879635 0.16666666666666666 0.266233 1 1 1
1 P_8 181 181 0.5 0.5 0.5 1 1 1
1 P_8 182 182 0 0 0 1 1 1
1 P_8 183 183 0 0 0 1 1 1
1 P_8 184 184 0 0 0 1 1 1
1 P_8 185 185 0.5 0.5 0.5 1 1 1
1 P_8 186 186 0 0 0 1 1 1
1 P_8 187 187 0.08026 0.1440677966101695 0.2272365 1 1 1
1 P_8 188 188 0.5 0.5 0.5 1 1 1
1 P_8 189 189 0 0 0 1 1 1
1 P_8 190 190 0.2388095 0.3372093023255814 0.414241 1 1 1
1 P_8 191 191 0 0 0 1 1 1
1 P_8 192 192 0 0 0 1 1 1
1 P_8 193 193 0 0 0 1 1 1
1 P_8 194 194 0 0 0 1 1 1
1 P_8 195 195 0 0 0 1 1 1
1 P_8 196 196 0 0 0 1 1 1
1 P_8 197 197 0 0 0 1 1 1
1 P_8 198 198 0.5 0.5 0.5 1 1 1
1 P_8 199 199 0 0 0 1 1 1
1 P_8 200 200 0 0 0 1 1 1
1 P_8 201 201 0.5 0.5 0.5 1 1 1
1 P_8 202 202 0.5 0.5 0.5 1 1 1
1 P_8 203 203 0 0 0 1 1 1
1 P_8 204 204 0 0 0 1 1 1
1 P_8 205 205 0 0 0 1 1 1
1 P_8 206 206 0.0837965 0.14754098360655737 0.2294375 1 1 1
1 P_8 207 207 0 0 0 1 1 1
1 P_8 208 208 0.0629585 0.11904761904761904 0.1976285 1 1 1
1 P_8 209 209 0.0725 0.13333333333333333 0.2151515 1 1 1
1 P_8 210 210 0.082192 0.15306122448979592 0.2449915 1 1 1
1 P_8 211 211 0 0 0 1 1 1
1 P_8 212 212 0 0 0 1 1 1
1 P_8 213 213 0 0 0 1 1 1
1 P_8 214 214 0 0 0 1 1 1
1 P_8 215 215 0 0 0 1 1 1
1 P_8 216 216 0.051409 0.11363636363636363 0.2085275 1 1 1
1 P_8 217 217 0 0 0 1 1 1
1 P_8 218 218 0.5 0.5 0.5 1 1 1
1 P_8 219 219 0.265337 0.3467741935483871 0.4113245 1 1 1
1 P_8 220 220 0.213718 0.3018867924528302 0.379566 1 1 1
1 P_8 221 221 0 0 0 1 1 1
1 P_8 222 222 0 0 0 1 1 1
1 P_8 223 223 0 0 0 1 1 1
1 P_8 224 224 0.5 0.5 0.5 1 1 1
1 P_8 225 225 0.087885 0.14788732394366197 0.2235695 1 1 1
1 P_8 226 226 0 0 0 1 1 1
1 P_8 227 227 0 0 0 1 1 1
1 P_8 228 228 0 0 0 1 1 1
1 P_8 229 229 0.5 0.5 0.5 1 1 1
1 P_8 230 230 0.5 0.5 0.5 1 1 1
1 P_8 231 231 0.2298435 0.3229166666666667 0.3998365 1 1 1
1 P_8 232 232 0.2695245 0.36 0.427026 1 1 1
1 P_8 233 233 0 0 0 1 1 1
1 P_8 234 234 0 0 0 1 1 1
1 P_8 235 235 0 0 0 1 1 1
1 P_8 236 236 0 0 0 1 1 1
1 P_8 237 237 0.2920285 0.3902439024390244 0.4526405 1 1 1
1 P_8 238 238 0 0 0 1 1 1
1 P_8 239 239 0 0 0 1 1 1
1 P_8 240 240 0 0 0 1 1 1
1 P_8 241 241 0.251501 0.36363636363636365 0.440452 1 1 1
1 P_8 242 242 0 0 0 1 1 1
1 P_8 243 243 0 0 0 1 1 1
1 P_8 244 244 0.2337375 0.34285714285714286 0.4245715 1 1 1
1 P_8 245 245 0.08026 0.1440677966101695 0.2272365 1 1 1
1 P_8 246 246 0 0 0 1 1 1
1 P_8 247 247 0 0 0 1 1 1
1 P_8 248 248 0.1021585 0.1724137931034483 0.257085 1 1 1
1 P_8 249 249 0.0605625 0.12790697674418605 0.2251365 1 1 1
1 P_8 250 250 0.0454526 0.1111111111111111 0.2166625 1 1 1
1 P_8 251 251 0 0 0 1 1 1
1 P_8 252 252 0 0 0 1 1 1
1 P_8 253 253 0 0 0 1 1 1
1 P_8 254 254 0.5 0.5 0.5 1 1 1
1 P_8 255 255 0 0 0 1 1 1
1 P_8 256 256 0.5 0.5 0.5 1 1 1
1 P_8 257 257 0 0 0 1 1 1
1 P_8 258 258 0.0407233 0.09090909090909091 0.172077 1 1 1
1 P_8 259 259 0 0 0 1 1 1
1 P_8 260 260 0.2755865 0.3695652173913043 0.4360275 1 1 1
1 P_8 261 261 0.268336 0.3617021276595745 0.4298585 1 1 1
1 P_8 262 262 0 0 0 1 1 1
1 P_8 263 263 0 0 0 1 1 1
1 P_8 264 264 0 0 0 1 1 1
1 P_8 265 265 0 0 0 1 1 1
1 P_8 266 266 0.084029 0.15625 0.2492325 1 1 1
1 P_8 267 267 0 0 0 1 1 1
1 P_8 268 268 0 0 0 1 1 1
1 P_8 269 269 0.2723955 0.3645833333333333 0.43141 1 1 1
1 P_8 270 270 0 0 0 1 1 1
1 P_8 271 271 0 0 0 1 1 1
1 P_8 272 272 0.5 0.5 0.5 1 1 1
1 P_8 273 273 0.086206 0.1568627450980392 0.247021 1 1 1
1 P_8 274 274 0 0 0 1 1 1
1 P_8 275 275 0.5 0.5 0.5 1 1 1
1 P_8 276 276 0.04505635 0.10465116279069768 0.199784 1 1 1
1 P_8 277 277 0 0 0 1 1 1
1 P_8 278 278 0.0369709 0.08653846153846154 0.169629 1 1 1
1 P_8 279 279 0 0 0 1 1 1
1 P_8 280 280 0.5 0.5 0.5 1 1 1
1 P_8 281 281 0.5 0.5 0.5 1 1 1
1 P_8 282 282 0.5 0.5 0.5 1 1 1
1 P_8 283 283 0 0 0 1 1 1
1 P_8 284 284 0 0 0 1 1 1
1 P_8 285 285 0 0 0 1 1 1
1 P_8 286 286 0.0551375 0.11702127659574468 0.208894 1 1 1
1 P_8 287 287 0 0 0 1 1 1
1 P_8 288 288 0 0 0 1 1 1
1 P_8 289 289 0.0532845 0.10655737704918032 0.185212 1 1 1
1 P_8 290 290 0 0 0 1 1 1
1 P_8 291 291 0 0 0 1 1 1
1 P_8 292 292 0 0 0 1 1 1
1 P_8 293 293 0 0 0 1 1 1
1 P_8 294 294 0 0 0 1 1 1
1 P_8 295 295 0.29779 0.38461538461538464 0.44379 1 1 1
1 P_8 296 296 0.5 0.5 0.5 1 1 1
1 P_8 297 297 0 0 0 1 1 1
1 P_8 298 298 0 0 0 1 1 1
1 P_8 299 299 0 0 0 1 1 1
1 P_8 300 300 0.5 0.5 0.5 1 1 1
1 P_8 301 301 0.5 0.5 0.5 1 1 1
1 P_8 302 302 0 0 0 1 1 1
1 P_8 303 303 0.5 0.5 0.5 1 1 1
1 P_8 304 304 0 0 0 1 1 1
1 P_8 305 305 0 0 0 1 1 1
1 P_8 306 306 0 0 0 1 1 1
1 P_8 307 307 0.5 0.5 0.5 1 1 1
1 P_8 308 308 0 0 0 1 1 1
1 P_8 309 309 0 0 0 1 1 1
1 P_8 310 310 0.268336 0.3617021276595745 0.4298585 1 1 1
1 P_8 311 311 0 0 0 1 1 1
1 P_8 312 312 0.0630165 0.125 0.2126685 1 1 1
1 P_8 313 313 0 0 0 1 1 1
1 P_8 314 314 0 0 0 1 1 1
1 P_8 315 315 0 0 0 1 1 1
1 P_8 316 316 0 0 0 1 1 1
1 P_8 317 317 0 0 0 1 1 1
1 P_8 318 318 0 0 0 1 1 1
1 P_8 319 319 0 0 0 1 1 1
1 P_8 320 320 0.086206 0.1568627450980392 0.247021 1 1 1
1 P_8 321 321 0 0 0 1 1 1
1 P_8 322 322 0.0831475 0.16666666666666666 0.2741725 1 1 1
1 P_8 323 323 0.0745605 0.14285714285714285 0.2344265 1 1 1
1 P_8 324 324 0 0 0 1 1 1
1 P_8 325 325 0 0 0 1 1 1
1 P_8 326 326 0.2388095 0.3372093023255814 0.414241 1 1 1
1 P_8 327 327 0.252891 0.34782608695652173 0.420234 1 1 1
1 P_8 328 328 0 0 0 1 1 1
1 P_8 329 329 0.5 0.5 0.5 1 1 1
1 P_8 330 330 0 0 0 1 1 1
1 P_8 331 331 0 0 0 1 1 1
1 P_8 332 332 0.0882215 0.1574074074074074 0.244979 1 1 1
1 P_8 333 333 0.04497075 0.1 0.186955 1 1 1
1 P_8 334 334 0 0 0 1 1 1
1 P_8 335 335 0 0 0 1 1 1
1 P_8 336 336 0 0 0 1 1 1
1 P_8 337 337 0 0 0 1 1 1
1 P_8 338 338 0 0 0 1 1 1
1 P_8 339 339 0.066279 0.125 0.2061995 1 1 1
1 P_8 340 340 0 0 0 1 1 1
1 P_8 341 341 0 0 0 1 1 1
1 P_8 342 342 0.2505895 0.3488372093023256 0.4228745 1 1 1
1 P_8 343 343 0 0 0 1 1 1
1 P_8 344 344 0 0 0 1 1 1
1 P_8 345 345 0 0 0 1 1 1
1 P_8 346 346 0.065685 0.13 0.219889 1 1 1
1 P_8 347 347 0.252891 0.34782608695652173 0.420234 1 1 1
1 P_8 348 348 0 0 0 1 1 1
1 P_8 349 349 0.2337375 0.34285714285714286 0.4245715 1 1 1
1 P_8 350 350 0.03932235 0.09183673469387756 0.17863 1 1 1
1 P_8 351 351 0.5 0.5 0.5 1 1 1
1 P_8 352 352 0 0 0 1 1 1
1 P_8 353 353 0 0 0 1 1 1
1 P_8 354 354 0.5 0.5 0.5 1 1 1
1 P_8 355 355 0 0 0 1 1 1
1 P_8 356 356 0 0 0 1 1 1
1 P_8 357 357 0.0362485 0.08490566037735849 0.166825 1 1 1
1 P_8 358 358 0 0 0 1 1 1
1 P_8 359 359 0 0 0 1 1 1
1 P_8 360 360 0 0 0 1 1 1
1 P_8 361 361 0 0 0 1 1 1
1 P_8 362 362 0.0848535 0.15178571428571427 0.2375685 1 1 1
1 P_8 363 363 0.071295 0.13392857142857142 0.218831 1 1 1
1 P_8 364 364 0 0 0 1 1 1
1 P_8 365 365 0 0 0 1 1 1
1 P_8 366 366 0 0 0 1 1 1
1 P_8 367 367 0.302837 0.39361702127659576 0.4520255 1 1 1
1 P_8 368 368 0 0 0 1 1 1
1 P_8 369 369 0.5 0.5 0.5 1 1 1
1 P_8 370 370 0.2685345 0.3492063492063492 0.412826 1 1 1
1 P_8 371 371 0 0 0 1 1 1
1 P_8 372 372 0 0 0 1 1 1
1 P_8 373 373 0 0 0 1 1 1
1 P_8 374 374 0 0 0 1 1 1
1 P_8 375 375 0.0726705 0.13636363636363635 0.222229 1 1 1
1 P_8 376 376 0.5 0.5 0.5 1 1 1
1 P_8 377 377 0.066279 0.125 0.2061995 1 1 1
1 P_8 378 378 0.276318 0.3673469387755102 0.432894 1 1 1
1 P_8 379 379 0 0 0 1 1 1
1 P_8 380 380 0.5 0.5 0.5 1 1 1
1 P_8 381 381 0 0 0 1 1 1
1 P_8 382 382 0 0 0 1 1 1
1 P_8 383 383 0.279151 0.375 0.4408915 1 1 1
1 P_8 384 384 0 0 0 1 1 1
1 P_8 385 385 0 0 0 1 1 1
1 P_8 386 386 0 0 0 1 1 1
1 P_8 387 387 0 0 0 1 1 1
1 P_8 388 388 0 0 0 1 1 1
1 P_8 389 389 0 0 0 1 1 1
1 P_8 390 390 0 0 0 1 1 1
1 P_8 391 391 0 0 0 1 1 1
1 P_8 392 392 0 0 0 1 1 1
1 P_8 393 393 0.058284 0.11607142857142858 0.1995385 1 1 1
1 P_8 394 394 0.0630165 0.125 0.2126685 1 1 1
1 P_8 395 395 0 0 0 1 1 1
1 P_8 396 396 0.2343795 0.32653061224489793 0.402048 1 1 1
1 P_8 397 397 0 0 0 1 1 1
1 P_8 398 398 0 0 0 1 1 1
1 P_8 399 399 0.5 0.5 0.5 1 1 1
1 P_8 400 400 0.299975 0.3813559322033898 0.438746 1 1 1
1 P_8 401 401 0.10497 0.1792452830188679 0.267821 1 1 1
1 P_8 402 402 0 0 0 1 1 1
1 P_8 403 403 0 0 0 1 1 1
1 P_8 404 404 0 0 0 1 1 1
1 P_8 405 405 0.268374 0.375 0.445696 1 1 1
1 P_8 406 406 0.5 0.5 0.5 1 1 1
1 P_8 407 407 0 0 0 1 1 1
1 P_8 408 408 0.5 0.5 0.5 1 1 1
1 P_8 409 409 0 0 0 1 1 1
1 P_8 410 410 0.5 0.5 0.5 1 1 1
1 P_8 411 411 0.0731805 0.1527777777777778 0.2603495 1 1 1
1 P_8 412 412 0.311375 0.40217391304347827 0.458006 1 1 1
1 P_8 413 413 0 0 0 1 1 1
1 P_8 414 414 0.0771255 0.1511627906976744 0.2494105 1 1 1
1 P_8 415 415 0 0 0 1 1 1
1 P_8 416 416 0 0 0 1 1 1
1 P_8 417 417 0 0 0 1 1 1
1 P_8 418 418 0 0 0 1 1 1
1 P_8 419 419 0 0 0 1 1 1
1 P_8 420 420 0 0 0 1 1 1
2 P_7 0 0 0 0 0 1 1 1
2 P_7 1 1 0.5 0.5 0.5 1 1 1
2 P_7 2 2 0 0 0 1 1 1
2 P_7 3 3 0.204599 0.2978723404255319 0.380329 1 1 1
2 P_7 4 4 0.1771965 0.27380952380952384 0.3644575 1 1 1
2 P_7 5 5 0.1312845 0.21428571428571427 0.3050525 1 1 1
2 P_7 6 6 0 0 0 1 1 1
2 P_7 7 7 0.02874635 0.07608695652173914 0.163319 1 1 1
2 P_7 8 8 0.0419892 0.09016393442622951 0.1665985 1 1 1
2 P_7 9 9 0.0539875 0.11904761904761904 0.2168445 1 1 1
2 P_7 10 10 0 0 0 1 1 1
2 P_7 11 11 0 0 0 1 1 1
2 P_7 12 12 0 0 0 1 1 1
2 P_7 13 13 0.0559455 0.12857142857142856 0.236998 1 1 1
2 P_7 14 14 0.0313493 0.07377049180327869 0.14731349999999999 1 1 1
2 P_7 15 15 0.0415072 0.09259259259259259 0.1748625 1 1 1
2 P_7 16 16 0 0 0 1 1 1
2 P_7 17 17 0.5 0.5 0.5 1 1 1
2 P_7 18 18 0.1408225 0.22826086956521738 0.32071 1 1 1
2 P_7 19 19 0 0 0 1 1 1
2 P_7 20 20 0 0 0 1 1 1
2 P_7 21 21 0 0 0 1 1 1
2 P_7 22 22 0.1256175 0.21428571428571427 0.311901 1 1 1
2 P_7 23 23 0.201056 0.2833333333333333 0.3596085 1 1 1
2 P_7 24 24 0.083663 0.1590909090909091 0.256328 1 1 1
2 P_7 25 25 0 0 0 1 1 1
2 P_7 26 26 0.0726705 0.13636363636363635 0.222229 1 1 1
2 P_7 27 27 0 0 0 1 1 1
2 P_7 28 28 0 0 0 1 1 1
2 P_7 29 29 0.5 0.5 0.5 1 1 1
2 P_7 30 30 0 0 0 1 1 1
2 P_7 31 31 0 0 0 1 1 1
2 P_7 32 32 0 0 0 1 1 1
2 P_7 33 33 0.1915875 0.2777777777777778 0.3584485 1 1 1
2 P_7 34 34 0 0 0 1 1 1
2 P_7 35 35 0.0520065 0.10714285714285714 0.189661 1 1 1
2 P_7 36 36 0.0640275 0.12096774193548387 0.2004065 1 1 1
2 P_7 37 37 0 0 0 1 1 1
2 P_7 38 38 0.1320345 0.22093023255813954 0.3169535 1 1 1
2 P_7 39 39 0.0392412 0.08771929824561403 0.166761 1 1 1
2 P_7 40 40 0 0 0 1 1 1
2 P_7 41 41 0 0 0 1 1 1
2 P_7 42 42 0.230989 0.32608695652173914 0.403656 1 1 1
2 P_7 43 43 0 0 0 1 1 1
2 P_7 44 44 0.1447695 0.24324324324324326 0.343616 1 1 1
2 P_7 45 45 0.2000725 0.28846153846153844 0.368936 1 1 1
2 P_7 46 46 0 0 0 1 1 1
2 P_7 47 47 0 0 0 1 1 1
2 P_7 48 48 0 0 0 1 1 1
2 P_7 49 49 0.251145 0.33962264150943394 0.409991 1 1 1
2 P_7 50 50 0.0512945 0.11842105263157894 0.2215625 1 1 1
2 P_7 51 51 0.145744 0.22413793103448276 0.307339 1 1 1
2 P_7 52 52 0 0 0 1 1 1
2 P_7 53 53 0.0434692 0.09322033898305085 0.171574 1 1 1
2 P_7 54 54 0.023065950000000002 0.06140350877192982 0.135174 1 1 1
2 P_7 55 55 0 0 0 1 1 1
2 P_7 56 56 0 0 0 1 1 1
2 P_7 57 57 0.082728 0.1509433962264151 0.2391705 1 1 1
2 P_7 58 58 0.168005 0.26136363636363635 0.351994 1 1 1
2 P_7 59 59 0 0 0 1 1 1
2 P_7 60 60 0 0 0 1 1 1
2 P_7 61 61 0.5 0.5 0.5 1 1 1
2 P_7 62 62 0 0 0 1 1 1
2 P_7 63 63 0 0 0 1 1 1
2 P_7 64 64 0.5 0.5 0.5 1 1 1
2 P_7 65 65 0.5 0.5 0.5 1 1 1
2 P_7 66 66 0.5 0.5 0.5 1 1 1
2 P_7 67 67 0.5 0.5 0.5 1 1 1
2 P_7 68 68 0.1792085 0.2636363636363636 0.3454005 1 1 1
2 P_7 69 69 0 0 0 1 1 1
2 P_7 70 70 0.163087 0.25 0.336913 1 1 1
2 P_7 71 71 0.1669385 0.2459016393442623 0.3255915 1 1 1
2 P_7 72 72 0 0 0 1 1 1
2 P_7 73 73 0 0 0 1 1 1
2 P_7 74 74 0.157981 0.23728813559322035 0.3189205 1 1 1
2 P_7 75 75 0 0 0 1 1 1
2 P_7 76 76 0.1700555 0.25 0.3299445 1 1 1
2 P_7 77 77 0.139277 0.22115384615384615 0.3089675 1 1 1
2 P_7 78 78 0.114875 0.18548387096774194 0.2673555 1 1 1
2 P_7 79 79 0.0752515 0.14772727272727273 0.2447315 1 1 1
2 P_7 80 80 0.1696195 0.25471698113207547 0.3388605 1 1 1
2 P_7 81 81 0.1502035 0.2391304347826087 0.3305625 1 1 1
2 P_7 82 82 0.5 0.5 0.5 1 1 1
2 P_7 83 83 0.5 0.5 0.5 1 1 1
2 P_7 84 84 0.1949475 0.2857142857142857 0.3687155 1 1 1
2 P_7 85 85 0.2003045 0.28703703703703703 0.3664105 1 1 1
2 P_7 86 86 0.0953215 0.1794871794871795 0.28254050000000003 1 1 1
2 P_7 87 87 0.165594 0.2457627118644068 0.3267065 1 1 1
2 P_7 88 88 0.1594935 0.24509803921568626 0.3317295 1 1 1
2 P_7 89 89 0.170903 0.2545454545454545 0.3373 1 1 1
2 P_7 90 90 0 0 0 1 1 1
2 P_7 91 91 0.065685 0.13 0.219889 1 1 1
2 P_7 92 92 0.133417 0.22972972972972974 0.3317395 1 1 1
2 P_7 93 93 0 0 0 1 1 1
2 P_7 94 94 0 0 0 1 1 1
2 P_7 95 95 0.0316456 0.0784313725490196 0.1610165 1 1 1
2 P_7 96 96 0.153914 0.25 0.346086 1 1 1
2 P_7 97 97 0 0 0 1 1 1
2 P_7 98 98 0 0 0 1 1 1
2 P_7 99 99 0.1771965 0.27380952380952384 0.3644575 1 1 1
2 P_7 100 100 0.1998535 0.29 0.37161 1 1 1
2 P_7 101 101 0.5 0.5 0.5 1 1 1
2 P_7 102 102 0.069066 0.14473684210526316 0.24925 1 1 1
2 P_7 103 103 0.172126 0.2543859649122807 0.335817 1 1 1
2 P_7 104 104 0 0 0 1 1 1
2 P_7 105 105 0 0 0 1 1 1
2 P_7 106 106 0.17929 0.2717391304347826 0.3591775 1 1 1
2 P_7 107 107 0.5 0.5 0.5 1 1 1
2 P_7 108 108 0.209066 0.29464285714285715 0.3716455 1 1 1
2 P_7 109 109 0.5 0.5 0.5 1 1 1
2 P_7 110 110 0.5 0.5 0.5 1 1 1
2 P_7 111 111 0.02181715 0.06944444444444445 0.1687265 1 1 1
2 P_7 112 112 0.1821125 0.2692307692307692 0.3523915 1 1 1
2 P_7 113 113 0.076218 0.14583333333333334 0.238511 1 1 1
2 P_7 114 114 0 0 0 1 1 1
2 P_7 115 115 0.1355425 0.2261904761904762 0.3228035 1 1 1
2 P_7 116 116 0 0 0 1 1 1
2 P_7 117 117 0 0 0 1 1 1
2 P_7 118 118 0.189301 0.2826086956521739 0.3684005 1 1 1
2 P_7 119 119 0.174479 0.25925925925925924 0.3421995 1 1 1
2 P_7 120 120 0.1476085 0.23076923076923078 0.3178875 1 1 1
2 P_7 121 121 0.0401742 0.09375 0.1818435 1 1 1
2 P_7 122 122 0 0 0 1 1 1
2 P_7 123 123 0 0 0 1 1 1
2 P_7 124 124 0 0 0 1 1 1
2 P_7 125 125 0 0 0 1 1 1
2 P_7 126 126 0 0 0 1 1 1
2 P_7 127 127 0.0486021 0.1125 0.212317 1 1 1
2 P_7 128 128 0.01560765 0.05 0.126726 1 1 1
2 P_7 129 129 0.1595485 0.23770491803278687 0.318041 1 1 1
2 P_7 130 130 0 0 0 1 1 1
2 P_7 131 131 0 0 0 1 1 1
2 P_7 132 132 0.15598 0.25 0.34402 1 1 1
2 P_7 133 133 0.1821125 0.2692307692307692 0.3523915 1 1 1
2 P_7 134 134 0.0726705 0.13636363636363635 0.222229 1 1 1
2 P_7 135 135 0 0 0 1 1 1
2 P_7 136 136 0 0 0 1 1 1
2 P_7 137 137 0.0506075 0.10784313725490197 0.194799 1 1 1
2 P_7 138 138 0.5 0.5 0.5 1 1 1
2 P_7 139 139 0 0 0 1 1 1
2 P_7 140 140 0.1542185 0.24 0.327916 1 1 1
2 P_7 141 141 0.5 0.5 0.5 1 1 1
2 P_7 142 142 0.0385059 0.09 0.175527 1 1 1
2 P_7 143 143 0.281169 0.36607142857142855 0.428705 1 1 1
2 P_7 144 144 0 0 0 1 1 1
2 P_7 145 145 0 0 0 1 1 1
2 P_7 146 146 0 0 0 1 1 1
2 P_7 147 147 0.2304095 0.3157894736842105 0.388743 1 1 1
2 P_7 148 148 0.0243796 0.06481481481481481 0.1418485 1 1 1
2 P_7 149 149 0 0 0 1 1 1
2 P_7 150 150 0.5 0.5 0.5 1 1 1
2 P_7 151 151 0.5 0.5 0.5 1 1 1
2 P_7 152 152 0.182804 0.2619047619047619 0.3389575 1 1 1
2 P_7 153 153 0 0 0 1 1 1
2 P_7 154 154 0.0378634 0.0847457627118644 0.1617605 1 1 1
2 P_7 155 155 0.5 0.5 0.5 1 1 1
2 P_7 156 156 0.213718 0.3018867924528302 0.379566 1 1 1
2 P_7 157 157 0.0741005 0.1388888888888889 0.2257315 1 1 1
2 P_7 158 158 0.060181 0.11666666666666667 0.197123 1 1 1
2 P_7 159 159 0 0 0 1 1 1
2 P_7 160 160 0.0561755 0.11206896551724138 0.193554 1 1 1
2 P_7 161 161 0.5 0.5 0.5 1 1 1
2 P_7 162 162 0 0 0 1 1 1
2 P_7 163 163 0.05721 0.11403508771929824 0.1965015 1 1 1
2 P_7 164 164 0 0 0 1 1 1
2 P_7 165 165 0.2047555 0.3023255813953488 0.387068 1 1 1
2 P_7 166 166 0.0269368 0.07142857142857142 0.1545535 1 1 1
2 P_7 167 167 0 0 0 1 1 1
2 P_7 168 168 0 0 0 1 1 1
2 P_7 169 169 0 0 0 1 1 1
2 P_7 170 170 0.190466 0.28 0.363131 1 1 1
2 P_7 171 171 0.5 0.5 0.5 1 1 1
2 P_7 172 172 0 0 0 1 1 1
2 P_7 173 173 0.5 0.5 0.5 1 1 1
2 P_7 174 174 0.084029 0.15625 0.2492325 1 1 1
2 P_7 175 175 0 0 0 1 1 1
2 P_7 176 176 0.133356 0.21052631578947367 0.295154 1 1 1
2 P_7 177 177 0.1991505 0.3055555555555556 0.3959615 1 1 1
2 P_7 178 178 0.1542185 0.24 0.327916 1 1 1
2 P_7 179 179 0.1733105 0.25961538461538464 0.3439415 1 1 1
2 P_7 180 180 0.0410639 0.09574468085106383 0.185173 1 1 1
2 P_7 181 181 0.187489 0.2875 0.37769 1 1 1
2 P_7 182 182 0 0 0 1 1 1
2 P_7 183 183 0 0 0 1 1 1
2 P_7 184 184 0.204668 0.29245283018867924 0.371655 1 1 1
2 P_7 185 185 0.5 0.5 0.5 1 1 1
2 P_7 186 186 0 0 0 1 1 1
2 P_7 187 187 0.0551375 0.11702127659574468 0.208894 1 1 1
2 P_7 188 188 0.155915 0.24468085106382978 0.334649 1 1 1
2 P_7 189 189 0.190466 0.28 0.363131 1 1 1
2 P_7 190 190 0.0365792 0.08196721311475409 0.1570485 1 1 1
2 P_7 191 191 0 0 0 1 1 1
2 P_7 192 192 0.153914 0.25 0.346086 1 1 1
2 P_7 193 193 0 0 0 1 1 1
2 P_7 194 194 0 0 0 1 1 1
2 P_7 195 195 0.1687955 0.25 0.3312045 1 1 1
2 P_7 196 196 0 0 0 1 1 1
2 P_7 197 197 0.199202 0.2976190476190476 0.384108 1 1 1
2 P_7 198 198 0.139245 0.23170731707317074 0.328854 1 1 1
2 P_7 199 199 0 0 0 1 1 1
2 P_7 200 200 0.224301 0.3163265306122449 0.393934 1 1 1
2 P_7 201 201 0.5 0.5 0.5 1 1 1
2 P_7 202 202 0.5 0.5 0.5 1 1 1
2 P_7 203 203 0 0 0 1 1 1
2 P_7 204 204 0.158409 0.2564102564102564 0.3526935 1 1 1
2 P_7 205 205 0 0 0 1 1 1
2 P_7 206 206 0.0779515 0.14893617021276595 0.2427365 1 1 1
2 P_7 207 207 0 0 0 1 1 1
2 P_7 208 208 0.0401742 0.09375 0.1818435 1 1 1
2 P_7 209 209 0.068695 0.12931034482758622 0.212331 1 1 1
2 P_7 210 210 0.03298055 0.08163265306122448 0.166747 1 1 1
2 P_7 211 211 0.2304095 0.3157894736842105 0.388743 1 1 1
2 P_7 212 212 0.17929 0.2717391304347826 0.3591775 1 1 1
2 P_7 213 213 0 0 0 1 1 1
2 P_7 214 214 0 0 0 1 1 1
2 P_7 215 215 0.1910325 0.27884615384615385 0.360723 1 1 1
2 P_7 216 216 0.0617625 0.12264150943396226 0.2092295 1 1 1
2 P_7 217 217 0 0 0 1 1 1
2 P_7 218 218 0.5 0.5 0.5 1 1 1
2 P_7 219 219 0.10156 0.17647058823529413 0.2667825 1 1 1
2 P_7 220 220 0.06859 0.13541666666666666 0.2276045 1 1 1
2 P_7 221 221 0 0 0 1 1 1
2 P_7 222 222 0 0 0 1 1 1
2 P_7 223 223 0.170795 0.2604166666666667 0.3477295 1 1 1
2 P_7 224 224 0.142309 0.22549019607843138 0.313807 1 1 1
2 P_7 225 225 0.052775 0.11224489795918367 0.201605 1 1 1
2 P_7 226 226 0 0 0 1 1 1
2 P_7 227 227 0.151886 0.2441860465116279 0.3379115 1 1 1
2 P_7 228 228 0.1504555 0.2288135593220339 0.3110475 1 1 1
2 P_7 229 229 0.5 0.5 0.5 1 1 1
2 P_7 230 230 0.5 0.5 0.5 1 1 1
2 P_7 231 231 0.075588 0.14150943396226415 0.2293435 1 1 1
2 P_7 232 232 0.0900945 0.15789473684210525 0.243085 1 1 1
2 P_7 233 233 0 0 0 1 1 1
2 P_7 234 234 0 0 0 1 1 1
2 P_7 235 235 0 0 0 1 1 1
2 P_7 236 236 0.2000725 0.28846153846153844 0.368936 1 1 1
2 P_7 237 237 0.112641 0.18867924528301888 0.277113 1 1 1
2 P_7 238 238 0.17929 0.2717391304347826 0.3591775 1 1 1
2 P_7 239 239 0 0 0 1 1 1
2 P_7 240 240 0.13106400000000001 0.21153846153846154 0.2999275 1 1 1
2 P_7 241 241 0.079766 0.15217391304347827 0.247109 1 1 1
2 P_7 242 242 0.181311 0.28205128205128205 0.3742025 1 1 1
2 P_7 243 243 0 0 0 1 1 1
2 P_7 244 244 0.069066 0.14473684210526316 0.24925 1 1 1
2 P_7 245 245 0.0407126 0.1 0.198442 1 1 1
2 P_7 246 246 0.204589 0.29591836734693877 0.377264 1 1 1
2 P_7 247 247 0 0 0 1 1 1
2 P_7 248 248 0.0516685 0.11 0.1981445 1 1 1
2 P_7 249 249 0.0542145 0.10833333333333334 0.187913 1 1 1
2 P_7 250 250 0.04676675 0.1 0.18246 1 1 1
2 P_7 251 251 0 0 0 1 1 1
2 P_7 252 252 0 0 0 1 1 1
2 P_7 253 253 0.190466 0.28 0.363131 1 1 1
2 P_7 254 254 0.2007985 0.28448275862068967 0.3617575 1 1 1
2 P_7 255 255 0 0 0 1 1 1
2 P_7 256 256 0.5 0.5 0.5 1 1 1
2 P_7 257 257 0.2046135 0.29411764705882354 0.374378 1 1 1
2 P_7 258 258 0.01391135 0.044642857142857144 0.11448 1 1 1
2 P_7 259 259 0 0 0 1 1 1
2 P_7 260 260 0.051409 0.11363636363636363 0.2085275 1 1 1
2 P_7 261 261 0.0817345 0.14655172413793102 0.230582 1 1 1
2 P_7 262 262 0 0 0 1 1 1
2 P_7 263 263 0.186193 0.27450980392156865 0.357691 1 1 1
2 P_7 264 264 0.2196255 0.3125 0.3915265 1 1 1
2 P_7 265 265 0.136869 0.22 0.309534 1 1 1
2 P_7 266 266 0.02010285 0.0641025641025641 0.157561 1 1 1
2 P_7 267 267 0 0 0 1 1 1
2 P_7 268 268 0.1504555 0.2288135593220339 0.3110475 1 1 1
2 P_7 269 269 0.04906695 0.10869565217391304 0.200814 1 1 1
2 P_7 270 270 0.185388 0.26666666666666666 0.344944 1 1 1
2 P_7 271 271 0 0 0 1 1 1
2 P_7 272 272 0.5 0.5 0.5 1 1 1
2 P_7 273 273 0.0401742 0.09375 0.1818435 1 1 1
2 P_7 274 274 0.1965225 0.2807017543859649 0.3590805 1 1 1
2 P_7 275 275 0.5 0.5 0.5 1 1 1
2 P_7 276 276 0.035553800000000003 0.08333333333333333 0.1641105 1 1 1
2 P_7 277 277 0 0 0 1 1 1
2 P_7 278 278 0.084431 0.15384615384615385 0.2430345 1 1 1
2 P_7 279 279 0.1143285 0.19387755102040816 0.2856275 1 1 1
2 P_7 280 280 0.5 0.5 0.5 1 1 1
2 P_7 281 281 0.136373 0.2169811320754717 0.304265 1 1 1
2 P_7 282 282 0.157981 0.23728813559322035 0.3189205 1 1 1
2 P_7 283 283 0.151886 0.2441860465116279 0.3379115 1 1 1
2 P_7 284 284 0.172126 0.2543859649122807 0.335817 1 1 1
2 P_7 285 285 0 0 0 1 1 1
2 P_7 286 286 0.0492453 0.1016949152542373 0.1812125 1 1 1
2 P_7 287 287 0.1910325 0.27884615384615385 0.360723 1 1 1
2 P_7 288 288 0.189301 0.2826086956521739 0.3684005 1 1 1
2 P_7 289 289 0.0523865 0.10483870967741936 0.182587 1 1 1
2 P_7 290 290 0 0 0 1 1 1
2 P_7 291 291 0.209066 0.29464285714285715 0.3716455 1 1 1
2 P_7 292 292 0 0 0 1 1 1
2 P_7 293 293 0 0 0 1 1 1
2 P_7 294 294 0 0 0 1 1 1
2 P_7 295 295 0.0368699 0.09090909090909091 0.1830035 1 1 1
2 P_7 296 296 0.5 0.5 0.5 1 1 1
2 P_7 297 297 0 0 0 1 1 1
2 P_7 298 298 0.172084 0.26 0.3457815 1 1 1
2 P_7 299 299 0.159742 0.25 0.340258 1 1 1
2 P_7 300 300 0.1522705 0.23958333333333334 0.329205 1 1 1
2 P_7 301 301 0.5 0.5 0.5 1 1 1
2 P_7 302 302 0 0 0 1 1 1
2 P_7 303 303 0.5 0.5 0.5 1 1 1
2 P_7 304 304 0.133356 0.21052631578947367 0.295154 1 1 1
2 P_7 305 305 0 0 0 1 1 1
2 P_7 306 306 0 0 0 1 1 1
2 P_7 307 307 0.15084 0.23529411764705882 0.32283 1 1 1
2 P_7 308 308 0 0 0 1 1 1
2 P_7 309 309 0 0 0 1 1 1
2 P_7 310 310 0.0699705 0.13157894736842105 0.215533 1 1 1
2 P_7 311 311 0.1404765 0.23684210526315788 0.336818 1 1 1
2 P_7 312 312 0.0539305 0.11458333333333333 0.205186 1 1 1
2 P_7 313 313 0.1889525 0.2711864406779661 0.3495445 1 1 1
2 P_7 314 314 0 0 0 1 1 1
2 P_7 315 315 0 0 0 1 1 1
2 P_7 316 316 0.1687955 0.25 0.3312045 1 1 1
2 P_7 317 317 0.1846715 0.2765957446808511 0.36251 1 1 1
2 P_7 318 318 0.1869165 0.27358490566037735 0.3554845 1 1 1
2 P_7 319 319 0.185445 0.2755102040816326 0.3600285 1 1 1
2 P_7 320 320 0.052997 0.10909090909090909 0.1926525 1 1 1
2 P_7 321 321 0 0 0 1 1 1
2 P_7 322 322 0.052775 0.11224489795918367 0.201605 1 1 1
2 P_7 323 323 0.0275141 0.07291666666666667 0.15737 1 1 1
2 P_7 324 324 0.2196255 0.3125 0.3915265 1 1 1
2 P_7 325 325 0 0 0 1 1 1
2 P_7 326 326 0.08595 0.1595744680851064 0.2536175 1 1 1
2 P_7 327 327 0.0520065 0.10714285714285714 0.189661 1 1 1
2 P_7 328 328 0 0 0 1 1 1
2 P_7 329 329 0.5 0.5 0.5 1 1 1
2 P_7 330 330 0 0 0 1 1 1
2 P_7 331 331 0 0 0 1 1 1
2 P_7 332 332 0.035553800000000003 0.08333333333333333 0.1641105 1 1 1
2 P_7 333 333 0.0208004 0.06 0.1394885 1 1 1
2 P_7 334 334 0 0 0 1 1 1
2 P_7 335 335 0 0 0 1 1 1
2 P_7 336 336 0.178266 0.2727272727272727 0.3617315 1 1 1
2 P_7 337 337 0 0 0 1 1 1
2 P_7 338 338 0.251145 0.33962264150943394 0.409991 1 1 1
2 P_7 339 339 0.04676675 0.1 0.18246 1 1 1
2 P_7 340 340 0 0 0 1 1 1
2 P_7 341 341 0 0 0 1 1 1
2 P_7 342 342 0.088058 0.16 0.251137 1 1 1
2 P_7 343 343 0 0 0 1 1 1
2 P_7 344 344 0.1868525 0.265625 0.3417495 1 1 1
2 P_7 345 345 0.1502035 0.2391304347826087 0.3305625 1 1 1
2 P_7 346 346 0.0237081 0.06818181818181818 0.156048 1 1 1
2 P_7 347 347 0.02010285 0.0641025641025641 0.157561 1 1 1
2 P_7 348 348 0 0 0 1 1 1
2 P_7 349 349 0.095242 0.16379310344827586 0.24836 1 1 1
2 P_7 350 350 0.065685 0.13 0.219889 1 1 1
2 P_7 351 351 0.5 0.5 0.5 1 1 1
2 P_7 352 352 0 0 0 1 1 1
2 P_7 353 353 0 0 0 1 1 1
2 P_7 354 354 0.1502035 0.2391304347826087 0.3305625 1 1 1
2 P_7 355 355 0 0 0 1 1 1
2 P_7 356 356 0 0 0 1 1 1
2 P_7 357 357 0.05721 0.11403508771929824 0.1965015 1 1 1
2 P_7 358 358 0 0 0 1 1 1
2 P_7 359 359 0.223549 0.3137254901960784 0.3905525 1 1 1
2 P_7 360 360 0 0 0 1 1 1
2 P_7 361 361 0 0 0 1 1 1
2 P_7 362 362 0.04497075 0.1 0.186955 1 1 1
2 P_7 363 363 0.1001635 0.17708333333333334 0.2701565 1 1 1
2 P_7 364 364 0 0 0 1 1 1
2 P_7 365 365 0.1749045 0.27631578947368424 0.370507 1 1 1
2 P_7 366 366 0.252891 0.34782608695652173 0.420234 1 1 1
2 P_7 367 367 0.04599075 0.09523809523809523 0.1710405 1 1 1
2 P_7 368 368 0.13749 0.22340425531914893 0.3153285 1 1 1
2 P_7 369 369 0.5 0.5 0.5 1 1 1
2 P_7 370 370 0.0540265 0.1111111111111111 0.195738 1 1 1
2 P_7 371 371 0.1399715 0.22448979591836735 0.314555 1 1 1
2 P_7 372 372 0.1312845 0.21428571428571427 0.3050525 1 1 1
2 P_7 373 373 0 0 0 1 1 1
2 P_7 374 374 0 0 0 1 1 1
2 P_7 375 375 0.0287382 0.07142857142857142 0.148264 1 1 1
2 P_7 376 376 0.1200445 0.2 0.2906255 1 1 1
2 P_7 377 377 0.0571765 0.1111111111111111 0.1888935 1 1 1
2 P_7 378 378 0.052997 0.10909090909090909 0.1926525 1 1 1
2 P_7 379 379 0 0 0 1 1 1
2 P_7 380 380 0.138708 0.21818181818181817 0.3038705 1 1 1
2 P_7 381 381 0.1579185 0.25 0.3420815 1 1 1
2 P_7 382 382 0.1502035 0.2391304347826087 0.3305625 1 1 1
2 P_7 383 383 0.084431 0.15384615384615385 0.2430345 1 1 1
2 P_7 384 384 0 0 0 1 1 1
2 P_7 385 385 0.199202 0.2976190476190476 0.384108 1 1 1
2 P_7 386 386 0 0 0 1 1 1
2 P_7 387 387 0.2591115 0.35 0.4195655 1 1 1
2 P_7 388 388 0.1343145 0.21875 0.3101115 1 1 1
2 P_7 389 389 0.1560585 0.2403846153846154 0.3266895 1 1 1
2 P_7 390 390 0 0 0 1 1 1
2 P_7 391 391 0 0 0 1 1 1
2 P_7 392 392 0 0 0 1 1 1
2 P_7 393 393 0.0884325 0.15517241379310345 0.2395275 1 1 1
2 P_7 394 394 0.03776075 0.09302325581395349 0.186637 1 1 1
2 P_7 395 395 0 0 0 1 1 1
2 P_7 396 396 0.06596 0.12727272727272726 0.2125245 1 1 1
2 P_7 397 397 0 0 0 1 1 1
2 P_7 398 398 0 0 0 1 1 1
2 P_7 399 399 0.5 0.5 0.5 1 1 1
2 P_7 400 400 0.0415072 0.09259259259259259 0.1748625 1 1 1
2 P_7 401 401 0.067106 0.1326530612244898 0.223682 1 1 1
2 P_7 402 402 0 0 0 1 1 1
2 P_7 403 403 0 0 0 1 1 1
2 P_7 404 404 0.1343145 0.21875 0.3101115 1 1 1
2 P_7 405 405 0.0467633 0.0967741935483871 0.1734765 1 1 1
2 P_7 406 406 0.5 0.5 0.5 1 1 1
2 P_7 407 407 0 0 0 1 1 1
2 P_7 408 408 0.5 0.5 0.5 1 1 1
2 P_7 409 409 0.115892 0.20238095238095238 0.300798 1 1 1
2 P_7 410 410 0.166086 0.25 0.333914 1 1 1
2 P_7 411 411 0.0585785 0.12 0.2091165 1 1 1
2 P_7 412 412 0.0195898 0.0625 0.154157 1 1 1
2 P_7 413 413 0 0 0 1 1 1
2 P_7 414 414 0.0741005 0.1388888888888889 0.2257315 1 1 1
2 P_7 415 415 0 0 0 1 1 1
2 P_7 416 416 0 0 0 1 1 1
2 P_7 417 417 0 0 0 1 1 1
2 P_7 418 418 0.215902 0.313953488372093 0.396329 1 1 1
2 P_7 419 419 0.2000725 0.28846153846153844 0.368936 1 1 1
2 P_7 420 420 0.226133 0.32222222222222224 0.4013325 1 1 1
3 P_5 0 0 0 0 0 1 1 1
3 P_5 1 1 0.5 0.5 0.5 1 1 1
3 P_5 2 2 0 0 0 1 1 1
3 P_5 3 3 0 0 0 1 1 1
3 P_5 4 4 0 0 0 1 1 1
3 P_5 5 5 0 0 0 1 1 1
3 P_5 6 6 0 0 0 1 1 1
3 P_5 7 7 0.02534185 0.0673076923076923 0.1466735 1 1 1
3 P_5 8 8 0 0 0 1 1 1
3 P_5 9 9 0 0 0 1 1 1
3 P_5 10 10 0 0 0 1 1 1
3 P_5 11 11 0 0 0 1 1 1
3 P_5 12 12 0 0 0 1 1 1
3 P_5 13 13 0 0 0 1 1 1
3 P_5 14 14 0.04316945 0.09615384615384616 0.1807095 1 1 1
3 P_5 15 15 0 0 0 1 1 1
3 P_5 16 16 0 0 0 1 1 1
3 P_5 17 17 0.5 0.5 0.5 1 1 1
3 P_5 18 18 0.01998355 0.057692307692307696 0.1347175 1 1 1
3 P_5 19 19 0 0 0 1 1 1
3 P_5 20 20 0.3454465 0.42857142857142855 0.473063 1 1 1
3 P_5 21 21 0.337532 0.42857142857142855 0.475133 1 1 1
3 P_5 22 22 0.3495305 0.421875 0.4651915 1 1 1
3 P_5 23 23 0.3526915 0.43617021276595747 0.477841 1 1 1
3 P_5 24 24 0.0216869 0.0625 0.144607 1 1 1
3 P_5 25 25 0.346977 0.43333333333333335 0.4768315 1 1 1
3 P_5 26 26 0.056241 0.109375 0.186299 1 1 1
3 P_5 27 27 0 0 0 1 1 1
3 P_5 28 28 0 0 0 1 1 1
3 P_5 29 29 0.5 0.5 0.5 1 1 1
3 P_5 30 30 0 0 0 1 1 1
3 P_5 31 31 0 0 0 1 1 1
3 P_5 32 32 0 0 0 1 1 1
3 P_5 33 33 0.292839 0.39473684210526316 0.457048 1 1 1
3 P_5 34 34 0 0 0 1 1 1
3 P_5 35 35 0 0 0 1 1 1
3 P_5 36 36 0.018872 0.05454545454545454 0.1281395 1 1 1
3 P_5 37 37 0.4004785 0.47 0.493254 1 1 1
3 P_5 38 38 0 0 0 1 1 1
3 P_5 39 39 0 0 0 1 1 1
3 P_5 40 40 0 0 0 1 1 1
3 P_5 41 41 0 0 0 1 1 1
3 P_5 42 42 0 0 0 1 1 1
3 P_5 43 43 0 0 0 1 1 1
3 P_5 44 44 0 0 0 1 1 1
3 P_5 45 45 0 0 0 1 1 1
3 P_5 46 46 0 0 0 1 1 1
3 P_5 47 47 0 0 0 1 1 1
3 P_5 48 48 0.398724 0.47560975609756095 0.495896 1 1 1
3 P_5 49 49 0 0 0 1 1 1
3 P_5 50 50 0 0 0 1 1 1
3 P_5 51 51 0 0 0 1 1 1
3 P_5 52 52 0.3605115 0.44 0.4791995 1 1 1
3 P_5 53 53 0 0 0 1 1 1
3 P_5 54 54 0 0 0 1 1 1
3 P_5 55 55 0 0 0 1 1 1
3 P_5 56 56 0 0 0 1 1 1
3 P_5 57 57 0.051052 0.10526315789473684 0.18676 1 1 1
3 P_5 58 58 0.03009435 0.07954545454545454 0.16973 1 1 1
3 P_5 59 59 0 0 0 1 1 1
3 P_5 60 60 0 0 0 1 1 1
3 P_5 61 61 0.5 0.5 0.5 1 1 1
3 P_5 62 62 0 0 0 1 1 1
3 P_5 63 63 0.3675485 0.44339622641509435 0.480401 1 1 1
3 P_5 64 64 0.5 0.5 0.5 1 1 1
3 P_5 65 65 0.5 0.5 0.5 1 1 1
3 P_5 66 66 0.5 0.5 0.5 1 1 1
3 P_5 67 67 0.5 0.5 0.5 1 1 1
3 P_5 68 68 0 0 0 1 1 1
3 P_5 69 69 0 0 0 1 1 1
3 P_5 70 70 0 0 0 1 1 1
3 P_5 71 71 0.3548115 0.4274193548387097 0.4691715 1 1 1
3 P_5 72 72 0 0 0 1 1 1
3 P_5 73 73 0 0 0 1 1 1
3 P_5 74 74 0 0 0 1 1 1
3 P_5 75 75 0 0 0 1 1 1
3 P_5 76 76 0 0 0 1 1 1
3 P_5 77 77 0 0 0 1 1 1
3 P_5 78 78 0.0177755 0.056818181818181816 0.141884 1 1 1
3 P_5 79 79 0.04295185 0.10526315789473684 0.207161 1 1 1
3 P_5 80 80 0.380095 0.4574468085106383 0.488413 1 1 1
3 P_5 81 81 0.398647 0.46938775510204084 0.493116 1 1 1
3 P_5 82 82 0.5 0.5 0.5 1 1 1
3 P_5 83 83 0.5 0.5 0.5 1 1 1
3 P_5 84 84 0.355393 0.4375 0.478313 1 1 1
3 P_5 85 85 0.301558 0.4 0.4592875 1 1 1
3 P_5 86 86 0 0 0 1 1 1
3 P_5 87 87 0.0248671 0.07142857142857142 0.162468 1 1 1
3 P_5 88 88 0 0 0 1 1 1
3 P_5 89 89 0.31754 0.4 0.4532335 1 1 1
3 P_5 90 90 0.3581515 0.4351851851851852 0.4756205 1 1 1
3 P_5 91 91 0 0 0 1 1 1
3 P_5 92 92 0 0 0 1 1 1
3 P_5 93 93 0.3271055 0.4148936170212766 0.4655665 1 1 1
3 P_5 94 94 0.2655735 0.35714285714285715 0.4254395 1 1 1
3 P_5 95 95 0.03229925 0.08 0.163832 1 1 1
3 P_5 96 96 0 0 0 1 1 1
3 P_5 97 97 0 0 0 1 1 1
3 P_5 98 98 0 0 0 1 1 1
3 P_5 99 99 0.400881 0.47619047619047616 0.495993 1 1 1
3 P_5 100 100 0.375902 0.4473684210526316 0.481803 1 1 1
3 P_5 101 101 0.5 0.5 0.5 1 1 1
3 P_5 102 102 0.0113428 0.041666666666666664 0.1176745 1 1 1
3 P_5 103 103 0 0 0 1 1 1
3 P_5 104 104 0 0 0 1 1 1
3 P_5 105 105 0 0 0 1 1 1
3 P_5 106 106 0 0 0 1 1 1
3 P_5 107 107 0.5 0.5 0.5 1 1 1
3 P_5 108 108 0 0 0 1 1 1
3 P_5 109 109 0.5 0.5 0.5 1 1 1
3 P_5 110 110 0.5 0.5 0.5 1 1 1
3 P_5 111 111 0 0 0 1 1 1
3 P_5 112 112 0 0 0 1 1 1
3 P_5 113 113 0.0136408 0.05 0.138225 1 1 1
3 P_5 114 114 0 0 0 1 1 1
3 P_5 115 115 0 0 0 1 1 1
3 P_5 116 116 0 0 0 1 1 1
3 P_5 117 117 0 0 0 1 1 1
3 P_5 118 118 0.3605115 0.44 0.4791995 1 1 1
3 P_5 119 119 0 0 0 1 1 1
3 P_5 120 120 0 0 0 1 1 1
3 P_5 121 121 0 0 0 1 1 1
3 P_5 122 122 0 0 0 1 1 1
3 P_5 123 123 0.3073475 0.39090909090909093 0.447003 1 1 1
3 P_5 124 124 0 0 0 1 1 1
3 P_5 125 125 0 0 0 1 1 1
3 P_5 126 126 0.3341225 0.4268292682926829 0.47451 1 1 1
3 P_5 127 127 0 0 0 1 1 1
3 P_5 128 128 0 0 0 1 1 1
3 P_5 129 129 0.01342505 0.04310344827586207 0.110905 1 1 1
3 P_5 130 130 0 0 0 1 1 1
3 P_5 131 131 0 0 0 1 1 1
3 P_5 132 132 0 0 0 1 1 1
3 P_5 133 133 0 0 0 1 1 1
3 P_5 134 134 0 0 0 1 1 1
3 P_5 135 135 0 0 0 1 1 1
3 P_5 136 136 0 0 0 1 1 1
3 P_5 137 137 0 0 0 1 1 1
3 P_5 138 138 0.5 0.5 0.5 1 1 1
3 P_5 139 139 0.2831555 0.38095238095238093 0.4460125 1 1 1
3 P_5 140 140 0 0 0 1 1 1
3 P_5 141 141 0.5 0.5 0.5 1 1 1
3 P_5 142 142 0 0 0 1 1 1
3 P_5 143 143 0 0 0 1 1 1
3 P_5 144 144 0 0 0 1 1 1
3 P_5 145 145 0.368592 0.4479166666666667 0.483731 1 1 1
3 P_5 146 146 0 0 0 1 1 1
3 P_5 147 147 0 0 0 1 1 1
3 P_5 148 148 0 0 0 1 1 1
3 P_5 149 149 0.3526915 0.43617021276595747 0.477841 1 1 1
3 P_5 150 150 0.5 0.5 0.5 1 1 1
3 P_5 151 151 0.5 0.5 0.5 1 1 1
3 P_5 152 152 0.3169965 0.4090909090909091 0.46313 1 1 1
3 P_5 153 153 0 0 0 1 1 1
3 P_5 154 154 0 0 0 1 1 1
3 P_5 155 155 0.5 0.5 0.5 1 1 1
3 P_5 156 156 0.061156 0.125 0.216501 1 1 1
3 P_5 157 157 0.02588515 0.06451612903225806 0.1353795 1 1 1
3 P_5 158 158 0.0399685 0.08928571428571429 0.169378 1 1 1
3 P_5 159 159 0 0 0 1 1 1
3 P_5 160 160 0.0175691 0.05084745762711865 0.1203025 1 1 1
3 P_5 161 161 0.5 0.5 0.5 1 1 1
3 P_5 162 162 0 0 0 1 1 1
3 P_5 163 163 0.003740645 0.022222222222222223 0.0931635 1 1 1
3 P_5 164 164 0 0 0 1 1 1
3 P_5 165 165 0 0 0 1 1 1
3 P_5 166 166 0 0 0 1 1 1
3 P_5 167 167 0 0 0 1 1 1
3 P_5 168 168 0 0 0 1 1 1
3 P_5 169 169 0 0 0 1 1 1
3 P_5 170 170 0 0 0 1 1 1
3 P_5 171 171 0.5 0.5 0.5 1 1 1
3 P_5 172 172 0.3222615 0.4056603773584906 0.457678 1 1 1
3 P_5 173 173 0.5 0.5 0.5 1 1 1
3 P_5 174 174 0 0 0 1 1 1
3 P_5 175 175 0 0 0 1 1 1
3 P_5 176 176 0.339843 0.4482758620689655 0.488335 1 1 1
3 P_5 177 177 0 0 0 1 1 1
3 P_5 178 178 0.0365792 0.08196721311475409 0.1570485 1 1 1
3 P_5 179 179 0 0 0 1 1 1
3 P_5 180 180 0 0 0 1 1 1
3 P_5 181 181 0.0415072 0.09259259259259259 0.1748625 1 1 1
3 P_5 182 182 0.368592 0.4479166666666667 0.483731 1 1 1
3 P_5 183 183 0.368592 0.4479166666666667 0.483731 1 1 1
3 P_5 184 184 0 0 0 1 1 1
3 P_5 185 185 0.5 0.5 0.5 1 1 1
3 P_5 186 186 0 0 0 1 1 1
3 P_5 187 187 0 0 0 1 1 1
3 P_5 188 188 0.01560765 0.05 0.126726 1 1 1
3 P_5 189 189 0 0 0 1 1 1
3 P_5 190 190 0.0539305 0.11458333333333333 0.205186 1 1 1
3 P_5 191 191 0.3498885 0.43478260869565216 0.4773475 1 1 1
3 P_5 192 192 0.336168 0.42 0.4677005 1 1 1
3 P_5 193 193 0 0 0 1 1 1
3 P_5 194 194 0 0 0 1 1 1
3 P_5 195 195 0.3498885 0.43478260869565216 0.4773475 1 1 1
3 P_5 196 196 0 0 0 1 1 1
3 P_5 197 197 0 0 0 1 1 1
3 P_5 198 198 0.01910235 0.06097560975609756 0.150896 1 1 1
3 P_5 199 199 0 0 0 1 1 1
3 P_5 200 200 0.3811635 0.4634146341463415 0.491766 1 1 1
3 P_5 201 201 0.5 0.5 0.5 1 1 1
3 P_5 202 202 0.5 0.5 0.5 1 1 1
3 P_5 203 203 0 0 0 1 1 1
3 P_5 204 204 0 0 0 1 1 1
3 P_5 205 205 0 0 0 1 1 1
3 P_5 206 206 0 0 0 1 1 1
3 P_5 207 207 0 0 0 1 1 1
3 P_5 208 208 0 0 0 1 1 1
3 P_5 209 209 0 0 0 1 1 1
3 P_5 210 210 0 0 0 1 1 1
3 P_5 211 211 0.386547 0.46 0.4891155 1 1 1
3 P_5 212 212 0 0 0 1 1 1
3 P_5 213 213 0 0 0 1 1 1
3 P_5 214 214 0 0 0 1 1 1
3 P_5 215 215 0 0 0 1 1 1
3 P_5 216 216 0 0 0 1 1 1
3 P_5 217 217 0 0 0 1 1 1
3 P_5 218 218 0.5 0.5 0.5 1 1 1
3 P_5 219 219 0.02890815 0.06818181818181818 0.1372635 1 1 1
3 P_5 220 220 0.01910235 0.06097560975609756 0.150896 1 1 1
3 P_5 221 221 0 0 0 1 1 1
3 P_5 222 222 0.311375 0.40217391304347827 0.458006 1 1 1
3 P_5 223 223 0 0 0 1 1 1
3 P_5 224 224 0.0237081 0.06818181818181818 0.156048 1 1 1
3 P_5 225 225 0 0 0 1 1 1
3 P_5 226 226 0 0 0 1 1 1
3 P_5 227 227 0 0 0 1 1 1
3 P_5 228 228 0.398647 0.46938775510204084 0.493116 1 1 1
3 P_5 229 229 0.5 0.5 0.5 1 1 1
3 P_5 230 230 0.5 0.5 0.5 1 1 1
3 P_5 231 231 0.03536875 0.0763888888888889 0.143649 1 1 1
3 P_5 232 232 0.0234878 0.0625 0.1373285 1 1 1
3 P_5 233 233 0 0 0 1 1 1
3 P_5 234 234 0 0 0 1 1 1
3 P_5 235 235 0 0 0 1 1 1
3 P_5 236 236 0 0 0 1 1 1
3 P_5 237 237 0.00317766 0.018867924528301886 0.080291 1 1 1
3 P_5 238 238 0 0 0 1 1 1
3 P_5 239 239 0 0 0 1 1 1
3 P_5 240 240 0 0 0 1 1 1
3 P_5 241 241 0.03502315 0.09210526315789473 0.1923305 1 1 1
3 P_5 242 242 0 0 0 1 1 1
3 P_5 243 243 0.298395 0.3877551020408163 0.447225 1 1 1
3 P_5 244 244 0.0272371 0.06779661016949153 0.141531 1 1 1
3 P_5 245 245 0 0 0 1 1 1
3 P_5 246 246 0 0 0 1 1 1
3 P_5 247 247 0.2837775 0.3939393939393939 0.459437 1 1 1
3 P_5 248 248 0 0 0 1 1 1
3 P_5 249 249 0 0 0 1 1 1
3 P_5 250 250 0 0 0 1 1 1
3 P_5 251 251 0 0 0 1 1 1
3 P_5 252 252 0 0 0 1 1 1
3 P_5 253 253 0.3485785 0.4444444444444444 0.4848215 1 1 1
3 P_5 254 254 0.0502105 0.1111111111111111 0.2045995 1 1 1
3 P_5 255 255 0 0 0 1 1 1
3 P_5 256 256 0.5 0.5 0.5 1 1 1
3 P_5 257 257 0 0 0 1 1 1
3 P_5 258 258 0 0 0 1 1 1
3 P_5 259 259 0 0 0 1 1 1
3 P_5 260 260 0.058284 0.11607142857142858 0.1995385 1 1 1
3 P_5 261 261 0.0352088 0.08695652173913043 0.1761395 1 1 1
3 P_5 262 262 0 0 0 1 1 1
3 P_5 263 263 0 0 0 1 1 1
3 P_5 264 264 0 0 0 1 1 1
3 P_5 265 265 0 0 0 1 1 1
3 P_5 266 266 0 0 0 1 1 1
3 P_5 267 267 0.3533265 0.4326923076923077 0.474658 1 1 1
3 P_5 268 268 0.345924 0.4224137931034483 0.466977 1 1 1
3 P_5 269 269 0.0248671 0.07142857142857142 0.162468 1 1 1
3 P_5 270 270 0 0 0 1 1 1
3 P_5 271 271 0 0 0 1 1 1
3 P_5 272 272 0.5 0.5 0.5 1 1 1
3 P_5 273 273 0 0 0 1 1 1
3 P_5 274 274 0 0 0 1 1 1
3 P_5 275 275 0.5 0.5 0.5 1 1 1
3 P_5 276 276 0 0 0 1 1 1
3 P_5 277 277 0 0 0 1 1 1
3 P_5 278 278 0 0 0 1 1 1
3 P_5 279 279 0 0 0 1 1 1
3 P_5 280 280 0.5 0.5 0.5 1 1 1
3 P_5 281 281 0.03229925 0.08 0.163832 1 1 1
3 P_5 282 282 0.0348853 0.08181818181818182 0.1614825 1 1 1
3 P_5 283 283 0.3187875 0.3983050847457627 0.4507545 1 1 1
3 P_5 284 284 0 0 0 1 1 1
3 P_5 285 285 0.357998 0.4387755102040816 0.4787655 1 1 1
3 P_5 286 286 0 0 0 1 1 1
3 P_5 287 287 0 0 0 1 1 1
3 P_5 288 288 0.4153205 0.48 0.4966325 1 1 1
3 P_5 289 289 0 0 0 1 1 1
3 P_5 290 290 0 0 0 1 1 1
3 P_5 291 291 0 0 0 1 1 1
3 P_5 292 292 0 0 0 1 1 1
3 P_5 293 293 0 0 0 1 1 1
3 P_5 294 294 0 0 0 1 1 1
3 P_5 295 295 0.0672525 0.12962962962962962 0.2158925 1 1 1
3 P_5 296 296 0.5 0.5 0.5 1 1 1
3 P_5 297 297 0 0 0 1 1 1
3 P_5 298 298 0 0 0 1 1 1
3 P_5 299 299 0 0 0 1 1 1
3 P_5 300 300 0.03298055 0.08163265306122448 0.166747 1 1 1
3 P_5 301 301 0.5 0.5 0.5 1 1 1
3 P_5 302 302 0 0 0 1 1 1
3 P_5 303 303 0.5 0.5 0.5 1 1 1
3 P_5 304 304 0 0 0 1 1 1
3 P_5 305 305 0 0 0 1 1 1
3 P_5 306 306 0 0 0 1 1 1
3 P_5 307 307 0.04271635 0.09166666666666666 0.16905 1 1 1
3 P_5 308 308 0 0 0 1 1 1
3 P_5 309 309 0 0 0 1 1 1
3 P_5 310 310 0.03302275 0.07758620689655173 0.154076 1 1 1
3 P_5 311 311 0 0 0 1 1 1
3 P_5 312 312 0 0 0 1 1 1
3 P_5 313 313 0 0 0 1 1 1
3 P_5 314 314 0 0 0 1 1 1
3 P_5 315 315 0 0 0 1 1 1
3 P_5 316 316 0 0 0 1 1 1
3 P_5 317 317 0 0 0 1 1 1
3 P_5 318 318 0 0 0 1 1 1
3 P_5 319 319 0 0 0 1 1 1
3 P_5 320 320 0 0 0 1 1 1
3 P_5 321 321 0 0 0 1 1 1
3 P_5 322 322 0 0 0 1 1 1
3 P_5 323 323 0 0 0 1 1 1
3 P_5 324 324 0.343531 0.42105263157894735 0.466379 1 1 1
3 P_5 325 325 0 0 0 1 1 1
3 P_5 326 326 0.03932235 0.09183673469387756 0.17863 1 1 1
3 P_5 327 327 0.0336211 0.07894736842105263 0.156469 1 1 1
3 P_5 328 328 0 0 0 1 1 1
3 P_5 329 329 0.5 0.5 0.5 1 1 1
3 P_5 330 330 0 0 0 1 1 1
3 P_5 331 331 0 0 0 1 1 1
3 P_5 332 332 0 0 0 1 1 1
3 P_5 333 333 0 0 0 1 1 1
3 P_5 334 334 0 0 0 1 1 1
3 P_5 335 335 0 0 0 1 1 1
3 P_5 336 336 0 0 0 1 1 1
3 P_5 337 337 0 0 0 1 1 1
3 P_5 338 338 0 0 0 1 1 1
3 P_5 339 339 0 0 0 1 1 1
3 P_5 340 340 0 0 0 1 1 1
3 P_5 341 341 0 0 0 1 1 1
3 P_5 342 342 0.0336211 0.07894736842105263 0.156469 1 1 1
3 P_5 343 343 0 0 0 1 1 1
3 P_5 344 344 0 0 0 1 1 1
3 P_5 345 345 0.367553 0.4523809523809524 0.487017 1 1 1
3 P_5 346 346 0 0 0 1 1 1
3 P_5 347 347 0.052775 0.11224489795918367 0.201605 1 1 1
3 P_5 348 348 0 0 0 1 1 1
3 P_5 349 349 0.0454526 0.1111111111111111 0.2166625 1 1 1
3 P_5 350 350 0 0 0 1 1 1
3 P_5 351 351 0.5 0.5 0.5 1 1 1
3 P_5 352 352 0 0 0 1 1 1
3 P_5 353 353 0 0 0 1 1 1
3 P_5 354 354 0.016269 0.052083333333333336 0.131408 1 1 1
3 P_5 355 355 0 0 0 1 1 1
3 P_5 356 356 0.3635535 0.44565217391304346 0.483011 1 1 1
3 P_5 357 357 0 0 0 1 1 1
3 P_5 358 358 0 0 0 1 1 1
3 P_5 359 359 0 0 0 1 1 1
3 P_5 360 360 0 0 0 1 1 1
3 P_5 361 361 0 0 0 1 1 1
3 P_5 362 362 0 0 0 1 1 1
3 P_5 363 363 0 0 0 1 1 1
3 P_5 364 364 0 0 0 1 1 1
3 P_5 365 365 0.3776355 0.4519230769230769 0.485002 1 1 1
3 P_5 366 366 0.337532 0.42857142857142855 0.475133 1 1 1
3 P_5 367 367 0.0248671 0.07142857142857142 0.162468 1 1 1
3 P_5 368 368 0 0 0 1 1 1
3 P_5 369 369 0.5 0.5 0.5 1 1 1
3 P_5 370 370 0.0171078 0.0625 0.16737 1 1 1
3 P_5 371 371 0 0 0 1 1 1
3 P_5 372 372 0 0 0 1 1 1
3 P_5 373 373 0.320493 0.4111111111111111 0.46398 1 1 1
3 P_5 374 374 0 0 0 1 1 1
3 P_5 375 375 0 0 0 1 1 1
3 P_5 376 376 0.0086583 0.038461538461538464 0.124186 1 1 1
3 P_5 377 377 0 0 0 1 1 1
3 P_5 378 378 0.02821975 0.07017543859649122 0.1459505 1 1 1
3 P_5 379 379 0.4004785 0.47 0.493254 1 1 1
3 P_5 380 380 0.02265245 0.06521739130434782 0.1501115 1 1 1
3 P_5 381 381 0.2559645 0.358974358974359 0.4328215 1 1 1
3 P_5 382 382 0 0 0 1 1 1
3 P_5 383 383 0.0269368 0.07142857142857142 0.1545535 1 1 1
3 P_5 384 384 0.37151 0.43661971830985913 0.47318 1 1 1
3 P_5 385 385 0 0 0 1 1 1
3 P_5 386 386 0.355233 0.4418604651162791 0.481803 1 1 1
3 P_5 387 387 0.323342 0.4166666666666667 0.468425 1 1 1
3 P_5 388 388 0.3533265 0.4326923076923077 0.474658 1 1 1
3 P_5 389 389 0 0 0 1 1 1
3 P_5 390 390 0 0 0 1 1 1
3 P_5 391 391 0.313363 0.4069767441860465 0.462239 1 1 1
3 P_5 392 392 0 0 0 1 1 1
3 P_5 393 393 0 0 0 1 1 1
3 P_5 394 394 0 0 0 1 1 1
3 P_5 395 395 0 0 0 1 1 1
3 P_5 396 396 0.03320975 0.0875 0.1841665 1 1 1
3 P_5 397 397 0 0 0 1 1 1
3 P_5 398 398 0 0 0 1 1 1
3 P_5 399 399 0.5 0.5 0.5 1 1 1
3 P_5 400 400 0.0212344 0.061224489795918366 0.142002 1 1 1
3 P_5 401 401 0 0 0 1 1 1
3 P_5 402 402 0 0 0 1 1 1
3 P_5 403 403 0 0 0 1 1 1
3 P_5 404 404 0 0 0 1 1 1
3 P_5 405 405 0.004546135 0.02702702702702703 0.110929 1 1 1
3 P_5 406 406 0.5 0.5 0.5 1 1 1
3 P_5 407 407 0 0 0 1 1 1
3 P_5 408 408 0.5 0.5 0.5 1 1 1
3 P_5 409 409 0 0 0 1 1 1
3 P_5 410 410 0.0095359 0.03508771929824561 0.1007885 1 1 1
3 P_5 411 411 0 0 0 1 1 1
3 P_5 412 412 0.01529675 0.049019607843137254 0.1245075 1 1 1
3 P_5 413 413 0 0 0 1 1 1
3 P_5 414 414 0 0 0 1 1 1
3 P_5 415 415 0 0 0 1 1 1
3 P_5 416 416 0 0 0 1 1 1
3 P_5 417 417 0 0 0 1 1 1
3 P_5 418 418 0 0 0 1 1 1
3 P_5 419 419 0 0 0 1 1 1
3 P_5 420 420 0 0 0 1 1 1
4 P_1 0 0 0 0 0 1 1 1
4 P_1 1 1 0.5 0.5 0.5 1 1 1
4 P_1 2 2 0.02614545 0.075 0.169432 1 1 1
4 P_1 3 3 0 0 0 1 1 1
4 P_1 4 4 0 0 0 1 1 1
4 P_1 5 5 0 0 0 1 1 1
4 P_1 6 6 0 0 0 1 1 1
4 P_1 7 7 0 0 0 1 1 1
4 P_1 8 8 0.2641335 0.358695652173913 0.4282345 1 1 1
4 P_1 9 9 0.3268745 0.4186046511627907 0.469183 1 1 1
4 P_1 10 10 0.03101795 0.07692307692307693 0.158295 1 1 1
4 P_1 11 11 0 0 0 1 1 1
4 P_1 12 12 0 0 0 1 1 1
4 P_1 13 13 0.327923 0.4090909090909091 0.4592765 1 1 1
4 P_1 14 14 0 0 0 1 1 1
4 P_1 15 15 0.308437 0.3942307692307692 0.450411 1 1 1
4 P_1 16 16 0 0 0 1 1 1
4 P_1 17 17 0.5 0.5 0.5 1 1 1
4 P_1 18 18 0.3093075 0.3898305084745763 0.4448225 1 1 1
4 P_1 19 19 0 0 0 1 1 1
4 P_1 20 20 0 0 0 1 1 1
4 P_1 21 21 0 0 0 1 1 1
4 P_1 22 22 0 0 0 1 1 1
4 P_1 23 23 0 0 0 1 1 1
4 P_1 24 24 0 0 0 1 1 1
4 P_1 25 25 0 0 0 1 1 1
4 P_1 26 26 0 0 0 1 1 1
4 P_1 27 27 0.051052 0.10526315789473684 0.18676 1 1 1
4 P_1 28 28 0 0 0 1 1 1
4 P_1 29 29 0.5 0.5 0.5 1 1 1
4 P_1 30 30 0 0 0 1 1 1
4 P_1 31 31 0.04296735 0.1 0.192206 1 1 1
4 P_1 32 32 0 0 0 1 1 1
4 P_1 33 33 0 0 0 1 1 1
4 P_1 34 34 0 0 0 1 1 1
4 P_1 35 35 0.328426 0.4067796610169492 0.456531 1 1 1
4 P_1 36 36 0 0 0 1 1 1
4 P_1 37 37 0 0 0 1 1 1
4 P_1 38 38 0 0 0 1 1 1
4 P_1 39 39 0.306359 0.3958333333333333 0.4530705 1 1 1
4 P_1 40 40 0 0 0 1 1 1
4 P_1 41 41 0 0 0 1 1 1
4 P_1 42 42 0 0 0 1 1 1
4 P_1 43 43 0.0342415 0.08035714285714286 0.1589365 1 1 1
4 P_1 44 44 0 0 0 1 1 1
4 P_1 45 45 0 0 0 1 1 1
4 P_1 46 46 0.064717 0.125 0.2092585 1 1 1
4 P_1 47 47 0 0 0 1 1 1
4 P_1 48 48 0 0 0 1 1 1
4 P_1 49 49 0 0 0 1 1 1
4 P_1 50 50 0.299186 0.391304347826087 0.450933 1 1 1
4 P_1 51 51 0 0 0 1 1 1
4 P_1 52 52 0 0 0 1 1 1
4 P_1 53 53 0.282252 0.3629032258064516 0.4238595 1 1 1
4 P_1 54 54 0.287254 0.37755102040816324 0.4401605 1 1 1
4 P_1 55 55 0 0 0 1 1 1
4 P_1 56 56 0 0 0 1 1 1
4 P_1 57 57 0 0 0 1 1 1
4 P_1 58 58 0.313363 0.4069767441860465 0.462239 1 1 1
4 P_1 59 59 0 0 0 1 1 1
4 P_1 60 60 0 0 0 1 1 1
4 P_1 61 61 0.5 0.5 0.5 1 1 1
4 P_1 62 62 0 0 0 1 1 1
4 P_1 63 63 0 0 0 1 1 1
4 P_1 64 64 0.5 0.5 0.5 1 1 1
4 P_1 65 65 0.5 0.5 0.5 1 1 1
4 P_1 66 66 0.5 0.5 0.5 1 1 1
4 P_1 67 67 0.5 0.5 0.5 1 1 1
4 P_1 68 68 0 0 0 1 1 1
4 P_1 69 69 0 0 0 1 1 1
4 P_1 70 70 0 0 0 1 1 1
4 P_1 71 71 0.03425595 0.07692307692307693 0.1483965 1 1 1
4 P_1 72 72 0 0 0 1 1 1
4 P_1 73 73 0.04907715 0.09848484848484848 0.1727825 1 1 1
4 P_1 74 74 0 0 0 1 1 1
4 P_1 75 75 0 0 0 1 1 1
4 P_1 76 76 0 0 0 1 1 1
4 P_1 77 77 0 0 0 1 1 1
4 P_1 78 78 0.346883 0.42592592592592593 0.4701655 1 1 1
4 P_1 79 79 0 0 0 1 1 1
4 P_1 80 80 0.03443325 0.0851063829787234 0.1728945 1 1 1
4 P_1 81 81 0.0090551 0.03333333333333333 0.0961845 1 1 1
4 P_1 82 82 0.5 0.5 0.5 1 1 1
4 P_1 83 83 0.5 0.5 0.5 1 1 1
4 P_1 84 84 0.0304147 0.07547169811320754 0.1556635 1 1 1
4 P_1 85 85 0.05621 0.11538461538461539 0.20221 1 1 1
4 P_1 86 86 0.32137 0.40816326530612246 0.4606775 1 1 1
4 P_1 87 87 0.306359 0.3958333333333333 0.4530705 1 1 1
4 P_1 88 88 0 0 0 1 1 1
4 P_1 89 89 0 0 0 1 1 1
4 P_1 90 90 0 0 0 1 1 1
4 P_1 91 91 0.230016 0.3333333333333333 0.414334 1 1 1
4 P_1 92 92 0 0 0 1 1 1
4 P_1 93 93 0 0 0 1 1 1
4 P_1 94 94 0 0 0 1 1 1
4 P_1 95 95 0 0 0 1 1 1
4 P_1 96 96 0 0 0 1 1 1
4 P_1 97 97 0 0 0 1 1 1
4 P_1 98 98 0 0 0 1 1 1
4 P_1 99 99 0.0407126 0.1 0.198442 1 1 1
4 P_1 100 100 0 0 0 1 1 1
4 P_1 101 101 0.5 0.5 0.5 1 1 1
4 P_1 102 102 0 0 0 1 1 1
4 P_1 103 103 0 0 0 1 1 1
4 P_1 104 104 0 0 0 1 1 1
4 P_1 105 105 0 0 0 1 1 1
4 P_1 106 106 0 0 0 1 1 1
4 P_1 107 107 0.5 0.5 0.5 1 1 1
4 P_1 108 108 0 0 0 1 1 1
4 P_1 109 109 0.5 0.5 0.5 1 1 1
4 P_1 110 110 0.5 0.5 0.5 1 1 1
4 P_1 111 111 0.2748635 0.37209302325581395 0.4394375 1 1 1
4 P_1 112 112 0 0 0 1 1 1
4 P_1 113 113 0 0 0 1 1 1
4 P_1 114 114 0 0 0 1 1 1
4 P_1 115 115 0 0 0 1 1 1
4 P_1 116 116 0 0 0 1 1 1
4 P_1 117 117 0.0479743 0.10638297872340426 0.197163 1 1 1
4 P_1 118 118 0.03157525 0.08333333333333333 0.176658 1 1 1
4 P_1 119 119 0 0 0 1 1 1
4 P_1 120 120 0 0 0 1 1 1
4 P_1 121 121 0.268336 0.3617021276595745 0.4298585 1 1 1
4 P_1 122 122 0 0 0 1 1 1
4 P_1 123 123 0 0 0 1 1 1
4 P_1 124 124 0 0 0 1 1 1
4 P_1 125 125 0.0369709 0.08653846153846154 0.169629 1 1 1
4 P_1 126 126 0 0 0 1 1 1
4 P_1 127 127 0.330371 0.41346153846153844 0.463029 1 1 1
4 P_1 128 128 0.313045 0.4 0.455029 1 1 1
4 P_1 129 129 0.314602 0.39814814814814814 0.452329 1 1 1
4 P_1 130 130 0 0 0 1 1 1
4 P_1 131 131 0 0 0 1 1 1
4 P_1 132 132 0 0 0 1 1 1
4 P_1 133 133 0 0 0 1 1 1
4 P_1 134 134 0.2873315 0.375 0.4369835 1 1 1
4 P_1 135 135 0 0 0 1 1 1
4 P_1 136 136 0 0 0 1 1 1
4 P_1 137 137 0.2742685 0.3611111111111111 0.4258995 1 1 1
4 P_1 138 138 0.5 0.5 0.5 1 1 1
4 P_1 139 139 0 0 0 1 1 1
4 P_1 140 140 0 0 0 1 1 1
4 P_1 141 141 0.5 0.5 0.5 1 1 1
4 P_1 142 142 0.3533265 0.4326923076923077 0.474658 1 1 1
4 P_1 143 143 0 0 0 1 1 1
4 P_1 144 144 0 0 0 1 1 1
4 P_1 145 145 0 0 0 1 1 1
4 P_1 146 146 0 0 0 1 1 1
4 P_1 147 147 0 0 0 1 1 1
4 P_1 148 148 0.308437 0.3942307692307692 0.450411 1 1 1
4 P_1 149 149 0 0 0 1 1 1
4 P_1 150 150 0.5 0.5 0.5 1 1 1
4 P_1 151 151 0.5 0.5 0.5 1 1 1
4 P_1 152 152 0.0377228 0.08823529411764706 0.172528 1 1 1
4 P_1 153 153 0.0368699 0.09090909090909091 0.1830035 1 1 1
4 P_1 154 154 0.314827 0.40425531914893614 0.458936 1 1 1
4 P_1 155 155 0.5 0.5 0.5 1 1 1
4 P_1 156 156 0.2723955 0.3645833333333333 0.43141 1 1 1
4 P_1 157 157 0 0 0 1 1 1
4 P_1 158 158 0 0 0 1 1 1
4 P_1 159 159 0 0 0 1 1 1
4 P_1 160 160 0 0 0 1 1 1
4 P_1 161 161 0.5 0.5 0.5 1 1 1
4 P_1 162 162 0 0 0 1 1 1
4 P_1 163 163 0 0 0 1 1 1
4 P_1 164 164 0 0 0 1 1 1
4 P_1 165 165 0 0 0 1 1 1
4 P_1 166 166 0.360448 0.43636363636363634 0.4760745 1 1 1
4 P_1 167 167 0 0 0 1 1 1
4 P_1 168 168 0.0068842 0.030612244897959183 0.101353 1 1 1
4 P_1 169 169 0.04617915 0.10714285714285714 0.203797 1 1 1
4 P_1 170 170 0 0 0 1 1 1
4 P_1 171 171 0.5 0.5 0.5 1 1 1
4 P_1 172 172 0 0 0 1 1 1
4 P_1 173 173 0.5 0.5 0.5 1 1 1
4 P_1 174 174 0.3675485 0.44339622641509435 0.480401 1 1 1
4 P_1 175 175 0 0 0 1 1 1
4 P_1 176 176 0 0 0 1 1 1
4 P_1 177 177 0 0 0 1 1 1
4 P_1 178 178 0.2907705 0.37735849056603776 0.4382375 1 1 1
4 P_1 179 179 0 0 0 1 1 1
4 P_1 180 180 0.2907415 0.375 0.435283 1 1 1
4 P_1 181 181 0.311569 0.39622641509433965 0.451389 1 1 1
4 P_1 182 182 0 0 0 1 1 1
4 P_1 183 183 0 0 0 1 1 1
4 P_1 184 184 0 0 0 1 1 1
4 P_1 185 185 0.5 0.5 0.5 1 1 1
4 P_1 186 186 0 0 0 1 1 1
4 P_1 187 187 0.3056525 0.4024390243902439 0.4603215 1 1 1
4 P_1 188 188 0.3271055 0.4148936170212766 0.4655665 1 1 1
4 P_1 189 189 0 0 0 1 1 1
4 P_1 190 190 0 0 0 1 1 1
4 P_1 191 191 0 0 0 1 1 1
4 P_1 192 192 0 0 0 1 1 1
4 P_1 193 193 0 0 0 1 1 1
4 P_1 194 194 0 0 0 1 1 1
4 P_1 195 195 0 0 0 1 1 1
4 P_1 196 196 0 0 0 1 1 1
4 P_1 197 197 0 0 0 1 1 1
4 P_1 198 198 0.2907785 0.3728813559322034 0.4325345 1 1 1
4 P_1 199 199 0.0377228 0.08823529411764706 0.172528 1 1 1
4 P_1 200 200 0.0539305 0.11458333333333333 0.205186 1 1 1
4 P_1 201 201 0.5 0.5 0.5 1 1 1
4 P_1 202 202 0.5 0.5 0.5 1 1 1
4 P_1 203 203 0 0 0 1 1 1
4 P_1 204 204 0 0 0 1 1 1
4 P_1 205 205 0 0 0 1 1 1
4 P_1 206 206 0.294814 0.3854166666666667 0.4460695 1 1 1
4 P_1 207 207 0 0 0 1 1 1
4 P_1 208 208 0.3181565 0.40625 0.459826 1 1 1
4 P_1 209 209 0.333253 0.41836734693877553 0.4670195 1 1 1
4 P_1 210 210 0.2755865 0.3695652173913043 0.4360275 1 1 1
4 P_1 211 211 0.0516685 0.11 0.1981445 1 1 1
4 P_1 212 212 0 0 0 1 1 1
4 P_1 213 213 0.02756255 0.07894736842105263 0.177011 1 1 1
4 P_1 214 214 0 0 0 1 1 1
4 P_1 215 215 0 0 0 1 1 1
4 P_1 216 216 0.320387 0.4017857142857143 0.454104 1 1 1
4 P_1 217 217 0 0 0 1 1 1
4 P_1 218 218 0.5 0.5 0.5 1 1 1
4 P_1 219 219 0 0 0 1 1 1
4 P_1 220 220 0 0 0 1 1 1
4 P_1 221 221 0.04861105 0.10377358490566038 0.188431 1 1 1
4 P_1 222 222 0 0 0 1 1 1
4 P_1 223 223 0 0 0 1 1 1
4 P_1 224 224 0.302837 0.39361702127659576 0.4520255 1 1 1
4 P_1 225 225 0.380539 0.47058823529411764 0.4950545 1 1 1
4 P_1 226 226 0 0 0 1 1 1
4 P_1 227 227 0 0 0 1 1 1
4 P_1 228 228 0.051052 0.10526315789473684 0.18676 1 1 1
4 P_1 229 229 0.5 0.5 0.5 1 1 1
4 P_1 230 230 0.5 0.5 0.5 1 1 1
4 P_1 231 231 0 0 0 1 1 1
4 P_1 232 232 0 0 0 1 1 1
4 P_1 233 233 0 0 0 1 1 1
4 P_1 234 234 0 0 0 1 1 1
4 P_1 235 235 0 0 0 1 1 1
4 P_1 236 236 0 0 0 1 1 1
4 P_1 237 237 0 0 0 1 1 1
4 P_1 238 238 0 0 0 1 1 1
4 P_1 239 239 0 0 0 1 1 1
4 P_1 240 240 0 0 0 1 1 1
4 P_1 241 241 0 0 0 1 1 1
4 P_1 242 242 0 0 0 1 1 1
4 P_1 243 243 0 0 0 1 1 1
4 P_1 244 244 0 0 0 1 1 1
4 P_1 245 245 0.298395 0.3877551020408163 0.447225 1 1 1
4 P_1 246 246 0 0 0 1 1 1
4 P_1 247 247 0 0 0 1 1 1
4 P_1 248 248 0.3271055 0.4148936170212766 0.4655665 1 1 1
4 P_1 249 249 0.3796975 0.4491525423728814 0.482431 1 1 1
4 P_1 250 250 0.2941015 0.37962962962962965 0.4394425 1 1 1
4 P_1 251 251 0.04735955 0.10975609756097561 0.2079715 1 1 1
4 P_1 252 252 0 0 0 1 1 1
4 P_1 253 253 0.04296735 0.1 0.192206 1 1 1
4 P_1 254 254 0.320493 0.4111111111111111 0.46398 1 1 1
4 P_1 255 255 0.0617325 0.13513513513513514 0.2407655 1 1 1
4 P_1 256 256 0.5 0.5 0.5 1 1 1
4 P_1 257 257 0 0 0 1 1 1
4 P_1 258 258 0.330568 0.425 0.4738545 1 1 1
4 P_1 259 259 0 0 0 1 1 1
4 P_1 260 260 0 0 0 1 1 1
4 P_1 261 261 0 0 0 1 1 1
4 P_1 262 262 0.00844075 0.0375 0.1214525 1 1 1
4 P_1 263 263 0 0 0 1 1 1
4 P_1 264 264 0 0 0 1 1 1
4 P_1 265 265 0 0 0 1 1 1
4 P_1 266 266 0.3238605 0.41304347826086957 0.464791 1 1 1
4 P_1 267 267 0 0 0 1 1 1
4 P_1 268 268 0 0 0 1 1 1
4 P_1 269 269 0 0 0 1 1 1
4 P_1 270 270 0 0 0 1 1 1
4 P_1 271 271 0 0 0 1 1 1
4 P_1 272 272 0.5 0.5 0.5 1 1 1
4 P_1 273 273 0.279151 0.375 0.4408915 1 1 1
4 P_1 274 274 0 0 0 1 1 1
4 P_1 275 275 0.5 0.5 0.5 1 1 1
4 P_1 276 276 0.3268745 0.4186046511627907 0.469183 1 1 1
4 P_1 277 277 0 0 0 1 1 1
4 P_1 278 278 0.283499 0.375 0.438844 1 1 1
4 P_1 279 279 0 0 0 1 1 1
4 P_1 280 280 0.5 0.5 0.5 1 1 1
4 P_1 281 281 0.3095845 0.40476190476190477 0.461304 1 1 1
4 P_1 282 282 0.3238605 0.41304347826086957 0.464791 1 1 1
4 P_1 283 283 0.01499805 0.04807692307692308 0.1223645 1 1 1
4 P_1 284 284 0 0 0 1 1 1
4 P_1 285 285 0 0 0 1 1 1
4 P_1 286 286 0.287683 0.3875 0.451398 1 1 1
4 P_1 287 287 0 0 0 1 1 1
4 P_1 288 288 0.0630165 0.125 0.2126685 1 1 1
4 P_1 289 289 0.298762 0.4027777777777778 0.4629535 1 1 1
4 P_1 290 290 0 0 0 1 1 1
4 P_1 291 291 0 0 0 1 1 1
4 P_1 292 292 0 0 0 1 1 1
4 P_1 293 293 0 0 0 1 1 1
4 P_1 294 294 0 0 0 1 1 1
4 P_1 295 295 0 0 0 1 1 1
4 P_1 296 296 0.5 0.5 0.5 1 1 1
4 P_1 297 297 0 0 0 1 1 1
4 P_1 298 298 0 0 0 1 1 1
4 P_1 299 299 0 0 0 1 1 1
4 P_1 300 300 0.271415 0.36666666666666664 0.4345195 1 1 1
4 P_1 301 301 0.5 0.5 0.5 1 1 1
4 P_1 302 302 0 0 0 1 1 1
4 P_1 303 303 0.5 0.5 0.5 1 1 1
4 P_1 304 304 0 0 0 1 1 1
4 P_1 305 305 0 0 0 1 1 1
4 P_1 306 306 0 0 0 1 1 1
4 P_1 307 307 0.287254 0.37755102040816324 0.4401605 1 1 1
4 P_1 308 308 0 0 0 1 1 1
4 P_1 309 309 0 0 0 1 1 1
4 P_1 310 310 0 0 0 1 1 1
4 P_1 311 311 0 0 0 1 1 1
4 P_1 312 312 0.276318 0.3673469387755102 0.432894 1 1 1
4 P_1 313 313 0 0 0 1 1 1
4 P_1 314 314 0.0516685 0.11 0.1981445 1 1 1
4 P_1 315 315 0 0 0 1 1 1
4 P_1 316 316 0 0 0 1 1 1
4 P_1 317 317 0 0 0 1 1 1
4 P_1 318 318 0 0 0 1 1 1
4 P_1 319 319 0 0 0 1 1 1
4 P_1 320 320 0.31754 0.4 0.4532335 1 1 1
4 P_1 321 321 0 0 0 1 1 1
4 P_1 322 322 0.3548115 0.4274193548387097 0.4691715 1 1 1
4 P_1 323 323 0.252891 0.34782608695652173 0.420234 1 1 1
4 P_1 324 324 0.026771 0.06666666666666667 0.13942 1 1 1
4 P_1 325 325 0 0 0 1 1 1
4 P_1 326 326 0 0 0 1 1 1
4 P_1 327 327 0 0 0 1 1 1
4 P_1 328 328 0 0 0 1 1 1
4 P_1 329 329 0.5 0.5 0.5 1 1 1
4 P_1 330 330 0 0 0 1 1 1
4 P_1 331 331 0 0 0 1 1 1
4 P_1 332 332 0.3581515 0.4351851851851852 0.4756205 1 1 1
4 P_1 333 333 0.230989 0.32608695652173914 0.403656 1 1 1
4 P_1 334 334 0 0 0 1 1 1
4 P_1 335 335 0 0 0 1 1 1
4 P_1 336 336 0 0 0 1 1 1
4 P_1 337 337 0.0287382 0.07142857142857142 0.148264 1 1 1
4 P_1 338 338 0 0 0 1 1 1
4 P_1 339 339 0.2507675 0.34375 0.415971 1 1 1
4 P_1 340 340 0 0 0 1 1 1
4 P_1 341 341 0 0 0 1 1 1
4 P_1 342 342 0 0 0 1 1 1
4 P_1 343 343 0.04505635 0.10465116279069768 0.199784 1 1 1
4 P_1 344 344 0 0 0 1 1 1
4 P_1 345 345 0.072974 0.14 0.2304755 1 1 1
4 P_1 346 346 0.333239 0.41228070175438597 0.460759 1 1 1
4 P_1 347 347 0 0 0 1 1 1
4 P_1 348 348 0 0 0 1 1 1
4 P_1 349 349 0 0 0 1 1 1
4 P_1 350 350 0.302877 0.38333333333333336 0.439819 1 1 1
4 P_1 351 351 0.5 0.5 0.5 1 1 1
4 P_1 352 352 0.0407126 0.1 0.198442 1 1 1
4 P_1 353 353 0 0 0 1 1 1
4 P_1 354 354 0.348165 0.43 0.4736165 1 1 1
4 P_1 355 355 0.00912885 0.04054054054054054 0.130037 1 1 1
4 P_1 356 356 0 0 0 1 1 1
4 P_1 357 357 0.3313285 0.40625 0.4547565 1 1 1
4 P_1 358 358 0.04497075 0.1 0.186955 1 1 1
4 P_1 359 359 0 0 0 1 1 1
4 P_1 360 360 0 0 0 1 1 1
4 P_1 361 361 0 0 0 1 1 1
4 P_1 362 362 0.280111 0.37 0.434315 1 1 1
4 P_1 363 363 0.2507675 0.34375 0.415971 1 1 1
4 P_1 364 364 0 0 0 1 1 1
4 P_1 365 365 0.03229925 0.08 0.163832 1 1 1
4 P_1 366 366 0.091912 0.15625 0.236467 1 1 1
4 P_1 367 367 0 0 0 1 1 1
4 P_1 368 368 0 0 0 1 1 1
4 P_1 369 369 0.5 0.5 0.5 1 1 1
4 P_1 370 370 0 0 0 1 1 1
4 P_1 371 371 0 0 0 1 1 1
4 P_1 372 372 0 0 0 1 1 1
4 P_1 373 373 0 0 0 1 1 1
4 P_1 374 374 0 0 0 1 1 1
4 P_1 375 375 0.3526915 0.43617021276595747 0.477841 1 1 1
4 P_1 376 376 0.336168 0.42 0.4677005 1 1 1
4 P_1 377 377 0.307794 0.4 0.4570325 1 1 1
4 P_1 378 378 0 0 0 1 1 1
4 P_1 379 379 0 0 0 1 1 1
4 P_1 380 380 0.313363 0.4069767441860465 0.462239 1 1 1
4 P_1 381 381 0 0 0 1 1 1
4 P_1 382 382 0 0 0 1 1 1
4 P_1 383 383 0 0 0 1 1 1
4 P_1 384 384 0 0 0 1 1 1
4 P_1 385 385 0 0 0 1 1 1
4 P_1 386 386 0 0 0 1 1 1
4 P_1 387 387 0.03602015 0.08888888888888889 0.179507 1 1 1
4 P_1 388 388 0.0516685 0.11 0.1981445 1 1 1
4 P_1 389 389 0 0 0 1 1 1
4 P_1 390 390 0.0636985 0.13414634146341464 0.2342165 1 1 1
4 P_1 391 391 0 0 0 1 1 1
4 P_1 392 392 0 0 0 1 1 1
4 P_1 393 393 0.319665 0.4146341463414634 0.467628 1 1 1
4 P_1 394 394 0.2872645 0.3804347826086957 0.4435995 1 1 1
4 P_1 395 395 0.035553800000000003 0.08333333333333333 0.1641105 1 1 1
4 P_1 396 396 0 0 0 1 1 1
4 P_1 397 397 0 0 0 1 1 1
4 P_1 398 398 0 0 0 1 1 1
4 P_1 399 399 0.5 0.5 0.5 1 1 1
4 P_1 400 400 0 0 0 1 1 1
4 P_1 401 401 0.2837805 0.37254901960784315 0.435677 1 1 1
4 P_1 402 402 0.0342415 0.08035714285714286 0.1589365 1 1 1
4 P_1 403 403 0.0714535 0.13725490196078433 0.2266525 1 1 1
4 P_1 404 404 0 0 0 1 1 1
4 P_1 405 405 0 0 0 1 1 1
4 P_1 406 406 0.5 0.5 0.5 1 1 1
4 P_1 407 407 0 0 0 1 1 1
4 P_1 408 408 0.5 0.5 0.5 1 1 1
4 P_1 409 409 0 0 0 1 1 1
4 P_1 410 410 0.33971 0.425531914893617 0.4718835 1 1 1
4 P_1 411 411 0.3181565 0.40625 0.459826 1 1 1
4 P_1 412 412 0 0 0 1 1 1
4 P_1 413 413 0.04497075 0.1 0.186955 1 1 1
4 P_1 414 414 0.307794 0.4 0.4570325 1 1 1
4 P_1 415 415 0.03237185 0.08536585365853659 0.180335 1 1 1
4 P_1 416 416 0 0 0 1 1 1
4 P_1 417 417 0 0 0 1 1 1
4 P_1 418 418 0 0 0 1 1 1
4 P_1 419 419 0 0 0 1 1 1
4 P_1 420 420 0 0 0 1 1 1
