10 #m
38 #n
0 P_1 0 0 0.5 0.5 0.5 1 1 1
0 P_1 1 1 0.34113 0.3607800650054171 0.379054 1 1 1
0 P_1 2 2 0 0 0 1 1 1
0 P_1 3 3 0.349791 0.3684475806451613 0.385735 1 1 1
0 P_1 4 4 0 0 0 1 1 1
0 P_1 5 5 0 0 0 1 1 1
0 P_1 6 6 0 0 0 1 1 1
0 P_1 7 7 0 0 0 1 1 1
0 P_1 8 8 0 0 0 1 1 1
0 P_1 9 9 0 0 0 1 1 1
0 P_1 10 10 0.112867 0.12970106075216972 0.1478655 1 1 1
0 P_1 11 11 0.1128285 0.13004032258064516 0.148639 1 1 1
0 P_1 12 12 0 0 0 1 1 1
0 P_1 13 13 0.1125565 0.12955665024630542 0.147918 1 1 1
0 P_1 14 14 0 0 0 1 1 1
0 P_1 15 15 0.5 0.5 0.5 1 1 1
0 P_1 16 16 0.5 0.5 0.5 1 1 1
0 P_1 17 17 0.5 0.5 0.5 1 1 1
0 P_1 18 18 0.1323955 0.15024390243902438 0.1692085 1 1 1
0 P_1 19 19 0 0 0 1 1 1
0 P_1 20 20 0.1197495 0.1372255489021956 0.1559925 1 1 1
0 P_1 21 21 0.1204275 0.1381243628950051 0.157129 1 1 1
0 P_1 22 22 0.5 0.5 0.5 1 1 1
0 P_1 23 23 0 0 0 1 1 1
0 P_1 24 24 0 0 0 1 1 1
0 P_1 25 25 0.121759 0.13891531874405327 0.157284 1 1 1
0 P_1 26 26 0 0 0 1 1 1
0 P_1 27 27 0 0 0 1 1 1
0 P_1 28 28 0 0 0 1 1 1
0 P_1 29 29 0 0 0 1 1 1
0 P_1 30 30 0 0 0 1 1 1
0 P_1 31 31 0.5 0.5 0.5 1 1 1
0 P_1 32 32 0.1222855 0.14031413612565444 0.15966 1 1 1
0 P_1 33 33 0 0 0 1 1 1
0 P_1 34 34 0 0 0 1 1 1
0 P_1 35 35 0 0 0 1 1 1
0 P_1 36 36 0.118992 0.1366906474820144 0.1557245 1 1 1
0 P_1 37 37 0.1179095 0.13565488565488565 0.154763 1 1 1
1 P_0 0 0 0.5 0.5 0.5 1 1 1
1 P_0 1 1 0 0 0 1 1 1
1 P_0 2 2 0 0 0 1 1 1
1 P_0 3 3 0 0 0 1 1 1
1 P_0 4 4 0 0 0 1 1 1
1 P_0 5 5 0 0 0 1 1 1
1 P_0 6 6 0 0 0 1 1 1
1 P_0 7 7 0 0 0 1 1 1
1 P_0 8 8 0 0 0 1 1 1
1 P_0 9 9 0 0 0 1 1 1
1 P_0 10 10 0.5 0.5 0.5 1 1 1
1 P_0 11 11 0.5 0.5 0.5 1 1 1
1 P_0 12 12 0 0 0 1 1 1
1 P_0 13 13 0.5 0.5 0.5 1 1 1
1 P_0 14 14 0 0 0 1 1 1
1 P_0 15 15 0.5 0.5 0.5 1 1 1
1 P_0 16 16 0.5 0.5 0.5 1 1 1
1 P_0 17 17 0.5 0.5 0.5 1 1 1
1 P_0 18 18 0.5 0.5 0.5 1 1 1
1 P_0 19 19 0 0 0 1 1 1
1 P_0 20 20 0.5 0.5 0.5 1 1 1
1 P_0 21 21 0.5 0.5 0.5 1 1 1
1 P_0 22 22 0.5 0.5 0.5 1 1 1
1 P_0 23 23 0 0 0 1 1 1
1 P_0 24 24 0 0 0 1 1 1
1 P_0 25 25 0.5 0.5 0.5 1 1 1
1 P_0 26 26 0 0 0 1 1 1
1 P_0 27 27 0 0 0 1 1 1
1 P_0 28 28 0 0 0 1 1 1
1 P_0 29 29 0 0 0 1 1 1
1 P_0 30 30 0 0 0 1 1 1
1 P_0 31 31 0.5 0.5 0.5 1 1 1
1 P_0 32 32 0.5 0.5 0.5 1 1 1
1 P_0 33 33 0 0 0 1 1 1
1 P_0 34 34 0 0 0 1 1 1
1 P_0 35 35 0 0 0 1 1 1
1 P_0 36 36 0.5 0.5 0.5 1 1 1
1 P_0 37 37 0.5 0.5 0.5 1 1 1
2 P_5 0 0 0.3707515 0.38866189989785493 0.404948 1 1 1
2 P_5 1 1 0 0 0 1 1 1
2 P_5 2 2 0 0 0 1 1 1
2 P_5 3 3 0 0 0 1 1 1
2 P_5 4 4 0 0 0 1 1 1
2 P_5 5 5 0 0 0 1 1 1
2 P_5 6 6 0 0 0 1 1 1
2 P_5 7 7 0.08807 0.10349854227405247 0.12056 1 1 1
2 P_5 8 8 0 0 0 1 1 1
2 P_5 9 9 0 0 0 1 1 1
2 P_5 10 10 0 0 0 1 1 1
2 P_5 11 11 0 0 0 1 1 1
2 P_5 12 12 0.0931525 0.10869565217391304 0.1257705 1 1 1
2 P_5 13 13 0 0 0 1 1 1
2 P_5 14 14 0.092081 0.10776699029126213 0.1250365 1 1 1
2 P_5 15 15 0.5 0.5 0.5 1 1 1
2 P_5 16 16 0.5 0.5 0.5 1 1 1
2 P_5 17 17 0.5 0.5 0.5 1 1 1
2 P_5 18 18 0 0 0 1 1 1
2 P_5 19 19 0.0957055 0.11221294363256785 0.1303695 1 1 1
2 P_5 20 20 0 0 0 1 1 1
2 P_5 21 21 0 0 0 1 1 1
2 P_5 22 22 0.5 0.5 0.5 1 1 1
2 P_5 23 23 0 0 0 1 1 1
2 P_5 24 24 0 0 0 1 1 1
2 P_5 25 25 0 0 0 1 1 1
2 P_5 26 26 0 0 0 1 1 1
2 P_5 27 27 0 0 0 1 1 1
2 P_5 28 28 0 0 0 1 1 1
2 P_5 29 29 0.386317 0.4033232628398791 0.418559 1 1 1
2 P_5 30 30 0 0 0 1 1 1
2 P_5 31 31 0.5 0.5 0.5 1 1 1
2 P_5 32 32 0 0 0 1 1 1
2 P_5 33 33 0 0 0 1 1 1
2 P_5 34 34 0 0 0 1 1 1
2 P_5 35 35 0.0897915 0.10536585365853658 0.122558 1 1 1
2 P_5 36 36 0 0 0 1 1 1
2 P_5 37 37 0.3629335 0.381 0.397564 1 1 1
3 P_3 0 0 0.3715165 0.3887310606060606 0.404439 1 1 1
3 P_3 1 1 0.086082 0.10124164278892073 0.118031 1 1 1
3 P_3 2 2 0 0 0 1 1 1
3 P_3 3 3 0.076991 0.09186746987951808 0.1085645 1 1 1
3 P_3 4 4 0.093063 0.10859301227573183 0.1256545 1 1 1
3 P_3 5 5 0 0 0 1 1 1
3 P_3 6 6 0 0 0 1 1 1
3 P_3 7 7 0.0923625 0.10836693548387097 0.1260085 1 1 1
3 P_3 8 8 0 0 0 1 1 1
3 P_3 9 9 0 0 0 1 1 1
3 P_3 10 10 0 0 0 1 1 1
3 P_3 11 11 0.267118 0.2869399428026692 0.306358 1 1 1
3 P_3 12 12 0.0917015 0.10764587525150905 0.1252325 1 1 1
3 P_3 13 13 0.2909375 0.3108910891089109 0.3301535 1 1 1
3 P_3 14 14 0.081608 0.09687184661957618 0.1139075 1 1 1
3 P_3 15 15 0.5 0.5 0.5 1 1 1
3 P_3 16 16 0.5 0.5 0.5 1 1 1
3 P_3 17 17 0.5 0.5 0.5 1 1 1
3 P_3 18 18 0.2776785 0.2980671414038657 0.317895 1 1 1
3 P_3 19 19 0.096007 0.11174242424242424 0.1289795 1 1 1
3 P_3 20 20 0.2886725 0.3091286307053942 0.328881 1 1 1
3 P_3 21 21 0 0 0 1 1 1
3 P_3 22 22 0.5 0.5 0.5 1 1 1
3 P_3 23 23 0 0 0 1 1 1
3 P_3 24 24 0 0 0 1 1 1
3 P_3 25 25 0.2699985 0.2902902902902903 0.3101195 1 1 1
3 P_3 26 26 0 0 0 1 1 1
3 P_3 27 27 0 0 0 1 1 1
3 P_3 28 28 0 0 0 1 1 1
3 P_3 29 29 0 0 0 1 1 1
3 P_3 30 30 0 0 0 1 1 1
3 P_3 31 31 0.5 0.5 0.5 1 1 1
3 P_3 32 32 0.273328 0.2935323383084577 0.31324 1 1 1
3 P_3 33 33 0 0 0 1 1 1
3 P_3 34 34 0 0 0 1 1 1
3 P_3 35 35 0.080615 0.09571286141575275 0.112575 1 1 1
3 P_3 36 36 0.265361 0.28564307078763707 0.3055175 1 1 1
3 P_3 37 37 0.2847225 0.30493951612903225 0.3245215 1 1 1
4 P_8 0 0 0.5 0.5 0.5 1 1 1
4 P_8 1 1 0.252929 0.2733199598796389 0.2934425 1 1 1
4 P_8 2 2 0 0 0 1 1 1
4 P_8 3 3 0.2477625 0.2682926829268293 0.28861 1 1 1
4 P_8 4 4 0.059802 0.07294685990338164 0.0880535 1 1 1
4 P_8 5 5 0 0 0 1 1 1
4 P_8 6 6 0 0 0 1 1 1
4 P_8 7 7 0 0 0 1 1 1
4 P_8 8 8 0 0 0 1 1 1
4 P_8 9 9 0 0 0 1 1 1
4 P_8 10 10 0.101017 0.11805555555555555 0.13671 1 1 1
4 P_8 11 11 0.0988115 0.11476190476190476 0.1321895 1 1 1
4 P_8 12 12 0 0 0 1 1 1
4 P_8 13 13 0.0987305 0.1150398406374502 0.1328905 1 1 1
4 P_8 14 14 0 0 0 1 1 1
4 P_8 15 15 0.5 0.5 0.5 1 1 1
4 P_8 16 16 0.5 0.5 0.5 1 1 1
4 P_8 17 17 0.5 0.5 0.5 1 1 1
4 P_8 18 18 0.1030185 0.1198559670781893 0.1382285 1 1 1
4 P_8 19 19 0 0 0 1 1 1
4 P_8 20 20 0.097466 0.11348205625606207 0.131017 1 1 1
4 P_8 21 21 0.0947165 0.11083249749247744 0.128549 1 1 1
4 P_8 22 22 0.5 0.5 0.5 1 1 1
4 P_8 23 23 0.168592 0.18842105263157893 0.208993 1 1 1
4 P_8 24 24 0 0 0 1 1 1
4 P_8 25 25 0.092651 0.10873983739837398 0.1264745 1 1 1
4 P_8 26 26 0.1588165 0.17799188640973632 0.198005 1 1 1
4 P_8 27 27 0.1680895 0.18775933609958506 0.2081695 1 1 1
4 P_8 28 28 0 0 0 1 1 1
4 P_8 29 29 0.099605 0.11643835616438356 0.1348855 1 1 1
4 P_8 30 30 0 0 0 1 1 1
4 P_8 31 31 0.5 0.5 0.5 1 1 1
4 P_8 32 32 0.0949685 0.11073825503355705 0.128039 1 1 1
4 P_8 33 33 0 0 0 1 1 1
4 P_8 34 34 0 0 0 1 1 1
4 P_8 35 35 0 0 0 1 1 1
4 P_8 36 36 0.092654 0.10878447395301327 0.1265685 1 1 1
4 P_8 37 37 0.211012 0.23076923076923078 0.2507385 1 1 1
5 P_9 0 0 0.5 0.5 0.5 1 1 1
5 P_9 1 1 0.394075 0.41088082901554407 0.4257755 1 1 1
5 P_9 2 2 0 0 0 1 1 1
5 P_9 3 3 0.392606 0.4092276830491474 0.424018 1 1 1
5 P_9 4 4 0.2491535 0.2695390781563126 0.2897 1 1 1
5 P_9 5 5 0 0 0 1 1 1
5 P_9 6 6 0 0 0 1 1 1
5 P_9 7 7 0 0 0 1 1 1
5 P_9 8 8 0 0 0 1 1 1
5 P_9 9 9 0 0 0 1 1 1
5 P_9 10 10 0 0 0 1 1 1
5 P_9 11 11 0 0 0 1 1 1
5 P_9 12 12 0 0 0 1 1 1
5 P_9 13 13 0 0 0 1 1 1
5 P_9 14 14 0 0 0 1 1 1
5 P_9 15 15 0.5 0.5 0.5 1 1 1
5 P_9 16 16 0.5 0.5 0.5 1 1 1
5 P_9 17 17 0.5 0.5 0.5 1 1 1
5 P_9 18 18 0 0 0 1 1 1
5 P_9 19 19 0 0 0 1 1 1
5 P_9 20 20 0 0 0 1 1 1
5 P_9 21 21 0 0 0 1 1 1
5 P_9 22 22 0.5 0.5 0.5 1 1 1
5 P_9 23 23 0.131649 0.14950980392156862 0.1685005 1 1 1
5 P_9 24 24 0 0 0 1 1 1
5 P_9 25 25 0 0 0 1 1 1
5 P_9 26 26 0.128977 0.14736842105263157 0.1669985 1 1 1
5 P_9 27 27 0.1324905 0.15060240963855423 0.169859 1 1 1
5 P_9 28 28 0 0 0 1 1 1
5 P_9 29 29 0.081296 0.09642147117296222 0.1132975 1 1 1
5 P_9 30 30 0 0 0 1 1 1
5 P_9 31 31 0.5 0.5 0.5 1 1 1
5 P_9 32 32 0 0 0 1 1 1
5 P_9 33 33 0 0 0 1 1 1
5 P_9 34 34 0 0 0 1 1 1
5 P_9 35 35 0 0 0 1 1 1
5 P_9 36 36 0 0 0 1 1 1
5 P_9 37 37 0.083101 0.09865702479338843 0.1160055 1 1 1
6 P_7 0 0 0.5 0.5 0.5 1 1 1
6 P_7 1 1 0 0 0 1 1 1
6 P_7 2 2 0 0 0 1 1 1
6 P_7 3 3 0 0 0 1 1 1
6 P_7 4 4 0 0 0 1 1 1
6 P_7 5 5 0.185549 0.20630530973451328 0.227616 1 1 1
6 P_7 6 6 0 0 0 1 1 1
6 P_7 7 7 0 0 0 1 1 1
6 P_7 8 8 0.2013075 0.22143579373104147 0.241895 1 1 1
6 P_7 9 9 0.187771 0.2073529411764706 0.2274145 1 1 1
6 P_7 10 10 0.124516 0.1426332288401254 0.1620365 1 1 1
6 P_7 11 11 0.2622605 0.28263052208835343 0.3026245 1 1 1
6 P_7 12 12 0 0 0 1 1 1
6 P_7 13 13 0.2677065 0.2882836587872559 0.3084095 1 1 1
6 P_7 14 14 0 0 0 1 1 1
6 P_7 15 15 0.5 0.5 0.5 1 1 1
6 P_7 16 16 0.5 0.5 0.5 1 1 1
6 P_7 17 17 0.5 0.5 0.5 1 1 1
6 P_7 18 18 0.266758 0.2869910625620655 0.306803 1 1 1
6 P_7 19 19 0 0 0 1 1 1
6 P_7 20 20 0.265099 0.2857883817427386 0.306052 1 1 1
6 P_7 21 21 0.1150525 0.1327713382507903 0.1519065 1 1 1
6 P_7 22 22 0.5 0.5 0.5 1 1 1
6 P_7 23 23 0 0 0 1 1 1
6 P_7 24 24 0 0 0 1 1 1
6 P_7 25 25 0.2667975 0.2872340425531915 0.307238 1 1 1
6 P_7 26 26 0 0 0 1 1 1
6 P_7 27 27 0 0 0 1 1 1
6 P_7 28 28 0 0 0 1 1 1
6 P_7 29 29 0.196708 0.21628131021194605 0.2362275 1 1 1
6 P_7 30 30 0 0 0 1 1 1
6 P_7 31 31 0.5 0.5 0.5 1 1 1
6 P_7 32 32 0.2749555 0.29554865424430643 0.3156015 1 1 1
6 P_7 33 33 0 0 0 1 1 1
6 P_7 34 34 0 0 0 1 1 1
6 P_7 35 35 0 0 0 1 1 1
6 P_7 36 36 0.2741045 0.29438314944834504 0.314151 1 1 1
6 P_7 37 37 0.5 0.5 0.5 1 1 1
7 P_2 0 0 0.170906 0.19050051072522983 0.210792 1 1 1
7 P_2 1 1 0 0 0 1 1 1
7 P_2 2 2 0 0 0 1 1 1
7 P_2 3 3 0 0 0 1 1 1
7 P_2 4 4 0 0 0 1 1 1
7 P_2 5 5 0 0 0 1 1 1
7 P_2 6 6 0 0 0 1 1 1
7 P_2 7 7 0.275554 0.2962382445141066 0.3163685 1 1 1
7 P_2 8 8 0 0 0 1 1 1
7 P_2 9 9 0 0 0 1 1 1
7 P_2 10 10 0 0 0 1 1 1
7 P_2 11 11 0 0 0 1 1 1
7 P_2 12 12 0.275407 0.29561316051844466 0.315298 1 1 1
7 P_2 13 13 0 0 0 1 1 1
7 P_2 14 14 0.275262 0.2955 0.315216 1 1 1
7 P_2 15 15 0.5 0.5 0.5 1 1 1
7 P_2 16 16 0.5 0.5 0.5 1 1 1
7 P_2 17 17 0.5 0.5 0.5 1 1 1
7 P_2 18 18 0 0 0 1 1 1
7 P_2 19 19 0.273279 0.29310344827586204 0.312454 1 1 1
7 P_2 20 20 0 0 0 1 1 1
7 P_2 21 21 0 0 0 1 1 1
7 P_2 22 22 0.5 0.5 0.5 1 1 1
7 P_2 23 23 0 0 0 1 1 1
7 P_2 24 24 0 0 0 1 1 1
7 P_2 25 25 0 0 0 1 1 1
7 P_2 26 26 0 0 0 1 1 1
7 P_2 27 27 0 0 0 1 1 1
7 P_2 28 28 0 0 0 1 1 1
7 P_2 29 29 0.1829795 0.20271629778672032 0.2229985 1 1 1
7 P_2 30 30 0 0 0 1 1 1
7 P_2 31 31 0.5 0.5 0.5 1 1 1
7 P_2 32 32 0 0 0 1 1 1
7 P_2 33 33 0 0 0 1 1 1
7 P_2 34 34 0 0 0 1 1 1
7 P_2 35 35 0.278899 0.29919273461150353 0.318917 1 1 1
7 P_2 36 36 0 0 0 1 1 1
7 P_2 37 37 0.19694 0.21746031746031746 0.2383755 1 1 1
8 P_4 0 0 0.5 0.5 0.5 1 1 1
8 P_4 1 1 0.5 0.5 0.5 1 1 1
8 P_4 2 2 0.1897765 0.2098259979529171 0.230347 1 1 1
8 P_4 3 3 0.253167 0.27354709418837675 0.293657 1 1 1
8 P_4 4 4 0.2684155 0.2885181550539745 0.3081875 1 1 1
8 P_4 5 5 0 0 0 1 1 1
8 P_4 6 6 0.1946405 0.2142166344294004 0.23419 1 1 1
8 P_4 7 7 0 0 0 1 1 1
8 P_4 8 8 0 0 0 1 1 1
8 P_4 9 9 0 0 0 1 1 1
8 P_4 10 10 0 0 0 1 1 1
8 P_4 11 11 0 0 0 1 1 1
8 P_4 12 12 0 0 0 1 1 1
8 P_4 13 13 0 0 0 1 1 1
8 P_4 14 14 0 0 0 1 1 1
8 P_4 15 15 0.5 0.5 0.5 1 1 1
8 P_4 16 16 0.5 0.5 0.5 1 1 1
8 P_4 17 17 0.5 0.5 0.5 1 1 1
8 P_4 18 18 0 0 0 1 1 1
8 P_4 19 19 0 0 0 1 1 1
8 P_4 20 20 0 0 0 1 1 1
8 P_4 21 21 0 0 0 1 1 1
8 P_4 22 22 0.5 0.5 0.5 1 1 1
8 P_4 23 23 0 0 0 1 1 1
8 P_4 24 24 0.196333 0.21638018200202225 0.236817 1 1 1
8 P_4 25 25 0 0 0 1 1 1
8 P_4 26 26 0 0 0 1 1 1
8 P_4 27 27 0 0 0 1 1 1
8 P_4 28 28 0.208138 0.22779369627507162 0.247693 1 1 1
8 P_4 29 29 0 0 0 1 1 1
8 P_4 30 30 0.20365 0.22392638036809817 0.2445085 1 1 1
8 P_4 31 31 0.5 0.5 0.5 1 1 1
8 P_4 32 32 0 0 0 1 1 1
8 P_4 33 33 0.200103 0.2202020202020202 0.2406465 1 1 1
8 P_4 34 34 0.197439 0.21765913757700206 0.23826 1 1 1
8 P_4 35 35 0 0 0 1 1 1
8 P_4 36 36 0 0 0 1 1 1
8 P_4 37 37 0 0 0 1 1 1
9 P_6 0 0 0.5 0.5 0.5 1 1 1
9 P_6 1 1 0 0 0 1 1 1
9 P_6 2 2 0 0 0 1 1 1
9 P_6 3 3 0 0 0 1 1 1
9 P_6 4 4 0 0 0 1 1 1
9 P_6 5 5 0 0 0 1 1 1
9 P_6 6 6 0 0 0 1 1 1
9 P_6 7 7 0 0 0 1 1 1
9 P_6 8 8 0 0 0 1 1 1
9 P_6 9 9 0 0 0 1 1 1
9 P_6 10 10 0.5 0.5 0.5 1 1 1
9 P_6 11 11 0.5 0.5 0.5 1 1 1
9 P_6 12 12 0 0 0 1 1 1
9 P_6 13 13 0.5 0.5 0.5 1 1 1
9 P_6 14 14 0 0 0 1 1 1
9 P_6 15 15 0.5 0.5 0.5 1 1 1
9 P_6 16 16 0.5 0.5 0.5 1 1 1
9 P_6 17 17 0.5 0.5 0.5 1 1 1
9 P_6 18 18 0.5 0.5 0.5 1 1 1
9 P_6 19 19 0 0 0 1 1 1
9 P_6 20 20 0.5 0.5 0.5 1 1 1
9 P_6 21 21 0.5 0.5 0.5 1 1 1
9 P_6 22 22 0.5 0.5 0.5 1 1 1
9 P_6 23 23 0 0 0 1 1 1
9 P_6 24 24 0 0 0 1 1 1
9 P_6 25 25 0.5 0.5 0.5 1 1 1
9 P_6 26 26 0 0 0 1 1 1
9 P_6 27 27 0 0 0 1 1 1
9 P_6 28 28 0 0 0 1 1 1
9 P_6 29 29 0 0 0 1 1 1
9 P_6 30 30 0 0 0 1 1 1
9 P_6 31 31 0.5 0.5 0.5 1 1 1
9 P_6 32 32 0.5 0.5 0.5 1 1 1
9 P_6 33 33 0 0 0 1 1 1
9 P_6 34 34 0 0 0 1 1 1
9 P_6 35 35 0 0 0 1 1 1
9 P_6 36 36 0.5 0.5 0.5 1 1 1
9 P_6 37 37 0.5 0.5 0.5 1 1 1
