10 #m
58 #n
0 P_1 0 0 0.5 0.5 0.5 1 1 1
0 P_1 1 1 0.5 0.5 0.5 1 1 1
0 P_1 2 2 0 0 0 1 1 1
0 P_1 3 3 0 0 0 1 1 1
0 P_1 4 4 0 0 0 1 1 1
0 P_1 5 5 0 0 0 1 1 1
0 P_1 6 6 0.5 0.5 0.5 1 1 1
0 P_1 7 7 0 0 0 1 1 1
0 P_1 8 8 0 0 0 1 1 1
0 P_1 9 9 0 0 0 1 1 1
0 P_1 10 10 0 0 0 1 1 1
0 P_1 11 11 0 0 0 1 1 1
0 P_1 12 12 0.5 0.5 0.5 1 1 1
0 P_1 13 13 0 0 0 1 1 1
0 P_1 14 14 0 0 0 1 1 1
0 P_1 15 15 0.5 0.5 0.5 1 1 1
0 P_1 16 16 0.5 0.5 0.5 1 1 1
0 P_1 17 17 0 0 0 1 1 1
0 P_1 18 18 0.5 0.5 0.5 1 1 1
0 P_1 19 19 0 0 0 1 1 1
0 P_1 20 20 0 0 0 1 1 1
0 P_1 21 21 0 0 0 1 1 1
0 P_1 22 22 0.5 0.5 0.5 1 1 1
0 P_1 23 23 0 0 0 1 1 1
0 P_1 24 24 0 0 0 1 1 1
0 P_1 25 25 0 0 0 1 1 1
0 P_1 26 26 0 0 0 1 1 1
0 P_1 27 27 0 0 0 1 1 1
0 P_1 28 28 0 0 0 1 1 1
0 P_1 29 29 0.5 0.5 0.5 1 1 1
0 P_1 30 30 0 0 0 1 1 1
0 P_1 31 31 0.5 0.5 0.5 1 1 1
0 P_1 32 32 0 0 0 1 1 1
0 P_1 33 33 0 0 0 1 1 1
0 P_1 34 34 0 0 0 1 1 1
0 P_1 35 35 0 0 0 1 1 1
0 P_1 36 36 0 0 0 1 1 1
0 P_1 37 37 0 0 0 1 1 1
0 P_1 38 38 0 0 0 1 1 1
0 P_1 39 39 0 0 0 1 1 1
0 P_1 40 40 0 0 0 1 1 1
0 P_1 41 41 0.5 0.5 0.5 1 1 1
0 P_1 42 42 0 0 0 1 1 1
0 P_1 43 43 0 0 0 1 1 1
0 P_1 44 44 0 0 0 1 1 1
0 P_1 45 45 0 0 0 1 1 1
0 P_1 46 46 0 0 0 1 1 1
0 P_1 47 47 0 0 0 1 1 1
0 P_1 48 48 0 0 0 1 1 1
0 P_1 49 49 0 0 0 1 1 1
0 P_1 50 50 0 0 0 1 1 1
0 P_1 51 51 0 0 0 1 1 1
0 P_1 52 52 0.5 0.5 0.5 1 1 1
0 P_1 53 53 0.5 0.5 0.5 1 1 1
0 P_1 54 54 0 0 0 1 1 1
0 P_1 55 55 0 0 0 1 1 1
0 P_1 56 56 0 0 0 1 1 1
0 P_1 57 57 0.5 0.5 0.5 1 1 1
1 P_5 0 0 0 0 0 1 1 1
1 P_5 1 1 0 0 0 1 1 1
1 P_5 2 2 0 0 0 1 1 1
1 P_5 3 3 0 0 0 1 1 1
1 P_5 4 4 0 0 0 1 1 1
1 P_5 5 5 0 0 0 1 1 1
1 P_5 6 6 0 0 0 1 1 1
1 P_5 7 7 0 0 0 1 1 1
1 P_5 8 8 0.074143 0.11926605504587157 0.1777075 1 1 1
1 P_5 9 9 0.307696 0.36893203883495146 0.41737 1 1 1
1 P_5 10 10 0 0 0 1 1 1
1 P_5 11 11 0 0 0 1 1 1
1 P_5 12 12 0 0 0 1 1 1
1 P_5 13 13 0 0 0 1 1 1
1 P_5 14 14 0 0 0 1 1 1
1 P_5 15 15 0.5 0.5 0.5 1 1 1
1 P_5 16 16 0.5 0.5 0.5 1 1 1
1 P_5 17 17 0.336078 0.39351851851851855 0.436212 1 1 1
1 P_5 18 18 0.5 0.5 0.5 1 1 1
1 P_5 19 19 0.3360085 0.3978494623655914 0.4421525 1 1 1
1 P_5 20 20 0 0 0 1 1 1
1 P_5 21 21 0.3342455 0.39035087719298245 0.432766 1 1 1
1 P_5 22 22 0.5 0.5 0.5 1 1 1
1 P_5 23 23 0 0 0 1 1 1
1 P_5 24 24 0.1025395 0.16071428571428573 0.230576 1 1 1
1 P_5 25 25 0 0 0 1 1 1
1 P_5 26 26 0 0 0 1 1 1
1 P_5 27 27 0 0 0 1 1 1
1 P_5 28 28 0.061994 0.1036036036036036 0.159863 1 1 1
1 P_5 29 29 0 0 0 1 1 1
1 P_5 30 30 0.5 0.5 0.5 1 1 1
1 P_5 31 31 0 0 0 1 1 1
1 P_5 32 32 0.3281355 0.3888888888888889 0.4341225 1 1 1
1 P_5 33 33 0 0 0 1 1 1
1 P_5 34 34 0.063275 0.10824742268041238 0.169372 1 1 1
1 P_5 35 35 0 0 0 1 1 1
1 P_5 36 36 0 0 0 1 1 1
1 P_5 37 37 0 0 0 1 1 1
1 P_5 38 38 0 0 0 1 1 1
1 P_5 39 39 0 0 0 1 1 1
1 P_5 40 40 0 0 0 1 1 1
1 P_5 41 41 0 0 0 1 1 1
1 P_5 42 42 0 0 0 1 1 1
1 P_5 43 43 0.5 0.5 0.5 1 1 1
1 P_5 44 44 0 0 0 1 1 1
1 P_5 45 45 0 0 0 1 1 1
1 P_5 46 46 0.300717 0.36363636363636365 0.4138515 1 1 1
1 P_5 47 47 0 0 0 1 1 1
1 P_5 48 48 0 0 0 1 1 1
1 P_5 49 49 0.346497 0.405 0.4463575 1 1 1
1 P_5 50 50 0 0 0 1 1 1
1 P_5 51 51 0 0 0 1 1 1
1 P_5 52 52 0 0 0 1 1 1
1 P_5 53 53 0 0 0 1 1 1
1 P_5 54 54 0 0 0 1 1 1
1 P_5 55 55 0 0 0 1 1 1
1 P_5 56 56 0 0 0 1 1 1
1 P_5 57 57 0 0 0 1 1 1
2 P_9 0 0 0.5 0.5 0.5 1 1 1
2 P_9 1 1 0.5 0.5 0.5 1 1 1
2 P_9 2 2 0 0 0 1 1 1
2 P_9 3 3 0 0 0 1 1 1
2 P_9 4 4 0 0 0 1 1 1
2 P_9 5 5 0 0 0 1 1 1
2 P_9 6 6 0.071952 0.12087912087912088 0.185452 1 1 1
2 P_9 7 7 0 0 0 1 1 1
2 P_9 8 8 0 0 0 1 1 1
2 P_9 9 9 0 0 0 1 1 1
2 P_9 10 10 0 0 0 1 1 1
2 P_9 11 11 0 0 0 1 1 1
2 P_9 12 12 0.126109 0.1836734693877551 0.248729 1 1 1
2 P_9 13 13 0 0 0 1 1 1
2 P_9 14 14 0 0 0 1 1 1
2 P_9 15 15 0.5 0.5 0.5 1 1 1
2 P_9 16 16 0.5 0.5 0.5 1 1 1
2 P_9 17 17 0 0 0 1 1 1
2 P_9 18 18 0.5 0.5 0.5 1 1 1
2 P_9 19 19 0 0 0 1 1 1
2 P_9 20 20 0 0 0 1 1 1
2 P_9 21 21 0 0 0 1 1 1
2 P_9 22 22 0.5 0.5 0.5 1 1 1
2 P_9 23 23 0 0 0 1 1 1
2 P_9 24 24 0 0 0 1 1 1
2 P_9 25 25 0 0 0 1 1 1
2 P_9 26 26 0 0 0 1 1 1
2 P_9 27 27 0 0 0 1 1 1
2 P_9 28 28 0 0 0 1 1 1
2 P_9 29 29 0.1118035 0.1728395061728395 0.244333 1 1 1
2 P_9 30 30 0 0 0 1 1 1
2 P_9 31 31 0.1382015 0.19298245614035087 0.2533305 1 1 1
2 P_9 32 32 0 0 0 1 1 1
2 P_9 33 33 0 0 0 1 1 1
2 P_9 34 34 0 0 0 1 1 1
2 P_9 35 35 0 0 0 1 1 1
2 P_9 36 36 0 0 0 1 1 1
2 P_9 37 37 0 0 0 1 1 1
2 P_9 38 38 0.265073 0.32710280373831774 0.381131 1 1 1
2 P_9 39 39 0.239614 0.3064516129032258 0.366584 1 1 1
2 P_9 40 40 0 0 0 1 1 1
2 P_9 41 41 0.0997855 0.15196078431372548 0.2147885 1 1 1
2 P_9 42 42 0 0 0 1 1 1
2 P_9 43 43 0 0 0 1 1 1
2 P_9 44 44 0 0 0 1 1 1
2 P_9 45 45 0 0 0 1 1 1
2 P_9 46 46 0 0 0 1 1 1
2 P_9 47 47 0 0 0 1 1 1
2 P_9 48 48 0 0 0 1 1 1
2 P_9 49 49 0 0 0 1 1 1
2 P_9 50 50 0 0 0 1 1 1
2 P_9 51 51 0 0 0 1 1 1
2 P_9 52 52 0.5 0.5 0.5 1 1 1
2 P_9 53 53 0.1776345 0.24691358024691357 0.3166115 1 1 1
2 P_9 54 54 0 0 0 1 1 1
2 P_9 55 55 0 0 0 1 1 1
2 P_9 56 56 0.257203 0.3273809523809524 0.387429 1 1 1
2 P_9 57 57 0.1043225 0.1595744680851064 0.2254545 1 1 1
3 P_2 0 0 0 0 0 1 1 1
3 P_2 1 1 0 0 0 1 1 1
3 P_2 2 2 0 0 0 1 1 1
3 P_2 3 3 0 0 0 1 1 1
3 P_2 4 4 0.115418 0.16818181818181818 0.229213 1 1 1
3 P_2 5 5 0.1582 0.2222222222222222 0.2896495 1 1 1
3 P_2 6 6 0 0 0 1 1 1
3 P_2 7 7 0.1064215 0.16145833333333334 0.226694 1 1 1
3 P_2 8 8 0.150941 0.21686746987951808 0.2871825 1 1 1
3 P_2 9 9 0.0535485 0.09345794392523364 0.1495915 1 1 1
3 P_2 10 10 0 0 0 1 1 1
3 P_2 11 11 0.106601 0.16666666666666666 0.2380255 1 1 1
3 P_2 12 12 0 0 0 1 1 1
3 P_2 13 13 0 0 0 1 1 1
3 P_2 14 14 0 0 0 1 1 1
3 P_2 15 15 0.5 0.5 0.5 1 1 1
3 P_2 16 16 0.5 0.5 0.5 1 1 1
3 P_2 17 17 0.0488175 0.08547008547008547 0.1377625 1 1 1
3 P_2 18 18 0.2502325 0.3119266055045872 0.367307 1 1 1
3 P_2 19 19 0.0708705 0.11650485436893204 0.1765005 1 1 1
3 P_2 20 20 0 0 0 1 1 1
3 P_2 21 21 0 0 0 1 1 1
3 P_2 22 22 0.5 0.5 0.5 1 1 1
3 P_2 23 23 0.1264355 0.18316831683168316 0.247234 1 1 1
3 P_2 24 24 0.2077635 0.27472527472527475 0.338688 1 1 1
3 P_2 25 25 0 0 0 1 1 1
3 P_2 26 26 0.133416 0.1935483870967742 0.260386 1 1 1
3 P_2 27 27 0 0 0 1 1 1
3 P_2 28 28 0.1850745 0.24752475247524752 0.3102465 1 1 1
3 P_2 29 29 0 0 0 1 1 1
3 P_2 30 30 0.273674 0.34065934065934067 0.3966525 1 1 1
3 P_2 31 31 0 0 0 1 1 1
3 P_2 32 32 0.0304229 0.06382978723404255 0.119053 1 1 1
3 P_2 33 33 0.099908 0.15555555555555556 0.2227755 1 1 1
3 P_2 34 34 0.1788275 0.23853211009174313 0.299406 1 1 1
3 P_2 35 35 0.090403 0.14534883720930233 0.213686 1 1 1
3 P_2 36 36 0 0 0 1 1 1
3 P_2 37 37 0.1084525 0.16326530612244897 0.227873 1 1 1
3 P_2 38 38 0 0 0 1 1 1
3 P_2 39 39 0 0 0 1 1 1
3 P_2 40 40 0 0 0 1 1 1
3 P_2 41 41 0 0 0 1 1 1
3 P_2 42 42 0 0 0 1 1 1
3 P_2 43 43 0.2511675 0.31868131868131866 0.377866 1 1 1
3 P_2 44 44 0 0 0 1 1 1
3 P_2 45 45 0 0 0 1 1 1
3 P_2 46 46 0.0604395 0.1 0.1534805 1 1 1
3 P_2 47 47 0.118869 0.17289719626168223 0.234927 1 1 1
3 P_2 48 48 0 0 0 1 1 1
3 P_2 49 49 0 0 0 1 1 1
3 P_2 50 50 0.12082 0.17647058823529413 0.2401125 1 1 1
3 P_2 51 51 0 0 0 1 1 1
3 P_2 52 52 0 0 0 1 1 1
3 P_2 53 53 0 0 0 1 1 1
3 P_2 54 54 0 0 0 1 1 1
3 P_2 55 55 0 0 0 1 1 1
3 P_2 56 56 0 0 0 1 1 1
3 P_2 57 57 0 0 0 1 1 1
4 P_8 0 0 0.1212875 0.1761904761904762 0.238894 1 1 1
4 P_8 1 1 0.099908 0.15555555555555556 0.2227755 1 1 1
4 P_8 2 2 0 0 0 1 1 1
4 P_8 3 3 0.0266432 0.056074766355140186 0.1055635 1 1 1
4 P_8 4 4 0 0 0 1 1 1
4 P_8 5 5 0 0 0 1 1 1
4 P_8 6 6 0 0 0 1 1 1
4 P_8 7 7 0.0656895 0.10952380952380952 0.168191 1 1 1
4 P_8 8 8 0 0 0 1 1 1
4 P_8 9 9 0.04766 0.08762886597938144 0.146086 1 1 1
4 P_8 10 10 0.0602985 0.10087719298245613 0.1559985 1 1 1
4 P_8 11 11 0 0 0 1 1 1
4 P_8 12 12 0 0 0 1 1 1
4 P_8 13 13 0 0 0 1 1 1
4 P_8 14 14 0.072659 0.12352941176470589 0.190758 1 1 1
4 P_8 15 15 0.5 0.5 0.5 1 1 1
4 P_8 16 16 0.5 0.5 0.5 1 1 1
4 P_8 17 17 0.055655 0.1 0.1627035 1 1 1
4 P_8 18 18 0.3865225 0.4393939393939394 0.4711515 1 1 1
4 P_8 19 19 0.059941 0.10416666666666667 0.1651735 1 1 1
4 P_8 20 20 0 0 0 1 1 1
4 P_8 21 21 0 0 0 1 1 1
4 P_8 22 22 0.5 0.5 0.5 1 1 1
4 P_8 23 23 0 0 0 1 1 1
4 P_8 24 24 0 0 0 1 1 1
4 P_8 25 25 0.086341 0.13247863247863248 0.1897995 1 1 1
4 P_8 26 26 0 0 0 1 1 1
4 P_8 27 27 0 0 0 1 1 1
4 P_8 28 28 0 0 0 1 1 1
4 P_8 29 29 0 0 0 1 1 1
4 P_8 30 30 0.2064315 0.2696078431372549 0.330653 1 1 1
4 P_8 31 31 0 0 0 1 1 1
4 P_8 32 32 0.073438 0.11818181818181818 0.1762365 1 1 1
4 P_8 33 33 0 0 0 1 1 1
4 P_8 34 34 0 0 0 1 1 1
4 P_8 35 35 0 0 0 1 1 1
4 P_8 36 36 0.03469275 0.06862745098039216 0.1222225 1 1 1
4 P_8 37 37 0 0 0 1 1 1
4 P_8 38 38 0.0771095 0.125 0.186728 1 1 1
4 P_8 39 39 0.106533 0.15765765765765766 0.218031 1 1 1
4 P_8 40 40 0.056973 0.10227272727272728 0.166047 1 1 1
4 P_8 41 41 0 0 0 1 1 1
4 P_8 42 42 0 0 0 1 1 1
4 P_8 43 43 0.1616725 0.22395833333333334 0.2892445 1 1 1
4 P_8 44 44 0 0 0 1 1 1
4 P_8 45 45 0.1291525 0.1826086956521739 0.2425885 1 1 1
4 P_8 46 46 0.0481743 0.08854166666666667 0.147478 1 1 1
4 P_8 47 47 0 0 0 1 1 1
4 P_8 48 48 0.0792705 0.12393162393162394 0.1805875 1 1 1
4 P_8 49 49 0 0 0 1 1 1
4 P_8 50 50 0.03217905 0.06741573033707865 0.1252015 1 1 1
4 P_8 51 51 0.0360087 0.07303370786516854 0.1319225 1 1 1
4 P_8 52 52 0.095952 0.14545454545454545 0.2055185 1 1 1
4 P_8 53 53 0 0 0 1 1 1
4 P_8 54 54 0 0 0 1 1 1
4 P_8 55 55 0 0 0 1 1 1
4 P_8 56 56 0.088425 0.13861386138613863 0.2010185 1 1 1
4 P_8 57 57 0 0 0 1 1 1
5 P_7 0 0 0.084722 0.13541666666666666 0.1993055 1 1 1
5 P_7 1 1 0.04912435 0.09195402298850575 0.154758 1 1 1
5 P_7 2 2 0.100766 0.15137614678899083 0.2120385 1 1 1
5 P_7 3 3 0 0 0 1 1 1
5 P_7 4 4 0 0 0 1 1 1
5 P_7 5 5 0 0 0 1 1 1
5 P_7 6 6 0 0 0 1 1 1
5 P_7 7 7 0.121267 0.1721311475409836 0.230114 1 1 1
5 P_7 8 8 0.1153815 0.17415730337078653 0.242328 1 1 1
5 P_7 9 9 0 0 0 1 1 1
5 P_7 10 10 0 0 0 1 1 1
5 P_7 11 11 0 0 0 1 1 1
5 P_7 12 12 0 0 0 1 1 1
5 P_7 13 13 0.1064215 0.16145833333333334 0.226694 1 1 1
5 P_7 14 14 0 0 0 1 1 1
5 P_7 15 15 0.5 0.5 0.5 1 1 1
5 P_7 16 16 0.5 0.5 0.5 1 1 1
5 P_7 17 17 0 0 0 1 1 1
5 P_7 18 18 0.195303 0.26063829787234044 0.3247225 1 1 1
5 P_7 19 19 0 0 0 1 1 1
5 P_7 20 20 0.101708 0.15178571428571427 0.2116145 1 1 1
5 P_7 21 21 0 0 0 1 1 1
5 P_7 22 22 0.5 0.5 0.5 1 1 1
5 P_7 23 23 0 0 0 1 1 1
5 P_7 24 24 0.152646 0.21505376344086022 0.2816125 1 1 1
5 P_7 25 25 0 0 0 1 1 1
5 P_7 26 26 0 0 0 1 1 1
5 P_7 27 27 0.177716 0.24 0.303392 1 1 1
5 P_7 28 28 0.1818195 0.24285714285714285 0.30465 1 1 1
5 P_7 29 29 0 0 0 1 1 1
5 P_7 30 30 0.157499 0.21782178217821782 0.2816755 1 1 1
5 P_7 31 31 0 0 0 1 1 1
5 P_7 32 32 0 0 0 1 1 1
5 P_7 33 33 0 0 0 1 1 1
5 P_7 34 34 0.151852 0.20909090909090908 0.2704645 1 1 1
5 P_7 35 35 0 0 0 1 1 1
5 P_7 36 36 0 0 0 1 1 1
5 P_7 37 37 0 0 0 1 1 1
5 P_7 38 38 0.056306 0.10112359550561797 0.1643585 1 1 1
5 P_7 39 39 0.0586675 0.10204081632653061 0.162105 1 1 1
5 P_7 40 40 0 0 0 1 1 1
5 P_7 41 41 0 0 0 1 1 1
5 P_7 42 42 0.133416 0.1935483870967742 0.260386 1 1 1
5 P_7 43 43 0.167106 0.22413793103448276 0.283653 1 1 1
5 P_7 44 44 0.099908 0.15555555555555556 0.2227755 1 1 1
5 P_7 45 45 0 0 0 1 1 1
5 P_7 46 46 0 0 0 1 1 1
5 P_7 47 47 0 0 0 1 1 1
5 P_7 48 48 0 0 0 1 1 1
5 P_7 49 49 0 0 0 1 1 1
5 P_7 50 50 0.172178 0.23469387755102042 0.2989385 1 1 1
5 P_7 51 51 0 0 0 1 1 1
5 P_7 52 52 0.0568555 0.09900990099009901 0.1577095 1 1 1
5 P_7 53 53 0 0 0 1 1 1
5 P_7 54 54 0.128074 0.18446601941747573 0.247914 1 1 1
5 P_7 55 55 0.130999 0.1875 0.250668 1 1 1
5 P_7 56 56 0.0440433 0.07851239669421488 0.1287575 1 1 1
5 P_7 57 57 0 0 0 1 1 1
6 P_4 0 0 0.2136925 0.2761904761904762 0.33592 1 1 1
6 P_4 1 1 0.2330865 0.2923728813559322 0.347658 1 1 1
6 P_4 2 2 0 0 0 1 1 1
6 P_4 3 3 0 0 0 1 1 1
6 P_4 4 4 0 0 0 1 1 1
6 P_4 5 5 0 0 0 1 1 1
6 P_4 6 6 0 0 0 1 1 1
6 P_4 7 7 0 0 0 1 1 1
6 P_4 8 8 0.1769285 0.23979591836734693 0.303816 1 1 1
6 P_4 9 9 0 0 0 1 1 1
6 P_4 10 10 0 0 0 1 1 1
6 P_4 11 11 0 0 0 1 1 1
6 P_4 12 12 0 0 0 1 1 1
6 P_4 13 13 0 0 0 1 1 1
6 P_4 14 14 0 0 0 1 1 1
6 P_4 15 15 0.5 0.5 0.5 1 1 1
6 P_4 16 16 0.5 0.5 0.5 1 1 1
6 P_4 17 17 0 0 0 1 1 1
6 P_4 18 18 0.5 0.5 0.5 1 1 1
6 P_4 19 19 0 0 0 1 1 1
6 P_4 20 20 0 0 0 1 1 1
6 P_4 21 21 0 0 0 1 1 1
6 P_4 22 22 0.5 0.5 0.5 1 1 1
6 P_4 23 23 0 0 0 1 1 1
6 P_4 24 24 0.173516 0.2388888888888889 0.305624 1 1 1
6 P_4 25 25 0 0 0 1 1 1
6 P_4 26 26 0 0 0 1 1 1
6 P_4 27 27 0 0 0 1 1 1
6 P_4 28 28 0.164586 0.2268041237113402 0.2916685 1 1 1
6 P_4 29 29 0 0 0 1 1 1
6 P_4 30 30 0.1850745 0.24752475247524752 0.3102465 1 1 1
6 P_4 31 31 0 0 0 1 1 1
6 P_4 32 32 0 0 0 1 1 1
6 P_4 33 33 0 0 0 1 1 1
6 P_4 34 34 0.1712745 0.234375 0.299276 1 1 1
6 P_4 35 35 0 0 0 1 1 1
6 P_4 36 36 0 0 0 1 1 1
6 P_4 37 37 0 0 0 1 1 1
6 P_4 38 38 0.1939915 0.25757575757575757 0.3203125 1 1 1
6 P_4 39 39 0.187436 0.25268817204301075 0.3176205 1 1 1
6 P_4 40 40 0 0 0 1 1 1
6 P_4 41 41 0 0 0 1 1 1
6 P_4 42 42 0 0 0 1 1 1
6 P_4 43 43 0.149158 0.21052631578947367 0.276489 1 1 1
6 P_4 44 44 0 0 0 1 1 1
6 P_4 45 45 0 0 0 1 1 1
6 P_4 46 46 0 0 0 1 1 1
6 P_4 47 47 0 0 0 1 1 1
6 P_4 48 48 0 0 0 1 1 1
6 P_4 49 49 0 0 0 1 1 1
6 P_4 50 50 0 0 0 1 1 1
6 P_4 51 51 0 0 0 1 1 1
6 P_4 52 52 0.1802415 0.24468085106382978 0.3097455 1 1 1
6 P_4 53 53 0 0 0 1 1 1
6 P_4 54 54 0 0 0 1 1 1
6 P_4 55 55 0 0 0 1 1 1
6 P_4 56 56 0.1824025 0.245 0.3081515 1 1 1
6 P_4 57 57 0 0 0 1 1 1
7 P_6 0 0 0.145197 0.2028301886792453 0.265404 1 1 1
7 P_6 1 1 0.1824445 0.25 0.3175555 1 1 1
7 P_6 2 2 0 0 0 1 1 1
7 P_6 3 3 0 0 0 1 1 1
7 P_6 4 4 0 0 0 1 1 1
7 P_6 5 5 0 0 0 1 1 1
7 P_6 6 6 0 0 0 1 1 1
7 P_6 7 7 0 0 0 1 1 1
7 P_6 8 8 0 0 0 1 1 1
7 P_6 9 9 0 0 0 1 1 1
7 P_6 10 10 0 0 0 1 1 1
7 P_6 11 11 0 0 0 1 1 1
7 P_6 12 12 0 0 0 1 1 1
7 P_6 13 13 0 0 0 1 1 1
7 P_6 14 14 0 0 0 1 1 1
7 P_6 15 15 0.5 0.5 0.5 1 1 1
7 P_6 16 16 0.5 0.5 0.5 1 1 1
7 P_6 17 17 0 0 0 1 1 1
7 P_6 18 18 0.5 0.5 0.5 1 1 1
7 P_6 19 19 0 0 0 1 1 1
7 P_6 20 20 0 0 0 1 1 1
7 P_6 21 21 0 0 0 1 1 1
7 P_6 22 22 0.5 0.5 0.5 1 1 1
7 P_6 23 23 0 0 0 1 1 1
7 P_6 24 24 0 0 0 1 1 1
7 P_6 25 25 0.207109 0.26851851851851855 0.328023 1 1 1
7 P_6 26 26 0 0 0 1 1 1
7 P_6 27 27 0 0 0 1 1 1
7 P_6 28 28 0 0 0 1 1 1
7 P_6 29 29 0 0 0 1 1 1
7 P_6 30 30 0.2158115 0.28125 0.3430875 1 1 1
7 P_6 31 31 0 0 0 1 1 1
7 P_6 32 32 0 0 0 1 1 1
7 P_6 33 33 0 0 0 1 1 1
7 P_6 34 34 0 0 0 1 1 1
7 P_6 35 35 0 0 0 1 1 1
7 P_6 36 36 0 0 0 1 1 1
7 P_6 37 37 0 0 0 1 1 1
7 P_6 38 38 0.1216835 0.18181818181818182 0.250491 1 1 1
7 P_6 39 39 0.129421 0.18627450980392157 0.250054 1 1 1
7 P_6 40 40 0 0 0 1 1 1
7 P_6 41 41 0 0 0 1 1 1
7 P_6 42 42 0 0 0 1 1 1
7 P_6 43 43 0.2276785 0.2904761904761905 0.3489955 1 1 1
7 P_6 44 44 0 0 0 1 1 1
7 P_6 45 45 0.22824150000000001 0.29292929292929293 0.3528145 1 1 1
7 P_6 46 46 0 0 0 1 1 1
7 P_6 47 47 0 0 0 1 1 1
7 P_6 48 48 0.262838 0.32673267326732675 0.382209 1 1 1
7 P_6 49 49 0 0 0 1 1 1
7 P_6 50 50 0 0 0 1 1 1
7 P_6 51 51 0 0 0 1 1 1
7 P_6 52 52 0.1081165 0.16176470588235295 0.2250015 1 1 1
7 P_6 53 53 0 0 0 1 1 1
7 P_6 54 54 0 0 0 1 1 1
7 P_6 55 55 0 0 0 1 1 1
7 P_6 56 56 0.1282495 0.18067226890756302 0.239588 1 1 1
7 P_6 57 57 0 0 0 1 1 1
8 P_3 0 0 0 0 0 1 1 1
8 P_3 1 1 0 0 0 1 1 1
8 P_3 2 2 0.302587 0.3670212765957447 0.4177065 1 1 1
8 P_3 3 3 0 0 0 1 1 1
8 P_3 4 4 0 0 0 1 1 1
8 P_3 5 5 0 0 0 1 1 1
8 P_3 6 6 0 0 0 1 1 1
8 P_3 7 7 0.3638075 0.4146341463414634 0.45055 1 1 1
8 P_3 8 8 0 0 0 1 1 1
8 P_3 9 9 0 0 0 1 1 1
8 P_3 10 10 0 0 0 1 1 1
8 P_3 11 11 0 0 0 1 1 1
8 P_3 12 12 0 0 0 1 1 1
8 P_3 13 13 0.345081 0.40404040404040403 0.4457945 1 1 1
8 P_3 14 14 0 0 0 1 1 1
8 P_3 15 15 0.5 0.5 0.5 1 1 1
8 P_3 16 16 0.5 0.5 0.5 1 1 1
8 P_3 17 17 0 0 0 1 1 1
8 P_3 18 18 0.076456 0.1206896551724138 0.1773285 1 1 1
8 P_3 19 19 0 0 0 1 1 1
8 P_3 20 20 0.316157 0.3761904761904762 0.4228955 1 1 1
8 P_3 21 21 0 0 0 1 1 1
8 P_3 22 22 0.5 0.5 0.5 1 1 1
8 P_3 23 23 0 0 0 1 1 1
8 P_3 24 24 0 0 0 1 1 1
8 P_3 25 25 0.054607 0.09523809523809523 0.152204 1 1 1
8 P_3 26 26 0 0 0 1 1 1
8 P_3 27 27 0.314557 0.375 0.422118 1 1 1
8 P_3 28 28 0 0 0 1 1 1
8 P_3 29 29 0 0 0 1 1 1
8 P_3 30 30 0.0327151 0.06481481481481481 0.1159105 1 1 1
8 P_3 31 31 0 0 0 1 1 1
8 P_3 32 32 0 0 0 1 1 1
8 P_3 33 33 0 0 0 1 1 1
8 P_3 34 34 0 0 0 1 1 1
8 P_3 35 35 0 0 0 1 1 1
8 P_3 36 36 0 0 0 1 1 1
8 P_3 37 37 0 0 0 1 1 1
8 P_3 38 38 0 0 0 1 1 1
8 P_3 39 39 0 0 0 1 1 1
8 P_3 40 40 0 0 0 1 1 1
8 P_3 41 41 0 0 0 1 1 1
8 P_3 42 42 0.304451 0.3684210526315789 0.4186185 1 1 1
8 P_3 43 43 0.0866245 0.13829787234042554 0.2030965 1 1 1
8 P_3 44 44 0.3464495 0.4017857142857143 0.442066 1 1 1
8 P_3 45 45 0.0550185 0.0989010989010989 0.1610815 1 1 1
8 P_3 46 46 0 0 0 1 1 1
8 P_3 47 47 0 0 0 1 1 1
8 P_3 48 48 0.065043 0.10849056603773585 0.1667435 1 1 1
8 P_3 49 49 0 0 0 1 1 1
8 P_3 50 50 0.3557325 0.411214953271028 0.4499915 1 1 1
8 P_3 51 51 0 0 0 1 1 1
8 P_3 52 52 0 0 0 1 1 1
8 P_3 53 53 0 0 0 1 1 1
8 P_3 54 54 0.347054 0.4107142857142857 0.4533745 1 1 1
8 P_3 55 55 0.342427 0.4 0.4417385 1 1 1
8 P_3 56 56 0 0 0 1 1 1
8 P_3 57 57 0 0 0 1 1 1
9 P_0 0 0 0 0 0 1 1 1
9 P_0 1 1 0 0 0 1 1 1
9 P_0 2 2 0.5 0.5 0.5 1 1 1
9 P_0 3 3 0 0 0 1 1 1
9 P_0 4 4 0 0 0 1 1 1
9 P_0 5 5 0 0 0 1 1 1
9 P_0 6 6 0 0 0 1 1 1
9 P_0 7 7 0.5 0.5 0.5 1 1 1
9 P_0 8 8 0 0 0 1 1 1
9 P_0 9 9 0 0 0 1 1 1
9 P_0 10 10 0 0 0 1 1 1
9 P_0 11 11 0 0 0 1 1 1
9 P_0 12 12 0 0 0 1 1 1
9 P_0 13 13 0.5 0.5 0.5 1 1 1
9 P_0 14 14 0 0 0 1 1 1
9 P_0 15 15 0.5 0.5 0.5 1 1 1
9 P_0 16 16 0.5 0.5 0.5 1 1 1
9 P_0 17 17 0 0 0 1 1 1
9 P_0 18 18 0 0 0 1 1 1
9 P_0 19 19 0 0 0 1 1 1
9 P_0 20 20 0.5 0.5 0.5 1 1 1
9 P_0 21 21 0 0 0 1 1 1
9 P_0 22 22 0.5 0.5 0.5 1 1 1
9 P_0 23 23 0 0 0 1 1 1
9 P_0 24 24 0 0 0 1 1 1
9 P_0 25 25 0 0 0 1 1 1
9 P_0 26 26 0 0 0 1 1 1
9 P_0 27 27 0.5 0.5 0.5 1 1 1
9 P_0 28 28 0 0 0 1 1 1
9 P_0 29 29 0 0 0 1 1 1
9 P_0 30 30 0 0 0 1 1 1
9 P_0 31 31 0 0 0 1 1 1
9 P_0 32 32 0 0 0 1 1 1
9 P_0 33 33 0 0 0 1 1 1
9 P_0 34 34 0 0 0 1 1 1
9 P_0 35 35 0 0 0 1 1 1
9 P_0 36 36 0 0 0 1 1 1
9 P_0 37 37 0 0 0 1 1 1
9 P_0 38 38 0 0 0 1 1 1
9 P_0 39 39 0 0 0 1 1 1
9 P_0 40 40 0 0 0 1 1 1
9 P_0 41 41 0 0 0 1 1 1
9 P_0 42 42 0.5 0.5 0.5 1 1 1
9 P_0 43 43 0 0 0 1 1 1
9 P_0 44 44 0.5 0.5 0.5 1 1 1
9 P_0 45 45 0 0 0 1 1 1
9 P_0 46 46 0 0 0 1 1 1
9 P_0 47 47 0 0 0 1 1 1
9 P_0 48 48 0 0 0 1 1 1
9 P_0 49 49 0 0 0 1 1 1
9 P_0 50 50 0.5 0.5 0.5 1 1 1
9 P_0 51 51 0 0 0 1 1 1
9 P_0 52 52 0 0 0 1 1 1
9 P_0 53 53 0 0 0 1 1 1
9 P_0 54 54 0.5 0.5 0.5 1 1 1
9 P_0 55 55 0.5 0.5 0.5 1 1 1
9 P_0 56 56 0 0 0 1 1 1
9 P_0 57 57 0 0 0 1 1 1
