2 #m
421 #n
0 P_9 0 0 0 0 0 1 1 1
0 P_9 1 1 0.5 0.5 0.5 1 1 1
0 P_9 2 2 0 0 0 1 1 1
0 P_9 3 3 0 0 0 1 1 1
0 P_9 4 4 0 0 0 1 1 1
0 P_9 5 5 0 0 0 1 1 1
0 P_9 6 6 0 0 0 1 1 1
0 P_9 7 7 0 0 0 1 1 1
0 P_9 8 8 0.1998535 0.29 0.37161 1 1 1
0 P_9 9 9 0.204668 0.29245283018867924 0.371655 1 1 1
0 P_9 10 10 0 0 0 1 1 1
0 P_9 11 11 0 0 0 1 1 1
0 P_9 12 12 0 0 0 1 1 1
0 P_9 13 13 0.2755865 0.3695652173913043 0.4360275 1 1 1
0 P_9 14 14 0 0 0 1 1 1
0 P_9 15 15 0.2153025 0.3111111111111111 0.392551 1 1 1
0 P_9 16 16 0 0 0 1 1 1
0 P_9 17 17 0.5 0.5 0.5 1 1 1
0 P_9 18 18 0.2298435 0.3229166666666667 0.3998365 1 1 1
0 P_9 19 19 0 0 0 1 1 1
0 P_9 20 20 0.0970585 0.17857142857142858 0.277971 1 1 1
0 P_9 21 21 0.0970395 0.16666666666666666 0.2520305 1 1 1
0 P_9 22 22 0.0886755 0.1532258064516129 0.234663 1 1 1
0 P_9 23 23 0.122328 0.21621621621621623 0.319599 1 1 1
0 P_9 24 24 0 0 0 1 1 1
0 P_9 25 25 0.143017 0.22033898305084745 0.303087 1 1 1
0 P_9 26 26 0 0 0 1 1 1
0 P_9 27 27 0 0 0 1 1 1
0 P_9 28 28 0 0 0 1 1 1
0 P_9 29 29 0.5 0.5 0.5 1 1 1
0 P_9 30 30 0 0 0 1 1 1
0 P_9 31 31 0 0 0 1 1 1
0 P_9 32 32 0 0 0 1 1 1
0 P_9 33 33 0.1071615 0.18269230769230768 0.2720705 1 1 1
0 P_9 34 34 0 0 0 1 1 1
0 P_9 35 35 0.2587815 0.34545454545454546 0.4134955 1 1 1
0 P_9 36 36 0 0 0 1 1 1
0 P_9 37 37 0.090694 0.17567567567567569 0.281534 1 1 1
0 P_9 38 38 0 0 0 1 1 1
0 P_9 39 39 0.270411 0.36904761904761907 0.4379095 1 1 1
0 P_9 40 40 0 0 0 1 1 1
0 P_9 41 41 0 0 0 1 1 1
0 P_9 42 42 0 0 0 1 1 1
0 P_9 43 43 0 0 0 1 1 1
0 P_9 44 44 0 0 0 1 1 1
0 P_9 45 45 0 0 0 1 1 1
0 P_9 46 46 0 0 0 1 1 1
0 P_9 47 47 0 0 0 1 1 1
0 P_9 48 48 0.0779515 0.14893617021276595 0.2427365 1 1 1
0 P_9 49 49 0 0 0 1 1 1
0 P_9 50 50 0.2213315 0.3050847457627119 0.378763 1 1 1
0 P_9 51 51 0 0 0 1 1 1
0 P_9 52 52 0.067106 0.1326530612244898 0.223682 1 1 1
0 P_9 53 53 0.249482 0.33636363636363636 0.4063845 1 1 1
0 P_9 54 54 0.151886 0.2441860465116279 0.3379115 1 1 1
0 P_9 55 55 0 0 0 1 1 1
0 P_9 56 56 0 0 0 1 1 1
0 P_9 57 57 0 0 0 1 1 1
0 P_9 58 58 0.233767 0.3333333333333333 0.41203650000000003 1 1 1
0 P_9 59 59 0 0 0 1 1 1
0 P_9 60 60 0 0 0 1 1 1
0 P_9 61 61 0.5 0.5 0.5 1 1 1
0 P_9 62 62 0 0 0 1 1 1
0 P_9 63 63 0.067106 0.1326530612244898 0.223682 1 1 1
0 P_9 64 64 0.5 0.5 0.5 1 1 1
0 P_9 65 65 0.5 0.5 0.5 1 1 1
0 P_9 66 66 0.5 0.5 0.5 1 1 1
0 P_9 67 67 0.5 0.5 0.5 1 1 1
0 P_9 68 68 0 0 0 1 1 1
0 P_9 69 69 0 0 0 1 1 1
0 P_9 70 70 0 0 0 1 1 1
0 P_9 71 71 0.097952 0.17346938775510204 0.2656205 1 1 1
0 P_9 72 72 0 0 0 1 1 1
0 P_9 73 73 0 0 0 1 1 1
0 P_9 74 74 0 0 0 1 1 1
0 P_9 75 75 0 0 0 1 1 1
0 P_9 76 76 0 0 0 1 1 1
0 P_9 77 77 0 0 0 1 1 1
0 P_9 78 78 0.223549 0.3137254901960784 0.3905525 1 1 1
0 P_9 79 79 0 0 0 1 1 1
0 P_9 80 80 0.0561755 0.11206896551724138 0.193554 1 1 1
0 P_9 81 81 0.1049045 0.18478260869565216 0.279688 1 1 1
0 P_9 82 82 0.5 0.5 0.5 1 1 1
0 P_9 83 83 0.5 0.5 0.5 1 1 1
0 P_9 84 84 0.1229725 0.20192307692307693 0.2907665 1 1 1
0 P_9 85 85 0.03237185 0.08536585365853659 0.180335 1 1 1
0 P_9 86 86 0.25164 0.33620689655172414 0.404758 1 1 1
0 P_9 87 87 0.271415 0.36666666666666664 0.4345195 1 1 1
0 P_9 88 88 0 0 0 1 1 1
0 P_9 89 89 0.0585785 0.12 0.2091165 1 1 1
0 P_9 90 90 0.0591085 0.125 0.220849 1 1 1
0 P_9 91 91 0.222303 0.3090909090909091 0.3843385 1 1 1
0 P_9 92 92 0 0 0 1 1 1
0 P_9 93 93 0.08117 0.15853658536585366 0.2593055 1 1 1
0 P_9 94 94 0.1409195 0.21929824561403508 0.3034775 1 1 1
0 P_9 95 95 0 0 0 1 1 1
0 P_9 96 96 0 0 0 1 1 1
0 P_9 97 97 0 0 0 1 1 1
0 P_9 98 98 0 0 0 1 1 1
0 P_9 99 99 0.093811 0.16666666666666666 0.2569745 1 1 1
0 P_9 100 100 0.082192 0.15306122448979592 0.2449915 1 1 1
0 P_9 101 101 0.5 0.5 0.5 1 1 1
0 P_9 102 102 0 0 0 1 1 1
0 P_9 103 103 0 0 0 1 1 1
0 P_9 104 104 0 0 0 1 1 1
0 P_9 105 105 0 0 0 1 1 1
0 P_9 106 106 0 0 0 1 1 1
0 P_9 107 107 0.5 0.5 0.5 1 1 1
0 P_9 108 108 0 0 0 1 1 1
0 P_9 109 109 0.5 0.5 0.5 1 1 1
0 P_9 110 110 0.5 0.5 0.5 1 1 1
0 P_9 111 111 0.2873315 0.375 0.4369835 1 1 1
0 P_9 112 112 0 0 0 1 1 1
0 P_9 113 113 0 0 0 1 1 1
0 P_9 114 114 0 0 0 1 1 1
0 P_9 115 115 0 0 0 1 1 1
0 P_9 116 116 0 0 0 1 1 1
0 P_9 117 117 0 0 0 1 1 1
0 P_9 118 118 0.0832645 0.14912280701754385 0.2340245 1 1 1
0 P_9 119 119 0 0 0 1 1 1
0 P_9 120 120 0 0 0 1 1 1
0 P_9 121 121 0.238073 0.3220338983050847 0.392822 1 1 1
0 P_9 122 122 0 0 0 1 1 1
0 P_9 123 123 0.072974 0.14 0.2304755 1 1 1
0 P_9 124 124 0 0 0 1 1 1
0 P_9 125 125 0 0 0 1 1 1
0 P_9 126 126 0.0714535 0.13725490196078433 0.2266525 1 1 1
0 P_9 127 127 0.261489 0.3541666666666667 0.423782 1 1 1
0 P_9 128 128 0.283499 0.375 0.438844 1 1 1
0 P_9 129 129 0.1887035 0.2840909090909091 0.3712935 1 1 1
0 P_9 130 130 0 0 0 1 1 1
0 P_9 131 131 0 0 0 1 1 1
0 P_9 132 132 0 0 0 1 1 1
0 P_9 133 133 0 0 0 1 1 1
0 P_9 134 134 0.195735 0.2830188679245283 0.363627 1 1 1
0 P_9 135 135 0 0 0 1 1 1
0 P_9 136 136 0 0 0 1 1 1
0 P_9 137 137 0.2639305 0.3474576271186441 0.413169 1 1 1
0 P_9 138 138 0.5 0.5 0.5 1 1 1
0 P_9 139 139 0.100959 0.1891891891891892 0.2945045 1 1 1
0 P_9 140 140 0 0 0 1 1 1
0 P_9 141 141 0.5 0.5 0.5 1 1 1
0 P_9 142 142 0.2733475 0.3627450980392157 0.4285465 1 1 1
0 P_9 143 143 0 0 0 1 1 1
0 P_9 144 144 0 0 0 1 1 1
0 P_9 145 145 0.084431 0.15384615384615385 0.2430345 1 1 1
0 P_9 146 146 0 0 0 1 1 1
0 P_9 147 147 0 0 0 1 1 1
0 P_9 148 148 0.268336 0.3617021276595745 0.4298585 1 1 1
0 P_9 149 149 0.073467 0.14444444444444443 0.24022 1 1 1
0 P_9 150 150 0.5 0.5 0.5 1 1 1
0 P_9 151 151 0.5 0.5 0.5 1 1 1
0 P_9 152 152 0.1094475 0.18627450980392157 0.276451 1 1 1
0 P_9 153 153 0 0 0 1 1 1
0 P_9 154 154 0.305201 0.39215686274509803 0.4493925 1 1 1
0 P_9 155 155 0.5 0.5 0.5 1 1 1
0 P_9 156 156 0.220312 0.31521739130434784 0.3950955 1 1 1
0 P_9 157 157 0 0 0 1 1 1
0 P_9 158 158 0 0 0 1 1 1
0 P_9 159 159 0 0 0 1 1 1
0 P_9 160 160 0 0 0 1 1 1
0 P_9 161 161 0.5 0.5 0.5 1 1 1
0 P_9 162 162 0 0 0 1 1 1
0 P_9 163 163 0 0 0 1 1 1
0 P_9 164 164 0 0 0 1 1 1
0 P_9 165 165 0 0 0 1 1 1
0 P_9 166 166 0.248863 0.34 0.411942 1 1 1
0 P_9 167 167 0 0 0 1 1 1
0 P_9 168 168 0 0 0 1 1 1
0 P_9 169 169 0 0 0 1 1 1
0 P_9 170 170 0 0 0 1 1 1
0 P_9 171 171 0.5 0.5 0.5 1 1 1
0 P_9 172 172 0.0625325 0.1276595744680851 0.220388 1 1 1
0 P_9 173 173 0.5 0.5 0.5 1 1 1
0 P_9 174 174 0.209066 0.29464285714285715 0.3716455 1 1 1
0 P_9 175 175 0 0 0 1 1 1
0 P_9 176 176 0.119013 0.2073170731707317 0.3065505 1 1 1
0 P_9 177 177 0 0 0 1 1 1
0 P_9 178 178 0.248363 0.34444444444444444 0.4183325 1 1 1
0 P_9 179 179 0 0 0 1 1 1
0 P_9 180 180 0.279612 0.3723404255319149 0.4374675 1 1 1
0 P_9 181 181 0.215902 0.313953488372093 0.396329 1 1 1
0 P_9 182 182 0.0882215 0.1574074074074074 0.244979 1 1 1
0 P_9 183 183 0.1037635 0.18 0.2711705 1 1 1
0 P_9 184 184 0 0 0 1 1 1
0 P_9 185 185 0.5 0.5 0.5 1 1 1
0 P_9 186 186 0 0 0 1 1 1
0 P_9 187 187 0.3056975 0.38524590163934425 0.440855 1 1 1
0 P_9 188 188 0.251145 0.33962264150943394 0.409991 1 1 1
0 P_9 189 189 0 0 0 1 1 1
0 P_9 190 190 0 0 0 1 1 1
0 P_9 191 191 0.0605625 0.12790697674418605 0.2251365 1 1 1
0 P_9 192 192 0.089992 0.16326530612244897 0.255387 1 1 1
0 P_9 193 193 0 0 0 1 1 1
0 P_9 194 194 0 0 0 1 1 1
0 P_9 195 195 0.0816675 0.15555555555555556 0.251637 1 1 1
0 P_9 196 196 0 0 0 1 1 1
0 P_9 197 197 0 0 0 1 1 1
0 P_9 198 198 0.2630835 0.35294117647058826 0.421249 1 1 1
0 P_9 199 199 0 0 0 1 1 1
0 P_9 200 200 0.03229925 0.08 0.163832 1 1 1
0 P_9 201 201 0.5 0.5 0.5 1 1 1
0 P_9 202 202 0.5 0.5 0.5 1 1 1
0 P_9 203 203 0 0 0 1 1 1
0 P_9 204 204 0 0 0 1 1 1
0 P_9 205 205 0 0 0 1 1 1
0 P_9 206 206 0.244613 0.336734693877551 0.410008 1 1 1
0 P_9 207 207 0 0 0 1 1 1
0 P_9 208 208 0.230989 0.32608695652173914 0.403656 1 1 1
0 P_9 209 209 0.220312 0.31521739130434784 0.3950955 1 1 1
0 P_9 210 210 0.2332175 0.3235294117647059 0.39844 1 1 1
0 P_9 211 211 0.0954815 0.16666666666666666 0.2544015 1 1 1
0 P_9 212 212 0 0 0 1 1 1
0 P_9 213 213 0 0 0 1 1 1
0 P_9 214 214 0 0 0 1 1 1
0 P_9 215 215 0 0 0 1 1 1
0 P_9 216 216 0.2655735 0.35714285714285715 0.4254395 1 1 1
0 P_9 217 217 0 0 0 1 1 1
0 P_9 218 218 0.5 0.5 0.5 1 1 1
0 P_9 219 219 0 0 0 1 1 1
0 P_9 220 220 0 0 0 1 1 1
0 P_9 221 221 0 0 0 1 1 1
0 P_9 222 222 0.1094475 0.18627450980392157 0.276451 1 1 1
0 P_9 223 223 0 0 0 1 1 1
0 P_9 224 224 0.1965225 0.2807017543859649 0.3590805 1 1 1
0 P_9 225 225 0.271735 0.35714285714285715 0.4219905 1 1 1
0 P_9 226 226 0 0 0 1 1 1
0 P_9 227 227 0 0 0 1 1 1
0 P_9 228 228 0.1560585 0.2403846153846154 0.3266895 1 1 1
0 P_9 229 229 0.5 0.5 0.5 1 1 1
0 P_9 230 230 0.5 0.5 0.5 1 1 1
0 P_9 231 231 0 0 0 1 1 1
0 P_9 232 232 0 0 0 1 1 1
0 P_9 233 233 0 0 0 1 1 1
0 P_9 234 234 0 0 0 1 1 1
0 P_9 235 235 0 0 0 1 1 1
0 P_9 236 236 0 0 0 1 1 1
0 P_9 237 237 0 0 0 1 1 1
0 P_9 238 238 0 0 0 1 1 1
0 P_9 239 239 0 0 0 1 1 1
0 P_9 240 240 0 0 0 1 1 1
0 P_9 241 241 0 0 0 1 1 1
0 P_9 242 242 0 0 0 1 1 1
0 P_9 243 243 0.1256175 0.21428571428571427 0.311901 1 1 1
0 P_9 244 244 0 0 0 1 1 1
0 P_9 245 245 0.2685345 0.3492063492063492 0.412826 1 1 1
0 P_9 246 246 0 0 0 1 1 1
0 P_9 247 247 0.0954815 0.16666666666666666 0.2544015 1 1 1
0 P_9 248 248 0.2741655 0.375 0.4431615 1 1 1
0 P_9 249 249 0.219668 0.32857142857142857 0.4142775 1 1 1
0 P_9 250 250 0.215902 0.313953488372093 0.396329 1 1 1
0 P_9 251 251 0 0 0 1 1 1
0 P_9 252 252 0 0 0 1 1 1
0 P_9 253 253 0.0954815 0.16666666666666666 0.2544015 1 1 1
0 P_9 254 254 0.3214405 0.4 0.451611 1 1 1
0 P_9 255 255 0 0 0 1 1 1
0 P_9 256 256 0.5 0.5 0.5 1 1 1
0 P_9 257 257 0 0 0 1 1 1
0 P_9 258 258 0.277771 0.36363636363636365 0.4273295 1 1 1
0 P_9 259 259 0 0 0 1 1 1
0 P_9 260 260 0 0 0 1 1 1
0 P_9 261 261 0 0 0 1 1 1
0 P_9 262 262 0 0 0 1 1 1
0 P_9 263 263 0 0 0 1 1 1
0 P_9 264 264 0 0 0 1 1 1
0 P_9 265 265 0 0 0 1 1 1
0 P_9 266 266 0.2231025 0.325 0.4072655 1 1 1
0 P_9 267 267 0.058381 0.1282051282051282 0.2306075 1 1 1
0 P_9 268 268 0.0717655 0.14130434782608695 0.2358665 1 1 1
0 P_9 269 269 0 0 0 1 1 1
0 P_9 270 270 0 0 0 1 1 1
0 P_9 271 271 0 0 0 1 1 1
0 P_9 272 272 0.5 0.5 0.5 1 1 1
0 P_9 273 273 0.253642 0.3360655737704918 0.403237 1 1 1
0 P_9 274 274 0 0 0 1 1 1
0 P_9 275 275 0.5 0.5 0.5 1 1 1
0 P_9 276 276 0.240222 0.3333333333333333 0.4079865 1 1 1
0 P_9 277 277 0 0 0 1 1 1
0 P_9 278 278 0.1993205 0.29545454545454547 0.380677 1 1 1
0 P_9 279 279 0 0 0 1 1 1
0 P_9 280 280 0.5 0.5 0.5 1 1 1
0 P_9 281 281 0.223549 0.3137254901960784 0.3905525 1 1 1
0 P_9 282 282 0.2695245 0.36 0.427026 1 1 1
0 P_9 283 283 0.112641 0.18867924528301888 0.277113 1 1 1
0 P_9 284 284 0 0 0 1 1 1
0 P_9 285 285 0.0950895 0.16129032258064516 0.242973 1 1 1
0 P_9 286 286 0.251145 0.33962264150943394 0.409991 1 1 1
0 P_9 287 287 0 0 0 1 1 1
0 P_9 288 288 0.139277 0.22115384615384615 0.3089675 1 1 1
0 P_9 289 289 0.263002 0.37142857142857144 0.4440545 1 1 1
0 P_9 290 290 0 0 0 1 1 1
0 P_9 291 291 0 0 0 1 1 1
0 P_9 292 292 0 0 0 1 1 1
0 P_9 293 293 0 0 0 1 1 1
0 P_9 294 294 0 0 0 1 1 1
0 P_9 295 295 0 0 0 1 1 1
0 P_9 296 296 0.5 0.5 0.5 1 1 1
0 P_9 297 297 0 0 0 1 1 1
0 P_9 298 298 0 0 0 1 1 1
0 P_9 299 299 0 0 0 1 1 1
0 P_9 300 300 0.248363 0.34444444444444444 0.4183325 1 1 1
0 P_9 301 301 0.5 0.5 0.5 1 1 1
0 P_9 302 302 0 0 0 1 1 1
0 P_9 303 303 0.5 0.5 0.5 1 1 1
0 P_9 304 304 0 0 0 1 1 1
0 P_9 305 305 0 0 0 1 1 1
0 P_9 306 306 0 0 0 1 1 1
0 P_9 307 307 0.1991265 0.3 0.3877805 1 1 1
0 P_9 308 308 0 0 0 1 1 1
0 P_9 309 309 0 0 0 1 1 1
0 P_9 310 310 0 0 0 1 1 1
0 P_9 311 311 0 0 0 1 1 1
0 P_9 312 312 0.2630835 0.35294117647058826 0.421249 1 1 1
0 P_9 313 313 0 0 0 1 1 1
0 P_9 314 314 0 0 0 1 1 1
0 P_9 315 315 0 0 0 1 1 1
0 P_9 316 316 0 0 0 1 1 1
0 P_9 317 317 0 0 0 1 1 1
0 P_9 318 318 0 0 0 1 1 1
0 P_9 319 319 0 0 0 1 1 1
0 P_9 320 320 0.2657835 0.36585365853658536 0.4363015 1 1 1
0 P_9 321 321 0 0 0 1 1 1
0 P_9 322 322 0.2271285 0.3148148148148148 0.3896255 1 1 1
0 P_9 323 323 0.2217875 0.30701754385964913 0.3814775 1 1 1
0 P_9 324 324 0.077137 0.14423076923076922 0.23307 1 1 1
0 P_9 325 325 0 0 0 1 1 1
0 P_9 326 326 0 0 0 1 1 1
0 P_9 327 327 0 0 0 1 1 1
0 P_9 328 328 0 0 0 1 1 1
0 P_9 329 329 0.5 0.5 0.5 1 1 1
0 P_9 330 330 0 0 0 1 1 1
0 P_9 331 331 0 0 0 1 1 1
0 P_9 332 332 0.26693 0.3557692307692308 0.422863 1 1 1
0 P_9 333 333 0.1991045 0.3026315789473684 0.3917215 1 1 1
0 P_9 334 334 0 0 0 1 1 1
0 P_9 335 335 0 0 0 1 1 1
0 P_9 336 336 0 0 0 1 1 1
0 P_9 337 337 0 0 0 1 1 1
0 P_9 338 338 0 0 0 1 1 1
0 P_9 339 339 0.2848485 0.36666666666666664 0.4275 1 1 1
0 P_9 340 340 0 0 0 1 1 1
0 P_9 341 341 0 0 0 1 1 1
0 P_9 342 342 0 0 0 1 1 1
0 P_9 343 343 0 0 0 1 1 1
0 P_9 344 344 0 0 0 1 1 1
0 P_9 345 345 0.10637 0.19047619047619047 0.28949 1 1 1
0 P_9 346 346 0.299975 0.3813559322033898 0.438746 1 1 1
0 P_9 347 347 0 0 0 1 1 1
0 P_9 348 348 0 0 0 1 1 1
0 P_9 349 349 0 0 0 1 1 1
0 P_9 350 350 0.2552685 0.3522727272727273 0.4247485 1 1 1
0 P_9 351 351 0.5 0.5 0.5 1 1 1
0 P_9 352 352 0 0 0 1 1 1
0 P_9 353 353 0 0 0 1 1 1
0 P_9 354 354 0.3073475 0.39090909090909093 0.447003 1 1 1
0 P_9 355 355 0 0 0 1 1 1
0 P_9 356 356 0.06859 0.13541666666666666 0.2276045 1 1 1
0 P_9 357 357 0.2806335 0.36792452830188677 0.4314035 1 1 1
0 P_9 358 358 0 0 0 1 1 1
0 P_9 359 359 0 0 0 1 1 1
0 P_9 360 360 0 0 0 1 1 1
0 P_9 361 361 0 0 0 1 1 1
0 P_9 362 362 0.2831565 0.38461538461538464 0.450088 1 1 1
0 P_9 363 363 0.2143725 0.30612244897959184 0.3856715 1 1 1
0 P_9 364 364 0 0 0 1 1 1
0 P_9 365 365 0.065392 0.1375 0.2390285 1 1 1
0 P_9 366 366 0.061156 0.125 0.216501 1 1 1
0 P_9 367 367 0 0 0 1 1 1
0 P_9 368 368 0 0 0 1 1 1
0 P_9 369 369 0.5 0.5 0.5 1 1 1
0 P_9 370 370 0 0 0 1 1 1
0 P_9 371 371 0 0 0 1 1 1
0 P_9 372 372 0 0 0 1 1 1
0 P_9 373 373 0.0551375 0.11702127659574468 0.208894 1 1 1
0 P_9 374 374 0 0 0 1 1 1
0 P_9 375 375 0.280111 0.37 0.434315 1 1 1
0 P_9 376 376 0.2101195 0.3068181818181818 0.3898785 1 1 1
0 P_9 377 377 0.281169 0.36607142857142855 0.428705 1 1 1
0 P_9 378 378 0 0 0 1 1 1
0 P_9 379 379 0.091821 0.16071428571428573 0.246747 1 1 1
0 P_9 380 380 0.2140155 0.30392156862745096 0.3825305 1 1 1
0 P_9 381 381 0.0751535 0.13793103448275862 0.2215185 1 1 1
0 P_9 382 382 0 0 0 1 1 1
0 P_9 383 383 0 0 0 1 1 1
0 P_9 384 384 0.1408225 0.22826086956521738 0.32071 1 1 1
0 P_9 385 385 0 0 0 1 1 1
0 P_9 386 386 0.0539305 0.11458333333333333 0.205186 1 1 1
0 P_9 387 387 0.0790955 0.15476190476190477 0.2542655 1 1 1
0 P_9 388 388 0.0636985 0.13414634146341464 0.2342165 1 1 1
0 P_9 389 389 0 0 0 1 1 1
0 P_9 390 390 0 0 0 1 1 1
0 P_9 391 391 0.113416 0.1875 0.273586 1 1 1
0 P_9 392 392 0 0 0 1 1 1
0 P_9 393 393 0.1846715 0.2765957446808511 0.36251 1 1 1
0 P_9 394 394 0.2430255 0.3333333333333333 0.406189 1 1 1
0 P_9 395 395 0 0 0 1 1 1
0 P_9 396 396 0 0 0 1 1 1
0 P_9 397 397 0 0 0 1 1 1
0 P_9 398 398 0 0 0 1 1 1
0 P_9 399 399 0.5 0.5 0.5 1 1 1
0 P_9 400 400 0 0 0 1 1 1
0 P_9 401 401 0.2471485 0.33653846153846156 0.4081295 1 1 1
0 P_9 402 402 0 0 0 1 1 1
0 P_9 403 403 0 0 0 1 1 1
0 P_9 404 404 0 0 0 1 1 1
0 P_9 405 405 0 0 0 1 1 1
0 P_9 406 406 0.5 0.5 0.5 1 1 1
0 P_9 407 407 0 0 0 1 1 1
0 P_9 408 408 0.5 0.5 0.5 1 1 1
0 P_9 409 409 0 0 0 1 1 1
0 P_9 410 410 0.2723955 0.3645833333333333 0.43141 1 1 1
0 P_9 411 411 0.244613 0.336734693877551 0.410008 1 1 1
0 P_9 412 412 0 0 0 1 1 1
0 P_9 413 413 0 0 0 1 1 1
0 P_9 414 414 0.2620525 0.3442622950819672 0.4097695 1 1 1
0 P_9 415 415 0 0 0 1 1 1
0 P_9 416 416 0 0 0 1 1 1
0 P_9 417 417 0 0 0 1 1 1
0 P_9 418 418 0 0 0 1 1 1
0 P_9 419 419 0 0 0 1 1 1
0 P_9 420 420 0 0 0 1 1 1
1 P_8 0 0 0 0 0 1 1 1
1 P_8 1 1 0.5 0.5 0.5 1 1 1
1 P_8 2 2 0 0 0 1 1 1
1 P_8 3 3 0 0 0 1 1 1
1 P_8 4 4 0 0 0 1 1 1
1 P_8 5 5 0 0 0 1 1 1
1 P_8 6 6 0 0 0 1 1 1
1 P_8 7 7 0.3240185 0.4016393442622951 0.4524375 1 1 1
1 P_8 8 8 0.0516685 0.11 0.1981445 1 1 1
1 P_8 9 9 0.04980455 0.12121212121212122 0.23262 1 1 1
1 P_8 10 10 0 0 0 1 1 1
1 P_8 11 11 0 0 0 1 1 1
1 P_8 12 12 0 0 0 1 1 1
1 P_8 13 13 0.0605625 0.12790697674418605 0.2251365 1 1 1
1 P_8 14 14 0.280111 0.37 0.434315 1 1 1
1 P_8 15 15 0.0368699 0.09090909090909091 0.1830035 1 1 1
1 P_8 16 16 0 0 0 1 1 1
1 P_8 17 17 0.5 0.5 0.5 1 1 1
1 P_8 18 18 0.5 0.5 0.5 1 1 1
1 P_8 19 19 0 0 0 1 1 1
1 P_8 20 20 0 0 0 1 1 1
1 P_8 21 21 0 0 0 1 1 1
1 P_8 22 22 0 0 0 1 1 1
1 P_8 23 23 0 0 0 1 1 1
1 P_8 24 24 0.2531055 0.35365853658536583 0.4276975 1 1 1
1 P_8 25 25 0 0 0 1 1 1
1 P_8 26 26 0.366555 0.4365079365079365 0.474536 1 1 1
1 P_8 27 27 0 0 0 1 1 1
1 P_8 28 28 0 0 0 1 1 1
1 P_8 29 29 0.5 0.5 0.5 1 1 1
1 P_8 30 30 0 0 0 1 1 1
1 P_8 31 31 0 0 0 1 1 1
1 P_8 32 32 0 0 0 1 1 1
1 P_8 33 33 0 0 0 1 1 1
1 P_8 34 34 0 0 0 1 1 1
1 P_8 35 35 0.0779515 0.14893617021276595 0.2427365 1 1 1
1 P_8 36 36 0.2806335 0.36792452830188677 0.4314035 1 1 1
1 P_8 37 37 0 0 0 1 1 1
1 P_8 38 38 0 0 0 1 1 1
1 P_8 39 39 0.082192 0.15306122448979592 0.2449915 1 1 1
1 P_8 40 40 0 0 0 1 1 1
1 P_8 41 41 0 0 0 1 1 1
1 P_8 42 42 0 0 0 1 1 1
1 P_8 43 43 0 0 0 1 1 1
1 P_8 44 44 0 0 0 1 1 1
1 P_8 45 45 0 0 0 1 1 1
1 P_8 46 46 0 0 0 1 1 1
1 P_8 47 47 0 0 0 1 1 1
1 P_8 48 48 0 0 0 1 1 1
1 P_8 49 49 0 0 0 1 1 1
1 P_8 50 50 0.0685965 0.1320754716981132 0.2193665 1 1 1
1 P_8 51 51 0 0 0 1 1 1
1 P_8 52 52 0 0 0 1 1 1
1 P_8 53 53 0.0670615 0.13636363636363635 0.2329105 1 1 1
1 P_8 54 54 0.0745605 0.14285714285714285 0.2344265 1 1 1
1 P_8 55 55 0 0 0 1 1 1
1 P_8 56 56 0 0 0 1 1 1
1 P_8 57 57 0.319665 0.4146341463414634 0.467628 1 1 1
1 P_8 58 58 0.5 0.5 0.5 1 1 1
1 P_8 59 59 0 0 0 1 1 1
1 P_8 60 60 0 0 0 1 1 1
1 P_8 61 61 0.5 0.5 0.5 1 1 1
1 P_8 62 62 0 0 0 1 1 1
1 P_8 63 63 0 0 0 1 1 1
1 P_8 64 64 0.5 0.5 0.5 1 1 1
1 P_8 65 65 0.5 0.5 0.5 1 1 1
1 P_8 66 66 0.5 0.5 0.5 1 1 1
1 P_8 67 67 0.5 0.5 0.5 1 1 1
1 P_8 68 68 0 0 0 1 1 1
1 P_8 69 69 0 0 0 1 1 1
1 P_8 70 70 0 0 0 1 1 1
1 P_8 71 71 0 0 0 1 1 1
1 P_8 72 72 0 0 0 1 1 1
1 P_8 73 73 0 0 0 1 1 1
1 P_8 74 74 0 0 0 1 1 1
1 P_8 75 75 0 0 0 1 1 1
1 P_8 76 76 0 0 0 1 1 1
1 P_8 77 77 0 0 0 1 1 1
1 P_8 78 78 0.5 0.5 0.5 1 1 1
1 P_8 79 79 0.33095 0.4083333333333333 0.4572835 1 1 1
1 P_8 80 80 0 0 0 1 1 1
1 P_8 81 81 0 0 0 1 1 1
1 P_8 82 82 0.5 0.5 0.5 1 1 1
1 P_8 83 83 0.5 0.5 0.5 1 1 1
1 P_8 84 84 0 0 0 1 1 1
1 P_8 85 85 0 0 0 1 1 1
1 P_8 86 86 0.02010285 0.0641025641025641 0.157561 1 1 1
1 P_8 87 87 0.5 0.5 0.5 1 1 1
1 P_8 88 88 0 0 0 1 1 1
1 P_8 89 89 0 0 0 1 1 1
1 P_8 90 90 0 0 0 1 1 1
1 P_8 91 91 0.0550965 0.11320754716981132 0.1989225 1 1 1
1 P_8 92 92 0 0 0 1 1 1
1 P_8 93 93 0 0 0 1 1 1
1 P_8 94 94 0 0 0 1 1 1
1 P_8 95 95 0.2833375 0.3888888888888889 0.4545475 1 1 1
1 P_8 96 96 0 0 0 1 1 1
1 P_8 97 97 0 0 0 1 1 1
1 P_8 98 98 0 0 0 1 1 1
1 P_8 99 99 0 0 0 1 1 1
1 P_8 100 100 0 0 0 1 1 1
1 P_8 101 101 0.5 0.5 0.5 1 1 1
1 P_8 102 102 0.296563 0.375 0.4322795 1 1 1
1 P_8 103 103 0 0 0 1 1 1
1 P_8 104 104 0 0 0 1 1 1
1 P_8 105 105 0 0 0 1 1 1
1 P_8 106 106 0 0 0 1 1 1
1 P_8 107 107 0.5 0.5 0.5 1 1 1
1 P_8 108 108 0 0 0 1 1 1
1 P_8 109 109 0.5 0.5 0.5 1 1 1
1 P_8 110 110 0.5 0.5 0.5 1 1 1
1 P_8 111 111 0.0585785 0.12 0.2091165 1 1 1
1 P_8 112 112 0 0 0 1 1 1
1 P_8 113 113 0.2768405 0.35714285714285715 0.419032 1 1 1
1 P_8 114 114 0 0 0 1 1 1
1 P_8 115 115 0 0 0 1 1 1
1 P_8 116 116 0 0 0 1 1 1
1 P_8 117 117 0 0 0 1 1 1
1 P_8 118 118 0 0 0 1 1 1
1 P_8 119 119 0 0 0 1 1 1
1 P_8 120 120 0 0 0 1 1 1
1 P_8 121 121 0.067106 0.1326530612244898 0.223682 1 1 1
1 P_8 122 122 0 0 0 1 1 1
1 P_8 123 123 0 0 0 1 1 1
1 P_8 124 124 0 0 0 1 1 1
1 P_8 125 125 0 0 0 1 1 1
1 P_8 126 126 0 0 0 1 1 1
1 P_8 127 127 0.0701415 0.13829787234042554 0.231664 1 1 1
1 P_8 128 128 0.04958905 0.10576923076923077 0.191563 1 1 1
1 P_8 129 129 0.5 0.5 0.5 1 1 1
1 P_8 130 130 0 0 0 1 1 1
1 P_8 131 131 0 0 0 1 1 1
1 P_8 132 132 0 0 0 1 1 1
1 P_8 133 133 0 0 0 1 1 1
1 P_8 134 134 0.085666 0.16666666666666666 0.269984 1 1 1
1 P_8 135 135 0 0 0 1 1 1
1 P_8 136 136 0 0 0 1 1 1
1 P_8 137 137 0.0771255 0.1511627906976744 0.2494105 1 1 1
1 P_8 138 138 0.5 0.5 0.5 1 1 1
1 P_8 139 139 0 0 0 1 1 1
1 P_8 140 140 0 0 0 1 1 1
1 P_8 141 141 0.5 0.5 0.5 1 1 1
1 P_8 142 142 0.04505635 0.10465116279069768 0.199784 1 1 1
1 P_8 143 143 0 0 0 1 1 1
1 P_8 144 144 0 0 0 1 1 1
1 P_8 145 145 0 0 0 1 1 1
1 P_8 146 146 0 0 0 1 1 1
1 P_8 147 147 0 0 0 1 1 1
1 P_8 148 148 0.1001635 0.17708333333333334 0.2701565 1 1 1
1 P_8 149 149 0 0 0 1 1 1
1 P_8 150 150 0.5 0.5 0.5 1 1 1
1 P_8 151 151 0.5 0.5 0.5 1 1 1
1 P_8 152 152 0 0 0 1 1 1
1 P_8 153 153 0 0 0 1 1 1
1 P_8 154 154 0.0585785 0.12 0.2091165 1 1 1
1 P_8 155 155 0.5 0.5 0.5 1 1 1
1 P_8 156 156 0.5 0.5 0.5 1 1 1
1 P_8 157 157 0.346883 0.42592592592592593 0.4701655 1 1 1
1 P_8 158 158 0.3526915 0.43617021276595747 0.477841 1 1 1
1 P_8 159 159 0 0 0 1 1 1
1 P_8 160 160 0.300216 0.3953488372093023 0.4549435 1 1 1
1 P_8 161 161 0.5 0.5 0.5 1 1 1
1 P_8 162 162 0 0 0 1 1 1
1 P_8 163 163 0.3238605 0.41304347826086957 0.464791 1 1 1
1 P_8 164 164 0 0 0 1 1 1
1 P_8 165 165 0 0 0 1 1 1
1 P_8 166 166 0.1103745 0.18518518518518517 0.2728715 1 1 1
1 P_8 167 167 0 0 0 1 1 1
1 P_8 168 168 0 0 0 1 1 1
1 P_8 169 169 0 0 0 1 1 1
1 P_8 170 170 0 0 0 1 1 1
1 P_8 171 171 0.5 0.5 0.5 1 1 1
1 P_8 172 172 0 0 0 1 1 1
1 P_8 173 173 0.5 0.5 0.5 1 1 1
1 P_8 174 174 0.0865045 0.15454545454545454 0.2412185 1 1 1
1 P_8 175 175 0 0 0 1 1 1
1 P_8 176 176 0 0 0 1 1 1
1 P_8 177 177 0 0 0 1 1 1
1 P_8 178 178 0.5 0.5 0.5 1 1 1
1 P_8 179 179 0 0 0 1 1 1
1 P_8 180 180 0.0879635 0.16666666666666666 0.266233 1 1 1
1 P_8 181 181 0.5 0.5 0.5 1 1 1
1 P_8 182 182 0 0 0 1 1 1
1 P_8 183 183 0 0 0 1 1 1
1 P_8 184 184 0 0 0 1 1 1
1 P_8 185 185 0.5 0.5 0.5 1 1 1
1 P_8 186 186 0 0 0 1 1 1
1 P_8 187 187 0.08026 0.1440677966101695 0.2272365 1 1 1
1 P_8 188 188 0.5 0.5 0.5 1 1 1
1 P_8 189 189 0 0 0 1 1 1
1 P_8 190 190 0.2388095 0.3372093023255814 0.414241 1 1 1
1 P_8 191 191 0 0 0 1 1 1
1 P_8 192 192 0 0 0 1 1 1
1 P_8 193 193 0 0 0 1 1 1
1 P_8 194 194 0 0 0 1 1 1
1 P_8 195 195 0 0 0 1 1 1
1 P_8 196 196 0 0 0 1 1 1
1 P_8 197 197 0 0 0 1 1 1
1 P_8 198 198 0.5 0.5 0.5 1 1 1
1 P_8 199 199 0 0 0 1 1 1
1 P_8 200 200 0 0 0 1 1 1
1 P_8 201 201 0.5 0.5 0.5 1 1 1
1 P_8 202 202 0.5 0.5 0.5 1 1 1
1 P_8 203 203 0 0 0 1 1 1
1 P_8 204 204 0 0 0 1 1 1
1 P_8 205 205 0 0 0 1 1 1
1 P_8 206 206 0.0837965 0.14754098360655737 0.2294375 1 1 1
1 P_8 207 207 0 0 0 1 1 1
1 P_8 208 208 0.0629585 0.11904761904761904 0.1976285 1 1 1
1 P_8 209 209 0.0725 0.13333333333333333 0.2151515 1 1 1
1 P_8 210 210 0.082192 0.15306122448979592 0.2449915 1 1 1
1 P_8 211 211 0 0 0 1 1 1
1 P_8 212 212 0 0 0 1 1 1
1 P_8 213 213 0 0 0 1 1 1
1 P_8 214 214 0 0 0 1 1 1
1 P_8 215 215 0 0 0 1 1 1
1 P_8 216 216 0.051409 0.11363636363636363 0.2085275 1 1 1
1 P_8 217 217 0 0 0 1 1 1
1 P_8 218 218 0.5 0.5 0.5 1 1 1
1 P_8 219 219 0.265337 0.3467741935483871 0.4113245 1 1 1
1 P_8 220 220 0.213718 0.3018867924528302 0.379566 1 1 1
1 P_8 221 221 0 0 0 1 1 1
1 P_8 222 222 0 0 0 1 1 1
1 P_8 223 223 0 0 0 1 1 1
1 P_8 224 224 0.5 0.5 0.5 1 1 1
1 P_8 225 225 0.087885 0.14788732394366197 0.2235695 1 1 1
1 P_8 226 226 0 0 0 1 1 1
1 P_8 227 227 0 0 0 1 1 1
1 P_8 228 228 0 0 0 1 1 1
1 P_8 229 229 0.5 0.5 0.5 1 1 1
1 P_8 230 230 0.5 0.5 0.5 1 1 1
1 P_8 231 231 0.2298435 0.3229166666666667 0.3998365 1 1 1
1 P_8 232 232 0.2695245 0.36 0.427026 1 1 1
1 P_8 233 233 0 0 0 1 1 1
1 P_8 234 234 0 0 0 1 1 1
1 P_8 235 235 0 0 0 1 1 1
1 P_8 236 236 0 0 0 1 1 1
1 P_8 237 237 0.2920285 0.3902439024390244 0.4526405 1 1 1
1 P_8 238 238 0 0 0 1 1 1
1 P_8 239 239 0 0 0 1 1 1
1 P_8 240 240 0 0 0 1 1 1
1 P_8 241 241 0.251501 0.36363636363636365 0.440452 1 1 1
1 P_8 242 242 0 0 0 1 1 1
1 P_8 243 243 0 0 0 1 1 1
1 P_8 244 244 0.2337375 0.34285714285714286 0.4245715 1 1 1
1 P_8 245 245 0.08026 0.1440677966101695 0.2272365 1 1 1
1 P_8 246 246 0 0 0 1 1 1
1 P_8 247 247 0 0 0 1 1 1
1 P_8 248 248 0.1021585 0.1724137931034483 0.257085 1 1 1
1 P_8 249 249 0.0605625 0.12790697674418605 0.2251365 1 1 1
1 P_8 250 250 0.0454526 0.1111111111111111 0.2166625 1 1 1
1 P_8 251 251 0 0 0 1 1 1
1 P_8 252 252 0 0 0 1 1 1
1 P_8 253 253 0 0 0 1 1 1
1 P_8 254 254 0.5 0.5 0.5 1 1 1
1 P_8 255 255 0 0 0 1 1 1
1 P_8 256 256 0.5 0.5 0.5 1 1 1
1 P_8 257 257 0 0 0 1 1 1
1 P_8 258 258 0.0407233 0.09090909090909091 0.172077 1 1 1
1 P_8 259 259 0 0 0 1 1 1
1 P_8 260 260 0.2755865 0.3695652173913043 0.4360275 1 1 1
1 P_8 261 261 0.268336 0.3617021276595745 0.4298585 1 1 1
1 P_8 262 262 0 0 0 1 1 1
1 P_8 263 263 0 0 0 1 1 1
1 P_8 264 264 0 0 0 1 1 1
1 P_8 265 265 0 0 0 1 1 1
1 P_8 266 266 0.084029 0.15625 0.2492325 1 1 1
1 P_8 267 267 0 0 0 1 1 1
1 P_8 268 268 0 0 0 1 1 1
1 P_8 269 269 0.2723955 0.3645833333333333 0.43141 1 1 1
1 P_8 270 270 0 0 0 1 1 1
1 P_8 271 271 0 0 0 1 1 1
1 P_8 272 272 0.5 0.5 0.5 1 1 1
1 P_8 273 273 0.086206 0.1568627450980392 0.247021 1 1 1
1 P_8 274 274 0 0 0 1 1 1
1 P_8 275 275 0.5 0.5 0.5 1 1 1
1 P_8 276 276 0.04505635 0.10465116279069768 0.199784 1 1 1
1 P_8 277 277 0 0 0 1 1 1
1 P_8 278 278 0.0369709 0.08653846153846154 0.169629 1 1 1
1 P_8 279 279 0 0 0 1 1 1
1 P_8 280 280 0.5 0.5 0.5 1 1 1
1 P_8 281 281 0.5 0.5 0.5 1 1 1
1 P_8 282 282 0.5 0.5 0.5 1 1 1
1 P_8 283 283 0 0 0 1 1 1
1 P_8 284 284 0 0 0 1 1 1
1 P_8 285 285 0 0 0 1 1 1
1 P_8 286 286 0.0551375 0.11702127659574468 0.208894 1 1 1
1 P_8 287 287 0 0 0 1 1 1
1 P_8 288 288 0 0 0 1 1 1
1 P_8 289 289 0.0532845 0.10655737704918032 0.185212 1 1 1
1 P_8 290 290 0 0 0 1 1 1
1 P_8 291 291 0 0 0 1 1 1
1 P_8 292 292 0 0 0 1 1 1
1 P_8 293 293 0 0 0 1 1 1
1 P_8 294 294 0 0 0 1 1 1
1 P_8 295 295 0.29779 0.38461538461538464 0.44379 1 1 1
1 P_8 296 296 0.5 0.5 0.5 1 1 1
1 P_8 297 297 0 0 0 1 1 1
1 P_8 298 298 0 0 0 1 1 1
1 P_8 299 299 0 0 0 1 1 1
1 P_8 300 300 0.5 0.5 0.5 1 1 1
1 P_8 301 301 0.5 0.5 0.5 1 1 1
1 P_8 302 302 0 0 0 1 1 1
1 P_8 303 303 0.5 0.5 0.5 1 1 1
1 P_8 304 304 0 0 0 1 1 1
1 P_8 305 305 0 0 0 1 1 1
1 P_8 306 306 0 0 0 1 1 1
1 P_8 307 307 0.5 0.5 0.5 1 1 1
1 P_8 308 308 0 0 0 1 1 1
1 P_8 309 309 0 0 0 1 1 1
1 P_8 310 310 0.268336 0.3617021276595745 0.4298585 1 1 1
1 P_8 311 311 0 0 0 1 1 1
1 P_8 312 312 0.0630165 0.125 0.2126685 1 1 1
1 P_8 313 313 0 0 0 1 1 1
1 P_8 314 314 0 0 0 1 1 1
1 P_8 315 315 0 0 0 1 1 1
1 P_8 316 316 0 0 0 1 1 1
1 P_8 317 317 0 0 0 1 1 1
1 P_8 318 318 0 0 0 1 1 1
1 P_8 319 319 0 0 0 1 1 1
1 P_8 320 320 0.086206 0.1568627450980392 0.247021 1 1 1
1 P_8 321 321 0 0 0 1 1 1
1 P_8 322 322 0.0831475 0.16666666666666666 0.2741725 1 1 1
1 P_8 323 323 0.0745605 0.14285714285714285 0.2344265 1 1 1
1 P_8 324 324 0 0 0 1 1 1
1 P_8 325 325 0 0 0 1 1 1
1 P_8 326 326 0.2388095 0.3372093023255814 0.414241 1 1 1
1 P_8 327 327 0.252891 0.34782608695652173 0.420234 1 1 1
1 P_8 328 328 0 0 0 1 1 1
1 P_8 329 329 0.5 0.5 0.5 1 1 1
1 P_8 330 330 0 0 0 1 1 1
1 P_8 331 331 0 0 0 1 1 1
1 P_8 332 332 0.0882215 0.1574074074074074 0.244979 1 1 1
1 P_8 333 333 0.04497075 0.1 0.186955 1 1 1
1 P_8 334 334 0 0 0 1 1 1
1 P_8 335 335 0 0 0 1 1 1
1 P_8 336 336 0 0 0 1 1 1
1 P_8 337 337 0 0 0 1 1 1
1 P_8 338 338 0 0 0 1 1 1
1 P_8 339 339 0.066279 0.125 0.2061995 1 1 1
1 P_8 340 340 0 0 0 1 1 1
1 P_8 341 341 0 0 0 1 1 1
1 P_8 342 342 0.2505895 0.3488372093023256 0.4228745 1 1 1
1 P_8 343 343 0 0 0 1 1 1
1 P_8 344 344 0 0 0 1 1 1
1 P_8 345 345 0 0 0 1 1 1
1 P_8 346 346 0.065685 0.13 0.219889 1 1 1
1 P_8 347 347 0.252891 0.34782608695652173 0.420234 1 1 1
1 P_8 348 348 0 0 0 1 1 1
1 P_8 349 349 0.2337375 0.34285714285714286 0.4245715 1 1 1
1 P_8 350 350 0.03932235 0.09183673469387756 0.17863 1 1 1
1 P_8 351 351 0.5 0.5 0.5 1 1 1
1 P_8 352 352 0 0 0 1 1 1
1 P_8 353 353 0 0 0 1 1 1
1 P_8 354 354 0.5 0.5 0.5 1 1 1
1 P_8 355 355 0 0 0 1 1 1
1 P_8 356 356 0 0 0 1 1 1
1 P_8 357 357 0.0362485 0.08490566037735849 0.166825 1 1 1
1 P_8 358 358 0 0 0 1 1 1
1 P_8 359 359 0 0 0 1 1 1
1 P_8 360 360 0 0 0 1 1 1
1 P_8 361 361 0 0 0 1 1 1
1 P_8 362 362 0.0848535 0.15178571428571427 0.2375685 1 1 1
1 P_8 363 363 0.071295 0.13392857142857142 0.218831 1 1 1
1 P_8 364 364 0 0 0 1 1 1
1 P_8 365 365 0 0 0 1 1 1
1 P_8 366 366 0 0 0 1 1 1
1 P_8 367 367 0.302837 0.39361702127659576 0.4520255 1 1 1
1 P_8 368 368 0 0 0 1 1 1
1 P_8 369 369 0.5 0.5 0.5 1 1 1
1 P_8 370 370 0.2685345 0.3492063492063492 0.412826 1 1 1
1 P_8 371 371 0 0 0 1 1 1
1 P_8 372 372 0 0 0 1 1 1
1 P_8 373 373 0 0 0 1 1 1
1 P_8 374 374 0 0 0 1 1 1
1 P_8 375 375 0.0726705 0.13636363636363635 0.222229 1 1 1
1 P_8 376 376 0.5 0.5 0.5 1 1 1
1 P_8 377 377 0.066279 0.125 0.2061995 1 1 1
1 P_8 378 378 0.276318 0.3673469387755102 0.432894 1 1 1
1 P_8 379 379 0 0 0 1 1 1
1 P_8 380 380 0.5 0.5 0.5 1 1 1
1 P_8 381 381 0 0 0 1 1 1
1 P_8 382 382 0 0 0 1 1 1
1 P_8 383 383 0.279151 0.375 0.4408915 1 1 1
1 P_8 384 384 0 0 0 1 1 1
1 P_8 385 385 0 0 0 1 1 1
1 P_8 386 386 0 0 0 1 1 1
1 P_8 387 387 0 0 0 1 1 1
1 P_8 388 388 0 0 0 1 1 1
1 P_8 389 389 0 0 0 1 1 1
1 P_8 390 390 0 0 0 1 1 1
1 P_8 391 391 0 0 0 1 1 1
1 P_8 392 392 0 0 0 1 1 1
1 P_8 393 393 0.058284 0.11607142857142858 0.1995385 1 1 1
1 P_8 394 394 0.0630165 0.125 0.2126685 1 1 1
1 P_8 395 395 0 0 0 1 1 1
1 P_8 396 396 0.2343795 0.32653061224489793 0.402048 1 1 1
1 P_8 397 397 0 0 0 1 1 1
1 P_8 398 398 0 0 0 1 1 1
1 P_8 399 399 0.5 0.5 0.5 1 1 1
1 P_8 400 400 0.299975 0.3813559322033898 0.438746 1 1 1
1 P_8 401 401 0.10497 0.1792452830188679 0.267821 1 1 1
1 P_8 402 402 0 0 0 1 1 1
1 P_8 403 403 0 0 0 1 1 1
1 P_8 404 404 0 0 0 1 1 1
1 P_8 405 405 0.268374 0.375 0.445696 1 1 1
1 P_8 406 406 0.5 0.5 0.5 1 1 1
1 P_8 407 407 0 0 0 1 1 1
1 P_8 408 408 0.5 0.5 0.5 1 1 1
1 P_8 409 409 0 0 0 1 1 1
1 P_8 410 410 0.5 0.5 0.5 1 1 1
1 P_8 411 411 0.0731805 0.1527777777777778 0.2603495 1 1 1
1 P_8 412 412 0.311375 0.40217391304347827 0.458006 1 1 1
1 P_8 413 413 0 0 0 1 1 1
1 P_8 414 414 0.0771255 0.1511627906976744 0.2494105 1 1 1
1 P_8 415 415 0 0 0 1 1 1
1 P_8 416 416 0 0 0 1 1 1
1 P_8 417 417 0 0 0 1 1 1
1 P_8 418 418 0 0 0 1 1 1
1 P_8 419 419 0 0 0 1 1 1
1 P_8 420 420 0 0 0 1 1 1
