2 #m
60 #n
0 P_3 0 0 0.184982 0.20489296636085627 0.225331 1 1 1
0 P_3 1 1 0 0 0 1 1 1
0 P_3 2 2 0 0 0 1 1 1
0 P_3 3 3 0.263082 0.28336653386454186 0.30327 1 1 1
0 P_3 4 4 0 0 0 1 1 1
0 P_3 5 5 0.2056585 0.22538610038610038 0.245386 1 1 1
0 P_3 6 6 0 0 0 1 1 1
0 P_3 7 7 0 0 0 1 1 1
0 P_3 8 8 0.262312 0.2824803149606299 0.302282 1 1 1
0 P_3 9 9 0.261121 0.28179937952430195 0.3021005 1 1 1
0 P_3 10 10 0 0 0 1 1 1
0 P_3 11 11 0 0 0 1 1 1
0 P_3 12 12 0 0 0 1 1 1
0 P_3 13 13 0.5 0.5 0.5 1 1 1
0 P_3 14 14 0 0 0 1 1 1
0 P_3 15 15 0.2553545 0.2753623188405797 0.295089 1 1 1
0 P_3 16 16 0.5 0.5 0.5 1 1 1
0 P_3 17 17 0 0 0 1 1 1
0 P_3 18 18 0 0 0 1 1 1
0 P_3 19 19 0 0 0 1 1 1
0 P_3 20 20 0 0 0 1 1 1
0 P_3 21 21 0 0 0 1 1 1
0 P_3 22 22 0.5 0.5 0.5 1 1 1
0 P_3 23 23 0 0 0 1 1 1
0 P_3 24 24 0.1914135 0.21096023278370515 0.2309415 1 1 1
0 P_3 25 25 0 0 0 1 1 1
0 P_3 26 26 0.5 0.5 0.5 1 1 1
0 P_3 27 27 0 0 0 1 1 1
0 P_3 28 28 0.249895 0.27001953125 0.2899195 1 1 1
0 P_3 29 29 0 0 0 1 1 1
0 P_3 30 30 0.249776 0.27002967359050445 0.290056 1 1 1
0 P_3 31 31 0.203049 0.22293307086614172 0.243123 1 1 1
0 P_3 32 32 0 0 0 1 1 1
0 P_3 33 33 0 0 0 1 1 1
0 P_3 34 34 0 0 0 1 1 1
0 P_3 35 35 0.204725 0.22492401215805471 0.2454145 1 1 1
0 P_3 36 36 0 0 0 1 1 1
0 P_3 37 37 0 0 0 1 1 1
0 P_3 38 38 0 0 0 1 1 1
0 P_3 39 39 0 0 0 1 1 1
0 P_3 40 40 0 0 0 1 1 1
0 P_3 41 41 0 0 0 1 1 1
0 P_3 42 42 0.2562415 0.27713382507903056 0.297698 1 1 1
0 P_3 43 43 0 0 0 1 1 1
0 P_3 44 44 0.202037 0.22178988326848248 0.2418575 1 1 1
0 P_3 45 45 0 0 0 1 1 1
0 P_3 46 46 0.2071325 0.22679425837320574 0.246711 1 1 1
0 P_3 47 47 0 0 0 1 1 1
0 P_3 48 48 0.249061 0.2693452380952381 0.289409 1 1 1
0 P_3 49 49 0 0 0 1 1 1
0 P_3 50 50 0 0 0 1 1 1
0 P_3 51 51 0.2051115 0.22478386167146974 0.244734 1 1 1
0 P_3 52 52 0 0 0 1 1 1
0 P_3 53 53 0 0 0 1 1 1
0 P_3 54 54 0 0 0 1 1 1
0 P_3 55 55 0.265538 0.2867247007616975 0.3074535 1 1 1
0 P_3 56 56 0 0 0 1 1 1
0 P_3 57 57 0 0 0 1 1 1
0 P_3 58 58 0 0 0 1 1 1
0 P_3 59 59 0 0 0 1 1 1
1 P_9 0 0 0 0 0 1 1 1
1 P_9 1 1 0.0503375 0.06262230919765166 0.0770095 1 1 1
1 P_9 2 2 0 0 0 1 1 1
1 P_9 3 3 0 0 0 1 1 1
1 P_9 4 4 0 0 0 1 1 1
1 P_9 5 5 0 0 0 1 1 1
1 P_9 6 6 0 0 0 1 1 1
1 P_9 7 7 0 0 0 1 1 1
1 P_9 8 8 0 0 0 1 1 1
1 P_9 9 9 0 0 0 1 1 1
1 P_9 10 10 0.4177315 0.4327603640040445 0.4456705 1 1 1
1 P_9 11 11 0.4127355 0.42813765182186236 0.4414725 1 1 1
1 P_9 12 12 0 0 0 1 1 1
1 P_9 13 13 0.5 0.5 0.5 1 1 1
1 P_9 14 14 0 0 0 1 1 1
1 P_9 15 15 0 0 0 1 1 1
1 P_9 16 16 0.5 0.5 0.5 1 1 1
1 P_9 17 17 0.0502875 0.06256109481915934 0.0769355 1 1 1
1 P_9 18 18 0 0 0 1 1 1
1 P_9 19 19 0.059374 0.07262845849802371 0.0878925 1 1 1
1 P_9 20 20 0 0 0 1 1 1
1 P_9 21 21 0 0 0 1 1 1
1 P_9 22 22 0.5 0.5 0.5 1 1 1
1 P_9 23 23 0 0 0 1 1 1
1 P_9 24 24 0.427759 0.4419778002018164 0.453976 1 1 1
1 P_9 25 25 0 0 0 1 1 1
1 P_9 26 26 0.5 0.5 0.5 1 1 1
1 P_9 27 27 0 0 0 1 1 1
1 P_9 28 28 0 0 0 1 1 1
1 P_9 29 29 0 0 0 1 1 1
1 P_9 30 30 0 0 0 1 1 1
1 P_9 31 31 0.5 0.5 0.5 1 1 1
1 P_9 32 32 0.0557565 0.06903765690376569 0.0844885 1 1 1
1 P_9 33 33 0 0 0 1 1 1
1 P_9 34 34 0 0 0 1 1 1
1 P_9 35 35 0 0 0 1 1 1
1 P_9 36 36 0.4312475 0.4449317738791423 0.456438 1 1 1
1 P_9 37 37 0 0 0 1 1 1
1 P_9 38 38 0 0 0 1 1 1
1 P_9 39 39 0.0640185 0.07781124497991967 0.093586 1 1 1
1 P_9 40 40 0 0 0 1 1 1
1 P_9 41 41 0 0 0 1 1 1
1 P_9 42 42 0 0 0 1 1 1
1 P_9 43 43 0 0 0 1 1 1
1 P_9 44 44 0.4180045 0.4332983193277311 0.4463855 1 1 1
1 P_9 45 45 0 0 0 1 1 1
1 P_9 46 46 0 0 0 1 1 1
1 P_9 47 47 0 0 0 1 1 1
1 P_9 48 48 0 0 0 1 1 1
1 P_9 49 49 0.05071 0.06292026897214217 0.077191 1 1 1
1 P_9 50 50 0.417068 0.4323621227887617 0.445481 1 1 1
1 P_9 51 51 0.5 0.5 0.5 1 1 1
1 P_9 52 52 0 0 0 1 1 1
1 P_9 53 53 0 0 0 1 1 1
1 P_9 54 54 0 0 0 1 1 1
1 P_9 55 55 0 0 0 1 1 1
1 P_9 56 56 0 0 0 1 1 1
1 P_9 57 57 0 0 0 1 1 1
1 P_9 58 58 0.0549095 0.06752873563218391 0.082152 1 1 1
1 P_9 59 59 0 0 0 1 1 1
