5 #m
47 #n
0 P_3 0 0 0.5 0.5 0.5 1 1 1
0 P_3 1 1 0.0458962 0.09821428571428571 0.179613 1 1 1
0 P_3 2 2 0.042322 0.09433962264150944 0.1777385 1 1 1
0 P_3 3 3 0.0551375 0.11702127659574468 0.208894 1 1 1
0 P_3 4 4 0 0 0 1 1 1
0 P_3 5 5 0 0 0 1 1 1
0 P_3 6 6 0.0831475 0.16666666666666666 0.2741725 1 1 1
0 P_3 7 7 0.0169889 0.05434782608695652 0.1364465 1 1 1
0 P_3 8 8 0.0113428 0.041666666666666664 0.1176745 1 1 1
0 P_3 9 9 0.0324454 0.07627118644067797 0.1517545 1 1 1
0 P_3 10 10 0 0 0 1 1 1
0 P_3 11 11 0.152771 0.2358490566037736 0.321788 1 1 1
0 P_3 12 12 0.139277 0.22115384615384615 0.3089675 1 1 1
0 P_3 13 13 0 0 0 1 1 1
0 P_3 14 14 0.0401742 0.09375 0.1818435 1 1 1
0 P_3 15 15 0.5 0.5 0.5 1 1 1
0 P_3 16 16 0.5 0.5 0.5 1 1 1
0 P_3 17 17 0.0506075 0.10784313725490197 0.194799 1 1 1
0 P_3 18 18 0.5 0.5 0.5 1 1 1
0 P_3 19 19 0 0 0 1 1 1
0 P_3 20 20 0.0617325 0.13513513513513514 0.2407655 1 1 1
0 P_3 21 21 0.04735955 0.10975609756097561 0.2079715 1 1 1
0 P_3 22 22 0.5 0.5 0.5 1 1 1
0 P_3 23 23 0.1101215 0.19318181818181818 0.2898805 1 1 1
0 P_3 24 24 0.02638325 0.07 0.151835 1 1 1
0 P_3 25 25 0 0 0 1 1 1
0 P_3 26 26 0 0 0 1 1 1
0 P_3 27 27 0.0070282 0.03125 0.103253 1 1 1
0 P_3 28 28 0.004006865 0.023809523809523808 0.099119 1 1 1
0 P_3 29 29 0.130919 0.20909090909090908 0.2952535 1 1 1
0 P_3 30 30 0.04405165 0.09803921568627451 0.18378 1 1 1
0 P_3 31 31 0.128504 0.2127659574468085 0.3054415 1 1 1
0 P_3 32 32 0 0 0 1 1 1
0 P_3 33 33 0.042322 0.09433962264150944 0.1777385 1 1 1
0 P_3 34 34 0 0 0 1 1 1
0 P_3 35 35 0.280111 0.37 0.434315 1 1 1
0 P_3 36 36 0.065685 0.13 0.219889 1 1 1
0 P_3 37 37 0 0 0 1 1 1
0 P_3 38 38 0.0063628 0.02830188679245283 0.0944025 1 1 1
0 P_3 39 39 0 0 0 1 1 1
0 P_3 40 40 0 0 0 1 1 1
0 P_3 41 41 0.1287065 0.2159090909090909 0.3112965 1 1 1
0 P_3 42 42 0.0479743 0.10638297872340426 0.197163 1 1 1
0 P_3 43 43 0.1409195 0.21929824561403508 0.3034775 1 1 1
0 P_3 44 44 0 0 0 1 1 1
0 P_3 45 45 0 0 0 1 1 1
0 P_3 46 46 0.003740645 0.022222222222222223 0.0931635 1 1 1
1 P_7 0 0 0.5 0.5 0.5 1 1 1
1 P_7 1 1 0 0 0 1 1 1
1 P_7 2 2 0 0 0 1 1 1
1 P_7 3 3 0 0 0 1 1 1
1 P_7 4 4 0.233767 0.3333333333333333 0.41203650000000003 1 1 1
1 P_7 5 5 0.2733475 0.3627450980392157 0.4285465 1 1 1
1 P_7 6 6 0.079521 0.14545454545454545 0.231791 1 1 1
1 P_7 7 7 0 0 0 1 1 1
1 P_7 8 8 0 0 0 1 1 1
1 P_7 9 9 0 0 0 1 1 1
1 P_7 10 10 0.2624315 0.3482142857142857 0.4151465 1 1 1
1 P_7 11 11 0.08117 0.15853658536585366 0.2593055 1 1 1
1 P_7 12 12 0.11011 0.18032786885245902 0.262895 1 1 1
1 P_7 13 13 0.2453165 0.35135135135135137 0.4289365 1 1 1
1 P_7 14 14 0 0 0 1 1 1
1 P_7 15 15 0.5 0.5 0.5 1 1 1
1 P_7 16 16 0.5 0.5 0.5 1 1 1
1 P_7 17 17 0 0 0 1 1 1
1 P_7 18 18 0.5 0.5 0.5 1 1 1
1 P_7 19 19 0 0 0 1 1 1
1 P_7 20 20 0 0 0 1 1 1
1 P_7 21 21 0.248363 0.34444444444444444 0.4183325 1 1 1
1 P_7 22 22 0.5 0.5 0.5 1 1 1
1 P_7 23 23 0.1094475 0.18627450980392157 0.276451 1 1 1
1 P_7 24 24 0 0 0 1 1 1
1 P_7 25 25 0 0 0 1 1 1
1 P_7 26 26 0.2954005 0.3888888888888889 0.4497895 1 1 1
1 P_7 27 27 0 0 0 1 1 1
1 P_7 28 28 0 0 0 1 1 1
1 P_7 29 29 0.1517065 0.25 0.3482935 1 1 1
1 P_7 30 30 0 0 0 1 1 1
1 P_7 31 31 0.0640275 0.12096774193548387 0.2004065 1 1 1
1 P_7 32 32 0 0 0 1 1 1
1 P_7 33 33 0 0 0 1 1 1
1 P_7 34 34 0 0 0 1 1 1
1 P_7 35 35 0.5 0.5 0.5 1 1 1
1 P_7 36 36 0.2624315 0.3482142857142857 0.4151465 1 1 1
1 P_7 37 37 0.2271285 0.3148148148148148 0.3896255 1 1 1
1 P_7 38 38 0 0 0 1 1 1
1 P_7 39 39 0 0 0 1 1 1
1 P_7 40 40 0.1996525 0.2916666666666667 0.374447 1 1 1
1 P_7 41 41 0.085759 0.16279069767441862 0.2611905 1 1 1
1 P_7 42 42 0 0 0 1 1 1
1 P_7 43 43 0.0941285 0.1702127659574468 0.264317 1 1 1
1 P_7 44 44 0.2279295 0.3173076923076923 0.3928385 1 1 1
1 P_7 45 45 0 0 0 1 1 1
1 P_7 46 46 0 0 0 1 1 1
2 P_2 0 0 0.5 0.5 0.5 1 1 1
2 P_2 1 1 0.392726 0.4673913043478261 0.492665 1 1 1
2 P_2 2 2 0 0 0 1 1 1
2 P_2 3 3 0 0 0 1 1 1
2 P_2 4 4 0.0243796 0.06481481481481481 0.1418485 1 1 1
2 P_2 5 5 0.02265245 0.06521739130434782 0.1501115 1 1 1
2 P_2 6 6 0 0 0 1 1 1
2 P_2 7 7 0 0 0 1 1 1
2 P_2 8 8 0.375373 0.45555555555555555 0.4878925 1 1 1
2 P_2 9 9 0 0 0 1 1 1
2 P_2 10 10 0.03298055 0.08163265306122448 0.166747 1 1 1
2 P_2 11 11 0 0 0 1 1 1
2 P_2 12 12 0 0 0 1 1 1
2 P_2 13 13 0.0087606 0.03225806451612903 0.093341 1 1 1
2 P_2 14 14 0 0 0 1 1 1
2 P_2 15 15 0.5 0.5 0.5 1 1 1
2 P_2 16 16 0.5 0.5 0.5 1 1 1
2 P_2 17 17 0 0 0 1 1 1
2 P_2 18 18 0.5 0.5 0.5 1 1 1
2 P_2 19 19 0.0620905 0.13095238095238096 0.229589 1 1 1
2 P_2 20 20 0.333253 0.41836734693877553 0.4670195 1 1 1
2 P_2 21 21 0 0 0 1 1 1
2 P_2 22 22 0.5 0.5 0.5 1 1 1
2 P_2 23 23 0 0 0 1 1 1
2 P_2 24 24 0 0 0 1 1 1
2 P_2 25 25 0.0539305 0.11458333333333333 0.205186 1 1 1
2 P_2 26 26 0.0407233 0.09090909090909091 0.172077 1 1 1
2 P_2 27 27 0.2471485 0.33653846153846156 0.4081295 1 1 1
2 P_2 28 28 0.2630835 0.35294117647058826 0.421249 1 1 1
2 P_2 29 29 0 0 0 1 1 1
2 P_2 30 30 0 0 0 1 1 1
2 P_2 31 31 0 0 0 1 1 1
2 P_2 32 32 0.05721 0.11403508771929824 0.1965015 1 1 1
2 P_2 33 33 0 0 0 1 1 1
2 P_2 34 34 0.0741005 0.1388888888888889 0.2257315 1 1 1
2 P_2 35 35 0.01330385 0.04878048780487805 0.1352745 1 1 1
2 P_2 36 36 0.0061306 0.02727272727272727 0.0912715 1 1 1
2 P_2 37 37 0.0298345 0.07407407407407407 0.153117 1 1 1
2 P_2 38 38 0.2143725 0.30612244897959184 0.3856715 1 1 1
2 P_2 39 39 0.086206 0.1568627450980392 0.247021 1 1 1
2 P_2 40 40 0.0237081 0.06818181818181818 0.156048 1 1 1
2 P_2 41 41 0 0 0 1 1 1
2 P_2 42 42 0 0 0 1 1 1
2 P_2 43 43 0 0 0 1 1 1
2 P_2 44 44 0.004671895 0.027777777777777776 0.113635 1 1 1
2 P_2 45 45 0.068695 0.12931034482758622 0.212331 1 1 1
2 P_2 46 46 0.218518 0.3076923076923077 0.384996 1 1 1
3 P_5 0 0 0.5 0.5 0.5 1 1 1
3 P_5 1 1 0.18121 0.27 0.354521 1 1 1
3 P_5 2 2 0.02549025 0.07317073170731707 0.1658775 1 1 1
3 P_5 3 3 0 0 0 1 1 1
3 P_5 4 4 0.05737 0.11764705882352941 0.2056065 1 1 1
3 P_5 5 5 0.178266 0.2727272727272727 0.3617315 1 1 1
3 P_5 6 6 0 0 0 1 1 1
3 P_5 7 7 0 0 0 1 1 1
3 P_5 8 8 0.1241215 0.1953125 0.275771 1 1 1
3 P_5 9 9 0.0169889 0.05434782608695652 0.1364465 1 1 1
3 P_5 10 10 0.0970585 0.17857142857142858 0.277971 1 1 1
3 P_5 11 11 0 0 0 1 1 1
3 P_5 12 12 0 0 0 1 1 1
3 P_5 13 13 0.113637 0.1956521739130435 0.2901915 1 1 1
3 P_5 14 14 0 0 0 1 1 1
3 P_5 15 15 0.5 0.5 0.5 1 1 1
3 P_5 16 16 0.5 0.5 0.5 1 1 1
3 P_5 17 17 0.0239254 0.06363636363636363 0.139552 1 1 1
3 P_5 18 18 0.5 0.5 0.5 1 1 1
3 P_5 19 19 0 0 0 1 1 1
3 P_5 20 20 0.269418 0.35344827586206895 0.4182655 1 1 1
3 P_5 21 21 0.11416 0.1864406779661017 0.2703455 1 1 1
3 P_5 22 22 0.5 0.5 0.5 1 1 1
3 P_5 23 23 0 0 0 1 1 1
3 P_5 24 24 0 0 0 1 1 1
3 P_5 25 25 0 0 0 1 1 1
3 P_5 26 26 0.120833 0.19642857142857142 0.2823125 1 1 1
3 P_5 27 27 0.1694375 0.2608695652173913 0.3497965 1 1 1
3 P_5 28 28 0.1682705 0.2549019607843137 0.3405065 1 1 1
3 P_5 29 29 0 0 0 1 1 1
3 P_5 30 30 0.0181968 0.05813953488372093 0.144767 1 1 1
3 P_5 31 31 0 0 0 1 1 1
3 P_5 32 32 0 0 0 1 1 1
3 P_5 33 33 0 0 0 1 1 1
3 P_5 34 34 0.1732935 0.2542372881355932 0.334406 1 1 1
3 P_5 35 35 0.149622 0.23148148148148148 0.317021 1 1 1
3 P_5 36 36 0.1638305 0.23880597014925373 0.3155985 1 1 1
3 P_5 37 37 0.1200445 0.2 0.2906255 1 1 1
3 P_5 38 38 0.128504 0.2127659574468085 0.3054415 1 1 1
3 P_5 39 39 0 0 0 1 1 1
3 P_5 40 40 0.121237 0.19491525423728814 0.2786685 1 1 1
3 P_5 41 41 0 0 0 1 1 1
3 P_5 42 42 0 0 0 1 1 1
3 P_5 43 43 0 0 0 1 1 1
3 P_5 44 44 0.123236 0.2 0.2865295 1 1 1
3 P_5 45 45 0 0 0 1 1 1
3 P_5 46 46 0.166086 0.25 0.333914 1 1 1
4 P_8 0 0 0.5 0.5 0.5 1 1 1
4 P_8 1 1 0 0 0 1 1 1
4 P_8 2 2 0 0 0 1 1 1
4 P_8 3 3 0 0 0 1 1 1
4 P_8 4 4 0.0506075 0.10784313725490197 0.194799 1 1 1
4 P_8 5 5 0.0298345 0.07407407407407407 0.153117 1 1 1
4 P_8 6 6 0 0 0 1 1 1
4 P_8 7 7 0 0 0 1 1 1
4 P_8 8 8 0 0 0 1 1 1
4 P_8 9 9 0 0 0 1 1 1
4 P_8 10 10 0.0212344 0.061224489795918366 0.142002 1 1 1
4 P_8 11 11 0 0 0 1 1 1
4 P_8 12 12 0 0 0 1 1 1
4 P_8 13 13 0.02316825 0.06666666666666667 0.153023 1 1 1
4 P_8 14 14 0.333253 0.41836734693877553 0.4670195 1 1 1
4 P_8 15 15 0.5 0.5 0.5 1 1 1
4 P_8 16 16 0.5 0.5 0.5 1 1 1
4 P_8 17 17 0 0 0 1 1 1
4 P_8 18 18 0.5 0.5 0.5 1 1 1
4 P_8 19 19 0 0 0 1 1 1
4 P_8 20 20 0 0 0 1 1 1
4 P_8 21 21 0.5 0.5 0.5 1 1 1
4 P_8 22 22 0.5 0.5 0.5 1 1 1
4 P_8 23 23 0 0 0 1 1 1
4 P_8 24 24 0 0 0 1 1 1
4 P_8 25 25 0 0 0 1 1 1
4 P_8 26 26 0.0752515 0.14772727272727273 0.2447315 1 1 1
4 P_8 27 27 0 0 0 1 1 1
4 P_8 28 28 0 0 0 1 1 1
4 P_8 29 29 0 0 0 1 1 1
4 P_8 30 30 0 0 0 1 1 1
4 P_8 31 31 0 0 0 1 1 1
4 P_8 32 32 0 0 0 1 1 1
4 P_8 33 33 0.327923 0.4090909090909091 0.4592765 1 1 1
4 P_8 34 34 0 0 0 1 1 1
4 P_8 35 35 0.5 0.5 0.5 1 1 1
4 P_8 36 36 0.5 0.5 0.5 1 1 1
4 P_8 37 37 0.0407233 0.09090909090909091 0.172077 1 1 1
4 P_8 38 38 0 0 0 1 1 1
4 P_8 39 39 0 0 0 1 1 1
4 P_8 40 40 0.0218868 0.058333333333333334 0.129096 1 1 1
4 P_8 41 41 0 0 0 1 1 1
4 P_8 42 42 0.30656 0.38028169014084506 0.434011 1 1 1
4 P_8 43 43 0 0 0 1 1 1
4 P_8 44 44 0.0281167 0.07446808510638298 0.16029 1 1 1
4 P_8 45 45 0 0 0 1 1 1
4 P_8 46 46 0 0 0 1 1 1
