10 #m
301 #n
0 P_5 0 0 0.5 0.5 0.5 1 1 1
0 P_5 1 1 0 0 0 1 1 1
0 P_5 2 2 0 0 0 1 1 1
0 P_5 3 3 0.1112315 0.1166 0.122122 1 1 1
0 P_5 4 4 0.1112315 0.1166 0.122122 1 1 1
0 P_5 5 5 0.5 0.5 0.5 1 1 1
0 P_5 6 6 0 0 0 1 1 1
0 P_5 7 7 0 0 0 1 1 1
0 P_5 8 8 0.1112315 0.1166 0.122122 1 1 1
0 P_5 9 9 0.1112315 0.1166 0.122122 1 1 1
0 P_5 10 10 0 0 0 1 1 1
0 P_5 11 11 0 0 0 1 1 1
0 P_5 12 12 0 0 0 1 1 1
0 P_5 13 13 0 0 0 1 1 1
0 P_5 14 14 0 0 0 1 1 1
0 P_5 15 15 0.1112315 0.1166 0.122122 1 1 1
0 P_5 16 16 0 0 0 1 1 1
0 P_5 17 17 0.5 0.5 0.5 1 1 1
0 P_5 18 18 0 0 0 1 1 1
0 P_5 19 19 0 0 0 1 1 1
0 P_5 20 20 0 0 0 1 1 1
0 P_5 21 21 0 0 0 1 1 1
0 P_5 22 22 0 0 0 1 1 1
0 P_5 23 23 0 0 0 1 1 1
0 P_5 24 24 0.5 0.5 0.5 1 1 1
0 P_5 25 25 0 0 0 1 1 1
0 P_5 26 26 0 0 0 1 1 1
0 P_5 27 27 0.3779285 0.38345 0.3888175 1 1 1
0 P_5 28 28 0 0 0 1 1 1
0 P_5 29 29 0 0 0 1 1 1
0 P_5 30 30 0 0 0 1 1 1
0 P_5 31 31 0 0 0 1 1 1
0 P_5 32 32 0.1112315 0.1166 0.122122 1 1 1
0 P_5 33 33 0 0 0 1 1 1
0 P_5 34 34 0.5 0.5 0.5 1 1 1
0 P_5 35 35 0.1112315 0.1166 0.122122 1 1 1
0 P_5 36 36 0.3779285 0.38345 0.3888175 1 1 1
0 P_5 37 37 0 0 0 1 1 1
0 P_5 38 38 0 0 0 1 1 1
0 P_5 39 39 0.3779285 0.38345 0.3888175 1 1 1
0 P_5 40 40 0 0 0 1 1 1
0 P_5 41 41 0 0 0 1 1 1
0 P_5 42 42 0 0 0 1 1 1
0 P_5 43 43 0 0 0 1 1 1
0 P_5 44 44 0 0 0 1 1 1
0 P_5 45 45 0 0 0 1 1 1
0 P_5 46 46 0 0 0 1 1 1
0 P_5 47 47 0 0 0 1 1 1
0 P_5 48 48 0 0 0 1 1 1
0 P_5 49 49 0 0 0 1 1 1
0 P_5 50 50 0.1112315 0.1166 0.122122 1 1 1
0 P_5 51 51 0 0 0 1 1 1
0 P_5 52 52 0 0 0 1 1 1
0 P_5 53 53 0 0 0 1 1 1
0 P_5 54 54 0.1112315 0.1166 0.122122 1 1 1
0 P_5 55 55 0 0 0 1 1 1
0 P_5 56 56 0.5 0.5 0.5 1 1 1
0 P_5 57 57 0 0 0 1 1 1
0 P_5 58 58 0 0 0 1 1 1
0 P_5 59 59 0 0 0 1 1 1
0 P_5 60 60 0 0 0 1 1 1
0 P_5 61 61 0.5 0.5 0.5 1 1 1
0 P_5 62 62 0.1112315 0.1166 0.122122 1 1 1
0 P_5 63 63 0 0 0 1 1 1
0 P_5 64 64 0.5 0.5 0.5 1 1 1
0 P_5 65 65 0.5 0.5 0.5 1 1 1
0 P_5 66 66 0 0 0 1 1 1
0 P_5 67 67 0.3779285 0.38345 0.3888175 1 1 1
0 P_5 68 68 0 0 0 1 1 1
0 P_5 69 69 0.5 0.5 0.5 1 1 1
0 P_5 70 70 0 0 0 1 1 1
0 P_5 71 71 0 0 0 1 1 1
0 P_5 72 72 0 0 0 1 1 1
0 P_5 73 73 0.1112315 0.1166 0.122122 1 1 1
0 P_5 74 74 0.1112315 0.1166 0.122122 1 1 1
0 P_5 75 75 0.3779285 0.38345 0.3888175 1 1 1
0 P_5 76 76 0.1112315 0.1166 0.122122 1 1 1
0 P_5 77 77 0.1112315 0.1166 0.122122 1 1 1
0 P_5 78 78 0 0 0 1 1 1
0 P_5 79 79 0.3779285 0.38345 0.3888175 1 1 1
0 P_5 80 80 0 0 0 1 1 1
0 P_5 81 81 0 0 0 1 1 1
0 P_5 82 82 0 0 0 1 1 1
0 P_5 83 83 0.5 0.5 0.5 1 1 1
0 P_5 84 84 0.5 0.5 0.5 1 1 1
0 P_5 85 85 0 0 0 1 1 1
0 P_5 86 86 0.1112315 0.1166 0.122122 1 1 1
0 P_5 87 87 0 0 0 1 1 1
0 P_5 88 88 0 0 0 1 1 1
0 P_5 89 89 0.1112315 0.1166 0.122122 1 1 1
0 P_5 90 90 0 0 0 1 1 1
0 P_5 91 91 0 0 0 1 1 1
0 P_5 92 92 0 0 0 1 1 1
0 P_5 93 93 0.5 0.5 0.5 1 1 1
0 P_5 94 94 0 0 0 1 1 1
0 P_5 95 95 0.1112315 0.1166 0.122122 1 1 1
0 P_5 96 96 0 0 0 1 1 1
0 P_5 97 97 0 0 0 1 1 1
0 P_5 98 98 0.1112315 0.1166 0.122122 1 1 1
0 P_5 99 99 0 0 0 1 1 1
0 P_5 100 100 0.3779285 0.38345 0.3888175 1 1 1
0 P_5 101 101 0.5 0.5 0.5 1 1 1
0 P_5 102 102 0 0 0 1 1 1
0 P_5 103 103 0 0 0 1 1 1
0 P_5 104 104 0 0 0 1 1 1
0 P_5 105 105 0.1112315 0.1166 0.122122 1 1 1
0 P_5 106 106 0 0 0 1 1 1
0 P_5 107 107 0.1112315 0.1166 0.122122 1 1 1
0 P_5 108 108 0 0 0 1 1 1
0 P_5 109 109 0.5 0.5 0.5 1 1 1
0 P_5 110 110 0 0 0 1 1 1
0 P_5 111 111 0 0 0 1 1 1
0 P_5 112 112 0 0 0 1 1 1
0 P_5 113 113 0.3779285 0.38345 0.3888175 1 1 1
0 P_5 114 114 0.5 0.5 0.5 1 1 1
0 P_5 115 115 0 0 0 1 1 1
0 P_5 116 116 0 0 0 1 1 1
0 P_5 117 117 0 0 0 1 1 1
0 P_5 118 118 0 0 0 1 1 1
0 P_5 119 119 0.1112315 0.1166 0.122122 1 1 1
0 P_5 120 120 0.5 0.5 0.5 1 1 1
0 P_5 121 121 0.5 0.5 0.5 1 1 1
0 P_5 122 122 0.3779285 0.38345 0.3888175 1 1 1
0 P_5 123 123 0 0 0 1 1 1
0 P_5 124 124 0.3779285 0.38345 0.3888175 1 1 1
0 P_5 125 125 0.1112315 0.1166 0.122122 1 1 1
0 P_5 126 126 0.5 0.5 0.5 1 1 1
0 P_5 127 127 0 0 0 1 1 1
0 P_5 128 128 0 0 0 1 1 1
0 P_5 129 129 0 0 0 1 1 1
0 P_5 130 130 0.3779285 0.38345 0.3888175 1 1 1
0 P_5 131 131 0 0 0 1 1 1
0 P_5 132 132 0 0 0 1 1 1
0 P_5 133 133 0 0 0 1 1 1
0 P_5 134 134 0 0 0 1 1 1
0 P_5 135 135 0 0 0 1 1 1
0 P_5 136 136 0 0 0 1 1 1
0 P_5 137 137 0 0 0 1 1 1
0 P_5 138 138 0 0 0 1 1 1
0 P_5 139 139 0 0 0 1 1 1
0 P_5 140 140 0 0 0 1 1 1
0 P_5 141 141 0.3779285 0.38345 0.3888175 1 1 1
0 P_5 142 142 0.1112315 0.1166 0.122122 1 1 1
0 P_5 143 143 0.5 0.5 0.5 1 1 1
0 P_5 144 144 0 0 0 1 1 1
0 P_5 145 145 0 0 0 1 1 1
0 P_5 146 146 0.1112315 0.1166 0.122122 1 1 1
0 P_5 147 147 0 0 0 1 1 1
0 P_5 148 148 0.1112315 0.1166 0.122122 1 1 1
0 P_5 149 149 0 0 0 1 1 1
0 P_5 150 150 0.1112315 0.1166 0.122122 1 1 1
0 P_5 151 151 0 0 0 1 1 1
0 P_5 152 152 0.1112315 0.1166 0.122122 1 1 1
0 P_5 153 153 0.3779285 0.38345 0.3888175 1 1 1
0 P_5 154 154 0.1112315 0.1166 0.122122 1 1 1
0 P_5 155 155 0.1112315 0.1166 0.122122 1 1 1
0 P_5 156 156 0.5 0.5 0.5 1 1 1
0 P_5 157 157 0.1112315 0.1166 0.122122 1 1 1
0 P_5 158 158 0.5 0.5 0.5 1 1 1
0 P_5 159 159 0.3779285 0.38345 0.3888175 1 1 1
0 P_5 160 160 0.1112315 0.1166 0.122122 1 1 1
0 P_5 161 161 0.3779285 0.38345 0.3888175 1 1 1
0 P_5 162 162 0 0 0 1 1 1
0 P_5 163 163 0.5 0.5 0.5 1 1 1
0 P_5 164 164 0.5 0.5 0.5 1 1 1
0 P_5 165 165 0 0 0 1 1 1
0 P_5 166 166 0.3779285 0.38345 0.3888175 1 1 1
0 P_5 167 167 0 0 0 1 1 1
0 P_5 168 168 0 0 0 1 1 1
0 P_5 169 169 0 0 0 1 1 1
0 P_5 170 170 0.5 0.5 0.5 1 1 1
0 P_5 171 171 0 0 0 1 1 1
0 P_5 172 172 0 0 0 1 1 1
0 P_5 173 173 0.5 0.5 0.5 1 1 1
0 P_5 174 174 0.5 0.5 0.5 1 1 1
0 P_5 175 175 0.3779285 0.38345 0.3888175 1 1 1
0 P_5 176 176 0.5 0.5 0.5 1 1 1
0 P_5 177 177 0 0 0 1 1 1
0 P_5 178 178 0 0 0 1 1 1
0 P_5 179 179 0 0 0 1 1 1
0 P_5 180 180 0.1112315 0.1166 0.122122 1 1 1
0 P_5 181 181 0.1112315 0.1166 0.122122 1 1 1
0 P_5 182 182 0 0 0 1 1 1
0 P_5 183 183 0 0 0 1 1 1
0 P_5 184 184 0.1112315 0.1166 0.122122 1 1 1
0 P_5 185 185 0.5 0.5 0.5 1 1 1
0 P_5 186 186 0.5 0.5 0.5 1 1 1
0 P_5 187 187 0 0 0 1 1 1
0 P_5 188 188 0 0 0 1 1 1
0 P_5 189 189 0 0 0 1 1 1
0 P_5 190 190 0 0 0 1 1 1
0 P_5 191 191 0 0 0 1 1 1
0 P_5 192 192 0.5 0.5 0.5 1 1 1
0 P_5 193 193 0 0 0 1 1 1
0 P_5 194 194 0 0 0 1 1 1
0 P_5 195 195 0 0 0 1 1 1
0 P_5 196 196 0 0 0 1 1 1
0 P_5 197 197 0.3779285 0.38345 0.3888175 1 1 1
0 P_5 198 198 0.1112315 0.1166 0.122122 1 1 1
0 P_5 199 199 0 0 0 1 1 1
0 P_5 200 200 0 0 0 1 1 1
0 P_5 201 201 0.5 0.5 0.5 1 1 1
0 P_5 202 202 0 0 0 1 1 1
0 P_5 203 203 0.5 0.5 0.5 1 1 1
0 P_5 204 204 0 0 0 1 1 1
0 P_5 205 205 0.3779285 0.38345 0.3888175 1 1 1
0 P_5 206 206 0 0 0 1 1 1
0 P_5 207 207 0 0 0 1 1 1
0 P_5 208 208 0.1112315 0.1166 0.122122 1 1 1
0 P_5 209 209 0.3779285 0.38345 0.3888175 1 1 1
0 P_5 210 210 0.1112315 0.1166 0.122122 1 1 1
0 P_5 211 211 0 0 0 1 1 1
0 P_5 212 212 0 0 0 1 1 1
0 P_5 213 213 0 0 0 1 1 1
0 P_5 214 214 0 0 0 1 1 1
0 P_5 215 215 0 0 0 1 1 1
0 P_5 216 216 0.1112315 0.1166 0.122122 1 1 1
0 P_5 217 217 0 0 0 1 1 1
0 P_5 218 218 0.1112315 0.1166 0.122122 1 1 1
0 P_5 219 219 0 0 0 1 1 1
0 P_5 220 220 0.5 0.5 0.5 1 1 1
0 P_5 221 221 0.1112315 0.1166 0.122122 1 1 1
0 P_5 222 222 0 0 0 1 1 1
0 P_5 223 223 0 0 0 1 1 1
0 P_5 224 224 0 0 0 1 1 1
0 P_5 225 225 0.1112315 0.1166 0.122122 1 1 1
0 P_5 226 226 0 0 0 1 1 1
0 P_5 227 227 0 0 0 1 1 1
0 P_5 228 228 0 0 0 1 1 1
0 P_5 229 229 0.5 0.5 0.5 1 1 1
0 P_5 230 230 0 0 0 1 1 1
0 P_5 231 231 0.5 0.5 0.5 1 1 1
0 P_5 232 232 0.3779285 0.38345 0.3888175 1 1 1
0 P_5 233 233 0.3779285 0.38345 0.3888175 1 1 1
0 P_5 234 234 0 0 0 1 1 1
0 P_5 235 235 0.3779285 0.38345 0.3888175 1 1 1
0 P_5 236 236 0 0 0 1 1 1
0 P_5 237 237 0 0 0 1 1 1
0 P_5 238 238 0 0 0 1 1 1
0 P_5 239 239 0 0 0 1 1 1
0 P_5 240 240 0 0 0 1 1 1
0 P_5 241 241 0 0 0 1 1 1
0 P_5 242 242 0.5 0.5 0.5 1 1 1
0 P_5 243 243 0 0 0 1 1 1
0 P_5 244 244 0 0 0 1 1 1
0 P_5 245 245 0.1112315 0.1166 0.122122 1 1 1
0 P_5 246 246 0 0 0 1 1 1
0 P_5 247 247 0.5 0.5 0.5 1 1 1
0 P_5 248 248 0.1112315 0.1166 0.122122 1 1 1
0 P_5 249 249 0 0 0 1 1 1
0 P_5 250 250 0 0 0 1 1 1
0 P_5 251 251 0.1112315 0.1166 0.122122 1 1 1
0 P_5 252 252 0.3779285 0.38345 0.3888175 1 1 1
0 P_5 253 253 0 0 0 1 1 1
0 P_5 254 254 0.5 0.5 0.5 1 1 1
0 P_5 255 255 0 0 0 1 1 1
0 P_5 256 256 0.3779285 0.38345 0.3888175 1 1 1
0 P_5 257 257 0 0 0 1 1 1
0 P_5 258 258 0 0 0 1 1 1
0 P_5 259 259 0 0 0 1 1 1
0 P_5 260 260 0 0 0 1 1 1
0 P_5 261 261 0 0 0 1 1 1
0 P_5 262 262 0 0 0 1 1 1
0 P_5 263 263 0.1112315 0.1166 0.122122 1 1 1
0 P_5 264 264 0 0 0 1 1 1
0 P_5 265 265 0 0 0 1 1 1
0 P_5 266 266 0 0 0 1 1 1
0 P_5 267 267 0 0 0 1 1 1
0 P_5 268 268 0.1112315 0.1166 0.122122 1 1 1
0 P_5 269 269 0 0 0 1 1 1
0 P_5 270 270 0 0 0 1 1 1
0 P_5 271 271 0.3779285 0.38345 0.3888175 1 1 1
0 P_5 272 272 0 0 0 1 1 1
0 P_5 273 273 0 0 0 1 1 1
0 P_5 274 274 0 0 0 1 1 1
0 P_5 275 275 0.1112315 0.1166 0.122122 1 1 1
0 P_5 276 276 0 0 0 1 1 1
0 P_5 277 277 0 0 0 1 1 1
0 P_5 278 278 0.1112315 0.1166 0.122122 1 1 1
0 P_5 279 279 0.1112315 0.1166 0.122122 1 1 1
0 P_5 280 280 0.5 0.5 0.5 1 1 1
0 P_5 281 281 0 0 0 1 1 1
0 P_5 282 282 0.3779285 0.38345 0.3888175 1 1 1
0 P_5 283 283 0 0 0 1 1 1
0 P_5 284 284 0.3779285 0.38345 0.3888175 1 1 1
0 P_5 285 285 0 0 0 1 1 1
0 P_5 286 286 0 0 0 1 1 1
0 P_5 287 287 0 0 0 1 1 1
0 P_5 288 288 0.3779285 0.38345 0.3888175 1 1 1
0 P_5 289 289 0.1112315 0.1166 0.122122 1 1 1
0 P_5 290 290 0 0 0 1 1 1
0 P_5 291 291 0 0 0 1 1 1
0 P_5 292 292 0 0 0 1 1 1
0 P_5 293 293 0.5 0.5 0.5 1 1 1
0 P_5 294 294 0 0 0 1 1 1
0 P_5 295 295 0 0 0 1 1 1
0 P_5 296 296 0.3779285 0.38345 0.3888175 1 1 1
0 P_5 297 297 0 0 0 1 1 1
0 P_5 298 298 0 0 0 1 1 1
0 P_5 299 299 0 0 0 1 1 1
0 P_5 300 300 0 0 0 1 1 1
1 P_9 0 0 0.5 0.5 0.5 1 1 1
1 P_9 1 1 0.4118565 0.41675 0.4214515 1 1 1
1 P_9 2 2 0.0785975 0.0833 0.0881945 1 1 1
1 P_9 3 3 0 0 0 1 1 1
1 P_9 4 4 0 0 0 1 1 1
1 P_9 5 5 0.5 0.5 0.5 1 1 1
1 P_9 6 6 0 0 0 1 1 1
1 P_9 7 7 0 0 0 1 1 1
1 P_9 8 8 0 0 0 1 1 1
1 P_9 9 9 0 0 0 1 1 1
1 P_9 10 10 0.4118565 0.41675 0.4214515 1 1 1
1 P_9 11 11 0 0 0 1 1 1
1 P_9 12 12 0.0785975 0.0833 0.0881945 1 1 1
1 P_9 13 13 0 0 0 1 1 1
1 P_9 14 14 0.4118565 0.41675 0.4214515 1 1 1
1 P_9 15 15 0 0 0 1 1 1
1 P_9 16 16 0.4118565 0.41675 0.4214515 1 1 1
1 P_9 17 17 0.5 0.5 0.5 1 1 1
1 P_9 18 18 0 0 0 1 1 1
1 P_9 19 19 0.4118565 0.41675 0.4214515 1 1 1
1 P_9 20 20 0.4118565 0.41675 0.4214515 1 1 1
1 P_9 21 21 0.4118565 0.41675 0.4214515 1 1 1
1 P_9 22 22 0 0 0 1 1 1
1 P_9 23 23 0 0 0 1 1 1
1 P_9 24 24 0.5 0.5 0.5 1 1 1
1 P_9 25 25 0 0 0 1 1 1
1 P_9 26 26 0.4118565 0.41675 0.4214515 1 1 1
1 P_9 27 27 0 0 0 1 1 1
1 P_9 28 28 0 0 0 1 1 1
1 P_9 29 29 0.0785975 0.0833 0.0881945 1 1 1
1 P_9 30 30 0.0785975 0.0833 0.0881945 1 1 1
1 P_9 31 31 0.0785975 0.0833 0.0881945 1 1 1
1 P_9 32 32 0 0 0 1 1 1
1 P_9 33 33 0 0 0 1 1 1
1 P_9 34 34 0.5 0.5 0.5 1 1 1
1 P_9 35 35 0 0 0 1 1 1
1 P_9 36 36 0.4118565 0.41675 0.4214515 1 1 1
1 P_9 37 37 0.4118565 0.41675 0.4214515 1 1 1
1 P_9 38 38 0 0 0 1 1 1
1 P_9 39 39 0 0 0 1 1 1
1 P_9 40 40 0.4118565 0.41675 0.4214515 1 1 1
1 P_9 41 41 0.4118565 0.41675 0.4214515 1 1 1
1 P_9 42 42 0.4118565 0.41675 0.4214515 1 1 1
1 P_9 43 43 0 0 0 1 1 1
1 P_9 44 44 0.4118565 0.41675 0.4214515 1 1 1
1 P_9 45 45 0.4118565 0.41675 0.4214515 1 1 1
1 P_9 46 46 0 0 0 1 1 1
1 P_9 47 47 0 0 0 1 1 1
1 P_9 48 48 0.4118565 0.41675 0.4214515 1 1 1
1 P_9 49 49 0 0 0 1 1 1
1 P_9 50 50 0 0 0 1 1 1
1 P_9 51 51 0 0 0 1 1 1
1 P_9 52 52 0.4118565 0.41675 0.4214515 1 1 1
1 P_9 53 53 0 0 0 1 1 1
1 P_9 54 54 0 0 0 1 1 1
1 P_9 55 55 0.4118565 0.41675 0.4214515 1 1 1
1 P_9 56 56 0.5 0.5 0.5 1 1 1
1 P_9 57 57 0.4118565 0.41675 0.4214515 1 1 1
1 P_9 58 58 0.4118565 0.41675 0.4214515 1 1 1
1 P_9 59 59 0.4118565 0.41675 0.4214515 1 1 1
1 P_9 60 60 0.0785975 0.0833 0.0881945 1 1 1
1 P_9 61 61 0.5 0.5 0.5 1 1 1
1 P_9 62 62 0 0 0 1 1 1
1 P_9 63 63 0.4118565 0.41675 0.4214515 1 1 1
1 P_9 64 64 0.5 0.5 0.5 1 1 1
1 P_9 65 65 0.5 0.5 0.5 1 1 1
1 P_9 66 66 0 0 0 1 1 1
1 P_9 67 67 0.5 0.5 0.5 1 1 1
1 P_9 68 68 0.4118565 0.41675 0.4214515 1 1 1
1 P_9 69 69 0.5 0.5 0.5 1 1 1
1 P_9 70 70 0 0 0 1 1 1
1 P_9 71 71 0 0 0 1 1 1
1 P_9 72 72 0.0785975 0.0833 0.0881945 1 1 1
1 P_9 73 73 0 0 0 1 1 1
1 P_9 74 74 0 0 0 1 1 1
1 P_9 75 75 0 0 0 1 1 1
1 P_9 76 76 0 0 0 1 1 1
1 P_9 77 77 0 0 0 1 1 1
1 P_9 78 78 0.0785975 0.0833 0.0881945 1 1 1
1 P_9 79 79 0.4118565 0.41675 0.4214515 1 1 1
1 P_9 80 80 0 0 0 1 1 1
1 P_9 81 81 0.4118565 0.41675 0.4214515 1 1 1
1 P_9 82 82 0.4118565 0.41675 0.4214515 1 1 1
1 P_9 83 83 0.5 0.5 0.5 1 1 1
1 P_9 84 84 0.5 0.5 0.5 1 1 1
1 P_9 85 85 0 0 0 1 1 1
1 P_9 86 86 0 0 0 1 1 1
1 P_9 87 87 0 0 0 1 1 1
1 P_9 88 88 0.4118565 0.41675 0.4214515 1 1 1
1 P_9 89 89 0 0 0 1 1 1
1 P_9 90 90 0.4118565 0.41675 0.4214515 1 1 1
1 P_9 91 91 0.4118565 0.41675 0.4214515 1 1 1
1 P_9 92 92 0.4118565 0.41675 0.4214515 1 1 1
1 P_9 93 93 0.5 0.5 0.5 1 1 1
1 P_9 94 94 0.4118565 0.41675 0.4214515 1 1 1
1 P_9 95 95 0 0 0 1 1 1
1 P_9 96 96 0.4118565 0.41675 0.4214515 1 1 1
1 P_9 97 97 0 0 0 1 1 1
1 P_9 98 98 0 0 0 1 1 1
1 P_9 99 99 0.4118565 0.41675 0.4214515 1 1 1
1 P_9 100 100 0.4118565 0.41675 0.4214515 1 1 1
1 P_9 101 101 0.5 0.5 0.5 1 1 1
1 P_9 102 102 0.4118565 0.41675 0.4214515 1 1 1
1 P_9 103 103 0.4118565 0.41675 0.4214515 1 1 1
1 P_9 104 104 0.0785975 0.0833 0.0881945 1 1 1
1 P_9 105 105 0 0 0 1 1 1
1 P_9 106 106 0.4118565 0.41675 0.4214515 1 1 1
1 P_9 107 107 0 0 0 1 1 1
1 P_9 108 108 0.4118565 0.41675 0.4214515 1 1 1
1 P_9 109 109 0.5 0.5 0.5 1 1 1
1 P_9 110 110 0 0 0 1 1 1
1 P_9 111 111 0 0 0 1 1 1
1 P_9 112 112 0 0 0 1 1 1
1 P_9 113 113 0.4118565 0.41675 0.4214515 1 1 1
1 P_9 114 114 0.5 0.5 0.5 1 1 1
1 P_9 115 115 0.4118565 0.41675 0.4214515 1 1 1
1 P_9 116 116 0.4118565 0.41675 0.4214515 1 1 1
1 P_9 117 117 0.0785975 0.0833 0.0881945 1 1 1
1 P_9 118 118 0.4118565 0.41675 0.4214515 1 1 1
1 P_9 119 119 0 0 0 1 1 1
1 P_9 120 120 0.5 0.5 0.5 1 1 1
1 P_9 121 121 0.5 0.5 0.5 1 1 1
1 P_9 122 122 0.5 0.5 0.5 1 1 1
1 P_9 123 123 0.4118565 0.41675 0.4214515 1 1 1
1 P_9 124 124 0 0 0 1 1 1
1 P_9 125 125 0 0 0 1 1 1
1 P_9 126 126 0.5 0.5 0.5 1 1 1
1 P_9 127 127 0 0 0 1 1 1
1 P_9 128 128 0 0 0 1 1 1
1 P_9 129 129 0.0785975 0.0833 0.0881945 1 1 1
1 P_9 130 130 0.5 0.5 0.5 1 1 1
1 P_9 131 131 0.0785975 0.0833 0.0881945 1 1 1
1 P_9 132 132 0.4118565 0.41675 0.4214515 1 1 1
1 P_9 133 133 0.4118565 0.41675 0.4214515 1 1 1
1 P_9 134 134 0.4118565 0.41675 0.4214515 1 1 1
1 P_9 135 135 0.4118565 0.41675 0.4214515 1 1 1
1 P_9 136 136 0.4118565 0.41675 0.4214515 1 1 1
1 P_9 137 137 0.4118565 0.41675 0.4214515 1 1 1
1 P_9 138 138 0.4118565 0.41675 0.4214515 1 1 1
1 P_9 139 139 0 0 0 1 1 1
1 P_9 140 140 0.0785975 0.0833 0.0881945 1 1 1
1 P_9 141 141 0.5 0.5 0.5 1 1 1
1 P_9 142 142 0 0 0 1 1 1
1 P_9 143 143 0.5 0.5 0.5 1 1 1
1 P_9 144 144 0.4118565 0.41675 0.4214515 1 1 1
1 P_9 145 145 0.4118565 0.41675 0.4214515 1 1 1
1 P_9 146 146 0 0 0 1 1 1
1 P_9 147 147 0.4118565 0.41675 0.4214515 1 1 1
1 P_9 148 148 0 0 0 1 1 1
1 P_9 149 149 0 0 0 1 1 1
1 P_9 150 150 0 0 0 1 1 1
1 P_9 151 151 0.4118565 0.41675 0.4214515 1 1 1
1 P_9 152 152 0 0 0 1 1 1
1 P_9 153 153 0.4118565 0.41675 0.4214515 1 1 1
1 P_9 154 154 0 0 0 1 1 1
1 P_9 155 155 0 0 0 1 1 1
1 P_9 156 156 0.5 0.5 0.5 1 1 1
1 P_9 157 157 0 0 0 1 1 1
1 P_9 158 158 0.5 0.5 0.5 1 1 1
1 P_9 159 159 0.5 0.5 0.5 1 1 1
1 P_9 160 160 0 0 0 1 1 1
1 P_9 161 161 0.4118565 0.41675 0.4214515 1 1 1
1 P_9 162 162 0 0 0 1 1 1
1 P_9 163 163 0.5 0.5 0.5 1 1 1
1 P_9 164 164 0.5 0.5 0.5 1 1 1
1 P_9 165 165 0.4118565 0.41675 0.4214515 1 1 1
1 P_9 166 166 0.5 0.5 0.5 1 1 1
1 P_9 167 167 0.4118565 0.41675 0.4214515 1 1 1
1 P_9 168 168 0.0785975 0.0833 0.0881945 1 1 1
1 P_9 169 169 0.0785975 0.0833 0.0881945 1 1 1
1 P_9 170 170 0.5 0.5 0.5 1 1 1
1 P_9 171 171 0.0785975 0.0833 0.0881945 1 1 1
1 P_9 172 172 0 0 0 1 1 1
1 P_9 173 173 0.5 0.5 0.5 1 1 1
1 P_9 174 174 0.5 0.5 0.5 1 1 1
1 P_9 175 175 0.5 0.5 0.5 1 1 1
1 P_9 176 176 0.5 0.5 0.5 1 1 1
1 P_9 177 177 0 0 0 1 1 1
1 P_9 178 178 0 0 0 1 1 1
1 P_9 179 179 0 0 0 1 1 1
1 P_9 180 180 0 0 0 1 1 1
1 P_9 181 181 0 0 0 1 1 1
1 P_9 182 182 0 0 0 1 1 1
1 P_9 183 183 0.4118565 0.41675 0.4214515 1 1 1
1 P_9 184 184 0 0 0 1 1 1
1 P_9 185 185 0.5 0.5 0.5 1 1 1
1 P_9 186 186 0.5 0.5 0.5 1 1 1
1 P_9 187 187 0.4118565 0.41675 0.4214515 1 1 1
1 P_9 188 188 0 0 0 1 1 1
1 P_9 189 189 0.4118565 0.41675 0.4214515 1 1 1
1 P_9 190 190 0.4118565 0.41675 0.4214515 1 1 1
1 P_9 191 191 0.4118565 0.41675 0.4214515 1 1 1
1 P_9 192 192 0.5 0.5 0.5 1 1 1
1 P_9 193 193 0 0 0 1 1 1
1 P_9 194 194 0 0 0 1 1 1
1 P_9 195 195 0.4118565 0.41675 0.4214515 1 1 1
1 P_9 196 196 0.0785975 0.0833 0.0881945 1 1 1
1 P_9 197 197 0.4118565 0.41675 0.4214515 1 1 1
1 P_9 198 198 0 0 0 1 1 1
1 P_9 199 199 0.0785975 0.0833 0.0881945 1 1 1
1 P_9 200 200 0.4118565 0.41675 0.4214515 1 1 1
1 P_9 201 201 0.5 0.5 0.5 1 1 1
1 P_9 202 202 0 0 0 1 1 1
1 P_9 203 203 0.5 0.5 0.5 1 1 1
1 P_9 204 204 0.4118565 0.41675 0.4214515 1 1 1
1 P_9 205 205 0 0 0 1 1 1
1 P_9 206 206 0.4118565 0.41675 0.4214515 1 1 1
1 P_9 207 207 0.4118565 0.41675 0.4214515 1 1 1
1 P_9 208 208 0 0 0 1 1 1
1 P_9 209 209 0.5 0.5 0.5 1 1 1
1 P_9 210 210 0 0 0 1 1 1
1 P_9 211 211 0.4118565 0.41675 0.4214515 1 1 1
1 P_9 212 212 0.0785975 0.0833 0.0881945 1 1 1
1 P_9 213 213 0.0785975 0.0833 0.0881945 1 1 1
1 P_9 214 214 0 0 0 1 1 1
1 P_9 215 215 0.4118565 0.41675 0.4214515 1 1 1
1 P_9 216 216 0 0 0 1 1 1
1 P_9 217 217 0 0 0 1 1 1
1 P_9 218 218 0 0 0 1 1 1
1 P_9 219 219 0 0 0 1 1 1
1 P_9 220 220 0.5 0.5 0.5 1 1 1
1 P_9 221 221 0 0 0 1 1 1
1 P_9 222 222 0.4118565 0.41675 0.4214515 1 1 1
1 P_9 223 223 0.4118565 0.41675 0.4214515 1 1 1
1 P_9 224 224 0.0785975 0.0833 0.0881945 1 1 1
1 P_9 225 225 0 0 0 1 1 1
1 P_9 226 226 0 0 0 1 1 1
1 P_9 227 227 0 0 0 1 1 1
1 P_9 228 228 0.4118565 0.41675 0.4214515 1 1 1
1 P_9 229 229 0.5 0.5 0.5 1 1 1
1 P_9 230 230 0.4118565 0.41675 0.4214515 1 1 1
1 P_9 231 231 0.5 0.5 0.5 1 1 1
1 P_9 232 232 0.4118565 0.41675 0.4214515 1 1 1
1 P_9 233 233 0 0 0 1 1 1
1 P_9 234 234 0.0785975 0.0833 0.0881945 1 1 1
1 P_9 235 235 0.5 0.5 0.5 1 1 1
1 P_9 236 236 0 0 0 1 1 1
1 P_9 237 237 0.4118565 0.41675 0.4214515 1 1 1
1 P_9 238 238 0.4118565 0.41675 0.4214515 1 1 1
1 P_9 239 239 0.0785975 0.0833 0.0881945 1 1 1
1 P_9 240 240 0.4118565 0.41675 0.4214515 1 1 1
1 P_9 241 241 0.4118565 0.41675 0.4214515 1 1 1
1 P_9 242 242 0.5 0.5 0.5 1 1 1
1 P_9 243 243 0.4118565 0.41675 0.4214515 1 1 1
1 P_9 244 244 0 0 0 1 1 1
1 P_9 245 245 0 0 0 1 1 1
1 P_9 246 246 0 0 0 1 1 1
1 P_9 247 247 0.5 0.5 0.5 1 1 1
1 P_9 248 248 0 0 0 1 1 1
1 P_9 249 249 0 0 0 1 1 1
1 P_9 250 250 0.4118565 0.41675 0.4214515 1 1 1
1 P_9 251 251 0 0 0 1 1 1
1 P_9 252 252 0 0 0 1 1 1
1 P_9 253 253 0.0785975 0.0833 0.0881945 1 1 1
1 P_9 254 254 0.5 0.5 0.5 1 1 1
1 P_9 255 255 0.0785975 0.0833 0.0881945 1 1 1
1 P_9 256 256 0 0 0 1 1 1
1 P_9 257 257 0.4118565 0.41675 0.4214515 1 1 1
1 P_9 258 258 0.4118565 0.41675 0.4214515 1 1 1
1 P_9 259 259 0.4118565 0.41675 0.4214515 1 1 1
1 P_9 260 260 0.4118565 0.41675 0.4214515 1 1 1
1 P_9 261 261 0 0 0 1 1 1
1 P_9 262 262 0 0 0 1 1 1
1 P_9 263 263 0 0 0 1 1 1
1 P_9 264 264 0.4118565 0.41675 0.4214515 1 1 1
1 P_9 265 265 0.4118565 0.41675 0.4214515 1 1 1
1 P_9 266 266 0 0 0 1 1 1
1 P_9 267 267 0.4118565 0.41675 0.4214515 1 1 1
1 P_9 268 268 0 0 0 1 1 1
1 P_9 269 269 0 0 0 1 1 1
1 P_9 270 270 0.4118565 0.41675 0.4214515 1 1 1
1 P_9 271 271 0.5 0.5 0.5 1 1 1
1 P_9 272 272 0.0785975 0.0833 0.0881945 1 1 1
1 P_9 273 273 0.4118565 0.41675 0.4214515 1 1 1
1 P_9 274 274 0 0 0 1 1 1
1 P_9 275 275 0 0 0 1 1 1
1 P_9 276 276 0.4118565 0.41675 0.4214515 1 1 1
1 P_9 277 277 0 0 0 1 1 1
1 P_9 278 278 0 0 0 1 1 1
1 P_9 279 279 0 0 0 1 1 1
1 P_9 280 280 0.5 0.5 0.5 1 1 1
1 P_9 281 281 0.0785975 0.0833 0.0881945 1 1 1
1 P_9 282 282 0 0 0 1 1 1
1 P_9 283 283 0.0785975 0.0833 0.0881945 1 1 1
1 P_9 284 284 0.4118565 0.41675 0.4214515 1 1 1
1 P_9 285 285 0 0 0 1 1 1
1 P_9 286 286 0 0 0 1 1 1
1 P_9 287 287 0 0 0 1 1 1
1 P_9 288 288 0.4118565 0.41675 0.4214515 1 1 1
1 P_9 289 289 0 0 0 1 1 1
1 P_9 290 290 0.4118565 0.41675 0.4214515 1 1 1
1 P_9 291 291 0.4118565 0.41675 0.4214515 1 1 1
1 P_9 292 292 0 0 0 1 1 1
1 P_9 293 293 0.5 0.5 0.5 1 1 1
1 P_9 294 294 0.0785975 0.0833 0.0881945 1 1 1
1 P_9 295 295 0.4118565 0.41675 0.4214515 1 1 1
1 P_9 296 296 0 0 0 1 1 1
1 P_9 297 297 0.4118565 0.41675 0.4214515 1 1 1
1 P_9 298 298 0.4118565 0.41675 0.4214515 1 1 1
1 P_9 299 299 0.0785975 0.0833 0.0881945 1 1 1
1 P_9 300 300 0.4118565 0.41675 0.4214515 1 1 1
2 P_2 0 0 0.5 0.5 0.5 1 1 1
2 P_2 1 1 0.2480605 0.2545 0.2609345 1 1 1
2 P_2 2 2 0.2391155 0.24555 0.2519895 1 1 1
2 P_2 3 3 0 0 0 1 1 1
2 P_2 4 4 0 0 0 1 1 1
2 P_2 5 5 0.5 0.5 0.5 1 1 1
2 P_2 6 6 0 0 0 1 1 1
2 P_2 7 7 0 0 0 1 1 1
2 P_2 8 8 0 0 0 1 1 1
2 P_2 9 9 0 0 0 1 1 1
2 P_2 10 10 0.2480605 0.2545 0.2609345 1 1 1
2 P_2 11 11 0 0 0 1 1 1
2 P_2 12 12 0.2391155 0.24555 0.2519895 1 1 1
2 P_2 13 13 0 0 0 1 1 1
2 P_2 14 14 0.2480605 0.2545 0.2609345 1 1 1
2 P_2 15 15 0 0 0 1 1 1
2 P_2 16 16 0.2480605 0.2545 0.2609345 1 1 1
2 P_2 17 17 0.5 0.5 0.5 1 1 1
2 P_2 18 18 0 0 0 1 1 1
2 P_2 19 19 0.2480605 0.2545 0.2609345 1 1 1
2 P_2 20 20 0.2480605 0.2545 0.2609345 1 1 1
2 P_2 21 21 0.2480605 0.2545 0.2609345 1 1 1
2 P_2 22 22 0 0 0 1 1 1
2 P_2 23 23 0 0 0 1 1 1
2 P_2 24 24 0.5 0.5 0.5 1 1 1
2 P_2 25 25 0 0 0 1 1 1
2 P_2 26 26 0 0 0 1 1 1
2 P_2 27 27 0 0 0 1 1 1
2 P_2 28 28 0 0 0 1 1 1
2 P_2 29 29 0.2391155 0.24555 0.2519895 1 1 1
2 P_2 30 30 0.2391155 0.24555 0.2519895 1 1 1
2 P_2 31 31 0.2391155 0.24555 0.2519895 1 1 1
2 P_2 32 32 0 0 0 1 1 1
2 P_2 33 33 0 0 0 1 1 1
2 P_2 34 34 0.5 0.5 0.5 1 1 1
2 P_2 35 35 0 0 0 1 1 1
2 P_2 36 36 0.2480605 0.2545 0.2609345 1 1 1
2 P_2 37 37 0.2480605 0.2545 0.2609345 1 1 1
2 P_2 38 38 0 0 0 1 1 1
2 P_2 39 39 0 0 0 1 1 1
2 P_2 40 40 0.2480605 0.2545 0.2609345 1 1 1
2 P_2 41 41 0.2480605 0.2545 0.2609345 1 1 1
2 P_2 42 42 0.2480605 0.2545 0.2609345 1 1 1
2 P_2 43 43 0 0 0 1 1 1
2 P_2 44 44 0.2480605 0.2545 0.2609345 1 1 1
2 P_2 45 45 0.2480605 0.2545 0.2609345 1 1 1
2 P_2 46 46 0 0 0 1 1 1
2 P_2 47 47 0 0 0 1 1 1
2 P_2 48 48 0 0 0 1 1 1
2 P_2 49 49 0 0 0 1 1 1
2 P_2 50 50 0 0 0 1 1 1
2 P_2 51 51 0 0 0 1 1 1
2 P_2 52 52 0 0 0 1 1 1
2 P_2 53 53 0 0 0 1 1 1
2 P_2 54 54 0 0 0 1 1 1
2 P_2 55 55 0 0 0 1 1 1
2 P_2 56 56 0.5 0.5 0.5 1 1 1
2 P_2 57 57 0.2480605 0.2545 0.2609345 1 1 1
2 P_2 58 58 0 0 0 1 1 1
2 P_2 59 59 0 0 0 1 1 1
2 P_2 60 60 0.2391155 0.24555 0.2519895 1 1 1
2 P_2 61 61 0.5 0.5 0.5 1 1 1
2 P_2 62 62 0 0 0 1 1 1
2 P_2 63 63 0.2480605 0.2545 0.2609345 1 1 1
2 P_2 64 64 0.5 0.5 0.5 1 1 1
2 P_2 65 65 0.5 0.5 0.5 1 1 1
2 P_2 66 66 0 0 0 1 1 1
2 P_2 67 67 0.5 0.5 0.5 1 1 1
2 P_2 68 68 0.2480605 0.2545 0.2609345 1 1 1
2 P_2 69 69 0.5 0.5 0.5 1 1 1
2 P_2 70 70 0 0 0 1 1 1
2 P_2 71 71 0 0 0 1 1 1
2 P_2 72 72 0.2391155 0.24555 0.2519895 1 1 1
2 P_2 73 73 0 0 0 1 1 1
2 P_2 74 74 0 0 0 1 1 1
2 P_2 75 75 0 0 0 1 1 1
2 P_2 76 76 0 0 0 1 1 1
2 P_2 77 77 0 0 0 1 1 1
2 P_2 78 78 0.2391155 0.24555 0.2519895 1 1 1
2 P_2 79 79 0.2480605 0.2545 0.2609345 1 1 1
2 P_2 80 80 0 0 0 1 1 1
2 P_2 81 81 0.2480605 0.2545 0.2609345 1 1 1
2 P_2 82 82 0.2480605 0.2545 0.2609345 1 1 1
2 P_2 83 83 0.5 0.5 0.5 1 1 1
2 P_2 84 84 0.5 0.5 0.5 1 1 1
2 P_2 85 85 0 0 0 1 1 1
2 P_2 86 86 0 0 0 1 1 1
2 P_2 87 87 0 0 0 1 1 1
2 P_2 88 88 0.2480605 0.2545 0.2609345 1 1 1
2 P_2 89 89 0 0 0 1 1 1
2 P_2 90 90 0 0 0 1 1 1
2 P_2 91 91 0 0 0 1 1 1
2 P_2 92 92 0.2480605 0.2545 0.2609345 1 1 1
2 P_2 93 93 0.5 0.5 0.5 1 1 1
2 P_2 94 94 0.2480605 0.2545 0.2609345 1 1 1
2 P_2 95 95 0 0 0 1 1 1
2 P_2 96 96 0.2480605 0.2545 0.2609345 1 1 1
2 P_2 97 97 0 0 0 1 1 1
2 P_2 98 98 0 0 0 1 1 1
2 P_2 99 99 0 0 0 1 1 1
2 P_2 100 100 0.2480605 0.2545 0.2609345 1 1 1
2 P_2 101 101 0.5 0.5 0.5 1 1 1
2 P_2 102 102 0.2480605 0.2545 0.2609345 1 1 1
2 P_2 103 103 0.2480605 0.2545 0.2609345 1 1 1
2 P_2 104 104 0.2391155 0.24555 0.2519895 1 1 1
2 P_2 105 105 0 0 0 1 1 1
2 P_2 106 106 0.2480605 0.2545 0.2609345 1 1 1
2 P_2 107 107 0 0 0 1 1 1
2 P_2 108 108 0.2480605 0.2545 0.2609345 1 1 1
2 P_2 109 109 0.5 0.5 0.5 1 1 1
2 P_2 110 110 0 0 0 1 1 1
2 P_2 111 111 0 0 0 1 1 1
2 P_2 112 112 0 0 0 1 1 1
2 P_2 113 113 0.2480605 0.2545 0.2609345 1 1 1
2 P_2 114 114 0.5 0.5 0.5 1 1 1
2 P_2 115 115 0 0 0 1 1 1
2 P_2 116 116 0.2480605 0.2545 0.2609345 1 1 1
2 P_2 117 117 0.2391155 0.24555 0.2519895 1 1 1
2 P_2 118 118 0.2480605 0.2545 0.2609345 1 1 1
2 P_2 119 119 0 0 0 1 1 1
2 P_2 120 120 0.5 0.5 0.5 1 1 1
2 P_2 121 121 0.5 0.5 0.5 1 1 1
2 P_2 122 122 0.5 0.5 0.5 1 1 1
2 P_2 123 123 0 0 0 1 1 1
2 P_2 124 124 0 0 0 1 1 1
2 P_2 125 125 0 0 0 1 1 1
2 P_2 126 126 0.5 0.5 0.5 1 1 1
2 P_2 127 127 0 0 0 1 1 1
2 P_2 128 128 0 0 0 1 1 1
2 P_2 129 129 0.2391155 0.24555 0.2519895 1 1 1
2 P_2 130 130 0.5 0.5 0.5 1 1 1
2 P_2 131 131 0.2391155 0.24555 0.2519895 1 1 1
2 P_2 132 132 0.2480605 0.2545 0.2609345 1 1 1
2 P_2 133 133 0.2480605 0.2545 0.2609345 1 1 1
2 P_2 134 134 0.2480605 0.2545 0.2609345 1 1 1
2 P_2 135 135 0.2480605 0.2545 0.2609345 1 1 1
2 P_2 136 136 0 0 0 1 1 1
2 P_2 137 137 0 0 0 1 1 1
2 P_2 138 138 0 0 0 1 1 1
2 P_2 139 139 0 0 0 1 1 1
2 P_2 140 140 0.2391155 0.24555 0.2519895 1 1 1
2 P_2 141 141 0.5 0.5 0.5 1 1 1
2 P_2 142 142 0 0 0 1 1 1
2 P_2 143 143 0.5 0.5 0.5 1 1 1
2 P_2 144 144 0 0 0 1 1 1
2 P_2 145 145 0.2480605 0.2545 0.2609345 1 1 1
2 P_2 146 146 0 0 0 1 1 1
2 P_2 147 147 0.2480605 0.2545 0.2609345 1 1 1
2 P_2 148 148 0 0 0 1 1 1
2 P_2 149 149 0 0 0 1 1 1
2 P_2 150 150 0 0 0 1 1 1
2 P_2 151 151 0 0 0 1 1 1
2 P_2 152 152 0 0 0 1 1 1
2 P_2 153 153 0.2480605 0.2545 0.2609345 1 1 1
2 P_2 154 154 0 0 0 1 1 1
2 P_2 155 155 0 0 0 1 1 1
2 P_2 156 156 0.5 0.5 0.5 1 1 1
2 P_2 157 157 0 0 0 1 1 1
2 P_2 158 158 0.5 0.5 0.5 1 1 1
2 P_2 159 159 0.5 0.5 0.5 1 1 1
2 P_2 160 160 0 0 0 1 1 1
2 P_2 161 161 0.2480605 0.2545 0.2609345 1 1 1
2 P_2 162 162 0 0 0 1 1 1
2 P_2 163 163 0.5 0.5 0.5 1 1 1
2 P_2 164 164 0.5 0.5 0.5 1 1 1
2 P_2 165 165 0.2480605 0.2545 0.2609345 1 1 1
2 P_2 166 166 0.5 0.5 0.5 1 1 1
2 P_2 167 167 0.2480605 0.2545 0.2609345 1 1 1
2 P_2 168 168 0.2391155 0.24555 0.2519895 1 1 1
2 P_2 169 169 0.2391155 0.24555 0.2519895 1 1 1
2 P_2 170 170 0.5 0.5 0.5 1 1 1
2 P_2 171 171 0.2391155 0.24555 0.2519895 1 1 1
2 P_2 172 172 0 0 0 1 1 1
2 P_2 173 173 0.5 0.5 0.5 1 1 1
2 P_2 174 174 0.5 0.5 0.5 1 1 1
2 P_2 175 175 0.5 0.5 0.5 1 1 1
2 P_2 176 176 0.5 0.5 0.5 1 1 1
2 P_2 177 177 0 0 0 1 1 1
2 P_2 178 178 0 0 0 1 1 1
2 P_2 179 179 0 0 0 1 1 1
2 P_2 180 180 0 0 0 1 1 1
2 P_2 181 181 0 0 0 1 1 1
2 P_2 182 182 0 0 0 1 1 1
2 P_2 183 183 0.2480605 0.2545 0.2609345 1 1 1
2 P_2 184 184 0 0 0 1 1 1
2 P_2 185 185 0.5 0.5 0.5 1 1 1
2 P_2 186 186 0.5 0.5 0.5 1 1 1
2 P_2 187 187 0 0 0 1 1 1
2 P_2 188 188 0 0 0 1 1 1
2 P_2 189 189 0 0 0 1 1 1
2 P_2 190 190 0.2480605 0.2545 0.2609345 1 1 1
2 P_2 191 191 0.2480605 0.2545 0.2609345 1 1 1
2 P_2 192 192 0.5 0.5 0.5 1 1 1
2 P_2 193 193 0 0 0 1 1 1
2 P_2 194 194 0 0 0 1 1 1
2 P_2 195 195 0 0 0 1 1 1
2 P_2 196 196 0.2391155 0.24555 0.2519895 1 1 1
2 P_2 197 197 0.2480605 0.2545 0.2609345 1 1 1
2 P_2 198 198 0 0 0 1 1 1
2 P_2 199 199 0.2391155 0.24555 0.2519895 1 1 1
2 P_2 200 200 0 0 0 1 1 1
2 P_2 201 201 0.5 0.5 0.5 1 1 1
2 P_2 202 202 0 0 0 1 1 1
2 P_2 203 203 0.5 0.5 0.5 1 1 1
2 P_2 204 204 0.2480605 0.2545 0.2609345 1 1 1
2 P_2 205 205 0 0 0 1 1 1
2 P_2 206 206 0 0 0 1 1 1
2 P_2 207 207 0.2480605 0.2545 0.2609345 1 1 1
2 P_2 208 208 0 0 0 1 1 1
2 P_2 209 209 0.5 0.5 0.5 1 1 1
2 P_2 210 210 0 0 0 1 1 1
2 P_2 211 211 0.2480605 0.2545 0.2609345 1 1 1
2 P_2 212 212 0.2391155 0.24555 0.2519895 1 1 1
2 P_2 213 213 0.2391155 0.24555 0.2519895 1 1 1
2 P_2 214 214 0 0 0 1 1 1
2 P_2 215 215 0.2480605 0.2545 0.2609345 1 1 1
2 P_2 216 216 0 0 0 1 1 1
2 P_2 217 217 0 0 0 1 1 1
2 P_2 218 218 0 0 0 1 1 1
2 P_2 219 219 0 0 0 1 1 1
2 P_2 220 220 0.5 0.5 0.5 1 1 1
2 P_2 221 221 0 0 0 1 1 1
2 P_2 222 222 0.2480605 0.2545 0.2609345 1 1 1
2 P_2 223 223 0.2480605 0.2545 0.2609345 1 1 1
2 P_2 224 224 0.2391155 0.24555 0.2519895 1 1 1
2 P_2 225 225 0 0 0 1 1 1
2 P_2 226 226 0 0 0 1 1 1
2 P_2 227 227 0 0 0 1 1 1
2 P_2 228 228 0.2480605 0.2545 0.2609345 1 1 1
2 P_2 229 229 0.5 0.5 0.5 1 1 1
2 P_2 230 230 0 0 0 1 1 1
2 P_2 231 231 0.5 0.5 0.5 1 1 1
2 P_2 232 232 0.2480605 0.2545 0.2609345 1 1 1
2 P_2 233 233 0 0 0 1 1 1
2 P_2 234 234 0.2391155 0.24555 0.2519895 1 1 1
2 P_2 235 235 0.5 0.5 0.5 1 1 1
2 P_2 236 236 0 0 0 1 1 1
2 P_2 237 237 0 0 0 1 1 1
2 P_2 238 238 0.2480605 0.2545 0.2609345 1 1 1
2 P_2 239 239 0.2391155 0.24555 0.2519895 1 1 1
2 P_2 240 240 0.2480605 0.2545 0.2609345 1 1 1
2 P_2 241 241 0 0 0 1 1 1
2 P_2 242 242 0.5 0.5 0.5 1 1 1
2 P_2 243 243 0 0 0 1 1 1
2 P_2 244 244 0 0 0 1 1 1
2 P_2 245 245 0 0 0 1 1 1
2 P_2 246 246 0 0 0 1 1 1
2 P_2 247 247 0.5 0.5 0.5 1 1 1
2 P_2 248 248 0 0 0 1 1 1
2 P_2 249 249 0 0 0 1 1 1
2 P_2 250 250 0.2480605 0.2545 0.2609345 1 1 1
2 P_2 251 251 0 0 0 1 1 1
2 P_2 252 252 0 0 0 1 1 1
2 P_2 253 253 0.2391155 0.24555 0.2519895 1 1 1
2 P_2 254 254 0.5 0.5 0.5 1 1 1
2 P_2 255 255 0.2391155 0.24555 0.2519895 1 1 1
2 P_2 256 256 0 0 0 1 1 1
2 P_2 257 257 0.2480605 0.2545 0.2609345 1 1 1
2 P_2 258 258 0 0 0 1 1 1
2 P_2 259 259 0.2480605 0.2545 0.2609345 1 1 1
2 P_2 260 260 0 0 0 1 1 1
2 P_2 261 261 0 0 0 1 1 1
2 P_2 262 262 0 0 0 1 1 1
2 P_2 263 263 0 0 0 1 1 1
2 P_2 264 264 0.2480605 0.2545 0.2609345 1 1 1
2 P_2 265 265 0.2480605 0.2545 0.2609345 1 1 1
2 P_2 266 266 0 0 0 1 1 1
2 P_2 267 267 0.2480605 0.2545 0.2609345 1 1 1
2 P_2 268 268 0 0 0 1 1 1
2 P_2 269 269 0 0 0 1 1 1
2 P_2 270 270 0 0 0 1 1 1
2 P_2 271 271 0.5 0.5 0.5 1 1 1
2 P_2 272 272 0.2391155 0.24555 0.2519895 1 1 1
2 P_2 273 273 0 0 0 1 1 1
2 P_2 274 274 0 0 0 1 1 1
2 P_2 275 275 0 0 0 1 1 1
2 P_2 276 276 0.2480605 0.2545 0.2609345 1 1 1
2 P_2 277 277 0 0 0 1 1 1
2 P_2 278 278 0 0 0 1 1 1
2 P_2 279 279 0 0 0 1 1 1
2 P_2 280 280 0.5 0.5 0.5 1 1 1
2 P_2 281 281 0.2391155 0.24555 0.2519895 1 1 1
2 P_2 282 282 0 0 0 1 1 1
2 P_2 283 283 0.2391155 0.24555 0.2519895 1 1 1
2 P_2 284 284 0.2480605 0.2545 0.2609345 1 1 1
2 P_2 285 285 0 0 0 1 1 1
2 P_2 286 286 0 0 0 1 1 1
2 P_2 287 287 0 0 0 1 1 1
2 P_2 288 288 0.2480605 0.2545 0.2609345 1 1 1
2 P_2 289 289 0 0 0 1 1 1
2 P_2 290 290 0.2480605 0.2545 0.2609345 1 1 1
2 P_2 291 291 0.2480605 0.2545 0.2609345 1 1 1
2 P_2 292 292 0 0 0 1 1 1
2 P_2 293 293 0.5 0.5 0.5 1 1 1
2 P_2 294 294 0.2391155 0.24555 0.2519895 1 1 1
2 P_2 295 295 0 0 0 1 1 1
2 P_2 296 296 0 0 0 1 1 1
2 P_2 297 297 0.2480605 0.2545 0.2609345 1 1 1
2 P_2 298 298 0.2480605 0.2545 0.2609345 1 1 1
2 P_2 299 299 0.2391155 0.24555 0.2519895 1 1 1
2 P_2 300 300 0.2480605 0.2545 0.2609345 1 1 1
3 P_6 0 0 0.5 0.5 0.5 1 1 1
3 P_6 1 1 0 0 0 1 1 1
3 P_6 2 2 0 0 0 1 1 1
3 P_6 3 3 0.3927255 0.398 0.403104 1 1 1
3 P_6 4 4 0.3927255 0.398 0.403104 1 1 1
3 P_6 5 5 0.5 0.5 0.5 1 1 1
3 P_6 6 6 0 0 0 1 1 1
3 P_6 7 7 0 0 0 1 1 1
3 P_6 8 8 0.3927255 0.398 0.403104 1 1 1
3 P_6 9 9 0.3927255 0.398 0.403104 1 1 1
3 P_6 10 10 0 0 0 1 1 1
3 P_6 11 11 0 0 0 1 1 1
3 P_6 12 12 0 0 0 1 1 1
3 P_6 13 13 0 0 0 1 1 1
3 P_6 14 14 0 0 0 1 1 1
3 P_6 15 15 0.3927255 0.398 0.403104 1 1 1
3 P_6 16 16 0 0 0 1 1 1
3 P_6 17 17 0.5 0.5 0.5 1 1 1
3 P_6 18 18 0 0 0 1 1 1
3 P_6 19 19 0 0 0 1 1 1
3 P_6 20 20 0 0 0 1 1 1
3 P_6 21 21 0 0 0 1 1 1
3 P_6 22 22 0 0 0 1 1 1
3 P_6 23 23 0 0 0 1 1 1
3 P_6 24 24 0.5 0.5 0.5 1 1 1
3 P_6 25 25 0 0 0 1 1 1
3 P_6 26 26 0 0 0 1 1 1
3 P_6 27 27 0.096945 0.10205 0.1073255 1 1 1
3 P_6 28 28 0 0 0 1 1 1
3 P_6 29 29 0 0 0 1 1 1
3 P_6 30 30 0 0 0 1 1 1
3 P_6 31 31 0 0 0 1 1 1
3 P_6 32 32 0.3927255 0.398 0.403104 1 1 1
3 P_6 33 33 0 0 0 1 1 1
3 P_6 34 34 0.5 0.5 0.5 1 1 1
3 P_6 35 35 0.3927255 0.398 0.403104 1 1 1
3 P_6 36 36 0.096945 0.10205 0.1073255 1 1 1
3 P_6 37 37 0 0 0 1 1 1
3 P_6 38 38 0 0 0 1 1 1
3 P_6 39 39 0.096945 0.10205 0.1073255 1 1 1
3 P_6 40 40 0 0 0 1 1 1
3 P_6 41 41 0 0 0 1 1 1
3 P_6 42 42 0 0 0 1 1 1
3 P_6 43 43 0 0 0 1 1 1
3 P_6 44 44 0 0 0 1 1 1
3 P_6 45 45 0 0 0 1 1 1
3 P_6 46 46 0 0 0 1 1 1
3 P_6 47 47 0 0 0 1 1 1
3 P_6 48 48 0 0 0 1 1 1
3 P_6 49 49 0 0 0 1 1 1
3 P_6 50 50 0.3927255 0.398 0.403104 1 1 1
3 P_6 51 51 0 0 0 1 1 1
3 P_6 52 52 0 0 0 1 1 1
3 P_6 53 53 0 0 0 1 1 1
3 P_6 54 54 0.3927255 0.398 0.403104 1 1 1
3 P_6 55 55 0 0 0 1 1 1
3 P_6 56 56 0.5 0.5 0.5 1 1 1
3 P_6 57 57 0 0 0 1 1 1
3 P_6 58 58 0 0 0 1 1 1
3 P_6 59 59 0 0 0 1 1 1
3 P_6 60 60 0 0 0 1 1 1
3 P_6 61 61 0.5 0.5 0.5 1 1 1
3 P_6 62 62 0.3927255 0.398 0.403104 1 1 1
3 P_6 63 63 0 0 0 1 1 1
3 P_6 64 64 0.5 0.5 0.5 1 1 1
3 P_6 65 65 0.5 0.5 0.5 1 1 1
3 P_6 66 66 0 0 0 1 1 1
3 P_6 67 67 0.096945 0.10205 0.1073255 1 1 1
3 P_6 68 68 0 0 0 1 1 1
3 P_6 69 69 0.5 0.5 0.5 1 1 1
3 P_6 70 70 0 0 0 1 1 1
3 P_6 71 71 0 0 0 1 1 1
3 P_6 72 72 0 0 0 1 1 1
3 P_6 73 73 0.3927255 0.398 0.403104 1 1 1
3 P_6 74 74 0.3927255 0.398 0.403104 1 1 1
3 P_6 75 75 0.096945 0.10205 0.1073255 1 1 1
3 P_6 76 76 0.3927255 0.398 0.403104 1 1 1
3 P_6 77 77 0.3927255 0.398 0.403104 1 1 1
3 P_6 78 78 0 0 0 1 1 1
3 P_6 79 79 0.096945 0.10205 0.1073255 1 1 1
3 P_6 80 80 0 0 0 1 1 1
3 P_6 81 81 0 0 0 1 1 1
3 P_6 82 82 0 0 0 1 1 1
3 P_6 83 83 0.5 0.5 0.5 1 1 1
3 P_6 84 84 0.5 0.5 0.5 1 1 1
3 P_6 85 85 0 0 0 1 1 1
3 P_6 86 86 0.3927255 0.398 0.403104 1 1 1
3 P_6 87 87 0 0 0 1 1 1
3 P_6 88 88 0 0 0 1 1 1
3 P_6 89 89 0.3927255 0.398 0.403104 1 1 1
3 P_6 90 90 0 0 0 1 1 1
3 P_6 91 91 0 0 0 1 1 1
3 P_6 92 92 0 0 0 1 1 1
3 P_6 93 93 0.5 0.5 0.5 1 1 1
3 P_6 94 94 0 0 0 1 1 1
3 P_6 95 95 0.3927255 0.398 0.403104 1 1 1
3 P_6 96 96 0 0 0 1 1 1
3 P_6 97 97 0 0 0 1 1 1
3 P_6 98 98 0.3927255 0.398 0.403104 1 1 1
3 P_6 99 99 0 0 0 1 1 1
3 P_6 100 100 0.096945 0.10205 0.1073255 1 1 1
3 P_6 101 101 0.5 0.5 0.5 1 1 1
3 P_6 102 102 0 0 0 1 1 1
3 P_6 103 103 0 0 0 1 1 1
3 P_6 104 104 0 0 0 1 1 1
3 P_6 105 105 0.3927255 0.398 0.403104 1 1 1
3 P_6 106 106 0 0 0 1 1 1
3 P_6 107 107 0.3927255 0.398 0.403104 1 1 1
3 P_6 108 108 0 0 0 1 1 1
3 P_6 109 109 0.5 0.5 0.5 1 1 1
3 P_6 110 110 0 0 0 1 1 1
3 P_6 111 111 0 0 0 1 1 1
3 P_6 112 112 0 0 0 1 1 1
3 P_6 113 113 0.096945 0.10205 0.1073255 1 1 1
3 P_6 114 114 0.5 0.5 0.5 1 1 1
3 P_6 115 115 0 0 0 1 1 1
3 P_6 116 116 0 0 0 1 1 1
3 P_6 117 117 0 0 0 1 1 1
3 P_6 118 118 0 0 0 1 1 1
3 P_6 119 119 0.3927255 0.398 0.403104 1 1 1
3 P_6 120 120 0.5 0.5 0.5 1 1 1
3 P_6 121 121 0.5 0.5 0.5 1 1 1
3 P_6 122 122 0.096945 0.10205 0.1073255 1 1 1
3 P_6 123 123 0 0 0 1 1 1
3 P_6 124 124 0.096945 0.10205 0.1073255 1 1 1
3 P_6 125 125 0.3927255 0.398 0.403104 1 1 1
3 P_6 126 126 0.5 0.5 0.5 1 1 1
3 P_6 127 127 0 0 0 1 1 1
3 P_6 128 128 0 0 0 1 1 1
3 P_6 129 129 0 0 0 1 1 1
3 P_6 130 130 0.096945 0.10205 0.1073255 1 1 1
3 P_6 131 131 0 0 0 1 1 1
3 P_6 132 132 0 0 0 1 1 1
3 P_6 133 133 0 0 0 1 1 1
3 P_6 134 134 0 0 0 1 1 1
3 P_6 135 135 0 0 0 1 1 1
3 P_6 136 136 0 0 0 1 1 1
3 P_6 137 137 0 0 0 1 1 1
3 P_6 138 138 0 0 0 1 1 1
3 P_6 139 139 0 0 0 1 1 1
3 P_6 140 140 0 0 0 1 1 1
3 P_6 141 141 0.096945 0.10205 0.1073255 1 1 1
3 P_6 142 142 0.3927255 0.398 0.403104 1 1 1
3 P_6 143 143 0.5 0.5 0.5 1 1 1
3 P_6 144 144 0 0 0 1 1 1
3 P_6 145 145 0 0 0 1 1 1
3 P_6 146 146 0.3927255 0.398 0.403104 1 1 1
3 P_6 147 147 0 0 0 1 1 1
3 P_6 148 148 0.3927255 0.398 0.403104 1 1 1
3 P_6 149 149 0 0 0 1 1 1
3 P_6 150 150 0.3927255 0.398 0.403104 1 1 1
3 P_6 151 151 0 0 0 1 1 1
3 P_6 152 152 0.3927255 0.398 0.403104 1 1 1
3 P_6 153 153 0.096945 0.10205 0.1073255 1 1 1
3 P_6 154 154 0.3927255 0.398 0.403104 1 1 1
3 P_6 155 155 0.3927255 0.398 0.403104 1 1 1
3 P_6 156 156 0.5 0.5 0.5 1 1 1
3 P_6 157 157 0.3927255 0.398 0.403104 1 1 1
3 P_6 158 158 0.5 0.5 0.5 1 1 1
3 P_6 159 159 0.096945 0.10205 0.1073255 1 1 1
3 P_6 160 160 0.3927255 0.398 0.403104 1 1 1
3 P_6 161 161 0.096945 0.10205 0.1073255 1 1 1
3 P_6 162 162 0 0 0 1 1 1
3 P_6 163 163 0.5 0.5 0.5 1 1 1
3 P_6 164 164 0.5 0.5 0.5 1 1 1
3 P_6 165 165 0 0 0 1 1 1
3 P_6 166 166 0.096945 0.10205 0.1073255 1 1 1
3 P_6 167 167 0 0 0 1 1 1
3 P_6 168 168 0 0 0 1 1 1
3 P_6 169 169 0 0 0 1 1 1
3 P_6 170 170 0.5 0.5 0.5 1 1 1
3 P_6 171 171 0 0 0 1 1 1
3 P_6 172 172 0 0 0 1 1 1
3 P_6 173 173 0.5 0.5 0.5 1 1 1
3 P_6 174 174 0.5 0.5 0.5 1 1 1
3 P_6 175 175 0.096945 0.10205 0.1073255 1 1 1
3 P_6 176 176 0.5 0.5 0.5 1 1 1
3 P_6 177 177 0 0 0 1 1 1
3 P_6 178 178 0 0 0 1 1 1
3 P_6 179 179 0 0 0 1 1 1
3 P_6 180 180 0.3927255 0.398 0.403104 1 1 1
3 P_6 181 181 0.3927255 0.398 0.403104 1 1 1
3 P_6 182 182 0 0 0 1 1 1
3 P_6 183 183 0 0 0 1 1 1
3 P_6 184 184 0.3927255 0.398 0.403104 1 1 1
3 P_6 185 185 0.5 0.5 0.5 1 1 1
3 P_6 186 186 0.5 0.5 0.5 1 1 1
3 P_6 187 187 0 0 0 1 1 1
3 P_6 188 188 0 0 0 1 1 1
3 P_6 189 189 0 0 0 1 1 1
3 P_6 190 190 0 0 0 1 1 1
3 P_6 191 191 0 0 0 1 1 1
3 P_6 192 192 0.5 0.5 0.5 1 1 1
3 P_6 193 193 0 0 0 1 1 1
3 P_6 194 194 0 0 0 1 1 1
3 P_6 195 195 0 0 0 1 1 1
3 P_6 196 196 0 0 0 1 1 1
3 P_6 197 197 0.096945 0.10205 0.1073255 1 1 1
3 P_6 198 198 0.3927255 0.398 0.403104 1 1 1
3 P_6 199 199 0 0 0 1 1 1
3 P_6 200 200 0 0 0 1 1 1
3 P_6 201 201 0.5 0.5 0.5 1 1 1
3 P_6 202 202 0 0 0 1 1 1
3 P_6 203 203 0.5 0.5 0.5 1 1 1
3 P_6 204 204 0 0 0 1 1 1
3 P_6 205 205 0.096945 0.10205 0.1073255 1 1 1
3 P_6 206 206 0 0 0 1 1 1
3 P_6 207 207 0 0 0 1 1 1
3 P_6 208 208 0.3927255 0.398 0.403104 1 1 1
3 P_6 209 209 0.096945 0.10205 0.1073255 1 1 1
3 P_6 210 210 0.3927255 0.398 0.403104 1 1 1
3 P_6 211 211 0 0 0 1 1 1
3 P_6 212 212 0 0 0 1 1 1
3 P_6 213 213 0 0 0 1 1 1
3 P_6 214 214 0 0 0 1 1 1
3 P_6 215 215 0 0 0 1 1 1
3 P_6 216 216 0.3927255 0.398 0.403104 1 1 1
3 P_6 217 217 0 0 0 1 1 1
3 P_6 218 218 0.3927255 0.398 0.403104 1 1 1
3 P_6 219 219 0 0 0 1 1 1
3 P_6 220 220 0.5 0.5 0.5 1 1 1
3 P_6 221 221 0.3927255 0.398 0.403104 1 1 1
3 P_6 222 222 0 0 0 1 1 1
3 P_6 223 223 0 0 0 1 1 1
3 P_6 224 224 0 0 0 1 1 1
3 P_6 225 225 0.3927255 0.398 0.403104 1 1 1
3 P_6 226 226 0 0 0 1 1 1
3 P_6 227 227 0 0 0 1 1 1
3 P_6 228 228 0 0 0 1 1 1
3 P_6 229 229 0.5 0.5 0.5 1 1 1
3 P_6 230 230 0 0 0 1 1 1
3 P_6 231 231 0.5 0.5 0.5 1 1 1
3 P_6 232 232 0.096945 0.10205 0.1073255 1 1 1
3 P_6 233 233 0.096945 0.10205 0.1073255 1 1 1
3 P_6 234 234 0 0 0 1 1 1
3 P_6 235 235 0.096945 0.10205 0.1073255 1 1 1
3 P_6 236 236 0 0 0 1 1 1
3 P_6 237 237 0 0 0 1 1 1
3 P_6 238 238 0 0 0 1 1 1
3 P_6 239 239 0 0 0 1 1 1
3 P_6 240 240 0 0 0 1 1 1
3 P_6 241 241 0 0 0 1 1 1
3 P_6 242 242 0.5 0.5 0.5 1 1 1
3 P_6 243 243 0 0 0 1 1 1
3 P_6 244 244 0 0 0 1 1 1
3 P_6 245 245 0.3927255 0.398 0.403104 1 1 1
3 P_6 246 246 0 0 0 1 1 1
3 P_6 247 247 0.5 0.5 0.5 1 1 1
3 P_6 248 248 0.3927255 0.398 0.403104 1 1 1
3 P_6 249 249 0 0 0 1 1 1
3 P_6 250 250 0 0 0 1 1 1
3 P_6 251 251 0.3927255 0.398 0.403104 1 1 1
3 P_6 252 252 0.096945 0.10205 0.1073255 1 1 1
3 P_6 253 253 0 0 0 1 1 1
3 P_6 254 254 0.5 0.5 0.5 1 1 1
3 P_6 255 255 0 0 0 1 1 1
3 P_6 256 256 0.096945 0.10205 0.1073255 1 1 1
3 P_6 257 257 0 0 0 1 1 1
3 P_6 258 258 0 0 0 1 1 1
3 P_6 259 259 0 0 0 1 1 1
3 P_6 260 260 0 0 0 1 1 1
3 P_6 261 261 0 0 0 1 1 1
3 P_6 262 262 0 0 0 1 1 1
3 P_6 263 263 0.3927255 0.398 0.403104 1 1 1
3 P_6 264 264 0 0 0 1 1 1
3 P_6 265 265 0 0 0 1 1 1
3 P_6 266 266 0 0 0 1 1 1
3 P_6 267 267 0 0 0 1 1 1
3 P_6 268 268 0.3927255 0.398 0.403104 1 1 1
3 P_6 269 269 0 0 0 1 1 1
3 P_6 270 270 0 0 0 1 1 1
3 P_6 271 271 0.096945 0.10205 0.1073255 1 1 1
3 P_6 272 272 0 0 0 1 1 1
3 P_6 273 273 0 0 0 1 1 1
3 P_6 274 274 0 0 0 1 1 1
3 P_6 275 275 0.3927255 0.398 0.403104 1 1 1
3 P_6 276 276 0 0 0 1 1 1
3 P_6 277 277 0 0 0 1 1 1
3 P_6 278 278 0.3927255 0.398 0.403104 1 1 1
3 P_6 279 279 0.3927255 0.398 0.403104 1 1 1
3 P_6 280 280 0.5 0.5 0.5 1 1 1
3 P_6 281 281 0 0 0 1 1 1
3 P_6 282 282 0.096945 0.10205 0.1073255 1 1 1
3 P_6 283 283 0 0 0 1 1 1
3 P_6 284 284 0.096945 0.10205 0.1073255 1 1 1
3 P_6 285 285 0 0 0 1 1 1
3 P_6 286 286 0 0 0 1 1 1
3 P_6 287 287 0 0 0 1 1 1
3 P_6 288 288 0.096945 0.10205 0.1073255 1 1 1
3 P_6 289 289 0.3927255 0.398 0.403104 1 1 1
3 P_6 290 290 0 0 0 1 1 1
3 P_6 291 291 0 0 0 1 1 1
3 P_6 292 292 0 0 0 1 1 1
3 P_6 293 293 0.5 0.5 0.5 1 1 1
3 P_6 294 294 0 0 0 1 1 1
3 P_6 295 295 0 0 0 1 1 1
3 P_6 296 296 0.096945 0.10205 0.1073255 1 1 1
3 P_6 297 297 0 0 0 1 1 1
3 P_6 298 298 0 0 0 1 1 1
3 P_6 299 299 0 0 0 1 1 1
3 P_6 300 300 0 0 0 1 1 1
4 P_7 0 0 0.5 0.5 0.5 1 1 1
4 P_7 1 1 0 0 0 1 1 1
4 P_7 2 2 0.122549 0.1281 0.1337915 1 1 1
4 P_7 3 3 0 0 0 1 1 1
4 P_7 4 4 0 0 0 1 1 1
4 P_7 5 5 0.5 0.5 0.5 1 1 1
4 P_7 6 6 0 0 0 1 1 1
4 P_7 7 7 0 0 0 1 1 1
4 P_7 8 8 0 0 0 1 1 1
4 P_7 9 9 0 0 0 1 1 1
4 P_7 10 10 0 0 0 1 1 1
4 P_7 11 11 0 0 0 1 1 1
4 P_7 12 12 0.122549 0.1281 0.1337915 1 1 1
4 P_7 13 13 0 0 0 1 1 1
4 P_7 14 14 0 0 0 1 1 1
4 P_7 15 15 0 0 0 1 1 1
4 P_7 16 16 0 0 0 1 1 1
4 P_7 17 17 0.5 0.5 0.5 1 1 1
4 P_7 18 18 0 0 0 1 1 1
4 P_7 19 19 0 0 0 1 1 1
4 P_7 20 20 0 0 0 1 1 1
4 P_7 21 21 0 0 0 1 1 1
4 P_7 22 22 0 0 0 1 1 1
4 P_7 23 23 0 0 0 1 1 1
4 P_7 24 24 0.5 0.5 0.5 1 1 1
4 P_7 25 25 0 0 0 1 1 1
4 P_7 26 26 0 0 0 1 1 1
4 P_7 27 27 0.3662595 0.37195 0.3775005 1 1 1
4 P_7 28 28 0 0 0 1 1 1
4 P_7 29 29 0.122549 0.1281 0.1337915 1 1 1
4 P_7 30 30 0.122549 0.1281 0.1337915 1 1 1
4 P_7 31 31 0.122549 0.1281 0.1337915 1 1 1
4 P_7 32 32 0 0 0 1 1 1
4 P_7 33 33 0 0 0 1 1 1
4 P_7 34 34 0.5 0.5 0.5 1 1 1
4 P_7 35 35 0 0 0 1 1 1
4 P_7 36 36 0.3662595 0.37195 0.3775005 1 1 1
4 P_7 37 37 0 0 0 1 1 1
4 P_7 38 38 0 0 0 1 1 1
4 P_7 39 39 0.3662595 0.37195 0.3775005 1 1 1
4 P_7 40 40 0 0 0 1 1 1
4 P_7 41 41 0 0 0 1 1 1
4 P_7 42 42 0 0 0 1 1 1
4 P_7 43 43 0 0 0 1 1 1
4 P_7 44 44 0 0 0 1 1 1
4 P_7 45 45 0 0 0 1 1 1
4 P_7 46 46 0 0 0 1 1 1
4 P_7 47 47 0 0 0 1 1 1
4 P_7 48 48 0 0 0 1 1 1
4 P_7 49 49 0 0 0 1 1 1
4 P_7 50 50 0 0 0 1 1 1
4 P_7 51 51 0 0 0 1 1 1
4 P_7 52 52 0 0 0 1 1 1
4 P_7 53 53 0 0 0 1 1 1
4 P_7 54 54 0 0 0 1 1 1
4 P_7 55 55 0 0 0 1 1 1
4 P_7 56 56 0.5 0.5 0.5 1 1 1
4 P_7 57 57 0 0 0 1 1 1
4 P_7 58 58 0 0 0 1 1 1
4 P_7 59 59 0 0 0 1 1 1
4 P_7 60 60 0.122549 0.1281 0.1337915 1 1 1
4 P_7 61 61 0.5 0.5 0.5 1 1 1
4 P_7 62 62 0 0 0 1 1 1
4 P_7 63 63 0 0 0 1 1 1
4 P_7 64 64 0.5 0.5 0.5 1 1 1
4 P_7 65 65 0.5 0.5 0.5 1 1 1
4 P_7 66 66 0 0 0 1 1 1
4 P_7 67 67 0.5 0.5 0.5 1 1 1
4 P_7 68 68 0 0 0 1 1 1
4 P_7 69 69 0.5 0.5 0.5 1 1 1
4 P_7 70 70 0 0 0 1 1 1
4 P_7 71 71 0 0 0 1 1 1
4 P_7 72 72 0.122549 0.1281 0.1337915 1 1 1
4 P_7 73 73 0 0 0 1 1 1
4 P_7 74 74 0 0 0 1 1 1
4 P_7 75 75 0.3662595 0.37195 0.3775005 1 1 1
4 P_7 76 76 0 0 0 1 1 1
4 P_7 77 77 0 0 0 1 1 1
4 P_7 78 78 0.122549 0.1281 0.1337915 1 1 1
4 P_7 79 79 0.3662595 0.37195 0.3775005 1 1 1
4 P_7 80 80 0 0 0 1 1 1
4 P_7 81 81 0 0 0 1 1 1
4 P_7 82 82 0 0 0 1 1 1
4 P_7 83 83 0.5 0.5 0.5 1 1 1
4 P_7 84 84 0.5 0.5 0.5 1 1 1
4 P_7 85 85 0 0 0 1 1 1
4 P_7 86 86 0 0 0 1 1 1
4 P_7 87 87 0 0 0 1 1 1
4 P_7 88 88 0 0 0 1 1 1
4 P_7 89 89 0 0 0 1 1 1
4 P_7 90 90 0 0 0 1 1 1
4 P_7 91 91 0 0 0 1 1 1
4 P_7 92 92 0 0 0 1 1 1
4 P_7 93 93 0.5 0.5 0.5 1 1 1
4 P_7 94 94 0 0 0 1 1 1
4 P_7 95 95 0 0 0 1 1 1
4 P_7 96 96 0 0 0 1 1 1
4 P_7 97 97 0 0 0 1 1 1
4 P_7 98 98 0 0 0 1 1 1
4 P_7 99 99 0 0 0 1 1 1
4 P_7 100 100 0.3662595 0.37195 0.3775005 1 1 1
4 P_7 101 101 0.5 0.5 0.5 1 1 1
4 P_7 102 102 0 0 0 1 1 1
4 P_7 103 103 0 0 0 1 1 1
4 P_7 104 104 0.122549 0.1281 0.1337915 1 1 1
4 P_7 105 105 0 0 0 1 1 1
4 P_7 106 106 0 0 0 1 1 1
4 P_7 107 107 0 0 0 1 1 1
4 P_7 108 108 0 0 0 1 1 1
4 P_7 109 109 0.5 0.5 0.5 1 1 1
4 P_7 110 110 0 0 0 1 1 1
4 P_7 111 111 0 0 0 1 1 1
4 P_7 112 112 0 0 0 1 1 1
4 P_7 113 113 0.3662595 0.37195 0.3775005 1 1 1
4 P_7 114 114 0.5 0.5 0.5 1 1 1
4 P_7 115 115 0 0 0 1 1 1
4 P_7 116 116 0 0 0 1 1 1
4 P_7 117 117 0.122549 0.1281 0.1337915 1 1 1
4 P_7 118 118 0 0 0 1 1 1
4 P_7 119 119 0 0 0 1 1 1
4 P_7 120 120 0.5 0.5 0.5 1 1 1
4 P_7 121 121 0.5 0.5 0.5 1 1 1
4 P_7 122 122 0.5 0.5 0.5 1 1 1
4 P_7 123 123 0 0 0 1 1 1
4 P_7 124 124 0.3662595 0.37195 0.3775005 1 1 1
4 P_7 125 125 0 0 0 1 1 1
4 P_7 126 126 0.5 0.5 0.5 1 1 1
4 P_7 127 127 0 0 0 1 1 1
4 P_7 128 128 0 0 0 1 1 1
4 P_7 129 129 0.122549 0.1281 0.1337915 1 1 1
4 P_7 130 130 0.5 0.5 0.5 1 1 1
4 P_7 131 131 0.122549 0.1281 0.1337915 1 1 1
4 P_7 132 132 0 0 0 1 1 1
4 P_7 133 133 0 0 0 1 1 1
4 P_7 134 134 0 0 0 1 1 1
4 P_7 135 135 0 0 0 1 1 1
4 P_7 136 136 0 0 0 1 1 1
4 P_7 137 137 0 0 0 1 1 1
4 P_7 138 138 0 0 0 1 1 1
4 P_7 139 139 0 0 0 1 1 1
4 P_7 140 140 0.122549 0.1281 0.1337915 1 1 1
4 P_7 141 141 0.5 0.5 0.5 1 1 1
4 P_7 142 142 0 0 0 1 1 1
4 P_7 143 143 0.5 0.5 0.5 1 1 1
4 P_7 144 144 0 0 0 1 1 1
4 P_7 145 145 0 0 0 1 1 1
4 P_7 146 146 0 0 0 1 1 1
4 P_7 147 147 0 0 0 1 1 1
4 P_7 148 148 0 0 0 1 1 1
4 P_7 149 149 0 0 0 1 1 1
4 P_7 150 150 0 0 0 1 1 1
4 P_7 151 151 0 0 0 1 1 1
4 P_7 152 152 0 0 0 1 1 1
4 P_7 153 153 0.3662595 0.37195 0.3775005 1 1 1
4 P_7 154 154 0 0 0 1 1 1
4 P_7 155 155 0 0 0 1 1 1
4 P_7 156 156 0.5 0.5 0.5 1 1 1
4 P_7 157 157 0 0 0 1 1 1
4 P_7 158 158 0.5 0.5 0.5 1 1 1
4 P_7 159 159 0.5 0.5 0.5 1 1 1
4 P_7 160 160 0 0 0 1 1 1
4 P_7 161 161 0.3662595 0.37195 0.3775005 1 1 1
4 P_7 162 162 0 0 0 1 1 1
4 P_7 163 163 0.5 0.5 0.5 1 1 1
4 P_7 164 164 0.5 0.5 0.5 1 1 1
4 P_7 165 165 0 0 0 1 1 1
4 P_7 166 166 0.5 0.5 0.5 1 1 1
4 P_7 167 167 0 0 0 1 1 1
4 P_7 168 168 0.122549 0.1281 0.1337915 1 1 1
4 P_7 169 169 0.122549 0.1281 0.1337915 1 1 1
4 P_7 170 170 0.5 0.5 0.5 1 1 1
4 P_7 171 171 0.122549 0.1281 0.1337915 1 1 1
4 P_7 172 172 0 0 0 1 1 1
4 P_7 173 173 0.5 0.5 0.5 1 1 1
4 P_7 174 174 0.5 0.5 0.5 1 1 1
4 P_7 175 175 0.5 0.5 0.5 1 1 1
4 P_7 176 176 0.5 0.5 0.5 1 1 1
4 P_7 177 177 0 0 0 1 1 1
4 P_7 178 178 0 0 0 1 1 1
4 P_7 179 179 0 0 0 1 1 1
4 P_7 180 180 0 0 0 1 1 1
4 P_7 181 181 0 0 0 1 1 1
4 P_7 182 182 0 0 0 1 1 1
4 P_7 183 183 0 0 0 1 1 1
4 P_7 184 184 0 0 0 1 1 1
4 P_7 185 185 0.5 0.5 0.5 1 1 1
4 P_7 186 186 0.5 0.5 0.5 1 1 1
4 P_7 187 187 0 0 0 1 1 1
4 P_7 188 188 0 0 0 1 1 1
4 P_7 189 189 0 0 0 1 1 1
4 P_7 190 190 0 0 0 1 1 1
4 P_7 191 191 0 0 0 1 1 1
4 P_7 192 192 0.5 0.5 0.5 1 1 1
4 P_7 193 193 0 0 0 1 1 1
4 P_7 194 194 0 0 0 1 1 1
4 P_7 195 195 0 0 0 1 1 1
4 P_7 196 196 0.122549 0.1281 0.1337915 1 1 1
4 P_7 197 197 0.3662595 0.37195 0.3775005 1 1 1
4 P_7 198 198 0 0 0 1 1 1
4 P_7 199 199 0.122549 0.1281 0.1337915 1 1 1
4 P_7 200 200 0 0 0 1 1 1
4 P_7 201 201 0.5 0.5 0.5 1 1 1
4 P_7 202 202 0 0 0 1 1 1
4 P_7 203 203 0.5 0.5 0.5 1 1 1
4 P_7 204 204 0 0 0 1 1 1
4 P_7 205 205 0.3662595 0.37195 0.3775005 1 1 1
4 P_7 206 206 0 0 0 1 1 1
4 P_7 207 207 0 0 0 1 1 1
4 P_7 208 208 0 0 0 1 1 1
4 P_7 209 209 0.5 0.5 0.5 1 1 1
4 P_7 210 210 0 0 0 1 1 1
4 P_7 211 211 0 0 0 1 1 1
4 P_7 212 212 0.122549 0.1281 0.1337915 1 1 1
4 P_7 213 213 0.122549 0.1281 0.1337915 1 1 1
4 P_7 214 214 0 0 0 1 1 1
4 P_7 215 215 0 0 0 1 1 1
4 P_7 216 216 0 0 0 1 1 1
4 P_7 217 217 0 0 0 1 1 1
4 P_7 218 218 0 0 0 1 1 1
4 P_7 219 219 0 0 0 1 1 1
4 P_7 220 220 0.5 0.5 0.5 1 1 1
4 P_7 221 221 0 0 0 1 1 1
4 P_7 222 222 0 0 0 1 1 1
4 P_7 223 223 0 0 0 1 1 1
4 P_7 224 224 0.122549 0.1281 0.1337915 1 1 1
4 P_7 225 225 0 0 0 1 1 1
4 P_7 226 226 0 0 0 1 1 1
4 P_7 227 227 0 0 0 1 1 1
4 P_7 228 228 0 0 0 1 1 1
4 P_7 229 229 0.5 0.5 0.5 1 1 1
4 P_7 230 230 0 0 0 1 1 1
4 P_7 231 231 0.5 0.5 0.5 1 1 1
4 P_7 232 232 0.3662595 0.37195 0.3775005 1 1 1
4 P_7 233 233 0.3662595 0.37195 0.3775005 1 1 1
4 P_7 234 234 0.122549 0.1281 0.1337915 1 1 1
4 P_7 235 235 0.5 0.5 0.5 1 1 1
4 P_7 236 236 0 0 0 1 1 1
4 P_7 237 237 0 0 0 1 1 1
4 P_7 238 238 0 0 0 1 1 1
4 P_7 239 239 0.122549 0.1281 0.1337915 1 1 1
4 P_7 240 240 0 0 0 1 1 1
4 P_7 241 241 0 0 0 1 1 1
4 P_7 242 242 0.5 0.5 0.5 1 1 1
4 P_7 243 243 0 0 0 1 1 1
4 P_7 244 244 0 0 0 1 1 1
4 P_7 245 245 0 0 0 1 1 1
4 P_7 246 246 0 0 0 1 1 1
4 P_7 247 247 0.5 0.5 0.5 1 1 1
4 P_7 248 248 0 0 0 1 1 1
4 P_7 249 249 0 0 0 1 1 1
4 P_7 250 250 0 0 0 1 1 1
4 P_7 251 251 0 0 0 1 1 1
4 P_7 252 252 0.3662595 0.37195 0.3775005 1 1 1
4 P_7 253 253 0.122549 0.1281 0.1337915 1 1 1
4 P_7 254 254 0.5 0.5 0.5 1 1 1
4 P_7 255 255 0.122549 0.1281 0.1337915 1 1 1
4 P_7 256 256 0.3662595 0.37195 0.3775005 1 1 1
4 P_7 257 257 0 0 0 1 1 1
4 P_7 258 258 0 0 0 1 1 1
4 P_7 259 259 0 0 0 1 1 1
4 P_7 260 260 0 0 0 1 1 1
4 P_7 261 261 0 0 0 1 1 1
4 P_7 262 262 0 0 0 1 1 1
4 P_7 263 263 0 0 0 1 1 1
4 P_7 264 264 0 0 0 1 1 1
4 P_7 265 265 0 0 0 1 1 1
4 P_7 266 266 0 0 0 1 1 1
4 P_7 267 267 0 0 0 1 1 1
4 P_7 268 268 0 0 0 1 1 1
4 P_7 269 269 0 0 0 1 1 1
4 P_7 270 270 0 0 0 1 1 1
4 P_7 271 271 0.5 0.5 0.5 1 1 1
4 P_7 272 272 0.122549 0.1281 0.1337915 1 1 1
4 P_7 273 273 0 0 0 1 1 1
4 P_7 274 274 0 0 0 1 1 1
4 P_7 275 275 0 0 0 1 1 1
4 P_7 276 276 0 0 0 1 1 1
4 P_7 277 277 0 0 0 1 1 1
4 P_7 278 278 0 0 0 1 1 1
4 P_7 279 279 0 0 0 1 1 1
4 P_7 280 280 0.5 0.5 0.5 1 1 1
4 P_7 281 281 0.122549 0.1281 0.1337915 1 1 1
4 P_7 282 282 0.3662595 0.37195 0.3775005 1 1 1
4 P_7 283 283 0.122549 0.1281 0.1337915 1 1 1
4 P_7 284 284 0.3662595 0.37195 0.3775005 1 1 1
4 P_7 285 285 0 0 0 1 1 1
4 P_7 286 286 0 0 0 1 1 1
4 P_7 287 287 0 0 0 1 1 1
4 P_7 288 288 0.3662595 0.37195 0.3775005 1 1 1
4 P_7 289 289 0 0 0 1 1 1
4 P_7 290 290 0 0 0 1 1 1
4 P_7 291 291 0 0 0 1 1 1
4 P_7 292 292 0 0 0 1 1 1
4 P_7 293 293 0.5 0.5 0.5 1 1 1
4 P_7 294 294 0.122549 0.1281 0.1337915 1 1 1
4 P_7 295 295 0 0 0 1 1 1
4 P_7 296 296 0.3662595 0.37195 0.3775005 1 1 1
4 P_7 297 297 0 0 0 1 1 1
4 P_7 298 298 0 0 0 1 1 1
4 P_7 299 299 0.122549 0.1281 0.1337915 1 1 1
4 P_7 300 300 0 0 0 1 1 1
5 P_4 0 0 0.5 0.5 0.5 1 1 1
5 P_4 1 1 0 0 0 1 1 1
5 P_4 2 2 0.3951195 0.40035 0.4054075 1 1 1
5 P_4 3 3 0.0946415 0.0997 0.1049315 1 1 1
5 P_4 4 4 0.0946415 0.0997 0.1049315 1 1 1
5 P_4 5 5 0.5 0.5 0.5 1 1 1
5 P_4 6 6 0 0 0 1 1 1
5 P_4 7 7 0 0 0 1 1 1
5 P_4 8 8 0.0946415 0.0997 0.1049315 1 1 1
5 P_4 9 9 0.0946415 0.0997 0.1049315 1 1 1
5 P_4 10 10 0 0 0 1 1 1
5 P_4 11 11 0.087737 0.09265 0.097744 1 1 1
5 P_4 12 12 0 0 0 1 1 1
5 P_4 13 13 0 0 0 1 1 1
5 P_4 14 14 0 0 0 1 1 1
5 P_4 15 15 0.0946415 0.0997 0.1049315 1 1 1
5 P_4 16 16 0 0 0 1 1 1
5 P_4 17 17 0.5 0.5 0.5 1 1 1
5 P_4 18 18 0.087737 0.09265 0.097744 1 1 1
5 P_4 19 19 0 0 0 1 1 1
5 P_4 20 20 0 0 0 1 1 1
5 P_4 21 21 0 0 0 1 1 1
5 P_4 22 22 0.087737 0.09265 0.097744 1 1 1
5 P_4 23 23 0.087737 0.09265 0.097744 1 1 1
5 P_4 24 24 0.5 0.5 0.5 1 1 1
5 P_4 25 25 0 0 0 1 1 1
5 P_4 26 26 0 0 0 1 1 1
5 P_4 27 27 0 0 0 1 1 1
5 P_4 28 28 0.087737 0.09265 0.097744 1 1 1
5 P_4 29 29 0.3951195 0.40035 0.4054075 1 1 1
5 P_4 30 30 0 0 0 1 1 1
5 P_4 31 31 0.3951195 0.40035 0.4054075 1 1 1
5 P_4 32 32 0.0946415 0.0997 0.1049315 1 1 1
5 P_4 33 33 0 0 0 1 1 1
5 P_4 34 34 0.5 0.5 0.5 1 1 1
5 P_4 35 35 0.0946415 0.0997 0.1049315 1 1 1
5 P_4 36 36 0 0 0 1 1 1
5 P_4 37 37 0 0 0 1 1 1
5 P_4 38 38 0.087737 0.09265 0.097744 1 1 1
5 P_4 39 39 0 0 0 1 1 1
5 P_4 40 40 0 0 0 1 1 1
5 P_4 41 41 0 0 0 1 1 1
5 P_4 42 42 0 0 0 1 1 1
5 P_4 43 43 0.087737 0.09265 0.097744 1 1 1
5 P_4 44 44 0 0 0 1 1 1
5 P_4 45 45 0 0 0 1 1 1
5 P_4 46 46 0.087737 0.09265 0.097744 1 1 1
5 P_4 47 47 0.087737 0.09265 0.097744 1 1 1
5 P_4 48 48 0 0 0 1 1 1
5 P_4 49 49 0.087737 0.09265 0.097744 1 1 1
5 P_4 50 50 0.0946415 0.0997 0.1049315 1 1 1
5 P_4 51 51 0.087737 0.09265 0.097744 1 1 1
5 P_4 52 52 0 0 0 1 1 1
5 P_4 53 53 0 0 0 1 1 1
5 P_4 54 54 0.0946415 0.0997 0.1049315 1 1 1
5 P_4 55 55 0 0 0 1 1 1
5 P_4 56 56 0.5 0.5 0.5 1 1 1
5 P_4 57 57 0 0 0 1 1 1
5 P_4 58 58 0 0 0 1 1 1
5 P_4 59 59 0 0 0 1 1 1
5 P_4 60 60 0 0 0 1 1 1
5 P_4 61 61 0.5 0.5 0.5 1 1 1
5 P_4 62 62 0.0946415 0.0997 0.1049315 1 1 1
5 P_4 63 63 0 0 0 1 1 1
5 P_4 64 64 0.5 0.5 0.5 1 1 1
5 P_4 65 65 0.5 0.5 0.5 1 1 1
5 P_4 66 66 0.087737 0.09265 0.097744 1 1 1
5 P_4 67 67 0.3951195 0.40035 0.4054075 1 1 1
5 P_4 68 68 0 0 0 1 1 1
5 P_4 69 69 0.5 0.5 0.5 1 1 1
5 P_4 70 70 0.087737 0.09265 0.097744 1 1 1
5 P_4 71 71 0.087737 0.09265 0.097744 1 1 1
5 P_4 72 72 0 0 0 1 1 1
5 P_4 73 73 0.0946415 0.0997 0.1049315 1 1 1
5 P_4 74 74 0.0946415 0.0997 0.1049315 1 1 1
5 P_4 75 75 0 0 0 1 1 1
5 P_4 76 76 0.0946415 0.0997 0.1049315 1 1 1
5 P_4 77 77 0.0946415 0.0997 0.1049315 1 1 1
5 P_4 78 78 0.3951195 0.40035 0.4054075 1 1 1
5 P_4 79 79 0 0 0 1 1 1
5 P_4 80 80 0 0 0 1 1 1
5 P_4 81 81 0 0 0 1 1 1
5 P_4 82 82 0 0 0 1 1 1
5 P_4 83 83 0.5 0.5 0.5 1 1 1
5 P_4 84 84 0.5 0.5 0.5 1 1 1
5 P_4 85 85 0 0 0 1 1 1
5 P_4 86 86 0.0946415 0.0997 0.1049315 1 1 1
5 P_4 87 87 0 0 0 1 1 1
5 P_4 88 88 0 0 0 1 1 1
5 P_4 89 89 0.0946415 0.0997 0.1049315 1 1 1
5 P_4 90 90 0 0 0 1 1 1
5 P_4 91 91 0 0 0 1 1 1
5 P_4 92 92 0 0 0 1 1 1
5 P_4 93 93 0.5 0.5 0.5 1 1 1
5 P_4 94 94 0 0 0 1 1 1
5 P_4 95 95 0.0946415 0.0997 0.1049315 1 1 1
5 P_4 96 96 0 0 0 1 1 1
5 P_4 97 97 0.087737 0.09265 0.097744 1 1 1
5 P_4 98 98 0.0946415 0.0997 0.1049315 1 1 1
5 P_4 99 99 0 0 0 1 1 1
5 P_4 100 100 0 0 0 1 1 1
5 P_4 101 101 0.5 0.5 0.5 1 1 1
5 P_4 102 102 0 0 0 1 1 1
5 P_4 103 103 0 0 0 1 1 1
5 P_4 104 104 0.3951195 0.40035 0.4054075 1 1 1
5 P_4 105 105 0.0946415 0.0997 0.1049315 1 1 1
5 P_4 106 106 0 0 0 1 1 1
5 P_4 107 107 0.0946415 0.0997 0.1049315 1 1 1
5 P_4 108 108 0 0 0 1 1 1
5 P_4 109 109 0.5 0.5 0.5 1 1 1
5 P_4 110 110 0.087737 0.09265 0.097744 1 1 1
5 P_4 111 111 0 0 0 1 1 1
5 P_4 112 112 0.087737 0.09265 0.097744 1 1 1
5 P_4 113 113 0 0 0 1 1 1
5 P_4 114 114 0.5 0.5 0.5 1 1 1
5 P_4 115 115 0 0 0 1 1 1
5 P_4 116 116 0 0 0 1 1 1
5 P_4 117 117 0.3951195 0.40035 0.4054075 1 1 1
5 P_4 118 118 0 0 0 1 1 1
5 P_4 119 119 0.0946415 0.0997 0.1049315 1 1 1
5 P_4 120 120 0.5 0.5 0.5 1 1 1
5 P_4 121 121 0.5 0.5 0.5 1 1 1
5 P_4 122 122 0.3951195 0.40035 0.4054075 1 1 1
5 P_4 123 123 0 0 0 1 1 1
5 P_4 124 124 0 0 0 1 1 1
5 P_4 125 125 0.0946415 0.0997 0.1049315 1 1 1
5 P_4 126 126 0.5 0.5 0.5 1 1 1
5 P_4 127 127 0 0 0 1 1 1
5 P_4 128 128 0 0 0 1 1 1
5 P_4 129 129 0.3951195 0.40035 0.4054075 1 1 1
5 P_4 130 130 0.3951195 0.40035 0.4054075 1 1 1
5 P_4 131 131 0.3951195 0.40035 0.4054075 1 1 1
5 P_4 132 132 0 0 0 1 1 1
5 P_4 133 133 0 0 0 1 1 1
5 P_4 134 134 0 0 0 1 1 1
5 P_4 135 135 0 0 0 1 1 1
5 P_4 136 136 0 0 0 1 1 1
5 P_4 137 137 0 0 0 1 1 1
5 P_4 138 138 0 0 0 1 1 1
5 P_4 139 139 0 0 0 1 1 1
5 P_4 140 140 0.3951195 0.40035 0.4054075 1 1 1
5 P_4 141 141 0.3951195 0.40035 0.4054075 1 1 1
5 P_4 142 142 0.0946415 0.0997 0.1049315 1 1 1
5 P_4 143 143 0.5 0.5 0.5 1 1 1
5 P_4 144 144 0 0 0 1 1 1
5 P_4 145 145 0 0 0 1 1 1
5 P_4 146 146 0.0946415 0.0997 0.1049315 1 1 1
5 P_4 147 147 0 0 0 1 1 1
5 P_4 148 148 0.0946415 0.0997 0.1049315 1 1 1
5 P_4 149 149 0 0 0 1 1 1
5 P_4 150 150 0.0946415 0.0997 0.1049315 1 1 1
5 P_4 151 151 0 0 0 1 1 1
5 P_4 152 152 0.0946415 0.0997 0.1049315 1 1 1
5 P_4 153 153 0 0 0 1 1 1
5 P_4 154 154 0.0946415 0.0997 0.1049315 1 1 1
5 P_4 155 155 0.0946415 0.0997 0.1049315 1 1 1
5 P_4 156 156 0.5 0.5 0.5 1 1 1
5 P_4 157 157 0.0946415 0.0997 0.1049315 1 1 1
5 P_4 158 158 0.5 0.5 0.5 1 1 1
5 P_4 159 159 0.3951195 0.40035 0.4054075 1 1 1
5 P_4 160 160 0.0946415 0.0997 0.1049315 1 1 1
5 P_4 161 161 0 0 0 1 1 1
5 P_4 162 162 0 0 0 1 1 1
5 P_4 163 163 0.5 0.5 0.5 1 1 1
5 P_4 164 164 0.5 0.5 0.5 1 1 1
5 P_4 165 165 0 0 0 1 1 1
5 P_4 166 166 0.3951195 0.40035 0.4054075 1 1 1
5 P_4 167 167 0 0 0 1 1 1
5 P_4 168 168 0.3951195 0.40035 0.4054075 1 1 1
5 P_4 169 169 0.3951195 0.40035 0.4054075 1 1 1
5 P_4 170 170 0.5 0.5 0.5 1 1 1
5 P_4 171 171 0 0 0 1 1 1
5 P_4 172 172 0 0 0 1 1 1
5 P_4 173 173 0.5 0.5 0.5 1 1 1
5 P_4 174 174 0.5 0.5 0.5 1 1 1
5 P_4 175 175 0.3951195 0.40035 0.4054075 1 1 1
5 P_4 176 176 0.5 0.5 0.5 1 1 1
5 P_4 177 177 0.087737 0.09265 0.097744 1 1 1
5 P_4 178 178 0.087737 0.09265 0.097744 1 1 1
5 P_4 179 179 0 0 0 1 1 1
5 P_4 180 180 0.0946415 0.0997 0.1049315 1 1 1
5 P_4 181 181 0.0946415 0.0997 0.1049315 1 1 1
5 P_4 182 182 0 0 0 1 1 1
5 P_4 183 183 0 0 0 1 1 1
5 P_4 184 184 0.0946415 0.0997 0.1049315 1 1 1
5 P_4 185 185 0.5 0.5 0.5 1 1 1
5 P_4 186 186 0.5 0.5 0.5 1 1 1
5 P_4 187 187 0 0 0 1 1 1
5 P_4 188 188 0.087737 0.09265 0.097744 1 1 1
5 P_4 189 189 0 0 0 1 1 1
5 P_4 190 190 0 0 0 1 1 1
5 P_4 191 191 0 0 0 1 1 1
5 P_4 192 192 0.5 0.5 0.5 1 1 1
5 P_4 193 193 0.087737 0.09265 0.097744 1 1 1
5 P_4 194 194 0.087737 0.09265 0.097744 1 1 1
5 P_4 195 195 0 0 0 1 1 1
5 P_4 196 196 0 0 0 1 1 1
5 P_4 197 197 0 0 0 1 1 1
5 P_4 198 198 0.0946415 0.0997 0.1049315 1 1 1
5 P_4 199 199 0.3951195 0.40035 0.4054075 1 1 1
5 P_4 200 200 0 0 0 1 1 1
5 P_4 201 201 0.5 0.5 0.5 1 1 1
5 P_4 202 202 0 0 0 1 1 1
5 P_4 203 203 0.5 0.5 0.5 1 1 1
5 P_4 204 204 0 0 0 1 1 1
5 P_4 205 205 0 0 0 1 1 1
5 P_4 206 206 0 0 0 1 1 1
5 P_4 207 207 0 0 0 1 1 1
5 P_4 208 208 0.0946415 0.0997 0.1049315 1 1 1
5 P_4 209 209 0.3951195 0.40035 0.4054075 1 1 1
5 P_4 210 210 0.0946415 0.0997 0.1049315 1 1 1
5 P_4 211 211 0 0 0 1 1 1
5 P_4 212 212 0.3951195 0.40035 0.4054075 1 1 1
5 P_4 213 213 0.3951195 0.40035 0.4054075 1 1 1
5 P_4 214 214 0.087737 0.09265 0.097744 1 1 1
5 P_4 215 215 0 0 0 1 1 1
5 P_4 216 216 0.0946415 0.0997 0.1049315 1 1 1
5 P_4 217 217 0 0 0 1 1 1
5 P_4 218 218 0.0946415 0.0997 0.1049315 1 1 1
5 P_4 219 219 0 0 0 1 1 1
5 P_4 220 220 0.5 0.5 0.5 1 1 1
5 P_4 221 221 0.0946415 0.0997 0.1049315 1 1 1
5 P_4 222 222 0 0 0 1 1 1
5 P_4 223 223 0 0 0 1 1 1
5 P_4 224 224 0 0 0 1 1 1
5 P_4 225 225 0.0946415 0.0997 0.1049315 1 1 1
5 P_4 226 226 0 0 0 1 1 1
5 P_4 227 227 0.087737 0.09265 0.097744 1 1 1
5 P_4 228 228 0 0 0 1 1 1
5 P_4 229 229 0.5 0.5 0.5 1 1 1
5 P_4 230 230 0 0 0 1 1 1
5 P_4 231 231 0.5 0.5 0.5 1 1 1
5 P_4 232 232 0 0 0 1 1 1
5 P_4 233 233 0 0 0 1 1 1
5 P_4 234 234 0 0 0 1 1 1
5 P_4 235 235 0.3951195 0.40035 0.4054075 1 1 1
5 P_4 236 236 0.087737 0.09265 0.097744 1 1 1
5 P_4 237 237 0 0 0 1 1 1
5 P_4 238 238 0 0 0 1 1 1
5 P_4 239 239 0 0 0 1 1 1
5 P_4 240 240 0 0 0 1 1 1
5 P_4 241 241 0 0 0 1 1 1
5 P_4 242 242 0.5 0.5 0.5 1 1 1
5 P_4 243 243 0 0 0 1 1 1
5 P_4 244 244 0 0 0 1 1 1
5 P_4 245 245 0.0946415 0.0997 0.1049315 1 1 1
5 P_4 246 246 0.087737 0.09265 0.097744 1 1 1
5 P_4 247 247 0.5 0.5 0.5 1 1 1
5 P_4 248 248 0.0946415 0.0997 0.1049315 1 1 1
5 P_4 249 249 0 0 0 1 1 1
5 P_4 250 250 0 0 0 1 1 1
5 P_4 251 251 0.0946415 0.0997 0.1049315 1 1 1
5 P_4 252 252 0 0 0 1 1 1
5 P_4 253 253 0.3951195 0.40035 0.4054075 1 1 1
5 P_4 254 254 0.5 0.5 0.5 1 1 1
5 P_4 255 255 0.3951195 0.40035 0.4054075 1 1 1
5 P_4 256 256 0 0 0 1 1 1
5 P_4 257 257 0 0 0 1 1 1
5 P_4 258 258 0 0 0 1 1 1
5 P_4 259 259 0 0 0 1 1 1
5 P_4 260 260 0 0 0 1 1 1
5 P_4 261 261 0 0 0 1 1 1
5 P_4 262 262 0.087737 0.09265 0.097744 1 1 1
5 P_4 263 263 0.0946415 0.0997 0.1049315 1 1 1
5 P_4 264 264 0 0 0 1 1 1
5 P_4 265 265 0 0 0 1 1 1
5 P_4 266 266 0 0 0 1 1 1
5 P_4 267 267 0 0 0 1 1 1
5 P_4 268 268 0.0946415 0.0997 0.1049315 1 1 1
5 P_4 269 269 0 0 0 1 1 1
5 P_4 270 270 0 0 0 1 1 1
5 P_4 271 271 0.3951195 0.40035 0.4054075 1 1 1
5 P_4 272 272 0.3951195 0.40035 0.4054075 1 1 1
5 P_4 273 273 0 0 0 1 1 1
5 P_4 274 274 0.087737 0.09265 0.097744 1 1 1
5 P_4 275 275 0.0946415 0.0997 0.1049315 1 1 1
5 P_4 276 276 0 0 0 1 1 1
5 P_4 277 277 0 0 0 1 1 1
5 P_4 278 278 0.0946415 0.0997 0.1049315 1 1 1
5 P_4 279 279 0.0946415 0.0997 0.1049315 1 1 1
5 P_4 280 280 0.5 0.5 0.5 1 1 1
5 P_4 281 281 0.3951195 0.40035 0.4054075 1 1 1
5 P_4 282 282 0 0 0 1 1 1
5 P_4 283 283 0 0 0 1 1 1
5 P_4 284 284 0 0 0 1 1 1
5 P_4 285 285 0 0 0 1 1 1
5 P_4 286 286 0 0 0 1 1 1
5 P_4 287 287 0.087737 0.09265 0.097744 1 1 1
5 P_4 288 288 0 0 0 1 1 1
5 P_4 289 289 0.0946415 0.0997 0.1049315 1 1 1
5 P_4 290 290 0 0 0 1 1 1
5 P_4 291 291 0 0 0 1 1 1
5 P_4 292 292 0.087737 0.09265 0.097744 1 1 1
5 P_4 293 293 0.5 0.5 0.5 1 1 1
5 P_4 294 294 0.3951195 0.40035 0.4054075 1 1 1
5 P_4 295 295 0 0 0 1 1 1
5 P_4 296 296 0 0 0 1 1 1
5 P_4 297 297 0 0 0 1 1 1
5 P_4 298 298 0 0 0 1 1 1
5 P_4 299 299 0.3951195 0.40035 0.4054075 1 1 1
5 P_4 300 300 0 0 0 1 1 1
6 P_3 0 0 0.5 0.5 0.5 1 1 1
6 P_3 1 1 0.3302585 0.33635 0.3423425 1 1 1
6 P_3 2 2 0 0 0 1 1 1
6 P_3 3 3 0 0 0 1 1 1
6 P_3 4 4 0 0 0 1 1 1
6 P_3 5 5 0.5 0.5 0.5 1 1 1
6 P_3 6 6 0.15770700000000001 0.1637 0.169792 1 1 1
6 P_3 7 7 0.15770700000000001 0.1637 0.169792 1 1 1
6 P_3 8 8 0 0 0 1 1 1
6 P_3 9 9 0 0 0 1 1 1
6 P_3 10 10 0.3302585 0.33635 0.3423425 1 1 1
6 P_3 11 11 0 0 0 1 1 1
6 P_3 12 12 0 0 0 1 1 1
6 P_3 13 13 0.15770700000000001 0.1637 0.169792 1 1 1
6 P_3 14 14 0.3302585 0.33635 0.3423425 1 1 1
6 P_3 15 15 0 0 0 1 1 1
6 P_3 16 16 0.3302585 0.33635 0.3423425 1 1 1
6 P_3 17 17 0.5 0.5 0.5 1 1 1
6 P_3 18 18 0 0 0 1 1 1
6 P_3 19 19 0.3302585 0.33635 0.3423425 1 1 1
6 P_3 20 20 0.3302585 0.33635 0.3423425 1 1 1
6 P_3 21 21 0.3302585 0.33635 0.3423425 1 1 1
6 P_3 22 22 0 0 0 1 1 1
6 P_3 23 23 0 0 0 1 1 1
6 P_3 24 24 0.5 0.5 0.5 1 1 1
6 P_3 25 25 0.15770700000000001 0.1637 0.169792 1 1 1
6 P_3 26 26 0 0 0 1 1 1
6 P_3 27 27 0.15770700000000001 0.1637 0.169792 1 1 1
6 P_3 28 28 0 0 0 1 1 1
6 P_3 29 29 0 0 0 1 1 1
6 P_3 30 30 0 0 0 1 1 1
6 P_3 31 31 0 0 0 1 1 1
6 P_3 32 32 0 0 0 1 1 1
6 P_3 33 33 0.15770700000000001 0.1637 0.169792 1 1 1
6 P_3 34 34 0.5 0.5 0.5 1 1 1
6 P_3 35 35 0 0 0 1 1 1
6 P_3 36 36 0.5 0.5 0.5 1 1 1
6 P_3 37 37 0.3302585 0.33635 0.3423425 1 1 1
6 P_3 38 38 0 0 0 1 1 1
6 P_3 39 39 0.15770700000000001 0.1637 0.169792 1 1 1
6 P_3 40 40 0.3302585 0.33635 0.3423425 1 1 1
6 P_3 41 41 0.3302585 0.33635 0.3423425 1 1 1
6 P_3 42 42 0.3302585 0.33635 0.3423425 1 1 1
6 P_3 43 43 0 0 0 1 1 1
6 P_3 44 44 0.3302585 0.33635 0.3423425 1 1 1
6 P_3 45 45 0.3302585 0.33635 0.3423425 1 1 1
6 P_3 46 46 0 0 0 1 1 1
6 P_3 47 47 0 0 0 1 1 1
6 P_3 48 48 0 0 0 1 1 1
6 P_3 49 49 0 0 0 1 1 1
6 P_3 50 50 0 0 0 1 1 1
6 P_3 51 51 0 0 0 1 1 1
6 P_3 52 52 0.069382 0.07385 0.0785205 1 1 1
6 P_3 53 53 0.15770700000000001 0.1637 0.169792 1 1 1
6 P_3 54 54 0 0 0 1 1 1
6 P_3 55 55 0.069382 0.07385 0.0785205 1 1 1
6 P_3 56 56 0.5 0.5 0.5 1 1 1
6 P_3 57 57 0.3302585 0.33635 0.3423425 1 1 1
6 P_3 58 58 0 0 0 1 1 1
6 P_3 59 59 0.069382 0.07385 0.0785205 1 1 1
6 P_3 60 60 0 0 0 1 1 1
6 P_3 61 61 0.5 0.5 0.5 1 1 1
6 P_3 62 62 0 0 0 1 1 1
6 P_3 63 63 0.3302585 0.33635 0.3423425 1 1 1
6 P_3 64 64 0.5 0.5 0.5 1 1 1
6 P_3 65 65 0.5 0.5 0.5 1 1 1
6 P_3 66 66 0 0 0 1 1 1
6 P_3 67 67 0.5 0.5 0.5 1 1 1
6 P_3 68 68 0.3302585 0.33635 0.3423425 1 1 1
6 P_3 69 69 0.5 0.5 0.5 1 1 1
6 P_3 70 70 0 0 0 1 1 1
6 P_3 71 71 0 0 0 1 1 1
6 P_3 72 72 0 0 0 1 1 1
6 P_3 73 73 0 0 0 1 1 1
6 P_3 74 74 0 0 0 1 1 1
6 P_3 75 75 0.15770700000000001 0.1637 0.169792 1 1 1
6 P_3 76 76 0 0 0 1 1 1
6 P_3 77 77 0 0 0 1 1 1
6 P_3 78 78 0 0 0 1 1 1
6 P_3 79 79 0.5 0.5 0.5 1 1 1
6 P_3 80 80 0.15770700000000001 0.1637 0.169792 1 1 1
6 P_3 81 81 0.3302585 0.33635 0.3423425 1 1 1
6 P_3 82 82 0.3302585 0.33635 0.3423425 1 1 1
6 P_3 83 83 0.5 0.5 0.5 1 1 1
6 P_3 84 84 0.5 0.5 0.5 1 1 1
6 P_3 85 85 0.15770700000000001 0.1637 0.169792 1 1 1
6 P_3 86 86 0 0 0 1 1 1
6 P_3 87 87 0.15770700000000001 0.1637 0.169792 1 1 1
6 P_3 88 88 0.3302585 0.33635 0.3423425 1 1 1
6 P_3 89 89 0 0 0 1 1 1
6 P_3 90 90 0.069382 0.07385 0.0785205 1 1 1
6 P_3 91 91 0 0 0 1 1 1
6 P_3 92 92 0.3302585 0.33635 0.3423425 1 1 1
6 P_3 93 93 0.5 0.5 0.5 1 1 1
6 P_3 94 94 0.3302585 0.33635 0.3423425 1 1 1
6 P_3 95 95 0 0 0 1 1 1
6 P_3 96 96 0.3302585 0.33635 0.3423425 1 1 1
6 P_3 97 97 0 0 0 1 1 1
6 P_3 98 98 0 0 0 1 1 1
6 P_3 99 99 0 0 0 1 1 1
6 P_3 100 100 0.5 0.5 0.5 1 1 1
6 P_3 101 101 0.5 0.5 0.5 1 1 1
6 P_3 102 102 0.3302585 0.33635 0.3423425 1 1 1
6 P_3 103 103 0.3302585 0.33635 0.3423425 1 1 1
6 P_3 104 104 0 0 0 1 1 1
6 P_3 105 105 0 0 0 1 1 1
6 P_3 106 106 0.3302585 0.33635 0.3423425 1 1 1
6 P_3 107 107 0 0 0 1 1 1
6 P_3 108 108 0.3302585 0.33635 0.3423425 1 1 1
6 P_3 109 109 0.5 0.5 0.5 1 1 1
6 P_3 110 110 0 0 0 1 1 1
6 P_3 111 111 0.15770700000000001 0.1637 0.169792 1 1 1
6 P_3 112 112 0 0 0 1 1 1
6 P_3 113 113 0.5 0.5 0.5 1 1 1
6 P_3 114 114 0.5 0.5 0.5 1 1 1
6 P_3 115 115 0.069382 0.07385 0.0785205 1 1 1
6 P_3 116 116 0.3302585 0.33635 0.3423425 1 1 1
6 P_3 117 117 0 0 0 1 1 1
6 P_3 118 118 0.3302585 0.33635 0.3423425 1 1 1
6 P_3 119 119 0 0 0 1 1 1
6 P_3 120 120 0.5 0.5 0.5 1 1 1
6 P_3 121 121 0.5 0.5 0.5 1 1 1
6 P_3 122 122 0.5 0.5 0.5 1 1 1
6 P_3 123 123 0 0 0 1 1 1
6 P_3 124 124 0.15770700000000001 0.1637 0.169792 1 1 1
6 P_3 125 125 0 0 0 1 1 1
6 P_3 126 126 0.5 0.5 0.5 1 1 1
6 P_3 127 127 0.15770700000000001 0.1637 0.169792 1 1 1
6 P_3 128 128 0.15770700000000001 0.1637 0.169792 1 1 1
6 P_3 129 129 0 0 0 1 1 1
6 P_3 130 130 0.5 0.5 0.5 1 1 1
6 P_3 131 131 0 0 0 1 1 1
6 P_3 132 132 0.3302585 0.33635 0.3423425 1 1 1
6 P_3 133 133 0.3302585 0.33635 0.3423425 1 1 1
6 P_3 134 134 0.3302585 0.33635 0.3423425 1 1 1
6 P_3 135 135 0.3302585 0.33635 0.3423425 1 1 1
6 P_3 136 136 0.069382 0.07385 0.0785205 1 1 1
6 P_3 137 137 0 0 0 1 1 1
6 P_3 138 138 0 0 0 1 1 1
6 P_3 139 139 0.15770700000000001 0.1637 0.169792 1 1 1
6 P_3 140 140 0 0 0 1 1 1
6 P_3 141 141 0.5 0.5 0.5 1 1 1
6 P_3 142 142 0 0 0 1 1 1
6 P_3 143 143 0.5 0.5 0.5 1 1 1
6 P_3 144 144 0.069382 0.07385 0.0785205 1 1 1
6 P_3 145 145 0.3302585 0.33635 0.3423425 1 1 1
6 P_3 146 146 0 0 0 1 1 1
6 P_3 147 147 0.3302585 0.33635 0.3423425 1 1 1
6 P_3 148 148 0 0 0 1 1 1
6 P_3 149 149 0.15770700000000001 0.1637 0.169792 1 1 1
6 P_3 150 150 0 0 0 1 1 1
6 P_3 151 151 0.069382 0.07385 0.0785205 1 1 1
6 P_3 152 152 0 0 0 1 1 1
6 P_3 153 153 0.5 0.5 0.5 1 1 1
6 P_3 154 154 0 0 0 1 1 1
6 P_3 155 155 0 0 0 1 1 1
6 P_3 156 156 0.5 0.5 0.5 1 1 1
6 P_3 157 157 0 0 0 1 1 1
6 P_3 158 158 0.5 0.5 0.5 1 1 1
6 P_3 159 159 0.5 0.5 0.5 1 1 1
6 P_3 160 160 0 0 0 1 1 1
6 P_3 161 161 0.5 0.5 0.5 1 1 1
6 P_3 162 162 0.15770700000000001 0.1637 0.169792 1 1 1
6 P_3 163 163 0.5 0.5 0.5 1 1 1
6 P_3 164 164 0.5 0.5 0.5 1 1 1
6 P_3 165 165 0.3302585 0.33635 0.3423425 1 1 1
6 P_3 166 166 0.5 0.5 0.5 1 1 1
6 P_3 167 167 0.3302585 0.33635 0.3423425 1 1 1
6 P_3 168 168 0 0 0 1 1 1
6 P_3 169 169 0 0 0 1 1 1
6 P_3 170 170 0.5 0.5 0.5 1 1 1
6 P_3 171 171 0 0 0 1 1 1
6 P_3 172 172 0.15770700000000001 0.1637 0.169792 1 1 1
6 P_3 173 173 0.5 0.5 0.5 1 1 1
6 P_3 174 174 0.5 0.5 0.5 1 1 1
6 P_3 175 175 0.5 0.5 0.5 1 1 1
6 P_3 176 176 0.5 0.5 0.5 1 1 1
6 P_3 177 177 0 0 0 1 1 1
6 P_3 178 178 0 0 0 1 1 1
6 P_3 179 179 0.15770700000000001 0.1637 0.169792 1 1 1
6 P_3 180 180 0 0 0 1 1 1
6 P_3 181 181 0 0 0 1 1 1
6 P_3 182 182 0.15770700000000001 0.1637 0.169792 1 1 1
6 P_3 183 183 0.3302585 0.33635 0.3423425 1 1 1
6 P_3 184 184 0 0 0 1 1 1
6 P_3 185 185 0.5 0.5 0.5 1 1 1
6 P_3 186 186 0.5 0.5 0.5 1 1 1
6 P_3 187 187 0 0 0 1 1 1
6 P_3 188 188 0 0 0 1 1 1
6 P_3 189 189 0 0 0 1 1 1
6 P_3 190 190 0.3302585 0.33635 0.3423425 1 1 1
6 P_3 191 191 0.3302585 0.33635 0.3423425 1 1 1
6 P_3 192 192 0.5 0.5 0.5 1 1 1
6 P_3 193 193 0 0 0 1 1 1
6 P_3 194 194 0 0 0 1 1 1
6 P_3 195 195 0 0 0 1 1 1
6 P_3 196 196 0 0 0 1 1 1
6 P_3 197 197 0.5 0.5 0.5 1 1 1
6 P_3 198 198 0 0 0 1 1 1
6 P_3 199 199 0 0 0 1 1 1
6 P_3 200 200 0.069382 0.07385 0.0785205 1 1 1
6 P_3 201 201 0.5 0.5 0.5 1 1 1
6 P_3 202 202 0.15770700000000001 0.1637 0.169792 1 1 1
6 P_3 203 203 0.5 0.5 0.5 1 1 1
6 P_3 204 204 0.3302585 0.33635 0.3423425 1 1 1
6 P_3 205 205 0.15770700000000001 0.1637 0.169792 1 1 1
6 P_3 206 206 0 0 0 1 1 1
6 P_3 207 207 0.3302585 0.33635 0.3423425 1 1 1
6 P_3 208 208 0 0 0 1 1 1
6 P_3 209 209 0.5 0.5 0.5 1 1 1
6 P_3 210 210 0 0 0 1 1 1
6 P_3 211 211 0.3302585 0.33635 0.3423425 1 1 1
6 P_3 212 212 0 0 0 1 1 1
6 P_3 213 213 0 0 0 1 1 1
6 P_3 214 214 0 0 0 1 1 1
6 P_3 215 215 0.3302585 0.33635 0.3423425 1 1 1
6 P_3 216 216 0 0 0 1 1 1
6 P_3 217 217 0.15770700000000001 0.1637 0.169792 1 1 1
6 P_3 218 218 0 0 0 1 1 1
6 P_3 219 219 0.15770700000000001 0.1637 0.169792 1 1 1
6 P_3 220 220 0.5 0.5 0.5 1 1 1
6 P_3 221 221 0 0 0 1 1 1
6 P_3 222 222 0.3302585 0.33635 0.3423425 1 1 1
6 P_3 223 223 0.3302585 0.33635 0.3423425 1 1 1
6 P_3 224 224 0 0 0 1 1 1
6 P_3 225 225 0 0 0 1 1 1
6 P_3 226 226 0.15770700000000001 0.1637 0.169792 1 1 1
6 P_3 227 227 0 0 0 1 1 1
6 P_3 228 228 0.3302585 0.33635 0.3423425 1 1 1
6 P_3 229 229 0.5 0.5 0.5 1 1 1
6 P_3 230 230 0 0 0 1 1 1
6 P_3 231 231 0.5 0.5 0.5 1 1 1
6 P_3 232 232 0.5 0.5 0.5 1 1 1
6 P_3 233 233 0.15770700000000001 0.1637 0.169792 1 1 1
6 P_3 234 234 0 0 0 1 1 1
6 P_3 235 235 0.5 0.5 0.5 1 1 1
6 P_3 236 236 0 0 0 1 1 1
6 P_3 237 237 0 0 0 1 1 1
6 P_3 238 238 0.3302585 0.33635 0.3423425 1 1 1
6 P_3 239 239 0 0 0 1 1 1
6 P_3 240 240 0.3302585 0.33635 0.3423425 1 1 1
6 P_3 241 241 0 0 0 1 1 1
6 P_3 242 242 0.5 0.5 0.5 1 1 1
6 P_3 243 243 0.069382 0.07385 0.0785205 1 1 1
6 P_3 244 244 0.15770700000000001 0.1637 0.169792 1 1 1
6 P_3 245 245 0 0 0 1 1 1
6 P_3 246 246 0 0 0 1 1 1
6 P_3 247 247 0.5 0.5 0.5 1 1 1
6 P_3 248 248 0 0 0 1 1 1
6 P_3 249 249 0.15770700000000001 0.1637 0.169792 1 1 1
6 P_3 250 250 0.3302585 0.33635 0.3423425 1 1 1
6 P_3 251 251 0 0 0 1 1 1
6 P_3 252 252 0.15770700000000001 0.1637 0.169792 1 1 1
6 P_3 253 253 0 0 0 1 1 1
6 P_3 254 254 0.5 0.5 0.5 1 1 1
6 P_3 255 255 0 0 0 1 1 1
6 P_3 256 256 0.15770700000000001 0.1637 0.169792 1 1 1
6 P_3 257 257 0.3302585 0.33635 0.3423425 1 1 1
6 P_3 258 258 0 0 0 1 1 1
6 P_3 259 259 0.3302585 0.33635 0.3423425 1 1 1
6 P_3 260 260 0 0 0 1 1 1
6 P_3 261 261 0.15770700000000001 0.1637 0.169792 1 1 1
6 P_3 262 262 0 0 0 1 1 1
6 P_3 263 263 0 0 0 1 1 1
6 P_3 264 264 0.3302585 0.33635 0.3423425 1 1 1
6 P_3 265 265 0.3302585 0.33635 0.3423425 1 1 1
6 P_3 266 266 0.15770700000000001 0.1637 0.169792 1 1 1
6 P_3 267 267 0.3302585 0.33635 0.3423425 1 1 1
6 P_3 268 268 0 0 0 1 1 1
6 P_3 269 269 0.15770700000000001 0.1637 0.169792 1 1 1
6 P_3 270 270 0 0 0 1 1 1
6 P_3 271 271 0.5 0.5 0.5 1 1 1
6 P_3 272 272 0 0 0 1 1 1
6 P_3 273 273 0 0 0 1 1 1
6 P_3 274 274 0 0 0 1 1 1
6 P_3 275 275 0 0 0 1 1 1
6 P_3 276 276 0.3302585 0.33635 0.3423425 1 1 1
6 P_3 277 277 0.15770700000000001 0.1637 0.169792 1 1 1
6 P_3 278 278 0 0 0 1 1 1
6 P_3 279 279 0 0 0 1 1 1
6 P_3 280 280 0.5 0.5 0.5 1 1 1
6 P_3 281 281 0 0 0 1 1 1
6 P_3 282 282 0.15770700000000001 0.1637 0.169792 1 1 1
6 P_3 283 283 0 0 0 1 1 1
6 P_3 284 284 0.5 0.5 0.5 1 1 1
6 P_3 285 285 0.15770700000000001 0.1637 0.169792 1 1 1
6 P_3 286 286 0.15770700000000001 0.1637 0.169792 1 1 1
6 P_3 287 287 0 0 0 1 1 1
6 P_3 288 288 0.5 0.5 0.5 1 1 1
6 P_3 289 289 0 0 0 1 1 1
6 P_3 290 290 0.3302585 0.33635 0.3423425 1 1 1
6 P_3 291 291 0.3302585 0.33635 0.3423425 1 1 1
6 P_3 292 292 0 0 0 1 1 1
6 P_3 293 293 0.5 0.5 0.5 1 1 1
6 P_3 294 294 0 0 0 1 1 1
6 P_3 295 295 0 0 0 1 1 1
6 P_3 296 296 0.15770700000000001 0.1637 0.169792 1 1 1
6 P_3 297 297 0.3302585 0.33635 0.3423425 1 1 1
6 P_3 298 298 0.3302585 0.33635 0.3423425 1 1 1
6 P_3 299 299 0 0 0 1 1 1
6 P_3 300 300 0.3302585 0.33635 0.3423425 1 1 1
7 P_1 0 0 0.5 0.5 0.5 1 1 1
7 P_1 1 1 0.21811 0.2245 0.230919 1 1 1
7 P_1 2 2 0.269131 0.27555 0.2819395 1 1 1
7 P_1 3 3 0 0 0 1 1 1
7 P_1 4 4 0 0 0 1 1 1
7 P_1 5 5 0.5 0.5 0.5 1 1 1
7 P_1 6 6 0 0 0 1 1 1
7 P_1 7 7 0 0 0 1 1 1
7 P_1 8 8 0 0 0 1 1 1
7 P_1 9 9 0 0 0 1 1 1
7 P_1 10 10 0.21811 0.2245 0.230919 1 1 1
7 P_1 11 11 0 0 0 1 1 1
7 P_1 12 12 0 0 0 1 1 1
7 P_1 13 13 0 0 0 1 1 1
7 P_1 14 14 0.21811 0.2245 0.230919 1 1 1
7 P_1 15 15 0 0 0 1 1 1
7 P_1 16 16 0.21811 0.2245 0.230919 1 1 1
7 P_1 17 17 0.5 0.5 0.5 1 1 1
7 P_1 18 18 0 0 0 1 1 1
7 P_1 19 19 0.21811 0.2245 0.230919 1 1 1
7 P_1 20 20 0.21811 0.2245 0.230919 1 1 1
7 P_1 21 21 0.21811 0.2245 0.230919 1 1 1
7 P_1 22 22 0 0 0 1 1 1
7 P_1 23 23 0 0 0 1 1 1
7 P_1 24 24 0.5 0.5 0.5 1 1 1
7 P_1 25 25 0 0 0 1 1 1
7 P_1 26 26 0 0 0 1 1 1
7 P_1 27 27 0 0 0 1 1 1
7 P_1 28 28 0 0 0 1 1 1
7 P_1 29 29 0.269131 0.27555 0.2819395 1 1 1
7 P_1 30 30 0 0 0 1 1 1
7 P_1 31 31 0.269131 0.27555 0.2819395 1 1 1
7 P_1 32 32 0 0 0 1 1 1
7 P_1 33 33 0 0 0 1 1 1
7 P_1 34 34 0.5 0.5 0.5 1 1 1
7 P_1 35 35 0 0 0 1 1 1
7 P_1 36 36 0.21811 0.2245 0.230919 1 1 1
7 P_1 37 37 0.21811 0.2245 0.230919 1 1 1
7 P_1 38 38 0 0 0 1 1 1
7 P_1 39 39 0 0 0 1 1 1
7 P_1 40 40 0.21811 0.2245 0.230919 1 1 1
7 P_1 41 41 0.21811 0.2245 0.230919 1 1 1
7 P_1 42 42 0.21811 0.2245 0.230919 1 1 1
7 P_1 43 43 0 0 0 1 1 1
7 P_1 44 44 0.21811 0.2245 0.230919 1 1 1
7 P_1 45 45 0.21811 0.2245 0.230919 1 1 1
7 P_1 46 46 0 0 0 1 1 1
7 P_1 47 47 0 0 0 1 1 1
7 P_1 48 48 0 0 0 1 1 1
7 P_1 49 49 0 0 0 1 1 1
7 P_1 50 50 0 0 0 1 1 1
7 P_1 51 51 0 0 0 1 1 1
7 P_1 52 52 0.130681 0.13635 0.14215 1 1 1
7 P_1 53 53 0 0 0 1 1 1
7 P_1 54 54 0 0 0 1 1 1
7 P_1 55 55 0.130681 0.13635 0.14215 1 1 1
7 P_1 56 56 0.5 0.5 0.5 1 1 1
7 P_1 57 57 0.21811 0.2245 0.230919 1 1 1
7 P_1 58 58 0 0 0 1 1 1
7 P_1 59 59 0.130681 0.13635 0.14215 1 1 1
7 P_1 60 60 0 0 0 1 1 1
7 P_1 61 61 0.5 0.5 0.5 1 1 1
7 P_1 62 62 0 0 0 1 1 1
7 P_1 63 63 0.21811 0.2245 0.230919 1 1 1
7 P_1 64 64 0.5 0.5 0.5 1 1 1
7 P_1 65 65 0.5 0.5 0.5 1 1 1
7 P_1 66 66 0 0 0 1 1 1
7 P_1 67 67 0.5 0.5 0.5 1 1 1
7 P_1 68 68 0.21811 0.2245 0.230919 1 1 1
7 P_1 69 69 0.5 0.5 0.5 1 1 1
7 P_1 70 70 0 0 0 1 1 1
7 P_1 71 71 0 0 0 1 1 1
7 P_1 72 72 0 0 0 1 1 1
7 P_1 73 73 0 0 0 1 1 1
7 P_1 74 74 0 0 0 1 1 1
7 P_1 75 75 0 0 0 1 1 1
7 P_1 76 76 0 0 0 1 1 1
7 P_1 77 77 0 0 0 1 1 1
7 P_1 78 78 0.269131 0.27555 0.2819395 1 1 1
7 P_1 79 79 0.21811 0.2245 0.230919 1 1 1
7 P_1 80 80 0 0 0 1 1 1
7 P_1 81 81 0.21811 0.2245 0.230919 1 1 1
7 P_1 82 82 0.21811 0.2245 0.230919 1 1 1
7 P_1 83 83 0.5 0.5 0.5 1 1 1
7 P_1 84 84 0.5 0.5 0.5 1 1 1
7 P_1 85 85 0 0 0 1 1 1
7 P_1 86 86 0 0 0 1 1 1
7 P_1 87 87 0 0 0 1 1 1
7 P_1 88 88 0.21811 0.2245 0.230919 1 1 1
7 P_1 89 89 0 0 0 1 1 1
7 P_1 90 90 0.130681 0.13635 0.14215 1 1 1
7 P_1 91 91 0 0 0 1 1 1
7 P_1 92 92 0.21811 0.2245 0.230919 1 1 1
7 P_1 93 93 0.5 0.5 0.5 1 1 1
7 P_1 94 94 0.21811 0.2245 0.230919 1 1 1
7 P_1 95 95 0 0 0 1 1 1
7 P_1 96 96 0.21811 0.2245 0.230919 1 1 1
7 P_1 97 97 0 0 0 1 1 1
7 P_1 98 98 0 0 0 1 1 1
7 P_1 99 99 0 0 0 1 1 1
7 P_1 100 100 0.21811 0.2245 0.230919 1 1 1
7 P_1 101 101 0.5 0.5 0.5 1 1 1
7 P_1 102 102 0.21811 0.2245 0.230919 1 1 1
7 P_1 103 103 0.21811 0.2245 0.230919 1 1 1
7 P_1 104 104 0.269131 0.27555 0.2819395 1 1 1
7 P_1 105 105 0 0 0 1 1 1
7 P_1 106 106 0.21811 0.2245 0.230919 1 1 1
7 P_1 107 107 0 0 0 1 1 1
7 P_1 108 108 0.21811 0.2245 0.230919 1 1 1
7 P_1 109 109 0.5 0.5 0.5 1 1 1
7 P_1 110 110 0 0 0 1 1 1
7 P_1 111 111 0 0 0 1 1 1
7 P_1 112 112 0 0 0 1 1 1
7 P_1 113 113 0.21811 0.2245 0.230919 1 1 1
7 P_1 114 114 0.5 0.5 0.5 1 1 1
7 P_1 115 115 0.130681 0.13635 0.14215 1 1 1
7 P_1 116 116 0.21811 0.2245 0.230919 1 1 1
7 P_1 117 117 0.269131 0.27555 0.2819395 1 1 1
7 P_1 118 118 0.21811 0.2245 0.230919 1 1 1
7 P_1 119 119 0 0 0 1 1 1
7 P_1 120 120 0.5 0.5 0.5 1 1 1
7 P_1 121 121 0.5 0.5 0.5 1 1 1
7 P_1 122 122 0.5 0.5 0.5 1 1 1
7 P_1 123 123 0 0 0 1 1 1
7 P_1 124 124 0 0 0 1 1 1
7 P_1 125 125 0 0 0 1 1 1
7 P_1 126 126 0.5 0.5 0.5 1 1 1
7 P_1 127 127 0 0 0 1 1 1
7 P_1 128 128 0 0 0 1 1 1
7 P_1 129 129 0.269131 0.27555 0.2819395 1 1 1
7 P_1 130 130 0.5 0.5 0.5 1 1 1
7 P_1 131 131 0.269131 0.27555 0.2819395 1 1 1
7 P_1 132 132 0.21811 0.2245 0.230919 1 1 1
7 P_1 133 133 0.21811 0.2245 0.230919 1 1 1
7 P_1 134 134 0.21811 0.2245 0.230919 1 1 1
7 P_1 135 135 0.21811 0.2245 0.230919 1 1 1
7 P_1 136 136 0.130681 0.13635 0.14215 1 1 1
7 P_1 137 137 0 0 0 1 1 1
7 P_1 138 138 0 0 0 1 1 1
7 P_1 139 139 0 0 0 1 1 1
7 P_1 140 140 0.269131 0.27555 0.2819395 1 1 1
7 P_1 141 141 0.5 0.5 0.5 1 1 1
7 P_1 142 142 0 0 0 1 1 1
7 P_1 143 143 0.5 0.5 0.5 1 1 1
7 P_1 144 144 0.130681 0.13635 0.14215 1 1 1
7 P_1 145 145 0.21811 0.2245 0.230919 1 1 1
7 P_1 146 146 0 0 0 1 1 1
7 P_1 147 147 0.21811 0.2245 0.230919 1 1 1
7 P_1 148 148 0 0 0 1 1 1
7 P_1 149 149 0 0 0 1 1 1
7 P_1 150 150 0 0 0 1 1 1
7 P_1 151 151 0.130681 0.13635 0.14215 1 1 1
7 P_1 152 152 0 0 0 1 1 1
7 P_1 153 153 0.21811 0.2245 0.230919 1 1 1
7 P_1 154 154 0 0 0 1 1 1
7 P_1 155 155 0 0 0 1 1 1
7 P_1 156 156 0.5 0.5 0.5 1 1 1
7 P_1 157 157 0 0 0 1 1 1
7 P_1 158 158 0.5 0.5 0.5 1 1 1
7 P_1 159 159 0.5 0.5 0.5 1 1 1
7 P_1 160 160 0 0 0 1 1 1
7 P_1 161 161 0.21811 0.2245 0.230919 1 1 1
7 P_1 162 162 0 0 0 1 1 1
7 P_1 163 163 0.5 0.5 0.5 1 1 1
7 P_1 164 164 0.5 0.5 0.5 1 1 1
7 P_1 165 165 0.21811 0.2245 0.230919 1 1 1
7 P_1 166 166 0.5 0.5 0.5 1 1 1
7 P_1 167 167 0.21811 0.2245 0.230919 1 1 1
7 P_1 168 168 0.269131 0.27555 0.2819395 1 1 1
7 P_1 169 169 0.269131 0.27555 0.2819395 1 1 1
7 P_1 170 170 0.5 0.5 0.5 1 1 1
7 P_1 171 171 0 0 0 1 1 1
7 P_1 172 172 0 0 0 1 1 1
7 P_1 173 173 0.5 0.5 0.5 1 1 1
7 P_1 174 174 0.5 0.5 0.5 1 1 1
7 P_1 175 175 0.5 0.5 0.5 1 1 1
7 P_1 176 176 0.5 0.5 0.5 1 1 1
7 P_1 177 177 0 0 0 1 1 1
7 P_1 178 178 0 0 0 1 1 1
7 P_1 179 179 0 0 0 1 1 1
7 P_1 180 180 0 0 0 1 1 1
7 P_1 181 181 0 0 0 1 1 1
7 P_1 182 182 0 0 0 1 1 1
7 P_1 183 183 0.21811 0.2245 0.230919 1 1 1
7 P_1 184 184 0 0 0 1 1 1
7 P_1 185 185 0.5 0.5 0.5 1 1 1
7 P_1 186 186 0.5 0.5 0.5 1 1 1
7 P_1 187 187 0 0 0 1 1 1
7 P_1 188 188 0 0 0 1 1 1
7 P_1 189 189 0 0 0 1 1 1
7 P_1 190 190 0.21811 0.2245 0.230919 1 1 1
7 P_1 191 191 0.21811 0.2245 0.230919 1 1 1
7 P_1 192 192 0.5 0.5 0.5 1 1 1
7 P_1 193 193 0 0 0 1 1 1
7 P_1 194 194 0 0 0 1 1 1
7 P_1 195 195 0 0 0 1 1 1
7 P_1 196 196 0 0 0 1 1 1
7 P_1 197 197 0.21811 0.2245 0.230919 1 1 1
7 P_1 198 198 0 0 0 1 1 1
7 P_1 199 199 0.269131 0.27555 0.2819395 1 1 1
7 P_1 200 200 0.130681 0.13635 0.14215 1 1 1
7 P_1 201 201 0.5 0.5 0.5 1 1 1
7 P_1 202 202 0 0 0 1 1 1
7 P_1 203 203 0.5 0.5 0.5 1 1 1
7 P_1 204 204 0.21811 0.2245 0.230919 1 1 1
7 P_1 205 205 0 0 0 1 1 1
7 P_1 206 206 0 0 0 1 1 1
7 P_1 207 207 0.21811 0.2245 0.230919 1 1 1
7 P_1 208 208 0 0 0 1 1 1
7 P_1 209 209 0.5 0.5 0.5 1 1 1
7 P_1 210 210 0 0 0 1 1 1
7 P_1 211 211 0.21811 0.2245 0.230919 1 1 1
7 P_1 212 212 0.269131 0.27555 0.2819395 1 1 1
7 P_1 213 213 0.269131 0.27555 0.2819395 1 1 1
7 P_1 214 214 0 0 0 1 1 1
7 P_1 215 215 0.21811 0.2245 0.230919 1 1 1
7 P_1 216 216 0 0 0 1 1 1
7 P_1 217 217 0 0 0 1 1 1
7 P_1 218 218 0 0 0 1 1 1
7 P_1 219 219 0 0 0 1 1 1
7 P_1 220 220 0.5 0.5 0.5 1 1 1
7 P_1 221 221 0 0 0 1 1 1
7 P_1 222 222 0.21811 0.2245 0.230919 1 1 1
7 P_1 223 223 0.21811 0.2245 0.230919 1 1 1
7 P_1 224 224 0 0 0 1 1 1
7 P_1 225 225 0 0 0 1 1 1
7 P_1 226 226 0 0 0 1 1 1
7 P_1 227 227 0 0 0 1 1 1
7 P_1 228 228 0.21811 0.2245 0.230919 1 1 1
7 P_1 229 229 0.5 0.5 0.5 1 1 1
7 P_1 230 230 0 0 0 1 1 1
7 P_1 231 231 0.5 0.5 0.5 1 1 1
7 P_1 232 232 0.21811 0.2245 0.230919 1 1 1
7 P_1 233 233 0 0 0 1 1 1
7 P_1 234 234 0 0 0 1 1 1
7 P_1 235 235 0.5 0.5 0.5 1 1 1
7 P_1 236 236 0 0 0 1 1 1
7 P_1 237 237 0 0 0 1 1 1
7 P_1 238 238 0.21811 0.2245 0.230919 1 1 1
7 P_1 239 239 0 0 0 1 1 1
7 P_1 240 240 0.21811 0.2245 0.230919 1 1 1
7 P_1 241 241 0 0 0 1 1 1
7 P_1 242 242 0.5 0.5 0.5 1 1 1
7 P_1 243 243 0.130681 0.13635 0.14215 1 1 1
7 P_1 244 244 0 0 0 1 1 1
7 P_1 245 245 0 0 0 1 1 1
7 P_1 246 246 0 0 0 1 1 1
7 P_1 247 247 0.5 0.5 0.5 1 1 1
7 P_1 248 248 0 0 0 1 1 1
7 P_1 249 249 0 0 0 1 1 1
7 P_1 250 250 0.21811 0.2245 0.230919 1 1 1
7 P_1 251 251 0 0 0 1 1 1
7 P_1 252 252 0 0 0 1 1 1
7 P_1 253 253 0.269131 0.27555 0.2819395 1 1 1
7 P_1 254 254 0.5 0.5 0.5 1 1 1
7 P_1 255 255 0.269131 0.27555 0.2819395 1 1 1
7 P_1 256 256 0 0 0 1 1 1
7 P_1 257 257 0.21811 0.2245 0.230919 1 1 1
7 P_1 258 258 0 0 0 1 1 1
7 P_1 259 259 0.21811 0.2245 0.230919 1 1 1
7 P_1 260 260 0 0 0 1 1 1
7 P_1 261 261 0 0 0 1 1 1
7 P_1 262 262 0 0 0 1 1 1
7 P_1 263 263 0 0 0 1 1 1
7 P_1 264 264 0.21811 0.2245 0.230919 1 1 1
7 P_1 265 265 0.21811 0.2245 0.230919 1 1 1
7 P_1 266 266 0 0 0 1 1 1
7 P_1 267 267 0.21811 0.2245 0.230919 1 1 1
7 P_1 268 268 0 0 0 1 1 1
7 P_1 269 269 0 0 0 1 1 1
7 P_1 270 270 0 0 0 1 1 1
7 P_1 271 271 0.5 0.5 0.5 1 1 1
7 P_1 272 272 0.269131 0.27555 0.2819395 1 1 1
7 P_1 273 273 0 0 0 1 1 1
7 P_1 274 274 0 0 0 1 1 1
7 P_1 275 275 0 0 0 1 1 1
7 P_1 276 276 0.21811 0.2245 0.230919 1 1 1
7 P_1 277 277 0 0 0 1 1 1
7 P_1 278 278 0 0 0 1 1 1
7 P_1 279 279 0 0 0 1 1 1
7 P_1 280 280 0.5 0.5 0.5 1 1 1
7 P_1 281 281 0.269131 0.27555 0.2819395 1 1 1
7 P_1 282 282 0 0 0 1 1 1
7 P_1 283 283 0 0 0 1 1 1
7 P_1 284 284 0.21811 0.2245 0.230919 1 1 1
7 P_1 285 285 0 0 0 1 1 1
7 P_1 286 286 0 0 0 1 1 1
7 P_1 287 287 0 0 0 1 1 1
7 P_1 288 288 0.21811 0.2245 0.230919 1 1 1
7 P_1 289 289 0 0 0 1 1 1
7 P_1 290 290 0.21811 0.2245 0.230919 1 1 1
7 P_1 291 291 0.21811 0.2245 0.230919 1 1 1
7 P_1 292 292 0 0 0 1 1 1
7 P_1 293 293 0.5 0.5 0.5 1 1 1
7 P_1 294 294 0.269131 0.27555 0.2819395 1 1 1
7 P_1 295 295 0 0 0 1 1 1
7 P_1 296 296 0 0 0 1 1 1
7 P_1 297 297 0.21811 0.2245 0.230919 1 1 1
7 P_1 298 298 0.21811 0.2245 0.230919 1 1 1
7 P_1 299 299 0.269131 0.27555 0.2819395 1 1 1
7 P_1 300 300 0.21811 0.2245 0.230919 1 1 1
8 P_0 0 0 0.5 0.5 0.5 1 1 1
8 P_0 1 1 0.5 0.5 0.5 1 1 1
8 P_0 2 2 0 0 0 1 1 1
8 P_0 3 3 0 0 0 1 1 1
8 P_0 4 4 0 0 0 1 1 1
8 P_0 5 5 0.5 0.5 0.5 1 1 1
8 P_0 6 6 0 0 0 1 1 1
8 P_0 7 7 0 0 0 1 1 1
8 P_0 8 8 0 0 0 1 1 1
8 P_0 9 9 0 0 0 1 1 1
8 P_0 10 10 0.5 0.5 0.5 1 1 1
8 P_0 11 11 0 0 0 1 1 1
8 P_0 12 12 0 0 0 1 1 1
8 P_0 13 13 0 0 0 1 1 1
8 P_0 14 14 0.5 0.5 0.5 1 1 1
8 P_0 15 15 0 0 0 1 1 1
8 P_0 16 16 0.5 0.5 0.5 1 1 1
8 P_0 17 17 0.5 0.5 0.5 1 1 1
8 P_0 18 18 0 0 0 1 1 1
8 P_0 19 19 0.5 0.5 0.5 1 1 1
8 P_0 20 20 0.5 0.5 0.5 1 1 1
8 P_0 21 21 0.5 0.5 0.5 1 1 1
8 P_0 22 22 0 0 0 1 1 1
8 P_0 23 23 0 0 0 1 1 1
8 P_0 24 24 0.5 0.5 0.5 1 1 1
8 P_0 25 25 0 0 0 1 1 1
8 P_0 26 26 0.5 0.5 0.5 1 1 1
8 P_0 27 27 0 0 0 1 1 1
8 P_0 28 28 0 0 0 1 1 1
8 P_0 29 29 0 0 0 1 1 1
8 P_0 30 30 0 0 0 1 1 1
8 P_0 31 31 0 0 0 1 1 1
8 P_0 32 32 0 0 0 1 1 1
8 P_0 33 33 0 0 0 1 1 1
8 P_0 34 34 0.5 0.5 0.5 1 1 1
8 P_0 35 35 0 0 0 1 1 1
8 P_0 36 36 0.5 0.5 0.5 1 1 1
8 P_0 37 37 0.5 0.5 0.5 1 1 1
8 P_0 38 38 0 0 0 1 1 1
8 P_0 39 39 0 0 0 1 1 1
8 P_0 40 40 0.5 0.5 0.5 1 1 1
8 P_0 41 41 0.5 0.5 0.5 1 1 1
8 P_0 42 42 0.5 0.5 0.5 1 1 1
8 P_0 43 43 0 0 0 1 1 1
8 P_0 44 44 0.5 0.5 0.5 1 1 1
8 P_0 45 45 0.5 0.5 0.5 1 1 1
8 P_0 46 46 0 0 0 1 1 1
8 P_0 47 47 0 0 0 1 1 1
8 P_0 48 48 0.5 0.5 0.5 1 1 1
8 P_0 49 49 0 0 0 1 1 1
8 P_0 50 50 0 0 0 1 1 1
8 P_0 51 51 0 0 0 1 1 1
8 P_0 52 52 0.5 0.5 0.5 1 1 1
8 P_0 53 53 0 0 0 1 1 1
8 P_0 54 54 0 0 0 1 1 1
8 P_0 55 55 0.5 0.5 0.5 1 1 1
8 P_0 56 56 0.5 0.5 0.5 1 1 1
8 P_0 57 57 0.5 0.5 0.5 1 1 1
8 P_0 58 58 0.5 0.5 0.5 1 1 1
8 P_0 59 59 0.5 0.5 0.5 1 1 1
8 P_0 60 60 0 0 0 1 1 1
8 P_0 61 61 0.5 0.5 0.5 1 1 1
8 P_0 62 62 0 0 0 1 1 1
8 P_0 63 63 0.5 0.5 0.5 1 1 1
8 P_0 64 64 0.5 0.5 0.5 1 1 1
8 P_0 65 65 0.5 0.5 0.5 1 1 1
8 P_0 66 66 0 0 0 1 1 1
8 P_0 67 67 0.5 0.5 0.5 1 1 1
8 P_0 68 68 0.5 0.5 0.5 1 1 1
8 P_0 69 69 0.5 0.5 0.5 1 1 1
8 P_0 70 70 0 0 0 1 1 1
8 P_0 71 71 0 0 0 1 1 1
8 P_0 72 72 0 0 0 1 1 1
8 P_0 73 73 0 0 0 1 1 1
8 P_0 74 74 0 0 0 1 1 1
8 P_0 75 75 0 0 0 1 1 1
8 P_0 76 76 0 0 0 1 1 1
8 P_0 77 77 0 0 0 1 1 1
8 P_0 78 78 0 0 0 1 1 1
8 P_0 79 79 0.5 0.5 0.5 1 1 1
8 P_0 80 80 0 0 0 1 1 1
8 P_0 81 81 0.5 0.5 0.5 1 1 1
8 P_0 82 82 0.5 0.5 0.5 1 1 1
8 P_0 83 83 0.5 0.5 0.5 1 1 1
8 P_0 84 84 0.5 0.5 0.5 1 1 1
8 P_0 85 85 0 0 0 1 1 1
8 P_0 86 86 0 0 0 1 1 1
8 P_0 87 87 0 0 0 1 1 1
8 P_0 88 88 0.5 0.5 0.5 1 1 1
8 P_0 89 89 0 0 0 1 1 1
8 P_0 90 90 0.5 0.5 0.5 1 1 1
8 P_0 91 91 0.5 0.5 0.5 1 1 1
8 P_0 92 92 0.5 0.5 0.5 1 1 1
8 P_0 93 93 0.5 0.5 0.5 1 1 1
8 P_0 94 94 0.5 0.5 0.5 1 1 1
8 P_0 95 95 0 0 0 1 1 1
8 P_0 96 96 0.5 0.5 0.5 1 1 1
8 P_0 97 97 0 0 0 1 1 1
8 P_0 98 98 0 0 0 1 1 1
8 P_0 99 99 0.5 0.5 0.5 1 1 1
8 P_0 100 100 0.5 0.5 0.5 1 1 1
8 P_0 101 101 0.5 0.5 0.5 1 1 1
8 P_0 102 102 0.5 0.5 0.5 1 1 1
8 P_0 103 103 0.5 0.5 0.5 1 1 1
8 P_0 104 104 0 0 0 1 1 1
8 P_0 105 105 0 0 0 1 1 1
8 P_0 106 106 0.5 0.5 0.5 1 1 1
8 P_0 107 107 0 0 0 1 1 1
8 P_0 108 108 0.5 0.5 0.5 1 1 1
8 P_0 109 109 0.5 0.5 0.5 1 1 1
8 P_0 110 110 0 0 0 1 1 1
8 P_0 111 111 0 0 0 1 1 1
8 P_0 112 112 0 0 0 1 1 1
8 P_0 113 113 0.5 0.5 0.5 1 1 1
8 P_0 114 114 0.5 0.5 0.5 1 1 1
8 P_0 115 115 0.5 0.5 0.5 1 1 1
8 P_0 116 116 0.5 0.5 0.5 1 1 1
8 P_0 117 117 0 0 0 1 1 1
8 P_0 118 118 0.5 0.5 0.5 1 1 1
8 P_0 119 119 0 0 0 1 1 1
8 P_0 120 120 0.5 0.5 0.5 1 1 1
8 P_0 121 121 0.5 0.5 0.5 1 1 1
8 P_0 122 122 0.5 0.5 0.5 1 1 1
8 P_0 123 123 0.5 0.5 0.5 1 1 1
8 P_0 124 124 0 0 0 1 1 1
8 P_0 125 125 0 0 0 1 1 1
8 P_0 126 126 0.5 0.5 0.5 1 1 1
8 P_0 127 127 0 0 0 1 1 1
8 P_0 128 128 0 0 0 1 1 1
8 P_0 129 129 0 0 0 1 1 1
8 P_0 130 130 0.5 0.5 0.5 1 1 1
8 P_0 131 131 0 0 0 1 1 1
8 P_0 132 132 0.5 0.5 0.5 1 1 1
8 P_0 133 133 0.5 0.5 0.5 1 1 1
8 P_0 134 134 0.5 0.5 0.5 1 1 1
8 P_0 135 135 0.5 0.5 0.5 1 1 1
8 P_0 136 136 0.5 0.5 0.5 1 1 1
8 P_0 137 137 0.5 0.5 0.5 1 1 1
8 P_0 138 138 0.5 0.5 0.5 1 1 1
8 P_0 139 139 0 0 0 1 1 1
8 P_0 140 140 0 0 0 1 1 1
8 P_0 141 141 0.5 0.5 0.5 1 1 1
8 P_0 142 142 0 0 0 1 1 1
8 P_0 143 143 0.5 0.5 0.5 1 1 1
8 P_0 144 144 0.5 0.5 0.5 1 1 1
8 P_0 145 145 0.5 0.5 0.5 1 1 1
8 P_0 146 146 0 0 0 1 1 1
8 P_0 147 147 0.5 0.5 0.5 1 1 1
8 P_0 148 148 0 0 0 1 1 1
8 P_0 149 149 0 0 0 1 1 1
8 P_0 150 150 0 0 0 1 1 1
8 P_0 151 151 0.5 0.5 0.5 1 1 1
8 P_0 152 152 0 0 0 1 1 1
8 P_0 153 153 0.5 0.5 0.5 1 1 1
8 P_0 154 154 0 0 0 1 1 1
8 P_0 155 155 0 0 0 1 1 1
8 P_0 156 156 0.5 0.5 0.5 1 1 1
8 P_0 157 157 0 0 0 1 1 1
8 P_0 158 158 0.5 0.5 0.5 1 1 1
8 P_0 159 159 0.5 0.5 0.5 1 1 1
8 P_0 160 160 0 0 0 1 1 1
8 P_0 161 161 0.5 0.5 0.5 1 1 1
8 P_0 162 162 0 0 0 1 1 1
8 P_0 163 163 0.5 0.5 0.5 1 1 1
8 P_0 164 164 0.5 0.5 0.5 1 1 1
8 P_0 165 165 0.5 0.5 0.5 1 1 1
8 P_0 166 166 0.5 0.5 0.5 1 1 1
8 P_0 167 167 0.5 0.5 0.5 1 1 1
8 P_0 168 168 0 0 0 1 1 1
8 P_0 169 169 0 0 0 1 1 1
8 P_0 170 170 0.5 0.5 0.5 1 1 1
8 P_0 171 171 0 0 0 1 1 1
8 P_0 172 172 0 0 0 1 1 1
8 P_0 173 173 0.5 0.5 0.5 1 1 1
8 P_0 174 174 0.5 0.5 0.5 1 1 1
8 P_0 175 175 0.5 0.5 0.5 1 1 1
8 P_0 176 176 0.5 0.5 0.5 1 1 1
8 P_0 177 177 0 0 0 1 1 1
8 P_0 178 178 0 0 0 1 1 1
8 P_0 179 179 0 0 0 1 1 1
8 P_0 180 180 0 0 0 1 1 1
8 P_0 181 181 0 0 0 1 1 1
8 P_0 182 182 0 0 0 1 1 1
8 P_0 183 183 0.5 0.5 0.5 1 1 1
8 P_0 184 184 0 0 0 1 1 1
8 P_0 185 185 0.5 0.5 0.5 1 1 1
8 P_0 186 186 0.5 0.5 0.5 1 1 1
8 P_0 187 187 0.5 0.5 0.5 1 1 1
8 P_0 188 188 0 0 0 1 1 1
8 P_0 189 189 0.5 0.5 0.5 1 1 1
8 P_0 190 190 0.5 0.5 0.5 1 1 1
8 P_0 191 191 0.5 0.5 0.5 1 1 1
8 P_0 192 192 0.5 0.5 0.5 1 1 1
8 P_0 193 193 0 0 0 1 1 1
8 P_0 194 194 0 0 0 1 1 1
8 P_0 195 195 0.5 0.5 0.5 1 1 1
8 P_0 196 196 0 0 0 1 1 1
8 P_0 197 197 0.5 0.5 0.5 1 1 1
8 P_0 198 198 0 0 0 1 1 1
8 P_0 199 199 0 0 0 1 1 1
8 P_0 200 200 0.5 0.5 0.5 1 1 1
8 P_0 201 201 0.5 0.5 0.5 1 1 1
8 P_0 202 202 0 0 0 1 1 1
8 P_0 203 203 0.5 0.5 0.5 1 1 1
8 P_0 204 204 0.5 0.5 0.5 1 1 1
8 P_0 205 205 0 0 0 1 1 1
8 P_0 206 206 0.5 0.5 0.5 1 1 1
8 P_0 207 207 0.5 0.5 0.5 1 1 1
8 P_0 208 208 0 0 0 1 1 1
8 P_0 209 209 0.5 0.5 0.5 1 1 1
8 P_0 210 210 0 0 0 1 1 1
8 P_0 211 211 0.5 0.5 0.5 1 1 1
8 P_0 212 212 0 0 0 1 1 1
8 P_0 213 213 0 0 0 1 1 1
8 P_0 214 214 0 0 0 1 1 1
8 P_0 215 215 0.5 0.5 0.5 1 1 1
8 P_0 216 216 0 0 0 1 1 1
8 P_0 217 217 0 0 0 1 1 1
8 P_0 218 218 0 0 0 1 1 1
8 P_0 219 219 0 0 0 1 1 1
8 P_0 220 220 0.5 0.5 0.5 1 1 1
8 P_0 221 221 0 0 0 1 1 1
8 P_0 222 222 0.5 0.5 0.5 1 1 1
8 P_0 223 223 0.5 0.5 0.5 1 1 1
8 P_0 224 224 0 0 0 1 1 1
8 P_0 225 225 0 0 0 1 1 1
8 P_0 226 226 0 0 0 1 1 1
8 P_0 227 227 0 0 0 1 1 1
8 P_0 228 228 0.5 0.5 0.5 1 1 1
8 P_0 229 229 0.5 0.5 0.5 1 1 1
8 P_0 230 230 0.5 0.5 0.5 1 1 1
8 P_0 231 231 0.5 0.5 0.5 1 1 1
8 P_0 232 232 0.5 0.5 0.5 1 1 1
8 P_0 233 233 0 0 0 1 1 1
8 P_0 234 234 0 0 0 1 1 1
8 P_0 235 235 0.5 0.5 0.5 1 1 1
8 P_0 236 236 0 0 0 1 1 1
8 P_0 237 237 0.5 0.5 0.5 1 1 1
8 P_0 238 238 0.5 0.5 0.5 1 1 1
8 P_0 239 239 0 0 0 1 1 1
8 P_0 240 240 0.5 0.5 0.5 1 1 1
8 P_0 241 241 0.5 0.5 0.5 1 1 1
8 P_0 242 242 0.5 0.5 0.5 1 1 1
8 P_0 243 243 0.5 0.5 0.5 1 1 1
8 P_0 244 244 0 0 0 1 1 1
8 P_0 245 245 0 0 0 1 1 1
8 P_0 246 246 0 0 0 1 1 1
8 P_0 247 247 0.5 0.5 0.5 1 1 1
8 P_0 248 248 0 0 0 1 1 1
8 P_0 249 249 0 0 0 1 1 1
8 P_0 250 250 0.5 0.5 0.5 1 1 1
8 P_0 251 251 0 0 0 1 1 1
8 P_0 252 252 0 0 0 1 1 1
8 P_0 253 253 0 0 0 1 1 1
8 P_0 254 254 0.5 0.5 0.5 1 1 1
8 P_0 255 255 0 0 0 1 1 1
8 P_0 256 256 0 0 0 1 1 1
8 P_0 257 257 0.5 0.5 0.5 1 1 1
8 P_0 258 258 0.5 0.5 0.5 1 1 1
8 P_0 259 259 0.5 0.5 0.5 1 1 1
8 P_0 260 260 0.5 0.5 0.5 1 1 1
8 P_0 261 261 0 0 0 1 1 1
8 P_0 262 262 0 0 0 1 1 1
8 P_0 263 263 0 0 0 1 1 1
8 P_0 264 264 0.5 0.5 0.5 1 1 1
8 P_0 265 265 0.5 0.5 0.5 1 1 1
8 P_0 266 266 0 0 0 1 1 1
8 P_0 267 267 0.5 0.5 0.5 1 1 1
8 P_0 268 268 0 0 0 1 1 1
8 P_0 269 269 0 0 0 1 1 1
8 P_0 270 270 0.5 0.5 0.5 1 1 1
8 P_0 271 271 0.5 0.5 0.5 1 1 1
8 P_0 272 272 0 0 0 1 1 1
8 P_0 273 273 0.5 0.5 0.5 1 1 1
8 P_0 274 274 0 0 0 1 1 1
8 P_0 275 275 0 0 0 1 1 1
8 P_0 276 276 0.5 0.5 0.5 1 1 1
8 P_0 277 277 0 0 0 1 1 1
8 P_0 278 278 0 0 0 1 1 1
8 P_0 279 279 0 0 0 1 1 1
8 P_0 280 280 0.5 0.5 0.5 1 1 1
8 P_0 281 281 0 0 0 1 1 1
8 P_0 282 282 0 0 0 1 1 1
8 P_0 283 283 0 0 0 1 1 1
8 P_0 284 284 0.5 0.5 0.5 1 1 1
8 P_0 285 285 0 0 0 1 1 1
8 P_0 286 286 0 0 0 1 1 1
8 P_0 287 287 0 0 0 1 1 1
8 P_0 288 288 0.5 0.5 0.5 1 1 1
8 P_0 289 289 0 0 0 1 1 1
8 P_0 290 290 0.5 0.5 0.5 1 1 1
8 P_0 291 291 0.5 0.5 0.5 1 1 1
8 P_0 292 292 0 0 0 1 1 1
8 P_0 293 293 0.5 0.5 0.5 1 1 1
8 P_0 294 294 0 0 0 1 1 1
8 P_0 295 295 0.5 0.5 0.5 1 1 1
8 P_0 296 296 0 0 0 1 1 1
8 P_0 297 297 0.5 0.5 0.5 1 1 1
8 P_0 298 298 0.5 0.5 0.5 1 1 1
8 P_0 299 299 0 0 0 1 1 1
8 P_0 300 300 0.5 0.5 0.5 1 1 1
9 P_8 0 0 0.5 0.5 0.5 1 1 1
9 P_8 1 1 0 0 0 1 1 1
9 P_8 2 2 0.1420325 0.14785 0.153785 1 1 1
9 P_8 3 3 0 0 0 1 1 1
9 P_8 4 4 0 0 0 1 1 1
9 P_8 5 5 0.5 0.5 0.5 1 1 1
9 P_8 6 6 0 0 0 1 1 1
9 P_8 7 7 0 0 0 1 1 1
9 P_8 8 8 0 0 0 1 1 1
9 P_8 9 9 0 0 0 1 1 1
9 P_8 10 10 0 0 0 1 1 1
9 P_8 11 11 0.1420325 0.14785 0.153785 1 1 1
9 P_8 12 12 0 0 0 1 1 1
9 P_8 13 13 0 0 0 1 1 1
9 P_8 14 14 0 0 0 1 1 1
9 P_8 15 15 0 0 0 1 1 1
9 P_8 16 16 0 0 0 1 1 1
9 P_8 17 17 0.5 0.5 0.5 1 1 1
9 P_8 18 18 0.1420325 0.14785 0.153785 1 1 1
9 P_8 19 19 0 0 0 1 1 1
9 P_8 20 20 0 0 0 1 1 1
9 P_8 21 21 0 0 0 1 1 1
9 P_8 22 22 0.1420325 0.14785 0.153785 1 1 1
9 P_8 23 23 0.1420325 0.14785 0.153785 1 1 1
9 P_8 24 24 0.5 0.5 0.5 1 1 1
9 P_8 25 25 0 0 0 1 1 1
9 P_8 26 26 0 0 0 1 1 1
9 P_8 27 27 0.3462655 0.3522 0.358017 1 1 1
9 P_8 28 28 0.1420325 0.14785 0.153785 1 1 1
9 P_8 29 29 0.1420325 0.14785 0.153785 1 1 1
9 P_8 30 30 0 0 0 1 1 1
9 P_8 31 31 0.1420325 0.14785 0.153785 1 1 1
9 P_8 32 32 0 0 0 1 1 1
9 P_8 33 33 0 0 0 1 1 1
9 P_8 34 34 0.5 0.5 0.5 1 1 1
9 P_8 35 35 0 0 0 1 1 1
9 P_8 36 36 0.3462655 0.3522 0.358017 1 1 1
9 P_8 37 37 0 0 0 1 1 1
9 P_8 38 38 0.1420325 0.14785 0.153785 1 1 1
9 P_8 39 39 0.3462655 0.3522 0.358017 1 1 1
9 P_8 40 40 0 0 0 1 1 1
9 P_8 41 41 0 0 0 1 1 1
9 P_8 42 42 0 0 0 1 1 1
9 P_8 43 43 0.1420325 0.14785 0.153785 1 1 1
9 P_8 44 44 0 0 0 1 1 1
9 P_8 45 45 0 0 0 1 1 1
9 P_8 46 46 0.1420325 0.14785 0.153785 1 1 1
9 P_8 47 47 0.1420325 0.14785 0.153785 1 1 1
9 P_8 48 48 0 0 0 1 1 1
9 P_8 49 49 0.1420325 0.14785 0.153785 1 1 1
9 P_8 50 50 0 0 0 1 1 1
9 P_8 51 51 0.1420325 0.14785 0.153785 1 1 1
9 P_8 52 52 0 0 0 1 1 1
9 P_8 53 53 0 0 0 1 1 1
9 P_8 54 54 0 0 0 1 1 1
9 P_8 55 55 0 0 0 1 1 1
9 P_8 56 56 0.5 0.5 0.5 1 1 1
9 P_8 57 57 0 0 0 1 1 1
9 P_8 58 58 0 0 0 1 1 1
9 P_8 59 59 0 0 0 1 1 1
9 P_8 60 60 0 0 0 1 1 1
9 P_8 61 61 0.5 0.5 0.5 1 1 1
9 P_8 62 62 0 0 0 1 1 1
9 P_8 63 63 0 0 0 1 1 1
9 P_8 64 64 0.5 0.5 0.5 1 1 1
9 P_8 65 65 0.5 0.5 0.5 1 1 1
9 P_8 66 66 0.1420325 0.14785 0.153785 1 1 1
9 P_8 67 67 0.5 0.5 0.5 1 1 1
9 P_8 68 68 0 0 0 1 1 1
9 P_8 69 69 0.5 0.5 0.5 1 1 1
9 P_8 70 70 0.1420325 0.14785 0.153785 1 1 1
9 P_8 71 71 0.1420325 0.14785 0.153785 1 1 1
9 P_8 72 72 0 0 0 1 1 1
9 P_8 73 73 0 0 0 1 1 1
9 P_8 74 74 0 0 0 1 1 1
9 P_8 75 75 0.3462655 0.3522 0.358017 1 1 1
9 P_8 76 76 0 0 0 1 1 1
9 P_8 77 77 0 0 0 1 1 1
9 P_8 78 78 0.1420325 0.14785 0.153785 1 1 1
9 P_8 79 79 0.3462655 0.3522 0.358017 1 1 1
9 P_8 80 80 0 0 0 1 1 1
9 P_8 81 81 0 0 0 1 1 1
9 P_8 82 82 0 0 0 1 1 1
9 P_8 83 83 0.5 0.5 0.5 1 1 1
9 P_8 84 84 0.5 0.5 0.5 1 1 1
9 P_8 85 85 0 0 0 1 1 1
9 P_8 86 86 0 0 0 1 1 1
9 P_8 87 87 0 0 0 1 1 1
9 P_8 88 88 0 0 0 1 1 1
9 P_8 89 89 0 0 0 1 1 1
9 P_8 90 90 0 0 0 1 1 1
9 P_8 91 91 0 0 0 1 1 1
9 P_8 92 92 0 0 0 1 1 1
9 P_8 93 93 0.5 0.5 0.5 1 1 1
9 P_8 94 94 0 0 0 1 1 1
9 P_8 95 95 0 0 0 1 1 1
9 P_8 96 96 0 0 0 1 1 1
9 P_8 97 97 0.1420325 0.14785 0.153785 1 1 1
9 P_8 98 98 0 0 0 1 1 1
9 P_8 99 99 0 0 0 1 1 1
9 P_8 100 100 0.3462655 0.3522 0.358017 1 1 1
9 P_8 101 101 0.5 0.5 0.5 1 1 1
9 P_8 102 102 0 0 0 1 1 1
9 P_8 103 103 0 0 0 1 1 1
9 P_8 104 104 0.1420325 0.14785 0.153785 1 1 1
9 P_8 105 105 0 0 0 1 1 1
9 P_8 106 106 0 0 0 1 1 1
9 P_8 107 107 0 0 0 1 1 1
9 P_8 108 108 0 0 0 1 1 1
9 P_8 109 109 0.5 0.5 0.5 1 1 1
9 P_8 110 110 0.1420325 0.14785 0.153785 1 1 1
9 P_8 111 111 0 0 0 1 1 1
9 P_8 112 112 0.1420325 0.14785 0.153785 1 1 1
9 P_8 113 113 0.3462655 0.3522 0.358017 1 1 1
9 P_8 114 114 0.5 0.5 0.5 1 1 1
9 P_8 115 115 0 0 0 1 1 1
9 P_8 116 116 0 0 0 1 1 1
9 P_8 117 117 0.1420325 0.14785 0.153785 1 1 1
9 P_8 118 118 0 0 0 1 1 1
9 P_8 119 119 0 0 0 1 1 1
9 P_8 120 120 0.5 0.5 0.5 1 1 1
9 P_8 121 121 0.5 0.5 0.5 1 1 1
9 P_8 122 122 0.5 0.5 0.5 1 1 1
9 P_8 123 123 0 0 0 1 1 1
9 P_8 124 124 0.3462655 0.3522 0.358017 1 1 1
9 P_8 125 125 0 0 0 1 1 1
9 P_8 126 126 0.5 0.5 0.5 1 1 1
9 P_8 127 127 0 0 0 1 1 1
9 P_8 128 128 0 0 0 1 1 1
9 P_8 129 129 0.1420325 0.14785 0.153785 1 1 1
9 P_8 130 130 0.5 0.5 0.5 1 1 1
9 P_8 131 131 0.1420325 0.14785 0.153785 1 1 1
9 P_8 132 132 0 0 0 1 1 1
9 P_8 133 133 0 0 0 1 1 1
9 P_8 134 134 0 0 0 1 1 1
9 P_8 135 135 0 0 0 1 1 1
9 P_8 136 136 0 0 0 1 1 1
9 P_8 137 137 0 0 0 1 1 1
9 P_8 138 138 0 0 0 1 1 1
9 P_8 139 139 0 0 0 1 1 1
9 P_8 140 140 0.1420325 0.14785 0.153785 1 1 1
9 P_8 141 141 0.5 0.5 0.5 1 1 1
9 P_8 142 142 0 0 0 1 1 1
9 P_8 143 143 0.5 0.5 0.5 1 1 1
9 P_8 144 144 0 0 0 1 1 1
9 P_8 145 145 0 0 0 1 1 1
9 P_8 146 146 0 0 0 1 1 1
9 P_8 147 147 0 0 0 1 1 1
9 P_8 148 148 0 0 0 1 1 1
9 P_8 149 149 0 0 0 1 1 1
9 P_8 150 150 0 0 0 1 1 1
9 P_8 151 151 0 0 0 1 1 1
9 P_8 152 152 0 0 0 1 1 1
9 P_8 153 153 0.3462655 0.3522 0.358017 1 1 1
9 P_8 154 154 0 0 0 1 1 1
9 P_8 155 155 0 0 0 1 1 1
9 P_8 156 156 0.5 0.5 0.5 1 1 1
9 P_8 157 157 0 0 0 1 1 1
9 P_8 158 158 0.5 0.5 0.5 1 1 1
9 P_8 159 159 0.5 0.5 0.5 1 1 1
9 P_8 160 160 0 0 0 1 1 1
9 P_8 161 161 0.3462655 0.3522 0.358017 1 1 1
9 P_8 162 162 0 0 0 1 1 1
9 P_8 163 163 0.5 0.5 0.5 1 1 1
9 P_8 164 164 0.5 0.5 0.5 1 1 1
9 P_8 165 165 0 0 0 1 1 1
9 P_8 166 166 0.5 0.5 0.5 1 1 1
9 P_8 167 167 0 0 0 1 1 1
9 P_8 168 168 0.1420325 0.14785 0.153785 1 1 1
9 P_8 169 169 0.1420325 0.14785 0.153785 1 1 1
9 P_8 170 170 0.5 0.5 0.5 1 1 1
9 P_8 171 171 0 0 0 1 1 1
9 P_8 172 172 0 0 0 1 1 1
9 P_8 173 173 0.5 0.5 0.5 1 1 1
9 P_8 174 174 0.5 0.5 0.5 1 1 1
9 P_8 175 175 0.5 0.5 0.5 1 1 1
9 P_8 176 176 0.5 0.5 0.5 1 1 1
9 P_8 177 177 0.1420325 0.14785 0.153785 1 1 1
9 P_8 178 178 0.1420325 0.14785 0.153785 1 1 1
9 P_8 179 179 0 0 0 1 1 1
9 P_8 180 180 0 0 0 1 1 1
9 P_8 181 181 0 0 0 1 1 1
9 P_8 182 182 0 0 0 1 1 1
9 P_8 183 183 0 0 0 1 1 1
9 P_8 184 184 0 0 0 1 1 1
9 P_8 185 185 0.5 0.5 0.5 1 1 1
9 P_8 186 186 0.5 0.5 0.5 1 1 1
9 P_8 187 187 0 0 0 1 1 1
9 P_8 188 188 0.1420325 0.14785 0.153785 1 1 1
9 P_8 189 189 0 0 0 1 1 1
9 P_8 190 190 0 0 0 1 1 1
9 P_8 191 191 0 0 0 1 1 1
9 P_8 192 192 0.5 0.5 0.5 1 1 1
9 P_8 193 193 0.1420325 0.14785 0.153785 1 1 1
9 P_8 194 194 0.1420325 0.14785 0.153785 1 1 1
9 P_8 195 195 0 0 0 1 1 1
9 P_8 196 196 0 0 0 1 1 1
9 P_8 197 197 0.3462655 0.3522 0.358017 1 1 1
9 P_8 198 198 0 0 0 1 1 1
9 P_8 199 199 0.1420325 0.14785 0.153785 1 1 1
9 P_8 200 200 0 0 0 1 1 1
9 P_8 201 201 0.5 0.5 0.5 1 1 1
9 P_8 202 202 0 0 0 1 1 1
9 P_8 203 203 0.5 0.5 0.5 1 1 1
9 P_8 204 204 0 0 0 1 1 1
9 P_8 205 205 0.3462655 0.3522 0.358017 1 1 1
9 P_8 206 206 0 0 0 1 1 1
9 P_8 207 207 0 0 0 1 1 1
9 P_8 208 208 0 0 0 1 1 1
9 P_8 209 209 0.5 0.5 0.5 1 1 1
9 P_8 210 210 0 0 0 1 1 1
9 P_8 211 211 0 0 0 1 1 1
9 P_8 212 212 0.1420325 0.14785 0.153785 1 1 1
9 P_8 213 213 0.1420325 0.14785 0.153785 1 1 1
9 P_8 214 214 0.1420325 0.14785 0.153785 1 1 1
9 P_8 215 215 0 0 0 1 1 1
9 P_8 216 216 0 0 0 1 1 1
9 P_8 217 217 0 0 0 1 1 1
9 P_8 218 218 0 0 0 1 1 1
9 P_8 219 219 0 0 0 1 1 1
9 P_8 220 220 0.5 0.5 0.5 1 1 1
9 P_8 221 221 0 0 0 1 1 1
9 P_8 222 222 0 0 0 1 1 1
9 P_8 223 223 0 0 0 1 1 1
9 P_8 224 224 0 0 0 1 1 1
9 P_8 225 225 0 0 0 1 1 1
9 P_8 226 226 0 0 0 1 1 1
9 P_8 227 227 0.1420325 0.14785 0.153785 1 1 1
9 P_8 228 228 0 0 0 1 1 1
9 P_8 229 229 0.5 0.5 0.5 1 1 1
9 P_8 230 230 0 0 0 1 1 1
9 P_8 231 231 0.5 0.5 0.5 1 1 1
9 P_8 232 232 0.3462655 0.3522 0.358017 1 1 1
9 P_8 233 233 0.3462655 0.3522 0.358017 1 1 1
9 P_8 234 234 0 0 0 1 1 1
9 P_8 235 235 0.5 0.5 0.5 1 1 1
9 P_8 236 236 0.1420325 0.14785 0.153785 1 1 1
9 P_8 237 237 0 0 0 1 1 1
9 P_8 238 238 0 0 0 1 1 1
9 P_8 239 239 0 0 0 1 1 1
9 P_8 240 240 0 0 0 1 1 1
9 P_8 241 241 0 0 0 1 1 1
9 P_8 242 242 0.5 0.5 0.5 1 1 1
9 P_8 243 243 0 0 0 1 1 1
9 P_8 244 244 0 0 0 1 1 1
9 P_8 245 245 0 0 0 1 1 1
9 P_8 246 246 0.1420325 0.14785 0.153785 1 1 1
9 P_8 247 247 0.5 0.5 0.5 1 1 1
9 P_8 248 248 0 0 0 1 1 1
9 P_8 249 249 0 0 0 1 1 1
9 P_8 250 250 0 0 0 1 1 1
9 P_8 251 251 0 0 0 1 1 1
9 P_8 252 252 0.3462655 0.3522 0.358017 1 1 1
9 P_8 253 253 0.1420325 0.14785 0.153785 1 1 1
9 P_8 254 254 0.5 0.5 0.5 1 1 1
9 P_8 255 255 0.1420325 0.14785 0.153785 1 1 1
9 P_8 256 256 0.3462655 0.3522 0.358017 1 1 1
9 P_8 257 257 0 0 0 1 1 1
9 P_8 258 258 0 0 0 1 1 1
9 P_8 259 259 0 0 0 1 1 1
9 P_8 260 260 0 0 0 1 1 1
9 P_8 261 261 0 0 0 1 1 1
9 P_8 262 262 0.1420325 0.14785 0.153785 1 1 1
9 P_8 263 263 0 0 0 1 1 1
9 P_8 264 264 0 0 0 1 1 1
9 P_8 265 265 0 0 0 1 1 1
9 P_8 266 266 0 0 0 1 1 1
9 P_8 267 267 0 0 0 1 1 1
9 P_8 268 268 0 0 0 1 1 1
9 P_8 269 269 0 0 0 1 1 1
9 P_8 270 270 0 0 0 1 1 1
9 P_8 271 271 0.5 0.5 0.5 1 1 1
9 P_8 272 272 0.1420325 0.14785 0.153785 1 1 1
9 P_8 273 273 0 0 0 1 1 1
9 P_8 274 274 0.1420325 0.14785 0.153785 1 1 1
9 P_8 275 275 0 0 0 1 1 1
9 P_8 276 276 0 0 0 1 1 1
9 P_8 277 277 0 0 0 1 1 1
9 P_8 278 278 0 0 0 1 1 1
9 P_8 279 279 0 0 0 1 1 1
9 P_8 280 280 0.5 0.5 0.5 1 1 1
9 P_8 281 281 0.1420325 0.14785 0.153785 1 1 1
9 P_8 282 282 0.3462655 0.3522 0.358017 1 1 1
9 P_8 283 283 0 0 0 1 1 1
9 P_8 284 284 0.3462655 0.3522 0.358017 1 1 1
9 P_8 285 285 0 0 0 1 1 1
9 P_8 286 286 0 0 0 1 1 1
9 P_8 287 287 0.1420325 0.14785 0.153785 1 1 1
9 P_8 288 288 0.3462655 0.3522 0.358017 1 1 1
9 P_8 289 289 0 0 0 1 1 1
9 P_8 290 290 0 0 0 1 1 1
9 P_8 291 291 0 0 0 1 1 1
9 P_8 292 292 0.1420325 0.14785 0.153785 1 1 1
9 P_8 293 293 0.5 0.5 0.5 1 1 1
9 P_8 294 294 0.1420325 0.14785 0.153785 1 1 1
9 P_8 295 295 0 0 0 1 1 1
9 P_8 296 296 0.3462655 0.3522 0.358017 1 1 1
9 P_8 297 297 0 0 0 1 1 1
9 P_8 298 298 0 0 0 1 1 1
9 P_8 299 299 0.1420325 0.14785 0.153785 1 1 1
9 P_8 300 300 0 0 0 1 1 1
