2 #m
561 #n
0 P_7 0 0 0.5 0.5 0.5 1 1 1
0 P_7 1 1 0 0 0 1 1 1
0 P_7 2 2 0 0 0 1 1 1
0 P_7 3 3 0.380947 0.43617021276595747 0.469577 1 1 1
0 P_7 4 4 0 0 0 1 1 1
0 P_7 5 5 0.3885345 0.4438202247191011 0.475193 1 1 1
0 P_7 6 6 0 0 0 1 1 1
0 P_7 7 7 0 0 0 1 1 1
0 P_7 8 8 0 0 0 1 1 1
0 P_7 9 9 0 0 0 1 1 1
0 P_7 10 10 0.0325688 0.07051282051282051 0.1335945 1 1 1
0 P_7 11 11 0.03261245 0.0663265306122449 0.120726 1 1 1
0 P_7 12 12 0.5 0.5 0.5 1 1 1
0 P_7 13 13 0 0 0 1 1 1
0 P_7 14 14 0 0 0 1 1 1
0 P_7 15 15 0 0 0 1 1 1
0 P_7 16 16 0.346682 0.4076086956521739 0.449652 1 1 1
0 P_7 17 17 0 0 0 1 1 1
0 P_7 18 18 0.03331055 0.06770833333333333 0.1230475 1 1 1
0 P_7 19 19 0.01050215 0.030612244897959183 0.0753005 1 1 1
0 P_7 20 20 0 0 0 1 1 1
0 P_7 21 21 0.5 0.5 0.5 1 1 1
0 P_7 22 22 0.5 0.5 0.5 1 1 1
0 P_7 23 23 0 0 0 1 1 1
0 P_7 24 24 0.050325 0.09411764705882353 0.1580545 1 1 1
0 P_7 25 25 0 0 0 1 1 1
0 P_7 26 26 0.5 0.5 0.5 1 1 1
0 P_7 27 27 0 0 0 1 1 1
0 P_7 28 28 0 0 0 1 1 1
0 P_7 29 29 0.5 0.5 0.5 1 1 1
0 P_7 30 30 0.02780155 0.06043956043956044 0.1159835 1 1 1
0 P_7 31 31 0 0 0 1 1 1
0 P_7 32 32 0.04039145 0.07954545454545454 0.1399955 1 1 1
0 P_7 33 33 0 0 0 1 1 1
0 P_7 34 34 0.5 0.5 0.5 1 1 1
0 P_7 35 35 0.5 0.5 0.5 1 1 1
0 P_7 36 36 0.0273184 0.06172839506172839 0.121559 1 1 1
0 P_7 37 37 0 0 0 1 1 1
0 P_7 38 38 0 0 0 1 1 1
0 P_7 39 39 0.5 0.5 0.5 1 1 1
0 P_7 40 40 0 0 0 1 1 1
0 P_7 41 41 0.0620155 0.10919540229885058 0.174181 1 1 1
0 P_7 42 42 0 0 0 1 1 1
0 P_7 43 43 0 0 0 1 1 1
0 P_7 44 44 0 0 0 1 1 1
0 P_7 45 45 0 0 0 1 1 1
0 P_7 46 46 0.5 0.5 0.5 1 1 1
0 P_7 47 47 0 0 0 1 1 1
0 P_7 48 48 0 0 0 1 1 1
0 P_7 49 49 0 0 0 1 1 1
0 P_7 50 50 0 0 0 1 1 1
0 P_7 51 51 0 0 0 1 1 1
0 P_7 52 52 0 0 0 1 1 1
0 P_7 53 53 0.4145465 0.4627659574468085 0.4861405 1 1 1
0 P_7 54 54 0 0 0 1 1 1
0 P_7 55 55 0.5 0.5 0.5 1 1 1
0 P_7 56 56 0 0 0 1 1 1
0 P_7 57 57 0 0 0 1 1 1
0 P_7 58 58 0 0 0 1 1 1
0 P_7 59 59 0.016695 0.03982300884955752 0.0835375 1 1 1
0 P_7 60 60 0.0291126 0.06321839080459771 0.1208895 1 1 1
0 P_7 61 61 0.5 0.5 0.5 1 1 1
0 P_7 62 62 0 0 0 1 1 1
0 P_7 63 63 0 0 0 1 1 1
0 P_7 64 64 0 0 0 1 1 1
0 P_7 65 65 0 0 0 1 1 1
0 P_7 66 66 0 0 0 1 1 1
0 P_7 67 67 0 0 0 1 1 1
0 P_7 68 68 0.03009025 0.06132075471698113 0.1122515 1 1 1
0 P_7 69 69 0 0 0 1 1 1
0 P_7 70 70 0 0 0 1 1 1
0 P_7 71 71 0.5 0.5 0.5 1 1 1
0 P_7 72 72 0.0407219 0.08227848101265822 0.1470605 1 1 1
0 P_7 73 73 0.0313006 0.06372549019607843 0.1163355 1 1 1
0 P_7 74 74 0 0 0 1 1 1
0 P_7 75 75 0.359229 0.4158415841584158 0.454292 1 1 1
0 P_7 76 76 0.3832415 0.4375 0.470227 1 1 1
0 P_7 77 77 0 0 0 1 1 1
0 P_7 78 78 0 0 0 1 1 1
0 P_7 79 79 0.0279801 0.058823529411764705 0.110375 1 1 1
0 P_7 80 80 0 0 0 1 1 1
0 P_7 81 81 0 0 0 1 1 1
0 P_7 82 82 0.0483822 0.08737864077669903 0.143855 1 1 1
0 P_7 83 83 0 0 0 1 1 1
0 P_7 84 84 0 0 0 1 1 1
0 P_7 85 85 0 0 0 1 1 1
0 P_7 86 86 0 0 0 1 1 1
0 P_7 87 87 0 0 0 1 1 1
0 P_7 88 88 0 0 0 1 1 1
0 P_7 89 89 0 0 0 1 1 1
0 P_7 90 90 0.02768205 0.05652173913043478 0.1040315 1 1 1
0 P_7 91 91 0 0 0 1 1 1
0 P_7 92 92 0.5 0.5 0.5 1 1 1
0 P_7 93 93 0 0 0 1 1 1
0 P_7 94 94 0 0 0 1 1 1
0 P_7 95 95 0.02271905 0.05154639175257732 0.102914 1 1 1
0 P_7 96 96 0.5 0.5 0.5 1 1 1
0 P_7 97 97 0 0 0 1 1 1
0 P_7 98 98 0.01798825 0.04285714285714286 0.089508 1 1 1
0 P_7 99 99 0 0 0 1 1 1
0 P_7 100 100 0 0 0 1 1 1
0 P_7 101 101 0.068031 0.11458333333333333 0.1767225 1 1 1
0 P_7 102 102 0 0 0 1 1 1
0 P_7 103 103 0 0 0 1 1 1
0 P_7 104 104 0 0 0 1 1 1
0 P_7 105 105 0.0224825 0.05102040816326531 0.101936 1 1 1
0 P_7 106 106 0.02855325 0.06 0.112424 1 1 1
0 P_7 107 107 0.02345955 0.05319148936170213 0.105963 1 1 1
0 P_7 108 108 0 0 0 1 1 1
0 P_7 109 109 0.5 0.5 0.5 1 1 1
0 P_7 110 110 0.0220239 0.05 0.100035 1 1 1
0 P_7 111 111 0 0 0 1 1 1
0 P_7 112 112 0 0 0 1 1 1
0 P_7 113 113 0.03161855 0.06435643564356436 0.117403 1 1 1
0 P_7 114 114 0 0 0 1 1 1
0 P_7 115 115 0 0 0 1 1 1
0 P_7 116 116 0 0 0 1 1 1
0 P_7 117 117 0.04342665 0.08163265306122448 0.138817 1 1 1
0 P_7 118 118 0 0 0 1 1 1
0 P_7 119 119 0 0 0 1 1 1
0 P_7 120 120 0.3844785 0.432 0.4633045 1 1 1
0 P_7 121 121 0 0 0 1 1 1
0 P_7 122 122 0 0 0 1 1 1
0 P_7 123 123 0 0 0 1 1 1
0 P_7 124 124 0.3947045 0.44554455445544555 0.4750115 1 1 1
0 P_7 125 125 0 0 0 1 1 1
0 P_7 126 126 0 0 0 1 1 1
0 P_7 127 127 0.5 0.5 0.5 1 1 1
0 P_7 128 128 0.3755185 0.43 0.4645935 1 1 1
0 P_7 129 129 0 0 0 1 1 1
0 P_7 130 130 0 0 0 1 1 1
0 P_7 131 131 0.40848 0.45789473684210524 0.483254 1 1 1
0 P_7 132 132 0 0 0 1 1 1
0 P_7 133 133 0.03855065 0.07272727272727272 0.124778 1 1 1
0 P_7 134 134 0 0 0 1 1 1
0 P_7 135 135 0.0429724 0.08666666666666667 0.154127 1 1 1
0 P_7 136 136 0 0 0 1 1 1
0 P_7 137 137 0.365046 0.4268292682926829 0.4649915 1 1 1
0 P_7 138 138 0 0 0 1 1 1
0 P_7 139 139 0.5 0.5 0.5 1 1 1
0 P_7 140 140 0 0 0 1 1 1
0 P_7 141 141 0 0 0 1 1 1
0 P_7 142 142 0.382059 0.4339622641509434 0.4666515 1 1 1
0 P_7 143 143 0.02542825 0.05357142857142857 0.101153 1 1 1
0 P_7 144 144 0.0365334 0.07216494845360824 0.12803 1 1 1
0 P_7 145 145 0.0232074 0.05263157894736842 0.104927 1 1 1
0 P_7 146 146 0 0 0 1 1 1
0 P_7 147 147 0.04570825 0.08415841584158416 0.140771 1 1 1
0 P_7 148 148 0 0 0 1 1 1
0 P_7 149 149 0 0 0 1 1 1
0 P_7 150 150 0 0 0 1 1 1
0 P_7 151 151 0 0 0 1 1 1
0 P_7 152 152 0 0 0 1 1 1
0 P_7 153 153 0.04400705 0.08641975308641975 0.1509575 1 1 1
0 P_7 154 154 0 0 0 1 1 1
0 P_7 155 155 0 0 0 1 1 1
0 P_7 156 156 0 0 0 1 1 1
0 P_7 157 157 0 0 0 1 1 1
0 P_7 158 158 0 0 0 1 1 1
0 P_7 159 159 0 0 0 1 1 1
0 P_7 160 160 0.5 0.5 0.5 1 1 1
0 P_7 161 161 0.5 0.5 0.5 1 1 1
0 P_7 162 162 0 0 0 1 1 1
0 P_7 163 163 0 0 0 1 1 1
0 P_7 164 164 0.03302885 0.06542056074766354 0.116917 1 1 1
0 P_7 165 165 0 0 0 1 1 1
0 P_7 166 166 0 0 0 1 1 1
0 P_7 167 167 0.381609 0.43243243243243246 0.4650265 1 1 1
0 P_7 168 168 0.5 0.5 0.5 1 1 1
0 P_7 169 169 0 0 0 1 1 1
0 P_7 170 170 0 0 0 1 1 1
0 P_7 171 171 0.03284625 0.0635593220338983 0.1118315 1 1 1
0 P_7 172 172 0 0 0 1 1 1
0 P_7 173 173 0.0443698 0.08035714285714286 0.133161 1 1 1
0 P_7 174 174 0 0 0 1 1 1
0 P_7 175 175 0 0 0 1 1 1
0 P_7 176 176 0 0 0 1 1 1
0 P_7 177 177 0 0 0 1 1 1
0 P_7 178 178 0.059173 0.1043956043956044 0.167254 1 1 1
0 P_7 179 179 0 0 0 1 1 1
0 P_7 180 180 0 0 0 1 1 1
0 P_7 181 181 0.014841 0.037383177570093455 0.081861 1 1 1
0 P_7 182 182 0 0 0 1 1 1
0 P_7 183 183 0 0 0 1 1 1
0 P_7 184 184 0 0 0 1 1 1
0 P_7 185 185 0 0 0 1 1 1
0 P_7 186 186 0.03161855 0.06435643564356436 0.117403 1 1 1
0 P_7 187 187 0.2967795 0.3626373626373626 0.4148425 1 1 1
0 P_7 188 188 0 0 0 1 1 1
0 P_7 189 189 0 0 0 1 1 1
0 P_7 190 190 0 0 0 1 1 1
0 P_7 191 191 0 0 0 1 1 1
0 P_7 192 192 0 0 0 1 1 1
0 P_7 193 193 0 0 0 1 1 1
0 P_7 194 194 0.01448455 0.03888888888888889 0.088997 1 1 1
0 P_7 195 195 0.04584325 0.08602150537634409 0.1456385 1 1 1
0 P_7 196 196 0.03293965 0.06896551724137931 0.127842 1 1 1
0 P_7 197 197 0.0255047 0.05555555555555555 0.1072735 1 1 1
0 P_7 198 198 0 0 0 1 1 1
0 P_7 199 199 0 0 0 1 1 1
0 P_7 200 200 0 0 0 1 1 1
0 P_7 201 201 0 0 0 1 1 1
0 P_7 202 202 0 0 0 1 1 1
0 P_7 203 203 0.0320118 0.06198347107438017 0.1092365 1 1 1
0 P_7 204 204 0 0 0 1 1 1
0 P_7 205 205 0.348405 0.4101123595505618 0.4520205 1 1 1
0 P_7 206 206 0 0 0 1 1 1
0 P_7 207 207 0.0173175 0.04128440366972477 0.08642 1 1 1
0 P_7 208 208 0 0 0 1 1 1
0 P_7 209 209 0.5 0.5 0.5 1 1 1
0 P_7 210 210 0 0 0 1 1 1
0 P_7 211 211 0 0 0 1 1 1
0 P_7 212 212 0 0 0 1 1 1
0 P_7 213 213 0 0 0 1 1 1
0 P_7 214 214 0.047427 0.08888888888888889 0.150061 1 1 1
0 P_7 215 215 0.04388935 0.08247422680412371 0.14013 1 1 1
0 P_7 216 216 0 0 0 1 1 1
0 P_7 217 217 0.04084345 0.07692307692307693 0.131426 1 1 1
0 P_7 218 218 0 0 0 1 1 1
0 P_7 219 219 0 0 0 1 1 1
0 P_7 220 220 0 0 0 1 1 1
0 P_7 221 221 0.5 0.5 0.5 1 1 1
0 P_7 222 222 0 0 0 1 1 1
0 P_7 223 223 0 0 0 1 1 1
0 P_7 224 224 0 0 0 1 1 1
0 P_7 225 225 0 0 0 1 1 1
0 P_7 226 226 0.054485 0.09375 0.1485115 1 1 1
0 P_7 227 227 0.0329578 0.06701030927835051 0.121876 1 1 1
0 P_7 228 228 0.0268933 0.05851063829787234 0.112557 1 1 1
0 P_7 229 229 0.356237 0.41975308641975306 0.460317 1 1 1
0 P_7 230 230 0.38861 0.4405940594059406 0.471736 1 1 1
0 P_7 231 231 0 0 0 1 1 1
0 P_7 232 232 0.028703 0.05855855855855856 0.107532 1 1 1
0 P_7 233 233 0.398506 0.45294117647058824 0.481248 1 1 1
0 P_7 234 234 0.5 0.5 0.5 1 1 1
0 P_7 235 235 0 0 0 1 1 1
0 P_7 236 236 0.5 0.5 0.5 1 1 1
0 P_7 237 237 0 0 0 1 1 1
0 P_7 238 238 0.02945995 0.06395348837209303 0.122181 1 1 1
0 P_7 239 239 0.02075395 0.04716981132075472 0.0947335 1 1 1
0 P_7 240 240 0.0530915 0.09405940594059406 0.1521125 1 1 1
0 P_7 241 241 0.0199169 0.04736842105263158 0.0982855 1 1 1
0 P_7 242 242 0 0 0 1 1 1
0 P_7 243 243 0 0 0 1 1 1
0 P_7 244 244 0.03098895 0.06310679611650485 0.115287 1 1 1
0 P_7 245 245 0 0 0 1 1 1
0 P_7 246 246 0 0 0 1 1 1
0 P_7 247 247 0 0 0 1 1 1
0 P_7 248 248 0.5 0.5 0.5 1 1 1
0 P_7 249 249 0 0 0 1 1 1
0 P_7 250 250 0 0 0 1 1 1
0 P_7 251 251 0 0 0 1 1 1
0 P_7 252 252 0.0327151 0.06481481481481481 0.1159105 1 1 1
0 P_7 253 253 0 0 0 1 1 1
0 P_7 254 254 0 0 0 1 1 1
0 P_7 255 255 0 0 0 1 1 1
0 P_7 256 256 0 0 0 1 1 1
0 P_7 257 257 0.406096 0.4532710280373832 0.4794435 1 1 1
0 P_7 258 258 0.388616 0.4457831325301205 0.4771415 1 1 1
0 P_7 259 259 0.04253 0.08 0.136263 1 1 1
0 P_7 260 260 0 0 0 1 1 1
0 P_7 261 261 0 0 0 1 1 1
0 P_7 262 262 0 0 0 1 1 1
0 P_7 263 263 0 0 0 1 1 1
0 P_7 264 264 0 0 0 1 1 1
0 P_7 265 265 0.040179 0.07731958762886598 0.134113 1 1 1
0 P_7 266 266 0.3624715 0.41919191919191917 0.4570265 1 1 1
0 P_7 267 267 0 0 0 1 1 1
0 P_7 268 268 0 0 0 1 1 1
0 P_7 269 269 0.5 0.5 0.5 1 1 1
0 P_7 270 270 0.376265 0.42792792792792794 0.4618065 1 1 1
0 P_7 271 271 0 0 0 1 1 1
0 P_7 272 272 0.352191 0.41 0.4501135 1 1 1
0 P_7 273 273 0.3671465 0.42346938775510207 0.460244 1 1 1
0 P_7 274 274 0 0 0 1 1 1
0 P_7 275 275 0 0 0 1 1 1
0 P_7 276 276 0 0 0 1 1 1
0 P_7 277 277 0 0 0 1 1 1
0 P_7 278 278 0.372224 0.42213114754098363 0.4563285 1 1 1
0 P_7 279 279 0.3802705 0.43043478260869567 0.463172 1 1 1
0 P_7 280 280 0.3634545 0.41743119266055045 0.454369 1 1 1
0 P_7 281 281 0 0 0 1 1 1
0 P_7 282 282 0.346456 0.40384615384615385 0.4448475 1 1 1
0 P_7 283 283 0 0 0 1 1 1
0 P_7 284 284 0.364173 0.41904761904761906 0.4560895 1 1 1
0 P_7 285 285 0 0 0 1 1 1
0 P_7 286 286 0.5 0.5 0.5 1 1 1
0 P_7 287 287 0 0 0 1 1 1
0 P_7 288 288 0 0 0 1 1 1
0 P_7 289 289 0 0 0 1 1 1
0 P_7 290 290 0.0224863 0.049107142857142856 0.095599 1 1 1
0 P_7 291 291 0.04584325 0.08602150537634409 0.1456385 1 1 1
0 P_7 292 292 0 0 0 1 1 1
0 P_7 293 293 0.03749825 0.07079646017699115 0.1216995 1 1 1
0 P_7 294 294 0.5 0.5 0.5 1 1 1
0 P_7 295 295 0 0 0 1 1 1
0 P_7 296 296 0 0 0 1 1 1
0 P_7 297 297 0.5 0.5 0.5 1 1 1
0 P_7 298 298 0 0 0 1 1 1
0 P_7 299 299 0 0 0 1 1 1
0 P_7 300 300 0 0 0 1 1 1
0 P_7 301 301 0 0 0 1 1 1
0 P_7 302 302 0 0 0 1 1 1
0 P_7 303 303 0.03893695 0.075 0.130404 1 1 1
0 P_7 304 304 0 0 0 1 1 1
0 P_7 305 305 0 0 0 1 1 1
0 P_7 306 306 0 0 0 1 1 1
0 P_7 307 307 0 0 0 1 1 1
0 P_7 308 308 0 0 0 1 1 1
0 P_7 309 309 0.5 0.5 0.5 1 1 1
0 P_7 310 310 0 0 0 1 1 1
0 P_7 311 311 0 0 0 1 1 1
0 P_7 312 312 0.5 0.5 0.5 1 1 1
0 P_7 313 313 0 0 0 1 1 1
0 P_7 314 314 0 0 0 1 1 1
0 P_7 315 315 0 0 0 1 1 1
0 P_7 316 316 0 0 0 1 1 1
0 P_7 317 317 0 0 0 1 1 1
0 P_7 318 318 0 0 0 1 1 1
0 P_7 319 319 0 0 0 1 1 1
0 P_7 320 320 0.381614 0.43820224719101125 0.471558 1 1 1
0 P_7 321 321 0.368214 0.425531914893617 0.4622655 1 1 1
0 P_7 322 322 0 0 0 1 1 1
0 P_7 323 323 0 0 0 1 1 1
0 P_7 324 324 0 0 0 1 1 1
0 P_7 325 325 0 0 0 1 1 1
0 P_7 326 326 0 0 0 1 1 1
0 P_7 327 327 0 0 0 1 1 1
0 P_7 328 328 0 0 0 1 1 1
0 P_7 329 329 0.5 0.5 0.5 1 1 1
0 P_7 330 330 0 0 0 1 1 1
0 P_7 331 331 0.363737 0.42 0.45747 1 1 1
0 P_7 332 332 0 0 0 1 1 1
0 P_7 333 333 0 0 0 1 1 1
0 P_7 334 334 0.411102 0.45918367346938777 0.483775 1 1 1
0 P_7 335 335 0 0 0 1 1 1
0 P_7 336 336 0.0537885 0.0967741935483871 0.1579315 1 1 1
0 P_7 337 337 0 0 0 1 1 1
0 P_7 338 338 0.0412524 0.07766990291262135 0.132603 1 1 1
0 P_7 339 339 0.3529165 0.41304347826086957 0.4536405 1 1 1
0 P_7 340 340 0.5 0.5 0.5 1 1 1
0 P_7 341 341 0 0 0 1 1 1
0 P_7 342 342 0 0 0 1 1 1
0 P_7 343 343 0.5 0.5 0.5 1 1 1
0 P_7 344 344 0.02473835 0.05392156862745098 0.104334 1 1 1
0 P_7 345 345 0 0 0 1 1 1
0 P_7 346 346 0 0 0 1 1 1
0 P_7 347 347 0 0 0 1 1 1
0 P_7 348 348 0 0 0 1 1 1
0 P_7 349 349 0 0 0 1 1 1
0 P_7 350 350 0.3937245 0.445 0.474756 1 1 1
0 P_7 351 351 0.373492 0.4318181818181818 0.467445 1 1 1
0 P_7 352 352 0.0304044 0.0603448275862069 0.10844 1 1 1
0 P_7 353 353 0 0 0 1 1 1
0 P_7 354 354 0 0 0 1 1 1
0 P_7 355 355 0 0 0 1 1 1
0 P_7 356 356 0 0 0 1 1 1
0 P_7 357 357 0 0 0 1 1 1
0 P_7 358 358 0 0 0 1 1 1
0 P_7 359 359 0 0 0 1 1 1
0 P_7 360 360 0 0 0 1 1 1
0 P_7 361 361 0 0 0 1 1 1
0 P_7 362 362 0 0 0 1 1 1
0 P_7 363 363 0 0 0 1 1 1
0 P_7 364 364 0 0 0 1 1 1
0 P_7 365 365 0.3451495 0.4065934065934066 0.449078 1 1 1
0 P_7 366 366 0 0 0 1 1 1
0 P_7 367 367 0 0 0 1 1 1
0 P_7 368 368 0.3451495 0.4065934065934066 0.449078 1 1 1
0 P_7 369 369 0.5 0.5 0.5 1 1 1
0 P_7 370 370 0 0 0 1 1 1
0 P_7 371 371 0 0 0 1 1 1
0 P_7 372 372 0 0 0 1 1 1
0 P_7 373 373 0 0 0 1 1 1
0 P_7 374 374 0.04291735 0.08241758241758242 0.142198 1 1 1
0 P_7 375 375 0 0 0 1 1 1
0 P_7 376 376 0 0 0 1 1 1
0 P_7 377 377 0 0 0 1 1 1
0 P_7 378 378 0 0 0 1 1 1
0 P_7 379 379 0 0 0 1 1 1
0 P_7 380 380 0 0 0 1 1 1
0 P_7 381 381 0.5 0.5 0.5 1 1 1
0 P_7 382 382 0 0 0 1 1 1
0 P_7 383 383 0 0 0 1 1 1
0 P_7 384 384 0 0 0 1 1 1
0 P_7 385 385 0 0 0 1 1 1
0 P_7 386 386 0 0 0 1 1 1
0 P_7 387 387 0 0 0 1 1 1
0 P_7 388 388 0 0 0 1 1 1
0 P_7 389 389 0.5 0.5 0.5 1 1 1
0 P_7 390 390 0 0 0 1 1 1
0 P_7 391 391 0.5 0.5 0.5 1 1 1
0 P_7 392 392 0 0 0 1 1 1
0 P_7 393 393 0.3743575 0.4292929292929293 0.464226 1 1 1
0 P_7 394 394 0 0 0 1 1 1
0 P_7 395 395 0.0530915 0.09405940594059406 0.1521125 1 1 1
0 P_7 396 396 0.3629695 0.4182692307692308 0.4556535 1 1 1
0 P_7 397 397 0.369004 0.42105263157894735 0.456433 1 1 1
0 P_7 398 398 0 0 0 1 1 1
0 P_7 399 399 0.5 0.5 0.5 1 1 1
0 P_7 400 400 0 0 0 1 1 1
0 P_7 401 401 0 0 0 1 1 1
0 P_7 402 402 0 0 0 1 1 1
0 P_7 403 403 0 0 0 1 1 1
0 P_7 404 404 0 0 0 1 1 1
0 P_7 405 405 0.01342535 0.03608247422680412 0.0829755 1 1 1
0 P_7 406 406 0 0 0 1 1 1
0 P_7 407 407 0.0106116 0.030927835051546393 0.0760305 1 1 1
0 P_7 408 408 0 0 0 1 1 1
0 P_7 409 409 0 0 0 1 1 1
0 P_7 410 410 0.059029 0.1 0.1561115 1 1 1
0 P_7 411 411 0.363737 0.42 0.45747 1 1 1
0 P_7 412 412 0 0 0 1 1 1
0 P_7 413 413 0.025244 0.055 0.1062755 1 1 1
0 P_7 414 414 0 0 0 1 1 1
0 P_7 415 415 0 0 0 1 1 1
0 P_7 416 416 0.0300945 0.06315789473684211 0.1178945 1 1 1
0 P_7 417 417 0 0 0 1 1 1
0 P_7 418 418 0 0 0 1 1 1
0 P_7 419 419 0 0 0 1 1 1
0 P_7 420 420 0.366839 0.41964285714285715 0.45563 1 1 1
0 P_7 421 421 0 0 0 1 1 1
0 P_7 422 422 0 0 0 1 1 1
0 P_7 423 423 0.3419455 0.40588235294117647 0.449675 1 1 1
0 P_7 424 424 0 0 0 1 1 1
0 P_7 425 425 0 0 0 1 1 1
0 P_7 426 426 0 0 0 1 1 1
0 P_7 427 427 0 0 0 1 1 1
0 P_7 428 428 0 0 0 1 1 1
0 P_7 429 429 0.5 0.5 0.5 1 1 1
0 P_7 430 430 0 0 0 1 1 1
0 P_7 431 431 0.0247511 0.05217391304347826 0.098679 1 1 1
0 P_7 432 432 0 0 0 1 1 1
0 P_7 433 433 0.04696635 0.08490566037735849 0.1401055 1 1 1
0 P_7 434 434 0 0 0 1 1 1
0 P_7 435 435 0 0 0 1 1 1
0 P_7 436 436 0 0 0 1 1 1
0 P_7 437 437 0.0443698 0.08035714285714286 0.133161 1 1 1
0 P_7 438 438 0 0 0 1 1 1
0 P_7 439 439 0 0 0 1 1 1
0 P_7 440 440 0 0 0 1 1 1
0 P_7 441 441 0 0 0 1 1 1
0 P_7 442 442 0 0 0 1 1 1
0 P_7 443 443 0 0 0 1 1 1
0 P_7 444 444 0.3606025 0.41935483870967744 0.458036 1 1 1
0 P_7 445 445 0.5 0.5 0.5 1 1 1
0 P_7 446 446 0.5 0.5 0.5 1 1 1
0 P_7 447 447 0 0 0 1 1 1
0 P_7 448 448 0 0 0 1 1 1
0 P_7 449 449 0 0 0 1 1 1
0 P_7 450 450 0.3755185 0.43 0.4645935 1 1 1
0 P_7 451 451 0.5 0.5 0.5 1 1 1
0 P_7 452 452 0.36766 0.4212962962962963 0.457348 1 1 1
0 P_7 453 453 0.3617445 0.4174757281553398 0.455209 1 1 1
0 P_7 454 454 0 0 0 1 1 1
0 P_7 455 455 0.5 0.5 0.5 1 1 1
0 P_7 456 456 0.3840165 0.43956043956043955 0.4721985 1 1 1
0 P_7 457 457 0.5 0.5 0.5 1 1 1
0 P_7 458 458 0 0 0 1 1 1
0 P_7 459 459 0.0378426 0.07142857142857142 0.1227085 1 1 1
0 P_7 460 460 0 0 0 1 1 1
0 P_7 461 461 0 0 0 1 1 1
0 P_7 462 462 0 0 0 1 1 1
0 P_7 463 463 0.00630175 0.023255813953488372 0.0688835 1 1 1
0 P_7 464 464 0 0 0 1 1 1
0 P_7 465 465 0.3611015 0.4158878504672897 0.4534875 1 1 1
0 P_7 466 466 0 0 0 1 1 1
0 P_7 467 467 0.02977305 0.0625 0.1167585 1 1 1
0 P_7 468 468 0.0453386 0.0851063829787234 0.1442215 1 1 1
0 P_7 469 469 0 0 0 1 1 1
0 P_7 470 470 0.02977305 0.0625 0.1167585 1 1 1
0 P_7 471 471 0 0 0 1 1 1
0 P_7 472 472 0 0 0 1 1 1
0 P_7 473 473 0 0 0 1 1 1
0 P_7 474 474 0 0 0 1 1 1
0 P_7 475 475 0.5 0.5 0.5 1 1 1
0 P_7 476 476 0 0 0 1 1 1
0 P_7 477 477 0.0271623 0.05714285714285714 0.107437 1 1 1
0 P_7 478 478 0 0 0 1 1 1
0 P_7 479 479 0 0 0 1 1 1
0 P_7 480 480 0 0 0 1 1 1
0 P_7 481 481 0.046181 0.085 0.1420635 1 1 1
0 P_7 482 482 0.02398065 0.05434782608695652 0.1080975 1 1 1
0 P_7 483 483 0 0 0 1 1 1
0 P_7 484 484 0.3501385 0.4043478260869565 0.443634 1 1 1
0 P_7 485 485 0.0746625 0.12244897959183673 0.1846315 1 1 1
0 P_7 486 486 0 0 0 1 1 1
0 P_7 487 487 0 0 0 1 1 1
0 P_7 488 488 0 0 0 1 1 1
0 P_7 489 489 0.5 0.5 0.5 1 1 1
0 P_7 490 490 0 0 0 1 1 1
0 P_7 491 491 0 0 0 1 1 1
0 P_7 492 492 0 0 0 1 1 1
0 P_7 493 493 0 0 0 1 1 1
0 P_7 494 494 0 0 0 1 1 1
0 P_7 495 495 0 0 0 1 1 1
0 P_7 496 496 0.0530345 0.09259259259259259 0.1483185 1 1 1
0 P_7 497 497 0 0 0 1 1 1
0 P_7 498 498 0 0 0 1 1 1
0 P_7 499 499 0 0 0 1 1 1
0 P_7 500 500 0 0 0 1 1 1
0 P_7 501 501 0 0 0 1 1 1
0 P_7 502 502 0.3949465 0.44166666666666665 0.4706325 1 1 1
0 P_7 503 503 0 0 0 1 1 1
0 P_7 504 504 0.03210505 0.06363636363636363 0.113948 1 1 1
0 P_7 505 505 0.3665175 0.4205607476635514 0.4569365 1 1 1
0 P_7 506 506 0 0 0 1 1 1
0 P_7 507 507 0.03181175 0.06666666666666667 0.123922 1 1 1
0 P_7 508 508 0 0 0 1 1 1
0 P_7 509 509 0.0279801 0.058823529411764705 0.110375 1 1 1
0 P_7 510 510 0.3896175 0.4427083333333333 0.47368 1 1 1
0 P_7 511 511 0.01876985 0.042735042735042736 0.086342 1 1 1
0 P_7 512 512 0 0 0 1 1 1
0 P_7 513 513 0 0 0 1 1 1
0 P_7 514 514 0.5 0.5 0.5 1 1 1
0 P_7 515 515 0 0 0 1 1 1
0 P_7 516 516 0 0 0 1 1 1
0 P_7 517 517 0.02749205 0.059782608695652176 0.1148185 1 1 1
0 P_7 518 518 0.5 0.5 0.5 1 1 1
0 P_7 519 519 0 0 0 1 1 1
0 P_7 520 520 0 0 0 1 1 1
0 P_7 521 521 0.3865225 0.4393939393939394 0.4711515 1 1 1
0 P_7 522 522 0.3646035 0.421875 0.459389 1 1 1
0 P_7 523 523 0 0 0 1 1 1
0 P_7 524 524 0.375344 0.42857142857142855 0.4629705 1 1 1
0 P_7 525 525 0 0 0 1 1 1
0 P_7 526 526 0 0 0 1 1 1
0 P_7 527 527 0 0 0 1 1 1
0 P_7 528 528 0 0 0 1 1 1
0 P_7 529 529 0 0 0 1 1 1
0 P_7 530 530 0.044845 0.08421052631578947 0.1428315 1 1 1
0 P_7 531 531 0 0 0 1 1 1
0 P_7 532 532 0.5 0.5 0.5 1 1 1
0 P_7 533 533 0.03480055 0.07065217391304347 0.127968 1 1 1
0 P_7 534 534 0 0 0 1 1 1
0 P_7 535 535 0 0 0 1 1 1
0 P_7 536 536 0 0 0 1 1 1
0 P_7 537 537 0.0110731 0.03225806451612903 0.0790975 1 1 1
0 P_7 538 538 0 0 0 1 1 1
0 P_7 539 539 0 0 0 1 1 1
0 P_7 540 540 0 0 0 1 1 1
0 P_7 541 541 0.01692695 0.0425531914893617 0.0924285 1 1 1
0 P_7 542 542 0 0 0 1 1 1
0 P_7 543 543 0 0 0 1 1 1
0 P_7 544 544 0 0 0 1 1 1
0 P_7 545 545 0 0 0 1 1 1
0 P_7 546 546 0 0 0 1 1 1
0 P_7 547 547 0.050942 0.09183673469387756 0.1505675 1 1 1
0 P_7 548 548 0 0 0 1 1 1
0 P_7 549 549 0.394037 0.44680851063829785 0.4765405 1 1 1
0 P_7 550 550 0 0 0 1 1 1
0 P_7 551 551 0 0 0 1 1 1
0 P_7 552 552 0.3541635 0.4090909090909091 0.4479645 1 1 1
0 P_7 553 553 0.0329578 0.06701030927835051 0.121876 1 1 1
0 P_7 554 554 0 0 0 1 1 1
0 P_7 555 555 0.3398835 0.397196261682243 0.439249 1 1 1
0 P_7 556 556 0 0 0 1 1 1
0 P_7 557 557 0 0 0 1 1 1
0 P_7 558 558 0 0 0 1 1 1
0 P_7 559 559 0 0 0 1 1 1
0 P_7 560 560 0.02884875 0.06060606060606061 0.1134775 1 1 1
1 P_0 0 0 0.2726315 0.3333333333333333 0.385688 1 1 1
1 P_0 1 1 0.0300945 0.06315789473684211 0.1178945 1 1 1
1 P_0 2 2 0.113381 0.1702127659574468 0.236423 1 1 1
1 P_0 3 3 0 0 0 1 1 1
1 P_0 4 4 0.03530015 0.06818181818181818 0.1193915 1 1 1
1 P_0 5 5 0 0 0 1 1 1
1 P_0 6 6 0 0 0 1 1 1
1 P_0 7 7 0.1569125 0.21875 0.2841885 1 1 1
1 P_0 8 8 0 0 0 1 1 1
1 P_0 9 9 0 0 0 1 1 1
1 P_0 10 10 0.0301801 0.06547619047619048 0.1248485 1 1 1
1 P_0 11 11 0.055513 0.09545454545454546 0.150993 1 1 1
1 P_0 12 12 0.2164865 0.275 0.3311905 1 1 1
1 P_0 13 13 0.0472647 0.084070796460177 0.1371875 1 1 1
1 P_0 14 14 0 0 0 1 1 1
1 P_0 15 15 0 0 0 1 1 1
1 P_0 16 16 0 0 0 1 1 1
1 P_0 17 17 0 0 0 1 1 1
1 P_0 18 18 0.0811575 0.13 0.1921275 1 1 1
1 P_0 19 19 0.1856065 0.24545454545454545 0.305762 1 1 1
1 P_0 20 20 0.138129 0.19696969696969696 0.2617425 1 1 1
1 P_0 21 21 0.5 0.5 0.5 1 1 1
1 P_0 22 22 0.272127 0.336734693877551 0.3915475 1 1 1
1 P_0 23 23 0 0 0 1 1 1
1 P_0 24 24 0.0814585 0.12719298245614036 0.18491 1 1 1
1 P_0 25 25 0 0 0 1 1 1
1 P_0 26 26 0.2825905 0.3443396226415094 0.396211 1 1 1
1 P_0 27 27 0 0 0 1 1 1
1 P_0 28 28 0.0917795 0.14606741573033707 0.2132255 1 1 1
1 P_0 29 29 0.259743 0.3181818181818182 0.370337 1 1 1
1 P_0 30 30 0.189782 0.25903614457831325 0.3270935 1 1 1
1 P_0 31 31 0.128074 0.18446601941747573 0.247914 1 1 1
1 P_0 32 32 0.1617685 0.22018348623853212 0.281639 1 1 1
1 P_0 33 33 0.117791 0.17326732673267325 0.237162 1 1 1
1 P_0 34 34 0.5 0.5 0.5 1 1 1
1 P_0 35 35 0.5 0.5 0.5 1 1 1
1 P_0 36 36 0.064936 0.10714285714285714 0.163523 1 1 1
1 P_0 37 37 0.124149 0.17672413793103448 0.2363335 1 1 1
1 P_0 38 38 0 0 0 1 1 1
1 P_0 39 39 0.252086 0.3155339805825243 0.371926 1 1 1
1 P_0 40 40 0 0 0 1 1 1
1 P_0 41 41 0.1729065 0.23333333333333334 0.295522 1 1 1
1 P_0 42 42 0 0 0 1 1 1
1 P_0 43 43 0.143876 0.20192307692307693 0.265099 1 1 1
1 P_0 44 44 0 0 0 1 1 1
1 P_0 45 45 0 0 0 1 1 1
1 P_0 46 46 0.5 0.5 0.5 1 1 1
1 P_0 47 47 0 0 0 1 1 1
1 P_0 48 48 0.0646665 0.11052631578947368 0.1726 1 1 1
1 P_0 49 49 0 0 0 1 1 1
1 P_0 50 50 0.0149915 0.040229885057471264 0.091853 1 1 1
1 P_0 51 51 0 0 0 1 1 1
1 P_0 52 52 0 0 0 1 1 1
1 P_0 53 53 0.04196395 0.08064516129032258 0.1393975 1 1 1
1 P_0 54 54 0.02977305 0.0625 0.1167585 1 1 1
1 P_0 55 55 0.5 0.5 0.5 1 1 1
1 P_0 56 56 0.0343381 0.06637168141592921 0.11644 1 1 1
1 P_0 57 57 0 0 0 1 1 1
1 P_0 58 58 0 0 0 1 1 1
1 P_0 59 59 0.04297365 0.08080808080808081 0.1375285 1 1 1
1 P_0 60 60 0.131887 0.19148936170212766 0.2579705 1 1 1
1 P_0 61 61 0.5 0.5 0.5 1 1 1
1 P_0 62 62 0.1172225 0.17346938775510204 0.23836 1 1 1
1 P_0 63 63 0.1273725 0.18181818181818182 0.243154 1 1 1
1 P_0 64 64 0.03893695 0.075 0.130404 1 1 1
1 P_0 65 65 0.1624405 0.22580645161290322 0.2920465 1 1 1
1 P_0 66 66 0.1272135 0.18617021276595744 0.2526305 1 1 1
1 P_0 67 67 0.083482 0.1323529411764706 0.194003 1 1 1
1 P_0 68 68 0.165607 0.22727272727272727 0.291481 1 1 1
1 P_0 69 69 0.0431764 0.0782608695652174 0.12994 1 1 1
1 P_0 70 70 0.130595 0.18877551020408162 0.25387150000000003 1 1 1
1 P_0 71 71 0.5 0.5 0.5 1 1 1
1 P_0 72 72 0.0408711 0.08045977011494253 0.1414635 1 1 1
1 P_0 73 73 0.04400705 0.08641975308641975 0.1509575 1 1 1
1 P_0 74 74 0.1092715 0.16666666666666666 0.234274 1 1 1
1 P_0 75 75 0 0 0 1 1 1
1 P_0 76 76 0 0 0 1 1 1
1 P_0 77 77 0.118059 0.18181818181818182 0.2552755 1 1 1
1 P_0 78 78 0 0 0 1 1 1
1 P_0 79 79 0.0535485 0.09345794392523364 0.1495915 1 1 1
1 P_0 80 80 0 0 0 1 1 1
1 P_0 81 81 0 0 0 1 1 1
1 P_0 82 82 0.03367095 0.06842105263157895 0.124242 1 1 1
1 P_0 83 83 0.0268933 0.05851063829787234 0.112557 1 1 1
1 P_0 84 84 0 0 0 1 1 1
1 P_0 85 85 0.03181175 0.06666666666666667 0.123922 1 1 1
1 P_0 86 86 0 0 0 1 1 1
1 P_0 87 87 0.1079905 0.16483516483516483 0.2320065 1 1 1
1 P_0 88 88 0 0 0 1 1 1
1 P_0 89 89 0.1333145 0.19444444444444445 0.262384 1 1 1
1 P_0 90 90 0.0644095 0.10747663551401869 0.165321 1 1 1
1 P_0 91 91 0 0 0 1 1 1
1 P_0 92 92 0.5 0.5 0.5 1 1 1
1 P_0 93 93 0.0201328 0.047872340425531915 0.0992585 1 1 1
1 P_0 94 94 0.1586105 0.21621621621621623 0.2772065 1 1 1
1 P_0 95 95 0.057934 0.09821428571428571 0.1535505 1 1 1
1 P_0 96 96 0.5 0.5 0.5 1 1 1
1 P_0 97 97 0.0373256 0.07368421052631578 0.13051 1 1 1
1 P_0 98 98 0.0638565 0.10784313725490197 0.167264 1 1 1
1 P_0 99 99 0.0876085 0.13978494623655913 0.2050455 1 1 1
1 P_0 100 100 0.0525515 0.09313725490196079 0.1507465 1 1 1
1 P_0 101 101 0.04869985 0.08947368421052632 0.148896 1 1 1
1 P_0 102 102 0 0 0 1 1 1
1 P_0 103 103 0.1517525 0.21212121212121213 0.276727 1 1 1
1 P_0 104 104 0 0 0 1 1 1
1 P_0 105 105 0.04635925 0.08695652173913043 0.1470835 1 1 1
1 P_0 106 106 0.1702505 0.23076923076923078 0.2933395 1 1 1
1 P_0 107 107 0.1499595 0.21348314606741572 0.281531 1 1 1
1 P_0 108 108 0 0 0 1 1 1
1 P_0 109 109 0.5 0.5 0.5 1 1 1
1 P_0 110 110 0.1784795 0.24019607843137256 0.302978 1 1 1
1 P_0 111 111 0 0 0 1 1 1
1 P_0 112 112 0 0 0 1 1 1
1 P_0 113 113 0.0704555 0.11467889908256881 0.1726865 1 1 1
1 P_0 114 114 0.161369 0.22115384615384615 0.2840165 1 1 1
1 P_0 115 115 0.0304229 0.06382978723404255 0.119053 1 1 1
1 P_0 116 116 0.0386957 0.0783132530120482 0.1406095 1 1 1
1 P_0 117 117 0.02980215 0.06074766355140187 0.111275 1 1 1
1 P_0 118 118 0 0 0 1 1 1
1 P_0 119 119 0.059297 0.10309278350515463 0.163625 1 1 1
1 P_0 120 120 0 0 0 1 1 1
1 P_0 121 121 0.044362 0.08333333333333333 0.141468 1 1 1
1 P_0 122 122 0 0 0 1 1 1
1 P_0 123 123 0 0 0 1 1 1
1 P_0 124 124 0 0 0 1 1 1
1 P_0 125 125 0 0 0 1 1 1
1 P_0 126 126 0 0 0 1 1 1
1 P_0 127 127 0.5 0.5 0.5 1 1 1
1 P_0 128 128 0.063788 0.10648148148148148 0.163922 1 1 1
1 P_0 129 129 0 0 0 1 1 1
1 P_0 130 130 0.03637975 0.0759493670886076 0.1396115 1 1 1
1 P_0 131 131 0 0 0 1 1 1
1 P_0 132 132 0 0 0 1 1 1
1 P_0 133 133 0.157499 0.21782178217821782 0.2816755 1 1 1
1 P_0 134 134 0.03682805 0.06956521739130435 0.1197295 1 1 1
1 P_0 135 135 0.176582 0.23786407766990292 0.300453 1 1 1
1 P_0 136 136 0 0 0 1 1 1
1 P_0 137 137 0 0 0 1 1 1
1 P_0 138 138 0.0249886 0.054455445544554455 0.1052955 1 1 1
1 P_0 139 139 0.5 0.5 0.5 1 1 1
1 P_0 140 140 0 0 0 1 1 1
1 P_0 141 141 0.02542825 0.05357142857142857 0.101153 1 1 1
1 P_0 142 142 0 0 0 1 1 1
1 P_0 143 143 0.1918285 0.25229357798165136 0.312525 1 1 1
1 P_0 144 144 0.185509 0.25287356321839083 0.3198745 1 1 1
1 P_0 145 145 0.0612965 0.105 0.1647475 1 1 1
1 P_0 146 146 0 0 0 1 1 1
1 P_0 147 147 0.177351 0.24193548387096775 0.307478 1 1 1
1 P_0 148 148 0.055655 0.1 0.1627035 1 1 1
1 P_0 149 149 0 0 0 1 1 1
1 P_0 150 150 0.03380715 0.064 0.110762 1 1 1
1 P_0 151 151 0 0 0 1 1 1
1 P_0 152 152 0 0 0 1 1 1
1 P_0 153 153 0.055967 0.09895833333333333 0.159327 1 1 1
1 P_0 154 154 0 0 0 1 1 1
1 P_0 155 155 0.1569615 0.21634615384615385 0.279321 1 1 1
1 P_0 156 156 0 0 0 1 1 1
1 P_0 157 157 0 0 0 1 1 1
1 P_0 158 158 0.1033475 0.15934065934065933 0.226326 1 1 1
1 P_0 159 159 0.02271905 0.05154639175257732 0.102914 1 1 1
1 P_0 160 160 0.2461285 0.3112244897959184 0.369405 1 1 1
1 P_0 161 161 0.2699345 0.3333333333333333 0.3876765 1 1 1
1 P_0 162 162 0 0 0 1 1 1
1 P_0 163 163 0 0 0 1 1 1
1 P_0 164 164 0.122134 0.1813186813186813 0.2488325 1 1 1
1 P_0 165 165 0.140952 0.19811320754716982 0.260709 1 1 1
1 P_0 166 166 0.0504085 0.09090909090909091 0.1491755 1 1 1
1 P_0 167 167 0 0 0 1 1 1
1 P_0 168 168 0.5 0.5 0.5 1 1 1
1 P_0 169 169 0.16408 0.22380952380952382 0.2863075 1 1 1
1 P_0 170 170 0.072659 0.12352941176470589 0.190758 1 1 1
1 P_0 171 171 0.153754 0.21226415094339623 0.274727 1 1 1
1 P_0 172 172 0 0 0 1 1 1
1 P_0 173 173 0.0708705 0.11650485436893204 0.1765005 1 1 1
1 P_0 174 174 0.0899815 0.14210526315789473 0.2067795 1 1 1
1 P_0 175 175 0.0420954 0.07920792079207921 0.135021 1 1 1
1 P_0 176 176 0.0453386 0.0851063829787234 0.1442215 1 1 1
1 P_0 177 177 0 0 0 1 1 1
1 P_0 178 178 0.0704845 0.12337662337662338 0.194263 1 1 1
1 P_0 179 179 0 0 0 1 1 1
1 P_0 180 180 0 0 0 1 1 1
1 P_0 181 181 0.057447 0.1 0.159148 1 1 1
1 P_0 182 182 0 0 0 1 1 1
1 P_0 183 183 0.1325285 0.18867924528301888 0.2512525 1 1 1
1 P_0 184 184 0.04297365 0.08080808080808081 0.1375285 1 1 1
1 P_0 185 185 0.113304 0.175 0.2469825 1 1 1
1 P_0 186 186 0.19782 0.25943396226415094 0.3200595 1 1 1
1 P_0 187 187 0 0 0 1 1 1
1 P_0 188 188 0 0 0 1 1 1
1 P_0 189 189 0 0 0 1 1 1
1 P_0 190 190 0.04635925 0.08695652173913043 0.1470835 1 1 1
1 P_0 191 191 0.1159575 0.1717171717171717 0.236232 1 1 1
1 P_0 192 192 0.04637995 0.09090909090909091 0.1580215 1 1 1
1 P_0 193 193 0 0 0 1 1 1
1 P_0 194 194 0.0557085 0.0970873786407767 0.154908 1 1 1
1 P_0 195 195 0.077882 0.125 0.185443 1 1 1
1 P_0 196 196 0.1897535 0.2524752475247525 0.3149255 1 1 1
1 P_0 197 197 0.0472647 0.084070796460177 0.1371875 1 1 1
1 P_0 198 198 0 0 0 1 1 1
1 P_0 199 199 0.1494645 0.20754716981132076 0.2700765 1 1 1
1 P_0 200 200 0 0 0 1 1 1
1 P_0 201 201 0.170349 0.226890756302521 0.285597 1 1 1
1 P_0 202 202 0.05151 0.09444444444444444 0.1564135 1 1 1
1 P_0 203 203 0.1781005 0.2383177570093458 0.2997475 1 1 1
1 P_0 204 204 0.1092715 0.16666666666666666 0.234274 1 1 1
1 P_0 205 205 0 0 0 1 1 1
1 P_0 206 206 0.03261245 0.0663265306122449 0.120726 1 1 1
1 P_0 207 207 0.1897535 0.2524752475247525 0.3149255 1 1 1
1 P_0 208 208 0 0 0 1 1 1
1 P_0 209 209 0.2071915 0.27647058823529413 0.3423225 1 1 1
1 P_0 210 210 0.04166965 0.0784313725490196 0.133801 1 1 1
1 P_0 211 211 0 0 0 1 1 1
1 P_0 212 212 0 0 0 1 1 1
1 P_0 213 213 0.132365 0.18932038834951456 0.252809 1 1 1
1 P_0 214 214 0.0648715 0.11235955056179775 0.176881 1 1 1
1 P_0 215 215 0.171977 0.23148148148148148 0.292891 1 1 1
1 P_0 216 216 0.03901785 0.07692307692307693 0.1357675 1 1 1
1 P_0 217 217 0.060559 0.10843373493975904 0.1750325 1 1 1
1 P_0 218 218 0.1569125 0.21875 0.2841885 1 1 1
1 P_0 219 219 0.04978615 0.0913978494623656 0.1518155 1 1 1
1 P_0 220 220 0 0 0 1 1 1
1 P_0 221 221 0.2567415 0.3291139240506329 0.390506 1 1 1
1 P_0 222 222 0 0 0 1 1 1
1 P_0 223 223 0.13813 0.19523809523809524 0.2581345 1 1 1
1 P_0 224 224 0 0 0 1 1 1
1 P_0 225 225 0 0 0 1 1 1
1 P_0 226 226 0.0540035 0.09883720930232558 0.1629925 1 1 1
1 P_0 227 227 0.1732525 0.23684210526315788 0.301963 1 1 1
1 P_0 228 228 0.055781 0.1038961038961039 0.172762 1 1 1
1 P_0 229 229 0 0 0 1 1 1
1 P_0 230 230 0 0 0 1 1 1
1 P_0 231 231 0 0 0 1 1 1
1 P_0 232 232 0.0802865 0.13414634146341464 0.203517 1 1 1
1 P_0 233 233 0 0 0 1 1 1
1 P_0 234 234 0.5 0.5 0.5 1 1 1
1 P_0 235 235 0 0 0 1 1 1
1 P_0 236 236 0.5 0.5 0.5 1 1 1
1 P_0 237 237 0.0837705 0.13063063063063063 0.1894425 1 1 1
1 P_0 238 238 0.1596995 0.21904761904761905 0.2816675 1 1 1
1 P_0 239 239 0.188518 0.2556818181818182 0.322134 1 1 1
1 P_0 240 240 0.1703415 0.23404255319148937 0.29962 1 1 1
1 P_0 241 241 0.063737 0.10416666666666667 0.158131 1 1 1
1 P_0 242 242 0 0 0 1 1 1
1 P_0 243 243 0 0 0 1 1 1
1 P_0 244 244 0.060751 0.102803738317757 0.1601165 1 1 1
1 P_0 245 245 0.04449455 0.078125 0.1267295 1 1 1
1 P_0 246 246 0.03853985 0.07425742574257425 0.1292125 1 1 1
1 P_0 247 247 0 0 0 1 1 1
1 P_0 248 248 0.5 0.5 0.5 1 1 1
1 P_0 249 249 0.0434827 0.08018867924528301 0.134645 1 1 1
1 P_0 250 250 0.0431764 0.0782608695652174 0.12994 1 1 1
1 P_0 251 251 0.0337371 0.07058823529411765 0.1305955 1 1 1
1 P_0 252 252 0.04044255 0.0761904761904762 0.1302695 1 1 1
1 P_0 253 253 0.0711375 0.11574074074074074 0.1741425 1 1 1
1 P_0 254 254 0 0 0 1 1 1
1 P_0 255 255 0.108028 0.16875 0.2406145 1 1 1
1 P_0 256 256 0.0754315 0.12643678160919541 0.1930745 1 1 1
1 P_0 257 257 0 0 0 1 1 1
1 P_0 258 258 0 0 0 1 1 1
1 P_0 259 259 0.2131555 0.27956989247311825 0.3424715 1 1 1
1 P_0 260 260 0.102013 0.15625 0.221285 1 1 1
1 P_0 261 261 0.1521515 0.22077922077922077 0.293564 1 1 1
1 P_0 262 262 0.02749205 0.059782608695652176 0.1148185 1 1 1
1 P_0 263 263 0 0 0 1 1 1
1 P_0 264 264 0 0 0 1 1 1
1 P_0 265 265 0.2359275 0.3010204081632653 0.36035 1 1 1
1 P_0 266 266 0.03403925 0.06914893617021277 0.1254595 1 1 1
1 P_0 267 267 0.111153 0.17058823529411765 0.2403025 1 1 1
1 P_0 268 268 0.05253 0.09174311926605505 0.147067 1 1 1
1 P_0 269 269 0.5 0.5 0.5 1 1 1
1 P_0 270 270 0.04519845 0.08050847457627118 0.131795 1 1 1
1 P_0 271 271 0.0277021 0.05825242718446602 0.109378 1 1 1
1 P_0 272 272 0.03181175 0.06666666666666667 0.123922 1 1 1
1 P_0 273 273 0 0 0 1 1 1
1 P_0 274 274 0 0 0 1 1 1
1 P_0 275 275 0 0 0 1 1 1
1 P_0 276 276 0.155823 0.21568627450980393 0.2792795 1 1 1
1 P_0 277 277 0 0 0 1 1 1
1 P_0 278 278 0 0 0 1 1 1
1 P_0 279 279 0.03650185 0.06896551724137931 0.118768 1 1 1
1 P_0 280 280 0.0205789 0.04891304347826087 0.1012635 1 1 1
1 P_0 281 281 0 0 0 1 1 1
1 P_0 282 282 0 0 0 1 1 1
1 P_0 283 283 0 0 0 1 1 1
1 P_0 284 284 0 0 0 1 1 1
1 P_0 285 285 0 0 0 1 1 1
1 P_0 286 286 0.5 0.5 0.5 1 1 1
1 P_0 287 287 0.1044195 0.15384615384615385 0.2124255 1 1 1
1 P_0 288 288 0.02180155 0.04950495049504951 0.099111 1 1 1
1 P_0 289 289 0 0 0 1 1 1
1 P_0 290 290 0.189114 0.25555555555555554 0.321316 1 1 1
1 P_0 291 291 0.193784 0.25462962962962965 0.314999 1 1 1
1 P_0 292 292 0.03891475 0.07339449541284404 0.1258395 1 1 1
1 P_0 293 293 0.1569125 0.21875 0.2841885 1 1 1
1 P_0 294 294 0.5 0.5 0.5 1 1 1
1 P_0 295 295 0.087511 0.13725490196078433 0.1992465 1 1 1
1 P_0 296 296 0 0 0 1 1 1
1 P_0 297 297 0.5 0.5 0.5 1 1 1
1 P_0 298 298 0 0 0 1 1 1
1 P_0 299 299 0 0 0 1 1 1
1 P_0 300 300 0 0 0 1 1 1
1 P_0 301 301 0 0 0 1 1 1
1 P_0 302 302 0.098778 0.15517241379310345 0.2235695 1 1 1
1 P_0 303 303 0.2096175 0.2702702702702703 0.3288925 1 1 1
1 P_0 304 304 0.1299925 0.19101123595505617 0.259338 1 1 1
1 P_0 305 305 0.138129 0.19696969696969696 0.2617425 1 1 1
1 P_0 306 306 0 0 0 1 1 1
1 P_0 307 307 0 0 0 1 1 1
1 P_0 308 308 0 0 0 1 1 1
1 P_0 309 309 0.5 0.5 0.5 1 1 1
1 P_0 310 310 0 0 0 1 1 1
1 P_0 311 311 0.114064 0.17010309278350516 0.2352545 1 1 1
1 P_0 312 312 0.2511675 0.31868131868131866 0.377866 1 1 1
1 P_0 313 313 0 0 0 1 1 1
1 P_0 314 314 0.01622525 0.04081632653061224 0.088898 1 1 1
1 P_0 315 315 0 0 0 1 1 1
1 P_0 316 316 0.121908 0.17372881355932204 0.232751 1 1 1
1 P_0 317 317 0 0 0 1 1 1
1 P_0 318 318 0.051504 0.09134615384615384 0.1480865 1 1 1
1 P_0 319 319 0.1541825 0.21359223300970873 0.2769225 1 1 1
1 P_0 320 320 0.0707475 0.11403508771929824 0.170586 1 1 1
1 P_0 321 321 0 0 0 1 1 1
1 P_0 322 322 0 0 0 1 1 1
1 P_0 323 323 0 0 0 1 1 1
1 P_0 324 324 0.102678 0.15315315315315314 0.2133275 1 1 1
1 P_0 325 325 0.0106116 0.030927835051546393 0.0760305 1 1 1
1 P_0 326 326 0 0 0 1 1 1
1 P_0 327 327 0.024493 0.05339805825242718 0.1033895 1 1 1
1 P_0 328 328 0 0 0 1 1 1
1 P_0 329 329 0.5 0.5 0.5 1 1 1
1 P_0 330 330 0.02473835 0.05392156862745098 0.104334 1 1 1
1 P_0 331 331 0 0 0 1 1 1
1 P_0 332 332 0.0373082 0.06910569105691057 0.1172755 1 1 1
1 P_0 333 333 0.1660035 0.22477064220183487 0.2861105 1 1 1
1 P_0 334 334 0 0 0 1 1 1
1 P_0 335 335 0 0 0 1 1 1
1 P_0 336 336 0.0324072 0.06422018348623854 0.114921 1 1 1
1 P_0 337 337 0.132693 0.18807339449541285 0.2497675 1 1 1
1 P_0 338 338 0.1474735 0.20833333333333334 0.273994 1 1 1
1 P_0 339 339 0 0 0 1 1 1
1 P_0 340 340 0.5 0.5 0.5 1 1 1
1 P_0 341 341 0.0941445 0.14285714285714285 0.2022065 1 1 1
1 P_0 342 342 0 0 0 1 1 1
1 P_0 343 343 0.5 0.5 0.5 1 1 1
1 P_0 344 344 0.164586 0.2268041237113402 0.2916685 1 1 1
1 P_0 345 345 0.0249886 0.054455445544554455 0.1052955 1 1 1
1 P_0 346 346 0 0 0 1 1 1
1 P_0 347 347 0.118515 0.17525773195876287 0.2405255 1 1 1
1 P_0 348 348 0 0 0 1 1 1
1 P_0 349 349 0.1437345 0.20093457943925233 0.2632275 1 1 1
1 P_0 350 350 0.0313006 0.06372549019607843 0.1163355 1 1 1
1 P_0 351 351 0.0309509 0.06140350877192982 0.110216 1 1 1
1 P_0 352 352 0.191473 0.25842696629213485 0.3243365 1 1 1
1 P_0 353 353 0.02080945 0.04945054945054945 0.1022965 1 1 1
1 P_0 354 354 0 0 0 1 1 1
1 P_0 355 355 0.0377347 0.07446808510638298 0.131786 1 1 1
1 P_0 356 356 0 0 0 1 1 1
1 P_0 357 357 0.0386957 0.0783132530120482 0.1406095 1 1 1
1 P_0 358 358 0.110766 0.16355140186915887 0.2253075 1 1 1
1 P_0 359 359 0 0 0 1 1 1
1 P_0 360 360 0.04388935 0.08247422680412371 0.14013 1 1 1
1 P_0 361 361 0 0 0 1 1 1
1 P_0 362 362 0 0 0 1 1 1
1 P_0 363 363 0.116632 0.1736842105263158 0.2396165 1 1 1
1 P_0 364 364 0.04434635 0.08173076923076923 0.1370305 1 1 1
1 P_0 365 365 0 0 0 1 1 1
1 P_0 366 366 0.0481452 0.08558558558558559 0.1394695 1 1 1
1 P_0 367 367 0.1212875 0.1761904761904762 0.238894 1 1 1
1 P_0 368 368 0 0 0 1 1 1
1 P_0 369 369 0.5 0.5 0.5 1 1 1
1 P_0 370 370 0.075524 0.12254901960784313 0.183416 1 1 1
1 P_0 371 371 0.11448 0.1652542372881356 0.2240295 1 1 1
1 P_0 372 372 0 0 0 1 1 1
1 P_0 373 373 0 0 0 1 1 1
1 P_0 374 374 0.1650565 0.22429906542056074 0.2862095 1 1 1
1 P_0 375 375 0 0 0 1 1 1
1 P_0 376 376 0.0211607 0.04807692307692308 0.0964375 1 1 1
1 P_0 377 377 0 0 0 1 1 1
1 P_0 378 378 0 0 0 1 1 1
1 P_0 379 379 0.1453845 0.20388349514563106 0.2673485 1 1 1
1 P_0 380 380 0 0 0 1 1 1
1 P_0 381 381 0.2820215 0.3403361344537815 0.3901915 1 1 1
1 P_0 382 382 0.1221 0.1782178217821782 0.2422115 1 1 1
1 P_0 383 383 0.136729 0.19339622641509435 0.255992 1 1 1
1 P_0 384 384 0.1421485 0.19736842105263158 0.257727 1 1 1
1 P_0 385 385 0.1510045 0.20952380952380953 0.2723215 1 1 1
1 P_0 386 386 0 0 0 1 1 1
1 P_0 387 387 0 0 0 1 1 1
1 P_0 388 388 0.0229033 0.05 0.0972275 1 1 1
1 P_0 389 389 0.2567645 0.3162393162393162 0.3694075 1 1 1
1 P_0 390 390 0.1011025 0.15730337078651685 0.224985 1 1 1
1 P_0 391 391 0.24777 0.3118811881188119 0.3692025 1 1 1
1 P_0 392 392 0.130595 0.18877551020408162 0.25387150000000003 1 1 1
1 P_0 393 393 0 0 0 1 1 1
1 P_0 394 394 0 0 0 1 1 1
1 P_0 395 395 0.04196395 0.08064516129032258 0.1393975 1 1 1
1 P_0 396 396 0.0212864 0.05056179775280899 0.104427 1 1 1
1 P_0 397 397 0.04342665 0.08163265306122448 0.138817 1 1 1
1 P_0 398 398 0 0 0 1 1 1
1 P_0 399 399 0.5 0.5 0.5 1 1 1
1 P_0 400 400 0.12082 0.17647058823529413 0.2401125 1 1 1
1 P_0 401 401 0.0586675 0.10204081632653061 0.162105 1 1 1
1 P_0 402 402 0.09769 0.15 0.213384 1 1 1
1 P_0 403 403 0.155035 0.21910112359550563 0.2869955 1 1 1
1 P_0 404 404 0.1296615 0.18571428571428572 0.2485615 1 1 1
1 P_0 405 405 0.04688705 0.08791208791208792 0.1485575 1 1 1
1 P_0 406 406 0.0975905 0.15476190476190477 0.2243985 1 1 1
1 P_0 407 407 0.13965 0.1989795918367347 0.2640725 1 1 1
1 P_0 408 408 0.0361498 0.07142857142857142 0.126825 1 1 1
1 P_0 409 409 0 0 0 1 1 1
1 P_0 410 410 0.1679695 0.2245762711864407 0.283584 1 1 1
1 P_0 411 411 0 0 0 1 1 1
1 P_0 412 412 0.0891915 0.13761467889908258 0.1974905 1 1 1
1 P_0 413 413 0.077198 0.12083333333333333 0.176461 1 1 1
1 P_0 414 414 0.03367095 0.06842105263157895 0.124242 1 1 1
1 P_0 415 415 0.1616035 0.21794871794871795 0.277346 1 1 1
1 P_0 416 416 0.0504085 0.09090909090909091 0.1491755 1 1 1
1 P_0 417 417 0.0350459 0.06930693069306931 0.1233415 1 1 1
1 P_0 418 418 0.02631925 0.05952380952380952 0.1175675 1 1 1
1 P_0 419 419 0.1421485 0.19736842105263158 0.257727 1 1 1
1 P_0 420 420 0.058177 0.09745762711864407 0.1511255 1 1 1
1 P_0 421 421 0 0 0 1 1 1
1 P_0 422 422 0 0 0 1 1 1
1 P_0 423 423 0 0 0 1 1 1
1 P_0 424 424 0.097755 0.14903846153846154 0.2110885 1 1 1
1 P_0 425 425 0 0 0 1 1 1
1 P_0 426 426 0.097602 0.15217391304347827 0.218482 1 1 1
1 P_0 427 427 0.0197056 0.046875 0.097331 1 1 1
1 P_0 428 428 0.0470138 0.09210526315789473 0.159891 1 1 1
1 P_0 429 429 0.5 0.5 0.5 1 1 1
1 P_0 430 430 0.0377695 0.07281553398058252 0.1268935 1 1 1
1 P_0 431 431 0.0504085 0.09090909090909091 0.1491755 1 1 1
1 P_0 432 432 0.04841895 0.09259259259259259 0.1580625 1 1 1
1 P_0 433 433 0.0606645 0.10396039603960396 0.1632615 1 1 1
1 P_0 434 434 0 0 0 1 1 1
1 P_0 435 435 0.02398065 0.05434782608695652 0.1080975 1 1 1
1 P_0 436 436 0 0 0 1 1 1
1 P_0 437 437 0.164372 0.22826086956521738 0.294759 1 1 1
1 P_0 438 438 0.0365334 0.07216494845360824 0.12803 1 1 1
1 P_0 439 439 0 0 0 1 1 1
1 P_0 440 440 0.1620355 0.22277227722772278 0.286497 1 1 1
1 P_0 441 441 0.0444317 0.08522727272727272 0.146615 1 1 1
1 P_0 442 442 0.02424995 0.054945054945054944 0.1091975 1 1 1
1 P_0 443 443 0 0 0 1 1 1
1 P_0 444 444 0.03519415 0.07142857142857142 0.1292595 1 1 1
1 P_0 445 445 0.2764645 0.3333333333333333 0.3828185 1 1 1
1 P_0 446 446 0.5 0.5 0.5 1 1 1
1 P_0 447 447 0 0 0 1 1 1
1 P_0 448 448 0.165607 0.22727272727272727 0.291481 1 1 1
1 P_0 449 449 0 0 0 1 1 1
1 P_0 450 450 0 0 0 1 1 1
1 P_0 451 451 0.2371545 0.30434782608695654 0.3650185 1 1 1
1 P_0 452 452 0 0 0 1 1 1
1 P_0 453 453 0 0 0 1 1 1
1 P_0 454 454 0.1624405 0.22580645161290322 0.2920465 1 1 1
1 P_0 455 455 0.2702185 0.33695652173913043 0.3932605 1 1 1
1 P_0 456 456 0 0 0 1 1 1
1 P_0 457 457 0.2543055 0.3135593220338983 0.3668115 1 1 1
1 P_0 458 458 0.0424353 0.08152173913043478 0.140784 1 1 1
1 P_0 459 459 0.1637175 0.22123893805309736 0.2815925 1 1 1
1 P_0 460 460 0 0 0 1 1 1
1 P_0 461 461 0.0846315 0.13793103448275862 0.2054115 1 1 1
1 P_0 462 462 0.172178 0.23469387755102042 0.2989385 1 1 1
1 P_0 463 463 0.072548 0.125 0.1945825 1 1 1
1 P_0 464 464 0.04524505 0.08333333333333333 0.139502 1 1 1
1 P_0 465 465 0 0 0 1 1 1
1 P_0 466 466 0.0809765 0.12857142857142856 0.188993 1 1 1
1 P_0 467 467 0.1863085 0.24761904761904763 0.3091815 1 1 1
1 P_0 468 468 0.16418 0.22988505747126436 0.2981375 1 1 1
1 P_0 469 469 0.13364 0.1919191919191919 0.256695 1 1 1
1 P_0 470 470 0.12071 0.1793478260869565 0.246464 1 1 1
1 P_0 471 471 0.0668725 0.11413043478260869 0.177678 1 1 1
1 P_0 472 472 0.0822935 0.13297872340425532 0.197413 1 1 1
1 P_0 473 473 0 0 0 1 1 1
1 P_0 474 474 0.03692525 0.07291666666666667 0.129258 1 1 1
1 P_0 475 475 0.5 0.5 0.5 1 1 1
1 P_0 476 476 0.0510735 0.08928571428571429 0.143435 1 1 1
1 P_0 477 477 0.210893 0.2755102040816326 0.3372455 1 1 1
1 P_0 478 478 0.03530015 0.06818181818181818 0.1193915 1 1 1
1 P_0 479 479 0 0 0 1 1 1
1 P_0 480 480 0.0866245 0.13829787234042554 0.2030965 1 1 1
1 P_0 481 481 0.0648615 0.1059322033898305 0.1605935 1 1 1
1 P_0 482 482 0.0594385 0.10194174757281553 0.160367 1 1 1
1 P_0 483 483 0.0466637 0.08585858585858586 0.14338 1 1 1
1 P_0 484 484 0.0431764 0.0782608695652174 0.12994 1 1 1
1 P_0 485 485 0.060045 0.10294117647058823 0.1618015 1 1 1
1 P_0 486 486 0.02780155 0.06043956043956044 0.1159835 1 1 1
1 P_0 487 487 0.130133 0.18468468468468469 0.2457795 1 1 1
1 P_0 488 488 0 0 0 1 1 1
1 P_0 489 489 0.5 0.5 0.5 1 1 1
1 P_0 490 490 0.03194305 0.065 0.11849 1 1 1
1 P_0 491 491 0.1267545 0.18269230769230768 0.2458095 1 1 1
1 P_0 492 492 0.0763085 0.12376237623762376 0.185057 1 1 1
1 P_0 493 493 0.1116075 0.16666666666666666 0.2310455 1 1 1
1 P_0 494 494 0.01622525 0.04081632653061224 0.088898 1 1 1
1 P_0 495 495 0 0 0 1 1 1
1 P_0 496 496 0.187475 0.24770642201834864 0.3081715 1 1 1
1 P_0 497 497 0 0 0 1 1 1
1 P_0 498 498 0 0 0 1 1 1
1 P_0 499 499 0.153754 0.21226415094339623 0.274727 1 1 1
1 P_0 500 500 0 0 0 1 1 1
1 P_0 501 501 0.04166965 0.0784313725490196 0.133801 1 1 1
1 P_0 502 502 0.0509955 0.09047619047619047 0.1467915 1 1 1
1 P_0 503 503 0.1286855 0.1881720430107527 0.2550025 1 1 1
1 P_0 504 504 0.1850745 0.24752475247524752 0.3102465 1 1 1
1 P_0 505 505 0 0 0 1 1 1
1 P_0 506 506 0.03217905 0.06741573033707865 0.1252015 1 1 1
1 P_0 507 507 0.080007 0.13218390804597702 0.1992675 1 1 1
1 P_0 508 508 0.127067 0.1822429906542056 0.2444515 1 1 1
1 P_0 509 509 0.0536425 0.095 0.153503 1 1 1
1 P_0 510 510 0.04457715 0.0875 0.152664 1 1 1
1 P_0 511 511 0.2026475 0.2638888888888889 0.3237015 1 1 1
1 P_0 512 512 0 0 0 1 1 1
1 P_0 513 513 0 0 0 1 1 1
1 P_0 514 514 0.2441805 0.30158730158730157 0.3544225 1 1 1
1 P_0 515 515 0 0 0 1 1 1
1 P_0 516 516 0.0249728 0.05263157894736842 0.09949 1 1 1
1 P_0 517 517 0.1694455 0.22767857142857142 0.2881285 1 1 1
1 P_0 518 518 0.5 0.5 0.5 1 1 1
1 P_0 519 519 0 0 0 1 1 1
1 P_0 520 520 0 0 0 1 1 1
1 P_0 521 521 0.0185298 0.046511627906976744 0.1004 1 1 1
1 P_0 522 522 0 0 0 1 1 1
1 P_0 523 523 0 0 0 1 1 1
1 P_0 524 524 0.0300945 0.06315789473684211 0.1178945 1 1 1
1 P_0 525 525 0 0 0 1 1 1
1 P_0 526 526 0.023336 0.05092592592592592 0.098912 1 1 1
1 P_0 527 527 0 0 0 1 1 1
1 P_0 528 528 0.13364 0.1919191919191919 0.256695 1 1 1
1 P_0 529 529 0.057402 0.09734513274336283 0.152301 1 1 1
1 P_0 530 530 0.193025 0.2578947368421053 0.3218455 1 1 1
1 P_0 531 531 0 0 0 1 1 1
1 P_0 532 532 0.218593 0.28823529411764703 0.3529275 1 1 1
1 P_0 533 533 0.04766 0.08762886597938144 0.146086 1 1 1
1 P_0 534 534 0.1235925 0.18333333333333332 0.251245 1 1 1
1 P_0 535 535 0.1395195 0.19545454545454546 0.256902 1 1 1
1 P_0 536 536 0 0 0 1 1 1
1 P_0 537 537 0.1899125 0.25 0.3100875 1 1 1
1 P_0 538 538 0.0301801 0.06547619047619048 0.1248485 1 1 1
1 P_0 539 539 0.0998045 0.15306122448979592 0.217264 1 1 1
1 P_0 540 540 0.0998045 0.15306122448979592 0.217264 1 1 1
1 P_0 541 541 0.088023 0.13917525773195877 0.202963 1 1 1
1 P_0 542 542 0.1563745 0.22289156626506024 0.292999 1 1 1
1 P_0 543 543 0 0 0 1 1 1
1 P_0 544 544 0 0 0 1 1 1
1 P_0 545 545 0.120549 0.1743119266055046 0.2357905 1 1 1
1 P_0 546 546 0.151362 0.2107843137254902 0.274469 1 1 1
1 P_0 547 547 0.1563455 0.21717171717171718 0.2816705 1 1 1
1 P_0 548 548 0.126146 0.18018018018018017 0.2412085 1 1 1
1 P_0 549 549 0.02604255 0.05670103092783505 0.1093265 1 1 1
1 P_0 550 550 0 0 0 1 1 1
1 P_0 551 551 0.0333336 0.06976744186046512 0.129204 1 1 1
1 P_0 552 552 0 0 0 1 1 1
1 P_0 553 553 0.07714 0.12631578947368421 0.189875 1 1 1
1 P_0 554 554 0.04887335 0.08823529411764706 0.1451495 1 1 1
1 P_0 555 555 0 0 0 1 1 1
1 P_0 556 556 0 0 0 1 1 1
1 P_0 557 557 0.130393 0.18947368421052632 0.255598 1 1 1
1 P_0 558 558 0.104113 0.15816326530612246 0.222584 1 1 1
1 P_0 559 559 0 0 0 1 1 1
1 P_0 560 560 0.073872 0.12121212121212122 0.1829465 1 1 1
