5 #m
43 #n
0 P_7 0 0 0 0 0 1 1 1
0 P_7 1 1 0.2209355 0.24095796676441839 0.261082 1 1 1
0 P_7 2 2 0 0 0 1 1 1
0 P_7 3 3 0 0 0 1 1 1
0 P_7 4 4 0.0571115 0.07046632124352331 0.0859535 1 1 1
0 P_7 5 5 0 0 0 1 1 1
0 P_7 6 6 0 0 0 1 1 1
0 P_7 7 7 0.2209835 0.2413793103448276 0.261875 1 1 1
0 P_7 8 8 0.172441 0.19199594731509625 0.2122245 1 1 1
0 P_7 9 9 0.051827 0.06445115810674723 0.0792175 1 1 1
0 P_7 10 10 0 0 0 1 1 1
0 P_7 11 11 0.06583 0.07997936016511868 0.09614 1 1 1
0 P_7 12 12 0 0 0 1 1 1
0 P_7 13 13 0.052414 0.06528497409326425 0.08035 1 1 1
0 P_7 14 14 0 0 0 1 1 1
0 P_7 15 15 0 0 0 1 1 1
0 P_7 16 16 0.5 0.5 0.5 1 1 1
0 P_7 17 17 0.2507235 0.270935960591133 0.290912 1 1 1
0 P_7 18 18 0 0 0 1 1 1
0 P_7 19 19 0.2363315 0.2568947906026558 0.277377 1 1 1
0 P_7 20 20 0.166123 0.18507751937984496 0.2047535 1 1 1
0 P_7 21 21 0.054808 0.06799163179916318 0.0833575 1 1 1
0 P_7 22 22 0.5 0.5 0.5 1 1 1
0 P_7 23 23 0 0 0 1 1 1
0 P_7 24 24 0 0 0 1 1 1
0 P_7 25 25 0 0 0 1 1 1
0 P_7 26 26 0 0 0 1 1 1
0 P_7 27 27 0 0 0 1 1 1
0 P_7 28 28 0.172668 0.19226856561546288 0.2125425 1 1 1
0 P_7 29 29 0 0 0 1 1 1
0 P_7 30 30 0 0 0 1 1 1
0 P_7 31 31 0.2135185 0.23391215526046988 0.2544945 1 1 1
0 P_7 32 32 0 0 0 1 1 1
0 P_7 33 33 0.166754 0.18639667705088267 0.2067965 1 1 1
0 P_7 34 34 0.2340945 0.25455465587044535 0.274962 1 1 1
0 P_7 35 35 0 0 0 1 1 1
0 P_7 36 36 0 0 0 1 1 1
0 P_7 37 37 0 0 0 1 1 1
0 P_7 38 38 0.1698355 0.18896484375 0.208778 1 1 1
0 P_7 39 39 0 0 0 1 1 1
0 P_7 40 40 0.2290795 0.24925962487660414 0.2694485 1 1 1
0 P_7 41 41 0.225723 0.24565637065637067 0.265638 1 1 1
0 P_7 42 42 0 0 0 1 1 1
1 P_3 0 0 0 0 0 1 1 1
1 P_3 1 1 0.257616 0.2782340862422998 0.2985195 1 1 1
1 P_3 2 2 0 0 0 1 1 1
1 P_3 3 3 0 0 0 1 1 1
1 P_3 4 4 0 0 0 1 1 1
1 P_3 5 5 0 0 0 1 1 1
1 P_3 6 6 0 0 0 1 1 1
1 P_3 7 7 0.25092 0.2713139418254764 0.291463 1 1 1
1 P_3 8 8 0 0 0 1 1 1
1 P_3 9 9 0 0 0 1 1 1
1 P_3 10 10 0 0 0 1 1 1
1 P_3 11 11 0 0 0 1 1 1
1 P_3 12 12 0 0 0 1 1 1
1 P_3 13 13 0 0 0 1 1 1
1 P_3 14 14 0 0 0 1 1 1
1 P_3 15 15 0 0 0 1 1 1
1 P_3 16 16 0.5 0.5 0.5 1 1 1
1 P_3 17 17 0.202895 0.2228855721393035 0.2431855 1 1 1
1 P_3 18 18 0 0 0 1 1 1
1 P_3 19 19 0.20705200000000001 0.2271815446339017 0.2475735 1 1 1
1 P_3 20 20 0 0 0 1 1 1
1 P_3 21 21 0 0 0 1 1 1
1 P_3 22 22 0.5 0.5 0.5 1 1 1
1 P_3 23 23 0 0 0 1 1 1
1 P_3 24 24 0.212685 0.23319544984488108 0.2539055 1 1 1
1 P_3 25 25 0 0 0 1 1 1
1 P_3 26 26 0.208694 0.22855750487329435 0.2486605 1 1 1
1 P_3 27 27 0.2049565 0.22538860103626943 0.246113 1 1 1
1 P_3 28 28 0 0 0 1 1 1
1 P_3 29 29 0 0 0 1 1 1
1 P_3 30 30 0 0 0 1 1 1
1 P_3 31 31 0.243171 0.2636363636363636 0.283944 1 1 1
1 P_3 32 32 0 0 0 1 1 1
1 P_3 33 33 0 0 0 1 1 1
1 P_3 34 34 0.211447 0.2317444219066937 0.252254 1 1 1
1 P_3 35 35 0 0 0 1 1 1
1 P_3 36 36 0.1918435 0.2122492080253432 0.233112 1 1 1
1 P_3 37 37 0 0 0 1 1 1
1 P_3 38 38 0 0 0 1 1 1
1 P_3 39 39 0 0 0 1 1 1
1 P_3 40 40 0.2650815 0.28515625 0.304837 1 1 1
1 P_3 41 41 0.2544365 0.2748244734202608 0.2949265 1 1 1
1 P_3 42 42 0 0 0 1 1 1
2 P_4 0 0 0 0 0 1 1 1
2 P_4 1 1 0.04683195 0.058794466403162056 0.072923 1 1 1
2 P_4 2 2 0 0 0 1 1 1
2 P_4 3 3 0 0 0 1 1 1
2 P_4 4 4 0 0 0 1 1 1
2 P_4 5 5 0 0 0 1 1 1
2 P_4 6 6 0.04136085 0.052845528455284556 0.066627 1 1 1
2 P_4 7 7 0 0 0 1 1 1
2 P_4 8 8 0.432882 0.4467005076142132 0.4582295 1 1 1
2 P_4 9 9 0 0 0 1 1 1
2 P_4 10 10 0 0 0 1 1 1
2 P_4 11 11 0 0 0 1 1 1
2 P_4 12 12 0 0 0 1 1 1
2 P_4 13 13 0 0 0 1 1 1
2 P_4 14 14 0 0 0 1 1 1
2 P_4 15 15 0 0 0 1 1 1
2 P_4 16 16 0.5 0.5 0.5 1 1 1
2 P_4 17 17 0.4157025 0.4303977272727273 0.443134 1 1 1
2 P_4 18 18 0 0 0 1 1 1
2 P_4 19 19 0.418299 0.43323293172690763 0.4460575 1 1 1
2 P_4 20 20 0.4175465 0.4328125 0.4458955 1 1 1
2 P_4 21 21 0 0 0 1 1 1
2 P_4 22 22 0.5 0.5 0.5 1 1 1
2 P_4 23 23 0.0616335 0.07509881422924901 0.090546 1 1 1
2 P_4 24 24 0 0 0 1 1 1
2 P_4 25 25 0 0 0 1 1 1
2 P_4 26 26 0 0 0 1 1 1
2 P_4 27 27 0 0 0 1 1 1
2 P_4 28 28 0.420366 0.43476190476190474 0.44714 1 1 1
2 P_4 29 29 0 0 0 1 1 1
2 P_4 30 30 0 0 0 1 1 1
2 P_4 31 31 0.0508195 0.06310679611650485 0.0774745 1 1 1
2 P_4 32 32 0 0 0 1 1 1
2 P_4 33 33 0.428966 0.44324045407636736 0.455229 1 1 1
2 P_4 34 34 0.418011 0.4327485380116959 0.445444 1 1 1
2 P_4 35 35 0 0 0 1 1 1
2 P_4 36 36 0 0 0 1 1 1
2 P_4 37 37 0 0 0 1 1 1
2 P_4 38 38 0.419601 0.43451776649746193 0.447287 1 1 1
2 P_4 39 39 0 0 0 1 1 1
2 P_4 40 40 0.055479 0.06847935548841894 0.0835755 1 1 1
2 P_4 41 41 0.053595 0.06656346749226007 0.081702 1 1 1
2 P_4 42 42 0.0440795 0.05595482546201232 0.070114 1 1 1
3 P_1 0 0 0.0685915 0.08282828282828283 0.099001 1 1 1
3 P_1 1 1 0.065474 0.07945344129554656 0.095412 1 1 1
3 P_1 2 2 0.2219905 0.24211045364891517 0.26232 1 1 1
3 P_1 3 3 0 0 0 1 1 1
3 P_1 4 4 0.231315 0.2511961722488038 0.271064 1 1 1
3 P_1 5 5 0.063958 0.07768924302788845 0.0933885 1 1 1
3 P_1 6 6 0 0 0 1 1 1
3 P_1 7 7 0.0625855 0.07644628099173553 0.0923625 1 1 1
3 P_1 8 8 0 0 0 1 1 1
3 P_1 9 9 0.214063 0.23377862595419846 0.253672 1 1 1
3 P_1 10 10 0.0712125 0.08569979716024341 0.1020975 1 1 1
3 P_1 11 11 0 0 0 1 1 1
3 P_1 12 12 0.2140055 0.23431174089068826 0.2548 1 1 1
3 P_1 13 13 0.2284745 0.24946581196581197 0.2704635 1 1 1
3 P_1 14 14 0.0567695 0.06963249516441006 0.084496 1 1 1
3 P_1 15 15 0 0 0 1 1 1
3 P_1 16 16 0.5 0.5 0.5 1 1 1
3 P_1 17 17 0.4045855 0.42023346303501946 0.4339825 1 1 1
3 P_1 18 18 0.064823 0.07903055848261328 0.0953035 1 1 1
3 P_1 19 19 0.4113185 0.42666005946481667 0.439994 1 1 1
3 P_1 20 20 0 0 0 1 1 1
3 P_1 21 21 0 0 0 1 1 1
3 P_1 22 22 0.5 0.5 0.5 1 1 1
3 P_1 23 23 0 0 0 1 1 1
3 P_1 24 24 0 0 0 1 1 1
3 P_1 25 25 0.1665415 0.18545279383429672 0.205077 1 1 1
3 P_1 26 26 0 0 0 1 1 1
3 P_1 27 27 0.1696835 0.18906720160481444 0.2091515 1 1 1
3 P_1 28 28 0 0 0 1 1 1
3 P_1 29 29 0.1585065 0.1778006166495375 0.1979455 1 1 1
3 P_1 30 30 0.243295 0.26338851022395326 0.2833325 1 1 1
3 P_1 31 31 0.064742 0.07857857857857858 0.0943825 1 1 1
3 P_1 32 32 0.2173265 0.2369914853358562 0.2567975 1 1 1
3 P_1 33 33 0 0 0 1 1 1
3 P_1 34 34 0.411437 0.42685370741482964 0.440239 1 1 1
3 P_1 35 35 0 0 0 1 1 1
3 P_1 36 36 0.1664665 0.18580060422960726 0.2058765 1 1 1
3 P_1 37 37 0.059374 0.07262845849802371 0.0878925 1 1 1
3 P_1 38 38 0 0 0 1 1 1
3 P_1 39 39 0.2324575 0.2527363184079602 0.272984 1 1 1
3 P_1 40 40 0.067096 0.08149316508937961 0.0979215 1 1 1
3 P_1 41 41 0.059944 0.07336683417085427 0.088825 1 1 1
3 P_1 42 42 0 0 0 1 1 1
4 P_6 0 0 0 0 0 1 1 1
4 P_6 1 1 0.120125 0.13737864077669903 0.155886 1 1 1
4 P_6 2 2 0.231315 0.2511961722488038 0.271064 1 1 1
4 P_6 3 3 0 0 0 1 1 1
4 P_6 4 4 0.2434195 0.26387487386478303 0.2841695 1 1 1
4 P_6 5 5 0 0 0 1 1 1
4 P_6 6 6 0 0 0 1 1 1
4 P_6 7 7 0.114716 0.13157894736842105 0.149742 1 1 1
4 P_6 8 8 0.096483 0.11266201395812563 0.130411 1 1 1
4 P_6 9 9 0.2322475 0.2524752475247525 0.2726745 1 1 1
4 P_6 10 10 0 0 0 1 1 1
4 P_6 11 11 0.106679 0.1239451476793249 0.142736 1 1 1
4 P_6 12 12 0.23535 0.2558257345491388 0.276234 1 1 1
4 P_6 13 13 0.239893 0.2600985221674877 0.28019 1 1 1
4 P_6 14 14 0 0 0 1 1 1
4 P_6 15 15 0 0 0 1 1 1
4 P_6 16 16 0.5 0.5 0.5 1 1 1
4 P_6 17 17 0.3382665 0.3575102880658436 0.375486 1 1 1
4 P_6 18 18 0 0 0 1 1 1
4 P_6 19 19 0.334808 0.35408163265306125 0.3721375 1 1 1
4 P_6 20 20 0.0965705 0.11291963377416073 0.130868 1 1 1
4 P_6 21 21 0.0894495 0.10493230174081238 0.1220245 1 1 1
4 P_6 22 22 0.5 0.5 0.5 1 1 1
4 P_6 23 23 0 0 0 1 1 1
4 P_6 24 24 0 0 0 1 1 1
4 P_6 25 25 0 0 0 1 1 1
4 P_6 26 26 0 0 0 1 1 1
4 P_6 27 27 0 0 0 1 1 1
4 P_6 28 28 0.0883505 0.1037827352085354 0.1208415 1 1 1
4 P_6 29 29 0 0 0 1 1 1
4 P_6 30 30 0.2383625 0.258974358974359 0.2794805 1 1 1
4 P_6 31 31 0.1240235 0.1414092664092664 0.1599975 1 1 1
4 P_6 32 32 0.2401505 0.26071428571428573 0.281153 1 1 1
4 P_6 33 33 0.1059745 0.12265084075173097 0.1407715 1 1 1
4 P_6 34 34 0.335505 0.3543499511241447 0.372025 1 1 1
4 P_6 35 35 0 0 0 1 1 1
4 P_6 36 36 0 0 0 1 1 1
4 P_6 37 37 0 0 0 1 1 1
4 P_6 38 38 0.0934395 0.10973084886128365 0.127687 1 1 1
4 P_6 39 39 0.2143225 0.23480947476828012 0.2554755 1 1 1
4 P_6 40 40 0.1132145 0.13005780346820808 0.1482265 1 1 1
4 P_6 41 41 0.124862 0.14257228315054835 0.161511 1 1 1
4 P_6 42 42 0 0 0 1 1 1
