10 #m
46 #n
0 P_4 0 0 0 0 0 1 1 1
0 P_4 1 1 0.1413905 0.1472 0.153128 1 1 1
0 P_4 2 2 0.5 0.5 0.5 1 1 1
0 P_4 3 3 0 0 0 1 1 1
0 P_4 4 4 0 0 0 1 1 1
0 P_4 5 5 0 0 0 1 1 1
0 P_4 6 6 0 0 0 1 1 1
0 P_4 7 7 0.3469225 0.35285 0.358659 1 1 1
0 P_4 8 8 0 0 0 1 1 1
0 P_4 9 9 0.1413905 0.1472 0.153128 1 1 1
0 P_4 10 10 0 0 0 1 1 1
0 P_4 11 11 0 0 0 1 1 1
0 P_4 12 12 0 0 0 1 1 1
0 P_4 13 13 0 0 0 1 1 1
0 P_4 14 14 0 0 0 1 1 1
0 P_4 15 15 0 0 0 1 1 1
0 P_4 16 16 0.5 0.5 0.5 1 1 1
0 P_4 17 17 0.1413905 0.1472 0.153128 1 1 1
0 P_4 18 18 0 0 0 1 1 1
0 P_4 19 19 0.3469225 0.35285 0.358659 1 1 1
0 P_4 20 20 0 0 0 1 1 1
0 P_4 21 21 0 0 0 1 1 1
0 P_4 22 22 0.5 0.5 0.5 1 1 1
0 P_4 23 23 0.5 0.5 0.5 1 1 1
0 P_4 24 24 0 0 0 1 1 1
0 P_4 25 25 0.1413905 0.1472 0.153128 1 1 1
0 P_4 26 26 0.5 0.5 0.5 1 1 1
0 P_4 27 27 0 0 0 1 1 1
0 P_4 28 28 0 0 0 1 1 1
0 P_4 29 29 0 0 0 1 1 1
0 P_4 30 30 0.3469225 0.35285 0.358659 1 1 1
0 P_4 31 31 0 0 0 1 1 1
0 P_4 32 32 0 0 0 1 1 1
0 P_4 33 33 0 0 0 1 1 1
0 P_4 34 34 0 0 0 1 1 1
0 P_4 35 35 0 0 0 1 1 1
0 P_4 36 36 0.5 0.5 0.5 1 1 1
0 P_4 37 37 0.3469225 0.35285 0.358659 1 1 1
0 P_4 38 38 0 0 0 1 1 1
0 P_4 39 39 0 0 0 1 1 1
0 P_4 40 40 0.1413905 0.1472 0.153128 1 1 1
0 P_4 41 41 0 0 0 1 1 1
0 P_4 42 42 0 0 0 1 1 1
0 P_4 43 43 0 0 0 1 1 1
0 P_4 44 44 0 0 0 1 1 1
0 P_4 45 45 0.1413905 0.1472 0.153128 1 1 1
1 P_8 0 0 0.1078895 0.1132 0.118668 1 1 1
1 P_8 1 1 0.1078895 0.1132 0.118668 1 1 1
1 P_8 2 2 0.5 0.5 0.5 1 1 1
1 P_8 3 3 0.1078895 0.1132 0.118668 1 1 1
1 P_8 4 4 0.1078895 0.1132 0.118668 1 1 1
1 P_8 5 5 0 0 0 1 1 1
1 P_8 6 6 0 0 0 1 1 1
1 P_8 7 7 0.2315265 0.23795 0.2443875 1 1 1
1 P_8 8 8 0.055827 0.0599 0.0641915 1 1 1
1 P_8 9 9 0 0 0 1 1 1
1 P_8 10 10 0 0 0 1 1 1
1 P_8 11 11 0.055827 0.0599 0.0641915 1 1 1
1 P_8 12 12 0 0 0 1 1 1
1 P_8 13 13 0 0 0 1 1 1
1 P_8 14 14 0 0 0 1 1 1
1 P_8 15 15 0 0 0 1 1 1
1 P_8 16 16 0.5 0.5 0.5 1 1 1
1 P_8 17 17 0 0 0 1 1 1
1 P_8 18 18 0.1078895 0.1132 0.118668 1 1 1
1 P_8 19 19 0.2315265 0.23795 0.2443875 1 1 1
1 P_8 20 20 0.055827 0.0599 0.0641915 1 1 1
1 P_8 21 21 0.055827 0.0599 0.0641915 1 1 1
1 P_8 22 22 0.5 0.5 0.5 1 1 1
1 P_8 23 23 0.5 0.5 0.5 1 1 1
1 P_8 24 24 0.1078895 0.1132 0.118668 1 1 1
1 P_8 25 25 0 0 0 1 1 1
1 P_8 26 26 0.5 0.5 0.5 1 1 1
1 P_8 27 27 0 0 0 1 1 1
1 P_8 28 28 0.1078895 0.1132 0.118668 1 1 1
1 P_8 29 29 0.055827 0.0599 0.0641915 1 1 1
1 P_8 30 30 0.2315265 0.23795 0.2443875 1 1 1
1 P_8 31 31 0 0 0 1 1 1
1 P_8 32 32 0 0 0 1 1 1
1 P_8 33 33 0.055827 0.0599 0.0641915 1 1 1
1 P_8 34 34 0 0 0 1 1 1
1 P_8 35 35 0.055827 0.0599 0.0641915 1 1 1
1 P_8 36 36 0.43586 0.44015 0.4442215 1 1 1
1 P_8 37 37 0.2315265 0.23795 0.2443875 1 1 1
1 P_8 38 38 0 0 0 1 1 1
1 P_8 39 39 0 0 0 1 1 1
1 P_8 40 40 0 0 0 1 1 1
1 P_8 41 41 0 0 0 1 1 1
1 P_8 42 42 0.055827 0.0599 0.0641915 1 1 1
1 P_8 43 43 0 0 0 1 1 1
1 P_8 44 44 0 0 0 1 1 1
1 P_8 45 45 0 0 0 1 1 1
2 P_3 0 0 0 0 0 1 1 1
2 P_3 1 1 0 0 0 1 1 1
2 P_3 2 2 0.5 0.5 0.5 1 1 1
2 P_3 3 3 0 0 0 1 1 1
2 P_3 4 4 0 0 0 1 1 1
2 P_3 5 5 0 0 0 1 1 1
2 P_3 6 6 0 0 0 1 1 1
2 P_3 7 7 0 0 0 1 1 1
2 P_3 8 8 0.16147 0.1675 0.173625 1 1 1
2 P_3 9 9 0 0 0 1 1 1
2 P_3 10 10 0 0 0 1 1 1
2 P_3 11 11 0.16147 0.1675 0.173625 1 1 1
2 P_3 12 12 0 0 0 1 1 1
2 P_3 13 13 0 0 0 1 1 1
2 P_3 14 14 0 0 0 1 1 1
2 P_3 15 15 0 0 0 1 1 1
2 P_3 16 16 0.5 0.5 0.5 1 1 1
2 P_3 17 17 0 0 0 1 1 1
2 P_3 18 18 0 0 0 1 1 1
2 P_3 19 19 0 0 0 1 1 1
2 P_3 20 20 0.16147 0.1675 0.173625 1 1 1
2 P_3 21 21 0.16147 0.1675 0.173625 1 1 1
2 P_3 22 22 0.5 0.5 0.5 1 1 1
2 P_3 23 23 0.5 0.5 0.5 1 1 1
2 P_3 24 24 0 0 0 1 1 1
2 P_3 25 25 0 0 0 1 1 1
2 P_3 26 26 0.5 0.5 0.5 1 1 1
2 P_3 27 27 0 0 0 1 1 1
2 P_3 28 28 0 0 0 1 1 1
2 P_3 29 29 0.16147 0.1675 0.173625 1 1 1
2 P_3 30 30 0 0 0 1 1 1
2 P_3 31 31 0 0 0 1 1 1
2 P_3 32 32 0 0 0 1 1 1
2 P_3 33 33 0.16147 0.1675 0.173625 1 1 1
2 P_3 34 34 0 0 0 1 1 1
2 P_3 35 35 0.16147 0.1675 0.173625 1 1 1
2 P_3 36 36 0.3264255 0.33255 0.3385795 1 1 1
2 P_3 37 37 0 0 0 1 1 1
2 P_3 38 38 0 0 0 1 1 1
2 P_3 39 39 0 0 0 1 1 1
2 P_3 40 40 0 0 0 1 1 1
2 P_3 41 41 0 0 0 1 1 1
2 P_3 42 42 0.16147 0.1675 0.173625 1 1 1
2 P_3 43 43 0 0 0 1 1 1
2 P_3 44 44 0 0 0 1 1 1
2 P_3 45 45 0 0 0 1 1 1
3 P_2 0 0 0 0 0 1 1 1
3 P_2 1 1 0.152017 0.15795 0.163989 1 1 1
3 P_2 2 2 0.5 0.5 0.5 1 1 1
3 P_2 3 3 0 0 0 1 1 1
3 P_2 4 4 0 0 0 1 1 1
3 P_2 5 5 0 0 0 1 1 1
3 P_2 6 6 0 0 0 1 1 1
3 P_2 7 7 0 0 0 1 1 1
3 P_2 8 8 0.0735725 0.07815 0.0829255 1 1 1
3 P_2 9 9 0.152017 0.15795 0.163989 1 1 1
3 P_2 10 10 0 0 0 1 1 1
3 P_2 11 11 0.0735725 0.07815 0.0829255 1 1 1
3 P_2 12 12 0.1894965 0.19575 0.202066 1 1 1
3 P_2 13 13 0.257564 0.264 0.27042 1 1 1
3 P_2 14 14 0 0 0 1 1 1
3 P_2 15 15 0 0 0 1 1 1
3 P_2 16 16 0.5 0.5 0.5 1 1 1
3 P_2 17 17 0.152017 0.15795 0.163989 1 1 1
3 P_2 18 18 0 0 0 1 1 1
3 P_2 19 19 0 0 0 1 1 1
3 P_2 20 20 0.3360615 0.3421 0.3480325 1 1 1
3 P_2 21 21 0.3360615 0.3421 0.3480325 1 1 1
3 P_2 22 22 0.5 0.5 0.5 1 1 1
3 P_2 23 23 0.5 0.5 0.5 1 1 1
3 P_2 24 24 0 0 0 1 1 1
3 P_2 25 25 0.152017 0.15795 0.163989 1 1 1
3 P_2 26 26 0.5 0.5 0.5 1 1 1
3 P_2 27 27 0 0 0 1 1 1
3 P_2 28 28 0 0 0 1 1 1
3 P_2 29 29 0.0735725 0.07815 0.0829255 1 1 1
3 P_2 30 30 0 0 0 1 1 1
3 P_2 31 31 0 0 0 1 1 1
3 P_2 32 32 0 0 0 1 1 1
3 P_2 33 33 0.0735725 0.07815 0.0829255 1 1 1
3 P_2 34 34 0 0 0 1 1 1
3 P_2 35 35 0.3360615 0.3421 0.3480325 1 1 1
3 P_2 36 36 0.152017 0.15795 0.163989 1 1 1
3 P_2 37 37 0 0 0 1 1 1
3 P_2 38 38 0.257564 0.264 0.27042 1 1 1
3 P_2 39 39 0 0 0 1 1 1
3 P_2 40 40 0.152017 0.15795 0.163989 1 1 1
3 P_2 41 41 0 0 0 1 1 1
3 P_2 42 42 0.0735725 0.07815 0.0829255 1 1 1
3 P_2 43 43 0 0 0 1 1 1
3 P_2 44 44 0.257564 0.264 0.27042 1 1 1
3 P_2 45 45 0.152017 0.15795 0.163989 1 1 1
4 P_7 0 0 0.230678 0.2371 0.243537 1 1 1
4 P_7 1 1 0.3185635 0.32475 0.3308505 1 1 1
4 P_7 2 2 0.5 0.5 0.5 1 1 1
4 P_7 3 3 0.3185635 0.32475 0.3308505 1 1 1
4 P_7 4 4 0.230678 0.2371 0.243537 1 1 1
4 P_7 5 5 0 0 0 1 1 1
4 P_7 6 6 0 0 0 1 1 1
4 P_7 7 7 0 0 0 1 1 1
4 P_7 8 8 0 0 0 1 1 1
4 P_7 9 9 0 0 0 1 1 1
4 P_7 10 10 0 0 0 1 1 1
4 P_7 11 11 0 0 0 1 1 1
4 P_7 12 12 0 0 0 1 1 1
4 P_7 13 13 0.169199 0.1753 0.181487 1 1 1
4 P_7 14 14 0 0 0 1 1 1
4 P_7 15 15 0.082847 0.08765 0.09264 1 1 1
4 P_7 16 16 0.5 0.5 0.5 1 1 1
4 P_7 17 17 0 0 0 1 1 1
4 P_7 18 18 0.230678 0.2371 0.243537 1 1 1
4 P_7 19 19 0 0 0 1 1 1
4 P_7 20 20 0.169199 0.1753 0.181487 1 1 1
4 P_7 21 21 0.169199 0.1753 0.181487 1 1 1
4 P_7 22 22 0.5 0.5 0.5 1 1 1
4 P_7 23 23 0.5 0.5 0.5 1 1 1
4 P_7 24 24 0.230678 0.2371 0.243537 1 1 1
4 P_7 25 25 0 0 0 1 1 1
4 P_7 26 26 0.5 0.5 0.5 1 1 1
4 P_7 27 27 0.082847 0.08765 0.09264 1 1 1
4 P_7 28 28 0.3185635 0.32475 0.3308505 1 1 1
4 P_7 29 29 0 0 0 1 1 1
4 P_7 30 30 0 0 0 1 1 1
4 P_7 31 31 0.082847 0.08765 0.09264 1 1 1
4 P_7 32 32 0 0 0 1 1 1
4 P_7 33 33 0 0 0 1 1 1
4 P_7 34 34 0.082847 0.08765 0.09264 1 1 1
4 P_7 35 35 0.169199 0.1753 0.181487 1 1 1
4 P_7 36 36 0.3185635 0.32475 0.3308505 1 1 1
4 P_7 37 37 0 0 0 1 1 1
4 P_7 38 38 0.169199 0.1753 0.181487 1 1 1
4 P_7 39 39 0.082847 0.08765 0.09264 1 1 1
4 P_7 40 40 0 0 0 1 1 1
4 P_7 41 41 0.082847 0.08765 0.09264 1 1 1
4 P_7 42 42 0 0 0 1 1 1
4 P_7 43 43 0 0 0 1 1 1
4 P_7 44 44 0.169199 0.1753 0.181487 1 1 1
4 P_7 45 45 0 0 0 1 1 1
5 P_9 0 0 0 0 0 1 1 1
5 P_9 1 1 0.5 0.5 0.5 1 1 1
5 P_9 2 2 0.5 0.5 0.5 1 1 1
5 P_9 3 3 0.5 0.5 0.5 1 1 1
5 P_9 4 4 0 0 0 1 1 1
5 P_9 5 5 0 0 0 1 1 1
5 P_9 6 6 0 0 0 1 1 1
5 P_9 7 7 0 0 0 1 1 1
5 P_9 8 8 0 0 0 1 1 1
5 P_9 9 9 0 0 0 1 1 1
5 P_9 10 10 0 0 0 1 1 1
5 P_9 11 11 0 0 0 1 1 1
5 P_9 12 12 0 0 0 1 1 1
5 P_9 13 13 0 0 0 1 1 1
5 P_9 14 14 0 0 0 1 1 1
5 P_9 15 15 0.5 0.5 0.5 1 1 1
5 P_9 16 16 0.5 0.5 0.5 1 1 1
5 P_9 17 17 0 0 0 1 1 1
5 P_9 18 18 0 0 0 1 1 1
5 P_9 19 19 0 0 0 1 1 1
5 P_9 20 20 0 0 0 1 1 1
5 P_9 21 21 0 0 0 1 1 1
5 P_9 22 22 0.5 0.5 0.5 1 1 1
5 P_9 23 23 0.5 0.5 0.5 1 1 1
5 P_9 24 24 0 0 0 1 1 1
5 P_9 25 25 0 0 0 1 1 1
5 P_9 26 26 0.5 0.5 0.5 1 1 1
5 P_9 27 27 0.5 0.5 0.5 1 1 1
5 P_9 28 28 0.5 0.5 0.5 1 1 1
5 P_9 29 29 0 0 0 1 1 1
5 P_9 30 30 0 0 0 1 1 1
5 P_9 31 31 0.5 0.5 0.5 1 1 1
5 P_9 32 32 0 0 0 1 1 1
5 P_9 33 33 0 0 0 1 1 1
5 P_9 34 34 0.5 0.5 0.5 1 1 1
5 P_9 35 35 0 0 0 1 1 1
5 P_9 36 36 0.5 0.5 0.5 1 1 1
5 P_9 37 37 0 0 0 1 1 1
5 P_9 38 38 0 0 0 1 1 1
5 P_9 39 39 0.5 0.5 0.5 1 1 1
5 P_9 40 40 0 0 0 1 1 1
5 P_9 41 41 0.5 0.5 0.5 1 1 1
5 P_9 42 42 0 0 0 1 1 1
5 P_9 43 43 0 0 0 1 1 1
5 P_9 44 44 0 0 0 1 1 1
5 P_9 45 45 0 0 0 1 1 1
6 P_5 0 0 0 0 0 1 1 1
6 P_5 1 1 0.1702895 0.1764 0.182595 1 1 1
6 P_5 2 2 0.5 0.5 0.5 1 1 1
6 P_5 3 3 0.1702895 0.1764 0.182595 1 1 1
6 P_5 4 4 0 0 0 1 1 1
6 P_5 5 5 0 0 0 1 1 1
6 P_5 6 6 0 0 0 1 1 1
6 P_5 7 7 0 0 0 1 1 1
6 P_5 8 8 0.237817 0.24425 0.2506895 1 1 1
6 P_5 9 9 0 0 0 1 1 1
6 P_5 10 10 0 0 0 1 1 1
6 P_5 11 11 0.237817 0.24425 0.2506895 1 1 1
6 P_5 12 12 0.0747915 0.0794 0.084205 1 1 1
6 P_5 13 13 0.0747915 0.0794 0.084205 1 1 1
6 P_5 14 14 0 0 0 1 1 1
6 P_5 15 15 0.1702895 0.1764 0.182595 1 1 1
6 P_5 16 16 0.5 0.5 0.5 1 1 1
6 P_5 17 17 0 0 0 1 1 1
6 P_5 18 18 0 0 0 1 1 1
6 P_5 19 19 0 0 0 1 1 1
6 P_5 20 20 0.317455 0.32365 0.32976 1 1 1
6 P_5 21 21 0.317455 0.32365 0.32976 1 1 1
6 P_5 22 22 0.5 0.5 0.5 1 1 1
6 P_5 23 23 0.5 0.5 0.5 1 1 1
6 P_5 24 24 0 0 0 1 1 1
6 P_5 25 25 0 0 0 1 1 1
6 P_5 26 26 0.5 0.5 0.5 1 1 1
6 P_5 27 27 0.1702895 0.1764 0.182595 1 1 1
6 P_5 28 28 0.1702895 0.1764 0.182595 1 1 1
6 P_5 29 29 0.237817 0.24425 0.2506895 1 1 1
6 P_5 30 30 0 0 0 1 1 1
6 P_5 31 31 0.1702895 0.1764 0.182595 1 1 1
6 P_5 32 32 0 0 0 1 1 1
6 P_5 33 33 0.237817 0.24425 0.2506895 1 1 1
6 P_5 34 34 0.1702895 0.1764 0.182595 1 1 1
6 P_5 35 35 0.317455 0.32365 0.32976 1 1 1
6 P_5 36 36 0.1702895 0.1764 0.182595 1 1 1
6 P_5 37 37 0 0 0 1 1 1
6 P_5 38 38 0.0747915 0.0794 0.084205 1 1 1
6 P_5 39 39 0.1702895 0.1764 0.182595 1 1 1
6 P_5 40 40 0 0 0 1 1 1
6 P_5 41 41 0.1702895 0.1764 0.182595 1 1 1
6 P_5 42 42 0.237817 0.24425 0.2506895 1 1 1
6 P_5 43 43 0 0 0 1 1 1
6 P_5 44 44 0.0747915 0.0794 0.084205 1 1 1
6 P_5 45 45 0 0 0 1 1 1
7 P_6 0 0 0 0 0 1 1 1
7 P_6 1 1 0 0 0 1 1 1
7 P_6 2 2 0.5 0.5 0.5 1 1 1
7 P_6 3 3 0 0 0 1 1 1
7 P_6 4 4 0 0 0 1 1 1
7 P_6 5 5 0.3378285 0.34385 0.3497635 1 1 1
7 P_6 6 6 0.3378285 0.34385 0.3497635 1 1 1
7 P_6 7 7 0 0 0 1 1 1
7 P_6 8 8 0.0785975 0.0833 0.0881945 1 1 1
7 P_6 9 9 0 0 0 1 1 1
7 P_6 10 10 0.3378285 0.34385 0.3497635 1 1 1
7 P_6 11 11 0.0785975 0.0833 0.0881945 1 1 1
7 P_6 12 12 0 0 0 1 1 1
7 P_6 13 13 0 0 0 1 1 1
7 P_6 14 14 0.3378285 0.34385 0.3497635 1 1 1
7 P_6 15 15 0 0 0 1 1 1
7 P_6 16 16 0.5 0.5 0.5 1 1 1
7 P_6 17 17 0 0 0 1 1 1
7 P_6 18 18 0 0 0 1 1 1
7 P_6 19 19 0 0 0 1 1 1
7 P_6 20 20 0.4225045 0.42715 0.4315915 1 1 1
7 P_6 21 21 0.4225045 0.42715 0.4315915 1 1 1
7 P_6 22 22 0.5 0.5 0.5 1 1 1
7 P_6 23 23 0.5 0.5 0.5 1 1 1
7 P_6 24 24 0 0 0 1 1 1
7 P_6 25 25 0 0 0 1 1 1
7 P_6 26 26 0.5 0.5 0.5 1 1 1
7 P_6 27 27 0 0 0 1 1 1
7 P_6 28 28 0 0 0 1 1 1
7 P_6 29 29 0.0785975 0.0833 0.0881945 1 1 1
7 P_6 30 30 0 0 0 1 1 1
7 P_6 31 31 0 0 0 1 1 1
7 P_6 32 32 0.3378285 0.34385 0.3497635 1 1 1
7 P_6 33 33 0.0785975 0.0833 0.0881945 1 1 1
7 P_6 34 34 0 0 0 1 1 1
7 P_6 35 35 0.4225045 0.42715 0.4315915 1 1 1
7 P_6 36 36 0.068457 0.0729 0.077547 1 1 1
7 P_6 37 37 0 0 0 1 1 1
7 P_6 38 38 0 0 0 1 1 1
7 P_6 39 39 0 0 0 1 1 1
7 P_6 40 40 0 0 0 1 1 1
7 P_6 41 41 0 0 0 1 1 1
7 P_6 42 42 0.0785975 0.0833 0.0881945 1 1 1
7 P_6 43 43 0.3378285 0.34385 0.3497635 1 1 1
7 P_6 44 44 0.3378285 0.34385 0.3497635 1 1 1
7 P_6 45 45 0 0 0 1 1 1
8 P_1 0 0 0 0 0 1 1 1
8 P_1 1 1 0.414158 0.419 0.4236475 1 1 1
8 P_1 2 2 0.5 0.5 0.5 1 1 1
8 P_1 3 3 0 0 0 1 1 1
8 P_1 4 4 0 0 0 1 1 1
8 P_1 5 5 0 0 0 1 1 1
8 P_1 6 6 0 0 0 1 1 1
8 P_1 7 7 0 0 0 1 1 1
8 P_1 8 8 0.076401 0.08105 0.0858935 1 1 1
8 P_1 9 9 0.414158 0.419 0.4236475 1 1 1
8 P_1 10 10 0 0 0 1 1 1
8 P_1 11 11 0.076401 0.08105 0.0858935 1 1 1
8 P_1 12 12 0 0 0 1 1 1
8 P_1 13 13 0 0 0 1 1 1
8 P_1 14 14 0 0 0 1 1 1
8 P_1 15 15 0 0 0 1 1 1
8 P_1 16 16 0.5 0.5 0.5 1 1 1
8 P_1 17 17 0.414158 0.419 0.4236475 1 1 1
8 P_1 18 18 0 0 0 1 1 1
8 P_1 19 19 0 0 0 1 1 1
8 P_1 20 20 0.076401 0.08105 0.0858935 1 1 1
8 P_1 21 21 0.076401 0.08105 0.0858935 1 1 1
8 P_1 22 22 0.5 0.5 0.5 1 1 1
8 P_1 23 23 0.5 0.5 0.5 1 1 1
8 P_1 24 24 0 0 0 1 1 1
8 P_1 25 25 0.414158 0.419 0.4236475 1 1 1
8 P_1 26 26 0.5 0.5 0.5 1 1 1
8 P_1 27 27 0 0 0 1 1 1
8 P_1 28 28 0 0 0 1 1 1
8 P_1 29 29 0.076401 0.08105 0.0858935 1 1 1
8 P_1 30 30 0 0 0 1 1 1
8 P_1 31 31 0 0 0 1 1 1
8 P_1 32 32 0 0 0 1 1 1
8 P_1 33 33 0.076401 0.08105 0.0858935 1 1 1
8 P_1 34 34 0 0 0 1 1 1
8 P_1 35 35 0.076401 0.08105 0.0858935 1 1 1
8 P_1 36 36 0.414158 0.419 0.4236475 1 1 1
8 P_1 37 37 0 0 0 1 1 1
8 P_1 38 38 0 0 0 1 1 1
8 P_1 39 39 0 0 0 1 1 1
8 P_1 40 40 0.414158 0.419 0.4236475 1 1 1
8 P_1 41 41 0 0 0 1 1 1
8 P_1 42 42 0.076401 0.08105 0.0858935 1 1 1
8 P_1 43 43 0 0 0 1 1 1
8 P_1 44 44 0 0 0 1 1 1
8 P_1 45 45 0.414158 0.419 0.4236475 1 1 1
9 P_0 0 0 0 0 0 1 1 1
9 P_0 1 1 0.056554 0.06065 0.064964 1 1 1
9 P_0 2 2 0.5 0.5 0.5 1 1 1
9 P_0 3 3 0.056554 0.06065 0.064964 1 1 1
9 P_0 4 4 0 0 0 1 1 1
9 P_0 5 5 0.3026595 0.30895 0.3151725 1 1 1
9 P_0 6 6 0.3026595 0.30895 0.3151725 1 1 1
9 P_0 7 7 0.0707455 0.07525 0.0799555 1 1 1
9 P_0 8 8 0 0 0 1 1 1
9 P_0 9 9 0 0 0 1 1 1
9 P_0 10 10 0.3026595 0.30895 0.3151725 1 1 1
9 P_0 11 11 0 0 0 1 1 1
9 P_0 12 12 0.051324 0.05525 0.0594 1 1 1
9 P_0 13 13 0.051324 0.05525 0.0594 1 1 1
9 P_0 14 14 0.3026595 0.30895 0.3151725 1 1 1
9 P_0 15 15 0.056554 0.06065 0.064964 1 1 1
9 P_0 16 16 0.5 0.5 0.5 1 1 1
9 P_0 17 17 0 0 0 1 1 1
9 P_0 18 18 0 0 0 1 1 1
9 P_0 19 19 0.0707455 0.07525 0.0799555 1 1 1
9 P_0 20 20 0.358407 0.3642 0.3698615 1 1 1
9 P_0 21 21 0.358407 0.3642 0.3698615 1 1 1
9 P_0 22 22 0.5 0.5 0.5 1 1 1
9 P_0 23 23 0.5 0.5 0.5 1 1 1
9 P_0 24 24 0 0 0 1 1 1
9 P_0 25 25 0 0 0 1 1 1
9 P_0 26 26 0.5 0.5 0.5 1 1 1
9 P_0 27 27 0.056554 0.06065 0.064964 1 1 1
9 P_0 28 28 0.056554 0.06065 0.064964 1 1 1
9 P_0 29 29 0 0 0 1 1 1
9 P_0 30 30 0.0707455 0.07525 0.0799555 1 1 1
9 P_0 31 31 0.056554 0.06065 0.064964 1 1 1
9 P_0 32 32 0.3026595 0.30895 0.3151725 1 1 1
9 P_0 33 33 0 0 0 1 1 1
9 P_0 34 34 0.056554 0.06065 0.064964 1 1 1
9 P_0 35 35 0.358407 0.3642 0.3698615 1 1 1
9 P_0 36 36 0.1301875 0.13585 0.1416435 1 1 1
9 P_0 37 37 0.0707455 0.07525 0.0799555 1 1 1
9 P_0 38 38 0.051324 0.05525 0.0594 1 1 1
9 P_0 39 39 0.056554 0.06065 0.064964 1 1 1
9 P_0 40 40 0 0 0 1 1 1
9 P_0 41 41 0.056554 0.06065 0.064964 1 1 1
9 P_0 42 42 0 0 0 1 1 1
9 P_0 43 43 0.3026595 0.30895 0.3151725 1 1 1
9 P_0 44 44 0.358407 0.3642 0.3698615 1 1 1
9 P_0 45 45 0 0 0 1 1 1
