2 #m
532 #n
0 P_6 0 0 0 0 0 1 1 1
0 P_6 1 1 0.5 0.5 0.5 1 1 1
0 P_6 2 2 0 0 0 1 1 1
0 P_6 3 3 0.5 0.5 0.5 1 1 1
0 P_6 4 4 0 0 0 1 1 1
0 P_6 5 5 0.5 0.5 0.5 1 1 1
0 P_6 6 6 0 0 0 1 1 1
0 P_6 7 7 0 0 0 1 1 1
0 P_6 8 8 0 0 0 1 1 1
0 P_6 9 9 0.5 0.5 0.5 1 1 1
0 P_6 10 10 0.106751 0.1588785046728972 0.2204615 1 1 1
0 P_6 11 11 0.5 0.5 0.5 1 1 1
0 P_6 12 12 0 0 0 1 1 1
0 P_6 13 13 0.5 0.5 0.5 1 1 1
0 P_6 14 14 0.5 0.5 0.5 1 1 1
0 P_6 15 15 0 0 0 1 1 1
0 P_6 16 16 0.5 0.5 0.5 1 1 1
0 P_6 17 17 0.5 0.5 0.5 1 1 1
0 P_6 18 18 0.5 0.5 0.5 1 1 1
0 P_6 19 19 0.5 0.5 0.5 1 1 1
0 P_6 20 20 0.5 0.5 0.5 1 1 1
0 P_6 21 21 0.5 0.5 0.5 1 1 1
0 P_6 22 22 0.1410205 0.19902912621359223 0.262526 1 1 1
0 P_6 23 23 0.5 0.5 0.5 1 1 1
0 P_6 24 24 0.5 0.5 0.5 1 1 1
0 P_6 25 25 0.5 0.5 0.5 1 1 1
0 P_6 26 26 0.5 0.5 0.5 1 1 1
0 P_6 27 27 0.167554 0.22815533980582525 0.2911095 1 1 1
0 P_6 28 28 0.5 0.5 0.5 1 1 1
0 P_6 29 29 0.5 0.5 0.5 1 1 1
0 P_6 30 30 0.5 0.5 0.5 1 1 1
0 P_6 31 31 0 0 0 1 1 1
0 P_6 32 32 0.5 0.5 0.5 1 1 1
0 P_6 33 33 0 0 0 1 1 1
0 P_6 34 34 0.5 0.5 0.5 1 1 1
0 P_6 35 35 0.5 0.5 0.5 1 1 1
0 P_6 36 36 0.5 0.5 0.5 1 1 1
0 P_6 37 37 0.5 0.5 0.5 1 1 1
0 P_6 38 38 0 0 0 1 1 1
0 P_6 39 39 0.5 0.5 0.5 1 1 1
0 P_6 40 40 0.5 0.5 0.5 1 1 1
0 P_6 41 41 0.5 0.5 0.5 1 1 1
0 P_6 42 42 0 0 0 1 1 1
0 P_6 43 43 0.5 0.5 0.5 1 1 1
0 P_6 44 44 0.5 0.5 0.5 1 1 1
0 P_6 45 45 0.5 0.5 0.5 1 1 1
0 P_6 46 46 0.5 0.5 0.5 1 1 1
0 P_6 47 47 0 0 0 1 1 1
0 P_6 48 48 0.5 0.5 0.5 1 1 1
0 P_6 49 49 0.5 0.5 0.5 1 1 1
0 P_6 50 50 0.5 0.5 0.5 1 1 1
0 P_6 51 51 0.5 0.5 0.5 1 1 1
0 P_6 52 52 0 0 0 1 1 1
0 P_6 53 53 0 0 0 1 1 1
0 P_6 54 54 0 0 0 1 1 1
0 P_6 55 55 0.5 0.5 0.5 1 1 1
0 P_6 56 56 0.139598 0.19801980198019803 0.2621455 1 1 1
0 P_6 57 57 0.5 0.5 0.5 1 1 1
0 P_6 58 58 0 0 0 1 1 1
0 P_6 59 59 0.5 0.5 0.5 1 1 1
0 P_6 60 60 0.5 0.5 0.5 1 1 1
0 P_6 61 61 0.5 0.5 0.5 1 1 1
0 P_6 62 62 0 0 0 1 1 1
0 P_6 63 63 0.5 0.5 0.5 1 1 1
0 P_6 64 64 0 0 0 1 1 1
0 P_6 65 65 0.5 0.5 0.5 1 1 1
0 P_6 66 66 0.5 0.5 0.5 1 1 1
0 P_6 67 67 0.5 0.5 0.5 1 1 1
0 P_6 68 68 0.5 0.5 0.5 1 1 1
0 P_6 69 69 0.5 0.5 0.5 1 1 1
0 P_6 70 70 0.5 0.5 0.5 1 1 1
0 P_6 71 71 0.3501385 0.4043478260869565 0.443634 1 1 1
0 P_6 72 72 0 0 0 1 1 1
0 P_6 73 73 0.1741245 0.23711340206185566 0.3015725 1 1 1
0 P_6 74 74 0.5 0.5 0.5 1 1 1
0 P_6 75 75 0.5 0.5 0.5 1 1 1
0 P_6 76 76 0 0 0 1 1 1
0 P_6 77 77 0.5 0.5 0.5 1 1 1
0 P_6 78 78 0.5 0.5 0.5 1 1 1
0 P_6 79 79 0.5 0.5 0.5 1 1 1
0 P_6 80 80 0.5 0.5 0.5 1 1 1
0 P_6 81 81 0.369004 0.42105263157894735 0.456433 1 1 1
0 P_6 82 82 0.5 0.5 0.5 1 1 1
0 P_6 83 83 0.1197045 0.18023255813953487 0.2496915 1 1 1
0 P_6 84 84 0.5 0.5 0.5 1 1 1
0 P_6 85 85 0.1513265 0.21428571428571427 0.2815765 1 1 1
0 P_6 86 86 0.5 0.5 0.5 1 1 1
0 P_6 87 87 0.5 0.5 0.5 1 1 1
0 P_6 88 88 0.5 0.5 0.5 1 1 1
0 P_6 89 89 0 0 0 1 1 1
0 P_6 90 90 0 0 0 1 1 1
0 P_6 91 91 0 0 0 1 1 1
0 P_6 92 92 0.5 0.5 0.5 1 1 1
0 P_6 93 93 0.5 0.5 0.5 1 1 1
0 P_6 94 94 0.5 0.5 0.5 1 1 1
0 P_6 95 95 0.5 0.5 0.5 1 1 1
0 P_6 96 96 0.5 0.5 0.5 1 1 1
0 P_6 97 97 0 0 0 1 1 1
0 P_6 98 98 0 0 0 1 1 1
0 P_6 99 99 0.5 0.5 0.5 1 1 1
0 P_6 100 100 0.5 0.5 0.5 1 1 1
0 P_6 101 101 0 0 0 1 1 1
0 P_6 102 102 0 0 0 1 1 1
0 P_6 103 103 0.5 0.5 0.5 1 1 1
0 P_6 104 104 0.5 0.5 0.5 1 1 1
0 P_6 105 105 0 0 0 1 1 1
0 P_6 106 106 0.5 0.5 0.5 1 1 1
0 P_6 107 107 0.5 0.5 0.5 1 1 1
0 P_6 108 108 0.5 0.5 0.5 1 1 1
0 P_6 109 109 0.5 0.5 0.5 1 1 1
0 P_6 110 110 0.5 0.5 0.5 1 1 1
0 P_6 111 111 0.5 0.5 0.5 1 1 1
0 P_6 112 112 0 0 0 1 1 1
0 P_6 113 113 0.5 0.5 0.5 1 1 1
0 P_6 114 114 0.5 0.5 0.5 1 1 1
0 P_6 115 115 0.5 0.5 0.5 1 1 1
0 P_6 116 116 0.5 0.5 0.5 1 1 1
0 P_6 117 117 0 0 0 1 1 1
0 P_6 118 118 0.3252105 0.38288288288288286 0.4272535 1 1 1
0 P_6 119 119 0.5 0.5 0.5 1 1 1
0 P_6 120 120 0 0 0 1 1 1
0 P_6 121 121 0.1172225 0.17346938775510204 0.23836 1 1 1
0 P_6 122 122 0.5 0.5 0.5 1 1 1
0 P_6 123 123 0.5 0.5 0.5 1 1 1
0 P_6 124 124 0.5 0.5 0.5 1 1 1
0 P_6 125 125 0.5 0.5 0.5 1 1 1
0 P_6 126 126 0.5 0.5 0.5 1 1 1
0 P_6 127 127 0 0 0 1 1 1
0 P_6 128 128 0 0 0 1 1 1
0 P_6 129 129 0.5 0.5 0.5 1 1 1
0 P_6 130 130 0.5 0.5 0.5 1 1 1
0 P_6 131 131 0.5 0.5 0.5 1 1 1
0 P_6 132 132 0 0 0 1 1 1
0 P_6 133 133 0.5 0.5 0.5 1 1 1
0 P_6 134 134 0.127685 0.19135802469135801 0.26298 1 1 1
0 P_6 135 135 0.5 0.5 0.5 1 1 1
0 P_6 136 136 0.5 0.5 0.5 1 1 1
0 P_6 137 137 0.5 0.5 0.5 1 1 1
0 P_6 138 138 0.168378 0.23157894736842105 0.296924 1 1 1
0 P_6 139 139 0.5 0.5 0.5 1 1 1
0 P_6 140 140 0.5 0.5 0.5 1 1 1
0 P_6 141 141 0.5 0.5 0.5 1 1 1
0 P_6 142 142 0.1648155 0.22549019607843138 0.288829 1 1 1
0 P_6 143 143 0.5 0.5 0.5 1 1 1
0 P_6 144 144 0.5 0.5 0.5 1 1 1
0 P_6 145 145 0 0 0 1 1 1
0 P_6 146 146 0.5 0.5 0.5 1 1 1
0 P_6 147 147 0.5 0.5 0.5 1 1 1
0 P_6 148 148 0.5 0.5 0.5 1 1 1
0 P_6 149 149 0.5 0.5 0.5 1 1 1
0 P_6 150 150 0.5 0.5 0.5 1 1 1
0 P_6 151 151 0.5 0.5 0.5 1 1 1
0 P_6 152 152 0.339387 0.398989898989899 0.4419495 1 1 1
0 P_6 153 153 0.2015455 0.27058823529411763 0.336965 1 1 1
0 P_6 154 154 0.5 0.5 0.5 1 1 1
0 P_6 155 155 0.5 0.5 0.5 1 1 1
0 P_6 156 156 0.5 0.5 0.5 1 1 1
0 P_6 157 157 0.5 0.5 0.5 1 1 1
0 P_6 158 158 0.5 0.5 0.5 1 1 1
0 P_6 159 159 0.5 0.5 0.5 1 1 1
0 P_6 160 160 0.5 0.5 0.5 1 1 1
0 P_6 161 161 0.5 0.5 0.5 1 1 1
0 P_6 162 162 0.5 0.5 0.5 1 1 1
0 P_6 163 163 0.5 0.5 0.5 1 1 1
0 P_6 164 164 0.5 0.5 0.5 1 1 1
0 P_6 165 165 0.5 0.5 0.5 1 1 1
0 P_6 166 166 0.5 0.5 0.5 1 1 1
0 P_6 167 167 0.135185 0.19306930693069307 0.2572005 1 1 1
0 P_6 168 168 0 0 0 1 1 1
0 P_6 169 169 0 0 0 1 1 1
0 P_6 170 170 0.5 0.5 0.5 1 1 1
0 P_6 171 171 0.5 0.5 0.5 1 1 1
0 P_6 172 172 0.5 0.5 0.5 1 1 1
0 P_6 173 173 0.2399065 0.3 0.3552525 1 1 1
0 P_6 174 174 0.5 0.5 0.5 1 1 1
0 P_6 175 175 0.5 0.5 0.5 1 1 1
0 P_6 176 176 0.0962545 0.1440677966101695 0.2018805 1 1 1
0 P_6 177 177 0 0 0 1 1 1
0 P_6 178 178 0 0 0 1 1 1
0 P_6 179 179 0.5 0.5 0.5 1 1 1
0 P_6 180 180 0.5 0.5 0.5 1 1 1
0 P_6 181 181 0.5 0.5 0.5 1 1 1
0 P_6 182 182 0.5 0.5 0.5 1 1 1
0 P_6 183 183 0.5 0.5 0.5 1 1 1
0 P_6 184 184 0.5 0.5 0.5 1 1 1
0 P_6 185 185 0.5 0.5 0.5 1 1 1
0 P_6 186 186 0.5 0.5 0.5 1 1 1
0 P_6 187 187 0.5 0.5 0.5 1 1 1
0 P_6 188 188 0.1036665 0.15454545454545454 0.215068 1 1 1
0 P_6 189 189 0 0 0 1 1 1
0 P_6 190 190 0.1128225 0.1683673469387755 0.2331315 1 1 1
0 P_6 191 191 0.5 0.5 0.5 1 1 1
0 P_6 192 192 0.116787 0.17613636363636365 0.244735 1 1 1
0 P_6 193 193 0 0 0 1 1 1
0 P_6 194 194 0 0 0 1 1 1
0 P_6 195 195 0.176582 0.23786407766990292 0.300453 1 1 1
0 P_6 196 196 0.5 0.5 0.5 1 1 1
0 P_6 197 197 0.5 0.5 0.5 1 1 1
0 P_6 198 198 0 0 0 1 1 1
0 P_6 199 199 0 0 0 1 1 1
0 P_6 200 200 0 0 0 1 1 1
0 P_6 201 201 0.5 0.5 0.5 1 1 1
0 P_6 202 202 0.5 0.5 0.5 1 1 1
0 P_6 203 203 0.5 0.5 0.5 1 1 1
0 P_6 204 204 0.5 0.5 0.5 1 1 1
0 P_6 205 205 0.5 0.5 0.5 1 1 1
0 P_6 206 206 0.1165785 0.16810344827586207 0.2274895 1 1 1
0 P_6 207 207 0.5 0.5 0.5 1 1 1
0 P_6 208 208 0.5 0.5 0.5 1 1 1
0 P_6 209 209 0.5 0.5 0.5 1 1 1
0 P_6 210 210 0 0 0 1 1 1
0 P_6 211 211 0.352933 0.40825688073394495 0.44747 1 1 1
0 P_6 212 212 0.5 0.5 0.5 1 1 1
0 P_6 213 213 0 0 0 1 1 1
0 P_6 214 214 0.5 0.5 0.5 1 1 1
0 P_6 215 215 0.5 0.5 0.5 1 1 1
0 P_6 216 216 0.5 0.5 0.5 1 1 1
0 P_6 217 217 0.5 0.5 0.5 1 1 1
0 P_6 218 218 0.5 0.5 0.5 1 1 1
0 P_6 219 219 0.1183395 0.17307692307692307 0.236019 1 1 1
0 P_6 220 220 0 0 0 1 1 1
0 P_6 221 221 0.1657985 0.22596153846153846 0.288689 1 1 1
0 P_6 222 222 0.5 0.5 0.5 1 1 1
0 P_6 223 223 0.5 0.5 0.5 1 1 1
0 P_6 224 224 0.5 0.5 0.5 1 1 1
0 P_6 225 225 0.5 0.5 0.5 1 1 1
0 P_6 226 226 0.5 0.5 0.5 1 1 1
0 P_6 227 227 0.5 0.5 0.5 1 1 1
0 P_6 228 228 0 0 0 1 1 1
0 P_6 229 229 0.1537465 0.2094017094017094 0.2689225 1 1 1
0 P_6 230 230 0.5 0.5 0.5 1 1 1
0 P_6 231 231 0.5 0.5 0.5 1 1 1
0 P_6 232 232 0.5 0.5 0.5 1 1 1
0 P_6 233 233 0.5 0.5 0.5 1 1 1
0 P_6 234 234 0.5 0.5 0.5 1 1 1
0 P_6 235 235 0.5 0.5 0.5 1 1 1
0 P_6 236 236 0.5 0.5 0.5 1 1 1
0 P_6 237 237 0.5 0.5 0.5 1 1 1
0 P_6 238 238 0.5 0.5 0.5 1 1 1
0 P_6 239 239 0.5 0.5 0.5 1 1 1
0 P_6 240 240 0.5 0.5 0.5 1 1 1
0 P_6 241 241 0 0 0 1 1 1
0 P_6 242 242 0.5 0.5 0.5 1 1 1
0 P_6 243 243 0.5 0.5 0.5 1 1 1
0 P_6 244 244 0 0 0 1 1 1
0 P_6 245 245 0.5 0.5 0.5 1 1 1
0 P_6 246 246 0.5 0.5 0.5 1 1 1
0 P_6 247 247 0 0 0 1 1 1
0 P_6 248 248 0.5 0.5 0.5 1 1 1
0 P_6 249 249 0 0 0 1 1 1
0 P_6 250 250 0.5 0.5 0.5 1 1 1
0 P_6 251 251 0.112107 0.16842105263157894 0.234227 1 1 1
0 P_6 252 252 0.5 0.5 0.5 1 1 1
0 P_6 253 253 0.5 0.5 0.5 1 1 1
0 P_6 254 254 0.5 0.5 0.5 1 1 1
0 P_6 255 255 0 0 0 1 1 1
0 P_6 256 256 0.5 0.5 0.5 1 1 1
0 P_6 257 257 0.173732 0.2336448598130841 0.2952555 1 1 1
0 P_6 258 258 0 0 0 1 1 1
0 P_6 259 259 0.5 0.5 0.5 1 1 1
0 P_6 260 260 0.5 0.5 0.5 1 1 1
0 P_6 261 261 0 0 0 1 1 1
0 P_6 262 262 0.5 0.5 0.5 1 1 1
0 P_6 263 263 0.5 0.5 0.5 1 1 1
0 P_6 264 264 0.5 0.5 0.5 1 1 1
0 P_6 265 265 0.5 0.5 0.5 1 1 1
0 P_6 266 266 0 0 0 1 1 1
0 P_6 267 267 0.5 0.5 0.5 1 1 1
0 P_6 268 268 0.149158 0.21052631578947367 0.276489 1 1 1
0 P_6 269 269 0 0 0 1 1 1
0 P_6 270 270 0.5 0.5 0.5 1 1 1
0 P_6 271 271 0.5 0.5 0.5 1 1 1
0 P_6 272 272 0.5 0.5 0.5 1 1 1
0 P_6 273 273 0.5 0.5 0.5 1 1 1
0 P_6 274 274 0.5 0.5 0.5 1 1 1
0 P_6 275 275 0.305737 0.37662337662337664 0.4295155 1 1 1
0 P_6 276 276 0.5 0.5 0.5 1 1 1
0 P_6 277 277 0.5 0.5 0.5 1 1 1
0 P_6 278 278 0.129421 0.18627450980392157 0.250054 1 1 1
0 P_6 279 279 0 0 0 1 1 1
0 P_6 280 280 0.5 0.5 0.5 1 1 1
0 P_6 281 281 0.1408965 0.19724770642201836 0.2589775 1 1 1
0 P_6 282 282 0.1702505 0.23076923076923078 0.2933395 1 1 1
0 P_6 283 283 0.5 0.5 0.5 1 1 1
0 P_6 284 284 0.5 0.5 0.5 1 1 1
0 P_6 285 285 0.5 0.5 0.5 1 1 1
0 P_6 286 286 0 0 0 1 1 1
0 P_6 287 287 0.5 0.5 0.5 1 1 1
0 P_6 288 288 0.136729 0.19339622641509435 0.255992 1 1 1
0 P_6 289 289 0.5 0.5 0.5 1 1 1
0 P_6 290 290 0.5 0.5 0.5 1 1 1
0 P_6 291 291 0.5 0.5 0.5 1 1 1
0 P_6 292 292 0 0 0 1 1 1
0 P_6 293 293 0.5 0.5 0.5 1 1 1
0 P_6 294 294 0.5 0.5 0.5 1 1 1
0 P_6 295 295 0.5 0.5 0.5 1 1 1
0 P_6 296 296 0.5 0.5 0.5 1 1 1
0 P_6 297 297 0.5 0.5 0.5 1 1 1
0 P_6 298 298 0.5 0.5 0.5 1 1 1
0 P_6 299 299 0.5 0.5 0.5 1 1 1
0 P_6 300 300 0.1121625 0.16371681415929204 0.2237655 1 1 1
0 P_6 301 301 0.5 0.5 0.5 1 1 1
0 P_6 302 302 0.5 0.5 0.5 1 1 1
0 P_6 303 303 0.5 0.5 0.5 1 1 1
0 P_6 304 304 0.5 0.5 0.5 1 1 1
0 P_6 305 305 0.5 0.5 0.5 1 1 1
0 P_6 306 306 0 0 0 1 1 1
0 P_6 307 307 0.124943 0.17857142857142858 0.2392935 1 1 1
0 P_6 308 308 0.5 0.5 0.5 1 1 1
0 P_6 309 309 0.5 0.5 0.5 1 1 1
0 P_6 310 310 0.5 0.5 0.5 1 1 1
0 P_6 311 311 0.5 0.5 0.5 1 1 1
0 P_6 312 312 0 0 0 1 1 1
0 P_6 313 313 0.5 0.5 0.5 1 1 1
0 P_6 314 314 0 0 0 1 1 1
0 P_6 315 315 0.5 0.5 0.5 1 1 1
0 P_6 316 316 0.5 0.5 0.5 1 1 1
0 P_6 317 317 0.5 0.5 0.5 1 1 1
0 P_6 318 318 0 0 0 1 1 1
0 P_6 319 319 0.5 0.5 0.5 1 1 1
0 P_6 320 320 0 0 0 1 1 1
0 P_6 321 321 0.5 0.5 0.5 1 1 1
0 P_6 322 322 0.5 0.5 0.5 1 1 1
0 P_6 323 323 0.5 0.5 0.5 1 1 1
0 P_6 324 324 0.5 0.5 0.5 1 1 1
0 P_6 325 325 0.5 0.5 0.5 1 1 1
0 P_6 326 326 0 0 0 1 1 1
0 P_6 327 327 0.197787 0.2564102564102564 0.314423 1 1 1
0 P_6 328 328 0 0 0 1 1 1
0 P_6 329 329 0.5 0.5 0.5 1 1 1
0 P_6 330 330 0.5 0.5 0.5 1 1 1
0 P_6 331 331 0.5 0.5 0.5 1 1 1
0 P_6 332 332 0.5 0.5 0.5 1 1 1
0 P_6 333 333 0 0 0 1 1 1
0 P_6 334 334 0.5 0.5 0.5 1 1 1
0 P_6 335 335 0.5 0.5 0.5 1 1 1
0 P_6 336 336 0 0 0 1 1 1
0 P_6 337 337 0.5 0.5 0.5 1 1 1
0 P_6 338 338 0.5 0.5 0.5 1 1 1
0 P_6 339 339 0.5 0.5 0.5 1 1 1
0 P_6 340 340 0.5 0.5 0.5 1 1 1
0 P_6 341 341 0.5 0.5 0.5 1 1 1
0 P_6 342 342 0.5 0.5 0.5 1 1 1
0 P_6 343 343 0.5 0.5 0.5 1 1 1
0 P_6 344 344 0.5 0.5 0.5 1 1 1
0 P_6 345 345 0 0 0 1 1 1
0 P_6 346 346 0.5 0.5 0.5 1 1 1
0 P_6 347 347 0 0 0 1 1 1
0 P_6 348 348 0.5 0.5 0.5 1 1 1
0 P_6 349 349 0 0 0 1 1 1
0 P_6 350 350 0 0 0 1 1 1
0 P_6 351 351 0.154648 0.215 0.27923 1 1 1
0 P_6 352 352 0.5 0.5 0.5 1 1 1
0 P_6 353 353 0.5 0.5 0.5 1 1 1
0 P_6 354 354 0.5 0.5 0.5 1 1 1
0 P_6 355 355 0 0 0 1 1 1
0 P_6 356 356 0.5 0.5 0.5 1 1 1
0 P_6 357 357 0.117696 0.1712962962962963 0.2329915 1 1 1
0 P_6 358 358 0.5 0.5 0.5 1 1 1
0 P_6 359 359 0.5 0.5 0.5 1 1 1
0 P_6 360 360 0.1468275 0.2 0.257638 1 1 1
0 P_6 361 361 0.5 0.5 0.5 1 1 1
0 P_6 362 362 0.5 0.5 0.5 1 1 1
0 P_6 363 363 0 0 0 1 1 1
0 P_6 364 364 0.5 0.5 0.5 1 1 1
0 P_6 365 365 0.1467075 0.21022727272727273 0.2787285 1 1 1
0 P_6 366 366 0.1007905 0.1523809523809524 0.214286 1 1 1
0 P_6 367 367 0 0 0 1 1 1
0 P_6 368 368 0 0 0 1 1 1
0 P_6 369 369 0.5 0.5 0.5 1 1 1
0 P_6 370 370 0 0 0 1 1 1
0 P_6 371 371 0.5 0.5 0.5 1 1 1
0 P_6 372 372 0.5 0.5 0.5 1 1 1
0 P_6 373 373 0.5 0.5 0.5 1 1 1
0 P_6 374 374 0.5 0.5 0.5 1 1 1
0 P_6 375 375 0.5 0.5 0.5 1 1 1
0 P_6 376 376 0.5 0.5 0.5 1 1 1
0 P_6 377 377 0.5 0.5 0.5 1 1 1
0 P_6 378 378 0 0 0 1 1 1
0 P_6 379 379 0.5 0.5 0.5 1 1 1
0 P_6 380 380 0 0 0 1 1 1
0 P_6 381 381 0 0 0 1 1 1
0 P_6 382 382 0.5 0.5 0.5 1 1 1
0 P_6 383 383 0 0 0 1 1 1
0 P_6 384 384 0 0 0 1 1 1
0 P_6 385 385 0.5 0.5 0.5 1 1 1
0 P_6 386 386 0.5 0.5 0.5 1 1 1
0 P_6 387 387 0 0 0 1 1 1
0 P_6 388 388 0.1949905 0.25203252032520324 0.30889 1 1 1
0 P_6 389 389 0.5 0.5 0.5 1 1 1
0 P_6 390 390 0.5 0.5 0.5 1 1 1
0 P_6 391 391 0.5 0.5 0.5 1 1 1
0 P_6 392 392 0.5 0.5 0.5 1 1 1
0 P_6 393 393 0.2062505 0.2647058823529412 0.321784 1 1 1
0 P_6 394 394 0.5 0.5 0.5 1 1 1
0 P_6 395 395 0.1631125 0.21982758620689655 0.2794395 1 1 1
0 P_6 396 396 0 0 0 1 1 1
0 P_6 397 397 0.1116075 0.16666666666666666 0.2310455 1 1 1
0 P_6 398 398 0 0 0 1 1 1
0 P_6 399 399 0.5 0.5 0.5 1 1 1
0 P_6 400 400 0.5 0.5 0.5 1 1 1
0 P_6 401 401 0.5 0.5 0.5 1 1 1
0 P_6 402 402 0.5 0.5 0.5 1 1 1
0 P_6 403 403 0 0 0 1 1 1
0 P_6 404 404 0.5 0.5 0.5 1 1 1
0 P_6 405 405 0 0 0 1 1 1
0 P_6 406 406 0.5 0.5 0.5 1 1 1
0 P_6 407 407 0.5 0.5 0.5 1 1 1
0 P_6 408 408 0.1422185 0.1981981981981982 0.259368 1 1 1
0 P_6 409 409 0.5 0.5 0.5 1 1 1
0 P_6 410 410 0 0 0 1 1 1
0 P_6 411 411 0.5 0.5 0.5 1 1 1
0 P_6 412 412 0 0 0 1 1 1
0 P_6 413 413 0.1802415 0.24468085106382978 0.3097455 1 1 1
0 P_6 414 414 0.5 0.5 0.5 1 1 1
0 P_6 415 415 0.5 0.5 0.5 1 1 1
0 P_6 416 416 0 0 0 1 1 1
0 P_6 417 417 0 0 0 1 1 1
0 P_6 418 418 0.5 0.5 0.5 1 1 1
0 P_6 419 419 0.5 0.5 0.5 1 1 1
0 P_6 420 420 0.5 0.5 0.5 1 1 1
0 P_6 421 421 0 0 0 1 1 1
0 P_6 422 422 0.0930895 0.14673913043478262 0.2127765 1 1 1
0 P_6 423 423 0.5 0.5 0.5 1 1 1
0 P_6 424 424 0.5 0.5 0.5 1 1 1
0 P_6 425 425 0.1221 0.1782178217821782 0.2422115 1 1 1
0 P_6 426 426 0.5 0.5 0.5 1 1 1
0 P_6 427 427 0.5 0.5 0.5 1 1 1
0 P_6 428 428 0.5 0.5 0.5 1 1 1
0 P_6 429 429 0.5 0.5 0.5 1 1 1
0 P_6 430 430 0.107331 0.15789473684210525 0.2174485 1 1 1
0 P_6 431 431 0.5 0.5 0.5 1 1 1
0 P_6 432 432 0.108028 0.16875 0.2406145 1 1 1
0 P_6 433 433 0 0 0 1 1 1
0 P_6 434 434 0.5 0.5 0.5 1 1 1
0 P_6 435 435 0.5 0.5 0.5 1 1 1
0 P_6 436 436 0 0 0 1 1 1
0 P_6 437 437 0.5 0.5 0.5 1 1 1
0 P_6 438 438 0.5 0.5 0.5 1 1 1
0 P_6 439 439 0.2921865 0.35436893203883496 0.405318 1 1 1
0 P_6 440 440 0.5 0.5 0.5 1 1 1
0 P_6 441 441 0.5 0.5 0.5 1 1 1
0 P_6 442 442 0 0 0 1 1 1
0 P_6 443 443 0 0 0 1 1 1
0 P_6 444 444 0 0 0 1 1 1
0 P_6 445 445 0 0 0 1 1 1
0 P_6 446 446 0.5 0.5 0.5 1 1 1
0 P_6 447 447 0.5 0.5 0.5 1 1 1
0 P_6 448 448 0.5 0.5 0.5 1 1 1
0 P_6 449 449 0.5 0.5 0.5 1 1 1
0 P_6 450 450 0.5 0.5 0.5 1 1 1
0 P_6 451 451 0.5 0.5 0.5 1 1 1
0 P_6 452 452 0 0 0 1 1 1
0 P_6 453 453 0.5 0.5 0.5 1 1 1
0 P_6 454 454 0 0 0 1 1 1
0 P_6 455 455 0 0 0 1 1 1
0 P_6 456 456 0.5 0.5 0.5 1 1 1
0 P_6 457 457 0.5 0.5 0.5 1 1 1
0 P_6 458 458 0.5 0.5 0.5 1 1 1
0 P_6 459 459 0.5 0.5 0.5 1 1 1
0 P_6 460 460 0 0 0 1 1 1
0 P_6 461 461 0 0 0 1 1 1
0 P_6 462 462 0.5 0.5 0.5 1 1 1
0 P_6 463 463 0.096666 0.1485148514851485 0.211495 1 1 1
0 P_6 464 464 0 0 0 1 1 1
0 P_6 465 465 0.5 0.5 0.5 1 1 1
0 P_6 466 466 0.5 0.5 0.5 1 1 1
0 P_6 467 467 0.5 0.5 0.5 1 1 1
0 P_6 468 468 0.5 0.5 0.5 1 1 1
0 P_6 469 469 0.5 0.5 0.5 1 1 1
0 P_6 470 470 0.5 0.5 0.5 1 1 1
0 P_6 471 471 0.5 0.5 0.5 1 1 1
0 P_6 472 472 0.5 0.5 0.5 1 1 1
0 P_6 473 473 0 0 0 1 1 1
0 P_6 474 474 0.1523565 0.21764705882352942 0.2871265 1 1 1
0 P_6 475 475 0 0 0 1 1 1
0 P_6 476 476 0.5 0.5 0.5 1 1 1
0 P_6 477 477 0.5 0.5 0.5 1 1 1
0 P_6 478 478 0.1046745 0.1559633027522936 0.216837 1 1 1
0 P_6 479 479 0.0684085 0.11386138613861387 0.174238 1 1 1
0 P_6 480 480 0.3719575 0.4264705882352941 0.461849 1 1 1
0 P_6 481 481 0.5 0.5 0.5 1 1 1
0 P_6 482 482 0 0 0 1 1 1
0 P_6 483 483 0.5 0.5 0.5 1 1 1
0 P_6 484 484 0 0 0 1 1 1
0 P_6 485 485 0.5 0.5 0.5 1 1 1
0 P_6 486 486 0.5 0.5 0.5 1 1 1
0 P_6 487 487 0.5 0.5 0.5 1 1 1
0 P_6 488 488 0.3045785 0.3695652173913043 0.420212 1 1 1
0 P_6 489 489 0.106182 0.16470588235294117 0.234269 1 1 1
0 P_6 490 490 0 0 0 1 1 1
0 P_6 491 491 0.5 0.5 0.5 1 1 1
0 P_6 492 492 0.5 0.5 0.5 1 1 1
0 P_6 493 493 0.5 0.5 0.5 1 1 1
0 P_6 494 494 0.1159575 0.1717171717171717 0.236232 1 1 1
0 P_6 495 495 0.5 0.5 0.5 1 1 1
0 P_6 496 496 0.5 0.5 0.5 1 1 1
0 P_6 497 497 0 0 0 1 1 1
0 P_6 498 498 0.5 0.5 0.5 1 1 1
0 P_6 499 499 0 0 0 1 1 1
0 P_6 500 500 0.5 0.5 0.5 1 1 1
0 P_6 501 501 0.5 0.5 0.5 1 1 1
0 P_6 502 502 0 0 0 1 1 1
0 P_6 503 503 0.5 0.5 0.5 1 1 1
0 P_6 504 504 0.5 0.5 0.5 1 1 1
0 P_6 505 505 0.158081 0.2193877551020408 0.2841525 1 1 1
0 P_6 506 506 0.5 0.5 0.5 1 1 1
0 P_6 507 507 0.5 0.5 0.5 1 1 1
0 P_6 508 508 0.5 0.5 0.5 1 1 1
0 P_6 509 509 0.5 0.5 0.5 1 1 1
0 P_6 510 510 0 0 0 1 1 1
0 P_6 511 511 0.5 0.5 0.5 1 1 1
0 P_6 512 512 0.5 0.5 0.5 1 1 1
0 P_6 513 513 0.312621 0.37264150943396224 0.4198255 1 1 1
0 P_6 514 514 0.129795 0.19186046511627908 0.261369 1 1 1
0 P_6 515 515 0.5 0.5 0.5 1 1 1
0 P_6 516 516 0.1007565 0.1504424778761062 0.2099285 1 1 1
0 P_6 517 517 0.5 0.5 0.5 1 1 1
0 P_6 518 518 0.5 0.5 0.5 1 1 1
0 P_6 519 519 0.5 0.5 0.5 1 1 1
0 P_6 520 520 0.5 0.5 0.5 1 1 1
0 P_6 521 521 0.1620355 0.22277227722772278 0.286497 1 1 1
0 P_6 522 522 0.5 0.5 0.5 1 1 1
0 P_6 523 523 0.5 0.5 0.5 1 1 1
0 P_6 524 524 0.1366805 0.1941747572815534 0.25768 1 1 1
0 P_6 525 525 0 0 0 1 1 1
0 P_6 526 526 0.5 0.5 0.5 1 1 1
0 P_6 527 527 0 0 0 1 1 1
0 P_6 528 528 0.5 0.5 0.5 1 1 1
0 P_6 529 529 0.141205 0.20103092783505155 0.266443 1 1 1
0 P_6 530 530 0 0 0 1 1 1
0 P_6 531 531 0 0 0 1 1 1
1 P_5 0 0 0 0 0 1 1 1
1 P_5 1 1 0.5 0.5 0.5 1 1 1
1 P_5 2 2 0 0 0 1 1 1
1 P_5 3 3 0.5 0.5 0.5 1 1 1
1 P_5 4 4 0 0 0 1 1 1
1 P_5 5 5 0.5 0.5 0.5 1 1 1
1 P_5 6 6 0 0 0 1 1 1
1 P_5 7 7 0 0 0 1 1 1
1 P_5 8 8 0 0 0 1 1 1
1 P_5 9 9 0.5 0.5 0.5 1 1 1
1 P_5 10 10 0.3098395 0.37244897959183676 0.421237 1 1 1
1 P_5 11 11 0.5 0.5 0.5 1 1 1
1 P_5 12 12 0.2977935 0.35714285714285715 0.4058555 1 1 1
1 P_5 13 13 0.5 0.5 0.5 1 1 1
1 P_5 14 14 0.5 0.5 0.5 1 1 1
1 P_5 15 15 0 0 0 1 1 1
1 P_5 16 16 0.5 0.5 0.5 1 1 1
1 P_5 17 17 0.5 0.5 0.5 1 1 1
1 P_5 18 18 0.5 0.5 0.5 1 1 1
1 P_5 19 19 0.5 0.5 0.5 1 1 1
1 P_5 20 20 0.5 0.5 0.5 1 1 1
1 P_5 21 21 0.5 0.5 0.5 1 1 1
1 P_5 22 22 0.092778 0.14285714285714285 0.2042565 1 1 1
1 P_5 23 23 0.5 0.5 0.5 1 1 1
1 P_5 24 24 0.5 0.5 0.5 1 1 1
1 P_5 25 25 0.5 0.5 0.5 1 1 1
1 P_5 26 26 0.5 0.5 0.5 1 1 1
1 P_5 27 27 0.2807435 0.34536082474226804 0.3991035 1 1 1
1 P_5 28 28 0.5 0.5 0.5 1 1 1
1 P_5 29 29 0.5 0.5 0.5 1 1 1
1 P_5 30 30 0.5 0.5 0.5 1 1 1
1 P_5 31 31 0 0 0 1 1 1
1 P_5 32 32 0.5 0.5 0.5 1 1 1
1 P_5 33 33 0 0 0 1 1 1
1 P_5 34 34 0.5 0.5 0.5 1 1 1
1 P_5 35 35 0.5 0.5 0.5 1 1 1
1 P_5 36 36 0.5 0.5 0.5 1 1 1
1 P_5 37 37 0.5 0.5 0.5 1 1 1
1 P_5 38 38 0 0 0 1 1 1
1 P_5 39 39 0.5 0.5 0.5 1 1 1
1 P_5 40 40 0.5 0.5 0.5 1 1 1
1 P_5 41 41 0.5 0.5 0.5 1 1 1
1 P_5 42 42 0 0 0 1 1 1
1 P_5 43 43 0.5 0.5 0.5 1 1 1
1 P_5 44 44 0.5 0.5 0.5 1 1 1
1 P_5 45 45 0.5 0.5 0.5 1 1 1
1 P_5 46 46 0.5 0.5 0.5 1 1 1
1 P_5 47 47 0 0 0 1 1 1
1 P_5 48 48 0.5 0.5 0.5 1 1 1
1 P_5 49 49 0.5 0.5 0.5 1 1 1
1 P_5 50 50 0.5 0.5 0.5 1 1 1
1 P_5 51 51 0.5 0.5 0.5 1 1 1
1 P_5 52 52 0 0 0 1 1 1
1 P_5 53 53 0 0 0 1 1 1
1 P_5 54 54 0 0 0 1 1 1
1 P_5 55 55 0.5 0.5 0.5 1 1 1
1 P_5 56 56 0 0 0 1 1 1
1 P_5 57 57 0.5 0.5 0.5 1 1 1
1 P_5 58 58 0 0 0 1 1 1
1 P_5 59 59 0.5 0.5 0.5 1 1 1
1 P_5 60 60 0.5 0.5 0.5 1 1 1
1 P_5 61 61 0.5 0.5 0.5 1 1 1
1 P_5 62 62 0 0 0 1 1 1
1 P_5 63 63 0.5 0.5 0.5 1 1 1
1 P_5 64 64 0 0 0 1 1 1
1 P_5 65 65 0.5 0.5 0.5 1 1 1
1 P_5 66 66 0.5 0.5 0.5 1 1 1
1 P_5 67 67 0.5 0.5 0.5 1 1 1
1 P_5 68 68 0.5 0.5 0.5 1 1 1
1 P_5 69 69 0.5 0.5 0.5 1 1 1
1 P_5 70 70 0.5 0.5 0.5 1 1 1
1 P_5 71 71 0.5 0.5 0.5 1 1 1
1 P_5 72 72 0 0 0 1 1 1
1 P_5 73 73 0.079617 0.12886597938144329 0.1919235 1 1 1
1 P_5 74 74 0.5 0.5 0.5 1 1 1
1 P_5 75 75 0.5 0.5 0.5 1 1 1
1 P_5 76 76 0 0 0 1 1 1
1 P_5 77 77 0.5 0.5 0.5 1 1 1
1 P_5 78 78 0.5 0.5 0.5 1 1 1
1 P_5 79 79 0.5 0.5 0.5 1 1 1
1 P_5 80 80 0.5 0.5 0.5 1 1 1
1 P_5 81 81 0.5 0.5 0.5 1 1 1
1 P_5 82 82 0.5 0.5 0.5 1 1 1
1 P_5 83 83 0.304116 0.36283185840707965 0.4104425 1 1 1
1 P_5 84 84 0.5 0.5 0.5 1 1 1
1 P_5 85 85 0 0 0 1 1 1
1 P_5 86 86 0.5 0.5 0.5 1 1 1
1 P_5 87 87 0.5 0.5 0.5 1 1 1
1 P_5 88 88 0.5 0.5 0.5 1 1 1
1 P_5 89 89 0 0 0 1 1 1
1 P_5 90 90 0 0 0 1 1 1
1 P_5 91 91 0 0 0 1 1 1
1 P_5 92 92 0.5 0.5 0.5 1 1 1
1 P_5 93 93 0.5 0.5 0.5 1 1 1
1 P_5 94 94 0.5 0.5 0.5 1 1 1
1 P_5 95 95 0.5 0.5 0.5 1 1 1
1 P_5 96 96 0.5 0.5 0.5 1 1 1
1 P_5 97 97 0.3321065 0.3879310344827586 0.430525 1 1 1
1 P_5 98 98 0.097624 0.15625 0.227731 1 1 1
1 P_5 99 99 0.5 0.5 0.5 1 1 1
1 P_5 100 100 0.5 0.5 0.5 1 1 1
1 P_5 101 101 0 0 0 1 1 1
1 P_5 102 102 0.2965665 0.36470588235294116 0.4180055 1 1 1
1 P_5 103 103 0.5 0.5 0.5 1 1 1
1 P_5 104 104 0.5 0.5 0.5 1 1 1
1 P_5 105 105 0.110084 0.16666666666666666 0.233146 1 1 1
1 P_5 106 106 0.5 0.5 0.5 1 1 1
1 P_5 107 107 0.5 0.5 0.5 1 1 1
1 P_5 108 108 0.5 0.5 0.5 1 1 1
1 P_5 109 109 0.5 0.5 0.5 1 1 1
1 P_5 110 110 0.5 0.5 0.5 1 1 1
1 P_5 111 111 0.5 0.5 0.5 1 1 1
1 P_5 112 112 0 0 0 1 1 1
1 P_5 113 113 0.5 0.5 0.5 1 1 1
1 P_5 114 114 0.5 0.5 0.5 1 1 1
1 P_5 115 115 0.5 0.5 0.5 1 1 1
1 P_5 116 116 0.5 0.5 0.5 1 1 1
1 P_5 117 117 0.128074 0.18446601941747573 0.247914 1 1 1
1 P_5 118 118 0.5 0.5 0.5 1 1 1
1 P_5 119 119 0.5 0.5 0.5 1 1 1
1 P_5 120 120 0 0 0 1 1 1
1 P_5 121 121 0.2896655 0.36075949367088606 0.416487 1 1 1
1 P_5 122 122 0.5 0.5 0.5 1 1 1
1 P_5 123 123 0.5 0.5 0.5 1 1 1
1 P_5 124 124 0.5 0.5 0.5 1 1 1
1 P_5 125 125 0.5 0.5 0.5 1 1 1
1 P_5 126 126 0.5 0.5 0.5 1 1 1
1 P_5 127 127 0 0 0 1 1 1
1 P_5 128 128 0 0 0 1 1 1
1 P_5 129 129 0.5 0.5 0.5 1 1 1
1 P_5 130 130 0.5 0.5 0.5 1 1 1
1 P_5 131 131 0.5 0.5 0.5 1 1 1
1 P_5 132 132 0.3064625 0.3709677419354839 0.421115 1 1 1
1 P_5 133 133 0.5 0.5 0.5 1 1 1
1 P_5 134 134 0 0 0 1 1 1
1 P_5 135 135 0.5 0.5 0.5 1 1 1
1 P_5 136 136 0.5 0.5 0.5 1 1 1
1 P_5 137 137 0.5 0.5 0.5 1 1 1
1 P_5 138 138 0.0918545 0.14150943396226415 0.2025225 1 1 1
1 P_5 139 139 0.5 0.5 0.5 1 1 1
1 P_5 140 140 0.5 0.5 0.5 1 1 1
1 P_5 141 141 0.5 0.5 0.5 1 1 1
1 P_5 142 142 0.070906 0.1206896551724138 0.1868305 1 1 1
1 P_5 143 143 0.5 0.5 0.5 1 1 1
1 P_5 144 144 0.5 0.5 0.5 1 1 1
1 P_5 145 145 0.092778 0.14285714285714285 0.2042565 1 1 1
1 P_5 146 146 0.5 0.5 0.5 1 1 1
1 P_5 147 147 0.5 0.5 0.5 1 1 1
1 P_5 148 148 0.5 0.5 0.5 1 1 1
1 P_5 149 149 0.5 0.5 0.5 1 1 1
1 P_5 150 150 0.5 0.5 0.5 1 1 1
1 P_5 151 151 0.5 0.5 0.5 1 1 1
1 P_5 152 152 0.5 0.5 0.5 1 1 1
1 P_5 153 153 0.0889915 0.140625 0.2048535 1 1 1
1 P_5 154 154 0.5 0.5 0.5 1 1 1
1 P_5 155 155 0.5 0.5 0.5 1 1 1
1 P_5 156 156 0.5 0.5 0.5 1 1 1
1 P_5 157 157 0.5 0.5 0.5 1 1 1
1 P_5 158 158 0.5 0.5 0.5 1 1 1
1 P_5 159 159 0.5 0.5 0.5 1 1 1
1 P_5 160 160 0.5 0.5 0.5 1 1 1
1 P_5 161 161 0.5 0.5 0.5 1 1 1
1 P_5 162 162 0.5 0.5 0.5 1 1 1
1 P_5 163 163 0.5 0.5 0.5 1 1 1
1 P_5 164 164 0.5 0.5 0.5 1 1 1
1 P_5 165 165 0.5 0.5 0.5 1 1 1
1 P_5 166 166 0.5 0.5 0.5 1 1 1
1 P_5 167 167 0.067446 0.1111111111111111 0.1690495 1 1 1
1 P_5 168 168 0 0 0 1 1 1
1 P_5 169 169 0 0 0 1 1 1
1 P_5 170 170 0.5 0.5 0.5 1 1 1
1 P_5 171 171 0.5 0.5 0.5 1 1 1
1 P_5 172 172 0.5 0.5 0.5 1 1 1
1 P_5 173 173 0.1036665 0.15454545454545454 0.215068 1 1 1
1 P_5 174 174 0.5 0.5 0.5 1 1 1
1 P_5 175 175 0.5 0.5 0.5 1 1 1
1 P_5 176 176 0.273873 0.33653846153846156 0.389974 1 1 1
1 P_5 177 177 0.321311 0.38636363636363635 0.434357 1 1 1
1 P_5 178 178 0 0 0 1 1 1
1 P_5 179 179 0.5 0.5 0.5 1 1 1
1 P_5 180 180 0.5 0.5 0.5 1 1 1
1 P_5 181 181 0.5 0.5 0.5 1 1 1
1 P_5 182 182 0.5 0.5 0.5 1 1 1
1 P_5 183 183 0.5 0.5 0.5 1 1 1
1 P_5 184 184 0.5 0.5 0.5 1 1 1
1 P_5 185 185 0.5 0.5 0.5 1 1 1
1 P_5 186 186 0.5 0.5 0.5 1 1 1
1 P_5 187 187 0.5 0.5 0.5 1 1 1
1 P_5 188 188 0.256441 0.32142857142857145 0.3783485 1 1 1
1 P_5 189 189 0 0 0 1 1 1
1 P_5 190 190 0.2811895 0.35185185185185186 0.408714 1 1 1
1 P_5 191 191 0.5 0.5 0.5 1 1 1
1 P_5 192 192 0.304451 0.3684210526315789 0.4186185 1 1 1
1 P_5 193 193 0 0 0 1 1 1
1 P_5 194 194 0 0 0 1 1 1
1 P_5 195 195 0.097602 0.15217391304347827 0.218482 1 1 1
1 P_5 196 196 0.5 0.5 0.5 1 1 1
1 P_5 197 197 0.5 0.5 0.5 1 1 1
1 P_5 198 198 0 0 0 1 1 1
1 P_5 199 199 0 0 0 1 1 1
1 P_5 200 200 0.3112735 0.37254901960784315 0.420514 1 1 1
1 P_5 201 201 0.5 0.5 0.5 1 1 1
1 P_5 202 202 0.5 0.5 0.5 1 1 1
1 P_5 203 203 0.5 0.5 0.5 1 1 1
1 P_5 204 204 0.5 0.5 0.5 1 1 1
1 P_5 205 205 0.5 0.5 0.5 1 1 1
1 P_5 206 206 0.305997 0.36764705882352944 0.416518 1 1 1
1 P_5 207 207 0.5 0.5 0.5 1 1 1
1 P_5 208 208 0.5 0.5 0.5 1 1 1
1 P_5 209 209 0.5 0.5 0.5 1 1 1
1 P_5 210 210 0 0 0 1 1 1
1 P_5 211 211 0.5 0.5 0.5 1 1 1
1 P_5 212 212 0.5 0.5 0.5 1 1 1
1 P_5 213 213 0 0 0 1 1 1
1 P_5 214 214 0.5 0.5 0.5 1 1 1
1 P_5 215 215 0.5 0.5 0.5 1 1 1
1 P_5 216 216 0.5 0.5 0.5 1 1 1
1 P_5 217 217 0.5 0.5 0.5 1 1 1
1 P_5 218 218 0.5 0.5 0.5 1 1 1
1 P_5 219 219 0.2514385 0.3142857142857143 0.3703385 1 1 1
1 P_5 220 220 0 0 0 1 1 1
1 P_5 221 221 0.093508 0.145 0.208119 1 1 1
1 P_5 222 222 0.5 0.5 0.5 1 1 1
1 P_5 223 223 0.5 0.5 0.5 1 1 1
1 P_5 224 224 0.5 0.5 0.5 1 1 1
1 P_5 225 225 0.5 0.5 0.5 1 1 1
1 P_5 226 226 0.5 0.5 0.5 1 1 1
1 P_5 227 227 0.5 0.5 0.5 1 1 1
1 P_5 228 228 0 0 0 1 1 1
1 P_5 229 229 0.130595 0.18877551020408162 0.25387150000000003 1 1 1
1 P_5 230 230 0.5 0.5 0.5 1 1 1
1 P_5 231 231 0.5 0.5 0.5 1 1 1
1 P_5 232 232 0.5 0.5 0.5 1 1 1
1 P_5 233 233 0.5 0.5 0.5 1 1 1
1 P_5 234 234 0.5 0.5 0.5 1 1 1
1 P_5 235 235 0.5 0.5 0.5 1 1 1
1 P_5 236 236 0.5 0.5 0.5 1 1 1
1 P_5 237 237 0.5 0.5 0.5 1 1 1
1 P_5 238 238 0.5 0.5 0.5 1 1 1
1 P_5 239 239 0.5 0.5 0.5 1 1 1
1 P_5 240 240 0.5 0.5 0.5 1 1 1
1 P_5 241 241 0.1176615 0.1680327868852459 0.2258975 1 1 1
1 P_5 242 242 0.5 0.5 0.5 1 1 1
1 P_5 243 243 0.5 0.5 0.5 1 1 1
1 P_5 244 244 0 0 0 1 1 1
1 P_5 245 245 0.5 0.5 0.5 1 1 1
1 P_5 246 246 0.5 0.5 0.5 1 1 1
1 P_5 247 247 0 0 0 1 1 1
1 P_5 248 248 0.5 0.5 0.5 1 1 1
1 P_5 249 249 0 0 0 1 1 1
1 P_5 250 250 0.5 0.5 0.5 1 1 1
1 P_5 251 251 0 0 0 1 1 1
1 P_5 252 252 0.5 0.5 0.5 1 1 1
1 P_5 253 253 0.5 0.5 0.5 1 1 1
1 P_5 254 254 0.5 0.5 0.5 1 1 1
1 P_5 255 255 0 0 0 1 1 1
1 P_5 256 256 0.5 0.5 0.5 1 1 1
1 P_5 257 257 0.074862 0.12037037037037036 0.179203 1 1 1
1 P_5 258 258 0 0 0 1 1 1
1 P_5 259 259 0.5 0.5 0.5 1 1 1
1 P_5 260 260 0.5 0.5 0.5 1 1 1
1 P_5 261 261 0 0 0 1 1 1
1 P_5 262 262 0.5 0.5 0.5 1 1 1
1 P_5 263 263 0.5 0.5 0.5 1 1 1
1 P_5 264 264 0.5 0.5 0.5 1 1 1
1 P_5 265 265 0.5 0.5 0.5 1 1 1
1 P_5 266 266 0 0 0 1 1 1
1 P_5 267 267 0.5 0.5 0.5 1 1 1
1 P_5 268 268 0.2466695 0.30701754385964913 0.3617985 1 1 1
1 P_5 269 269 0 0 0 1 1 1
1 P_5 270 270 0.5 0.5 0.5 1 1 1
1 P_5 271 271 0.5 0.5 0.5 1 1 1
1 P_5 272 272 0.5 0.5 0.5 1 1 1
1 P_5 273 273 0.5 0.5 0.5 1 1 1
1 P_5 274 274 0.5 0.5 0.5 1 1 1
1 P_5 275 275 0.5 0.5 0.5 1 1 1
1 P_5 276 276 0.5 0.5 0.5 1 1 1
1 P_5 277 277 0.5 0.5 0.5 1 1 1
1 P_5 278 278 0.0572065 0.10106382978723404 0.162407 1 1 1
1 P_5 279 279 0 0 0 1 1 1
1 P_5 280 280 0.5 0.5 0.5 1 1 1
1 P_5 281 281 0 0 0 1 1 1
1 P_5 282 282 0.11267 0.17032967032967034 0.2376505 1 1 1
1 P_5 283 283 0.5 0.5 0.5 1 1 1
1 P_5 284 284 0.5 0.5 0.5 1 1 1
1 P_5 285 285 0.5 0.5 0.5 1 1 1
1 P_5 286 286 0 0 0 1 1 1
1 P_5 287 287 0.5 0.5 0.5 1 1 1
1 P_5 288 288 0.2747345 0.345679012345679 0.403659 1 1 1
1 P_5 289 289 0.5 0.5 0.5 1 1 1
1 P_5 290 290 0.5 0.5 0.5 1 1 1
1 P_5 291 291 0.5 0.5 0.5 1 1 1
1 P_5 292 292 0 0 0 1 1 1
1 P_5 293 293 0.5 0.5 0.5 1 1 1
1 P_5 294 294 0.5 0.5 0.5 1 1 1
1 P_5 295 295 0.5 0.5 0.5 1 1 1
1 P_5 296 296 0.5 0.5 0.5 1 1 1
1 P_5 297 297 0.5 0.5 0.5 1 1 1
1 P_5 298 298 0.5 0.5 0.5 1 1 1
1 P_5 299 299 0.5 0.5 0.5 1 1 1
1 P_5 300 300 0.2949545 0.3602150537634409 0.4123915 1 1 1
1 P_5 301 301 0.5 0.5 0.5 1 1 1
1 P_5 302 302 0.5 0.5 0.5 1 1 1
1 P_5 303 303 0.5 0.5 0.5 1 1 1
1 P_5 304 304 0.5 0.5 0.5 1 1 1
1 P_5 305 305 0.5 0.5 0.5 1 1 1
1 P_5 306 306 0.3140765 0.3776595744680851 0.426247 1 1 1
1 P_5 307 307 0.2937275 0.3564356435643564 0.40747 1 1 1
1 P_5 308 308 0.5 0.5 0.5 1 1 1
1 P_5 309 309 0.5 0.5 0.5 1 1 1
1 P_5 310 310 0.5 0.5 0.5 1 1 1
1 P_5 311 311 0.5 0.5 0.5 1 1 1
1 P_5 312 312 0 0 0 1 1 1
1 P_5 313 313 0.5 0.5 0.5 1 1 1
1 P_5 314 314 0 0 0 1 1 1
1 P_5 315 315 0.5 0.5 0.5 1 1 1
1 P_5 316 316 0.5 0.5 0.5 1 1 1
1 P_5 317 317 0.5 0.5 0.5 1 1 1
1 P_5 318 318 0 0 0 1 1 1
1 P_5 319 319 0.5 0.5 0.5 1 1 1
1 P_5 320 320 0 0 0 1 1 1
1 P_5 321 321 0.5 0.5 0.5 1 1 1
1 P_5 322 322 0.5 0.5 0.5 1 1 1
1 P_5 323 323 0.5 0.5 0.5 1 1 1
1 P_5 324 324 0.5 0.5 0.5 1 1 1
1 P_5 325 325 0.5 0.5 0.5 1 1 1
1 P_5 326 326 0 0 0 1 1 1
1 P_5 327 327 0 0 0 1 1 1
1 P_5 328 328 0 0 0 1 1 1
1 P_5 329 329 0.5 0.5 0.5 1 1 1
1 P_5 330 330 0.5 0.5 0.5 1 1 1
1 P_5 331 331 0.5 0.5 0.5 1 1 1
1 P_5 332 332 0.5 0.5 0.5 1 1 1
1 P_5 333 333 0.284693 0.3484848484848485 0.401264 1 1 1
1 P_5 334 334 0.5 0.5 0.5 1 1 1
1 P_5 335 335 0.5 0.5 0.5 1 1 1
1 P_5 336 336 0.0687805 0.11578947368421053 0.1784025 1 1 1
1 P_5 337 337 0.5 0.5 0.5 1 1 1
1 P_5 338 338 0.5 0.5 0.5 1 1 1
1 P_5 339 339 0.5 0.5 0.5 1 1 1
1 P_5 340 340 0.5 0.5 0.5 1 1 1
1 P_5 341 341 0.5 0.5 0.5 1 1 1
1 P_5 342 342 0.5 0.5 0.5 1 1 1
1 P_5 343 343 0.5 0.5 0.5 1 1 1
1 P_5 344 344 0.5 0.5 0.5 1 1 1
1 P_5 345 345 0 0 0 1 1 1
1 P_5 346 346 0.5 0.5 0.5 1 1 1
1 P_5 347 347 0 0 0 1 1 1
1 P_5 348 348 0.5 0.5 0.5 1 1 1
1 P_5 349 349 0 0 0 1 1 1
1 P_5 350 350 0 0 0 1 1 1
1 P_5 351 351 0 0 0 1 1 1
1 P_5 352 352 0.5 0.5 0.5 1 1 1
1 P_5 353 353 0.5 0.5 0.5 1 1 1
1 P_5 354 354 0.5 0.5 0.5 1 1 1
1 P_5 355 355 0 0 0 1 1 1
1 P_5 356 356 0.5 0.5 0.5 1 1 1
1 P_5 357 357 0.297634 0.3577981651376147 0.4069765 1 1 1
1 P_5 358 358 0.5 0.5 0.5 1 1 1
1 P_5 359 359 0.5 0.5 0.5 1 1 1
1 P_5 360 360 0 0 0 1 1 1
1 P_5 361 361 0.5 0.5 0.5 1 1 1
1 P_5 362 362 0.5 0.5 0.5 1 1 1
1 P_5 363 363 0 0 0 1 1 1
1 P_5 364 364 0.5 0.5 0.5 1 1 1
1 P_5 365 365 0.0694595 0.11428571428571428 0.1734435 1 1 1
1 P_5 366 366 0.241846 0.31176470588235294 0.3736875 1 1 1
1 P_5 367 367 0 0 0 1 1 1
1 P_5 368 368 0 0 0 1 1 1
1 P_5 369 369 0.5 0.5 0.5 1 1 1
1 P_5 370 370 0 0 0 1 1 1
1 P_5 371 371 0.5 0.5 0.5 1 1 1
1 P_5 372 372 0.5 0.5 0.5 1 1 1
1 P_5 373 373 0.5 0.5 0.5 1 1 1
1 P_5 374 374 0.5 0.5 0.5 1 1 1
1 P_5 375 375 0.5 0.5 0.5 1 1 1
1 P_5 376 376 0.5 0.5 0.5 1 1 1
1 P_5 377 377 0.5 0.5 0.5 1 1 1
1 P_5 378 378 0 0 0 1 1 1
1 P_5 379 379 0.5 0.5 0.5 1 1 1
1 P_5 380 380 0 0 0 1 1 1
1 P_5 381 381 0 0 0 1 1 1
1 P_5 382 382 0.5 0.5 0.5 1 1 1
1 P_5 383 383 0 0 0 1 1 1
1 P_5 384 384 0 0 0 1 1 1
1 P_5 385 385 0.5 0.5 0.5 1 1 1
1 P_5 386 386 0.5 0.5 0.5 1 1 1
1 P_5 387 387 0 0 0 1 1 1
1 P_5 388 388 0 0 0 1 1 1
1 P_5 389 389 0.5 0.5 0.5 1 1 1
1 P_5 390 390 0.5 0.5 0.5 1 1 1
1 P_5 391 391 0.5 0.5 0.5 1 1 1
1 P_5 392 392 0.5 0.5 0.5 1 1 1
1 P_5 393 393 0.084571 0.1318181818181818 0.191002 1 1 1
1 P_5 394 394 0.5 0.5 0.5 1 1 1
1 P_5 395 395 0.0945075 0.14646464646464646 0.2099985 1 1 1
1 P_5 396 396 0 0 0 1 1 1
1 P_5 397 397 0.292785 0.3532110091743119 0.403118 1 1 1
1 P_5 398 398 0 0 0 1 1 1
1 P_5 399 399 0.5 0.5 0.5 1 1 1
1 P_5 400 400 0.5 0.5 0.5 1 1 1
1 P_5 401 401 0.5 0.5 0.5 1 1 1
1 P_5 402 402 0.5 0.5 0.5 1 1 1
1 P_5 403 403 0 0 0 1 1 1
1 P_5 404 404 0.5 0.5 0.5 1 1 1
1 P_5 405 405 0.093508 0.145 0.208119 1 1 1
1 P_5 406 406 0.5 0.5 0.5 1 1 1
1 P_5 407 407 0.5 0.5 0.5 1 1 1
1 P_5 408 408 0.2711945 0.3368421052631579 0.3923855 1 1 1
1 P_5 409 409 0.5 0.5 0.5 1 1 1
1 P_5 410 410 0 0 0 1 1 1
1 P_5 411 411 0.5 0.5 0.5 1 1 1
1 P_5 412 412 0 0 0 1 1 1
1 P_5 413 413 0.0997855 0.15196078431372548 0.2147885 1 1 1
1 P_5 414 414 0.5 0.5 0.5 1 1 1
1 P_5 415 415 0.5 0.5 0.5 1 1 1
1 P_5 416 416 0 0 0 1 1 1
1 P_5 417 417 0 0 0 1 1 1
1 P_5 418 418 0.5 0.5 0.5 1 1 1
1 P_5 419 419 0.5 0.5 0.5 1 1 1
1 P_5 420 420 0.5 0.5 0.5 1 1 1
1 P_5 421 421 0 0 0 1 1 1
1 P_5 422 422 0.284932 0.34545454545454546 0.3963335 1 1 1
1 P_5 423 423 0.5 0.5 0.5 1 1 1
1 P_5 424 424 0.5 0.5 0.5 1 1 1
1 P_5 425 425 0.281382 0.345 0.398097 1 1 1
1 P_5 426 426 0.5 0.5 0.5 1 1 1
1 P_5 427 427 0.5 0.5 0.5 1 1 1
1 P_5 428 428 0.5 0.5 0.5 1 1 1
1 P_5 429 429 0.5 0.5 0.5 1 1 1
1 P_5 430 430 0.2700465 0.33505154639175255 0.3903565 1 1 1
1 P_5 431 431 0.5 0.5 0.5 1 1 1
1 P_5 432 432 0.3064625 0.3709677419354839 0.421115 1 1 1
1 P_5 433 433 0.07234 0.1188118811881188 0.1796665 1 1 1
1 P_5 434 434 0.5 0.5 0.5 1 1 1
1 P_5 435 435 0.5 0.5 0.5 1 1 1
1 P_5 436 436 0 0 0 1 1 1
1 P_5 437 437 0.5 0.5 0.5 1 1 1
1 P_5 438 438 0.5 0.5 0.5 1 1 1
1 P_5 439 439 0.5 0.5 0.5 1 1 1
1 P_5 440 440 0.5 0.5 0.5 1 1 1
1 P_5 441 441 0.5 0.5 0.5 1 1 1
1 P_5 442 442 0 0 0 1 1 1
1 P_5 443 443 0 0 0 1 1 1
1 P_5 444 444 0 0 0 1 1 1
1 P_5 445 445 0 0 0 1 1 1
1 P_5 446 446 0.5 0.5 0.5 1 1 1
1 P_5 447 447 0.5 0.5 0.5 1 1 1
1 P_5 448 448 0.5 0.5 0.5 1 1 1
1 P_5 449 449 0.5 0.5 0.5 1 1 1
1 P_5 450 450 0.5 0.5 0.5 1 1 1
1 P_5 451 451 0.5 0.5 0.5 1 1 1
1 P_5 452 452 0 0 0 1 1 1
1 P_5 453 453 0.5 0.5 0.5 1 1 1
1 P_5 454 454 0 0 0 1 1 1
1 P_5 455 455 0 0 0 1 1 1
1 P_5 456 456 0.5 0.5 0.5 1 1 1
1 P_5 457 457 0.5 0.5 0.5 1 1 1
1 P_5 458 458 0.5 0.5 0.5 1 1 1
1 P_5 459 459 0.5 0.5 0.5 1 1 1
1 P_5 460 460 0 0 0 1 1 1
1 P_5 461 461 0 0 0 1 1 1
1 P_5 462 462 0.5 0.5 0.5 1 1 1
1 P_5 463 463 0.2550255 0.32105263157894737 0.3788115 1 1 1
1 P_5 464 464 0 0 0 1 1 1
1 P_5 465 465 0.5 0.5 0.5 1 1 1
1 P_5 466 466 0.5 0.5 0.5 1 1 1
1 P_5 467 467 0.5 0.5 0.5 1 1 1
1 P_5 468 468 0.5 0.5 0.5 1 1 1
1 P_5 469 469 0.5 0.5 0.5 1 1 1
1 P_5 470 470 0.5 0.5 0.5 1 1 1
1 P_5 471 471 0.5 0.5 0.5 1 1 1
1 P_5 472 472 0.5 0.5 0.5 1 1 1
1 P_5 473 473 0 0 0 1 1 1
1 P_5 474 474 0.3300025 0.3924731182795699 0.438041 1 1 1
1 P_5 475 475 0.113674 0.16666666666666666 0.2282295 1 1 1
1 P_5 476 476 0.5 0.5 0.5 1 1 1
1 P_5 477 477 0.5 0.5 0.5 1 1 1
1 P_5 478 478 0.338703 0.40229885057471265 0.4466425 1 1 1
1 P_5 479 479 0.302658 0.36813186813186816 0.4192885 1 1 1
1 P_5 480 480 0.5 0.5 0.5 1 1 1
1 P_5 481 481 0.5 0.5 0.5 1 1 1
1 P_5 482 482 0.067708 0.11274509803921569 0.172686 1 1 1
1 P_5 483 483 0.5 0.5 0.5 1 1 1
1 P_5 484 484 0 0 0 1 1 1
1 P_5 485 485 0.5 0.5 0.5 1 1 1
1 P_5 486 486 0.5 0.5 0.5 1 1 1
1 P_5 487 487 0.5 0.5 0.5 1 1 1
1 P_5 488 488 0.5 0.5 0.5 1 1 1
1 P_5 489 489 0.2967795 0.3626373626373626 0.4148425 1 1 1
1 P_5 490 490 0 0 0 1 1 1
1 P_5 491 491 0.5 0.5 0.5 1 1 1
1 P_5 492 492 0.5 0.5 0.5 1 1 1
1 P_5 493 493 0.5 0.5 0.5 1 1 1
1 P_5 494 494 0 0 0 1 1 1
1 P_5 495 495 0.5 0.5 0.5 1 1 1
1 P_5 496 496 0.5 0.5 0.5 1 1 1
1 P_5 497 497 0.3231965 0.3805309734513274 0.425022 1 1 1
1 P_5 498 498 0.5 0.5 0.5 1 1 1
1 P_5 499 499 0 0 0 1 1 1
1 P_5 500 500 0.5 0.5 0.5 1 1 1
1 P_5 501 501 0.5 0.5 0.5 1 1 1
1 P_5 502 502 0 0 0 1 1 1
1 P_5 503 503 0.5 0.5 0.5 1 1 1
1 P_5 504 504 0.5 0.5 0.5 1 1 1
1 P_5 505 505 0.062577 0.10576923076923077 0.1643305 1 1 1
1 P_5 506 506 0.5 0.5 0.5 1 1 1
1 P_5 507 507 0.5 0.5 0.5 1 1 1
1 P_5 508 508 0.5 0.5 0.5 1 1 1
1 P_5 509 509 0.5 0.5 0.5 1 1 1
1 P_5 510 510 0 0 0 1 1 1
1 P_5 511 511 0.5 0.5 0.5 1 1 1
1 P_5 512 512 0.5 0.5 0.5 1 1 1
1 P_5 513 513 0.5 0.5 0.5 1 1 1
1 P_5 514 514 0.2691955 0.33707865168539325 0.3941765 1 1 1
1 P_5 515 515 0.5 0.5 0.5 1 1 1
1 P_5 516 516 0.304451 0.3684210526315789 0.4186185 1 1 1
1 P_5 517 517 0.5 0.5 0.5 1 1 1
1 P_5 518 518 0.5 0.5 0.5 1 1 1
1 P_5 519 519 0.5 0.5 0.5 1 1 1
1 P_5 520 520 0.5 0.5 0.5 1 1 1
1 P_5 521 521 0.107331 0.15789473684210525 0.2174485 1 1 1
1 P_5 522 522 0.5 0.5 0.5 1 1 1
1 P_5 523 523 0.5 0.5 0.5 1 1 1
1 P_5 524 524 0.3240475 0.3870967741935484 0.4338795 1 1 1
1 P_5 525 525 0 0 0 1 1 1
1 P_5 526 526 0.5 0.5 0.5 1 1 1
1 P_5 527 527 0.3372965 0.4 0.444345 1 1 1
1 P_5 528 528 0.5 0.5 0.5 1 1 1
1 P_5 529 529 0.0771095 0.125 0.186728 1 1 1
1 P_5 530 530 0 0 0 1 1 1
1 P_5 531 531 0 0 0 1 1 1
