5 #m
45 #n
0 P_5 0 0 0.2837805 0.37254901960784315 0.435677 1 1 1
0 P_5 1 1 0 0 0 1 1 1
0 P_5 2 2 0.195735 0.2830188679245283 0.363627 1 1 1
0 P_5 3 3 0.204599 0.2978723404255319 0.380329 1 1 1
0 P_5 4 4 0 0 0 1 1 1
0 P_5 5 5 0 0 0 1 1 1
0 P_5 6 6 0 0 0 1 1 1
0 P_5 7 7 0 0 0 1 1 1
0 P_5 8 8 0 0 0 1 1 1
0 P_5 9 9 0 0 0 1 1 1
0 P_5 10 10 0 0 0 1 1 1
0 P_5 11 11 0 0 0 1 1 1
0 P_5 12 12 0.175476 0.25396825396825395 0.3317775 1 1 1
0 P_5 13 13 0 0 0 1 1 1
0 P_5 14 14 0 0 0 1 1 1
0 P_5 15 15 0 0 0 1 1 1
0 P_5 16 16 0.5 0.5 0.5 1 1 1
0 P_5 17 17 0 0 0 1 1 1
0 P_5 18 18 0 0 0 1 1 1
0 P_5 19 19 0 0 0 1 1 1
0 P_5 20 20 0 0 0 1 1 1
0 P_5 21 21 0 0 0 1 1 1
0 P_5 22 22 0 0 0 1 1 1
0 P_5 23 23 0.1049045 0.18478260869565216 0.279688 1 1 1
0 P_5 24 24 0 0 0 1 1 1
0 P_5 25 25 0.105234 0.19230769230769232 0.2948375 1 1 1
0 P_5 26 26 0 0 0 1 1 1
0 P_5 27 27 0.079766 0.15217391304347827 0.247109 1 1 1
0 P_5 28 28 0 0 0 1 1 1
0 P_5 29 29 0 0 0 1 1 1
0 P_5 30 30 0 0 0 1 1 1
0 P_5 31 31 0 0 0 1 1 1
0 P_5 32 32 0 0 0 1 1 1
0 P_5 33 33 0 0 0 1 1 1
0 P_5 34 34 0 0 0 1 1 1
0 P_5 35 35 0 0 0 1 1 1
0 P_5 36 36 0.118586 0.21428571428571427 0.320536 1 1 1
0 P_5 37 37 0 0 0 1 1 1
0 P_5 38 38 0 0 0 1 1 1
0 P_5 39 39 0 0 0 1 1 1
0 P_5 40 40 0 0 0 1 1 1
0 P_5 41 41 0 0 0 1 1 1
0 P_5 42 42 0 0 0 1 1 1
0 P_5 43 43 0 0 0 1 1 1
0 P_5 44 44 0 0 0 1 1 1
1 P_9 0 0 0 0 0 1 1 1
1 P_9 1 1 0.3181565 0.40625 0.459826 1 1 1
1 P_9 2 2 0 0 0 1 1 1
1 P_9 3 3 0 0 0 1 1 1
1 P_9 4 4 0 0 0 1 1 1
1 P_9 5 5 0 0 0 1 1 1
1 P_9 6 6 0 0 0 1 1 1
1 P_9 7 7 0 0 0 1 1 1
1 P_9 8 8 0 0 0 1 1 1
1 P_9 9 9 0 0 0 1 1 1
1 P_9 10 10 0 0 0 1 1 1
1 P_9 11 11 0 0 0 1 1 1
1 P_9 12 12 0 0 0 1 1 1
1 P_9 13 13 0.366385 0.4338235294117647 0.471965 1 1 1
1 P_9 14 14 0 0 0 1 1 1
1 P_9 15 15 0.0098858 0.03636363636363636 0.10411 1 1 1
1 P_9 16 16 0.5 0.5 0.5 1 1 1
1 P_9 17 17 0 0 0 1 1 1
1 P_9 18 18 0 0 0 1 1 1
1 P_9 19 19 0 0 0 1 1 1
1 P_9 20 20 0.078751 0.14705882352941177 0.2369165 1 1 1
1 P_9 21 21 0.3797065 0.4528301886792453 0.4852895 1 1 1
1 P_9 22 22 0.0263054 0.08333333333333333 0.196491 1 1 1
1 P_9 23 23 0 0 0 1 1 1
1 P_9 24 24 0.4230975 0.48863636363636365 0.4988385 1 1 1
1 P_9 25 25 0 0 0 1 1 1
1 P_9 26 26 0.3635535 0.44565217391304346 0.483011 1 1 1
1 P_9 27 27 0 0 0 1 1 1
1 P_9 28 28 0 0 0 1 1 1
1 P_9 29 29 0 0 0 1 1 1
1 P_9 30 30 0 0 0 1 1 1
1 P_9 31 31 0.0113428 0.041666666666666664 0.1176745 1 1 1
1 P_9 32 32 0 0 0 1 1 1
1 P_9 33 33 0.3652825 0.4423076923076923 0.4800165 1 1 1
1 P_9 34 34 0 0 0 1 1 1
1 P_9 35 35 0 0 0 1 1 1
1 P_9 36 36 0 0 0 1 1 1
1 P_9 37 37 0 0 0 1 1 1
1 P_9 38 38 0 0 0 1 1 1
1 P_9 39 39 0.3729555 0.4605263157894737 0.4911125 1 1 1
1 P_9 40 40 0.0080369 0.03571428571428571 0.11633 1 1 1
1 P_9 41 41 0.4071895 0.4722222222222222 0.4937555 1 1 1
1 P_9 42 42 0.3605115 0.44 0.4791995 1 1 1
1 P_9 43 43 0.0385059 0.09 0.175527 1 1 1
1 P_9 44 44 0 0 0 1 1 1
2 P_0 0 0 0.0654805 0.13333333333333333 0.228585 1 1 1
2 P_0 1 1 0 0 0 1 1 1
2 P_0 2 2 0.0810925 0.14814814814814814 0.2354245 1 1 1
2 P_0 3 3 0.1185225 0.19298245614035087 0.2782125 1 1 1
2 P_0 4 4 0 0 0 1 1 1
2 P_0 5 5 0.0516685 0.11 0.1981445 1 1 1
2 P_0 6 6 0.02316825 0.06666666666666667 0.153023 1 1 1
2 P_0 7 7 0.0467633 0.0967741935483871 0.1734765 1 1 1
2 P_0 8 8 0.0362485 0.08490566037735849 0.166825 1 1 1
2 P_0 9 9 0 0 0 1 1 1
2 P_0 10 10 0 0 0 1 1 1
2 P_0 11 11 0.0532845 0.10655737704918032 0.185212 1 1 1
2 P_0 12 12 0 0 0 1 1 1
2 P_0 13 13 0 0 0 1 1 1
2 P_0 14 14 0 0 0 1 1 1
2 P_0 15 15 0.0927345 0.175 0.2768975 1 1 1
2 P_0 16 16 0.5 0.5 0.5 1 1 1
2 P_0 17 17 0.11416 0.1864406779661017 0.2703455 1 1 1
2 P_0 18 18 0.03302275 0.07758620689655173 0.154076 1 1 1
2 P_0 19 19 0.0670615 0.13636363636363635 0.2329105 1 1 1
2 P_0 20 20 0 0 0 1 1 1
2 P_0 21 21 0 0 0 1 1 1
2 P_0 22 22 0.2396505 0.3472222222222222 0.4268195 1 1 1
2 P_0 23 23 0 0 0 1 1 1
2 P_0 24 24 0 0 0 1 1 1
2 P_0 25 25 0 0 0 1 1 1
2 P_0 26 26 0 0 0 1 1 1
2 P_0 27 27 0 0 0 1 1 1
2 P_0 28 28 0.0407233 0.09090909090909091 0.172077 1 1 1
2 P_0 29 29 0 0 0 1 1 1
2 P_0 30 30 0.0287382 0.07142857142857142 0.148264 1 1 1
2 P_0 31 31 0 0 0 1 1 1
2 P_0 32 32 0.146602 0.22727272727272727 0.312383 1 1 1
2 P_0 33 33 0 0 0 1 1 1
2 P_0 34 34 0.01819725 0.05263157894736842 0.124098 1 1 1
2 P_0 35 35 0 0 0 1 1 1
2 P_0 36 36 0 0 0 1 1 1
2 P_0 37 37 0.0129716 0.041666666666666664 0.107546 1 1 1
2 P_0 38 38 0.0475623 0.09836065573770492 0.1759815 1 1 1
2 P_0 39 39 0 0 0 1 1 1
2 P_0 40 40 0 0 0 1 1 1
2 P_0 41 41 0 0 0 1 1 1
2 P_0 42 42 0 0 0 1 1 1
2 P_0 43 43 0.051409 0.11363636363636363 0.2085275 1 1 1
2 P_0 44 44 0.01298315 0.047619047619047616 0.132447 1 1 1
3 P_4 0 0 0 0 0 1 1 1
3 P_4 1 1 0 0 0 1 1 1
3 P_4 2 2 0 0 0 1 1 1
3 P_4 3 3 0 0 0 1 1 1
3 P_4 4 4 0 0 0 1 1 1
3 P_4 5 5 0 0 0 1 1 1
3 P_4 6 6 0.095242 0.16379310344827586 0.24836 1 1 1
3 P_4 7 7 0 0 0 1 1 1
3 P_4 8 8 0 0 0 1 1 1
3 P_4 9 9 0 0 0 1 1 1
3 P_4 10 10 0 0 0 1 1 1
3 P_4 11 11 0.0399685 0.08928571428571429 0.169378 1 1 1
3 P_4 12 12 0 0 0 1 1 1
3 P_4 13 13 0 0 0 1 1 1
3 P_4 14 14 0 0 0 1 1 1
3 P_4 15 15 0.139245 0.23170731707317074 0.328854 1 1 1
3 P_4 16 16 0.5 0.5 0.5 1 1 1
3 P_4 17 17 0.15084 0.23529411764705882 0.32283 1 1 1
3 P_4 18 18 0 0 0 1 1 1
3 P_4 19 19 0.19534 0.28431372549019607 0.3660975 1 1 1
3 P_4 20 20 0.082358 0.14516129032258066 0.226256 1 1 1
3 P_4 21 21 0 0 0 1 1 1
3 P_4 22 22 0.5 0.5 0.5 1 1 1
3 P_4 23 23 0 0 0 1 1 1
3 P_4 24 24 0 0 0 1 1 1
3 P_4 25 25 0 0 0 1 1 1
3 P_4 26 26 0 0 0 1 1 1
3 P_4 27 27 0 0 0 1 1 1
3 P_4 28 28 0 0 0 1 1 1
3 P_4 29 29 0 0 0 1 1 1
3 P_4 30 30 0 0 0 1 1 1
3 P_4 31 31 0 0 0 1 1 1
3 P_4 32 32 0.1594935 0.24509803921568626 0.3317295 1 1 1
3 P_4 33 33 0 0 0 1 1 1
3 P_4 34 34 0.1011065 0.18181818181818182 0.2788935 1 1 1
3 P_4 35 35 0 0 0 1 1 1
3 P_4 36 36 0 0 0 1 1 1
3 P_4 37 37 0 0 0 1 1 1
3 P_4 38 38 0.075588 0.14150943396226415 0.2293435 1 1 1
3 P_4 39 39 0 0 0 1 1 1
3 P_4 40 40 0 0 0 1 1 1
3 P_4 41 41 0 0 0 1 1 1
3 P_4 42 42 0 0 0 1 1 1
3 P_4 43 43 0.1869165 0.27358490566037735 0.3554845 1 1 1
3 P_4 44 44 0.0741005 0.1388888888888889 0.2257315 1 1 1
4 P_3 0 0 0 0 0 1 1 1
4 P_3 1 1 0 0 0 1 1 1
4 P_3 2 2 0 0 0 1 1 1
4 P_3 3 3 0 0 0 1 1 1
4 P_3 4 4 0.0287382 0.07142857142857142 0.148264 1 1 1
4 P_3 5 5 0.356293 0.43103448275862066 0.4722805 1 1 1
4 P_3 6 6 0 0 0 1 1 1
4 P_3 7 7 0.336681 0.42391304347826086 0.4712535 1 1 1
4 P_3 8 8 0.299975 0.3813559322033898 0.438746 1 1 1
4 P_3 9 9 0 0 0 1 1 1
4 P_3 10 10 0 0 0 1 1 1
4 P_3 11 11 0 0 0 1 1 1
4 P_3 12 12 0 0 0 1 1 1
4 P_3 13 13 0 0 0 1 1 1
4 P_3 14 14 0 0 0 1 1 1
4 P_3 15 15 0.5 0.5 0.5 1 1 1
4 P_3 16 16 0.5 0.5 0.5 1 1 1
4 P_3 17 17 0 0 0 1 1 1
4 P_3 18 18 0.5 0.5 0.5 1 1 1
4 P_3 19 19 0 0 0 1 1 1
4 P_3 20 20 0 0 0 1 1 1
4 P_3 21 21 0 0 0 1 1 1
4 P_3 22 22 0.5 0.5 0.5 1 1 1
4 P_3 23 23 0 0 0 1 1 1
4 P_3 24 24 0 0 0 1 1 1
4 P_3 25 25 0 0 0 1 1 1
4 P_3 26 26 0 0 0 1 1 1
4 P_3 27 27 0 0 0 1 1 1
4 P_3 28 28 0.317413 0.3951612903225806 0.4476135 1 1 1
4 P_3 29 29 0 0 0 1 1 1
4 P_3 30 30 0.3785475 0.4625 0.491559 1 1 1
4 P_3 31 31 0 0 0 1 1 1
4 P_3 32 32 0 0 0 1 1 1
4 P_3 33 33 0 0 0 1 1 1
4 P_3 34 34 0 0 0 1 1 1
4 P_3 35 35 0.0378634 0.0847457627118644 0.1617605 1 1 1
4 P_3 36 36 0 0 0 1 1 1
4 P_3 37 37 0.3675485 0.44339622641509435 0.480401 1 1 1
4 P_3 38 38 0 0 0 1 1 1
4 P_3 39 39 0 0 0 1 1 1
4 P_3 40 40 0 0 0 1 1 1
4 P_3 41 41 0 0 0 1 1 1
4 P_3 42 42 0 0 0 1 1 1
4 P_3 43 43 0 0 0 1 1 1
4 P_3 44 44 0 0 0 1 1 1
