10 #m
60 #n
0 P_3 0 0 0.216316 0.2227 0.229115 1 1 1
0 P_3 1 1 0 0 0 1 1 1
0 P_3 2 2 0 0 0 1 1 1
0 P_3 3 3 0.270935 0.27735 0.2837335 1 1 1
0 P_3 4 4 0 0 0 1 1 1
0 P_3 5 5 0.216316 0.2227 0.229115 1 1 1
0 P_3 6 6 0 0 0 1 1 1
0 P_3 7 7 0 0 0 1 1 1
0 P_3 8 8 0.270935 0.27735 0.2837335 1 1 1
0 P_3 9 9 0.270935 0.27735 0.2837335 1 1 1
0 P_3 10 10 0 0 0 1 1 1
0 P_3 11 11 0 0 0 1 1 1
0 P_3 12 12 0 0 0 1 1 1
0 P_3 13 13 0.5 0.5 0.5 1 1 1
0 P_3 14 14 0 0 0 1 1 1
0 P_3 15 15 0.270935 0.27735 0.2837335 1 1 1
0 P_3 16 16 0.5 0.5 0.5 1 1 1
0 P_3 17 17 0 0 0 1 1 1
0 P_3 18 18 0 0 0 1 1 1
0 P_3 19 19 0 0 0 1 1 1
0 P_3 20 20 0 0 0 1 1 1
0 P_3 21 21 0 0 0 1 1 1
0 P_3 22 22 0.5 0.5 0.5 1 1 1
0 P_3 23 23 0 0 0 1 1 1
0 P_3 24 24 0.216316 0.2227 0.229115 1 1 1
0 P_3 25 25 0 0 0 1 1 1
0 P_3 26 26 0.5 0.5 0.5 1 1 1
0 P_3 27 27 0 0 0 1 1 1
0 P_3 28 28 0.270935 0.27735 0.2837335 1 1 1
0 P_3 29 29 0 0 0 1 1 1
0 P_3 30 30 0.270935 0.27735 0.2837335 1 1 1
0 P_3 31 31 0.216316 0.2227 0.229115 1 1 1
0 P_3 32 32 0 0 0 1 1 1
0 P_3 33 33 0 0 0 1 1 1
0 P_3 34 34 0 0 0 1 1 1
0 P_3 35 35 0.216316 0.2227 0.229115 1 1 1
0 P_3 36 36 0 0 0 1 1 1
0 P_3 37 37 0 0 0 1 1 1
0 P_3 38 38 0 0 0 1 1 1
0 P_3 39 39 0 0 0 1 1 1
0 P_3 40 40 0 0 0 1 1 1
0 P_3 41 41 0 0 0 1 1 1
0 P_3 42 42 0.270935 0.27735 0.2837335 1 1 1
0 P_3 43 43 0 0 0 1 1 1
0 P_3 44 44 0.216316 0.2227 0.229115 1 1 1
0 P_3 45 45 0 0 0 1 1 1
0 P_3 46 46 0.216316 0.2227 0.229115 1 1 1
0 P_3 47 47 0 0 0 1 1 1
0 P_3 48 48 0.270935 0.27735 0.2837335 1 1 1
0 P_3 49 49 0 0 0 1 1 1
0 P_3 50 50 0 0 0 1 1 1
0 P_3 51 51 0.216316 0.2227 0.229115 1 1 1
0 P_3 52 52 0 0 0 1 1 1
0 P_3 53 53 0 0 0 1 1 1
0 P_3 54 54 0 0 0 1 1 1
0 P_3 55 55 0.270935 0.27735 0.2837335 1 1 1
0 P_3 56 56 0 0 0 1 1 1
0 P_3 57 57 0 0 0 1 1 1
0 P_3 58 58 0 0 0 1 1 1
0 P_3 59 59 0 0 0 1 1 1
1 P_9 0 0 0 0 0 1 1 1
1 P_9 1 1 0.061795 0.06605 0.0705165 1 1 1
1 P_9 2 2 0 0 0 1 1 1
1 P_9 3 3 0 0 0 1 1 1
1 P_9 4 4 0 0 0 1 1 1
1 P_9 5 5 0 0 0 1 1 1
1 P_9 6 6 0 0 0 1 1 1
1 P_9 7 7 0 0 0 1 1 1
1 P_9 8 8 0 0 0 1 1 1
1 P_9 9 9 0 0 0 1 1 1
1 P_9 10 10 0.4295345 0.434 0.4382535 1 1 1
1 P_9 11 11 0.4295345 0.434 0.4382535 1 1 1
1 P_9 12 12 0 0 0 1 1 1
1 P_9 13 13 0.5 0.5 0.5 1 1 1
1 P_9 14 14 0 0 0 1 1 1
1 P_9 15 15 0 0 0 1 1 1
1 P_9 16 16 0.5 0.5 0.5 1 1 1
1 P_9 17 17 0.061795 0.06605 0.0705165 1 1 1
1 P_9 18 18 0 0 0 1 1 1
1 P_9 19 19 0.061795 0.06605 0.0705165 1 1 1
1 P_9 20 20 0 0 0 1 1 1
1 P_9 21 21 0 0 0 1 1 1
1 P_9 22 22 0.5 0.5 0.5 1 1 1
1 P_9 23 23 0 0 0 1 1 1
1 P_9 24 24 0.4295345 0.434 0.4382535 1 1 1
1 P_9 25 25 0 0 0 1 1 1
1 P_9 26 26 0.5 0.5 0.5 1 1 1
1 P_9 27 27 0 0 0 1 1 1
1 P_9 28 28 0 0 0 1 1 1
1 P_9 29 29 0 0 0 1 1 1
1 P_9 30 30 0 0 0 1 1 1
1 P_9 31 31 0.5 0.5 0.5 1 1 1
1 P_9 32 32 0.061795 0.06605 0.0705165 1 1 1
1 P_9 33 33 0 0 0 1 1 1
1 P_9 34 34 0 0 0 1 1 1
1 P_9 35 35 0 0 0 1 1 1
1 P_9 36 36 0.4295345 0.434 0.4382535 1 1 1
1 P_9 37 37 0 0 0 1 1 1
1 P_9 38 38 0 0 0 1 1 1
1 P_9 39 39 0.061795 0.06605 0.0705165 1 1 1
1 P_9 40 40 0 0 0 1 1 1
1 P_9 41 41 0 0 0 1 1 1
1 P_9 42 42 0 0 0 1 1 1
1 P_9 43 43 0 0 0 1 1 1
1 P_9 44 44 0.4295345 0.434 0.4382535 1 1 1
1 P_9 45 45 0 0 0 1 1 1
1 P_9 46 46 0 0 0 1 1 1
1 P_9 47 47 0 0 0 1 1 1
1 P_9 48 48 0 0 0 1 1 1
1 P_9 49 49 0.061795 0.06605 0.0705165 1 1 1
1 P_9 50 50 0.4295345 0.434 0.4382535 1 1 1
1 P_9 51 51 0.5 0.5 0.5 1 1 1
1 P_9 52 52 0 0 0 1 1 1
1 P_9 53 53 0 0 0 1 1 1
1 P_9 54 54 0 0 0 1 1 1
1 P_9 55 55 0 0 0 1 1 1
1 P_9 56 56 0 0 0 1 1 1
1 P_9 57 57 0 0 0 1 1 1
1 P_9 58 58 0.061795 0.06605 0.0705165 1 1 1
1 P_9 59 59 0 0 0 1 1 1
2 P_1 0 0 0 0 0 1 1 1
2 P_1 1 1 0.32698 0.3331 0.3391245 1 1 1
2 P_1 2 2 0 0 0 1 1 1
2 P_1 3 3 0 0 0 1 1 1
2 P_1 4 4 0 0 0 1 1 1
2 P_1 5 5 0 0 0 1 1 1
2 P_1 6 6 0 0 0 1 1 1
2 P_1 7 7 0.2131275 0.2195 0.2259075 1 1 1
2 P_1 8 8 0 0 0 1 1 1
2 P_1 9 9 0 0 0 1 1 1
2 P_1 10 10 0.160925 0.16695 0.1730705 1 1 1
2 P_1 11 11 0.160925 0.16695 0.1730705 1 1 1
2 P_1 12 12 0 0 0 1 1 1
2 P_1 13 13 0.5 0.5 0.5 1 1 1
2 P_1 14 14 0 0 0 1 1 1
2 P_1 15 15 0 0 0 1 1 1
2 P_1 16 16 0.5 0.5 0.5 1 1 1
2 P_1 17 17 0.32698 0.3331 0.3391245 1 1 1
2 P_1 18 18 0 0 0 1 1 1
2 P_1 19 19 0.32698 0.3331 0.3391245 1 1 1
2 P_1 20 20 0 0 0 1 1 1
2 P_1 21 21 0 0 0 1 1 1
2 P_1 22 22 0.5 0.5 0.5 1 1 1
2 P_1 23 23 0 0 0 1 1 1
2 P_1 24 24 0.160925 0.16695 0.1730705 1 1 1
2 P_1 25 25 0.2131275 0.2195 0.2259075 1 1 1
2 P_1 26 26 0.5 0.5 0.5 1 1 1
2 P_1 27 27 0 0 0 1 1 1
2 P_1 28 28 0 0 0 1 1 1
2 P_1 29 29 0 0 0 1 1 1
2 P_1 30 30 0 0 0 1 1 1
2 P_1 31 31 0.5 0.5 0.5 1 1 1
2 P_1 32 32 0.32698 0.3331 0.3391245 1 1 1
2 P_1 33 33 0 0 0 1 1 1
2 P_1 34 34 0 0 0 1 1 1
2 P_1 35 35 0 0 0 1 1 1
2 P_1 36 36 0.160925 0.16695 0.1730705 1 1 1
2 P_1 37 37 0.2131275 0.2195 0.2259075 1 1 1
2 P_1 38 38 0 0 0 1 1 1
2 P_1 39 39 0.1082825 0.1136 0.1190745 1 1 1
2 P_1 40 40 0 0 0 1 1 1
2 P_1 41 41 0.2131275 0.2195 0.2259075 1 1 1
2 P_1 42 42 0 0 0 1 1 1
2 P_1 43 43 0 0 0 1 1 1
2 P_1 44 44 0.160925 0.16695 0.1730705 1 1 1
2 P_1 45 45 0 0 0 1 1 1
2 P_1 46 46 0 0 0 1 1 1
2 P_1 47 47 0 0 0 1 1 1
2 P_1 48 48 0 0 0 1 1 1
2 P_1 49 49 0.1082825 0.1136 0.1190745 1 1 1
2 P_1 50 50 0.160925 0.16695 0.1730705 1 1 1
2 P_1 51 51 0.5 0.5 0.5 1 1 1
2 P_1 52 52 0 0 0 1 1 1
2 P_1 53 53 0 0 0 1 1 1
2 P_1 54 54 0.2131275 0.2195 0.2259075 1 1 1
2 P_1 55 55 0 0 0 1 1 1
2 P_1 56 56 0 0 0 1 1 1
2 P_1 57 57 0 0 0 1 1 1
2 P_1 58 58 0.32698 0.3331 0.3391245 1 1 1
2 P_1 59 59 0 0 0 1 1 1
3 P_6 0 0 0.11925 0.12475 0.130394 1 1 1
3 P_6 1 1 0.2404645 0.2469 0.2533395 1 1 1
3 P_6 2 2 0 0 0 1 1 1
3 P_6 3 3 0 0 0 1 1 1
3 P_6 4 4 0.2404645 0.2469 0.2533395 1 1 1
3 P_6 5 5 0.11925 0.12475 0.130394 1 1 1
3 P_6 6 6 0.122894 0.12845 0.134146 1 1 1
3 P_6 7 7 0 0 0 1 1 1
3 P_6 8 8 0 0 0 1 1 1
3 P_6 9 9 0 0 0 1 1 1
3 P_6 10 10 0 0 0 1 1 1
3 P_6 11 11 0 0 0 1 1 1
3 P_6 12 12 0 0 0 1 1 1
3 P_6 13 13 0.5 0.5 0.5 1 1 1
3 P_6 14 14 0.122894 0.12845 0.134146 1 1 1
3 P_6 15 15 0 0 0 1 1 1
3 P_6 16 16 0.5 0.5 0.5 1 1 1
3 P_6 17 17 0 0 0 1 1 1
3 P_6 18 18 0.2404645 0.2469 0.2533395 1 1 1
3 P_6 19 19 0 0 0 1 1 1
3 P_6 20 20 0 0 0 1 1 1
3 P_6 21 21 0 0 0 1 1 1
3 P_6 22 22 0.5 0.5 0.5 1 1 1
3 P_6 23 23 0.2404645 0.2469 0.2533395 1 1 1
3 P_6 24 24 0.2467105 0.25315 0.2595855 1 1 1
3 P_6 25 25 0 0 0 1 1 1
3 P_6 26 26 0.5 0.5 0.5 1 1 1
3 P_6 27 27 0.122894 0.12845 0.134146 1 1 1
3 P_6 28 28 0 0 0 1 1 1
3 P_6 29 29 0 0 0 1 1 1
3 P_6 30 30 0 0 0 1 1 1
3 P_6 31 31 0.5 0.5 0.5 1 1 1
3 P_6 32 32 0 0 0 1 1 1
3 P_6 33 33 0 0 0 1 1 1
3 P_6 34 34 0 0 0 1 1 1
3 P_6 35 35 0.11925 0.12475 0.130394 1 1 1
3 P_6 36 36 0 0 0 1 1 1
3 P_6 37 37 0 0 0 1 1 1
3 P_6 38 38 0.2404645 0.2469 0.2533395 1 1 1
3 P_6 39 39 0 0 0 1 1 1
3 P_6 40 40 0 0 0 1 1 1
3 P_6 41 41 0 0 0 1 1 1
3 P_6 42 42 0 0 0 1 1 1
3 P_6 43 43 0.122894 0.12845 0.134146 1 1 1
3 P_6 44 44 0.2467105 0.25315 0.2595855 1 1 1
3 P_6 45 45 0.2404645 0.2469 0.2533395 1 1 1
3 P_6 46 46 0.11925 0.12475 0.130394 1 1 1
3 P_6 47 47 0.122894 0.12845 0.134146 1 1 1
3 P_6 48 48 0 0 0 1 1 1
3 P_6 49 49 0 0 0 1 1 1
3 P_6 50 50 0 0 0 1 1 1
3 P_6 51 51 0.5 0.5 0.5 1 1 1
3 P_6 52 52 0 0 0 1 1 1
3 P_6 53 53 0.122894 0.12845 0.134146 1 1 1
3 P_6 54 54 0 0 0 1 1 1
3 P_6 55 55 0 0 0 1 1 1
3 P_6 56 56 0.122894 0.12845 0.134146 1 1 1
3 P_6 57 57 0.122894 0.12845 0.134146 1 1 1
3 P_6 58 58 0 0 0 1 1 1
3 P_6 59 59 0.122894 0.12845 0.134146 1 1 1
4 P_5 0 0 0.1047955 0.11005 0.1154655 1 1 1
4 P_5 1 1 0 0 0 1 1 1
4 P_5 2 2 0 0 0 1 1 1
4 P_5 3 3 0.384585 0.39 0.395254 1 1 1
4 P_5 4 4 0 0 0 1 1 1
4 P_5 5 5 0 0 0 1 1 1
4 P_5 6 6 0 0 0 1 1 1
4 P_5 7 7 0 0 0 1 1 1
4 P_5 8 8 0.384585 0.39 0.395254 1 1 1
4 P_5 9 9 0.384585 0.39 0.395254 1 1 1
4 P_5 10 10 0 0 0 1 1 1
4 P_5 11 11 0 0 0 1 1 1
4 P_5 12 12 0 0 0 1 1 1
4 P_5 13 13 0.5 0.5 0.5 1 1 1
4 P_5 14 14 0 0 0 1 1 1
4 P_5 15 15 0.384585 0.39 0.395254 1 1 1
4 P_5 16 16 0.5 0.5 0.5 1 1 1
4 P_5 17 17 0 0 0 1 1 1
4 P_5 18 18 0 0 0 1 1 1
4 P_5 19 19 0 0 0 1 1 1
4 P_5 20 20 0 0 0 1 1 1
4 P_5 21 21 0 0 0 1 1 1
4 P_5 22 22 0.5 0.5 0.5 1 1 1
4 P_5 23 23 0 0 0 1 1 1
4 P_5 24 24 0.1047955 0.11005 0.1154655 1 1 1
4 P_5 25 25 0 0 0 1 1 1
4 P_5 26 26 0.5 0.5 0.5 1 1 1
4 P_5 27 27 0 0 0 1 1 1
4 P_5 28 28 0.384585 0.39 0.395254 1 1 1
4 P_5 29 29 0.1047955 0.11005 0.1154655 1 1 1
4 P_5 30 30 0.384585 0.39 0.395254 1 1 1
4 P_5 31 31 0.1047955 0.11005 0.1154655 1 1 1
4 P_5 32 32 0 0 0 1 1 1
4 P_5 33 33 0 0 0 1 1 1
4 P_5 34 34 0 0 0 1 1 1
4 P_5 35 35 0.1047955 0.11005 0.1154655 1 1 1
4 P_5 36 36 0 0 0 1 1 1
4 P_5 37 37 0 0 0 1 1 1
4 P_5 38 38 0 0 0 1 1 1
4 P_5 39 39 0 0 0 1 1 1
4 P_5 40 40 0 0 0 1 1 1
4 P_5 41 41 0 0 0 1 1 1
4 P_5 42 42 0.384585 0.39 0.395254 1 1 1
4 P_5 43 43 0 0 0 1 1 1
4 P_5 44 44 0.1047955 0.11005 0.1154655 1 1 1
4 P_5 45 45 0 0 0 1 1 1
4 P_5 46 46 0.1047955 0.11005 0.1154655 1 1 1
4 P_5 47 47 0 0 0 1 1 1
4 P_5 48 48 0.384585 0.39 0.395254 1 1 1
4 P_5 49 49 0 0 0 1 1 1
4 P_5 50 50 0 0 0 1 1 1
4 P_5 51 51 0.1047955 0.11005 0.1154655 1 1 1
4 P_5 52 52 0.1047955 0.11005 0.1154655 1 1 1
4 P_5 53 53 0 0 0 1 1 1
4 P_5 54 54 0 0 0 1 1 1
4 P_5 55 55 0.384585 0.39 0.395254 1 1 1
4 P_5 56 56 0 0 0 1 1 1
4 P_5 57 57 0 0 0 1 1 1
4 P_5 58 58 0 0 0 1 1 1
4 P_5 59 59 0 0 0 1 1 1
5 P_8 0 0 0 0 0 1 1 1
5 P_8 1 1 0.0772305 0.0819 0.086763 1 1 1
5 P_8 2 2 0 0 0 1 1 1
5 P_8 3 3 0.4132885 0.41815 0.422818 1 1 1
5 P_8 4 4 0.0772305 0.0819 0.086763 1 1 1
5 P_8 5 5 0 0 0 1 1 1
5 P_8 6 6 0 0 0 1 1 1
5 P_8 7 7 0 0 0 1 1 1
5 P_8 8 8 0.4132885 0.41815 0.422818 1 1 1
5 P_8 9 9 0.4132885 0.41815 0.422818 1 1 1
5 P_8 10 10 0 0 0 1 1 1
5 P_8 11 11 0 0 0 1 1 1
5 P_8 12 12 0 0 0 1 1 1
5 P_8 13 13 0.5 0.5 0.5 1 1 1
5 P_8 14 14 0 0 0 1 1 1
5 P_8 15 15 0.4132885 0.41815 0.422818 1 1 1
5 P_8 16 16 0.5 0.5 0.5 1 1 1
5 P_8 17 17 0 0 0 1 1 1
5 P_8 18 18 0 0 0 1 1 1
5 P_8 19 19 0 0 0 1 1 1
5 P_8 20 20 0.0772305 0.0819 0.086763 1 1 1
5 P_8 21 21 0 0 0 1 1 1
5 P_8 22 22 0.5 0.5 0.5 1 1 1
5 P_8 23 23 0.0772305 0.0819 0.086763 1 1 1
5 P_8 24 24 0 0 0 1 1 1
5 P_8 25 25 0 0 0 1 1 1
5 P_8 26 26 0.5 0.5 0.5 1 1 1
5 P_8 27 27 0 0 0 1 1 1
5 P_8 28 28 0.4132885 0.41815 0.422818 1 1 1
5 P_8 29 29 0 0 0 1 1 1
5 P_8 30 30 0.4132885 0.41815 0.422818 1 1 1
5 P_8 31 31 0.0772305 0.0819 0.086763 1 1 1
5 P_8 32 32 0 0 0 1 1 1
5 P_8 33 33 0 0 0 1 1 1
5 P_8 34 34 0.0772305 0.0819 0.086763 1 1 1
5 P_8 35 35 0 0 0 1 1 1
5 P_8 36 36 0 0 0 1 1 1
5 P_8 37 37 0 0 0 1 1 1
5 P_8 38 38 0 0 0 1 1 1
5 P_8 39 39 0 0 0 1 1 1
5 P_8 40 40 0 0 0 1 1 1
5 P_8 41 41 0 0 0 1 1 1
5 P_8 42 42 0.4132885 0.41815 0.422818 1 1 1
5 P_8 43 43 0 0 0 1 1 1
5 P_8 44 44 0 0 0 1 1 1
5 P_8 45 45 0 0 0 1 1 1
5 P_8 46 46 0 0 0 1 1 1
5 P_8 47 47 0 0 0 1 1 1
5 P_8 48 48 0.4132885 0.41815 0.422818 1 1 1
5 P_8 49 49 0 0 0 1 1 1
5 P_8 50 50 0 0 0 1 1 1
5 P_8 51 51 0.0772305 0.0819 0.086763 1 1 1
5 P_8 52 52 0 0 0 1 1 1
5 P_8 53 53 0 0 0 1 1 1
5 P_8 54 54 0 0 0 1 1 1
5 P_8 55 55 0.4132885 0.41815 0.422818 1 1 1
5 P_8 56 56 0 0 0 1 1 1
5 P_8 57 57 0 0 0 1 1 1
5 P_8 58 58 0 0 0 1 1 1
5 P_8 59 59 0 0 0 1 1 1
6 P_4 0 0 0.1861185 0.19235 0.198648 1 1 1
6 P_4 1 1 0 0 0 1 1 1
6 P_4 2 2 0.181054 0.18725 0.193518 1 1 1
6 P_4 3 3 0 0 0 1 1 1
6 P_4 4 4 0 0 0 1 1 1
6 P_4 5 5 0 0 0 1 1 1
6 P_4 6 6 0 0 0 1 1 1
6 P_4 7 7 0 0 0 1 1 1
6 P_4 8 8 0 0 0 1 1 1
6 P_4 9 9 0 0 0 1 1 1
6 P_4 10 10 0.115018 0.12045 0.126031 1 1 1
6 P_4 11 11 0.115018 0.12045 0.126031 1 1 1
6 P_4 12 12 0 0 0 1 1 1
6 P_4 13 13 0.5 0.5 0.5 1 1 1
6 P_4 14 14 0.181054 0.18725 0.193518 1 1 1
6 P_4 15 15 0 0 0 1 1 1
6 P_4 16 16 0.5 0.5 0.5 1 1 1
6 P_4 17 17 0 0 0 1 1 1
6 P_4 18 18 0 0 0 1 1 1
6 P_4 19 19 0 0 0 1 1 1
6 P_4 20 20 0 0 0 1 1 1
6 P_4 21 21 0 0 0 1 1 1
6 P_4 22 22 0.5 0.5 0.5 1 1 1
6 P_4 23 23 0 0 0 1 1 1
6 P_4 24 24 0.5 0.5 0.5 1 1 1
6 P_4 25 25 0 0 0 1 1 1
6 P_4 26 26 0.5 0.5 0.5 1 1 1
6 P_4 27 27 0.181054 0.18725 0.193518 1 1 1
6 P_4 28 28 0 0 0 1 1 1
6 P_4 29 29 0.1861185 0.19235 0.198648 1 1 1
6 P_4 30 30 0 0 0 1 1 1
6 P_4 31 31 0.5 0.5 0.5 1 1 1
6 P_4 32 32 0 0 0 1 1 1
6 P_4 33 33 0 0 0 1 1 1
6 P_4 34 34 0 0 0 1 1 1
6 P_4 35 35 0.1861185 0.19235 0.198648 1 1 1
6 P_4 36 36 0.115018 0.12045 0.126031 1 1 1
6 P_4 37 37 0 0 0 1 1 1
6 P_4 38 38 0 0 0 1 1 1
6 P_4 39 39 0 0 0 1 1 1
6 P_4 40 40 0.181054 0.18725 0.193518 1 1 1
6 P_4 41 41 0 0 0 1 1 1
6 P_4 42 42 0 0 0 1 1 1
6 P_4 43 43 0 0 0 1 1 1
6 P_4 44 44 0.5 0.5 0.5 1 1 1
6 P_4 45 45 0 0 0 1 1 1
6 P_4 46 46 0.1861185 0.19235 0.198648 1 1 1
6 P_4 47 47 0 0 0 1 1 1
6 P_4 48 48 0 0 0 1 1 1
6 P_4 49 49 0 0 0 1 1 1
6 P_4 50 50 0.115018 0.12045 0.126031 1 1 1
6 P_4 51 51 0.5 0.5 0.5 1 1 1
6 P_4 52 52 0.1861185 0.19235 0.198648 1 1 1
6 P_4 53 53 0.181054 0.18725 0.193518 1 1 1
6 P_4 54 54 0 0 0 1 1 1
6 P_4 55 55 0 0 0 1 1 1
6 P_4 56 56 0 0 0 1 1 1
6 P_4 57 57 0 0 0 1 1 1
6 P_4 58 58 0 0 0 1 1 1
6 P_4 59 59 0 0 0 1 1 1
7 P_0 0 0 0 0 0 1 1 1
7 P_0 1 1 0.2357195 0.24215 0.2485895 1 1 1
7 P_0 2 2 0 0 0 1 1 1
7 P_0 3 3 0.1803095 0.1865 0.1927635 1 1 1
7 P_0 4 4 0 0 0 1 1 1
7 P_0 5 5 0 0 0 1 1 1
7 P_0 6 6 0.066997 0.0714 0.0760085 1 1 1
7 P_0 7 7 0.0936125 0.09865 0.103862 1 1 1
7 P_0 8 8 0.1803095 0.1865 0.1927635 1 1 1
7 P_0 9 9 0.1803095 0.1865 0.1927635 1 1 1
7 P_0 10 10 0 0 0 1 1 1
7 P_0 11 11 0 0 0 1 1 1
7 P_0 12 12 0 0 0 1 1 1
7 P_0 13 13 0.5 0.5 0.5 1 1 1
7 P_0 14 14 0.066997 0.0714 0.0760085 1 1 1
7 P_0 15 15 0.1803095 0.1865 0.1927635 1 1 1
7 P_0 16 16 0.5 0.5 0.5 1 1 1
7 P_0 17 17 0.2357195 0.24215 0.2485895 1 1 1
7 P_0 18 18 0 0 0 1 1 1
7 P_0 19 19 0.2357195 0.24215 0.2485895 1 1 1
7 P_0 20 20 0 0 0 1 1 1
7 P_0 21 21 0 0 0 1 1 1
7 P_0 22 22 0.5 0.5 0.5 1 1 1
7 P_0 23 23 0 0 0 1 1 1
7 P_0 24 24 0.066997 0.0714 0.0760085 1 1 1
7 P_0 25 25 0.0936125 0.09865 0.103862 1 1 1
7 P_0 26 26 0.5 0.5 0.5 1 1 1
7 P_0 27 27 0.066997 0.0714 0.0760085 1 1 1
7 P_0 28 28 0.1803095 0.1865 0.1927635 1 1 1
7 P_0 29 29 0 0 0 1 1 1
7 P_0 30 30 0.1803095 0.1865 0.1927635 1 1 1
7 P_0 31 31 0.307287 0.31355 0.31974 1 1 1
7 P_0 32 32 0.2357195 0.24215 0.2485895 1 1 1
7 P_0 33 33 0 0 0 1 1 1
7 P_0 34 34 0 0 0 1 1 1
7 P_0 35 35 0 0 0 1 1 1
7 P_0 36 36 0 0 0 1 1 1
7 P_0 37 37 0.0936125 0.09865 0.103862 1 1 1
7 P_0 38 38 0 0 0 1 1 1
7 P_0 39 39 0.137786 0.14355 0.1494365 1 1 1
7 P_0 40 40 0 0 0 1 1 1
7 P_0 41 41 0.0936125 0.09865 0.103862 1 1 1
7 P_0 42 42 0.1803095 0.1865 0.1927635 1 1 1
7 P_0 43 43 0.066997 0.0714 0.0760085 1 1 1
7 P_0 44 44 0.066997 0.0714 0.0760085 1 1 1
7 P_0 45 45 0 0 0 1 1 1
7 P_0 46 46 0 0 0 1 1 1
7 P_0 47 47 0.066997 0.0714 0.0760085 1 1 1
7 P_0 48 48 0.1803095 0.1865 0.1927635 1 1 1
7 P_0 49 49 0.137786 0.14355 0.1494365 1 1 1
7 P_0 50 50 0 0 0 1 1 1
7 P_0 51 51 0.307287 0.31355 0.31974 1 1 1
7 P_0 52 52 0 0 0 1 1 1
7 P_0 53 53 0.066997 0.0714 0.0760085 1 1 1
7 P_0 54 54 0.0936125 0.09865 0.103862 1 1 1
7 P_0 55 55 0.1803095 0.1865 0.1927635 1 1 1
7 P_0 56 56 0.066997 0.0714 0.0760085 1 1 1
7 P_0 57 57 0.066997 0.0714 0.0760085 1 1 1
7 P_0 58 58 0.2357195 0.24215 0.2485895 1 1 1
7 P_0 59 59 0.066997 0.0714 0.0760085 1 1 1
8 P_2 0 0 0 0 0 1 1 1
8 P_2 1 1 0.114969 0.1204 0.1259805 1 1 1
8 P_2 2 2 0.2346215 0.24105 0.247489 1 1 1
8 P_2 3 3 0 0 0 1 1 1
8 P_2 4 4 0 0 0 1 1 1
8 P_2 5 5 0 0 0 1 1 1
8 P_2 6 6 0 0 0 1 1 1
8 P_2 7 7 0 0 0 1 1 1
8 P_2 8 8 0 0 0 1 1 1
8 P_2 9 9 0 0 0 1 1 1
8 P_2 10 10 0.1329495 0.13865 0.1444785 1 1 1
8 P_2 11 11 0.1329495 0.13865 0.1444785 1 1 1
8 P_2 12 12 0.1329495 0.13865 0.1444785 1 1 1
8 P_2 13 13 0.5 0.5 0.5 1 1 1
8 P_2 14 14 0.2346215 0.24105 0.247489 1 1 1
8 P_2 15 15 0 0 0 1 1 1
8 P_2 16 16 0.5 0.5 0.5 1 1 1
8 P_2 17 17 0.114969 0.1204 0.1259805 1 1 1
8 P_2 18 18 0 0 0 1 1 1
8 P_2 19 19 0.114969 0.1204 0.1259805 1 1 1
8 P_2 20 20 0 0 0 1 1 1
8 P_2 21 21 0.1329495 0.13865 0.1444785 1 1 1
8 P_2 22 22 0.5 0.5 0.5 1 1 1
8 P_2 23 23 0 0 0 1 1 1
8 P_2 24 24 0.3740705 0.37965 0.3850805 1 1 1
8 P_2 25 25 0 0 0 1 1 1
8 P_2 26 26 0.5 0.5 0.5 1 1 1
8 P_2 27 27 0.2346215 0.24105 0.247489 1 1 1
8 P_2 28 28 0 0 0 1 1 1
8 P_2 29 29 0 0 0 1 1 1
8 P_2 30 30 0 0 0 1 1 1
8 P_2 31 31 0.5 0.5 0.5 1 1 1
8 P_2 32 32 0.114969 0.1204 0.1259805 1 1 1
8 P_2 33 33 0 0 0 1 1 1
8 P_2 34 34 0 0 0 1 1 1
8 P_2 35 35 0 0 0 1 1 1
8 P_2 36 36 0 0 0 1 1 1
8 P_2 37 37 0 0 0 1 1 1
8 P_2 38 38 0 0 0 1 1 1
8 P_2 39 39 0.114969 0.1204 0.1259805 1 1 1
8 P_2 40 40 0.2346215 0.24105 0.247489 1 1 1
8 P_2 41 41 0 0 0 1 1 1
8 P_2 42 42 0 0 0 1 1 1
8 P_2 43 43 0 0 0 1 1 1
8 P_2 44 44 0.3740705 0.37965 0.3850805 1 1 1
8 P_2 45 45 0 0 0 1 1 1
8 P_2 46 46 0 0 0 1 1 1
8 P_2 47 47 0 0 0 1 1 1
8 P_2 48 48 0 0 0 1 1 1
8 P_2 49 49 0.114969 0.1204 0.1259805 1 1 1
8 P_2 50 50 0 0 0 1 1 1
8 P_2 51 51 0.5 0.5 0.5 1 1 1
8 P_2 52 52 0 0 0 1 1 1
8 P_2 53 53 0.2346215 0.24105 0.247489 1 1 1
8 P_2 54 54 0 0 0 1 1 1
8 P_2 55 55 0 0 0 1 1 1
8 P_2 56 56 0 0 0 1 1 1
8 P_2 57 57 0 0 0 1 1 1
8 P_2 58 58 0.114969 0.1204 0.1259805 1 1 1
8 P_2 59 59 0 0 0 1 1 1
9 P_7 0 0 0 0 0 1 1 1
9 P_7 1 1 0.2100395 0.2164 0.222799 1 1 1
9 P_7 2 2 0 0 0 1 1 1
9 P_7 3 3 0 0 0 1 1 1
9 P_7 4 4 0 0 0 1 1 1
9 P_7 5 5 0 0 0 1 1 1
9 P_7 6 6 0.118167 0.12365 0.1292785 1 1 1
9 P_7 7 7 0 0 0 1 1 1
9 P_7 8 8 0 0 0 1 1 1
9 P_7 9 9 0 0 0 1 1 1
9 P_7 10 10 0.1540945 0.16005 0.166109 1 1 1
9 P_7 11 11 0.1540945 0.16005 0.166109 1 1 1
9 P_7 12 12 0.1540945 0.16005 0.166109 1 1 1
9 P_7 13 13 0.5 0.5 0.5 1 1 1
9 P_7 14 14 0.118167 0.12365 0.1292785 1 1 1
9 P_7 15 15 0 0 0 1 1 1
9 P_7 16 16 0.5 0.5 0.5 1 1 1
9 P_7 17 17 0.2100395 0.2164 0.222799 1 1 1
9 P_7 18 18 0 0 0 1 1 1
9 P_7 19 19 0.2100395 0.2164 0.222799 1 1 1
9 P_7 20 20 0 0 0 1 1 1
9 P_7 21 21 0.1540945 0.16005 0.166109 1 1 1
9 P_7 22 22 0.5 0.5 0.5 1 1 1
9 P_7 23 23 0 0 0 1 1 1
9 P_7 24 24 0.277251 0.28365 0.29001 1 1 1
9 P_7 25 25 0 0 0 1 1 1
9 P_7 26 26 0.5 0.5 0.5 1 1 1
9 P_7 27 27 0.118167 0.12365 0.1292785 1 1 1
9 P_7 28 28 0 0 0 1 1 1
9 P_7 29 29 0 0 0 1 1 1
9 P_7 30 30 0 0 0 1 1 1
9 P_7 31 31 0.5 0.5 0.5 1 1 1
9 P_7 32 32 0.2100395 0.2164 0.222799 1 1 1
9 P_7 33 33 0.1540945 0.16005 0.166109 1 1 1
9 P_7 34 34 0 0 0 1 1 1
9 P_7 35 35 0 0 0 1 1 1
9 P_7 36 36 0 0 0 1 1 1
9 P_7 37 37 0 0 0 1 1 1
9 P_7 38 38 0 0 0 1 1 1
9 P_7 39 39 0.2100395 0.2164 0.222799 1 1 1
9 P_7 40 40 0 0 0 1 1 1
9 P_7 41 41 0 0 0 1 1 1
9 P_7 42 42 0 0 0 1 1 1
9 P_7 43 43 0.118167 0.12365 0.1292785 1 1 1
9 P_7 44 44 0.277251 0.28365 0.29001 1 1 1
9 P_7 45 45 0 0 0 1 1 1
9 P_7 46 46 0 0 0 1 1 1
9 P_7 47 47 0.118167 0.12365 0.1292785 1 1 1
9 P_7 48 48 0 0 0 1 1 1
9 P_7 49 49 0.2100395 0.2164 0.222799 1 1 1
9 P_7 50 50 0 0 0 1 1 1
9 P_7 51 51 0.5 0.5 0.5 1 1 1
9 P_7 52 52 0 0 0 1 1 1
9 P_7 53 53 0.118167 0.12365 0.1292785 1 1 1
9 P_7 54 54 0 0 0 1 1 1
9 P_7 55 55 0 0 0 1 1 1
9 P_7 56 56 0.118167 0.12365 0.1292785 1 1 1
9 P_7 57 57 0.118167 0.12365 0.1292785 1 1 1
9 P_7 58 58 0.2100395 0.2164 0.222799 1 1 1
9 P_7 59 59 0.118167 0.12365 0.1292785 1 1 1
