10 #m
3 #n
0 P_0 0 0 0.5 0.5 0.5 1 1 1
0 P_0 1 1 0 0 0 1 1 1
0 P_0 2 2 0.1594935 0.24509803921568626 0.3317295 1 1 1
1 P_1 0 0 0.5 0.5 0.5 1 1 1
1 P_1 1 1 0 0 0 1 1 1
1 P_1 2 2 0.2090575 0.2890625 0.3624475 1 1 1
2 P_3 0 0 0.5 0.5 0.5 1 1 1
2 P_3 1 1 0 0 0 1 1 1
2 P_3 2 2 0.5 0.5 0.5 1 1 1
3 P_7 0 0 0.5 0.5 0.5 1 1 1
3 P_7 1 1 0 0 0 1 1 1
3 P_7 2 2 0.5 0.5 0.5 1 1 1
4 P_4 0 0 0.5 0.5 0.5 1 1 1
4 P_4 1 1 0 0 0 1 1 1
4 P_4 2 2 0.2531055 0.35365853658536583 0.4276975 1 1 1
5 P_8 0 0 0.5 0.5 0.5 1 1 1
5 P_8 1 1 0 0 0 1 1 1
5 P_8 2 2 0.232179 0.32075471698113206 0.39503 1 1 1
6 P_9 0 0 0.5 0.5 0.5 1 1 1
6 P_9 1 1 0 0 0 1 1 1
6 P_9 2 2 0.248863 0.34 0.411942 1 1 1
7 P_5 0 0 0.5 0.5 0.5 1 1 1
7 P_5 1 1 0 0 0 1 1 1
7 P_5 2 2 0.02874635 0.07608695652173914 0.163319 1 1 1
8 P_6 0 0 0.5 0.5 0.5 1 1 1
8 P_6 1 1 0.0670615 0.13636363636363635 0.2329105 1 1 1
8 P_6 2 2 0.2095635 0.3020833333333333 0.383062 1 1 1
9 P_2 0 0 0.5 0.5 0.5 1 1 1
9 P_2 1 1 0 0 0 1 1 1
9 P_2 2 2 0.366914 0.4396551724137931 0.477341 1 1 1
