5 #m
301 #n
0 P_5 0 0 0.5 0.5 0.5 1 1 1
0 P_5 1 1 0 0 0 1 1 1
0 P_5 2 2 0 0 0 1 1 1
0 P_5 3 3 0.0342415 0.08035714285714286 0.1589365 1 1 1
0 P_5 4 4 0.042322 0.09433962264150944 0.1777385 1 1 1
0 P_5 5 5 0.5 0.5 0.5 1 1 1
0 P_5 6 6 0 0 0 1 1 1
0 P_5 7 7 0 0 0 1 1 1
0 P_5 8 8 0.1056475 0.17164179104477612 0.2503505 1 1 1
0 P_5 9 9 0.0407126 0.1 0.198442 1 1 1
0 P_5 10 10 0 0 0 1 1 1
0 P_5 11 11 0 0 0 1 1 1
0 P_5 12 12 0 0 0 1 1 1
0 P_5 13 13 0 0 0 1 1 1
0 P_5 14 14 0 0 0 1 1 1
0 P_5 15 15 0.0316456 0.0784313725490196 0.1610165 1 1 1
0 P_5 16 16 0 0 0 1 1 1
0 P_5 17 17 0.5 0.5 0.5 1 1 1
0 P_5 18 18 0 0 0 1 1 1
0 P_5 19 19 0 0 0 1 1 1
0 P_5 20 20 0 0 0 1 1 1
0 P_5 21 21 0 0 0 1 1 1
0 P_5 22 22 0 0 0 1 1 1
0 P_5 23 23 0 0 0 1 1 1
0 P_5 24 24 0.5 0.5 0.5 1 1 1
0 P_5 25 25 0 0 0 1 1 1
0 P_5 26 26 0 0 0 1 1 1
0 P_5 27 27 0.327923 0.4090909090909091 0.4592765 1 1 1
0 P_5 28 28 0 0 0 1 1 1
0 P_5 29 29 0 0 0 1 1 1
0 P_5 30 30 0 0 0 1 1 1
0 P_5 31 31 0 0 0 1 1 1
0 P_5 32 32 0.03091475 0.08823529411764706 0.194365 1 1 1
0 P_5 33 33 0 0 0 1 1 1
0 P_5 34 34 0.5 0.5 0.5 1 1 1
0 P_5 35 35 0.04271635 0.09166666666666666 0.16905 1 1 1
0 P_5 36 36 0.2693925 0.3717948717948718 0.441619 1 1 1
0 P_5 37 37 0 0 0 1 1 1
0 P_5 38 38 0 0 0 1 1 1
0 P_5 39 39 0.311375 0.40217391304347827 0.458006 1 1 1
0 P_5 40 40 0 0 0 1 1 1
0 P_5 41 41 0 0 0 1 1 1
0 P_5 42 42 0 0 0 1 1 1
0 P_5 43 43 0 0 0 1 1 1
0 P_5 44 44 0 0 0 1 1 1
0 P_5 45 45 0 0 0 1 1 1
0 P_5 46 46 0 0 0 1 1 1
0 P_5 47 47 0 0 0 1 1 1
0 P_5 48 48 0 0 0 1 1 1
0 P_5 49 49 0 0 0 1 1 1
0 P_5 50 50 0.0469294 0.10416666666666667 0.193641 1 1 1
0 P_5 51 51 0 0 0 1 1 1
0 P_5 52 52 0 0 0 1 1 1
0 P_5 53 53 0 0 0 1 1 1
0 P_5 54 54 0.0212141 0.06756756756756757 0.164835 1 1 1
0 P_5 55 55 0 0 0 1 1 1
0 P_5 56 56 0.5 0.5 0.5 1 1 1
0 P_5 57 57 0 0 0 1 1 1
0 P_5 58 58 0 0 0 1 1 1
0 P_5 59 59 0 0 0 1 1 1
0 P_5 60 60 0 0 0 1 1 1
0 P_5 61 61 0.5 0.5 0.5 1 1 1
0 P_5 62 62 0.0539875 0.11904761904761904 0.2168445 1 1 1
0 P_5 63 63 0 0 0 1 1 1
0 P_5 64 64 0.5 0.5 0.5 1 1 1
0 P_5 65 65 0.5 0.5 0.5 1 1 1
0 P_5 66 66 0 0 0 1 1 1
0 P_5 67 67 0.36088750000000003 0.4444444444444444 0.4826265 1 1 1
0 P_5 68 68 0 0 0 1 1 1
0 P_5 69 69 0.5 0.5 0.5 1 1 1
0 P_5 70 70 0 0 0 1 1 1
0 P_5 71 71 0 0 0 1 1 1
0 P_5 72 72 0 0 0 1 1 1
0 P_5 73 73 0.0561755 0.11206896551724138 0.193554 1 1 1
0 P_5 74 74 0.04128645 0.08870967741935484 0.1642165 1 1 1
0 P_5 75 75 0.2874755 0.37272727272727274 0.43404 1 1 1
0 P_5 76 76 0.0277197 0.06896551724137931 0.143707 1 1 1
0 P_5 77 77 0.0418022 0.10256410256410256 0.2027095 1 1 1
0 P_5 78 78 0 0 0 1 1 1
0 P_5 79 79 0.270411 0.36904761904761907 0.4379095 1 1 1
0 P_5 80 80 0 0 0 1 1 1
0 P_5 81 81 0 0 0 1 1 1
0 P_5 82 82 0 0 0 1 1 1
0 P_5 83 83 0.5 0.5 0.5 1 1 1
0 P_5 84 84 0.5 0.5 0.5 1 1 1
0 P_5 85 85 0 0 0 1 1 1
0 P_5 86 86 0.03814875 0.1 0.2060015 1 1 1
0 P_5 87 87 0 0 0 1 1 1
0 P_5 88 88 0 0 0 1 1 1
0 P_5 89 89 0.0623665 0.1206896551724138 0.2030125 1 1 1
0 P_5 90 90 0 0 0 1 1 1
0 P_5 91 91 0 0 0 1 1 1
0 P_5 92 92 0 0 0 1 1 1
0 P_5 93 93 0.5 0.5 0.5 1 1 1
0 P_5 94 94 0 0 0 1 1 1
0 P_5 95 95 0.0467633 0.0967741935483871 0.1734765 1 1 1
0 P_5 96 96 0 0 0 1 1 1
0 P_5 97 97 0 0 0 1 1 1
0 P_5 98 98 0.0415072 0.09259259259259259 0.1748625 1 1 1
0 P_5 99 99 0 0 0 1 1 1
0 P_5 100 100 0.3010775 0.3867924528301887 0.4449035 1 1 1
0 P_5 101 101 0.5 0.5 0.5 1 1 1
0 P_5 102 102 0 0 0 1 1 1
0 P_5 103 103 0 0 0 1 1 1
0 P_5 104 104 0 0 0 1 1 1
0 P_5 105 105 0.06859 0.13541666666666666 0.2276045 1 1 1
0 P_5 106 106 0 0 0 1 1 1
0 P_5 107 107 0.0780095 0.14285714285714285 0.228265 1 1 1
0 P_5 108 108 0 0 0 1 1 1
0 P_5 109 109 0.5 0.5 0.5 1 1 1
0 P_5 110 110 0 0 0 1 1 1
0 P_5 111 111 0 0 0 1 1 1
0 P_5 112 112 0 0 0 1 1 1
0 P_5 113 113 0.2645755 0.35185185185185186 0.4189075 1 1 1
0 P_5 114 114 0.5 0.5 0.5 1 1 1
0 P_5 115 115 0 0 0 1 1 1
0 P_5 116 116 0 0 0 1 1 1
0 P_5 117 117 0 0 0 1 1 1
0 P_5 118 118 0 0 0 1 1 1
0 P_5 119 119 0.0539305 0.11458333333333333 0.205186 1 1 1
0 P_5 120 120 0.5 0.5 0.5 1 1 1
0 P_5 121 121 0.5 0.5 0.5 1 1 1
0 P_5 122 122 0.3034985 0.38596491228070173 0.44279 1 1 1
0 P_5 123 123 0 0 0 1 1 1
0 P_5 124 124 0.2538235 0.3611111111111111 0.4364425 1 1 1
0 P_5 125 125 0.0780095 0.14285714285714285 0.228265 1 1 1
0 P_5 126 126 0.5 0.5 0.5 1 1 1
0 P_5 127 127 0 0 0 1 1 1
0 P_5 128 128 0 0 0 1 1 1
0 P_5 129 129 0 0 0 1 1 1
0 P_5 130 130 0.308437 0.3942307692307692 0.450411 1 1 1
0 P_5 131 131 0 0 0 1 1 1
0 P_5 132 132 0 0 0 1 1 1
0 P_5 133 133 0 0 0 1 1 1
0 P_5 134 134 0 0 0 1 1 1
0 P_5 135 135 0 0 0 1 1 1
0 P_5 136 136 0 0 0 1 1 1
0 P_5 137 137 0 0 0 1 1 1
0 P_5 138 138 0 0 0 1 1 1
0 P_5 139 139 0 0 0 1 1 1
0 P_5 140 140 0 0 0 1 1 1
0 P_5 141 141 0.301558 0.4 0.4592875 1 1 1
0 P_5 142 142 0.0340923 0.08974358974358974 0.1881615 1 1 1
0 P_5 143 143 0.5 0.5 0.5 1 1 1
0 P_5 144 144 0 0 0 1 1 1
0 P_5 145 145 0 0 0 1 1 1
0 P_5 146 146 0.084029 0.15625 0.2492325 1 1 1
0 P_5 147 147 0 0 0 1 1 1
0 P_5 148 148 0.0837965 0.14754098360655737 0.2294375 1 1 1
0 P_5 149 149 0 0 0 1 1 1
0 P_5 150 150 0.0561755 0.11206896551724138 0.193554 1 1 1
0 P_5 151 151 0 0 0 1 1 1
0 P_5 152 152 0.0710635 0.14864864864864866 0.2546835 1 1 1
0 P_5 153 153 0.327923 0.4090909090909091 0.4592765 1 1 1
0 P_5 154 154 0.069996 0.1346153846153846 0.2229515 1 1 1
0 P_5 155 155 0.0392412 0.08771929824561403 0.166761 1 1 1
0 P_5 156 156 0.5 0.5 0.5 1 1 1
0 P_5 157 157 0.04617915 0.10714285714285714 0.203797 1 1 1
0 P_5 158 158 0.5 0.5 0.5 1 1 1
0 P_5 159 159 0.333633 0.4076923076923077 0.45548 1 1 1
0 P_5 160 160 0.1382685 0.22727272727272727 0.321734 1 1 1
0 P_5 161 161 0.291106 0.3829787234042553 0.4448625 1 1 1
0 P_5 162 162 0 0 0 1 1 1
0 P_5 163 163 0.5 0.5 0.5 1 1 1
0 P_5 164 164 0.5 0.5 0.5 1 1 1
0 P_5 165 165 0 0 0 1 1 1
0 P_5 166 166 0.312087 0.39166666666666666 0.4457855 1 1 1
0 P_5 167 167 0 0 0 1 1 1
0 P_5 168 168 0 0 0 1 1 1
0 P_5 169 169 0 0 0 1 1 1
0 P_5 170 170 0.5 0.5 0.5 1 1 1
0 P_5 171 171 0 0 0 1 1 1
0 P_5 172 172 0 0 0 1 1 1
0 P_5 173 173 0.5 0.5 0.5 1 1 1
0 P_5 174 174 0.5 0.5 0.5 1 1 1
0 P_5 175 175 0.3302345 0.4166666666666667 0.466309 1 1 1
0 P_5 176 176 0.5 0.5 0.5 1 1 1
0 P_5 177 177 0 0 0 1 1 1
0 P_5 178 178 0 0 0 1 1 1
0 P_5 179 179 0 0 0 1 1 1
0 P_5 180 180 0.0636985 0.13414634146341464 0.2342165 1 1 1
0 P_5 181 181 0.02638325 0.07 0.151835 1 1 1
0 P_5 182 182 0 0 0 1 1 1
0 P_5 183 183 0 0 0 1 1 1
0 P_5 184 184 0.0598395 0.12244897959183673 0.212746 1 1 1
0 P_5 185 185 0.5 0.5 0.5 1 1 1
0 P_5 186 186 0.5 0.5 0.5 1 1 1
0 P_5 187 187 0 0 0 1 1 1
0 P_5 188 188 0 0 0 1 1 1
0 P_5 189 189 0 0 0 1 1 1
0 P_5 190 190 0 0 0 1 1 1
0 P_5 191 191 0 0 0 1 1 1
0 P_5 192 192 0.5 0.5 0.5 1 1 1
0 P_5 193 193 0 0 0 1 1 1
0 P_5 194 194 0 0 0 1 1 1
0 P_5 195 195 0 0 0 1 1 1
0 P_5 196 196 0 0 0 1 1 1
0 P_5 197 197 0.30976 0.3979591836734694 0.454071 1 1 1
0 P_5 198 198 0.0655605 0.12121212121212122 0.198038 1 1 1
0 P_5 199 199 0 0 0 1 1 1
0 P_5 200 200 0 0 0 1 1 1
0 P_5 201 201 0.5 0.5 0.5 1 1 1
0 P_5 202 202 0 0 0 1 1 1
0 P_5 203 203 0.5 0.5 0.5 1 1 1
0 P_5 204 204 0 0 0 1 1 1
0 P_5 205 205 0.3093075 0.3898305084745763 0.4448225 1 1 1
0 P_5 206 206 0 0 0 1 1 1
0 P_5 207 207 0 0 0 1 1 1
0 P_5 208 208 0.0498645 0.1 0.175135 1 1 1
0 P_5 209 209 0.25164 0.33620689655172414 0.404758 1 1 1
0 P_5 210 210 0.0499118 0.11538461538461539 0.2168435 1 1 1
0 P_5 211 211 0 0 0 1 1 1
0 P_5 212 212 0 0 0 1 1 1
0 P_5 213 213 0 0 0 1 1 1
0 P_5 214 214 0 0 0 1 1 1
0 P_5 215 215 0 0 0 1 1 1
0 P_5 216 216 0.0561755 0.11206896551724138 0.193554 1 1 1
0 P_5 217 217 0 0 0 1 1 1
0 P_5 218 218 0.0336211 0.07894736842105263 0.156469 1 1 1
0 P_5 219 219 0 0 0 1 1 1
0 P_5 220 220 0.5 0.5 0.5 1 1 1
0 P_5 221 221 0.0672525 0.12962962962962962 0.2158925 1 1 1
0 P_5 222 222 0 0 0 1 1 1
0 P_5 223 223 0 0 0 1 1 1
0 P_5 224 224 0 0 0 1 1 1
0 P_5 225 225 0.04906695 0.10869565217391304 0.200814 1 1 1
0 P_5 226 226 0 0 0 1 1 1
0 P_5 227 227 0 0 0 1 1 1
0 P_5 228 228 0 0 0 1 1 1
0 P_5 229 229 0.5 0.5 0.5 1 1 1
0 P_5 230 230 0 0 0 1 1 1
0 P_5 231 231 0.5 0.5 0.5 1 1 1
0 P_5 232 232 0.2837805 0.37254901960784315 0.435677 1 1 1
0 P_5 233 233 0.2969875 0.3793103448275862 0.4376335 1 1 1
0 P_5 234 234 0 0 0 1 1 1
0 P_5 235 235 0.313045 0.4 0.455029 1 1 1
0 P_5 236 236 0 0 0 1 1 1
0 P_5 237 237 0 0 0 1 1 1
0 P_5 238 238 0 0 0 1 1 1
0 P_5 239 239 0 0 0 1 1 1
0 P_5 240 240 0 0 0 1 1 1
0 P_5 241 241 0 0 0 1 1 1
0 P_5 242 242 0.5 0.5 0.5 1 1 1
0 P_5 243 243 0 0 0 1 1 1
0 P_5 244 244 0 0 0 1 1 1
0 P_5 245 245 0.086831 0.15254237288135594 0.2360695 1 1 1
0 P_5 246 246 0 0 0 1 1 1
0 P_5 247 247 0.5 0.5 0.5 1 1 1
0 P_5 248 248 0.10497 0.1792452830188679 0.267821 1 1 1
0 P_5 249 249 0 0 0 1 1 1
0 P_5 250 250 0 0 0 1 1 1
0 P_5 251 251 0.0501325 0.10344827586206896 0.183945 1 1 1
0 P_5 252 252 0.2878995 0.36885245901639346 0.428757 1 1 1
0 P_5 253 253 0 0 0 1 1 1
0 P_5 254 254 0.5 0.5 0.5 1 1 1
0 P_5 255 255 0 0 0 1 1 1
0 P_5 256 256 0.283499 0.375 0.438844 1 1 1
0 P_5 257 257 0 0 0 1 1 1
0 P_5 258 258 0 0 0 1 1 1
0 P_5 259 259 0 0 0 1 1 1
0 P_5 260 260 0 0 0 1 1 1
0 P_5 261 261 0 0 0 1 1 1
0 P_5 262 262 0 0 0 1 1 1
0 P_5 263 263 0.075588 0.14150943396226415 0.2293435 1 1 1
0 P_5 264 264 0 0 0 1 1 1
0 P_5 265 265 0 0 0 1 1 1
0 P_5 266 266 0 0 0 1 1 1
0 P_5 267 267 0 0 0 1 1 1
0 P_5 268 268 0.0515175 0.10317460317460317 0.1800345 1 1 1
0 P_5 269 269 0 0 0 1 1 1
0 P_5 270 270 0 0 0 1 1 1
0 P_5 271 271 0.2787495 0.3780487804878049 0.444624 1 1 1
0 P_5 272 272 0 0 0 1 1 1
0 P_5 273 273 0 0 0 1 1 1
0 P_5 274 274 0 0 0 1 1 1
0 P_5 275 275 0.065392 0.1375 0.2390285 1 1 1
0 P_5 276 276 0 0 0 1 1 1
0 P_5 277 277 0 0 0 1 1 1
0 P_5 278 278 0.0486021 0.1125 0.212317 1 1 1
0 P_5 279 279 0.0492453 0.1016949152542373 0.1812125 1 1 1
0 P_5 280 280 0.5 0.5 0.5 1 1 1
0 P_5 281 281 0 0 0 1 1 1
0 P_5 282 282 0.313363 0.4069767441860465 0.462239 1 1 1
0 P_5 283 283 0 0 0 1 1 1
0 P_5 284 284 0.2733475 0.3627450980392157 0.4285465 1 1 1
0 P_5 285 285 0 0 0 1 1 1
0 P_5 286 286 0 0 0 1 1 1
0 P_5 287 287 0 0 0 1 1 1
0 P_5 288 288 0.3169965 0.4090909090909091 0.46313 1 1 1
0 P_5 289 289 0.058284 0.11607142857142858 0.1995385 1 1 1
0 P_5 290 290 0 0 0 1 1 1
0 P_5 291 291 0 0 0 1 1 1
0 P_5 292 292 0 0 0 1 1 1
0 P_5 293 293 0.5 0.5 0.5 1 1 1
0 P_5 294 294 0 0 0 1 1 1
0 P_5 295 295 0 0 0 1 1 1
0 P_5 296 296 0.3056525 0.4024390243902439 0.4603215 1 1 1
0 P_5 297 297 0 0 0 1 1 1
0 P_5 298 298 0 0 0 1 1 1
0 P_5 299 299 0 0 0 1 1 1
0 P_5 300 300 0 0 0 1 1 1
1 P_9 0 0 0.5 0.5 0.5 1 1 1
1 P_9 1 1 0.33027 0.42045454545454547 0.4699055 1 1 1
1 P_9 2 2 0.04497075 0.1 0.186955 1 1 1
1 P_9 3 3 0 0 0 1 1 1
1 P_9 4 4 0 0 0 1 1 1
1 P_9 5 5 0.5 0.5 0.5 1 1 1
1 P_9 6 6 0 0 0 1 1 1
1 P_9 7 7 0 0 0 1 1 1
1 P_9 8 8 0 0 0 1 1 1
1 P_9 9 9 0 0 0 1 1 1
1 P_9 10 10 0.3498885 0.43478260869565216 0.4773475 1 1 1
1 P_9 11 11 0 0 0 1 1 1
1 P_9 12 12 0.0461621 0.09285714285714286 0.1639675 1 1 1
1 P_9 13 13 0 0 0 1 1 1
1 P_9 14 14 0.368939 0.4406779661016949 0.477734 1 1 1
1 P_9 15 15 0 0 0 1 1 1
1 P_9 16 16 0.2969875 0.3793103448275862 0.4376335 1 1 1
1 P_9 17 17 0.5 0.5 0.5 1 1 1
1 P_9 18 18 0 0 0 1 1 1
1 P_9 19 19 0.330568 0.425 0.4738545 1 1 1
1 P_9 20 20 0.314602 0.39814814814814814 0.452329 1 1 1
1 P_9 21 21 0.287669 0.3706896551724138 0.431305 1 1 1
1 P_9 22 22 0 0 0 1 1 1
1 P_9 23 23 0 0 0 1 1 1
1 P_9 24 24 0.5 0.5 0.5 1 1 1
1 P_9 25 25 0 0 0 1 1 1
1 P_9 26 26 0.323342 0.4166666666666667 0.468425 1 1 1
1 P_9 27 27 0 0 0 1 1 1
1 P_9 28 28 0 0 0 1 1 1
1 P_9 29 29 0.02265905 0.0603448275862069 0.133086 1 1 1
1 P_9 30 30 0.04599075 0.09523809523809523 0.1710405 1 1 1
1 P_9 31 31 0.02215915 0.06382978723404255 0.1473085 1 1 1
1 P_9 32 32 0 0 0 1 1 1
1 P_9 33 33 0 0 0 1 1 1
1 P_9 34 34 0.5 0.5 0.5 1 1 1
1 P_9 35 35 0 0 0 1 1 1
1 P_9 36 36 0.3095845 0.40476190476190477 0.461304 1 1 1
1 P_9 37 37 0.3635535 0.44565217391304346 0.483011 1 1 1
1 P_9 38 38 0 0 0 1 1 1
1 P_9 39 39 0 0 0 1 1 1
1 P_9 40 40 0.330371 0.41346153846153844 0.463029 1 1 1
1 P_9 41 41 0.348165 0.43 0.4736165 1 1 1
1 P_9 42 42 0.3817085 0.4537037037037037 0.4855655 1 1 1
1 P_9 43 43 0 0 0 1 1 1
1 P_9 44 44 0.355393 0.4375 0.478313 1 1 1
1 P_9 45 45 0.3272175 0.4015151515151515 0.450923 1 1 1
1 P_9 46 46 0 0 0 1 1 1
1 P_9 47 47 0 0 0 1 1 1
1 P_9 48 48 0.3454465 0.42857142857142855 0.473063 1 1 1
1 P_9 49 49 0 0 0 1 1 1
1 P_9 50 50 0 0 0 1 1 1
1 P_9 51 51 0 0 0 1 1 1
1 P_9 52 52 0.2723955 0.3645833333333333 0.43141 1 1 1
1 P_9 53 53 0 0 0 1 1 1
1 P_9 54 54 0 0 0 1 1 1
1 P_9 55 55 0.3586945 0.44871794871794873 0.4860045 1 1 1
1 P_9 56 56 0.5 0.5 0.5 1 1 1
1 P_9 57 57 0.3181565 0.40625 0.459826 1 1 1
1 P_9 58 58 0.333239 0.41228070175438597 0.460759 1 1 1
1 P_9 59 59 0.3522315 0.44047619047619047 0.4813615 1 1 1
1 P_9 60 60 0.01998355 0.057692307692307696 0.1347175 1 1 1
1 P_9 61 61 0.5 0.5 0.5 1 1 1
1 P_9 62 62 0 0 0 1 1 1
1 P_9 63 63 0.3118385 0.41025641025641024 0.4659075 1 1 1
1 P_9 64 64 0.5 0.5 0.5 1 1 1
1 P_9 65 65 0.5 0.5 0.5 1 1 1
1 P_9 66 66 0 0 0 1 1 1
1 P_9 67 67 0.5 0.5 0.5 1 1 1
1 P_9 68 68 0.362938 0.4411764705882353 0.479616 1 1 1
1 P_9 69 69 0.5 0.5 0.5 1 1 1
1 P_9 70 70 0 0 0 1 1 1
1 P_9 71 71 0 0 0 1 1 1
1 P_9 72 72 0.01210765 0.044444444444444446 0.124627 1 1 1
1 P_9 73 73 0 0 0 1 1 1
1 P_9 74 74 0 0 0 1 1 1
1 P_9 75 75 0 0 0 1 1 1
1 P_9 76 76 0 0 0 1 1 1
1 P_9 77 77 0 0 0 1 1 1
1 P_9 78 78 0.0482638 0.11764705882352941 0.227053 1 1 1
1 P_9 79 79 0.313045 0.4 0.455029 1 1 1
1 P_9 80 80 0 0 0 1 1 1
1 P_9 81 81 0.287683 0.3875 0.451398 1 1 1
1 P_9 82 82 0.336681 0.42391304347826086 0.4712535 1 1 1
1 P_9 83 83 0.5 0.5 0.5 1 1 1
1 P_9 84 84 0.5 0.5 0.5 1 1 1
1 P_9 85 85 0 0 0 1 1 1
1 P_9 86 86 0 0 0 1 1 1
1 P_9 87 87 0 0 0 1 1 1
1 P_9 88 88 0.3443365 0.42452830188679247 0.4695855 1 1 1
1 P_9 89 89 0 0 0 1 1 1
1 P_9 90 90 0.3231485 0.40350877192982454 0.4549425 1 1 1
1 P_9 91 91 0.4004785 0.47 0.493254 1 1 1
1 P_9 92 92 0.361775 0.45 0.486359 1 1 1
1 P_9 93 93 0.5 0.5 0.5 1 1 1
1 P_9 94 94 0.311569 0.39622641509433965 0.451389 1 1 1
1 P_9 95 95 0 0 0 1 1 1
1 P_9 96 96 0.380095 0.4574468085106383 0.488413 1 1 1
1 P_9 97 97 0 0 0 1 1 1
1 P_9 98 98 0 0 0 1 1 1
1 P_9 99 99 0.304262 0.3888888888888889 0.4459735 1 1 1
1 P_9 100 100 0.355393 0.4375 0.478313 1 1 1
1 P_9 101 101 0.5 0.5 0.5 1 1 1
1 P_9 102 102 0.322449 0.3984375 0.4493225 1 1 1
1 P_9 103 103 0.3095845 0.40476190476190477 0.461304 1 1 1
1 P_9 104 104 0.041994 0.09782608695652174 0.188625 1 1 1
1 P_9 105 105 0 0 0 1 1 1
1 P_9 106 106 0.3652825 0.4423076923076923 0.4800165 1 1 1
1 P_9 107 107 0 0 0 1 1 1
1 P_9 108 108 0.3754925 0.45098039215686275 0.484703 1 1 1
1 P_9 109 109 0.5 0.5 0.5 1 1 1
1 P_9 110 110 0 0 0 1 1 1
1 P_9 111 111 0 0 0 1 1 1
1 P_9 112 112 0 0 0 1 1 1
1 P_9 113 113 0.3389835 0.4215686274509804 0.4683545 1 1 1
1 P_9 114 114 0.5 0.5 0.5 1 1 1
1 P_9 115 115 0.2872645 0.3804347826086957 0.4435995 1 1 1
1 P_9 116 116 0.3533265 0.4326923076923077 0.474658 1 1 1
1 P_9 117 117 0.02614545 0.075 0.169432 1 1 1
1 P_9 118 118 0.2890085 0.39705882352941174 0.460681 1 1 1
1 P_9 119 119 0 0 0 1 1 1
1 P_9 120 120 0.5 0.5 0.5 1 1 1
1 P_9 121 121 0.5 0.5 0.5 1 1 1
1 P_9 122 122 0.5 0.5 0.5 1 1 1
1 P_9 123 123 0.355779 0.4339622641509434 0.4751485 1 1 1
1 P_9 124 124 0 0 0 1 1 1
1 P_9 125 125 0 0 0 1 1 1
1 P_9 126 126 0.5 0.5 0.5 1 1 1
1 P_9 127 127 0 0 0 1 1 1
1 P_9 128 128 0 0 0 1 1 1
1 P_9 129 129 0.0234878 0.0625 0.1373285 1 1 1
1 P_9 130 130 0.5 0.5 0.5 1 1 1
1 P_9 131 131 0.01436865 0.05263157894736842 0.144525 1 1 1
1 P_9 132 132 0.3498885 0.43478260869565216 0.4773475 1 1 1
1 P_9 133 133 0.2741655 0.375 0.4431615 1 1 1
1 P_9 134 134 0.361775 0.45 0.486359 1 1 1
1 P_9 135 135 0.343531 0.42105263157894735 0.466379 1 1 1
1 P_9 136 136 0.3675485 0.44339622641509435 0.480401 1 1 1
1 P_9 137 137 0.3056525 0.4024390243902439 0.4603215 1 1 1
1 P_9 138 138 0.310339 0.39285714285714285 0.4479935 1 1 1
1 P_9 139 139 0 0 0 1 1 1
1 P_9 140 140 0.04405165 0.09803921568627451 0.18378 1 1 1
1 P_9 141 141 0.5 0.5 0.5 1 1 1
1 P_9 142 142 0 0 0 1 1 1
1 P_9 143 143 0.5 0.5 0.5 1 1 1
1 P_9 144 144 0.3358895 0.4166666666666667 0.464446 1 1 1
1 P_9 145 145 0.2727635 0.3559322033898305 0.41974 1 1 1
1 P_9 146 146 0 0 0 1 1 1
1 P_9 147 147 0.3626715 0.4375 0.476512 1 1 1
1 P_9 148 148 0 0 0 1 1 1
1 P_9 149 149 0 0 0 1 1 1
1 P_9 150 150 0 0 0 1 1 1
1 P_9 151 151 0.3823255 0.4583333333333333 0.488657 1 1 1
1 P_9 152 152 0 0 0 1 1 1
1 P_9 153 153 0.335777 0.41379310344827586 0.46146 1 1 1
1 P_9 154 154 0 0 0 1 1 1
1 P_9 155 155 0 0 0 1 1 1
1 P_9 156 156 0.5 0.5 0.5 1 1 1
1 P_9 157 157 0 0 0 1 1 1
1 P_9 158 158 0.5 0.5 0.5 1 1 1
1 P_9 159 159 0.5 0.5 0.5 1 1 1
1 P_9 160 160 0 0 0 1 1 1
1 P_9 161 161 0.368592 0.4479166666666667 0.483731 1 1 1
1 P_9 162 162 0 0 0 1 1 1
1 P_9 163 163 0.5 0.5 0.5 1 1 1
1 P_9 164 164 0.5 0.5 0.5 1 1 1
1 P_9 165 165 0.34263 0.4270833333333333 0.472486 1 1 1
1 P_9 166 166 0.5 0.5 0.5 1 1 1
1 P_9 167 167 0.3443365 0.42452830188679247 0.4695855 1 1 1
1 P_9 168 168 0.0577225 0.12222222222222222 0.216718 1 1 1
1 P_9 169 169 0.02316825 0.06666666666666667 0.153023 1 1 1
1 P_9 170 170 0.5 0.5 0.5 1 1 1
1 P_9 171 171 0.0369709 0.08653846153846154 0.169629 1 1 1
1 P_9 172 172 0 0 0 1 1 1
1 P_9 173 173 0.5 0.5 0.5 1 1 1
1 P_9 174 174 0.5 0.5 0.5 1 1 1
1 P_9 175 175 0.5 0.5 0.5 1 1 1
1 P_9 176 176 0.5 0.5 0.5 1 1 1
1 P_9 177 177 0 0 0 1 1 1
1 P_9 178 178 0 0 0 1 1 1
1 P_9 179 179 0 0 0 1 1 1
1 P_9 180 180 0 0 0 1 1 1
1 P_9 181 181 0 0 0 1 1 1
1 P_9 182 182 0 0 0 1 1 1
1 P_9 183 183 0.3187875 0.3983050847457627 0.4507545 1 1 1
1 P_9 184 184 0 0 0 1 1 1
1 P_9 185 185 0.5 0.5 0.5 1 1 1
1 P_9 186 186 0.5 0.5 0.5 1 1 1
1 P_9 187 187 0.342439 0.4358974358974359 0.479897 1 1 1
1 P_9 188 188 0 0 0 1 1 1
1 P_9 189 189 0.3111065 0.3888888888888889 0.4428235 1 1 1
1 P_9 190 190 0.37287 0.45454545454545453 0.487614 1 1 1
1 P_9 191 191 0.31622 0.4019607843137255 0.4559485 1 1 1
1 P_9 192 192 0.5 0.5 0.5 1 1 1
1 P_9 193 193 0 0 0 1 1 1
1 P_9 194 194 0 0 0 1 1 1
1 P_9 195 195 0.306359 0.3958333333333333 0.4530705 1 1 1
1 P_9 196 196 0.04958905 0.10576923076923077 0.191563 1 1 1
1 P_9 197 197 0.3389835 0.4215686274509804 0.4683545 1 1 1
1 P_9 198 198 0 0 0 1 1 1
1 P_9 199 199 0.05621 0.11538461538461539 0.20221 1 1 1
1 P_9 200 200 0.3526915 0.43617021276595747 0.477841 1 1 1
1 P_9 201 201 0.5 0.5 0.5 1 1 1
1 P_9 202 202 0 0 0 1 1 1
1 P_9 203 203 0.5 0.5 0.5 1 1 1
1 P_9 204 204 0.2101195 0.3068181818181818 0.3898785 1 1 1
1 P_9 205 205 0 0 0 1 1 1
1 P_9 206 206 0.2908835 0.38 0.4414215 1 1 1
1 P_9 207 207 0.4161725 0.4875 0.498724 1 1 1
1 P_9 208 208 0 0 0 1 1 1
1 P_9 209 209 0.5 0.5 0.5 1 1 1
1 P_9 210 210 0 0 0 1 1 1
1 P_9 211 211 0.2841075 0.37037037037037035 0.4327475 1 1 1
1 P_9 212 212 0.02756255 0.07894736842105263 0.177011 1 1 1
1 P_9 213 213 0.02614545 0.075 0.169432 1 1 1
1 P_9 214 214 0 0 0 1 1 1
1 P_9 215 215 0.314827 0.40425531914893614 0.458936 1 1 1
1 P_9 216 216 0 0 0 1 1 1
1 P_9 217 217 0 0 0 1 1 1
1 P_9 218 218 0 0 0 1 1 1
1 P_9 219 219 0 0 0 1 1 1
1 P_9 220 220 0.5 0.5 0.5 1 1 1
1 P_9 221 221 0 0 0 1 1 1
1 P_9 222 222 0.292839 0.39473684210526316 0.457048 1 1 1
1 P_9 223 223 0.3581515 0.4351851851851852 0.4756205 1 1 1
1 P_9 224 224 0.0169829 0.04918032786885246 0.116731 1 1 1
1 P_9 225 225 0 0 0 1 1 1
1 P_9 226 226 0 0 0 1 1 1
1 P_9 227 227 0 0 0 1 1 1
1 P_9 228 228 0.2787495 0.3780487804878049 0.444624 1 1 1
1 P_9 229 229 0.5 0.5 0.5 1 1 1
1 P_9 230 230 0.333175 0.41509433962264153 0.4637515 1 1 1
1 P_9 231 231 0.5 0.5 0.5 1 1 1
1 P_9 232 232 0.311375 0.40217391304347827 0.458006 1 1 1
1 P_9 233 233 0 0 0 1 1 1
1 P_9 234 234 0.01662115 0.05319148936170213 0.1338805 1 1 1
1 P_9 235 235 0.5 0.5 0.5 1 1 1
1 P_9 236 236 0 0 0 1 1 1
1 P_9 237 237 0.341705 0.4230769230769231 0.468982 1 1 1
1 P_9 238 238 0.3169965 0.4090909090909091 0.46313 1 1 1
1 P_9 239 239 0.01910235 0.06097560975609756 0.150896 1 1 1
1 P_9 240 240 0.4071895 0.4722222222222222 0.4937555 1 1 1
1 P_9 241 241 0.291106 0.3829787234042553 0.4448625 1 1 1
1 P_9 242 242 0.5 0.5 0.5 1 1 1
1 P_9 243 243 0.3817085 0.4537037037037037 0.4855655 1 1 1
1 P_9 244 244 0 0 0 1 1 1
1 P_9 245 245 0 0 0 1 1 1
1 P_9 246 246 0 0 0 1 1 1
1 P_9 247 247 0.5 0.5 0.5 1 1 1
1 P_9 248 248 0 0 0 1 1 1
1 P_9 249 249 0 0 0 1 1 1
1 P_9 250 250 0.3358895 0.4166666666666667 0.464446 1 1 1
1 P_9 251 251 0 0 0 1 1 1
1 P_9 252 252 0 0 0 1 1 1
1 P_9 253 253 0.060181 0.11666666666666667 0.197123 1 1 1
1 P_9 254 254 0.5 0.5 0.5 1 1 1
1 P_9 255 255 0.01959875 0.05660377358490566 0.1324515 1 1 1
1 P_9 256 256 0 0 0 1 1 1
1 P_9 257 257 0.3268745 0.4186046511627907 0.469183 1 1 1
1 P_9 258 258 0.314827 0.40425531914893614 0.458936 1 1 1
1 P_9 259 259 0.346883 0.42592592592592593 0.4701655 1 1 1
1 P_9 260 260 0.3811635 0.4634146341463415 0.491766 1 1 1
1 P_9 261 261 0 0 0 1 1 1
1 P_9 262 262 0 0 0 1 1 1
1 P_9 263 263 0 0 0 1 1 1
1 P_9 264 264 0.341705 0.4230769230769231 0.468982 1 1 1
1 P_9 265 265 0.306446 0.3879310344827586 0.4438245 1 1 1
1 P_9 266 266 0 0 0 1 1 1
1 P_9 267 267 0.333239 0.41228070175438597 0.460759 1 1 1
1 P_9 268 268 0 0 0 1 1 1
1 P_9 269 269 0 0 0 1 1 1
1 P_9 270 270 0.3675485 0.44339622641509435 0.480401 1 1 1
1 P_9 271 271 0.5 0.5 0.5 1 1 1
1 P_9 272 272 0.0591085 0.125 0.220849 1 1 1
1 P_9 273 273 0.3358895 0.4166666666666667 0.464446 1 1 1
1 P_9 274 274 0 0 0 1 1 1
1 P_9 275 275 0 0 0 1 1 1
1 P_9 276 276 0.2770485 0.36538461538461536 0.430004 1 1 1
1 P_9 277 277 0 0 0 1 1 1
1 P_9 278 278 0 0 0 1 1 1
1 P_9 279 279 0 0 0 1 1 1
1 P_9 280 280 0.5 0.5 0.5 1 1 1
1 P_9 281 281 0.02427375 0.06976744186046512 0.159194 1 1 1
1 P_9 282 282 0 0 0 1 1 1
1 P_9 283 283 0.0218868 0.058333333333333334 0.129096 1 1 1
1 P_9 284 284 0.287669 0.3706896551724138 0.431305 1 1 1
1 P_9 285 285 0 0 0 1 1 1
1 P_9 286 286 0 0 0 1 1 1
1 P_9 287 287 0 0 0 1 1 1
1 P_9 288 288 0.335777 0.41379310344827586 0.46146 1 1 1
1 P_9 289 289 0 0 0 1 1 1
1 P_9 290 290 0.2507675 0.34375 0.415971 1 1 1
1 P_9 291 291 0.3271055 0.4148936170212766 0.4655665 1 1 1
1 P_9 292 292 0 0 0 1 1 1
1 P_9 293 293 0.5 0.5 0.5 1 1 1
1 P_9 294 294 0.02265245 0.06521739130434782 0.1501115 1 1 1
1 P_9 295 295 0.3646205 0.43548387096774194 0.474115 1 1 1
1 P_9 296 296 0 0 0 1 1 1
1 P_9 297 297 0.2907415 0.375 0.435283 1 1 1
1 P_9 298 298 0.3385175 0.41818181818181815 0.4651145 1 1 1
1 P_9 299 299 0.02546385 0.06349206349206349 0.133445 1 1 1
1 P_9 300 300 0.368435 0.4375 0.474944 1 1 1
2 P_2 0 0 0.5 0.5 0.5 1 1 1
2 P_2 1 1 0.1910325 0.27884615384615385 0.360723 1 1 1
2 P_2 2 2 0.175594 0.25892857142857145 0.340548 1 1 1
2 P_2 3 3 0 0 0 1 1 1
2 P_2 4 4 0 0 0 1 1 1
2 P_2 5 5 0.5 0.5 0.5 1 1 1
2 P_2 6 6 0 0 0 1 1 1
2 P_2 7 7 0 0 0 1 1 1
2 P_2 8 8 0 0 0 1 1 1
2 P_2 9 9 0 0 0 1 1 1
2 P_2 10 10 0.170903 0.2545454545454545 0.3373 1 1 1
2 P_2 11 11 0 0 0 1 1 1
2 P_2 12 12 0.1915875 0.2777777777777778 0.3584485 1 1 1
2 P_2 13 13 0 0 0 1 1 1
2 P_2 14 14 0.134477 0.23529411764705882 0.34057 1 1 1
2 P_2 15 15 0 0 0 1 1 1
2 P_2 16 16 0.166382 0.23943661971830985 0.314114 1 1 1
2 P_2 17 17 0.5 0.5 0.5 1 1 1
2 P_2 18 18 0 0 0 1 1 1
2 P_2 19 19 0.149673 0.24390243902439024 0.3396935 1 1 1
2 P_2 20 20 0.141868 0.23255813953488372 0.327525 1 1 1
2 P_2 21 21 0.1610425 0.23809523809523808 0.317196 1 1 1
2 P_2 22 22 0 0 0 1 1 1
2 P_2 23 23 0 0 0 1 1 1
2 P_2 24 24 0.5 0.5 0.5 1 1 1
2 P_2 25 25 0 0 0 1 1 1
2 P_2 26 26 0 0 0 1 1 1
2 P_2 27 27 0 0 0 1 1 1
2 P_2 28 28 0 0 0 1 1 1
2 P_2 29 29 0.128605 0.2 0.279745 1 1 1
2 P_2 30 30 0.186193 0.27450980392156865 0.357691 1 1 1
2 P_2 31 31 0.159742 0.25 0.340258 1 1 1
2 P_2 32 32 0 0 0 1 1 1
2 P_2 33 33 0 0 0 1 1 1
2 P_2 34 34 0.5 0.5 0.5 1 1 1
2 P_2 35 35 0 0 0 1 1 1
2 P_2 36 36 0.1611395 0.24528301886792453 0.3303805 1 1 1
2 P_2 37 37 0.1502035 0.2391304347826087 0.3305625 1 1 1
2 P_2 38 38 0 0 0 1 1 1
2 P_2 39 39 0 0 0 1 1 1
2 P_2 40 40 0.2007985 0.28448275862068967 0.3617575 1 1 1
2 P_2 41 41 0.1846715 0.2765957446808511 0.36251 1 1 1
2 P_2 42 42 0.090071 0.16666666666666666 0.2628495 1 1 1
2 P_2 43 43 0 0 0 1 1 1
2 P_2 44 44 0.0879635 0.16666666666666666 0.266233 1 1 1
2 P_2 45 45 0.181311 0.28205128205128205 0.3742025 1 1 1
2 P_2 46 46 0 0 0 1 1 1
2 P_2 47 47 0 0 0 1 1 1
2 P_2 48 48 0 0 0 1 1 1
2 P_2 49 49 0 0 0 1 1 1
2 P_2 50 50 0 0 0 1 1 1
2 P_2 51 51 0 0 0 1 1 1
2 P_2 52 52 0 0 0 1 1 1
2 P_2 53 53 0 0 0 1 1 1
2 P_2 54 54 0 0 0 1 1 1
2 P_2 55 55 0 0 0 1 1 1
2 P_2 56 56 0.5 0.5 0.5 1 1 1
2 P_2 57 57 0.116938 0.19791666666666666 0.2904365 1 1 1
2 P_2 58 58 0 0 0 1 1 1
2 P_2 59 59 0 0 0 1 1 1
2 P_2 60 60 0.1838725 0.2777777777777778 0.36515 1 1 1
2 P_2 61 61 0.5 0.5 0.5 1 1 1
2 P_2 62 62 0 0 0 1 1 1
2 P_2 63 63 0.1408225 0.22826086956521738 0.32071 1 1 1
2 P_2 64 64 0.5 0.5 0.5 1 1 1
2 P_2 65 65 0.5 0.5 0.5 1 1 1
2 P_2 66 66 0 0 0 1 1 1
2 P_2 67 67 0.5 0.5 0.5 1 1 1
2 P_2 68 68 0.2018505 0.2803030303030303 0.3537665 1 1 1
2 P_2 69 69 0.5 0.5 0.5 1 1 1
2 P_2 70 70 0 0 0 1 1 1
2 P_2 71 71 0 0 0 1 1 1
2 P_2 72 72 0.170795 0.2604166666666667 0.3477295 1 1 1
2 P_2 73 73 0 0 0 1 1 1
2 P_2 74 74 0 0 0 1 1 1
2 P_2 75 75 0 0 0 1 1 1
2 P_2 76 76 0 0 0 1 1 1
2 P_2 77 77 0 0 0 1 1 1
2 P_2 78 78 0.18027 0.2708333333333333 0.356779 1 1 1
2 P_2 79 79 0.1504555 0.2288135593220339 0.3110475 1 1 1
2 P_2 80 80 0 0 0 1 1 1
2 P_2 81 81 0.13749 0.22340425531914893 0.3153285 1 1 1
2 P_2 82 82 0.178212 0.2641509433962264 0.347229 1 1 1
2 P_2 83 83 0.5 0.5 0.5 1 1 1
2 P_2 84 84 0.5 0.5 0.5 1 1 1
2 P_2 85 85 0 0 0 1 1 1
2 P_2 86 86 0 0 0 1 1 1
2 P_2 87 87 0 0 0 1 1 1
2 P_2 88 88 0.174479 0.25925925925925924 0.3421995 1 1 1
2 P_2 89 89 0 0 0 1 1 1
2 P_2 90 90 0 0 0 1 1 1
2 P_2 91 91 0 0 0 1 1 1
2 P_2 92 92 0.116938 0.19791666666666666 0.2904365 1 1 1
2 P_2 93 93 0.5 0.5 0.5 1 1 1
2 P_2 94 94 0.159742 0.25 0.340258 1 1 1
2 P_2 95 95 0 0 0 1 1 1
2 P_2 96 96 0.1467945 0.25 0.3532055 1 1 1
2 P_2 97 97 0 0 0 1 1 1
2 P_2 98 98 0 0 0 1 1 1
2 P_2 99 99 0 0 0 1 1 1
2 P_2 100 100 0.1504555 0.2288135593220339 0.3110475 1 1 1
2 P_2 101 101 0.5 0.5 0.5 1 1 1
2 P_2 102 102 0.1732935 0.2542372881355932 0.334406 1 1 1
2 P_2 103 103 0.139277 0.22115384615384615 0.3089675 1 1 1
2 P_2 104 104 0.1627 0.24545454545454545 0.329097 1 1 1
2 P_2 105 105 0 0 0 1 1 1
2 P_2 106 106 0.122736 0.20408163265306123 0.295411 1 1 1
2 P_2 107 107 0 0 0 1 1 1
2 P_2 108 108 0.195735 0.2830188679245283 0.363627 1 1 1
2 P_2 109 109 0.5 0.5 0.5 1 1 1
2 P_2 110 110 0 0 0 1 1 1
2 P_2 111 111 0 0 0 1 1 1
2 P_2 112 112 0 0 0 1 1 1
2 P_2 113 113 0.19534 0.28431372549019607 0.3660975 1 1 1
2 P_2 114 114 0.5 0.5 0.5 1 1 1
2 P_2 115 115 0 0 0 1 1 1
2 P_2 116 116 0.1821125 0.2692307692307692 0.3523915 1 1 1
2 P_2 117 117 0.2090575 0.2890625 0.3624475 1 1 1
2 P_2 118 118 0.252979 0.3431372549019608 0.413794 1 1 1
2 P_2 119 119 0 0 0 1 1 1
2 P_2 120 120 0.5 0.5 0.5 1 1 1
2 P_2 121 121 0.5 0.5 0.5 1 1 1
2 P_2 122 122 0.5 0.5 0.5 1 1 1
2 P_2 123 123 0 0 0 1 1 1
2 P_2 124 124 0 0 0 1 1 1
2 P_2 125 125 0 0 0 1 1 1
2 P_2 126 126 0.5 0.5 0.5 1 1 1
2 P_2 127 127 0 0 0 1 1 1
2 P_2 128 128 0 0 0 1 1 1
2 P_2 129 129 0.204668 0.29245283018867924 0.371655 1 1 1
2 P_2 130 130 0.5 0.5 0.5 1 1 1
2 P_2 131 131 0.1542185 0.24 0.327916 1 1 1
2 P_2 132 132 0.2095635 0.3020833333333333 0.383062 1 1 1
2 P_2 133 133 0.13485 0.2222222222222222 0.3161275 1 1 1
2 P_2 134 134 0.166086 0.25 0.333914 1 1 1
2 P_2 135 135 0.182979 0.26851851851851855 0.350378 1 1 1
2 P_2 136 136 0 0 0 1 1 1
2 P_2 137 137 0 0 0 1 1 1
2 P_2 138 138 0 0 0 1 1 1
2 P_2 139 139 0 0 0 1 1 1
2 P_2 140 140 0.120434 0.19811320754716982 0.286282 1 1 1
2 P_2 141 141 0.5 0.5 0.5 1 1 1
2 P_2 142 142 0 0 0 1 1 1
2 P_2 143 143 0.5 0.5 0.5 1 1 1
2 P_2 144 144 0 0 0 1 1 1
2 P_2 145 145 0.1515285 0.23214285714285715 0.3161875 1 1 1
2 P_2 146 146 0 0 0 1 1 1
2 P_2 147 147 0.167474 0.25 0.332526 1 1 1
2 P_2 148 148 0 0 0 1 1 1
2 P_2 149 149 0 0 0 1 1 1
2 P_2 150 150 0 0 0 1 1 1
2 P_2 151 151 0 0 0 1 1 1
2 P_2 152 152 0 0 0 1 1 1
2 P_2 153 153 0.2049215 0.3048780487804878 0.3907845 1 1 1
2 P_2 154 154 0 0 0 1 1 1
2 P_2 155 155 0 0 0 1 1 1
2 P_2 156 156 0.5 0.5 0.5 1 1 1
2 P_2 157 157 0 0 0 1 1 1
2 P_2 158 158 0.5 0.5 0.5 1 1 1
2 P_2 159 159 0.5 0.5 0.5 1 1 1
2 P_2 160 160 0 0 0 1 1 1
2 P_2 161 161 0.12839 0.21 0.3001465 1 1 1
2 P_2 162 162 0 0 0 1 1 1
2 P_2 163 163 0.5 0.5 0.5 1 1 1
2 P_2 164 164 0.5 0.5 0.5 1 1 1
2 P_2 165 165 0.128605 0.2 0.279745 1 1 1
2 P_2 166 166 0.5 0.5 0.5 1 1 1
2 P_2 167 167 0.1973005 0.2786885245901639 0.35499000000000003 1 1 1
2 P_2 168 168 0.1991265 0.3 0.3877805 1 1 1
2 P_2 169 169 0.1440465 0.25 0.3559535 1 1 1
2 P_2 170 170 0.5 0.5 0.5 1 1 1
2 P_2 171 171 0.1869165 0.27358490566037735 0.3554845 1 1 1
2 P_2 172 172 0 0 0 1 1 1
2 P_2 173 173 0.5 0.5 0.5 1 1 1
2 P_2 174 174 0.5 0.5 0.5 1 1 1
2 P_2 175 175 0.5 0.5 0.5 1 1 1
2 P_2 176 176 0.5 0.5 0.5 1 1 1
2 P_2 177 177 0 0 0 1 1 1
2 P_2 178 178 0 0 0 1 1 1
2 P_2 179 179 0 0 0 1 1 1
2 P_2 180 180 0 0 0 1 1 1
2 P_2 181 181 0 0 0 1 1 1
2 P_2 182 182 0 0 0 1 1 1
2 P_2 183 183 0.1887035 0.2840909090909091 0.3712935 1 1 1
2 P_2 184 184 0 0 0 1 1 1
2 P_2 185 185 0.5 0.5 0.5 1 1 1
2 P_2 186 186 0.5 0.5 0.5 1 1 1
2 P_2 187 187 0 0 0 1 1 1
2 P_2 188 188 0 0 0 1 1 1
2 P_2 189 189 0 0 0 1 1 1
2 P_2 190 190 0.1613675 0.2638888888888889 0.362409 1 1 1
2 P_2 191 191 0.18121 0.27 0.354521 1 1 1
2 P_2 192 192 0.5 0.5 0.5 1 1 1
2 P_2 193 193 0 0 0 1 1 1
2 P_2 194 194 0 0 0 1 1 1
2 P_2 195 195 0 0 0 1 1 1
2 P_2 196 196 0.1445155 0.22641509433962265 0.3130835 1 1 1
2 P_2 197 197 0.1143285 0.19387755102040816 0.2856275 1 1 1
2 P_2 198 198 0 0 0 1 1 1
2 P_2 199 199 0.1664905 0.2619047619047619 0.354336 1 1 1
2 P_2 200 200 0 0 0 1 1 1
2 P_2 201 201 0.5 0.5 0.5 1 1 1
2 P_2 202 202 0 0 0 1 1 1
2 P_2 203 203 0.5 0.5 0.5 1 1 1
2 P_2 204 204 0.159452 0.24107142857142858 0.32440600000000003 1 1 1
2 P_2 205 205 0 0 0 1 1 1
2 P_2 206 206 0 0 0 1 1 1
2 P_2 207 207 0.1560585 0.2403846153846154 0.3266895 1 1 1
2 P_2 208 208 0 0 0 1 1 1
2 P_2 209 209 0.5 0.5 0.5 1 1 1
2 P_2 210 210 0 0 0 1 1 1
2 P_2 211 211 0.1627 0.24545454545454545 0.329097 1 1 1
2 P_2 212 212 0.145664 0.23809523809523808 0.3335095 1 1 1
2 P_2 213 213 0.2143725 0.30612244897959184 0.3856715 1 1 1
2 P_2 214 214 0 0 0 1 1 1
2 P_2 215 215 0.2098085 0.30434782608695654 0.386363 1 1 1
2 P_2 216 216 0 0 0 1 1 1
2 P_2 217 217 0 0 0 1 1 1
2 P_2 218 218 0 0 0 1 1 1
2 P_2 219 219 0 0 0 1 1 1
2 P_2 220 220 0.5 0.5 0.5 1 1 1
2 P_2 221 221 0 0 0 1 1 1
2 P_2 222 222 0.1082785 0.19736842105263158 0.3008955 1 1 1
2 P_2 223 223 0.205236 0.2857142857142857 0.3600495 1 1 1
2 P_2 224 224 0.165351 0.2553191489361702 0.344085 1 1 1
2 P_2 225 225 0 0 0 1 1 1
2 P_2 226 226 0 0 0 1 1 1
2 P_2 227 227 0 0 0 1 1 1
2 P_2 228 228 0.2091325 0.2962962962962963 0.374262 1 1 1
2 P_2 229 229 0.5 0.5 0.5 1 1 1
2 P_2 230 230 0 0 0 1 1 1
2 P_2 231 231 0.5 0.5 0.5 1 1 1
2 P_2 232 232 0.1737365 0.26666666666666666 0.355677 1 1 1
2 P_2 233 233 0 0 0 1 1 1
2 P_2 234 234 0.138708 0.21818181818181817 0.3038705 1 1 1
2 P_2 235 235 0.5 0.5 0.5 1 1 1
2 P_2 236 236 0 0 0 1 1 1
2 P_2 237 237 0 0 0 1 1 1
2 P_2 238 238 0.1949475 0.2857142857142857 0.3687155 1 1 1
2 P_2 239 239 0.151886 0.2441860465116279 0.3379115 1 1 1
2 P_2 240 240 0.1749365 0.26595744680851063 0.3533725 1 1 1
2 P_2 241 241 0 0 0 1 1 1
2 P_2 242 242 0.5 0.5 0.5 1 1 1
2 P_2 243 243 0 0 0 1 1 1
2 P_2 244 244 0 0 0 1 1 1
2 P_2 245 245 0 0 0 1 1 1
2 P_2 246 246 0 0 0 1 1 1
2 P_2 247 247 0.5 0.5 0.5 1 1 1
2 P_2 248 248 0 0 0 1 1 1
2 P_2 249 249 0 0 0 1 1 1
2 P_2 250 250 0.151279 0.2265625 0.3058185 1 1 1
2 P_2 251 251 0 0 0 1 1 1
2 P_2 252 252 0 0 0 1 1 1
2 P_2 253 253 0.1682605 0.2702702702702703 0.366583 1 1 1
2 P_2 254 254 0.5 0.5 0.5 1 1 1
2 P_2 255 255 0.1694375 0.2608695652173913 0.3497965 1 1 1
2 P_2 256 256 0 0 0 1 1 1
2 P_2 257 257 0.2271285 0.3148148148148148 0.3896255 1 1 1
2 P_2 258 258 0 0 0 1 1 1
2 P_2 259 259 0.220312 0.31521739130434784 0.3950955 1 1 1
2 P_2 260 260 0 0 0 1 1 1
2 P_2 261 261 0 0 0 1 1 1
2 P_2 262 262 0 0 0 1 1 1
2 P_2 263 263 0 0 0 1 1 1
2 P_2 264 264 0.1821125 0.2692307692307692 0.3523915 1 1 1
2 P_2 265 265 0.226414 0.3125 0.386584 1 1 1
2 P_2 266 266 0 0 0 1 1 1
2 P_2 267 267 0.1522705 0.23958333333333334 0.329205 1 1 1
2 P_2 268 268 0 0 0 1 1 1
2 P_2 269 269 0 0 0 1 1 1
2 P_2 270 270 0 0 0 1 1 1
2 P_2 271 271 0.5 0.5 0.5 1 1 1
2 P_2 272 272 0.133356 0.21052631578947367 0.295154 1 1 1
2 P_2 273 273 0 0 0 1 1 1
2 P_2 274 274 0 0 0 1 1 1
2 P_2 275 275 0 0 0 1 1 1
2 P_2 276 276 0.164183 0.24561403508771928 0.327874 1 1 1
2 P_2 277 277 0 0 0 1 1 1
2 P_2 278 278 0 0 0 1 1 1
2 P_2 279 279 0 0 0 1 1 1
2 P_2 280 280 0.5 0.5 0.5 1 1 1
2 P_2 281 281 0.10637 0.19047619047619047 0.28949 1 1 1
2 P_2 282 282 0 0 0 1 1 1
2 P_2 283 283 0.12589 0.20175438596491227 0.286733 1 1 1
2 P_2 284 284 0.151886 0.2441860465116279 0.3379115 1 1 1
2 P_2 285 285 0 0 0 1 1 1
2 P_2 286 286 0 0 0 1 1 1
2 P_2 287 287 0 0 0 1 1 1
2 P_2 288 288 0.2003045 0.28703703703703703 0.3664105 1 1 1
2 P_2 289 289 0 0 0 1 1 1
2 P_2 290 290 0.199202 0.2976190476190476 0.384108 1 1 1
2 P_2 291 291 0.17666 0.25862068965517243 0.338979 1 1 1
2 P_2 292 292 0 0 0 1 1 1
2 P_2 293 293 0.5 0.5 0.5 1 1 1
2 P_2 294 294 0.164886 0.2625 0.35684 1 1 1
2 P_2 295 295 0 0 0 1 1 1
2 P_2 296 296 0 0 0 1 1 1
2 P_2 297 297 0.151886 0.2441860465116279 0.3379115 1 1 1
2 P_2 298 298 0.112641 0.18867924528301888 0.277113 1 1 1
2 P_2 299 299 0.148579 0.22807017543859648 0.3117045 1 1 1
2 P_2 300 300 0.1910325 0.27884615384615385 0.360723 1 1 1
3 P_6 0 0 0.5 0.5 0.5 1 1 1
3 P_6 1 1 0 0 0 1 1 1
3 P_6 2 2 0 0 0 1 1 1
3 P_6 3 3 0.3010775 0.3867924528301887 0.4449035 1 1 1
3 P_6 4 4 0.30976 0.3979591836734694 0.454071 1 1 1
3 P_6 5 5 0.5 0.5 0.5 1 1 1
3 P_6 6 6 0 0 0 1 1 1
3 P_6 7 7 0 0 0 1 1 1
3 P_6 8 8 0.3010775 0.3867924528301887 0.4449035 1 1 1
3 P_6 9 9 0.268209 0.35454545454545455 0.420479 1 1 1
3 P_6 10 10 0 0 0 1 1 1
3 P_6 11 11 0 0 0 1 1 1
3 P_6 12 12 0 0 0 1 1 1
3 P_6 13 13 0 0 0 1 1 1
3 P_6 14 14 0 0 0 1 1 1
3 P_6 15 15 0.307794 0.4 0.4570325 1 1 1
3 P_6 16 16 0 0 0 1 1 1
3 P_6 17 17 0.5 0.5 0.5 1 1 1
3 P_6 18 18 0 0 0 1 1 1
3 P_6 19 19 0 0 0 1 1 1
3 P_6 20 20 0 0 0 1 1 1
3 P_6 21 21 0 0 0 1 1 1
3 P_6 22 22 0 0 0 1 1 1
3 P_6 23 23 0 0 0 1 1 1
3 P_6 24 24 0.5 0.5 0.5 1 1 1
3 P_6 25 25 0 0 0 1 1 1
3 P_6 26 26 0 0 0 1 1 1
3 P_6 27 27 0.0540265 0.1111111111111111 0.195738 1 1 1
3 P_6 28 28 0 0 0 1 1 1
3 P_6 29 29 0 0 0 1 1 1
3 P_6 30 30 0 0 0 1 1 1
3 P_6 31 31 0 0 0 1 1 1
3 P_6 32 32 0.31622 0.4019607843137255 0.4559485 1 1 1
3 P_6 33 33 0 0 0 1 1 1
3 P_6 34 34 0.5 0.5 0.5 1 1 1
3 P_6 35 35 0.280111 0.37 0.434315 1 1 1
3 P_6 36 36 0.042322 0.09433962264150944 0.1777385 1 1 1
3 P_6 37 37 0 0 0 1 1 1
3 P_6 38 38 0 0 0 1 1 1
3 P_6 39 39 0.112932 0.19767441860465115 0.2952445 1 1 1
3 P_6 40 40 0 0 0 1 1 1
3 P_6 41 41 0 0 0 1 1 1
3 P_6 42 42 0 0 0 1 1 1
3 P_6 43 43 0 0 0 1 1 1
3 P_6 44 44 0 0 0 1 1 1
3 P_6 45 45 0 0 0 1 1 1
3 P_6 46 46 0 0 0 1 1 1
3 P_6 47 47 0 0 0 1 1 1
3 P_6 48 48 0 0 0 1 1 1
3 P_6 49 49 0 0 0 1 1 1
3 P_6 50 50 0.358116 0.4431818181818182 0.4822245 1 1 1
3 P_6 51 51 0 0 0 1 1 1
3 P_6 52 52 0 0 0 1 1 1
3 P_6 53 53 0 0 0 1 1 1
3 P_6 54 54 0.391652 0.47368421052631576 0.495573 1 1 1
3 P_6 55 55 0 0 0 1 1 1
3 P_6 56 56 0.5 0.5 0.5 1 1 1
3 P_6 57 57 0 0 0 1 1 1
3 P_6 58 58 0 0 0 1 1 1
3 P_6 59 59 0 0 0 1 1 1
3 P_6 60 60 0 0 0 1 1 1
3 P_6 61 61 0.5 0.5 0.5 1 1 1
3 P_6 62 62 0.3238605 0.41304347826086957 0.464791 1 1 1
3 P_6 63 63 0 0 0 1 1 1
3 P_6 64 64 0.5 0.5 0.5 1 1 1
3 P_6 65 65 0.5 0.5 0.5 1 1 1
3 P_6 66 66 0 0 0 1 1 1
3 P_6 67 67 0.0415072 0.09259259259259259 0.1748625 1 1 1
3 P_6 68 68 0 0 0 1 1 1
3 P_6 69 69 0.5 0.5 0.5 1 1 1
3 P_6 70 70 0 0 0 1 1 1
3 P_6 71 71 0 0 0 1 1 1
3 P_6 72 72 0 0 0 1 1 1
3 P_6 73 73 0.3533265 0.4326923076923077 0.474658 1 1 1
3 P_6 74 74 0.2831565 0.38461538461538464 0.450088 1 1 1
3 P_6 75 75 0.03009435 0.07954545454545454 0.16973 1 1 1
3 P_6 76 76 0.3389835 0.4215686274509804 0.4683545 1 1 1
3 P_6 77 77 0.3004615 0.38392857142857145 0.441716 1 1 1
3 P_6 78 78 0 0 0 1 1 1
3 P_6 79 79 0.082192 0.15306122448979592 0.2449915 1 1 1
3 P_6 80 80 0 0 0 1 1 1
3 P_6 81 81 0 0 0 1 1 1
3 P_6 82 82 0 0 0 1 1 1
3 P_6 83 83 0.5 0.5 0.5 1 1 1
3 P_6 84 84 0.5 0.5 0.5 1 1 1
3 P_6 85 85 0 0 0 1 1 1
3 P_6 86 86 0.2841075 0.37037037037037035 0.4327475 1 1 1
3 P_6 87 87 0 0 0 1 1 1
3 P_6 88 88 0 0 0 1 1 1
3 P_6 89 89 0.3056525 0.4024390243902439 0.4603215 1 1 1
3 P_6 90 90 0 0 0 1 1 1
3 P_6 91 91 0 0 0 1 1 1
3 P_6 92 92 0 0 0 1 1 1
3 P_6 93 93 0.5 0.5 0.5 1 1 1
3 P_6 94 94 0 0 0 1 1 1
3 P_6 95 95 0.336168 0.42 0.4677005 1 1 1
3 P_6 96 96 0 0 0 1 1 1
3 P_6 97 97 0 0 0 1 1 1
3 P_6 98 98 0.3095845 0.40476190476190477 0.461304 1 1 1
3 P_6 99 99 0 0 0 1 1 1
3 P_6 100 100 0.0469294 0.10416666666666667 0.193641 1 1 1
3 P_6 101 101 0.5 0.5 0.5 1 1 1
3 P_6 102 102 0 0 0 1 1 1
3 P_6 103 103 0 0 0 1 1 1
3 P_6 104 104 0 0 0 1 1 1
3 P_6 105 105 0.3454465 0.42857142857142855 0.473063 1 1 1
3 P_6 106 106 0 0 0 1 1 1
3 P_6 107 107 0.3214405 0.4 0.451611 1 1 1
3 P_6 108 108 0 0 0 1 1 1
3 P_6 109 109 0.5 0.5 0.5 1 1 1
3 P_6 110 110 0 0 0 1 1 1
3 P_6 111 111 0 0 0 1 1 1
3 P_6 112 112 0 0 0 1 1 1
3 P_6 113 113 0.0086583 0.038461538461538464 0.124186 1 1 1
3 P_6 114 114 0.5 0.5 0.5 1 1 1
3 P_6 115 115 0 0 0 1 1 1
3 P_6 116 116 0 0 0 1 1 1
3 P_6 117 117 0 0 0 1 1 1
3 P_6 118 118 0 0 0 1 1 1
3 P_6 119 119 0.2907705 0.37735849056603776 0.4382375 1 1 1
3 P_6 120 120 0.5 0.5 0.5 1 1 1
3 P_6 121 121 0.5 0.5 0.5 1 1 1
3 P_6 122 122 0.0672525 0.12962962962962962 0.2158925 1 1 1
3 P_6 123 123 0 0 0 1 1 1
3 P_6 124 124 0.03776075 0.09302325581395349 0.186637 1 1 1
3 P_6 125 125 0.3335365 0.4222222222222222 0.470595 1 1 1
3 P_6 126 126 0.5 0.5 0.5 1 1 1
3 P_6 127 127 0 0 0 1 1 1
3 P_6 128 128 0 0 0 1 1 1
3 P_6 129 129 0 0 0 1 1 1
3 P_6 130 130 0.0526665 0.11627906976744186 0.2126065 1 1 1
3 P_6 131 131 0 0 0 1 1 1
3 P_6 132 132 0 0 0 1 1 1
3 P_6 133 133 0 0 0 1 1 1
3 P_6 134 134 0 0 0 1 1 1
3 P_6 135 135 0 0 0 1 1 1
3 P_6 136 136 0 0 0 1 1 1
3 P_6 137 137 0 0 0 1 1 1
3 P_6 138 138 0 0 0 1 1 1
3 P_6 139 139 0 0 0 1 1 1
3 P_6 140 140 0 0 0 1 1 1
3 P_6 141 141 0.0540265 0.1111111111111111 0.195738 1 1 1
3 P_6 142 142 0.2874755 0.37272727272727274 0.43404 1 1 1
3 P_6 143 143 0.5 0.5 0.5 1 1 1
3 P_6 144 144 0 0 0 1 1 1
3 P_6 145 145 0 0 0 1 1 1
3 P_6 146 146 0.313363 0.4069767441860465 0.462239 1 1 1
3 P_6 147 147 0 0 0 1 1 1
3 P_6 148 148 0.313045 0.4 0.455029 1 1 1
3 P_6 149 149 0 0 0 1 1 1
3 P_6 150 150 0.3238605 0.41304347826086957 0.464791 1 1 1
3 P_6 151 151 0 0 0 1 1 1
3 P_6 152 152 0.257027 0.3387096774193548 0.4049105 1 1 1
3 P_6 153 153 0.0710635 0.14864864864864866 0.2546835 1 1 1
3 P_6 154 154 0.2784815 0.3620689655172414 0.4248465 1 1 1
3 P_6 155 155 0.296203 0.39285714285714285 0.453821 1 1 1
3 P_6 156 156 0.5 0.5 0.5 1 1 1
3 P_6 157 157 0.304262 0.3888888888888889 0.4459735 1 1 1
3 P_6 158 158 0.5 0.5 0.5 1 1 1
3 P_6 159 159 0.060181 0.11666666666666667 0.197123 1 1 1
3 P_6 160 160 0.284467 0.3684210526315789 0.4300295 1 1 1
3 P_6 161 161 0.0399685 0.08928571428571429 0.169378 1 1 1
3 P_6 162 162 0 0 0 1 1 1
3 P_6 163 163 0.5 0.5 0.5 1 1 1
3 P_6 164 164 0.5 0.5 0.5 1 1 1
3 P_6 165 165 0 0 0 1 1 1
3 P_6 166 166 0.041994 0.09782608695652174 0.188625 1 1 1
3 P_6 167 167 0 0 0 1 1 1
3 P_6 168 168 0 0 0 1 1 1
3 P_6 169 169 0 0 0 1 1 1
3 P_6 170 170 0.5 0.5 0.5 1 1 1
3 P_6 171 171 0 0 0 1 1 1
3 P_6 172 172 0 0 0 1 1 1
3 P_6 173 173 0.5 0.5 0.5 1 1 1
3 P_6 174 174 0.5 0.5 0.5 1 1 1
3 P_6 175 175 0.0550965 0.11320754716981132 0.1989225 1 1 1
3 P_6 176 176 0.5 0.5 0.5 1 1 1
3 P_6 177 177 0 0 0 1 1 1
3 P_6 178 178 0 0 0 1 1 1
3 P_6 179 179 0 0 0 1 1 1
3 P_6 180 180 0.314827 0.40425531914893614 0.458936 1 1 1
3 P_6 181 181 0.2741655 0.375 0.4431615 1 1 1
3 P_6 182 182 0 0 0 1 1 1
3 P_6 183 183 0 0 0 1 1 1
3 P_6 184 184 0.2644195 0.3684210526315789 0.4399905 1 1 1
3 P_6 185 185 0.5 0.5 0.5 1 1 1
3 P_6 186 186 0.5 0.5 0.5 1 1 1
3 P_6 187 187 0 0 0 1 1 1
3 P_6 188 188 0 0 0 1 1 1
3 P_6 189 189 0 0 0 1 1 1
3 P_6 190 190 0 0 0 1 1 1
3 P_6 191 191 0 0 0 1 1 1
3 P_6 192 192 0.5 0.5 0.5 1 1 1
3 P_6 193 193 0 0 0 1 1 1
3 P_6 194 194 0 0 0 1 1 1
3 P_6 195 195 0 0 0 1 1 1
3 P_6 196 196 0 0 0 1 1 1
3 P_6 197 197 0.05721 0.11403508771929824 0.1965015 1 1 1
3 P_6 198 198 0.316055 0.39655172413793105 0.4498675 1 1 1
3 P_6 199 199 0 0 0 1 1 1
3 P_6 200 200 0 0 0 1 1 1
3 P_6 201 201 0.5 0.5 0.5 1 1 1
3 P_6 202 202 0 0 0 1 1 1
3 P_6 203 203 0.5 0.5 0.5 1 1 1
3 P_6 204 204 0 0 0 1 1 1
3 P_6 205 205 0.0585785 0.12 0.2091165 1 1 1
3 P_6 206 206 0 0 0 1 1 1
3 P_6 207 207 0 0 0 1 1 1
3 P_6 208 208 0.313045 0.4 0.455029 1 1 1
3 P_6 209 209 0.02549025 0.07317073170731707 0.1658775 1 1 1
3 P_6 210 210 0.330371 0.41346153846153844 0.463029 1 1 1
3 P_6 211 211 0 0 0 1 1 1
3 P_6 212 212 0 0 0 1 1 1
3 P_6 213 213 0 0 0 1 1 1
3 P_6 214 214 0 0 0 1 1 1
3 P_6 215 215 0 0 0 1 1 1
3 P_6 216 216 0.313701 0.390625 0.443759 1 1 1
3 P_6 217 217 0 0 0 1 1 1
3 P_6 218 218 0.2831555 0.38095238095238093 0.4460125 1 1 1
3 P_6 219 219 0 0 0 1 1 1
3 P_6 220 220 0.5 0.5 0.5 1 1 1
3 P_6 221 221 0.3102795 0.4142857142857143 0.4699975 1 1 1
3 P_6 222 222 0 0 0 1 1 1
3 P_6 223 223 0 0 0 1 1 1
3 P_6 224 224 0 0 0 1 1 1
3 P_6 225 225 0.3192905 0.40384615384615385 0.4568305 1 1 1
3 P_6 226 226 0 0 0 1 1 1
3 P_6 227 227 0 0 0 1 1 1
3 P_6 228 228 0 0 0 1 1 1
3 P_6 229 229 0.5 0.5 0.5 1 1 1
3 P_6 230 230 0 0 0 1 1 1
3 P_6 231 231 0.5 0.5 0.5 1 1 1
3 P_6 232 232 0.03967855 0.0975609756097561 0.1943475 1 1 1
3 P_6 233 233 0.0790955 0.15476190476190477 0.2542655 1 1 1
3 P_6 234 234 0 0 0 1 1 1
3 P_6 235 235 0.0173733 0.05555555555555555 0.1391125 1 1 1
3 P_6 236 236 0 0 0 1 1 1
3 P_6 237 237 0 0 0 1 1 1
3 P_6 238 238 0 0 0 1 1 1
3 P_6 239 239 0 0 0 1 1 1
3 P_6 240 240 0 0 0 1 1 1
3 P_6 241 241 0 0 0 1 1 1
3 P_6 242 242 0.5 0.5 0.5 1 1 1
3 P_6 243 243 0 0 0 1 1 1
3 P_6 244 244 0 0 0 1 1 1
3 P_6 245 245 0.3302345 0.4166666666666667 0.466309 1 1 1
3 P_6 246 246 0 0 0 1 1 1
3 P_6 247 247 0.5 0.5 0.5 1 1 1
3 P_6 248 248 0.29779 0.38461538461538464 0.44379 1 1 1
3 P_6 249 249 0 0 0 1 1 1
3 P_6 250 250 0 0 0 1 1 1
3 P_6 251 251 0.323342 0.4166666666666667 0.468425 1 1 1
3 P_6 252 252 0.1174695 0.19607843137254902 0.2859845 1 1 1
3 P_6 253 253 0 0 0 1 1 1
3 P_6 254 254 0.5 0.5 0.5 1 1 1
3 P_6 255 255 0 0 0 1 1 1
3 P_6 256 256 0.0974245 0.16981132075471697 0.2584035 1 1 1
3 P_6 257 257 0 0 0 1 1 1
3 P_6 258 258 0 0 0 1 1 1
3 P_6 259 259 0 0 0 1 1 1
3 P_6 260 260 0 0 0 1 1 1
3 P_6 261 261 0 0 0 1 1 1
3 P_6 262 262 0 0 0 1 1 1
3 P_6 263 263 0.320387 0.4017857142857143 0.454104 1 1 1
3 P_6 264 264 0 0 0 1 1 1
3 P_6 265 265 0 0 0 1 1 1
3 P_6 266 266 0 0 0 1 1 1
3 P_6 267 267 0 0 0 1 1 1
3 P_6 268 268 0.356293 0.43103448275862066 0.4722805 1 1 1
3 P_6 269 269 0 0 0 1 1 1
3 P_6 270 270 0 0 0 1 1 1
3 P_6 271 271 0.0724195 0.12857142857142856 0.203613 1 1 1
3 P_6 272 272 0 0 0 1 1 1
3 P_6 273 273 0 0 0 1 1 1
3 P_6 274 274 0 0 0 1 1 1
3 P_6 275 275 0.2907785 0.3728813559322034 0.4325345 1 1 1
3 P_6 276 276 0 0 0 1 1 1
3 P_6 277 277 0 0 0 1 1 1
3 P_6 278 278 0.2908835 0.38 0.4414215 1 1 1
3 P_6 279 279 0.2833375 0.3888888888888889 0.4545475 1 1 1
3 P_6 280 280 0.5 0.5 0.5 1 1 1
3 P_6 281 281 0 0 0 1 1 1
3 P_6 282 282 0.0492453 0.1016949152542373 0.1812125 1 1 1
3 P_6 283 283 0 0 0 1 1 1
3 P_6 284 284 0.04405165 0.09803921568627451 0.18378 1 1 1
3 P_6 285 285 0 0 0 1 1 1
3 P_6 286 286 0 0 0 1 1 1
3 P_6 287 287 0 0 0 1 1 1
3 P_6 288 288 0.0629585 0.11904761904761904 0.1976285 1 1 1
3 P_6 289 289 0.327196 0.42857142857142855 0.4775445 1 1 1
3 P_6 290 290 0 0 0 1 1 1
3 P_6 291 291 0 0 0 1 1 1
3 P_6 292 292 0 0 0 1 1 1
3 P_6 293 293 0.5 0.5 0.5 1 1 1
3 P_6 294 294 0 0 0 1 1 1
3 P_6 295 295 0 0 0 1 1 1
3 P_6 296 296 0.0591085 0.125 0.220849 1 1 1
3 P_6 297 297 0 0 0 1 1 1
3 P_6 298 298 0 0 0 1 1 1
3 P_6 299 299 0 0 0 1 1 1
3 P_6 300 300 0 0 0 1 1 1
4 P_7 0 0 0.5 0.5 0.5 1 1 1
4 P_7 1 1 0 0 0 1 1 1
4 P_7 2 2 0.0920135 0.16666666666666666 0.259778 1 1 1
4 P_7 3 3 0 0 0 1 1 1
4 P_7 4 4 0 0 0 1 1 1
4 P_7 5 5 0.5 0.5 0.5 1 1 1
4 P_7 6 6 0 0 0 1 1 1
4 P_7 7 7 0 0 0 1 1 1
4 P_7 8 8 0 0 0 1 1 1
4 P_7 9 9 0 0 0 1 1 1
4 P_7 10 10 0 0 0 1 1 1
4 P_7 11 11 0 0 0 1 1 1
4 P_7 12 12 0.087962 0.16304347826086957 0.258154 1 1 1
4 P_7 13 13 0 0 0 1 1 1
4 P_7 14 14 0 0 0 1 1 1
4 P_7 15 15 0 0 0 1 1 1
4 P_7 16 16 0 0 0 1 1 1
4 P_7 17 17 0.5 0.5 0.5 1 1 1
4 P_7 18 18 0 0 0 1 1 1
4 P_7 19 19 0 0 0 1 1 1
4 P_7 20 20 0 0 0 1 1 1
4 P_7 21 21 0 0 0 1 1 1
4 P_7 22 22 0 0 0 1 1 1
4 P_7 23 23 0 0 0 1 1 1
4 P_7 24 24 0.5 0.5 0.5 1 1 1
4 P_7 25 25 0 0 0 1 1 1
4 P_7 26 26 0 0 0 1 1 1
4 P_7 27 27 0.2093745 0.3 0.3799555 1 1 1
4 P_7 28 28 0 0 0 1 1 1
4 P_7 29 29 0.086206 0.1568627450980392 0.247021 1 1 1
4 P_7 30 30 0.065685 0.13 0.219889 1 1 1
4 P_7 31 31 0.0591085 0.125 0.220849 1 1 1
4 P_7 32 32 0 0 0 1 1 1
4 P_7 33 33 0 0 0 1 1 1
4 P_7 34 34 0.5 0.5 0.5 1 1 1
4 P_7 35 35 0 0 0 1 1 1
4 P_7 36 36 0.2831555 0.38095238095238093 0.4460125 1 1 1
4 P_7 37 37 0 0 0 1 1 1
4 P_7 38 38 0 0 0 1 1 1
4 P_7 39 39 0.2693925 0.3717948717948718 0.441619 1 1 1
4 P_7 40 40 0 0 0 1 1 1
4 P_7 41 41 0 0 0 1 1 1
4 P_7 42 42 0 0 0 1 1 1
4 P_7 43 43 0 0 0 1 1 1
4 P_7 44 44 0 0 0 1 1 1
4 P_7 45 45 0 0 0 1 1 1
4 P_7 46 46 0 0 0 1 1 1
4 P_7 47 47 0 0 0 1 1 1
4 P_7 48 48 0 0 0 1 1 1
4 P_7 49 49 0 0 0 1 1 1
4 P_7 50 50 0 0 0 1 1 1
4 P_7 51 51 0 0 0 1 1 1
4 P_7 52 52 0 0 0 1 1 1
4 P_7 53 53 0 0 0 1 1 1
4 P_7 54 54 0 0 0 1 1 1
4 P_7 55 55 0 0 0 1 1 1
4 P_7 56 56 0.5 0.5 0.5 1 1 1
4 P_7 57 57 0 0 0 1 1 1
4 P_7 58 58 0 0 0 1 1 1
4 P_7 59 59 0 0 0 1 1 1
4 P_7 60 60 0.0526665 0.11627906976744186 0.2126065 1 1 1
4 P_7 61 61 0.5 0.5 0.5 1 1 1
4 P_7 62 62 0 0 0 1 1 1
4 P_7 63 63 0 0 0 1 1 1
4 P_7 64 64 0.5 0.5 0.5 1 1 1
4 P_7 65 65 0.5 0.5 0.5 1 1 1
4 P_7 66 66 0 0 0 1 1 1
4 P_7 67 67 0.5 0.5 0.5 1 1 1
4 P_7 68 68 0 0 0 1 1 1
4 P_7 69 69 0.5 0.5 0.5 1 1 1
4 P_7 70 70 0 0 0 1 1 1
4 P_7 71 71 0 0 0 1 1 1
4 P_7 72 72 0.097952 0.17346938775510204 0.2656205 1 1 1
4 P_7 73 73 0 0 0 1 1 1
4 P_7 74 74 0 0 0 1 1 1
4 P_7 75 75 0.3382395 0.4152542372881356 0.4621365 1 1 1
4 P_7 76 76 0 0 0 1 1 1
4 P_7 77 77 0 0 0 1 1 1
4 P_7 78 78 0.0741005 0.1388888888888889 0.2257315 1 1 1
4 P_7 79 79 0.311375 0.40217391304347827 0.458006 1 1 1
4 P_7 80 80 0 0 0 1 1 1
4 P_7 81 81 0 0 0 1 1 1
4 P_7 82 82 0 0 0 1 1 1
4 P_7 83 83 0.5 0.5 0.5 1 1 1
4 P_7 84 84 0.5 0.5 0.5 1 1 1
4 P_7 85 85 0 0 0 1 1 1
4 P_7 86 86 0 0 0 1 1 1
4 P_7 87 87 0 0 0 1 1 1
4 P_7 88 88 0 0 0 1 1 1
4 P_7 89 89 0 0 0 1 1 1
4 P_7 90 90 0 0 0 1 1 1
4 P_7 91 91 0 0 0 1 1 1
4 P_7 92 92 0 0 0 1 1 1
4 P_7 93 93 0.5 0.5 0.5 1 1 1
4 P_7 94 94 0 0 0 1 1 1
4 P_7 95 95 0 0 0 1 1 1
4 P_7 96 96 0 0 0 1 1 1
4 P_7 97 97 0 0 0 1 1 1
4 P_7 98 98 0 0 0 1 1 1
4 P_7 99 99 0 0 0 1 1 1
4 P_7 100 100 0.2874755 0.37272727272727274 0.43404 1 1 1
4 P_7 101 101 0.5 0.5 0.5 1 1 1
4 P_7 102 102 0 0 0 1 1 1
4 P_7 103 103 0 0 0 1 1 1
4 P_7 104 104 0.0918705 0.16346153846153846 0.2528515 1 1 1
4 P_7 105 105 0 0 0 1 1 1
4 P_7 106 106 0 0 0 1 1 1
4 P_7 107 107 0 0 0 1 1 1
4 P_7 108 108 0 0 0 1 1 1
4 P_7 109 109 0.5 0.5 0.5 1 1 1
4 P_7 110 110 0 0 0 1 1 1
4 P_7 111 111 0 0 0 1 1 1
4 P_7 112 112 0 0 0 1 1 1
4 P_7 113 113 0.302837 0.39361702127659576 0.4520255 1 1 1
4 P_7 114 114 0.5 0.5 0.5 1 1 1
4 P_7 115 115 0 0 0 1 1 1
4 P_7 116 116 0 0 0 1 1 1
4 P_7 117 117 0.0475623 0.09836065573770492 0.1759815 1 1 1
4 P_7 118 118 0 0 0 1 1 1
4 P_7 119 119 0 0 0 1 1 1
4 P_7 120 120 0.5 0.5 0.5 1 1 1
4 P_7 121 121 0.5 0.5 0.5 1 1 1
4 P_7 122 122 0.5 0.5 0.5 1 1 1
4 P_7 123 123 0 0 0 1 1 1
4 P_7 124 124 0.276318 0.3673469387755102 0.432894 1 1 1
4 P_7 125 125 0 0 0 1 1 1
4 P_7 126 126 0.5 0.5 0.5 1 1 1
4 P_7 127 127 0 0 0 1 1 1
4 P_7 128 128 0 0 0 1 1 1
4 P_7 129 129 0.047671 0.10185185185185185 0.185398 1 1 1
4 P_7 130 130 0.5 0.5 0.5 1 1 1
4 P_7 131 131 0.1037635 0.18 0.2711705 1 1 1
4 P_7 132 132 0 0 0 1 1 1
4 P_7 133 133 0 0 0 1 1 1
4 P_7 134 134 0 0 0 1 1 1
4 P_7 135 135 0 0 0 1 1 1
4 P_7 136 136 0 0 0 1 1 1
4 P_7 137 137 0 0 0 1 1 1
4 P_7 138 138 0 0 0 1 1 1
4 P_7 139 139 0 0 0 1 1 1
4 P_7 140 140 0.04497075 0.1 0.186955 1 1 1
4 P_7 141 141 0.5 0.5 0.5 1 1 1
4 P_7 142 142 0 0 0 1 1 1
4 P_7 143 143 0.5 0.5 0.5 1 1 1
4 P_7 144 144 0 0 0 1 1 1
4 P_7 145 145 0 0 0 1 1 1
4 P_7 146 146 0 0 0 1 1 1
4 P_7 147 147 0 0 0 1 1 1
4 P_7 148 148 0 0 0 1 1 1
4 P_7 149 149 0 0 0 1 1 1
4 P_7 150 150 0 0 0 1 1 1
4 P_7 151 151 0 0 0 1 1 1
4 P_7 152 152 0 0 0 1 1 1
4 P_7 153 153 0.305201 0.39215686274509803 0.4493925 1 1 1
4 P_7 154 154 0 0 0 1 1 1
4 P_7 155 155 0 0 0 1 1 1
4 P_7 156 156 0.5 0.5 0.5 1 1 1
4 P_7 157 157 0 0 0 1 1 1
4 P_7 158 158 0.5 0.5 0.5 1 1 1
4 P_7 159 159 0.5 0.5 0.5 1 1 1
4 P_7 160 160 0 0 0 1 1 1
4 P_7 161 161 0.2908835 0.38 0.4414215 1 1 1
4 P_7 162 162 0 0 0 1 1 1
4 P_7 163 163 0.5 0.5 0.5 1 1 1
4 P_7 164 164 0.5 0.5 0.5 1 1 1
4 P_7 165 165 0 0 0 1 1 1
4 P_7 166 166 0.5 0.5 0.5 1 1 1
4 P_7 167 167 0 0 0 1 1 1
4 P_7 168 168 0.052775 0.11224489795918367 0.201605 1 1 1
4 P_7 169 169 0.1118345 0.19 0.280968 1 1 1
4 P_7 170 170 0.5 0.5 0.5 1 1 1
4 P_7 171 171 0.08595 0.1595744680851064 0.2536175 1 1 1
4 P_7 172 172 0 0 0 1 1 1
4 P_7 173 173 0.5 0.5 0.5 1 1 1
4 P_7 174 174 0.5 0.5 0.5 1 1 1
4 P_7 175 175 0.5 0.5 0.5 1 1 1
4 P_7 176 176 0.5 0.5 0.5 1 1 1
4 P_7 177 177 0 0 0 1 1 1
4 P_7 178 178 0 0 0 1 1 1
4 P_7 179 179 0 0 0 1 1 1
4 P_7 180 180 0 0 0 1 1 1
4 P_7 181 181 0 0 0 1 1 1
4 P_7 182 182 0 0 0 1 1 1
4 P_7 183 183 0 0 0 1 1 1
4 P_7 184 184 0 0 0 1 1 1
4 P_7 185 185 0.5 0.5 0.5 1 1 1
4 P_7 186 186 0.5 0.5 0.5 1 1 1
4 P_7 187 187 0 0 0 1 1 1
4 P_7 188 188 0 0 0 1 1 1
4 P_7 189 189 0 0 0 1 1 1
4 P_7 190 190 0 0 0 1 1 1
4 P_7 191 191 0 0 0 1 1 1
4 P_7 192 192 0.5 0.5 0.5 1 1 1
4 P_7 193 193 0 0 0 1 1 1
4 P_7 194 194 0 0 0 1 1 1
4 P_7 195 195 0 0 0 1 1 1
4 P_7 196 196 0.1001635 0.17708333333333334 0.2701565 1 1 1
4 P_7 197 197 0.2695245 0.36 0.427026 1 1 1
4 P_7 198 198 0 0 0 1 1 1
4 P_7 199 199 0.106106 0.17857142857142858 0.264752 1 1 1
4 P_7 200 200 0 0 0 1 1 1
4 P_7 201 201 0.5 0.5 0.5 1 1 1
4 P_7 202 202 0 0 0 1 1 1
4 P_7 203 203 0.5 0.5 0.5 1 1 1
4 P_7 204 204 0 0 0 1 1 1
4 P_7 205 205 0.330568 0.425 0.4738545 1 1 1
4 P_7 206 206 0 0 0 1 1 1
4 P_7 207 207 0 0 0 1 1 1
4 P_7 208 208 0 0 0 1 1 1
4 P_7 209 209 0.5 0.5 0.5 1 1 1
4 P_7 210 210 0 0 0 1 1 1
4 P_7 211 211 0 0 0 1 1 1
4 P_7 212 212 0.0639725 0.13043478260869565 0.2244135 1 1 1
4 P_7 213 213 0.1109945 0.19148936170212766 0.285203 1 1 1
4 P_7 214 214 0 0 0 1 1 1
4 P_7 215 215 0 0 0 1 1 1
4 P_7 216 216 0 0 0 1 1 1
4 P_7 217 217 0 0 0 1 1 1
4 P_7 218 218 0 0 0 1 1 1
4 P_7 219 219 0 0 0 1 1 1
4 P_7 220 220 0.5 0.5 0.5 1 1 1
4 P_7 221 221 0 0 0 1 1 1
4 P_7 222 222 0 0 0 1 1 1
4 P_7 223 223 0 0 0 1 1 1
4 P_7 224 224 0.0771255 0.1511627906976744 0.2494105 1 1 1
4 P_7 225 225 0 0 0 1 1 1
4 P_7 226 226 0 0 0 1 1 1
4 P_7 227 227 0 0 0 1 1 1
4 P_7 228 228 0 0 0 1 1 1
4 P_7 229 229 0.5 0.5 0.5 1 1 1
4 P_7 230 230 0 0 0 1 1 1
4 P_7 231 231 0.5 0.5 0.5 1 1 1
4 P_7 232 232 0.280111 0.37 0.434315 1 1 1
4 P_7 233 233 0.31754 0.4 0.4532335 1 1 1
4 P_7 234 234 0.0287382 0.07142857142857142 0.148264 1 1 1
4 P_7 235 235 0.5 0.5 0.5 1 1 1
4 P_7 236 236 0 0 0 1 1 1
4 P_7 237 237 0 0 0 1 1 1
4 P_7 238 238 0 0 0 1 1 1
4 P_7 239 239 0.09351 0.16101694915254236 0.2447925 1 1 1
4 P_7 240 240 0 0 0 1 1 1
4 P_7 241 241 0 0 0 1 1 1
4 P_7 242 242 0.5 0.5 0.5 1 1 1
4 P_7 243 243 0 0 0 1 1 1
4 P_7 244 244 0 0 0 1 1 1
4 P_7 245 245 0 0 0 1 1 1
4 P_7 246 246 0 0 0 1 1 1
4 P_7 247 247 0.5 0.5 0.5 1 1 1
4 P_7 248 248 0 0 0 1 1 1
4 P_7 249 249 0 0 0 1 1 1
4 P_7 250 250 0 0 0 1 1 1
4 P_7 251 251 0 0 0 1 1 1
4 P_7 252 252 0.2550085 0.3469387755102041 0.417808 1 1 1
4 P_7 253 253 0.0980585 0.18421052631578946 0.2884055 1 1 1
4 P_7 254 254 0.5 0.5 0.5 1 1 1
4 P_7 255 255 0.064717 0.125 0.2092585 1 1 1
4 P_7 256 256 0.2455985 0.3333333333333333 0.4045185 1 1 1
4 P_7 257 257 0 0 0 1 1 1
4 P_7 258 258 0 0 0 1 1 1
4 P_7 259 259 0 0 0 1 1 1
4 P_7 260 260 0 0 0 1 1 1
4 P_7 261 261 0 0 0 1 1 1
4 P_7 262 262 0 0 0 1 1 1
4 P_7 263 263 0 0 0 1 1 1
4 P_7 264 264 0 0 0 1 1 1
4 P_7 265 265 0 0 0 1 1 1
4 P_7 266 266 0 0 0 1 1 1
4 P_7 267 267 0 0 0 1 1 1
4 P_7 268 268 0 0 0 1 1 1
4 P_7 269 269 0 0 0 1 1 1
4 P_7 270 270 0 0 0 1 1 1
4 P_7 271 271 0.5 0.5 0.5 1 1 1
4 P_7 272 272 0.0520065 0.10714285714285714 0.189661 1 1 1
4 P_7 273 273 0 0 0 1 1 1
4 P_7 274 274 0 0 0 1 1 1
4 P_7 275 275 0 0 0 1 1 1
4 P_7 276 276 0 0 0 1 1 1
4 P_7 277 277 0 0 0 1 1 1
4 P_7 278 278 0 0 0 1 1 1
4 P_7 279 279 0 0 0 1 1 1
4 P_7 280 280 0.5 0.5 0.5 1 1 1
4 P_7 281 281 0.122388 0.20930232558139536 0.3061945 1 1 1
4 P_7 282 282 0.220312 0.31521739130434784 0.3950955 1 1 1
4 P_7 283 283 0.061254 0.11864406779661017 0.200025 1 1 1
4 P_7 284 284 0.3034985 0.38596491228070173 0.44279 1 1 1
4 P_7 285 285 0 0 0 1 1 1
4 P_7 286 286 0 0 0 1 1 1
4 P_7 287 287 0 0 0 1 1 1
4 P_7 288 288 0.2723955 0.3645833333333333 0.43141 1 1 1
4 P_7 289 289 0 0 0 1 1 1
4 P_7 290 290 0 0 0 1 1 1
4 P_7 291 291 0 0 0 1 1 1
4 P_7 292 292 0 0 0 1 1 1
4 P_7 293 293 0.5 0.5 0.5 1 1 1
4 P_7 294 294 0.109179 0.1810344827586207 0.2657055 1 1 1
4 P_7 295 295 0 0 0 1 1 1
4 P_7 296 296 0.31622 0.4019607843137255 0.4559485 1 1 1
4 P_7 297 297 0 0 0 1 1 1
4 P_7 298 298 0 0 0 1 1 1
4 P_7 299 299 0.0605625 0.12790697674418605 0.2251365 1 1 1
4 P_7 300 300 0 0 0 1 1 1
