5 #m
441 #n
0 P_2 0 0 0.309048 0.3153 0.321477 1 1 1
0 P_2 1 1 0.0515175 0.05545 0.0596065 1 1 1
0 P_2 2 2 0 0 0 1 1 1
0 P_2 3 3 0 0 0 1 1 1
0 P_2 4 4 0 0 0 1 1 1
0 P_2 5 5 0 0 0 1 1 1
0 P_2 6 6 0 0 0 1 1 1
0 P_2 7 7 0 0 0 1 1 1
0 P_2 8 8 0 0 0 1 1 1
0 P_2 9 9 0 0 0 1 1 1
0 P_2 10 10 0 0 0 1 1 1
0 P_2 11 11 0 0 0 1 1 1
0 P_2 12 12 0.309048 0.3153 0.321477 1 1 1
0 P_2 13 13 0.0515175 0.05545 0.0596065 1 1 1
0 P_2 14 14 0 0 0 1 1 1
0 P_2 15 15 0.309048 0.3153 0.321477 1 1 1
0 P_2 16 16 0 0 0 1 1 1
0 P_2 17 17 0 0 0 1 1 1
0 P_2 18 18 0 0 0 1 1 1
0 P_2 19 19 0.123731 0.1293 0.135008 1 1 1
0 P_2 20 20 0.0515175 0.05545 0.0596065 1 1 1
0 P_2 21 21 0.0515175 0.05545 0.0596065 1 1 1
0 P_2 22 22 0.0515175 0.05545 0.0596065 1 1 1
0 P_2 23 23 0.440445 0.4446 0.448531 1 1 1
0 P_2 24 24 0.0515175 0.05545 0.0596065 1 1 1
0 P_2 25 25 0 0 0 1 1 1
0 P_2 26 26 0 0 0 1 1 1
0 P_2 27 27 0.123731 0.1293 0.135008 1 1 1
0 P_2 28 28 0 0 0 1 1 1
0 P_2 29 29 0 0 0 1 1 1
0 P_2 30 30 0.309048 0.3153 0.321477 1 1 1
0 P_2 31 31 0 0 0 1 1 1
0 P_2 32 32 0.309048 0.3153 0.321477 1 1 1
0 P_2 33 33 0.0515175 0.05545 0.0596065 1 1 1
0 P_2 34 34 0.309048 0.3153 0.321477 1 1 1
0 P_2 35 35 0.123731 0.1293 0.135008 1 1 1
0 P_2 36 36 0.0515175 0.05545 0.0596065 1 1 1
0 P_2 37 37 0.0515175 0.05545 0.0596065 1 1 1
0 P_2 38 38 0 0 0 1 1 1
0 P_2 39 39 0 0 0 1 1 1
0 P_2 40 40 0 0 0 1 1 1
0 P_2 41 41 0.123731 0.1293 0.135008 1 1 1
0 P_2 42 42 0 0 0 1 1 1
0 P_2 43 43 0.309048 0.3153 0.321477 1 1 1
0 P_2 44 44 0 0 0 1 1 1
0 P_2 45 45 0 0 0 1 1 1
0 P_2 46 46 0.123731 0.1293 0.135008 1 1 1
0 P_2 47 47 0 0 0 1 1 1
0 P_2 48 48 0 0 0 1 1 1
0 P_2 49 49 0 0 0 1 1 1
0 P_2 50 50 0.0515175 0.05545 0.0596065 1 1 1
0 P_2 51 51 0 0 0 1 1 1
0 P_2 52 52 0.0515175 0.05545 0.0596065 1 1 1
0 P_2 53 53 0 0 0 1 1 1
0 P_2 54 54 0.0515175 0.05545 0.0596065 1 1 1
0 P_2 55 55 0.309048 0.3153 0.321477 1 1 1
0 P_2 56 56 0 0 0 1 1 1
0 P_2 57 57 0.123731 0.1293 0.135008 1 1 1
0 P_2 58 58 0 0 0 1 1 1
0 P_2 59 59 0 0 0 1 1 1
0 P_2 60 60 0.309048 0.3153 0.321477 1 1 1
0 P_2 61 61 0.0515175 0.05545 0.0596065 1 1 1
0 P_2 62 62 0 0 0 1 1 1
0 P_2 63 63 0.0515175 0.05545 0.0596065 1 1 1
0 P_2 64 64 0.123731 0.1293 0.135008 1 1 1
0 P_2 65 65 0.123731 0.1293 0.135008 1 1 1
0 P_2 66 66 0 0 0 1 1 1
0 P_2 67 67 0 0 0 1 1 1
0 P_2 68 68 0 0 0 1 1 1
0 P_2 69 69 0 0 0 1 1 1
0 P_2 70 70 0 0 0 1 1 1
0 P_2 71 71 0 0 0 1 1 1
0 P_2 72 72 0.309048 0.3153 0.321477 1 1 1
0 P_2 73 73 0 0 0 1 1 1
0 P_2 74 74 0.0515175 0.05545 0.0596065 1 1 1
0 P_2 75 75 0 0 0 1 1 1
0 P_2 76 76 0 0 0 1 1 1
0 P_2 77 77 0 0 0 1 1 1
0 P_2 78 78 0 0 0 1 1 1
0 P_2 79 79 0.0515175 0.05545 0.0596065 1 1 1
0 P_2 80 80 0 0 0 1 1 1
0 P_2 81 81 0 0 0 1 1 1
0 P_2 82 82 0.123731 0.1293 0.135008 1 1 1
0 P_2 83 83 0 0 0 1 1 1
0 P_2 84 84 0.440445 0.4446 0.448531 1 1 1
0 P_2 85 85 0 0 0 1 1 1
0 P_2 86 86 0.0515175 0.05545 0.0596065 1 1 1
0 P_2 87 87 0 0 0 1 1 1
0 P_2 88 88 0 0 0 1 1 1
0 P_2 89 89 0.0515175 0.05545 0.0596065 1 1 1
0 P_2 90 90 0.0515175 0.05545 0.0596065 1 1 1
0 P_2 91 91 0 0 0 1 1 1
0 P_2 92 92 0 0 0 1 1 1
0 P_2 93 93 0.0515175 0.05545 0.0596065 1 1 1
0 P_2 94 94 0.0515175 0.05545 0.0596065 1 1 1
0 P_2 95 95 0.0515175 0.05545 0.0596065 1 1 1
0 P_2 96 96 0 0 0 1 1 1
0 P_2 97 97 0 0 0 1 1 1
0 P_2 98 98 0.440445 0.4446 0.448531 1 1 1
0 P_2 99 99 0 0 0 1 1 1
0 P_2 100 100 0.0515175 0.05545 0.0596065 1 1 1
0 P_2 101 101 0.123731 0.1293 0.135008 1 1 1
0 P_2 102 102 0 0 0 1 1 1
0 P_2 103 103 0 0 0 1 1 1
0 P_2 104 104 0 0 0 1 1 1
0 P_2 105 105 0 0 0 1 1 1
0 P_2 106 106 0 0 0 1 1 1
0 P_2 107 107 0.309048 0.3153 0.321477 1 1 1
0 P_2 108 108 0 0 0 1 1 1
0 P_2 109 109 0.440445 0.4446 0.448531 1 1 1
0 P_2 110 110 0 0 0 1 1 1
0 P_2 111 111 0 0 0 1 1 1
0 P_2 112 112 0 0 0 1 1 1
0 P_2 113 113 0.0515175 0.05545 0.0596065 1 1 1
0 P_2 114 114 0 0 0 1 1 1
0 P_2 115 115 0 0 0 1 1 1
0 P_2 116 116 0 0 0 1 1 1
0 P_2 117 117 0 0 0 1 1 1
0 P_2 118 118 0 0 0 1 1 1
0 P_2 119 119 0 0 0 1 1 1
0 P_2 120 120 0 0 0 1 1 1
0 P_2 121 121 0.0515175 0.05545 0.0596065 1 1 1
0 P_2 122 122 0 0 0 1 1 1
0 P_2 123 123 0.0515175 0.05545 0.0596065 1 1 1
0 P_2 124 124 0 0 0 1 1 1
0 P_2 125 125 0 0 0 1 1 1
0 P_2 126 126 0.440445 0.4446 0.448531 1 1 1
0 P_2 127 127 0 0 0 1 1 1
0 P_2 128 128 0 0 0 1 1 1
0 P_2 129 129 0 0 0 1 1 1
0 P_2 130 130 0 0 0 1 1 1
0 P_2 131 131 0.0515175 0.05545 0.0596065 1 1 1
0 P_2 132 132 0 0 0 1 1 1
0 P_2 133 133 0 0 0 1 1 1
0 P_2 134 134 0.0515175 0.05545 0.0596065 1 1 1
0 P_2 135 135 0.123731 0.1293 0.135008 1 1 1
0 P_2 136 136 0 0 0 1 1 1
0 P_2 137 137 0 0 0 1 1 1
0 P_2 138 138 0.0515175 0.05545 0.0596065 1 1 1
0 P_2 139 139 0.123731 0.1293 0.135008 1 1 1
0 P_2 140 140 0 0 0 1 1 1
0 P_2 141 141 0 0 0 1 1 1
0 P_2 142 142 0.0515175 0.05545 0.0596065 1 1 1
0 P_2 143 143 0 0 0 1 1 1
0 P_2 144 144 0.0515175 0.05545 0.0596065 1 1 1
0 P_2 145 145 0.0515175 0.05545 0.0596065 1 1 1
0 P_2 146 146 0 0 0 1 1 1
0 P_2 147 147 0 0 0 1 1 1
0 P_2 148 148 0.0515175 0.05545 0.0596065 1 1 1
0 P_2 149 149 0 0 0 1 1 1
0 P_2 150 150 0 0 0 1 1 1
0 P_2 151 151 0.0515175 0.05545 0.0596065 1 1 1
0 P_2 152 152 0 0 0 1 1 1
0 P_2 153 153 0 0 0 1 1 1
0 P_2 154 154 0.0515175 0.05545 0.0596065 1 1 1
0 P_2 155 155 0 0 0 1 1 1
0 P_2 156 156 0 0 0 1 1 1
0 P_2 157 157 0 0 0 1 1 1
0 P_2 158 158 0.0515175 0.05545 0.0596065 1 1 1
0 P_2 159 159 0.0515175 0.05545 0.0596065 1 1 1
0 P_2 160 160 0.0515175 0.05545 0.0596065 1 1 1
0 P_2 161 161 0.0515175 0.05545 0.0596065 1 1 1
0 P_2 162 162 0 0 0 1 1 1
0 P_2 163 163 0 0 0 1 1 1
0 P_2 164 164 0.309048 0.3153 0.321477 1 1 1
0 P_2 165 165 0 0 0 1 1 1
0 P_2 166 166 0 0 0 1 1 1
0 P_2 167 167 0.0515175 0.05545 0.0596065 1 1 1
0 P_2 168 168 0 0 0 1 1 1
0 P_2 169 169 0 0 0 1 1 1
0 P_2 170 170 0 0 0 1 1 1
0 P_2 171 171 0 0 0 1 1 1
0 P_2 172 172 0 0 0 1 1 1
0 P_2 173 173 0 0 0 1 1 1
0 P_2 174 174 0.309048 0.3153 0.321477 1 1 1
0 P_2 175 175 0 0 0 1 1 1
0 P_2 176 176 0.0515175 0.05545 0.0596065 1 1 1
0 P_2 177 177 0 0 0 1 1 1
0 P_2 178 178 0 0 0 1 1 1
0 P_2 179 179 0.0515175 0.05545 0.0596065 1 1 1
0 P_2 180 180 0 0 0 1 1 1
0 P_2 181 181 0 0 0 1 1 1
0 P_2 182 182 0 0 0 1 1 1
0 P_2 183 183 0.0515175 0.05545 0.0596065 1 1 1
0 P_2 184 184 0 0 0 1 1 1
0 P_2 185 185 0 0 0 1 1 1
0 P_2 186 186 0.309048 0.3153 0.321477 1 1 1
0 P_2 187 187 0 0 0 1 1 1
0 P_2 188 188 0.123731 0.1293 0.135008 1 1 1
0 P_2 189 189 0 0 0 1 1 1
0 P_2 190 190 0 0 0 1 1 1
0 P_2 191 191 0.0515175 0.05545 0.0596065 1 1 1
0 P_2 192 192 0.0515175 0.05545 0.0596065 1 1 1
0 P_2 193 193 0 0 0 1 1 1
0 P_2 194 194 0 0 0 1 1 1
0 P_2 195 195 0 0 0 1 1 1
0 P_2 196 196 0.309048 0.3153 0.321477 1 1 1
0 P_2 197 197 0.0515175 0.05545 0.0596065 1 1 1
0 P_2 198 198 0 0 0 1 1 1
0 P_2 199 199 0 0 0 1 1 1
0 P_2 200 200 0 0 0 1 1 1
0 P_2 201 201 0.123731 0.1293 0.135008 1 1 1
0 P_2 202 202 0.0515175 0.05545 0.0596065 1 1 1
0 P_2 203 203 0.123731 0.1293 0.135008 1 1 1
0 P_2 204 204 0 0 0 1 1 1
0 P_2 205 205 0 0 0 1 1 1
0 P_2 206 206 0 0 0 1 1 1
0 P_2 207 207 0.123731 0.1293 0.135008 1 1 1
0 P_2 208 208 0.0515175 0.05545 0.0596065 1 1 1
0 P_2 209 209 0 0 0 1 1 1
0 P_2 210 210 0.0515175 0.05545 0.0596065 1 1 1
0 P_2 211 211 0 0 0 1 1 1
0 P_2 212 212 0 0 0 1 1 1
0 P_2 213 213 0 0 0 1 1 1
0 P_2 214 214 0 0 0 1 1 1
0 P_2 215 215 0 0 0 1 1 1
0 P_2 216 216 0.0515175 0.05545 0.0596065 1 1 1
0 P_2 217 217 0 0 0 1 1 1
0 P_2 218 218 0.309048 0.3153 0.321477 1 1 1
0 P_2 219 219 0 0 0 1 1 1
0 P_2 220 220 0 0 0 1 1 1
0 P_2 221 221 0.440445 0.4446 0.448531 1 1 1
0 P_2 222 222 0 0 0 1 1 1
0 P_2 223 223 0.123731 0.1293 0.135008 1 1 1
0 P_2 224 224 0.123731 0.1293 0.135008 1 1 1
0 P_2 225 225 0.0515175 0.05545 0.0596065 1 1 1
0 P_2 226 226 0 0 0 1 1 1
0 P_2 227 227 0 0 0 1 1 1
0 P_2 228 228 0 0 0 1 1 1
0 P_2 229 229 0.0515175 0.05545 0.0596065 1 1 1
0 P_2 230 230 0 0 0 1 1 1
0 P_2 231 231 0 0 0 1 1 1
0 P_2 232 232 0.0515175 0.05545 0.0596065 1 1 1
0 P_2 233 233 0 0 0 1 1 1
0 P_2 234 234 0.123731 0.1293 0.135008 1 1 1
0 P_2 235 235 0 0 0 1 1 1
0 P_2 236 236 0.123731 0.1293 0.135008 1 1 1
0 P_2 237 237 0 0 0 1 1 1
0 P_2 238 238 0.123731 0.1293 0.135008 1 1 1
0 P_2 239 239 0.309048 0.3153 0.321477 1 1 1
0 P_2 240 240 0 0 0 1 1 1
0 P_2 241 241 0 0 0 1 1 1
0 P_2 242 242 0 0 0 1 1 1
0 P_2 243 243 0.0515175 0.05545 0.0596065 1 1 1
0 P_2 244 244 0 0 0 1 1 1
0 P_2 245 245 0.0515175 0.05545 0.0596065 1 1 1
0 P_2 246 246 0 0 0 1 1 1
0 P_2 247 247 0.0515175 0.05545 0.0596065 1 1 1
0 P_2 248 248 0.0515175 0.05545 0.0596065 1 1 1
0 P_2 249 249 0 0 0 1 1 1
0 P_2 250 250 0.0515175 0.05545 0.0596065 1 1 1
0 P_2 251 251 0 0 0 1 1 1
0 P_2 252 252 0 0 0 1 1 1
0 P_2 253 253 0 0 0 1 1 1
0 P_2 254 254 0.123731 0.1293 0.135008 1 1 1
0 P_2 255 255 0 0 0 1 1 1
0 P_2 256 256 0 0 0 1 1 1
0 P_2 257 257 0.0515175 0.05545 0.0596065 1 1 1
0 P_2 258 258 0.0515175 0.05545 0.0596065 1 1 1
0 P_2 259 259 0.123731 0.1293 0.135008 1 1 1
0 P_2 260 260 0 0 0 1 1 1
0 P_2 261 261 0 0 0 1 1 1
0 P_2 262 262 0.309048 0.3153 0.321477 1 1 1
0 P_2 263 263 0.0515175 0.05545 0.0596065 1 1 1
0 P_2 264 264 0 0 0 1 1 1
0 P_2 265 265 0 0 0 1 1 1
0 P_2 266 266 0 0 0 1 1 1
0 P_2 267 267 0.0515175 0.05545 0.0596065 1 1 1
0 P_2 268 268 0.0515175 0.05545 0.0596065 1 1 1
0 P_2 269 269 0 0 0 1 1 1
0 P_2 270 270 0 0 0 1 1 1
0 P_2 271 271 0 0 0 1 1 1
0 P_2 272 272 0 0 0 1 1 1
0 P_2 273 273 0 0 0 1 1 1
0 P_2 274 274 0 0 0 1 1 1
0 P_2 275 275 0 0 0 1 1 1
0 P_2 276 276 0.0515175 0.05545 0.0596065 1 1 1
0 P_2 277 277 0 0 0 1 1 1
0 P_2 278 278 0.0515175 0.05545 0.0596065 1 1 1
0 P_2 279 279 0 0 0 1 1 1
0 P_2 280 280 0.123731 0.1293 0.135008 1 1 1
0 P_2 281 281 0.123731 0.1293 0.135008 1 1 1
0 P_2 282 282 0.0515175 0.05545 0.0596065 1 1 1
0 P_2 283 283 0 0 0 1 1 1
0 P_2 284 284 0 0 0 1 1 1
0 P_2 285 285 0 0 0 1 1 1
0 P_2 286 286 0 0 0 1 1 1
0 P_2 287 287 0 0 0 1 1 1
0 P_2 288 288 0.0515175 0.05545 0.0596065 1 1 1
0 P_2 289 289 0.123731 0.1293 0.135008 1 1 1
0 P_2 290 290 0.123731 0.1293 0.135008 1 1 1
0 P_2 291 291 0 0 0 1 1 1
0 P_2 292 292 0.123731 0.1293 0.135008 1 1 1
0 P_2 293 293 0.309048 0.3153 0.321477 1 1 1
0 P_2 294 294 0 0 0 1 1 1
0 P_2 295 295 0 0 0 1 1 1
0 P_2 296 296 0 0 0 1 1 1
0 P_2 297 297 0.123731 0.1293 0.135008 1 1 1
0 P_2 298 298 0.0515175 0.05545 0.0596065 1 1 1
0 P_2 299 299 0 0 0 1 1 1
0 P_2 300 300 0.123731 0.1293 0.135008 1 1 1
0 P_2 301 301 0 0 0 1 1 1
0 P_2 302 302 0.123731 0.1293 0.135008 1 1 1
0 P_2 303 303 0.309048 0.3153 0.321477 1 1 1
0 P_2 304 304 0 0 0 1 1 1
0 P_2 305 305 0 0 0 1 1 1
0 P_2 306 306 0 0 0 1 1 1
0 P_2 307 307 0.123731 0.1293 0.135008 1 1 1
0 P_2 308 308 0 0 0 1 1 1
0 P_2 309 309 0 0 0 1 1 1
0 P_2 310 310 0 0 0 1 1 1
0 P_2 311 311 0 0 0 1 1 1
0 P_2 312 312 0 0 0 1 1 1
0 P_2 313 313 0 0 0 1 1 1
0 P_2 314 314 0 0 0 1 1 1
0 P_2 315 315 0 0 0 1 1 1
0 P_2 316 316 0 0 0 1 1 1
0 P_2 317 317 0.440445 0.4446 0.448531 1 1 1
0 P_2 318 318 0 0 0 1 1 1
0 P_2 319 319 0 0 0 1 1 1
0 P_2 320 320 0 0 0 1 1 1
0 P_2 321 321 0 0 0 1 1 1
0 P_2 322 322 0 0 0 1 1 1
0 P_2 323 323 0.0515175 0.05545 0.0596065 1 1 1
0 P_2 324 324 0 0 0 1 1 1
0 P_2 325 325 0 0 0 1 1 1
0 P_2 326 326 0 0 0 1 1 1
0 P_2 327 327 0 0 0 1 1 1
0 P_2 328 328 0 0 0 1 1 1
0 P_2 329 329 0.309048 0.3153 0.321477 1 1 1
0 P_2 330 330 0 0 0 1 1 1
0 P_2 331 331 0 0 0 1 1 1
0 P_2 332 332 0.0515175 0.05545 0.0596065 1 1 1
0 P_2 333 333 0.309048 0.3153 0.321477 1 1 1
0 P_2 334 334 0 0 0 1 1 1
0 P_2 335 335 0 0 0 1 1 1
0 P_2 336 336 0 0 0 1 1 1
0 P_2 337 337 0.309048 0.3153 0.321477 1 1 1
0 P_2 338 338 0.123731 0.1293 0.135008 1 1 1
0 P_2 339 339 0 0 0 1 1 1
0 P_2 340 340 0.123731 0.1293 0.135008 1 1 1
0 P_2 341 341 0 0 0 1 1 1
0 P_2 342 342 0.123731 0.1293 0.135008 1 1 1
0 P_2 343 343 0 0 0 1 1 1
0 P_2 344 344 0 0 0 1 1 1
0 P_2 345 345 0 0 0 1 1 1
0 P_2 346 346 0 0 0 1 1 1
0 P_2 347 347 0 0 0 1 1 1
0 P_2 348 348 0.0515175 0.05545 0.0596065 1 1 1
0 P_2 349 349 0 0 0 1 1 1
0 P_2 350 350 0 0 0 1 1 1
0 P_2 351 351 0.123731 0.1293 0.135008 1 1 1
0 P_2 352 352 0 0 0 1 1 1
0 P_2 353 353 0 0 0 1 1 1
0 P_2 354 354 0 0 0 1 1 1
0 P_2 355 355 0 0 0 1 1 1
0 P_2 356 356 0 0 0 1 1 1
0 P_2 357 357 0.0515175 0.05545 0.0596065 1 1 1
0 P_2 358 358 0.309048 0.3153 0.321477 1 1 1
0 P_2 359 359 0 0 0 1 1 1
0 P_2 360 360 0 0 0 1 1 1
0 P_2 361 361 0 0 0 1 1 1
0 P_2 362 362 0 0 0 1 1 1
0 P_2 363 363 0 0 0 1 1 1
0 P_2 364 364 0 0 0 1 1 1
0 P_2 365 365 0.0515175 0.05545 0.0596065 1 1 1
0 P_2 366 366 0 0 0 1 1 1
0 P_2 367 367 0 0 0 1 1 1
0 P_2 368 368 0 0 0 1 1 1
0 P_2 369 369 0.440445 0.4446 0.448531 1 1 1
0 P_2 370 370 0 0 0 1 1 1
0 P_2 371 371 0 0 0 1 1 1
0 P_2 372 372 0 0 0 1 1 1
0 P_2 373 373 0.0515175 0.05545 0.0596065 1 1 1
0 P_2 374 374 0.309048 0.3153 0.321477 1 1 1
0 P_2 375 375 0.0515175 0.05545 0.0596065 1 1 1
0 P_2 376 376 0.440445 0.4446 0.448531 1 1 1
0 P_2 377 377 0.0515175 0.05545 0.0596065 1 1 1
0 P_2 378 378 0.0515175 0.05545 0.0596065 1 1 1
0 P_2 379 379 0.0515175 0.05545 0.0596065 1 1 1
0 P_2 380 380 0 0 0 1 1 1
0 P_2 381 381 0.0515175 0.05545 0.0596065 1 1 1
0 P_2 382 382 0 0 0 1 1 1
0 P_2 383 383 0 0 0 1 1 1
0 P_2 384 384 0 0 0 1 1 1
0 P_2 385 385 0 0 0 1 1 1
0 P_2 386 386 0.0515175 0.05545 0.0596065 1 1 1
0 P_2 387 387 0 0 0 1 1 1
0 P_2 388 388 0 0 0 1 1 1
0 P_2 389 389 0 0 0 1 1 1
0 P_2 390 390 0.309048 0.3153 0.321477 1 1 1
0 P_2 391 391 0.123731 0.1293 0.135008 1 1 1
0 P_2 392 392 0 0 0 1 1 1
0 P_2 393 393 0.0515175 0.05545 0.0596065 1 1 1
0 P_2 394 394 0 0 0 1 1 1
0 P_2 395 395 0 0 0 1 1 1
0 P_2 396 396 0 0 0 1 1 1
0 P_2 397 397 0 0 0 1 1 1
0 P_2 398 398 0 0 0 1 1 1
0 P_2 399 399 0.5 0.5 0.5 1 1 1
0 P_2 400 400 0 0 0 1 1 1
0 P_2 401 401 0.0515175 0.05545 0.0596065 1 1 1
0 P_2 402 402 0.309048 0.3153 0.321477 1 1 1
0 P_2 403 403 0 0 0 1 1 1
0 P_2 404 404 0.0515175 0.05545 0.0596065 1 1 1
0 P_2 405 405 0.0515175 0.05545 0.0596065 1 1 1
0 P_2 406 406 0.309048 0.3153 0.321477 1 1 1
0 P_2 407 407 0.309048 0.3153 0.321477 1 1 1
0 P_2 408 408 0.0515175 0.05545 0.0596065 1 1 1
0 P_2 409 409 0 0 0 1 1 1
0 P_2 410 410 0.0515175 0.05545 0.0596065 1 1 1
0 P_2 411 411 0 0 0 1 1 1
0 P_2 412 412 0 0 0 1 1 1
0 P_2 413 413 0 0 0 1 1 1
0 P_2 414 414 0.0515175 0.05545 0.0596065 1 1 1
0 P_2 415 415 0.309048 0.3153 0.321477 1 1 1
0 P_2 416 416 0 0 0 1 1 1
0 P_2 417 417 0 0 0 1 1 1
0 P_2 418 418 0 0 0 1 1 1
0 P_2 419 419 0 0 0 1 1 1
0 P_2 420 420 0 0 0 1 1 1
0 P_2 421 421 0 0 0 1 1 1
0 P_2 422 422 0.123731 0.1293 0.135008 1 1 1
0 P_2 423 423 0 0 0 1 1 1
0 P_2 424 424 0 0 0 1 1 1
0 P_2 425 425 0.123731 0.1293 0.135008 1 1 1
0 P_2 426 426 0 0 0 1 1 1
0 P_2 427 427 0.440445 0.4446 0.448531 1 1 1
0 P_2 428 428 0 0 0 1 1 1
0 P_2 429 429 0.123731 0.1293 0.135008 1 1 1
0 P_2 430 430 0 0 0 1 1 1
0 P_2 431 431 0.0515175 0.05545 0.0596065 1 1 1
0 P_2 432 432 0.0515175 0.05545 0.0596065 1 1 1
0 P_2 433 433 0 0 0 1 1 1
0 P_2 434 434 0 0 0 1 1 1
0 P_2 435 435 0 0 0 1 1 1
0 P_2 436 436 0 0 0 1 1 1
0 P_2 437 437 0 0 0 1 1 1
0 P_2 438 438 0.0515175 0.05545 0.0596065 1 1 1
0 P_2 439 439 0 0 0 1 1 1
0 P_2 440 440 0 0 0 1 1 1
1 P_9 0 0 0 0 0 1 1 1
1 P_9 1 1 0 0 0 1 1 1
1 P_9 2 2 0.070161 0.07465 0.0793405 1 1 1
1 P_9 3 3 0 0 0 1 1 1
1 P_9 4 4 0 0 0 1 1 1
1 P_9 5 5 0 0 0 1 1 1
1 P_9 6 6 0.1583505 0.16435 0.170448 1 1 1
1 P_9 7 7 0 0 0 1 1 1
1 P_9 8 8 0 0 0 1 1 1
1 P_9 9 9 0.1583505 0.16435 0.170448 1 1 1
1 P_9 10 10 0.1583505 0.16435 0.170448 1 1 1
1 P_9 11 11 0.1583505 0.16435 0.170448 1 1 1
1 P_9 12 12 0 0 0 1 1 1
1 P_9 13 13 0 0 0 1 1 1
1 P_9 14 14 0 0 0 1 1 1
1 P_9 15 15 0 0 0 1 1 1
1 P_9 16 16 0.1583505 0.16435 0.170448 1 1 1
1 P_9 17 17 0 0 0 1 1 1
1 P_9 18 18 0 0 0 1 1 1
1 P_9 19 19 0.254662 0.2611 0.2675255 1 1 1
1 P_9 20 20 0 0 0 1 1 1
1 P_9 21 21 0 0 0 1 1 1
1 P_9 22 22 0 0 0 1 1 1
1 P_9 23 23 0.4207105 0.4254 0.4298875 1 1 1
1 P_9 24 24 0 0 0 1 1 1
1 P_9 25 25 0 0 0 1 1 1
1 P_9 26 26 0 0 0 1 1 1
1 P_9 27 27 0.254662 0.2611 0.2675255 1 1 1
1 P_9 28 28 0 0 0 1 1 1
1 P_9 29 29 0.070161 0.07465 0.0793405 1 1 1
1 P_9 30 30 0 0 0 1 1 1
1 P_9 31 31 0.070161 0.07465 0.0793405 1 1 1
1 P_9 32 32 0 0 0 1 1 1
1 P_9 33 33 0 0 0 1 1 1
1 P_9 34 34 0 0 0 1 1 1
1 P_9 35 35 0.254662 0.2611 0.2675255 1 1 1
1 P_9 36 36 0 0 0 1 1 1
1 P_9 37 37 0 0 0 1 1 1
1 P_9 38 38 0.070161 0.07465 0.0793405 1 1 1
1 P_9 39 39 0.1583505 0.16435 0.170448 1 1 1
1 P_9 40 40 0 0 0 1 1 1
1 P_9 41 41 0.254662 0.2611 0.2675255 1 1 1
1 P_9 42 42 0 0 0 1 1 1
1 P_9 43 43 0 0 0 1 1 1
1 P_9 44 44 0.070161 0.07465 0.0793405 1 1 1
1 P_9 45 45 0.070161 0.07465 0.0793405 1 1 1
1 P_9 46 46 0.254662 0.2611 0.2675255 1 1 1
1 P_9 47 47 0 0 0 1 1 1
1 P_9 48 48 0 0 0 1 1 1
1 P_9 49 49 0.070161 0.07465 0.0793405 1 1 1
1 P_9 50 50 0 0 0 1 1 1
1 P_9 51 51 0.070161 0.07465 0.0793405 1 1 1
1 P_9 52 52 0 0 0 1 1 1
1 P_9 53 53 0 0 0 1 1 1
1 P_9 54 54 0 0 0 1 1 1
1 P_9 55 55 0 0 0 1 1 1
1 P_9 56 56 0 0 0 1 1 1
1 P_9 57 57 0.254662 0.2611 0.2675255 1 1 1
1 P_9 58 58 0 0 0 1 1 1
1 P_9 59 59 0 0 0 1 1 1
1 P_9 60 60 0 0 0 1 1 1
1 P_9 61 61 0 0 0 1 1 1
1 P_9 62 62 0.1583505 0.16435 0.170448 1 1 1
1 P_9 63 63 0 0 0 1 1 1
1 P_9 64 64 0.4207105 0.4254 0.4298875 1 1 1
1 P_9 65 65 0.4207105 0.4254 0.4298875 1 1 1
1 P_9 66 66 0 0 0 1 1 1
1 P_9 67 67 0 0 0 1 1 1
1 P_9 68 68 0 0 0 1 1 1
1 P_9 69 69 0.1583505 0.16435 0.170448 1 1 1
1 P_9 70 70 0 0 0 1 1 1
1 P_9 71 71 0.1583505 0.16435 0.170448 1 1 1
1 P_9 72 72 0 0 0 1 1 1
1 P_9 73 73 0.1583505 0.16435 0.170448 1 1 1
1 P_9 74 74 0 0 0 1 1 1
1 P_9 75 75 0 0 0 1 1 1
1 P_9 76 76 0 0 0 1 1 1
1 P_9 77 77 0 0 0 1 1 1
1 P_9 78 78 0 0 0 1 1 1
1 P_9 79 79 0 0 0 1 1 1
1 P_9 80 80 0.1583505 0.16435 0.170448 1 1 1
1 P_9 81 81 0 0 0 1 1 1
1 P_9 82 82 0.254662 0.2611 0.2675255 1 1 1
1 P_9 83 83 0 0 0 1 1 1
1 P_9 84 84 0.4207105 0.4254 0.4298875 1 1 1
1 P_9 85 85 0.1583505 0.16435 0.170448 1 1 1
1 P_9 86 86 0 0 0 1 1 1
1 P_9 87 87 0 0 0 1 1 1
1 P_9 88 88 0 0 0 1 1 1
1 P_9 89 89 0 0 0 1 1 1
1 P_9 90 90 0 0 0 1 1 1
1 P_9 91 91 0 0 0 1 1 1
1 P_9 92 92 0 0 0 1 1 1
1 P_9 93 93 0 0 0 1 1 1
1 P_9 94 94 0 0 0 1 1 1
1 P_9 95 95 0 0 0 1 1 1
1 P_9 96 96 0 0 0 1 1 1
1 P_9 97 97 0 0 0 1 1 1
1 P_9 98 98 0.4207105 0.4254 0.4298875 1 1 1
1 P_9 99 99 0.1583505 0.16435 0.170448 1 1 1
1 P_9 100 100 0 0 0 1 1 1
1 P_9 101 101 0.4207105 0.4254 0.4298875 1 1 1
1 P_9 102 102 0 0 0 1 1 1
1 P_9 103 103 0 0 0 1 1 1
1 P_9 104 104 0.070161 0.07465 0.0793405 1 1 1
1 P_9 105 105 0 0 0 1 1 1
1 P_9 106 106 0 0 0 1 1 1
1 P_9 107 107 0 0 0 1 1 1
1 P_9 108 108 0 0 0 1 1 1
1 P_9 109 109 0.4207105 0.4254 0.4298875 1 1 1
1 P_9 110 110 0 0 0 1 1 1
1 P_9 111 111 0 0 0 1 1 1
1 P_9 112 112 0 0 0 1 1 1
1 P_9 113 113 0 0 0 1 1 1
1 P_9 114 114 0 0 0 1 1 1
1 P_9 115 115 0.1583505 0.16435 0.170448 1 1 1
1 P_9 116 116 0.1583505 0.16435 0.170448 1 1 1
1 P_9 117 117 0.070161 0.07465 0.0793405 1 1 1
1 P_9 118 118 0 0 0 1 1 1
1 P_9 119 119 0 0 0 1 1 1
1 P_9 120 120 0 0 0 1 1 1
1 P_9 121 121 0 0 0 1 1 1
1 P_9 122 122 0 0 0 1 1 1
1 P_9 123 123 0 0 0 1 1 1
1 P_9 124 124 0 0 0 1 1 1
1 P_9 125 125 0.1583505 0.16435 0.170448 1 1 1
1 P_9 126 126 0.4207105 0.4254 0.4298875 1 1 1
1 P_9 127 127 0 0 0 1 1 1
1 P_9 128 128 0 0 0 1 1 1
1 P_9 129 129 0 0 0 1 1 1
1 P_9 130 130 0 0 0 1 1 1
1 P_9 131 131 0 0 0 1 1 1
1 P_9 132 132 0 0 0 1 1 1
1 P_9 133 133 0 0 0 1 1 1
1 P_9 134 134 0 0 0 1 1 1
1 P_9 135 135 0.254662 0.2611 0.2675255 1 1 1
1 P_9 136 136 0 0 0 1 1 1
1 P_9 137 137 0 0 0 1 1 1
1 P_9 138 138 0 0 0 1 1 1
1 P_9 139 139 0.254662 0.2611 0.2675255 1 1 1
1 P_9 140 140 0.070161 0.07465 0.0793405 1 1 1
1 P_9 141 141 0 0 0 1 1 1
1 P_9 142 142 0 0 0 1 1 1
1 P_9 143 143 0 0 0 1 1 1
1 P_9 144 144 0 0 0 1 1 1
1 P_9 145 145 0 0 0 1 1 1
1 P_9 146 146 0 0 0 1 1 1
1 P_9 147 147 0 0 0 1 1 1
1 P_9 148 148 0 0 0 1 1 1
1 P_9 149 149 0 0 0 1 1 1
1 P_9 150 150 0.1583505 0.16435 0.170448 1 1 1
1 P_9 151 151 0 0 0 1 1 1
1 P_9 152 152 0.1583505 0.16435 0.170448 1 1 1
1 P_9 153 153 0.1583505 0.16435 0.170448 1 1 1
1 P_9 154 154 0 0 0 1 1 1
1 P_9 155 155 0 0 0 1 1 1
1 P_9 156 156 0.070161 0.07465 0.0793405 1 1 1
1 P_9 157 157 0.1583505 0.16435 0.170448 1 1 1
1 P_9 158 158 0 0 0 1 1 1
1 P_9 159 159 0 0 0 1 1 1
1 P_9 160 160 0 0 0 1 1 1
1 P_9 161 161 0 0 0 1 1 1
1 P_9 162 162 0 0 0 1 1 1
1 P_9 163 163 0 0 0 1 1 1
1 P_9 164 164 0 0 0 1 1 1
1 P_9 165 165 0 0 0 1 1 1
1 P_9 166 166 0 0 0 1 1 1
1 P_9 167 167 0 0 0 1 1 1
1 P_9 168 168 0.070161 0.07465 0.0793405 1 1 1
1 P_9 169 169 0.070161 0.07465 0.0793405 1 1 1
1 P_9 170 170 0 0 0 1 1 1
1 P_9 171 171 0 0 0 1 1 1
1 P_9 172 172 0 0 0 1 1 1
1 P_9 173 173 0.1583505 0.16435 0.170448 1 1 1
1 P_9 174 174 0 0 0 1 1 1
1 P_9 175 175 0 0 0 1 1 1
1 P_9 176 176 0 0 0 1 1 1
1 P_9 177 177 0 0 0 1 1 1
1 P_9 178 178 0.1583505 0.16435 0.170448 1 1 1
1 P_9 179 179 0 0 0 1 1 1
1 P_9 180 180 0.1583505 0.16435 0.170448 1 1 1
1 P_9 181 181 0 0 0 1 1 1
1 P_9 182 182 0 0 0 1 1 1
1 P_9 183 183 0 0 0 1 1 1
1 P_9 184 184 0 0 0 1 1 1
1 P_9 185 185 0 0 0 1 1 1
1 P_9 186 186 0 0 0 1 1 1
1 P_9 187 187 0 0 0 1 1 1
1 P_9 188 188 0.254662 0.2611 0.2675255 1 1 1
1 P_9 189 189 0.070161 0.07465 0.0793405 1 1 1
1 P_9 190 190 0 0 0 1 1 1
1 P_9 191 191 0 0 0 1 1 1
1 P_9 192 192 0 0 0 1 1 1
1 P_9 193 193 0 0 0 1 1 1
1 P_9 194 194 0 0 0 1 1 1
1 P_9 195 195 0.1583505 0.16435 0.170448 1 1 1
1 P_9 196 196 0 0 0 1 1 1
1 P_9 197 197 0 0 0 1 1 1
1 P_9 198 198 0 0 0 1 1 1
1 P_9 199 199 0.070161 0.07465 0.0793405 1 1 1
1 P_9 200 200 0 0 0 1 1 1
1 P_9 201 201 0.4207105 0.4254 0.4298875 1 1 1
1 P_9 202 202 0 0 0 1 1 1
1 P_9 203 203 0.254662 0.2611 0.2675255 1 1 1
1 P_9 204 204 0 0 0 1 1 1
1 P_9 205 205 0 0 0 1 1 1
1 P_9 206 206 0 0 0 1 1 1
1 P_9 207 207 0.254662 0.2611 0.2675255 1 1 1
1 P_9 208 208 0 0 0 1 1 1
1 P_9 209 209 0 0 0 1 1 1
1 P_9 210 210 0 0 0 1 1 1
1 P_9 211 211 0 0 0 1 1 1
1 P_9 212 212 0.070161 0.07465 0.0793405 1 1 1
1 P_9 213 213 0.070161 0.07465 0.0793405 1 1 1
1 P_9 214 214 0 0 0 1 1 1
1 P_9 215 215 0 0 0 1 1 1
1 P_9 216 216 0 0 0 1 1 1
1 P_9 217 217 0 0 0 1 1 1
1 P_9 218 218 0 0 0 1 1 1
1 P_9 219 219 0 0 0 1 1 1
1 P_9 220 220 0 0 0 1 1 1
1 P_9 221 221 0.4207105 0.4254 0.4298875 1 1 1
1 P_9 222 222 0 0 0 1 1 1
1 P_9 223 223 0.4207105 0.4254 0.4298875 1 1 1
1 P_9 224 224 0.254662 0.2611 0.2675255 1 1 1
1 P_9 225 225 0 0 0 1 1 1
1 P_9 226 226 0 0 0 1 1 1
1 P_9 227 227 0 0 0 1 1 1
1 P_9 228 228 0 0 0 1 1 1
1 P_9 229 229 0 0 0 1 1 1
1 P_9 230 230 0 0 0 1 1 1
1 P_9 231 231 0 0 0 1 1 1
1 P_9 232 232 0 0 0 1 1 1
1 P_9 233 233 0 0 0 1 1 1
1 P_9 234 234 0.4207105 0.4254 0.4298875 1 1 1
1 P_9 235 235 0 0 0 1 1 1
1 P_9 236 236 0.4207105 0.4254 0.4298875 1 1 1
1 P_9 237 237 0 0 0 1 1 1
1 P_9 238 238 0.254662 0.2611 0.2675255 1 1 1
1 P_9 239 239 0 0 0 1 1 1
1 P_9 240 240 0 0 0 1 1 1
1 P_9 241 241 0 0 0 1 1 1
1 P_9 242 242 0.070161 0.07465 0.0793405 1 1 1
1 P_9 243 243 0 0 0 1 1 1
1 P_9 244 244 0 0 0 1 1 1
1 P_9 245 245 0 0 0 1 1 1
1 P_9 246 246 0.1583505 0.16435 0.170448 1 1 1
1 P_9 247 247 0 0 0 1 1 1
1 P_9 248 248 0 0 0 1 1 1
1 P_9 249 249 0 0 0 1 1 1
1 P_9 250 250 0 0 0 1 1 1
1 P_9 251 251 0.1583505 0.16435 0.170448 1 1 1
1 P_9 252 252 0 0 0 1 1 1
1 P_9 253 253 0 0 0 1 1 1
1 P_9 254 254 0.254662 0.2611 0.2675255 1 1 1
1 P_9 255 255 0.070161 0.07465 0.0793405 1 1 1
1 P_9 256 256 0 0 0 1 1 1
1 P_9 257 257 0 0 0 1 1 1
1 P_9 258 258 0 0 0 1 1 1
1 P_9 259 259 0.254662 0.2611 0.2675255 1 1 1
1 P_9 260 260 0 0 0 1 1 1
1 P_9 261 261 0 0 0 1 1 1
1 P_9 262 262 0 0 0 1 1 1
1 P_9 263 263 0 0 0 1 1 1
1 P_9 264 264 0.070161 0.07465 0.0793405 1 1 1
1 P_9 265 265 0 0 0 1 1 1
1 P_9 266 266 0 0 0 1 1 1
1 P_9 267 267 0 0 0 1 1 1
1 P_9 268 268 0 0 0 1 1 1
1 P_9 269 269 0 0 0 1 1 1
1 P_9 270 270 0.070161 0.07465 0.0793405 1 1 1
1 P_9 271 271 0 0 0 1 1 1
1 P_9 272 272 0.070161 0.07465 0.0793405 1 1 1
1 P_9 273 273 0 0 0 1 1 1
1 P_9 274 274 0.070161 0.07465 0.0793405 1 1 1
1 P_9 275 275 0 0 0 1 1 1
1 P_9 276 276 0 0 0 1 1 1
1 P_9 277 277 0.1583505 0.16435 0.170448 1 1 1
1 P_9 278 278 0 0 0 1 1 1
1 P_9 279 279 0 0 0 1 1 1
1 P_9 280 280 0.4207105 0.4254 0.4298875 1 1 1
1 P_9 281 281 0.254662 0.2611 0.2675255 1 1 1
1 P_9 282 282 0 0 0 1 1 1
1 P_9 283 283 0 0 0 1 1 1
1 P_9 284 284 0 0 0 1 1 1
1 P_9 285 285 0 0 0 1 1 1
1 P_9 286 286 0 0 0 1 1 1
1 P_9 287 287 0 0 0 1 1 1
1 P_9 288 288 0 0 0 1 1 1
1 P_9 289 289 0.4207105 0.4254 0.4298875 1 1 1
1 P_9 290 290 0.254662 0.2611 0.2675255 1 1 1
1 P_9 291 291 0 0 0 1 1 1
1 P_9 292 292 0.254662 0.2611 0.2675255 1 1 1
1 P_9 293 293 0 0 0 1 1 1
1 P_9 294 294 0 0 0 1 1 1
1 P_9 295 295 0 0 0 1 1 1
1 P_9 296 296 0 0 0 1 1 1
1 P_9 297 297 0.254662 0.2611 0.2675255 1 1 1
1 P_9 298 298 0 0 0 1 1 1
1 P_9 299 299 0.070161 0.07465 0.0793405 1 1 1
1 P_9 300 300 0.254662 0.2611 0.2675255 1 1 1
1 P_9 301 301 0 0 0 1 1 1
1 P_9 302 302 0.4207105 0.4254 0.4298875 1 1 1
1 P_9 303 303 0 0 0 1 1 1
1 P_9 304 304 0 0 0 1 1 1
1 P_9 305 305 0 0 0 1 1 1
1 P_9 306 306 0 0 0 1 1 1
1 P_9 307 307 0.254662 0.2611 0.2675255 1 1 1
1 P_9 308 308 0 0 0 1 1 1
1 P_9 309 309 0 0 0 1 1 1
1 P_9 310 310 0 0 0 1 1 1
1 P_9 311 311 0 0 0 1 1 1
1 P_9 312 312 0 0 0 1 1 1
1 P_9 313 313 0.070161 0.07465 0.0793405 1 1 1
1 P_9 314 314 0.070161 0.07465 0.0793405 1 1 1
1 P_9 315 315 0 0 0 1 1 1
1 P_9 316 316 0 0 0 1 1 1
1 P_9 317 317 0.4207105 0.4254 0.4298875 1 1 1
1 P_9 318 318 0 0 0 1 1 1
1 P_9 319 319 0 0 0 1 1 1
1 P_9 320 320 0 0 0 1 1 1
1 P_9 321 321 0 0 0 1 1 1
1 P_9 322 322 0.1583505 0.16435 0.170448 1 1 1
1 P_9 323 323 0 0 0 1 1 1
1 P_9 324 324 0 0 0 1 1 1
1 P_9 325 325 0 0 0 1 1 1
1 P_9 326 326 0 0 0 1 1 1
1 P_9 327 327 0 0 0 1 1 1
1 P_9 328 328 0 0 0 1 1 1
1 P_9 329 329 0 0 0 1 1 1
1 P_9 330 330 0 0 0 1 1 1
1 P_9 331 331 0 0 0 1 1 1
1 P_9 332 332 0 0 0 1 1 1
1 P_9 333 333 0 0 0 1 1 1
1 P_9 334 334 0 0 0 1 1 1
1 P_9 335 335 0 0 0 1 1 1
1 P_9 336 336 0 0 0 1 1 1
1 P_9 337 337 0 0 0 1 1 1
1 P_9 338 338 0.254662 0.2611 0.2675255 1 1 1
1 P_9 339 339 0 0 0 1 1 1
1 P_9 340 340 0.254662 0.2611 0.2675255 1 1 1
1 P_9 341 341 0 0 0 1 1 1
1 P_9 342 342 0.254662 0.2611 0.2675255 1 1 1
1 P_9 343 343 0 0 0 1 1 1
1 P_9 344 344 0 0 0 1 1 1
1 P_9 345 345 0 0 0 1 1 1
1 P_9 346 346 0.1583505 0.16435 0.170448 1 1 1
1 P_9 347 347 0 0 0 1 1 1
1 P_9 348 348 0 0 0 1 1 1
1 P_9 349 349 0 0 0 1 1 1
1 P_9 350 350 0 0 0 1 1 1
1 P_9 351 351 0.254662 0.2611 0.2675255 1 1 1
1 P_9 352 352 0 0 0 1 1 1
1 P_9 353 353 0 0 0 1 1 1
1 P_9 354 354 0 0 0 1 1 1
1 P_9 355 355 0.1583505 0.16435 0.170448 1 1 1
1 P_9 356 356 0 0 0 1 1 1
1 P_9 357 357 0 0 0 1 1 1
1 P_9 358 358 0 0 0 1 1 1
1 P_9 359 359 0.070161 0.07465 0.0793405 1 1 1
1 P_9 360 360 0 0 0 1 1 1
1 P_9 361 361 0.1583505 0.16435 0.170448 1 1 1
1 P_9 362 362 0.1583505 0.16435 0.170448 1 1 1
1 P_9 363 363 0 0 0 1 1 1
1 P_9 364 364 0.1583505 0.16435 0.170448 1 1 1
1 P_9 365 365 0 0 0 1 1 1
1 P_9 366 366 0.1583505 0.16435 0.170448 1 1 1
1 P_9 367 367 0 0 0 1 1 1
1 P_9 368 368 0 0 0 1 1 1
1 P_9 369 369 0.4207105 0.4254 0.4298875 1 1 1
1 P_9 370 370 0 0 0 1 1 1
1 P_9 371 371 0 0 0 1 1 1
1 P_9 372 372 0.070161 0.07465 0.0793405 1 1 1
1 P_9 373 373 0 0 0 1 1 1
1 P_9 374 374 0 0 0 1 1 1
1 P_9 375 375 0 0 0 1 1 1
1 P_9 376 376 0.4207105 0.4254 0.4298875 1 1 1
1 P_9 377 377 0 0 0 1 1 1
1 P_9 378 378 0 0 0 1 1 1
1 P_9 379 379 0 0 0 1 1 1
1 P_9 380 380 0 0 0 1 1 1
1 P_9 381 381 0 0 0 1 1 1
1 P_9 382 382 0 0 0 1 1 1
1 P_9 383 383 0 0 0 1 1 1
1 P_9 384 384 0 0 0 1 1 1
1 P_9 385 385 0 0 0 1 1 1
1 P_9 386 386 0 0 0 1 1 1
1 P_9 387 387 0 0 0 1 1 1
1 P_9 388 388 0 0 0 1 1 1
1 P_9 389 389 0 0 0 1 1 1
1 P_9 390 390 0 0 0 1 1 1
1 P_9 391 391 0.254662 0.2611 0.2675255 1 1 1
1 P_9 392 392 0 0 0 1 1 1
1 P_9 393 393 0 0 0 1 1 1
1 P_9 394 394 0.1583505 0.16435 0.170448 1 1 1
1 P_9 395 395 0.1583505 0.16435 0.170448 1 1 1
1 P_9 396 396 0 0 0 1 1 1
1 P_9 397 397 0 0 0 1 1 1
1 P_9 398 398 0 0 0 1 1 1
1 P_9 399 399 0.5 0.5 0.5 1 1 1
1 P_9 400 400 0 0 0 1 1 1
1 P_9 401 401 0 0 0 1 1 1
1 P_9 402 402 0 0 0 1 1 1
1 P_9 403 403 0.070161 0.07465 0.0793405 1 1 1
1 P_9 404 404 0 0 0 1 1 1
1 P_9 405 405 0 0 0 1 1 1
1 P_9 406 406 0 0 0 1 1 1
1 P_9 407 407 0 0 0 1 1 1
1 P_9 408 408 0 0 0 1 1 1
1 P_9 409 409 0 0 0 1 1 1
1 P_9 410 410 0 0 0 1 1 1
1 P_9 411 411 0 0 0 1 1 1
1 P_9 412 412 0 0 0 1 1 1
1 P_9 413 413 0.1583505 0.16435 0.170448 1 1 1
1 P_9 414 414 0 0 0 1 1 1
1 P_9 415 415 0 0 0 1 1 1
1 P_9 416 416 0 0 0 1 1 1
1 P_9 417 417 0 0 0 1 1 1
1 P_9 418 418 0 0 0 1 1 1
1 P_9 419 419 0 0 0 1 1 1
1 P_9 420 420 0 0 0 1 1 1
1 P_9 421 421 0 0 0 1 1 1
1 P_9 422 422 0.254662 0.2611 0.2675255 1 1 1
1 P_9 423 423 0 0 0 1 1 1
1 P_9 424 424 0 0 0 1 1 1
1 P_9 425 425 0.254662 0.2611 0.2675255 1 1 1
1 P_9 426 426 0 0 0 1 1 1
1 P_9 427 427 0.4207105 0.4254 0.4298875 1 1 1
1 P_9 428 428 0.1583505 0.16435 0.170448 1 1 1
1 P_9 429 429 0.254662 0.2611 0.2675255 1 1 1
1 P_9 430 430 0 0 0 1 1 1
1 P_9 431 431 0 0 0 1 1 1
1 P_9 432 432 0 0 0 1 1 1
1 P_9 433 433 0 0 0 1 1 1
1 P_9 434 434 0.1583505 0.16435 0.170448 1 1 1
1 P_9 435 435 0.1583505 0.16435 0.170448 1 1 1
1 P_9 436 436 0 0 0 1 1 1
1 P_9 437 437 0 0 0 1 1 1
1 P_9 438 438 0 0 0 1 1 1
1 P_9 439 439 0 0 0 1 1 1
1 P_9 440 440 0 0 0 1 1 1
2 P_6 0 0 0 0 0 1 1 1
2 P_6 1 1 0.3142825 0.3205 0.3266365 1 1 1
2 P_6 2 2 0 0 0 1 1 1
2 P_6 3 3 0.0575725 0.0617 0.0660445 1 1 1
2 P_6 4 4 0 0 0 1 1 1
2 P_6 5 5 0.0575725 0.0617 0.0660445 1 1 1
2 P_6 6 6 0 0 0 1 1 1
2 P_6 7 7 0 0 0 1 1 1
2 P_6 8 8 0 0 0 1 1 1
2 P_6 9 9 0 0 0 1 1 1
2 P_6 10 10 0.1125095 0.1179 0.1234425 1 1 1
2 P_6 11 11 0.1125095 0.1179 0.1234425 1 1 1
2 P_6 12 12 0 0 0 1 1 1
2 P_6 13 13 0.3142825 0.3205 0.3266365 1 1 1
2 P_6 14 14 0.0575725 0.0617 0.0660445 1 1 1
2 P_6 15 15 0 0 0 1 1 1
2 P_6 16 16 0.1125095 0.1179 0.1234425 1 1 1
2 P_6 17 17 0 0 0 1 1 1
2 P_6 18 18 0.0575725 0.0617 0.0660445 1 1 1
2 P_6 19 19 0 0 0 1 1 1
2 P_6 20 20 0.3142825 0.3205 0.3266365 1 1 1
2 P_6 21 21 0.3142825 0.3205 0.3266365 1 1 1
2 P_6 22 22 0.3142825 0.3205 0.3266365 1 1 1
2 P_6 23 23 0.1734135 0.17955 0.185768 1 1 1
2 P_6 24 24 0.3142825 0.3205 0.3266365 1 1 1
2 P_6 25 25 0 0 0 1 1 1
2 P_6 26 26 0 0 0 1 1 1
2 P_6 27 27 0 0 0 1 1 1
2 P_6 28 28 0.0575725 0.0617 0.0660445 1 1 1
2 P_6 29 29 0 0 0 1 1 1
2 P_6 30 30 0 0 0 1 1 1
2 P_6 31 31 0 0 0 1 1 1
2 P_6 32 32 0 0 0 1 1 1
2 P_6 33 33 0.3142825 0.3205 0.3266365 1 1 1
2 P_6 34 34 0 0 0 1 1 1
2 P_6 35 35 0.0575725 0.0617 0.0660445 1 1 1
2 P_6 36 36 0.3142825 0.3205 0.3266365 1 1 1
2 P_6 37 37 0.3142825 0.3205 0.3266365 1 1 1
2 P_6 38 38 0 0 0 1 1 1
2 P_6 39 39 0 0 0 1 1 1
2 P_6 40 40 0 0 0 1 1 1
2 P_6 41 41 0 0 0 1 1 1
2 P_6 42 42 0 0 0 1 1 1
2 P_6 43 43 0 0 0 1 1 1
2 P_6 44 44 0 0 0 1 1 1
2 P_6 45 45 0 0 0 1 1 1
2 P_6 46 46 0.0575725 0.0617 0.0660445 1 1 1
2 P_6 47 47 0.0575725 0.0617 0.0660445 1 1 1
2 P_6 48 48 0 0 0 1 1 1
2 P_6 49 49 0 0 0 1 1 1
2 P_6 50 50 0.3142825 0.3205 0.3266365 1 1 1
2 P_6 51 51 0 0 0 1 1 1
2 P_6 52 52 0.3142825 0.3205 0.3266365 1 1 1
2 P_6 53 53 0.0575725 0.0617 0.0660445 1 1 1
2 P_6 54 54 0.3142825 0.3205 0.3266365 1 1 1
2 P_6 55 55 0 0 0 1 1 1
2 P_6 56 56 0.0575725 0.0617 0.0660445 1 1 1
2 P_6 57 57 0.0575725 0.0617 0.0660445 1 1 1
2 P_6 58 58 0 0 0 1 1 1
2 P_6 59 59 0.0575725 0.0617 0.0660445 1 1 1
2 P_6 60 60 0 0 0 1 1 1
2 P_6 61 61 0.3142825 0.3205 0.3266365 1 1 1
2 P_6 62 62 0 0 0 1 1 1
2 P_6 63 63 0.3142825 0.3205 0.3266365 1 1 1
2 P_6 64 64 0.1734135 0.17955 0.185768 1 1 1
2 P_6 65 65 0.1734135 0.17955 0.185768 1 1 1
2 P_6 66 66 0 0 0 1 1 1
2 P_6 67 67 0 0 0 1 1 1
2 P_6 68 68 0 0 0 1 1 1
2 P_6 69 69 0 0 0 1 1 1
2 P_6 70 70 0 0 0 1 1 1
2 P_6 71 71 0.1125095 0.1179 0.1234425 1 1 1
2 P_6 72 72 0 0 0 1 1 1
2 P_6 73 73 0.1125095 0.1179 0.1234425 1 1 1
2 P_6 74 74 0.3142825 0.3205 0.3266365 1 1 1
2 P_6 75 75 0 0 0 1 1 1
2 P_6 76 76 0.0575725 0.0617 0.0660445 1 1 1
2 P_6 77 77 0 0 0 1 1 1
2 P_6 78 78 0 0 0 1 1 1
2 P_6 79 79 0.3142825 0.3205 0.3266365 1 1 1
2 P_6 80 80 0.1125095 0.1179 0.1234425 1 1 1
2 P_6 81 81 0 0 0 1 1 1
2 P_6 82 82 0 0 0 1 1 1
2 P_6 83 83 0 0 0 1 1 1
2 P_6 84 84 0.1734135 0.17955 0.185768 1 1 1
2 P_6 85 85 0.1125095 0.1179 0.1234425 1 1 1
2 P_6 86 86 0.3142825 0.3205 0.3266365 1 1 1
2 P_6 87 87 0.0575725 0.0617 0.0660445 1 1 1
2 P_6 88 88 0.0575725 0.0617 0.0660445 1 1 1
2 P_6 89 89 0.3142825 0.3205 0.3266365 1 1 1
2 P_6 90 90 0.3142825 0.3205 0.3266365 1 1 1
2 P_6 91 91 0 0 0 1 1 1
2 P_6 92 92 0 0 0 1 1 1
2 P_6 93 93 0.3142825 0.3205 0.3266365 1 1 1
2 P_6 94 94 0.3142825 0.3205 0.3266365 1 1 1
2 P_6 95 95 0.3142825 0.3205 0.3266365 1 1 1
2 P_6 96 96 0 0 0 1 1 1
2 P_6 97 97 0.0575725 0.0617 0.0660445 1 1 1
2 P_6 98 98 0.1734135 0.17955 0.185768 1 1 1
2 P_6 99 99 0.1125095 0.1179 0.1234425 1 1 1
2 P_6 100 100 0.3142825 0.3205 0.3266365 1 1 1
2 P_6 101 101 0.1734135 0.17955 0.185768 1 1 1
2 P_6 102 102 0.0575725 0.0617 0.0660445 1 1 1
2 P_6 103 103 0 0 0 1 1 1
2 P_6 104 104 0 0 0 1 1 1
2 P_6 105 105 0 0 0 1 1 1
2 P_6 106 106 0 0 0 1 1 1
2 P_6 107 107 0 0 0 1 1 1
2 P_6 108 108 0 0 0 1 1 1
2 P_6 109 109 0.1734135 0.17955 0.185768 1 1 1
2 P_6 110 110 0 0 0 1 1 1
2 P_6 111 111 0.0575725 0.0617 0.0660445 1 1 1
2 P_6 112 112 0 0 0 1 1 1
2 P_6 113 113 0.3142825 0.3205 0.3266365 1 1 1
2 P_6 114 114 0 0 0 1 1 1
2 P_6 115 115 0 0 0 1 1 1
2 P_6 116 116 0 0 0 1 1 1
2 P_6 117 117 0 0 0 1 1 1
2 P_6 118 118 0 0 0 1 1 1
2 P_6 119 119 0 0 0 1 1 1
2 P_6 120 120 0.0575725 0.0617 0.0660445 1 1 1
2 P_6 121 121 0.3142825 0.3205 0.3266365 1 1 1
2 P_6 122 122 0 0 0 1 1 1
2 P_6 123 123 0.3142825 0.3205 0.3266365 1 1 1
2 P_6 124 124 0 0 0 1 1 1
2 P_6 125 125 0.1125095 0.1179 0.1234425 1 1 1
2 P_6 126 126 0.1734135 0.17955 0.185768 1 1 1
2 P_6 127 127 0.0575725 0.0617 0.0660445 1 1 1
2 P_6 128 128 0.0575725 0.0617 0.0660445 1 1 1
2 P_6 129 129 0 0 0 1 1 1
2 P_6 130 130 0.0575725 0.0617 0.0660445 1 1 1
2 P_6 131 131 0.3142825 0.3205 0.3266365 1 1 1
2 P_6 132 132 0 0 0 1 1 1
2 P_6 133 133 0 0 0 1 1 1
2 P_6 134 134 0.3142825 0.3205 0.3266365 1 1 1
2 P_6 135 135 0 0 0 1 1 1
2 P_6 136 136 0 0 0 1 1 1
2 P_6 137 137 0 0 0 1 1 1
2 P_6 138 138 0.3142825 0.3205 0.3266365 1 1 1
2 P_6 139 139 0.0575725 0.0617 0.0660445 1 1 1
2 P_6 140 140 0 0 0 1 1 1
2 P_6 141 141 0.0575725 0.0617 0.0660445 1 1 1
2 P_6 142 142 0.3142825 0.3205 0.3266365 1 1 1
2 P_6 143 143 0 0 0 1 1 1
2 P_6 144 144 0.3142825 0.3205 0.3266365 1 1 1
2 P_6 145 145 0.3142825 0.3205 0.3266365 1 1 1
2 P_6 146 146 0 0 0 1 1 1
2 P_6 147 147 0.0575725 0.0617 0.0660445 1 1 1
2 P_6 148 148 0.3142825 0.3205 0.3266365 1 1 1
2 P_6 149 149 0 0 0 1 1 1
2 P_6 150 150 0 0 0 1 1 1
2 P_6 151 151 0.3142825 0.3205 0.3266365 1 1 1
2 P_6 152 152 0.1125095 0.1179 0.1234425 1 1 1
2 P_6 153 153 0.1125095 0.1179 0.1234425 1 1 1
2 P_6 154 154 0.3142825 0.3205 0.3266365 1 1 1
2 P_6 155 155 0 0 0 1 1 1
2 P_6 156 156 0 0 0 1 1 1
2 P_6 157 157 0 0 0 1 1 1
2 P_6 158 158 0.3142825 0.3205 0.3266365 1 1 1
2 P_6 159 159 0.3142825 0.3205 0.3266365 1 1 1
2 P_6 160 160 0.3142825 0.3205 0.3266365 1 1 1
2 P_6 161 161 0.3142825 0.3205 0.3266365 1 1 1
2 P_6 162 162 0 0 0 1 1 1
2 P_6 163 163 0.0575725 0.0617 0.0660445 1 1 1
2 P_6 164 164 0 0 0 1 1 1
2 P_6 165 165 0 0 0 1 1 1
2 P_6 166 166 0.0575725 0.0617 0.0660445 1 1 1
2 P_6 167 167 0.3142825 0.3205 0.3266365 1 1 1
2 P_6 168 168 0 0 0 1 1 1
2 P_6 169 169 0 0 0 1 1 1
2 P_6 170 170 0 0 0 1 1 1
2 P_6 171 171 0 0 0 1 1 1
2 P_6 172 172 0 0 0 1 1 1
2 P_6 173 173 0.1125095 0.1179 0.1234425 1 1 1
2 P_6 174 174 0 0 0 1 1 1
2 P_6 175 175 0.0575725 0.0617 0.0660445 1 1 1
2 P_6 176 176 0.3142825 0.3205 0.3266365 1 1 1
2 P_6 177 177 0 0 0 1 1 1
2 P_6 178 178 0 0 0 1 1 1
2 P_6 179 179 0.3142825 0.3205 0.3266365 1 1 1
2 P_6 180 180 0 0 0 1 1 1
2 P_6 181 181 0.0575725 0.0617 0.0660445 1 1 1
2 P_6 182 182 0 0 0 1 1 1
2 P_6 183 183 0.3142825 0.3205 0.3266365 1 1 1
2 P_6 184 184 0 0 0 1 1 1
2 P_6 185 185 0.0575725 0.0617 0.0660445 1 1 1
2 P_6 186 186 0 0 0 1 1 1
2 P_6 187 187 0 0 0 1 1 1
2 P_6 188 188 0 0 0 1 1 1
2 P_6 189 189 0 0 0 1 1 1
2 P_6 190 190 0.0575725 0.0617 0.0660445 1 1 1
2 P_6 191 191 0.3142825 0.3205 0.3266365 1 1 1
2 P_6 192 192 0.3142825 0.3205 0.3266365 1 1 1
2 P_6 193 193 0 0 0 1 1 1
2 P_6 194 194 0.0575725 0.0617 0.0660445 1 1 1
2 P_6 195 195 0.1125095 0.1179 0.1234425 1 1 1
2 P_6 196 196 0 0 0 1 1 1
2 P_6 197 197 0.3142825 0.3205 0.3266365 1 1 1
2 P_6 198 198 0 0 0 1 1 1
2 P_6 199 199 0 0 0 1 1 1
2 P_6 200 200 0 0 0 1 1 1
2 P_6 201 201 0.1734135 0.17955 0.185768 1 1 1
2 P_6 202 202 0.3142825 0.3205 0.3266365 1 1 1
2 P_6 203 203 0 0 0 1 1 1
2 P_6 204 204 0 0 0 1 1 1
2 P_6 205 205 0 0 0 1 1 1
2 P_6 206 206 0 0 0 1 1 1
2 P_6 207 207 0 0 0 1 1 1
2 P_6 208 208 0.3142825 0.3205 0.3266365 1 1 1
2 P_6 209 209 0 0 0 1 1 1
2 P_6 210 210 0.3142825 0.3205 0.3266365 1 1 1
2 P_6 211 211 0 0 0 1 1 1
2 P_6 212 212 0 0 0 1 1 1
2 P_6 213 213 0 0 0 1 1 1
2 P_6 214 214 0 0 0 1 1 1
2 P_6 215 215 0 0 0 1 1 1
2 P_6 216 216 0.3142825 0.3205 0.3266365 1 1 1
2 P_6 217 217 0 0 0 1 1 1
2 P_6 218 218 0 0 0 1 1 1
2 P_6 219 219 0 0 0 1 1 1
2 P_6 220 220 0 0 0 1 1 1
2 P_6 221 221 0.1734135 0.17955 0.185768 1 1 1
2 P_6 222 222 0 0 0 1 1 1
2 P_6 223 223 0.1734135 0.17955 0.185768 1 1 1
2 P_6 224 224 0 0 0 1 1 1
2 P_6 225 225 0.3142825 0.3205 0.3266365 1 1 1
2 P_6 226 226 0.0575725 0.0617 0.0660445 1 1 1
2 P_6 227 227 0 0 0 1 1 1
2 P_6 228 228 0.0575725 0.0617 0.0660445 1 1 1
2 P_6 229 229 0.3142825 0.3205 0.3266365 1 1 1
2 P_6 230 230 0.0575725 0.0617 0.0660445 1 1 1
2 P_6 231 231 0.0575725 0.0617 0.0660445 1 1 1
2 P_6 232 232 0.3142825 0.3205 0.3266365 1 1 1
2 P_6 233 233 0 0 0 1 1 1
2 P_6 234 234 0.1734135 0.17955 0.185768 1 1 1
2 P_6 235 235 0 0 0 1 1 1
2 P_6 236 236 0.1734135 0.17955 0.185768 1 1 1
2 P_6 237 237 0 0 0 1 1 1
2 P_6 238 238 0.0575725 0.0617 0.0660445 1 1 1
2 P_6 239 239 0 0 0 1 1 1
2 P_6 240 240 0 0 0 1 1 1
2 P_6 241 241 0 0 0 1 1 1
2 P_6 242 242 0 0 0 1 1 1
2 P_6 243 243 0.3142825 0.3205 0.3266365 1 1 1
2 P_6 244 244 0 0 0 1 1 1
2 P_6 245 245 0.3142825 0.3205 0.3266365 1 1 1
2 P_6 246 246 0.1125095 0.1179 0.1234425 1 1 1
2 P_6 247 247 0.3142825 0.3205 0.3266365 1 1 1
2 P_6 248 248 0.3142825 0.3205 0.3266365 1 1 1
2 P_6 249 249 0.0575725 0.0617 0.0660445 1 1 1
2 P_6 250 250 0.3142825 0.3205 0.3266365 1 1 1
2 P_6 251 251 0.1125095 0.1179 0.1234425 1 1 1
2 P_6 252 252 0 0 0 1 1 1
2 P_6 253 253 0 0 0 1 1 1
2 P_6 254 254 0 0 0 1 1 1
2 P_6 255 255 0 0 0 1 1 1
2 P_6 256 256 0.0575725 0.0617 0.0660445 1 1 1
2 P_6 257 257 0.3142825 0.3205 0.3266365 1 1 1
2 P_6 258 258 0.3142825 0.3205 0.3266365 1 1 1
2 P_6 259 259 0 0 0 1 1 1
2 P_6 260 260 0 0 0 1 1 1
2 P_6 261 261 0 0 0 1 1 1
2 P_6 262 262 0 0 0 1 1 1
2 P_6 263 263 0.3142825 0.3205 0.3266365 1 1 1
2 P_6 264 264 0 0 0 1 1 1
2 P_6 265 265 0 0 0 1 1 1
2 P_6 266 266 0.0575725 0.0617 0.0660445 1 1 1
2 P_6 267 267 0.3142825 0.3205 0.3266365 1 1 1
2 P_6 268 268 0.3142825 0.3205 0.3266365 1 1 1
2 P_6 269 269 0 0 0 1 1 1
2 P_6 270 270 0 0 0 1 1 1
2 P_6 271 271 0.0575725 0.0617 0.0660445 1 1 1
2 P_6 272 272 0 0 0 1 1 1
2 P_6 273 273 0 0 0 1 1 1
2 P_6 274 274 0 0 0 1 1 1
2 P_6 275 275 0 0 0 1 1 1
2 P_6 276 276 0.3142825 0.3205 0.3266365 1 1 1
2 P_6 277 277 0 0 0 1 1 1
2 P_6 278 278 0.3142825 0.3205 0.3266365 1 1 1
2 P_6 279 279 0 0 0 1 1 1
2 P_6 280 280 0.1734135 0.17955 0.185768 1 1 1
2 P_6 281 281 0 0 0 1 1 1
2 P_6 282 282 0.3142825 0.3205 0.3266365 1 1 1
2 P_6 283 283 0 0 0 1 1 1
2 P_6 284 284 0.0575725 0.0617 0.0660445 1 1 1
2 P_6 285 285 0 0 0 1 1 1
2 P_6 286 286 0.0575725 0.0617 0.0660445 1 1 1
2 P_6 287 287 0 0 0 1 1 1
2 P_6 288 288 0.3142825 0.3205 0.3266365 1 1 1
2 P_6 289 289 0.1734135 0.17955 0.185768 1 1 1
2 P_6 290 290 0 0 0 1 1 1
2 P_6 291 291 0 0 0 1 1 1
2 P_6 292 292 0 0 0 1 1 1
2 P_6 293 293 0 0 0 1 1 1
2 P_6 294 294 0 0 0 1 1 1
2 P_6 295 295 0 0 0 1 1 1
2 P_6 296 296 0 0 0 1 1 1
2 P_6 297 297 0.0575725 0.0617 0.0660445 1 1 1
2 P_6 298 298 0.3142825 0.3205 0.3266365 1 1 1
2 P_6 299 299 0 0 0 1 1 1
2 P_6 300 300 0 0 0 1 1 1
2 P_6 301 301 0.0575725 0.0617 0.0660445 1 1 1
2 P_6 302 302 0.1734135 0.17955 0.185768 1 1 1
2 P_6 303 303 0 0 0 1 1 1
2 P_6 304 304 0 0 0 1 1 1
2 P_6 305 305 0.0575725 0.0617 0.0660445 1 1 1
2 P_6 306 306 0 0 0 1 1 1
2 P_6 307 307 0 0 0 1 1 1
2 P_6 308 308 0 0 0 1 1 1
2 P_6 309 309 0.0575725 0.0617 0.0660445 1 1 1
2 P_6 310 310 0.0575725 0.0617 0.0660445 1 1 1
2 P_6 311 311 0 0 0 1 1 1
2 P_6 312 312 0 0 0 1 1 1
2 P_6 313 313 0 0 0 1 1 1
2 P_6 314 314 0 0 0 1 1 1
2 P_6 315 315 0 0 0 1 1 1
2 P_6 316 316 0 0 0 1 1 1
2 P_6 317 317 0.1734135 0.17955 0.185768 1 1 1
2 P_6 318 318 0.0575725 0.0617 0.0660445 1 1 1
2 P_6 319 319 0 0 0 1 1 1
2 P_6 320 320 0.0575725 0.0617 0.0660445 1 1 1
2 P_6 321 321 0.0575725 0.0617 0.0660445 1 1 1
2 P_6 322 322 0 0 0 1 1 1
2 P_6 323 323 0.3142825 0.3205 0.3266365 1 1 1
2 P_6 324 324 0 0 0 1 1 1
2 P_6 325 325 0.0575725 0.0617 0.0660445 1 1 1
2 P_6 326 326 0.0575725 0.0617 0.0660445 1 1 1
2 P_6 327 327 0 0 0 1 1 1
2 P_6 328 328 0 0 0 1 1 1
2 P_6 329 329 0 0 0 1 1 1
2 P_6 330 330 0 0 0 1 1 1
2 P_6 331 331 0 0 0 1 1 1
2 P_6 332 332 0.3142825 0.3205 0.3266365 1 1 1
2 P_6 333 333 0 0 0 1 1 1
2 P_6 334 334 0 0 0 1 1 1
2 P_6 335 335 0 0 0 1 1 1
2 P_6 336 336 0 0 0 1 1 1
2 P_6 337 337 0 0 0 1 1 1
2 P_6 338 338 0 0 0 1 1 1
2 P_6 339 339 0 0 0 1 1 1
2 P_6 340 340 0.0575725 0.0617 0.0660445 1 1 1
2 P_6 341 341 0.0575725 0.0617 0.0660445 1 1 1
2 P_6 342 342 0.0575725 0.0617 0.0660445 1 1 1
2 P_6 343 343 0 0 0 1 1 1
2 P_6 344 344 0 0 0 1 1 1
2 P_6 345 345 0.0575725 0.0617 0.0660445 1 1 1
2 P_6 346 346 0 0 0 1 1 1
2 P_6 347 347 0 0 0 1 1 1
2 P_6 348 348 0.3142825 0.3205 0.3266365 1 1 1
2 P_6 349 349 0 0 0 1 1 1
2 P_6 350 350 0.0575725 0.0617 0.0660445 1 1 1
2 P_6 351 351 0 0 0 1 1 1
2 P_6 352 352 0 0 0 1 1 1
2 P_6 353 353 0.0575725 0.0617 0.0660445 1 1 1
2 P_6 354 354 0.0575725 0.0617 0.0660445 1 1 1
2 P_6 355 355 0.1125095 0.1179 0.1234425 1 1 1
2 P_6 356 356 0 0 0 1 1 1
2 P_6 357 357 0.3142825 0.3205 0.3266365 1 1 1
2 P_6 358 358 0 0 0 1 1 1
2 P_6 359 359 0 0 0 1 1 1
2 P_6 360 360 0 0 0 1 1 1
2 P_6 361 361 0.1125095 0.1179 0.1234425 1 1 1
2 P_6 362 362 0 0 0 1 1 1
2 P_6 363 363 0.0575725 0.0617 0.0660445 1 1 1
2 P_6 364 364 0 0 0 1 1 1
2 P_6 365 365 0.3142825 0.3205 0.3266365 1 1 1
2 P_6 366 366 0.1125095 0.1179 0.1234425 1 1 1
2 P_6 367 367 0 0 0 1 1 1
2 P_6 368 368 0.0575725 0.0617 0.0660445 1 1 1
2 P_6 369 369 0.1734135 0.17955 0.185768 1 1 1
2 P_6 370 370 0 0 0 1 1 1
2 P_6 371 371 0 0 0 1 1 1
2 P_6 372 372 0 0 0 1 1 1
2 P_6 373 373 0.3142825 0.3205 0.3266365 1 1 1
2 P_6 374 374 0 0 0 1 1 1
2 P_6 375 375 0.3142825 0.3205 0.3266365 1 1 1
2 P_6 376 376 0.1734135 0.17955 0.185768 1 1 1
2 P_6 377 377 0.3142825 0.3205 0.3266365 1 1 1
2 P_6 378 378 0.3142825 0.3205 0.3266365 1 1 1
2 P_6 379 379 0.3142825 0.3205 0.3266365 1 1 1
2 P_6 380 380 0.0575725 0.0617 0.0660445 1 1 1
2 P_6 381 381 0.3142825 0.3205 0.3266365 1 1 1
2 P_6 382 382 0 0 0 1 1 1
2 P_6 383 383 0 0 0 1 1 1
2 P_6 384 384 0 0 0 1 1 1
2 P_6 385 385 0 0 0 1 1 1
2 P_6 386 386 0.3142825 0.3205 0.3266365 1 1 1
2 P_6 387 387 0 0 0 1 1 1
2 P_6 388 388 0 0 0 1 1 1
2 P_6 389 389 0 0 0 1 1 1
2 P_6 390 390 0 0 0 1 1 1
2 P_6 391 391 0.0575725 0.0617 0.0660445 1 1 1
2 P_6 392 392 0 0 0 1 1 1
2 P_6 393 393 0.3142825 0.3205 0.3266365 1 1 1
2 P_6 394 394 0 0 0 1 1 1
2 P_6 395 395 0.1125095 0.1179 0.1234425 1 1 1
2 P_6 396 396 0 0 0 1 1 1
2 P_6 397 397 0 0 0 1 1 1
2 P_6 398 398 0 0 0 1 1 1
2 P_6 399 399 0.5 0.5 0.5 1 1 1
2 P_6 400 400 0 0 0 1 1 1
2 P_6 401 401 0.3142825 0.3205 0.3266365 1 1 1
2 P_6 402 402 0 0 0 1 1 1
2 P_6 403 403 0 0 0 1 1 1
2 P_6 404 404 0.3142825 0.3205 0.3266365 1 1 1
2 P_6 405 405 0.3142825 0.3205 0.3266365 1 1 1
2 P_6 406 406 0 0 0 1 1 1
2 P_6 407 407 0 0 0 1 1 1
2 P_6 408 408 0.3142825 0.3205 0.3266365 1 1 1
2 P_6 409 409 0 0 0 1 1 1
2 P_6 410 410 0.3142825 0.3205 0.3266365 1 1 1
2 P_6 411 411 0 0 0 1 1 1
2 P_6 412 412 0 0 0 1 1 1
2 P_6 413 413 0.1125095 0.1179 0.1234425 1 1 1
2 P_6 414 414 0.3142825 0.3205 0.3266365 1 1 1
2 P_6 415 415 0 0 0 1 1 1
2 P_6 416 416 0 0 0 1 1 1
2 P_6 417 417 0 0 0 1 1 1
2 P_6 418 418 0.0575725 0.0617 0.0660445 1 1 1
2 P_6 419 419 0 0 0 1 1 1
2 P_6 420 420 0 0 0 1 1 1
2 P_6 421 421 0 0 0 1 1 1
2 P_6 422 422 0 0 0 1 1 1
2 P_6 423 423 0 0 0 1 1 1
2 P_6 424 424 0.0575725 0.0617 0.0660445 1 1 1
2 P_6 425 425 0 0 0 1 1 1
2 P_6 426 426 0.0575725 0.0617 0.0660445 1 1 1
2 P_6 427 427 0.1734135 0.17955 0.185768 1 1 1
2 P_6 428 428 0 0 0 1 1 1
2 P_6 429 429 0.0575725 0.0617 0.0660445 1 1 1
2 P_6 430 430 0.0575725 0.0617 0.0660445 1 1 1
2 P_6 431 431 0.3142825 0.3205 0.3266365 1 1 1
2 P_6 432 432 0.3142825 0.3205 0.3266365 1 1 1
2 P_6 433 433 0 0 0 1 1 1
2 P_6 434 434 0 0 0 1 1 1
2 P_6 435 435 0 0 0 1 1 1
2 P_6 436 436 0 0 0 1 1 1
2 P_6 437 437 0 0 0 1 1 1
2 P_6 438 438 0.3142825 0.3205 0.3266365 1 1 1
2 P_6 439 439 0 0 0 1 1 1
2 P_6 440 440 0.0575725 0.0617 0.0660445 1 1 1
3 P_3 0 0 0 0 0 1 1 1
3 P_3 1 1 0 0 0 1 1 1
3 P_3 2 2 0 0 0 1 1 1
3 P_3 3 3 0 0 0 1 1 1
3 P_3 4 4 0 0 0 1 1 1
3 P_3 5 5 0 0 0 1 1 1
3 P_3 6 6 0.0697715 0.07425 0.0789305 1 1 1
3 P_3 7 7 0.1520665 0.158 0.1640395 1 1 1
3 P_3 8 8 0 0 0 1 1 1
3 P_3 9 9 0.0697715 0.07425 0.0789305 1 1 1
3 P_3 10 10 0.2257885 0.2322 0.238632 1 1 1
3 P_3 11 11 0.2257885 0.2322 0.238632 1 1 1
3 P_3 12 12 0 0 0 1 1 1
3 P_3 13 13 0 0 0 1 1 1
3 P_3 14 14 0 0 0 1 1 1
3 P_3 15 15 0 0 0 1 1 1
3 P_3 16 16 0.2257885 0.2322 0.238632 1 1 1
3 P_3 17 17 0 0 0 1 1 1
3 P_3 18 18 0 0 0 1 1 1
3 P_3 19 19 0.261418 0.26785 0.2742615 1 1 1
3 P_3 20 20 0 0 0 1 1 1
3 P_3 21 21 0 0 0 1 1 1
3 P_3 22 22 0 0 0 1 1 1
3 P_3 23 23 0.5 0.5 0.5 1 1 1
3 P_3 24 24 0 0 0 1 1 1
3 P_3 25 25 0 0 0 1 1 1
3 P_3 26 26 0 0 0 1 1 1
3 P_3 27 27 0.261418 0.26785 0.2742615 1 1 1
3 P_3 28 28 0 0 0 1 1 1
3 P_3 29 29 0 0 0 1 1 1
3 P_3 30 30 0 0 0 1 1 1
3 P_3 31 31 0 0 0 1 1 1
3 P_3 32 32 0 0 0 1 1 1
3 P_3 33 33 0 0 0 1 1 1
3 P_3 34 34 0 0 0 1 1 1
3 P_3 35 35 0.261418 0.26785 0.2742615 1 1 1
3 P_3 36 36 0 0 0 1 1 1
3 P_3 37 37 0 0 0 1 1 1
3 P_3 38 38 0 0 0 1 1 1
3 P_3 39 39 0.0697715 0.07425 0.0789305 1 1 1
3 P_3 40 40 0 0 0 1 1 1
3 P_3 41 41 0.261418 0.26785 0.2742615 1 1 1
3 P_3 42 42 0 0 0 1 1 1
3 P_3 43 43 0 0 0 1 1 1
3 P_3 44 44 0 0 0 1 1 1
3 P_3 45 45 0 0 0 1 1 1
3 P_3 46 46 0.261418 0.26785 0.2742615 1 1 1
3 P_3 47 47 0 0 0 1 1 1
3 P_3 48 48 0 0 0 1 1 1
3 P_3 49 49 0 0 0 1 1 1
3 P_3 50 50 0 0 0 1 1 1
3 P_3 51 51 0 0 0 1 1 1
3 P_3 52 52 0 0 0 1 1 1
3 P_3 53 53 0 0 0 1 1 1
3 P_3 54 54 0 0 0 1 1 1
3 P_3 55 55 0 0 0 1 1 1
3 P_3 56 56 0 0 0 1 1 1
3 P_3 57 57 0.261418 0.26785 0.2742615 1 1 1
3 P_3 58 58 0 0 0 1 1 1
3 P_3 59 59 0 0 0 1 1 1
3 P_3 60 60 0 0 0 1 1 1
3 P_3 61 61 0 0 0 1 1 1
3 P_3 62 62 0.0697715 0.07425 0.0789305 1 1 1
3 P_3 63 63 0 0 0 1 1 1
3 P_3 64 64 0.5 0.5 0.5 1 1 1
3 P_3 65 65 0.5 0.5 0.5 1 1 1
3 P_3 66 66 0 0 0 1 1 1
3 P_3 67 67 0.1520665 0.158 0.1640395 1 1 1
3 P_3 68 68 0 0 0 1 1 1
3 P_3 69 69 0.0697715 0.07425 0.0789305 1 1 1
3 P_3 70 70 0 0 0 1 1 1
3 P_3 71 71 0.2257885 0.2322 0.238632 1 1 1
3 P_3 72 72 0 0 0 1 1 1
3 P_3 73 73 0.2257885 0.2322 0.238632 1 1 1
3 P_3 74 74 0 0 0 1 1 1
3 P_3 75 75 0.1520665 0.158 0.1640395 1 1 1
3 P_3 76 76 0 0 0 1 1 1
3 P_3 77 77 0 0 0 1 1 1
3 P_3 78 78 0.1520665 0.158 0.1640395 1 1 1
3 P_3 79 79 0 0 0 1 1 1
3 P_3 80 80 0.2257885 0.2322 0.238632 1 1 1
3 P_3 81 81 0 0 0 1 1 1
3 P_3 82 82 0.261418 0.26785 0.2742615 1 1 1
3 P_3 83 83 0 0 0 1 1 1
3 P_3 84 84 0.5 0.5 0.5 1 1 1
3 P_3 85 85 0.2257885 0.2322 0.238632 1 1 1
3 P_3 86 86 0 0 0 1 1 1
3 P_3 87 87 0 0 0 1 1 1
3 P_3 88 88 0 0 0 1 1 1
3 P_3 89 89 0 0 0 1 1 1
3 P_3 90 90 0 0 0 1 1 1
3 P_3 91 91 0 0 0 1 1 1
3 P_3 92 92 0 0 0 1 1 1
3 P_3 93 93 0 0 0 1 1 1
3 P_3 94 94 0 0 0 1 1 1
3 P_3 95 95 0 0 0 1 1 1
3 P_3 96 96 0 0 0 1 1 1
3 P_3 97 97 0 0 0 1 1 1
3 P_3 98 98 0.5 0.5 0.5 1 1 1
3 P_3 99 99 0.2257885 0.2322 0.238632 1 1 1
3 P_3 100 100 0 0 0 1 1 1
3 P_3 101 101 0.5 0.5 0.5 1 1 1
3 P_3 102 102 0 0 0 1 1 1
3 P_3 103 103 0 0 0 1 1 1
3 P_3 104 104 0 0 0 1 1 1
3 P_3 105 105 0 0 0 1 1 1
3 P_3 106 106 0 0 0 1 1 1
3 P_3 107 107 0 0 0 1 1 1
3 P_3 108 108 0 0 0 1 1 1
3 P_3 109 109 0.5 0.5 0.5 1 1 1
3 P_3 110 110 0 0 0 1 1 1
3 P_3 111 111 0 0 0 1 1 1
3 P_3 112 112 0 0 0 1 1 1
3 P_3 113 113 0 0 0 1 1 1
3 P_3 114 114 0 0 0 1 1 1
3 P_3 115 115 0.0697715 0.07425 0.0789305 1 1 1
3 P_3 116 116 0.0697715 0.07425 0.0789305 1 1 1
3 P_3 117 117 0 0 0 1 1 1
3 P_3 118 118 0 0 0 1 1 1
3 P_3 119 119 0 0 0 1 1 1
3 P_3 120 120 0 0 0 1 1 1
3 P_3 121 121 0 0 0 1 1 1
3 P_3 122 122 0.1520665 0.158 0.1640395 1 1 1
3 P_3 123 123 0 0 0 1 1 1
3 P_3 124 124 0.1520665 0.158 0.1640395 1 1 1
3 P_3 125 125 0.2257885 0.2322 0.238632 1 1 1
3 P_3 126 126 0.5 0.5 0.5 1 1 1
3 P_3 127 127 0 0 0 1 1 1
3 P_3 128 128 0 0 0 1 1 1
3 P_3 129 129 0 0 0 1 1 1
3 P_3 130 130 0 0 0 1 1 1
3 P_3 131 131 0 0 0 1 1 1
3 P_3 132 132 0 0 0 1 1 1
3 P_3 133 133 0 0 0 1 1 1
3 P_3 134 134 0 0 0 1 1 1
3 P_3 135 135 0.261418 0.26785 0.2742615 1 1 1
3 P_3 136 136 0 0 0 1 1 1
3 P_3 137 137 0.1520665 0.158 0.1640395 1 1 1
3 P_3 138 138 0 0 0 1 1 1
3 P_3 139 139 0.261418 0.26785 0.2742615 1 1 1
3 P_3 140 140 0 0 0 1 1 1
3 P_3 141 141 0 0 0 1 1 1
3 P_3 142 142 0 0 0 1 1 1
3 P_3 143 143 0 0 0 1 1 1
3 P_3 144 144 0 0 0 1 1 1
3 P_3 145 145 0 0 0 1 1 1
3 P_3 146 146 0 0 0 1 1 1
3 P_3 147 147 0 0 0 1 1 1
3 P_3 148 148 0 0 0 1 1 1
3 P_3 149 149 0 0 0 1 1 1
3 P_3 150 150 0.0697715 0.07425 0.0789305 1 1 1
3 P_3 151 151 0 0 0 1 1 1
3 P_3 152 152 0.2257885 0.2322 0.238632 1 1 1
3 P_3 153 153 0.2257885 0.2322 0.238632 1 1 1
3 P_3 154 154 0 0 0 1 1 1
3 P_3 155 155 0 0 0 1 1 1
3 P_3 156 156 0 0 0 1 1 1
3 P_3 157 157 0.0697715 0.07425 0.0789305 1 1 1
3 P_3 158 158 0 0 0 1 1 1
3 P_3 159 159 0 0 0 1 1 1
3 P_3 160 160 0 0 0 1 1 1
3 P_3 161 161 0 0 0 1 1 1
3 P_3 162 162 0.1520665 0.158 0.1640395 1 1 1
3 P_3 163 163 0 0 0 1 1 1
3 P_3 164 164 0 0 0 1 1 1
3 P_3 165 165 0 0 0 1 1 1
3 P_3 166 166 0 0 0 1 1 1
3 P_3 167 167 0 0 0 1 1 1
3 P_3 168 168 0 0 0 1 1 1
3 P_3 169 169 0 0 0 1 1 1
3 P_3 170 170 0 0 0 1 1 1
3 P_3 171 171 0 0 0 1 1 1
3 P_3 172 172 0 0 0 1 1 1
3 P_3 173 173 0.2257885 0.2322 0.238632 1 1 1
3 P_3 174 174 0 0 0 1 1 1
3 P_3 175 175 0 0 0 1 1 1
3 P_3 176 176 0 0 0 1 1 1
3 P_3 177 177 0 0 0 1 1 1
3 P_3 178 178 0.0697715 0.07425 0.0789305 1 1 1
3 P_3 179 179 0 0 0 1 1 1
3 P_3 180 180 0.0697715 0.07425 0.0789305 1 1 1
3 P_3 181 181 0 0 0 1 1 1
3 P_3 182 182 0 0 0 1 1 1
3 P_3 183 183 0 0 0 1 1 1
3 P_3 184 184 0 0 0 1 1 1
3 P_3 185 185 0 0 0 1 1 1
3 P_3 186 186 0 0 0 1 1 1
3 P_3 187 187 0.1520665 0.158 0.1640395 1 1 1
3 P_3 188 188 0.261418 0.26785 0.2742615 1 1 1
3 P_3 189 189 0 0 0 1 1 1
3 P_3 190 190 0 0 0 1 1 1
3 P_3 191 191 0 0 0 1 1 1
3 P_3 192 192 0 0 0 1 1 1
3 P_3 193 193 0 0 0 1 1 1
3 P_3 194 194 0 0 0 1 1 1
3 P_3 195 195 0.2257885 0.2322 0.238632 1 1 1
3 P_3 196 196 0 0 0 1 1 1
3 P_3 197 197 0 0 0 1 1 1
3 P_3 198 198 0 0 0 1 1 1
3 P_3 199 199 0 0 0 1 1 1
3 P_3 200 200 0 0 0 1 1 1
3 P_3 201 201 0.5 0.5 0.5 1 1 1
3 P_3 202 202 0 0 0 1 1 1
3 P_3 203 203 0.261418 0.26785 0.2742615 1 1 1
3 P_3 204 204 0 0 0 1 1 1
3 P_3 205 205 0.1520665 0.158 0.1640395 1 1 1
3 P_3 206 206 0.1520665 0.158 0.1640395 1 1 1
3 P_3 207 207 0.261418 0.26785 0.2742615 1 1 1
3 P_3 208 208 0 0 0 1 1 1
3 P_3 209 209 0.1520665 0.158 0.1640395 1 1 1
3 P_3 210 210 0 0 0 1 1 1
3 P_3 211 211 0 0 0 1 1 1
3 P_3 212 212 0 0 0 1 1 1
3 P_3 213 213 0 0 0 1 1 1
3 P_3 214 214 0.1520665 0.158 0.1640395 1 1 1
3 P_3 215 215 0 0 0 1 1 1
3 P_3 216 216 0 0 0 1 1 1
3 P_3 217 217 0.1520665 0.158 0.1640395 1 1 1
3 P_3 218 218 0 0 0 1 1 1
3 P_3 219 219 0.1520665 0.158 0.1640395 1 1 1
3 P_3 220 220 0 0 0 1 1 1
3 P_3 221 221 0.5 0.5 0.5 1 1 1
3 P_3 222 222 0 0 0 1 1 1
3 P_3 223 223 0.5 0.5 0.5 1 1 1
3 P_3 224 224 0.261418 0.26785 0.2742615 1 1 1
3 P_3 225 225 0 0 0 1 1 1
3 P_3 226 226 0 0 0 1 1 1
3 P_3 227 227 0 0 0 1 1 1
3 P_3 228 228 0 0 0 1 1 1
3 P_3 229 229 0 0 0 1 1 1
3 P_3 230 230 0 0 0 1 1 1
3 P_3 231 231 0 0 0 1 1 1
3 P_3 232 232 0 0 0 1 1 1
3 P_3 233 233 0.1520665 0.158 0.1640395 1 1 1
3 P_3 234 234 0.5 0.5 0.5 1 1 1
3 P_3 235 235 0 0 0 1 1 1
3 P_3 236 236 0.5 0.5 0.5 1 1 1
3 P_3 237 237 0 0 0 1 1 1
3 P_3 238 238 0.261418 0.26785 0.2742615 1 1 1
3 P_3 239 239 0 0 0 1 1 1
3 P_3 240 240 0 0 0 1 1 1
3 P_3 241 241 0.1520665 0.158 0.1640395 1 1 1
3 P_3 242 242 0 0 0 1 1 1
3 P_3 243 243 0 0 0 1 1 1
3 P_3 244 244 0.1520665 0.158 0.1640395 1 1 1
3 P_3 245 245 0 0 0 1 1 1
3 P_3 246 246 0.2257885 0.2322 0.238632 1 1 1
3 P_3 247 247 0 0 0 1 1 1
3 P_3 248 248 0 0 0 1 1 1
3 P_3 249 249 0 0 0 1 1 1
3 P_3 250 250 0 0 0 1 1 1
3 P_3 251 251 0.2257885 0.2322 0.238632 1 1 1
3 P_3 252 252 0.1520665 0.158 0.1640395 1 1 1
3 P_3 253 253 0 0 0 1 1 1
3 P_3 254 254 0.261418 0.26785 0.2742615 1 1 1
3 P_3 255 255 0 0 0 1 1 1
3 P_3 256 256 0 0 0 1 1 1
3 P_3 257 257 0 0 0 1 1 1
3 P_3 258 258 0 0 0 1 1 1
3 P_3 259 259 0.261418 0.26785 0.2742615 1 1 1
3 P_3 260 260 0 0 0 1 1 1
3 P_3 261 261 0.1520665 0.158 0.1640395 1 1 1
3 P_3 262 262 0 0 0 1 1 1
3 P_3 263 263 0 0 0 1 1 1
3 P_3 264 264 0 0 0 1 1 1
3 P_3 265 265 0 0 0 1 1 1
3 P_3 266 266 0 0 0 1 1 1
3 P_3 267 267 0 0 0 1 1 1
3 P_3 268 268 0 0 0 1 1 1
3 P_3 269 269 0.1520665 0.158 0.1640395 1 1 1
3 P_3 270 270 0 0 0 1 1 1
3 P_3 271 271 0 0 0 1 1 1
3 P_3 272 272 0 0 0 1 1 1
3 P_3 273 273 0.1520665 0.158 0.1640395 1 1 1
3 P_3 274 274 0 0 0 1 1 1
3 P_3 275 275 0 0 0 1 1 1
3 P_3 276 276 0 0 0 1 1 1
3 P_3 277 277 0.0697715 0.07425 0.0789305 1 1 1
3 P_3 278 278 0 0 0 1 1 1
3 P_3 279 279 0 0 0 1 1 1
3 P_3 280 280 0.5 0.5 0.5 1 1 1
3 P_3 281 281 0.261418 0.26785 0.2742615 1 1 1
3 P_3 282 282 0 0 0 1 1 1
3 P_3 283 283 0 0 0 1 1 1
3 P_3 284 284 0 0 0 1 1 1
3 P_3 285 285 0 0 0 1 1 1
3 P_3 286 286 0 0 0 1 1 1
3 P_3 287 287 0 0 0 1 1 1
3 P_3 288 288 0 0 0 1 1 1
3 P_3 289 289 0.5 0.5 0.5 1 1 1
3 P_3 290 290 0.261418 0.26785 0.2742615 1 1 1
3 P_3 291 291 0 0 0 1 1 1
3 P_3 292 292 0.261418 0.26785 0.2742615 1 1 1
3 P_3 293 293 0 0 0 1 1 1
3 P_3 294 294 0.1520665 0.158 0.1640395 1 1 1
3 P_3 295 295 0 0 0 1 1 1
3 P_3 296 296 0.1520665 0.158 0.1640395 1 1 1
3 P_3 297 297 0.261418 0.26785 0.2742615 1 1 1
3 P_3 298 298 0 0 0 1 1 1
3 P_3 299 299 0 0 0 1 1 1
3 P_3 300 300 0.261418 0.26785 0.2742615 1 1 1
3 P_3 301 301 0 0 0 1 1 1
3 P_3 302 302 0.5 0.5 0.5 1 1 1
3 P_3 303 303 0 0 0 1 1 1
3 P_3 304 304 0 0 0 1 1 1
3 P_3 305 305 0 0 0 1 1 1
3 P_3 306 306 0.1520665 0.158 0.1640395 1 1 1
3 P_3 307 307 0.261418 0.26785 0.2742615 1 1 1
3 P_3 308 308 0.1520665 0.158 0.1640395 1 1 1
3 P_3 309 309 0 0 0 1 1 1
3 P_3 310 310 0 0 0 1 1 1
3 P_3 311 311 0 0 0 1 1 1
3 P_3 312 312 0.1520665 0.158 0.1640395 1 1 1
3 P_3 313 313 0 0 0 1 1 1
3 P_3 314 314 0 0 0 1 1 1
3 P_3 315 315 0 0 0 1 1 1
3 P_3 316 316 0 0 0 1 1 1
3 P_3 317 317 0.5 0.5 0.5 1 1 1
3 P_3 318 318 0 0 0 1 1 1
3 P_3 319 319 0 0 0 1 1 1
3 P_3 320 320 0 0 0 1 1 1
3 P_3 321 321 0 0 0 1 1 1
3 P_3 322 322 0.0697715 0.07425 0.0789305 1 1 1
3 P_3 323 323 0 0 0 1 1 1
3 P_3 324 324 0 0 0 1 1 1
3 P_3 325 325 0 0 0 1 1 1
3 P_3 326 326 0 0 0 1 1 1
3 P_3 327 327 0 0 0 1 1 1
3 P_3 328 328 0 0 0 1 1 1
3 P_3 329 329 0 0 0 1 1 1
3 P_3 330 330 0.1520665 0.158 0.1640395 1 1 1
3 P_3 331 331 0 0 0 1 1 1
3 P_3 332 332 0 0 0 1 1 1
3 P_3 333 333 0 0 0 1 1 1
3 P_3 334 334 0.1520665 0.158 0.1640395 1 1 1
3 P_3 335 335 0.1520665 0.158 0.1640395 1 1 1
3 P_3 336 336 0 0 0 1 1 1
3 P_3 337 337 0 0 0 1 1 1
3 P_3 338 338 0.261418 0.26785 0.2742615 1 1 1
3 P_3 339 339 0.1520665 0.158 0.1640395 1 1 1
3 P_3 340 340 0.261418 0.26785 0.2742615 1 1 1
3 P_3 341 341 0 0 0 1 1 1
3 P_3 342 342 0.261418 0.26785 0.2742615 1 1 1
3 P_3 343 343 0 0 0 1 1 1
3 P_3 344 344 0 0 0 1 1 1
3 P_3 345 345 0 0 0 1 1 1
3 P_3 346 346 0.0697715 0.07425 0.0789305 1 1 1
3 P_3 347 347 0.1520665 0.158 0.1640395 1 1 1
3 P_3 348 348 0 0 0 1 1 1
3 P_3 349 349 0.1520665 0.158 0.1640395 1 1 1
3 P_3 350 350 0 0 0 1 1 1
3 P_3 351 351 0.261418 0.26785 0.2742615 1 1 1
3 P_3 352 352 0 0 0 1 1 1
3 P_3 353 353 0 0 0 1 1 1
3 P_3 354 354 0 0 0 1 1 1
3 P_3 355 355 0.2257885 0.2322 0.238632 1 1 1
3 P_3 356 356 0 0 0 1 1 1
3 P_3 357 357 0 0 0 1 1 1
3 P_3 358 358 0 0 0 1 1 1
3 P_3 359 359 0 0 0 1 1 1
3 P_3 360 360 0.1520665 0.158 0.1640395 1 1 1
3 P_3 361 361 0.2257885 0.2322 0.238632 1 1 1
3 P_3 362 362 0.0697715 0.07425 0.0789305 1 1 1
3 P_3 363 363 0 0 0 1 1 1
3 P_3 364 364 0.0697715 0.07425 0.0789305 1 1 1
3 P_3 365 365 0 0 0 1 1 1
3 P_3 366 366 0.2257885 0.2322 0.238632 1 1 1
3 P_3 367 367 0.1520665 0.158 0.1640395 1 1 1
3 P_3 368 368 0 0 0 1 1 1
3 P_3 369 369 0.5 0.5 0.5 1 1 1
3 P_3 370 370 0 0 0 1 1 1
3 P_3 371 371 0 0 0 1 1 1
3 P_3 372 372 0 0 0 1 1 1
3 P_3 373 373 0 0 0 1 1 1
3 P_3 374 374 0 0 0 1 1 1
3 P_3 375 375 0 0 0 1 1 1
3 P_3 376 376 0.5 0.5 0.5 1 1 1
3 P_3 377 377 0 0 0 1 1 1
3 P_3 378 378 0 0 0 1 1 1
3 P_3 379 379 0 0 0 1 1 1
3 P_3 380 380 0 0 0 1 1 1
3 P_3 381 381 0 0 0 1 1 1
3 P_3 382 382 0 0 0 1 1 1
3 P_3 383 383 0.1520665 0.158 0.1640395 1 1 1
3 P_3 384 384 0 0 0 1 1 1
3 P_3 385 385 0 0 0 1 1 1
3 P_3 386 386 0 0 0 1 1 1
3 P_3 387 387 0 0 0 1 1 1
3 P_3 388 388 0 0 0 1 1 1
3 P_3 389 389 0 0 0 1 1 1
3 P_3 390 390 0 0 0 1 1 1
3 P_3 391 391 0.261418 0.26785 0.2742615 1 1 1
3 P_3 392 392 0 0 0 1 1 1
3 P_3 393 393 0 0 0 1 1 1
3 P_3 394 394 0.0697715 0.07425 0.0789305 1 1 1
3 P_3 395 395 0.2257885 0.2322 0.238632 1 1 1
3 P_3 396 396 0.1520665 0.158 0.1640395 1 1 1
3 P_3 397 397 0 0 0 1 1 1
3 P_3 398 398 0 0 0 1 1 1
3 P_3 399 399 0.5 0.5 0.5 1 1 1
3 P_3 400 400 0 0 0 1 1 1
3 P_3 401 401 0 0 0 1 1 1
3 P_3 402 402 0 0 0 1 1 1
3 P_3 403 403 0 0 0 1 1 1
3 P_3 404 404 0 0 0 1 1 1
3 P_3 405 405 0 0 0 1 1 1
3 P_3 406 406 0 0 0 1 1 1
3 P_3 407 407 0 0 0 1 1 1
3 P_3 408 408 0 0 0 1 1 1
3 P_3 409 409 0 0 0 1 1 1
3 P_3 410 410 0 0 0 1 1 1
3 P_3 411 411 0.1520665 0.158 0.1640395 1 1 1
3 P_3 412 412 0 0 0 1 1 1
3 P_3 413 413 0.2257885 0.2322 0.238632 1 1 1
3 P_3 414 414 0 0 0 1 1 1
3 P_3 415 415 0 0 0 1 1 1
3 P_3 416 416 0.1520665 0.158 0.1640395 1 1 1
3 P_3 417 417 0 0 0 1 1 1
3 P_3 418 418 0 0 0 1 1 1
3 P_3 419 419 0 0 0 1 1 1
3 P_3 420 420 0 0 0 1 1 1
3 P_3 421 421 0 0 0 1 1 1
3 P_3 422 422 0.261418 0.26785 0.2742615 1 1 1
3 P_3 423 423 0.1520665 0.158 0.1640395 1 1 1
3 P_3 424 424 0 0 0 1 1 1
3 P_3 425 425 0.261418 0.26785 0.2742615 1 1 1
3 P_3 426 426 0 0 0 1 1 1
3 P_3 427 427 0.5 0.5 0.5 1 1 1
3 P_3 428 428 0.0697715 0.07425 0.0789305 1 1 1
3 P_3 429 429 0.261418 0.26785 0.2742615 1 1 1
3 P_3 430 430 0 0 0 1 1 1
3 P_3 431 431 0 0 0 1 1 1
3 P_3 432 432 0 0 0 1 1 1
3 P_3 433 433 0 0 0 1 1 1
3 P_3 434 434 0.0697715 0.07425 0.0789305 1 1 1
3 P_3 435 435 0.0697715 0.07425 0.0789305 1 1 1
3 P_3 436 436 0 0 0 1 1 1
3 P_3 437 437 0 0 0 1 1 1
3 P_3 438 438 0 0 0 1 1 1
3 P_3 439 439 0 0 0 1 1 1
3 P_3 440 440 0 0 0 1 1 1
4 P_1 0 0 0.0727925 0.07735 0.0821065 1 1 1
4 P_1 1 1 0 0 0 1 1 1
4 P_1 2 2 0 0 0 1 1 1
4 P_1 3 3 0 0 0 1 1 1
4 P_1 4 4 0.222846 0.22925 0.235678 1 1 1
4 P_1 5 5 0 0 0 1 1 1
4 P_1 6 6 0 0 0 1 1 1
4 P_1 7 7 0.187261 0.1935 0.199804 1 1 1
4 P_1 8 8 0.222846 0.22925 0.235678 1 1 1
4 P_1 9 9 0 0 0 1 1 1
4 P_1 10 10 0.187261 0.1935 0.199804 1 1 1
4 P_1 11 11 0.187261 0.1935 0.199804 1 1 1
4 P_1 12 12 0.0727925 0.07735 0.0821065 1 1 1
4 P_1 13 13 0 0 0 1 1 1
4 P_1 14 14 0 0 0 1 1 1
4 P_1 15 15 0.0727925 0.07735 0.0821065 1 1 1
4 P_1 16 16 0.187261 0.1935 0.199804 1 1 1
4 P_1 17 17 0.222846 0.22925 0.235678 1 1 1
4 P_1 18 18 0 0 0 1 1 1
4 P_1 19 19 0 0 0 1 1 1
4 P_1 20 20 0 0 0 1 1 1
4 P_1 21 21 0 0 0 1 1 1
4 P_1 22 22 0 0 0 1 1 1
4 P_1 23 23 0.2643725 0.2708 0.2772035 1 1 1
4 P_1 24 24 0 0 0 1 1 1
4 P_1 25 25 0.222846 0.22925 0.235678 1 1 1
4 P_1 26 26 0 0 0 1 1 1
4 P_1 27 27 0 0 0 1 1 1
4 P_1 28 28 0 0 0 1 1 1
4 P_1 29 29 0 0 0 1 1 1
4 P_1 30 30 0.0727925 0.07735 0.0821065 1 1 1
4 P_1 31 31 0 0 0 1 1 1
4 P_1 32 32 0.0727925 0.07735 0.0821065 1 1 1
4 P_1 33 33 0 0 0 1 1 1
4 P_1 34 34 0.0727925 0.07735 0.0821065 1 1 1
4 P_1 35 35 0 0 0 1 1 1
4 P_1 36 36 0 0 0 1 1 1
4 P_1 37 37 0 0 0 1 1 1
4 P_1 38 38 0 0 0 1 1 1
4 P_1 39 39 0 0 0 1 1 1
4 P_1 40 40 0.222846 0.22925 0.235678 1 1 1
4 P_1 41 41 0 0 0 1 1 1
4 P_1 42 42 0 0 0 1 1 1
4 P_1 43 43 0.0727925 0.07735 0.0821065 1 1 1
4 P_1 44 44 0 0 0 1 1 1
4 P_1 45 45 0 0 0 1 1 1
4 P_1 46 46 0 0 0 1 1 1
4 P_1 47 47 0 0 0 1 1 1
4 P_1 48 48 0 0 0 1 1 1
4 P_1 49 49 0 0 0 1 1 1
4 P_1 50 50 0 0 0 1 1 1
4 P_1 51 51 0 0 0 1 1 1
4 P_1 52 52 0 0 0 1 1 1
4 P_1 53 53 0 0 0 1 1 1
4 P_1 54 54 0 0 0 1 1 1
4 P_1 55 55 0.0727925 0.07735 0.0821065 1 1 1
4 P_1 56 56 0 0 0 1 1 1
4 P_1 57 57 0 0 0 1 1 1
4 P_1 58 58 0.222846 0.22925 0.235678 1 1 1
4 P_1 59 59 0 0 0 1 1 1
4 P_1 60 60 0.0727925 0.07735 0.0821065 1 1 1
4 P_1 61 61 0 0 0 1 1 1
4 P_1 62 62 0 0 0 1 1 1
4 P_1 63 63 0 0 0 1 1 1
4 P_1 64 64 0.187261 0.1935 0.199804 1 1 1
4 P_1 65 65 0.187261 0.1935 0.199804 1 1 1
4 P_1 66 66 0 0 0 1 1 1
4 P_1 67 67 0.187261 0.1935 0.199804 1 1 1
4 P_1 68 68 0 0 0 1 1 1
4 P_1 69 69 0 0 0 1 1 1
4 P_1 70 70 0 0 0 1 1 1
4 P_1 71 71 0.187261 0.1935 0.199804 1 1 1
4 P_1 72 72 0.0727925 0.07735 0.0821065 1 1 1
4 P_1 73 73 0.187261 0.1935 0.199804 1 1 1
4 P_1 74 74 0 0 0 1 1 1
4 P_1 75 75 0.187261 0.1935 0.199804 1 1 1
4 P_1 76 76 0 0 0 1 1 1
4 P_1 77 77 0.222846 0.22925 0.235678 1 1 1
4 P_1 78 78 0.187261 0.1935 0.199804 1 1 1
4 P_1 79 79 0 0 0 1 1 1
4 P_1 80 80 0.187261 0.1935 0.199804 1 1 1
4 P_1 81 81 0 0 0 1 1 1
4 P_1 82 82 0 0 0 1 1 1
4 P_1 83 83 0.222846 0.22925 0.235678 1 1 1
4 P_1 84 84 0.2643725 0.2708 0.2772035 1 1 1
4 P_1 85 85 0.187261 0.1935 0.199804 1 1 1
4 P_1 86 86 0 0 0 1 1 1
4 P_1 87 87 0 0 0 1 1 1
4 P_1 88 88 0 0 0 1 1 1
4 P_1 89 89 0 0 0 1 1 1
4 P_1 90 90 0 0 0 1 1 1
4 P_1 91 91 0.222846 0.22925 0.235678 1 1 1
4 P_1 92 92 0 0 0 1 1 1
4 P_1 93 93 0 0 0 1 1 1
4 P_1 94 94 0 0 0 1 1 1
4 P_1 95 95 0 0 0 1 1 1
4 P_1 96 96 0 0 0 1 1 1
4 P_1 97 97 0 0 0 1 1 1
4 P_1 98 98 0.2643725 0.2708 0.2772035 1 1 1
4 P_1 99 99 0.187261 0.1935 0.199804 1 1 1
4 P_1 100 100 0 0 0 1 1 1
4 P_1 101 101 0.187261 0.1935 0.199804 1 1 1
4 P_1 102 102 0 0 0 1 1 1
4 P_1 103 103 0.222846 0.22925 0.235678 1 1 1
4 P_1 104 104 0 0 0 1 1 1
4 P_1 105 105 0.222846 0.22925 0.235678 1 1 1
4 P_1 106 106 0 0 0 1 1 1
4 P_1 107 107 0.0727925 0.07735 0.0821065 1 1 1
4 P_1 108 108 0.222846 0.22925 0.235678 1 1 1
4 P_1 109 109 0.2643725 0.2708 0.2772035 1 1 1
4 P_1 110 110 0 0 0 1 1 1
4 P_1 111 111 0 0 0 1 1 1
4 P_1 112 112 0.222846 0.22925 0.235678 1 1 1
4 P_1 113 113 0 0 0 1 1 1
4 P_1 114 114 0 0 0 1 1 1
4 P_1 115 115 0 0 0 1 1 1
4 P_1 116 116 0 0 0 1 1 1
4 P_1 117 117 0 0 0 1 1 1
4 P_1 118 118 0 0 0 1 1 1
4 P_1 119 119 0.222846 0.22925 0.235678 1 1 1
4 P_1 120 120 0 0 0 1 1 1
4 P_1 121 121 0 0 0 1 1 1
4 P_1 122 122 0.187261 0.1935 0.199804 1 1 1
4 P_1 123 123 0 0 0 1 1 1
4 P_1 124 124 0.187261 0.1935 0.199804 1 1 1
4 P_1 125 125 0.187261 0.1935 0.199804 1 1 1
4 P_1 126 126 0.2643725 0.2708 0.2772035 1 1 1
4 P_1 127 127 0 0 0 1 1 1
4 P_1 128 128 0 0 0 1 1 1
4 P_1 129 129 0.222846 0.22925 0.235678 1 1 1
4 P_1 130 130 0 0 0 1 1 1
4 P_1 131 131 0 0 0 1 1 1
4 P_1 132 132 0 0 0 1 1 1
4 P_1 133 133 0 0 0 1 1 1
4 P_1 134 134 0 0 0 1 1 1
4 P_1 135 135 0 0 0 1 1 1
4 P_1 136 136 0.222846 0.22925 0.235678 1 1 1
4 P_1 137 137 0.187261 0.1935 0.199804 1 1 1
4 P_1 138 138 0 0 0 1 1 1
4 P_1 139 139 0 0 0 1 1 1
4 P_1 140 140 0 0 0 1 1 1
4 P_1 141 141 0 0 0 1 1 1
4 P_1 142 142 0 0 0 1 1 1
4 P_1 143 143 0 0 0 1 1 1
4 P_1 144 144 0 0 0 1 1 1
4 P_1 145 145 0 0 0 1 1 1
4 P_1 146 146 0.222846 0.22925 0.235678 1 1 1
4 P_1 147 147 0 0 0 1 1 1
4 P_1 148 148 0 0 0 1 1 1
4 P_1 149 149 0.222846 0.22925 0.235678 1 1 1
4 P_1 150 150 0 0 0 1 1 1
4 P_1 151 151 0 0 0 1 1 1
4 P_1 152 152 0.187261 0.1935 0.199804 1 1 1
4 P_1 153 153 0.187261 0.1935 0.199804 1 1 1
4 P_1 154 154 0 0 0 1 1 1
4 P_1 155 155 0.222846 0.22925 0.235678 1 1 1
4 P_1 156 156 0 0 0 1 1 1
4 P_1 157 157 0 0 0 1 1 1
4 P_1 158 158 0 0 0 1 1 1
4 P_1 159 159 0 0 0 1 1 1
4 P_1 160 160 0 0 0 1 1 1
4 P_1 161 161 0 0 0 1 1 1
4 P_1 162 162 0.187261 0.1935 0.199804 1 1 1
4 P_1 163 163 0 0 0 1 1 1
4 P_1 164 164 0.0727925 0.07735 0.0821065 1 1 1
4 P_1 165 165 0.222846 0.22925 0.235678 1 1 1
4 P_1 166 166 0 0 0 1 1 1
4 P_1 167 167 0 0 0 1 1 1
4 P_1 168 168 0 0 0 1 1 1
4 P_1 169 169 0 0 0 1 1 1
4 P_1 170 170 0.222846 0.22925 0.235678 1 1 1
4 P_1 171 171 0 0 0 1 1 1
4 P_1 172 172 0.222846 0.22925 0.235678 1 1 1
4 P_1 173 173 0.187261 0.1935 0.199804 1 1 1
4 P_1 174 174 0.0727925 0.07735 0.0821065 1 1 1
4 P_1 175 175 0 0 0 1 1 1
4 P_1 176 176 0 0 0 1 1 1
4 P_1 177 177 0 0 0 1 1 1
4 P_1 178 178 0 0 0 1 1 1
4 P_1 179 179 0 0 0 1 1 1
4 P_1 180 180 0 0 0 1 1 1
4 P_1 181 181 0 0 0 1 1 1
4 P_1 182 182 0.222846 0.22925 0.235678 1 1 1
4 P_1 183 183 0 0 0 1 1 1
4 P_1 184 184 0.222846 0.22925 0.235678 1 1 1
4 P_1 185 185 0 0 0 1 1 1
4 P_1 186 186 0.0727925 0.07735 0.0821065 1 1 1
4 P_1 187 187 0.187261 0.1935 0.199804 1 1 1
4 P_1 188 188 0 0 0 1 1 1
4 P_1 189 189 0 0 0 1 1 1
4 P_1 190 190 0 0 0 1 1 1
4 P_1 191 191 0 0 0 1 1 1
4 P_1 192 192 0 0 0 1 1 1
4 P_1 193 193 0.222846 0.22925 0.235678 1 1 1
4 P_1 194 194 0 0 0 1 1 1
4 P_1 195 195 0.187261 0.1935 0.199804 1 1 1
4 P_1 196 196 0.0727925 0.07735 0.0821065 1 1 1
4 P_1 197 197 0 0 0 1 1 1
4 P_1 198 198 0.222846 0.22925 0.235678 1 1 1
4 P_1 199 199 0 0 0 1 1 1
4 P_1 200 200 0 0 0 1 1 1
4 P_1 201 201 0.187261 0.1935 0.199804 1 1 1
4 P_1 202 202 0 0 0 1 1 1
4 P_1 203 203 0 0 0 1 1 1
4 P_1 204 204 0.222846 0.22925 0.235678 1 1 1
4 P_1 205 205 0.187261 0.1935 0.199804 1 1 1
4 P_1 206 206 0.187261 0.1935 0.199804 1 1 1
4 P_1 207 207 0 0 0 1 1 1
4 P_1 208 208 0 0 0 1 1 1
4 P_1 209 209 0.187261 0.1935 0.199804 1 1 1
4 P_1 210 210 0 0 0 1 1 1
4 P_1 211 211 0 0 0 1 1 1
4 P_1 212 212 0 0 0 1 1 1
4 P_1 213 213 0 0 0 1 1 1
4 P_1 214 214 0.187261 0.1935 0.199804 1 1 1
4 P_1 215 215 0 0 0 1 1 1
4 P_1 216 216 0 0 0 1 1 1
4 P_1 217 217 0.187261 0.1935 0.199804 1 1 1
4 P_1 218 218 0.0727925 0.07735 0.0821065 1 1 1
4 P_1 219 219 0.187261 0.1935 0.199804 1 1 1
4 P_1 220 220 0 0 0 1 1 1
4 P_1 221 221 0.2643725 0.2708 0.2772035 1 1 1
4 P_1 222 222 0.222846 0.22925 0.235678 1 1 1
4 P_1 223 223 0.187261 0.1935 0.199804 1 1 1
4 P_1 224 224 0 0 0 1 1 1
4 P_1 225 225 0 0 0 1 1 1
4 P_1 226 226 0 0 0 1 1 1
4 P_1 227 227 0 0 0 1 1 1
4 P_1 228 228 0 0 0 1 1 1
4 P_1 229 229 0 0 0 1 1 1
4 P_1 230 230 0 0 0 1 1 1
4 P_1 231 231 0 0 0 1 1 1
4 P_1 232 232 0 0 0 1 1 1
4 P_1 233 233 0.187261 0.1935 0.199804 1 1 1
4 P_1 234 234 0.187261 0.1935 0.199804 1 1 1
4 P_1 235 235 0.222846 0.22925 0.235678 1 1 1
4 P_1 236 236 0.187261 0.1935 0.199804 1 1 1
4 P_1 237 237 0 0 0 1 1 1
4 P_1 238 238 0 0 0 1 1 1
4 P_1 239 239 0.0727925 0.07735 0.0821065 1 1 1
4 P_1 240 240 0 0 0 1 1 1
4 P_1 241 241 0.187261 0.1935 0.199804 1 1 1
4 P_1 242 242 0 0 0 1 1 1
4 P_1 243 243 0 0 0 1 1 1
4 P_1 244 244 0.187261 0.1935 0.199804 1 1 1
4 P_1 245 245 0 0 0 1 1 1
4 P_1 246 246 0.187261 0.1935 0.199804 1 1 1
4 P_1 247 247 0 0 0 1 1 1
4 P_1 248 248 0 0 0 1 1 1
4 P_1 249 249 0 0 0 1 1 1
4 P_1 250 250 0 0 0 1 1 1
4 P_1 251 251 0.187261 0.1935 0.199804 1 1 1
4 P_1 252 252 0.187261 0.1935 0.199804 1 1 1
4 P_1 253 253 0 0 0 1 1 1
4 P_1 254 254 0 0 0 1 1 1
4 P_1 255 255 0 0 0 1 1 1
4 P_1 256 256 0 0 0 1 1 1
4 P_1 257 257 0 0 0 1 1 1
4 P_1 258 258 0 0 0 1 1 1
4 P_1 259 259 0 0 0 1 1 1
4 P_1 260 260 0 0 0 1 1 1
4 P_1 261 261 0.187261 0.1935 0.199804 1 1 1
4 P_1 262 262 0.0727925 0.07735 0.0821065 1 1 1
4 P_1 263 263 0 0 0 1 1 1
4 P_1 264 264 0 0 0 1 1 1
4 P_1 265 265 0 0 0 1 1 1
4 P_1 266 266 0 0 0 1 1 1
4 P_1 267 267 0 0 0 1 1 1
4 P_1 268 268 0 0 0 1 1 1
4 P_1 269 269 0.187261 0.1935 0.199804 1 1 1
4 P_1 270 270 0 0 0 1 1 1
4 P_1 271 271 0 0 0 1 1 1
4 P_1 272 272 0 0 0 1 1 1
4 P_1 273 273 0.187261 0.1935 0.199804 1 1 1
4 P_1 274 274 0 0 0 1 1 1
4 P_1 275 275 0 0 0 1 1 1
4 P_1 276 276 0 0 0 1 1 1
4 P_1 277 277 0 0 0 1 1 1
4 P_1 278 278 0 0 0 1 1 1
4 P_1 279 279 0.222846 0.22925 0.235678 1 1 1
4 P_1 280 280 0.187261 0.1935 0.199804 1 1 1
4 P_1 281 281 0 0 0 1 1 1
4 P_1 282 282 0 0 0 1 1 1
4 P_1 283 283 0 0 0 1 1 1
4 P_1 284 284 0 0 0 1 1 1
4 P_1 285 285 0.222846 0.22925 0.235678 1 1 1
4 P_1 286 286 0 0 0 1 1 1
4 P_1 287 287 0 0 0 1 1 1
4 P_1 288 288 0 0 0 1 1 1
4 P_1 289 289 0.187261 0.1935 0.199804 1 1 1
4 P_1 290 290 0 0 0 1 1 1
4 P_1 291 291 0 0 0 1 1 1
4 P_1 292 292 0 0 0 1 1 1
4 P_1 293 293 0.0727925 0.07735 0.0821065 1 1 1
4 P_1 294 294 0.187261 0.1935 0.199804 1 1 1
4 P_1 295 295 0 0 0 1 1 1
4 P_1 296 296 0.187261 0.1935 0.199804 1 1 1
4 P_1 297 297 0 0 0 1 1 1
4 P_1 298 298 0 0 0 1 1 1
4 P_1 299 299 0 0 0 1 1 1
4 P_1 300 300 0 0 0 1 1 1
4 P_1 301 301 0 0 0 1 1 1
4 P_1 302 302 0.187261 0.1935 0.199804 1 1 1
4 P_1 303 303 0.0727925 0.07735 0.0821065 1 1 1
4 P_1 304 304 0 0 0 1 1 1
4 P_1 305 305 0 0 0 1 1 1
4 P_1 306 306 0.187261 0.1935 0.199804 1 1 1
4 P_1 307 307 0 0 0 1 1 1
4 P_1 308 308 0.187261 0.1935 0.199804 1 1 1
4 P_1 309 309 0 0 0 1 1 1
4 P_1 310 310 0 0 0 1 1 1
4 P_1 311 311 0.222846 0.22925 0.235678 1 1 1
4 P_1 312 312 0.187261 0.1935 0.199804 1 1 1
4 P_1 313 313 0 0 0 1 1 1
4 P_1 314 314 0 0 0 1 1 1
4 P_1 315 315 0.222846 0.22925 0.235678 1 1 1
4 P_1 316 316 0.222846 0.22925 0.235678 1 1 1
4 P_1 317 317 0.2643725 0.2708 0.2772035 1 1 1
4 P_1 318 318 0 0 0 1 1 1
4 P_1 319 319 0 0 0 1 1 1
4 P_1 320 320 0 0 0 1 1 1
4 P_1 321 321 0 0 0 1 1 1
4 P_1 322 322 0 0 0 1 1 1
4 P_1 323 323 0 0 0 1 1 1
4 P_1 324 324 0 0 0 1 1 1
4 P_1 325 325 0 0 0 1 1 1
4 P_1 326 326 0 0 0 1 1 1
4 P_1 327 327 0.222846 0.22925 0.235678 1 1 1
4 P_1 328 328 0.222846 0.22925 0.235678 1 1 1
4 P_1 329 329 0.0727925 0.07735 0.0821065 1 1 1
4 P_1 330 330 0.187261 0.1935 0.199804 1 1 1
4 P_1 331 331 0.222846 0.22925 0.235678 1 1 1
4 P_1 332 332 0 0 0 1 1 1
4 P_1 333 333 0.0727925 0.07735 0.0821065 1 1 1
4 P_1 334 334 0.187261 0.1935 0.199804 1 1 1
4 P_1 335 335 0.187261 0.1935 0.199804 1 1 1
4 P_1 336 336 0 0 0 1 1 1
4 P_1 337 337 0.0727925 0.07735 0.0821065 1 1 1
4 P_1 338 338 0 0 0 1 1 1
4 P_1 339 339 0.187261 0.1935 0.199804 1 1 1
4 P_1 340 340 0 0 0 1 1 1
4 P_1 341 341 0 0 0 1 1 1
4 P_1 342 342 0 0 0 1 1 1
4 P_1 343 343 0 0 0 1 1 1
4 P_1 344 344 0 0 0 1 1 1
4 P_1 345 345 0 0 0 1 1 1
4 P_1 346 346 0 0 0 1 1 1
4 P_1 347 347 0.187261 0.1935 0.199804 1 1 1
4 P_1 348 348 0 0 0 1 1 1
4 P_1 349 349 0.187261 0.1935 0.199804 1 1 1
4 P_1 350 350 0 0 0 1 1 1
4 P_1 351 351 0 0 0 1 1 1
4 P_1 352 352 0 0 0 1 1 1
4 P_1 353 353 0 0 0 1 1 1
4 P_1 354 354 0 0 0 1 1 1
4 P_1 355 355 0.187261 0.1935 0.199804 1 1 1
4 P_1 356 356 0.222846 0.22925 0.235678 1 1 1
4 P_1 357 357 0 0 0 1 1 1
4 P_1 358 358 0.0727925 0.07735 0.0821065 1 1 1
4 P_1 359 359 0 0 0 1 1 1
4 P_1 360 360 0.187261 0.1935 0.199804 1 1 1
4 P_1 361 361 0.187261 0.1935 0.199804 1 1 1
4 P_1 362 362 0 0 0 1 1 1
4 P_1 363 363 0 0 0 1 1 1
4 P_1 364 364 0 0 0 1 1 1
4 P_1 365 365 0 0 0 1 1 1
4 P_1 366 366 0.187261 0.1935 0.199804 1 1 1
4 P_1 367 367 0.187261 0.1935 0.199804 1 1 1
4 P_1 368 368 0 0 0 1 1 1
4 P_1 369 369 0.2643725 0.2708 0.2772035 1 1 1
4 P_1 370 370 0 0 0 1 1 1
4 P_1 371 371 0.222846 0.22925 0.235678 1 1 1
4 P_1 372 372 0 0 0 1 1 1
4 P_1 373 373 0 0 0 1 1 1
4 P_1 374 374 0.0727925 0.07735 0.0821065 1 1 1
4 P_1 375 375 0 0 0 1 1 1
4 P_1 376 376 0.2643725 0.2708 0.2772035 1 1 1
4 P_1 377 377 0 0 0 1 1 1
4 P_1 378 378 0 0 0 1 1 1
4 P_1 379 379 0 0 0 1 1 1
4 P_1 380 380 0 0 0 1 1 1
4 P_1 381 381 0 0 0 1 1 1
4 P_1 382 382 0.222846 0.22925 0.235678 1 1 1
4 P_1 383 383 0.187261 0.1935 0.199804 1 1 1
4 P_1 384 384 0.222846 0.22925 0.235678 1 1 1
4 P_1 385 385 0 0 0 1 1 1
4 P_1 386 386 0 0 0 1 1 1
4 P_1 387 387 0.222846 0.22925 0.235678 1 1 1
4 P_1 388 388 0 0 0 1 1 1
4 P_1 389 389 0.222846 0.22925 0.235678 1 1 1
4 P_1 390 390 0.0727925 0.07735 0.0821065 1 1 1
4 P_1 391 391 0 0 0 1 1 1
4 P_1 392 392 0.222846 0.22925 0.235678 1 1 1
4 P_1 393 393 0 0 0 1 1 1
4 P_1 394 394 0 0 0 1 1 1
4 P_1 395 395 0.187261 0.1935 0.199804 1 1 1
4 P_1 396 396 0.187261 0.1935 0.199804 1 1 1
4 P_1 397 397 0.222846 0.22925 0.235678 1 1 1
4 P_1 398 398 0.222846 0.22925 0.235678 1 1 1
4 P_1 399 399 0.5 0.5 0.5 1 1 1
4 P_1 400 400 0 0 0 1 1 1
4 P_1 401 401 0 0 0 1 1 1
4 P_1 402 402 0.0727925 0.07735 0.0821065 1 1 1
4 P_1 403 403 0 0 0 1 1 1
4 P_1 404 404 0 0 0 1 1 1
4 P_1 405 405 0 0 0 1 1 1
4 P_1 406 406 0.0727925 0.07735 0.0821065 1 1 1
4 P_1 407 407 0.0727925 0.07735 0.0821065 1 1 1
4 P_1 408 408 0 0 0 1 1 1
4 P_1 409 409 0.222846 0.22925 0.235678 1 1 1
4 P_1 410 410 0 0 0 1 1 1
4 P_1 411 411 0.187261 0.1935 0.199804 1 1 1
4 P_1 412 412 0 0 0 1 1 1
4 P_1 413 413 0.187261 0.1935 0.199804 1 1 1
4 P_1 414 414 0 0 0 1 1 1
4 P_1 415 415 0.0727925 0.07735 0.0821065 1 1 1
4 P_1 416 416 0.187261 0.1935 0.199804 1 1 1
4 P_1 417 417 0.222846 0.22925 0.235678 1 1 1
4 P_1 418 418 0 0 0 1 1 1
4 P_1 419 419 0 0 0 1 1 1
4 P_1 420 420 0 0 0 1 1 1
4 P_1 421 421 0.222846 0.22925 0.235678 1 1 1
4 P_1 422 422 0 0 0 1 1 1
4 P_1 423 423 0.187261 0.1935 0.199804 1 1 1
4 P_1 424 424 0 0 0 1 1 1
4 P_1 425 425 0 0 0 1 1 1
4 P_1 426 426 0 0 0 1 1 1
4 P_1 427 427 0.2643725 0.2708 0.2772035 1 1 1
4 P_1 428 428 0 0 0 1 1 1
4 P_1 429 429 0 0 0 1 1 1
4 P_1 430 430 0 0 0 1 1 1
4 P_1 431 431 0 0 0 1 1 1
4 P_1 432 432 0 0 0 1 1 1
4 P_1 433 433 0 0 0 1 1 1
4 P_1 434 434 0 0 0 1 1 1
4 P_1 435 435 0 0 0 1 1 1
4 P_1 436 436 0.222846 0.22925 0.235678 1 1 1
4 P_1 437 437 0 0 0 1 1 1
4 P_1 438 438 0 0 0 1 1 1
4 P_1 439 439 0 0 0 1 1 1
4 P_1 440 440 0 0 0 1 1 1
