5 #m
491 #n
0 P_1 0 0 0 0 0 1 1 1
0 P_1 1 1 0 0 0 1 1 1
0 P_1 2 2 0.086079 0.1016016016016016 0.1188275 1 1 1
0 P_1 3 3 0 0 0 1 1 1
0 P_1 4 4 0 0 0 1 1 1
0 P_1 5 5 0 0 0 1 1 1
0 P_1 6 6 0.350185 0.36890243902439024 0.386234 1 1 1
0 P_1 7 7 0 0 0 1 1 1
0 P_1 8 8 0.113401 0.13072227873855544 0.149435 1 1 1
0 P_1 9 9 0 0 0 1 1 1
0 P_1 10 10 0.093508 0.10964467005076142 0.127415 1 1 1
0 P_1 11 11 0 0 0 1 1 1
0 P_1 12 12 0.108382 0.12537917087967643 0.1438215 1 1 1
0 P_1 13 13 0 0 0 1 1 1
0 P_1 14 14 0 0 0 1 1 1
0 P_1 15 15 0.2483055 0.26887755102040817 0.289229 1 1 1
0 P_1 16 16 0 0 0 1 1 1
0 P_1 17 17 0.0859015 0.10192102454642477 0.1197525 1 1 1
0 P_1 18 18 0.247527 0.2677514792899408 0.287775 1 1 1
0 P_1 19 19 0 0 0 1 1 1
0 P_1 20 20 0.230326 0.25024015369836694 0.2701515 1 1 1
0 P_1 21 21 0.25319 0.2733990147783251 0.2933435 1 1 1
0 P_1 22 22 0.0876185 0.1033434650455927 0.120772 1 1 1
0 P_1 23 23 0.080991 0.09585741811175337 0.112427 1 1 1
0 P_1 24 24 0.1114905 0.1288981288981289 0.1477495 1 1 1
0 P_1 25 25 0.0803645 0.0955510616784631 0.1125285 1 1 1
0 P_1 26 26 0 0 0 1 1 1
0 P_1 27 27 0.079752 0.09492385786802031 0.111901 1 1 1
0 P_1 28 28 0 0 0 1 1 1
0 P_1 29 29 0 0 0 1 1 1
0 P_1 30 30 0.242182 0.26272912423625255 0.2831275 1 1 1
0 P_1 31 31 0.09002 0.10578842315369262 0.1232075 1 1 1
0 P_1 32 32 0.262076 0.2824773413897281 0.3025035 1 1 1
0 P_1 33 33 0.0846915 0.10020242914979757 0.117452 1 1 1
0 P_1 34 34 0.241548 0.2613421550094518 0.281013 1 1 1
0 P_1 35 35 0 0 0 1 1 1
0 P_1 36 36 0.1181685 0.135386119257087 0.1538885 1 1 1
0 P_1 37 37 0.2456655 0.26652675760755506 0.2871895 1 1 1
0 P_1 38 38 0 0 0 1 1 1
0 P_1 39 39 0.088348 0.10398009950248756 0.1212785 1 1 1
0 P_1 40 40 0.0779505 0.09331919406150584 0.1105925 1 1 1
0 P_1 41 41 0 0 0 1 1 1
0 P_1 42 42 0 0 0 1 1 1
0 P_1 43 43 0 0 0 1 1 1
0 P_1 44 44 0 0 0 1 1 1
0 P_1 45 45 0.1160925 0.13286384976525822 0.150897 1 1 1
0 P_1 46 46 0.333804 0.35223048327137546 0.369567 1 1 1
0 P_1 47 47 0 0 0 1 1 1
0 P_1 48 48 0 0 0 1 1 1
0 P_1 49 49 0 0 0 1 1 1
0 P_1 50 50 0.343467 0.3628177966101695 0.3807985 1 1 1
0 P_1 51 51 0 0 0 1 1 1
0 P_1 52 52 0 0 0 1 1 1
0 P_1 53 53 0.2478115 0.2684049079754601 0.2887825 1 1 1
0 P_1 54 54 0 0 0 1 1 1
0 P_1 55 55 0 0 0 1 1 1
0 P_1 56 56 0.116423 0.13391038696537677 0.152753 1 1 1
0 P_1 57 57 0 0 0 1 1 1
0 P_1 58 58 0 0 0 1 1 1
0 P_1 59 59 0.2575425 0.278118609406953 0.298365 1 1 1
0 P_1 60 60 0.2499565 0.270392749244713 0.2905935 1 1 1
0 P_1 61 61 0 0 0 1 1 1
0 P_1 62 62 0 0 0 1 1 1
0 P_1 63 63 0.2435195 0.26424870466321243 0.2848085 1 1 1
0 P_1 64 64 0.128193 0.14595660749506903 0.164897 1 1 1
0 P_1 65 65 0.5 0.5 0.5 1 1 1
0 P_1 66 66 0.124452 0.1419512195121951 0.1606595 1 1 1
0 P_1 67 67 0 0 0 1 1 1
0 P_1 68 68 0 0 0 1 1 1
0 P_1 69 69 0 0 0 1 1 1
0 P_1 70 70 0.119555 0.1368062317429406 0.1553215 1 1 1
0 P_1 71 71 0 0 0 1 1 1
0 P_1 72 72 0.116424 0.1339835728952772 0.152909 1 1 1
0 P_1 73 73 0.0810015 0.09625126646403243 0.113287 1 1 1
0 P_1 74 74 0 0 0 1 1 1
0 P_1 75 75 0.0916075 0.10753768844221105 0.12511 1 1 1
0 P_1 76 76 0 0 0 1 1 1
0 P_1 77 77 0 0 0 1 1 1
0 P_1 78 78 0 0 0 1 1 1
0 P_1 79 79 0.1115645 0.12861415752741776 0.147052 1 1 1
0 P_1 80 80 0.3419425 0.36077844311377244 0.3783465 1 1 1
0 P_1 81 81 0 0 0 1 1 1
0 P_1 82 82 0 0 0 1 1 1
0 P_1 83 83 0.1215905 0.13925327951564076 0.158198 1 1 1
0 P_1 84 84 0 0 0 1 1 1
0 P_1 85 85 0.107773 0.12450787401574803 0.142659 1 1 1
0 P_1 86 86 0 0 0 1 1 1
0 P_1 87 87 0.253248 0.27368951612903225 0.2938575 1 1 1
0 P_1 88 88 0 0 0 1 1 1
0 P_1 89 89 0.127641 0.14570552147239263 0.164993 1 1 1
0 P_1 90 90 0 0 0 1 1 1
0 P_1 91 91 0 0 0 1 1 1
0 P_1 92 92 0 0 0 1 1 1
0 P_1 93 93 0 0 0 1 1 1
0 P_1 94 94 0.2466105 0.2665706051873199 0.2863485 1 1 1
0 P_1 95 95 0 0 0 1 1 1
0 P_1 96 96 0.118582 0.13608870967741934 0.1549125 1 1 1
0 P_1 97 97 0.5 0.5 0.5 1 1 1
0 P_1 98 98 0.120364 0.13764591439688717 0.1561815 1 1 1
0 P_1 99 99 0.342631 0.36195995785036883 0.3799365 1 1 1
0 P_1 100 100 0.3360455 0.35490196078431374 0.3725785 1 1 1
0 P_1 101 101 0.5 0.5 0.5 1 1 1
0 P_1 102 102 0.118798 0.13622754491017963 0.154959 1 1 1
0 P_1 103 103 0.0810705 0.09594985535197685 0.112533 1 1 1
0 P_1 104 104 0 0 0 1 1 1
0 P_1 105 105 0.5 0.5 0.5 1 1 1
0 P_1 106 106 0 0 0 1 1 1
0 P_1 107 107 0.233448 0.2537313432835821 0.2739725 1 1 1
0 P_1 108 108 0.081531 0.0965686274509804 0.113331 1 1 1
0 P_1 109 109 0.5 0.5 0.5 1 1 1
0 P_1 110 110 0.11964 0.13713713713713713 0.15593 1 1 1
0 P_1 111 111 0.2478605 0.26819541375872386 0.2883225 1 1 1
0 P_1 112 112 0 0 0 1 1 1
0 P_1 113 113 0.1163075 0.13336566440349176 0.1517215 1 1 1
0 P_1 114 114 0.1161825 0.13356854838709678 0.1523005 1 1 1
0 P_1 115 115 0 0 0 1 1 1
0 P_1 116 116 0 0 0 1 1 1
0 P_1 117 117 0.1147315 0.13211382113821138 0.15087 1 1 1
0 P_1 118 118 0 0 0 1 1 1
0 P_1 119 119 0 0 0 1 1 1
0 P_1 120 120 0 0 0 1 1 1
0 P_1 121 121 0.102166 0.11880687563195147 0.136969 1 1 1
0 P_1 122 122 0 0 0 1 1 1
0 P_1 123 123 0 0 0 1 1 1
0 P_1 124 124 0.0831445 0.09875259875259876 0.1161635 1 1 1
0 P_1 125 125 0.080928 0.09643605870020965 0.1137895 1 1 1
0 P_1 126 126 0 0 0 1 1 1
0 P_1 127 127 0.2369515 0.25712881022615536 0.2772255 1 1 1
0 P_1 128 128 0.2440065 0.2652838427947598 0.28637 1 1 1
0 P_1 129 129 0 0 0 1 1 1
0 P_1 130 130 0.079666 0.09464816650148662 0.111396 1 1 1
0 P_1 131 131 0 0 0 1 1 1
0 P_1 132 132 0.112567 0.12981744421906694 0.148466 1 1 1
0 P_1 133 133 0 0 0 1 1 1
0 P_1 134 134 0.112655 0.1297029702970297 0.1481165 1 1 1
0 P_1 135 135 0 0 0 1 1 1
0 P_1 136 136 0.5 0.5 0.5 1 1 1
0 P_1 137 137 0.111177 0.12846865364850976 0.1471925 1 1 1
0 P_1 138 138 0.115838 0.13297350343473993 0.151426 1 1 1
0 P_1 139 139 0.348504 0.3669950738916256 0.384164 1 1 1
0 P_1 140 140 0 0 0 1 1 1
0 P_1 141 141 0.0757555 0.09037328094302555 0.106789 1 1 1
0 P_1 142 142 0 0 0 1 1 1
0 P_1 143 143 0.122411 0.1399014778325123 0.158636 1 1 1
0 P_1 144 144 0 0 0 1 1 1
0 P_1 145 145 0.110025 0.12653446647780925 0.144381 1 1 1
0 P_1 146 146 0 0 0 1 1 1
0 P_1 147 147 0 0 0 1 1 1
0 P_1 148 148 0 0 0 1 1 1
0 P_1 149 149 0.07552 0.09022931206380858 0.106765 1 1 1
0 P_1 150 150 0 0 0 1 1 1
0 P_1 151 151 0 0 0 1 1 1
0 P_1 152 152 0.359971 0.37850467289719625 0.395508 1 1 1
0 P_1 153 153 0.5 0.5 0.5 1 1 1
0 P_1 154 154 0 0 0 1 1 1
0 P_1 155 155 0 0 0 1 1 1
0 P_1 156 156 0 0 0 1 1 1
0 P_1 157 157 0 0 0 1 1 1
0 P_1 158 158 0 0 0 1 1 1
0 P_1 159 159 0.0856675 0.10120845921450151 0.1184675 1 1 1
0 P_1 160 160 0 0 0 1 1 1
0 P_1 161 161 0.107165 0.124 0.14228 1 1 1
0 P_1 162 162 0 0 0 1 1 1
0 P_1 163 163 0 0 0 1 1 1
0 P_1 164 164 0.2448505 0.26514399205561073 0.285265 1 1 1
0 P_1 165 165 0.1020475 0.11882716049382716 0.137154 1 1 1
0 P_1 166 166 0.0851505 0.10082304526748971 0.118255 1 1 1
0 P_1 167 167 0 0 0 1 1 1
0 P_1 168 168 0.0793405 0.09462254395036195 0.111747 1 1 1
0 P_1 169 169 0.070021 0.08424182358771061 0.1003465 1 1 1
0 P_1 170 170 0.10975 0.12660098522167487 0.144846 1 1 1
0 P_1 171 171 0.122015 0.13904494382022473 0.1572665 1 1 1
0 P_1 172 172 0.08764 0.10332661290322581 0.1207085 1 1 1
0 P_1 173 173 0.0837825 0.09910358565737051 0.116148 1 1 1
0 P_1 174 174 0 0 0 1 1 1
0 P_1 175 175 0.094704 0.11077844311377245 0.1284465 1 1 1
0 P_1 176 176 0 0 0 1 1 1
0 P_1 177 177 0.1128975 0.1299407114624506 0.1483445 1 1 1
0 P_1 178 178 0 0 0 1 1 1
0 P_1 179 179 0 0 0 1 1 1
0 P_1 180 180 0 0 0 1 1 1
0 P_1 181 181 0.2561095 0.2765957446808511 0.296773 1 1 1
0 P_1 182 182 0.0844555 0.09980139026812314 0.116858 1 1 1
0 P_1 183 183 0.2430795 0.2632612966601179 0.2832935 1 1 1
0 P_1 184 184 0 0 0 1 1 1
0 P_1 185 185 0 0 0 1 1 1
0 P_1 186 186 0.2516375 0.272 0.29211 1 1 1
0 P_1 187 187 0 0 0 1 1 1
0 P_1 188 188 0.099332 0.11561264822134387 0.133416 1 1 1
0 P_1 189 189 0 0 0 1 1 1
0 P_1 190 190 0.1132345 0.13068181818181818 0.1495425 1 1 1
0 P_1 191 191 0.2216565 0.24182358771060455 0.2620835 1 1 1
0 P_1 192 192 0 0 0 1 1 1
0 P_1 193 193 0 0 0 1 1 1
0 P_1 194 194 0 0 0 1 1 1
0 P_1 195 195 0.087207 0.10250240615976901 0.1194255 1 1 1
0 P_1 196 196 0.266219 0.2863457760314342 0.306063 1 1 1
0 P_1 197 197 0.1114885 0.1286727456940223 0.1472665 1 1 1
0 P_1 198 198 0 0 0 1 1 1
0 P_1 199 199 0.0823695 0.09775967413441955 0.1149275 1 1 1
0 P_1 200 200 0.112552 0.12983706720977597 0.1485255 1 1 1
0 P_1 201 201 0.5 0.5 0.5 1 1 1
0 P_1 202 202 0 0 0 1 1 1
0 P_1 203 203 0 0 0 1 1 1
0 P_1 204 204 0.0831515 0.09832841691248771 0.1152155 1 1 1
0 P_1 205 205 0.0821265 0.09738955823293173 0.1144095 1 1 1
0 P_1 206 206 0.1189355 0.1360153256704981 0.154347 1 1 1
0 P_1 207 207 0 0 0 1 1 1
0 P_1 208 208 0 0 0 1 1 1
0 P_1 209 209 0.0709235 0.08512720156555773 0.101181 1 1 1
0 P_1 210 210 0 0 0 1 1 1
0 P_1 211 211 0 0 0 1 1 1
0 P_1 212 212 0 0 0 1 1 1
0 P_1 213 213 0.081726 0.09705284552845528 0.114162 1 1 1
0 P_1 214 214 0.3539895 0.3722879684418146 0.3892035 1 1 1
0 P_1 215 215 0 0 0 1 1 1
0 P_1 216 216 0 0 0 1 1 1
0 P_1 217 217 0 0 0 1 1 1
0 P_1 218 218 0 0 0 1 1 1
0 P_1 219 219 0.1127725 0.13012295081967212 0.1488815 1 1 1
0 P_1 220 220 0.111565 0.12840466926070038 0.146601 1 1 1
0 P_1 221 221 0.1173965 0.13496932515337423 0.153891 1 1 1
0 P_1 222 222 0.0921725 0.10783365570599614 0.1250715 1 1 1
0 P_1 223 223 0.5 0.5 0.5 1 1 1
0 P_1 224 224 0.092758 0.10898760330578512 0.126887 1 1 1
0 P_1 225 225 0 0 0 1 1 1
0 P_1 226 226 0.249493 0.26945244956772335 0.289198 1 1 1
0 P_1 227 227 0.1287045 0.14678899082568808 0.16608 1 1 1
0 P_1 228 228 0.248177 0.2682926829268293 0.2882035 1 1 1
0 P_1 229 229 0 0 0 1 1 1
0 P_1 230 230 0.0896655 0.1056701030927835 0.123381 1 1 1
0 P_1 231 231 0 0 0 1 1 1
0 P_1 232 232 0.1100625 0.12731958762886597 0.146027 1 1 1
0 P_1 233 233 0.084853 0.10009765625 0.1170215 1 1 1
0 P_1 234 234 0.5 0.5 0.5 1 1 1
0 P_1 235 235 0.115703 0.13306451612903225 0.151778 1 1 1
0 P_1 236 236 0.5 0.5 0.5 1 1 1
0 P_1 237 237 0 0 0 1 1 1
0 P_1 238 238 0.359523 0.37741312741312744 0.393893 1 1 1
0 P_1 239 239 0.248581 0.26859903381642514 0.288411 1 1 1
0 P_1 240 240 0 0 0 1 1 1
0 P_1 241 241 0.125207 0.14232558139534884 0.1605935 1 1 1
0 P_1 242 242 0 0 0 1 1 1
0 P_1 243 243 0 0 0 1 1 1
0 P_1 244 244 0 0 0 1 1 1
0 P_1 245 245 0 0 0 1 1 1
0 P_1 246 246 0 0 0 1 1 1
0 P_1 247 247 0 0 0 1 1 1
0 P_1 248 248 0 0 0 1 1 1
0 P_1 249 249 0.243315 0.26346718903036237 0.2834685 1 1 1
0 P_1 250 250 0 0 0 1 1 1
0 P_1 251 251 0.114828 0.13236814891416754 0.1513035 1 1 1
0 P_1 252 252 0 0 0 1 1 1
0 P_1 253 253 0 0 0 1 1 1
0 P_1 254 254 0.107758 0.12474645030425964 0.1431915 1 1 1
0 P_1 255 255 0.079818 0.09449192782526115 0.1108595 1 1 1
0 P_1 256 256 0.235731 0.25589390962671904 0.2759905 1 1 1
0 P_1 257 257 0 0 0 1 1 1
0 P_1 258 258 0 0 0 1 1 1
0 P_1 259 259 0 0 0 1 1 1
0 P_1 260 260 0 0 0 1 1 1
0 P_1 261 261 0 0 0 1 1 1
0 P_1 262 262 0 0 0 1 1 1
0 P_1 263 263 0.119037 0.13688610240334378 0.1560905 1 1 1
0 P_1 264 264 0 0 0 1 1 1
0 P_1 265 265 0.098361 0.11465603190428714 0.1324985 1 1 1
0 P_1 266 266 0.2247855 0.24485798237022527 0.2649885 1 1 1
0 P_1 267 267 0.259522 0.2801857585139319 0.3004925 1 1 1
0 P_1 268 268 0 0 0 1 1 1
0 P_1 269 269 0 0 0 1 1 1
0 P_1 270 270 0 0 0 1 1 1
0 P_1 271 271 0.087594 0.10319042871385843 0.120465 1 1 1
0 P_1 272 272 0 0 0 1 1 1
0 P_1 273 273 0 0 0 1 1 1
0 P_1 274 274 0 0 0 1 1 1
0 P_1 275 275 0 0 0 1 1 1
0 P_1 276 276 0 0 0 1 1 1
0 P_1 277 277 0 0 0 1 1 1
0 P_1 278 278 0.1006975 0.11740473738414006 0.1356775 1 1 1
0 P_1 279 279 0 0 0 1 1 1
0 P_1 280 280 0.5 0.5 0.5 1 1 1
0 P_1 281 281 0.1210975 0.13894628099173553 0.1581105 1 1 1
0 P_1 282 282 0 0 0 1 1 1
0 P_1 283 283 0 0 0 1 1 1
0 P_1 284 284 0 0 0 1 1 1
0 P_1 285 285 0.0785435 0.09329446064139942 0.109792 1 1 1
0 P_1 286 286 0.2522255 0.27286742034943473 0.29324 1 1 1
0 P_1 287 287 0.1000775 0.11702127659574468 0.135587 1 1 1
0 P_1 288 288 0 0 0 1 1 1
0 P_1 289 289 0.5 0.5 0.5 1 1 1
0 P_1 290 290 0 0 0 1 1 1
0 P_1 291 291 0.121674 0.13927855711422846 0.1581555 1 1 1
0 P_1 292 292 0 0 0 1 1 1
0 P_1 293 293 0.2476445 0.2677012609117362 0.2875615 1 1 1
0 P_1 294 294 0 0 0 1 1 1
0 P_1 295 295 0 0 0 1 1 1
0 P_1 296 296 0.0852735 0.10092213114754098 0.118322 1 1 1
0 P_1 297 297 0.356975 0.3756503642039542 0.3928265 1 1 1
0 P_1 298 298 0 0 0 1 1 1
0 P_1 299 299 0 0 0 1 1 1
0 P_1 300 300 0 0 0 1 1 1
0 P_1 301 301 0 0 0 1 1 1
0 P_1 302 302 0.5 0.5 0.5 1 1 1
0 P_1 303 303 0.245279 0.26591375770020537 0.2863615 1 1 1
0 P_1 304 304 0.1145375 0.1316831683168317 0.150172 1 1 1
0 P_1 305 305 0 0 0 1 1 1
0 P_1 306 306 0.1174875 0.13482587064676618 0.1534785 1 1 1
0 P_1 307 307 0.08496 0.099906191369606 0.1164675 1 1 1
0 P_1 308 308 0 0 0 1 1 1
0 P_1 309 309 0 0 0 1 1 1
0 P_1 310 310 0 0 0 1 1 1
0 P_1 311 311 0.080289 0.09533267130089375 0.1121375 1 1 1
0 P_1 312 312 0.1278985 0.14579158316633267 0.164882 1 1 1
0 P_1 313 313 0 0 0 1 1 1
0 P_1 314 314 0.0960525 0.11228600201409869 0.13011 1 1 1
0 P_1 315 315 0 0 0 1 1 1
0 P_1 316 316 0.083887 0.09948453608247422 0.116861 1 1 1
0 P_1 317 317 0 0 0 1 1 1
0 P_1 318 318 0.3473185 0.3662551440329218 0.38382 1 1 1
0 P_1 319 319 0.1177825 0.1347248576850095 0.1529215 1 1 1
0 P_1 320 320 0.240863 0.260932944606414 0.280881 1 1 1
0 P_1 321 321 0 0 0 1 1 1
0 P_1 322 322 0.1065385 0.12347560975609756 0.141887 1 1 1
0 P_1 323 323 0 0 0 1 1 1
0 P_1 324 324 0 0 0 1 1 1
0 P_1 325 325 0.0838175 0.09901960784313725 0.115919 1 1 1
0 P_1 326 326 0 0 0 1 1 1
0 P_1 327 327 0.1220945 0.1398176291793313 0.158821 1 1 1
0 P_1 328 328 0 0 0 1 1 1
0 P_1 329 329 0.2426775 0.2622798887859129 0.2817515 1 1 1
0 P_1 330 330 0 0 0 1 1 1
0 P_1 331 331 0 0 0 1 1 1
0 P_1 332 332 0.2573485 0.277666999002991 0.2976695 1 1 1
0 P_1 333 333 0.111683 0.12896622313203684 0.14767 1 1 1
0 P_1 334 334 0.0842 0.09950495049504951 0.1165185 1 1 1
0 P_1 335 335 0 0 0 1 1 1
0 P_1 336 336 0.11181 0.12885572139303483 0.147284 1 1 1
0 P_1 337 337 0 0 0 1 1 1
0 P_1 338 338 0 0 0 1 1 1
0 P_1 339 339 0 0 0 1 1 1
0 P_1 340 340 0.2466105 0.2665706051873199 0.2863485 1 1 1
0 P_1 341 341 0 0 0 1 1 1
0 P_1 342 342 0.3543185 0.37245392822502427 0.389227 1 1 1
0 P_1 343 343 0.1148335 0.13233779608650875 0.1512315 1 1 1
0 P_1 344 344 0.105273 0.12238493723849372 0.1410275 1 1 1
0 P_1 345 345 0.1047705 0.12158054711246201 0.1398825 1 1 1
0 P_1 346 346 0 0 0 1 1 1
0 P_1 347 347 0 0 0 1 1 1
0 P_1 348 348 0 0 0 1 1 1
0 P_1 349 349 0 0 0 1 1 1
0 P_1 350 350 0.2485315 0.26849183477425553 0.288248 1 1 1
0 P_1 351 351 0.111454 0.1282798833819242 0.146462 1 1 1
0 P_1 352 352 0.1146755 0.13238396624472573 0.151515 1 1 1
0 P_1 353 353 0.0894355 0.1052366565961732 0.1227095 1 1 1
0 P_1 354 354 0 0 0 1 1 1
0 P_1 355 355 0.089075 0.10507246376811594 0.12279 1 1 1
0 P_1 356 356 0.075903 0.09095634095634096 0.107905 1 1 1
0 P_1 357 357 0.5 0.5 0.5 1 1 1
0 P_1 358 358 0 0 0 1 1 1
0 P_1 359 359 0 0 0 1 1 1
0 P_1 360 360 0.116056 0.13367875647668392 0.1526835 1 1 1
0 P_1 361 361 0 0 0 1 1 1
0 P_1 362 362 0 0 0 1 1 1
0 P_1 363 363 0.2426785 0.263184584178499 0.2835375 1 1 1
0 P_1 364 364 0 0 0 1 1 1
0 P_1 365 365 0 0 0 1 1 1
0 P_1 366 366 0 0 0 1 1 1
0 P_1 367 367 0 0 0 1 1 1
0 P_1 368 368 0 0 0 1 1 1
0 P_1 369 369 0.5 0.5 0.5 1 1 1
0 P_1 370 370 0 0 0 1 1 1
0 P_1 371 371 0.079261 0.09434914228052473 0.1112385 1 1 1
0 P_1 372 372 0.115613 0.1326530612244898 0.151001 1 1 1
0 P_1 373 373 0 0 0 1 1 1
0 P_1 374 374 0.3425335 0.3612204724409449 0.378652 1 1 1
0 P_1 375 375 0 0 0 1 1 1
0 P_1 376 376 0.0849025 0.10062240663900415 0.118119 1 1 1
0 P_1 377 377 0 0 0 1 1 1
0 P_1 378 378 0 0 0 1 1 1
0 P_1 379 379 0.2601765 0.2806484295845998 0.3007645 1 1 1
0 P_1 380 380 0.2492975 0.27011494252873564 0.2906915 1 1 1
0 P_1 381 381 0 0 0 1 1 1
0 P_1 382 382 0.0748615 0.08982346832814123 0.106692 1 1 1
0 P_1 383 383 0 0 0 1 1 1
0 P_1 384 384 0.087305 0.1028971028971029 0.1201745 1 1 1
0 P_1 385 385 0.1124585 0.12941176470588237 0.1477205 1 1 1
0 P_1 386 386 0.3497395 0.36850152905198774 0.3858785 1 1 1
0 P_1 387 387 0.11513 0.13228035538005922 0.1507635 1 1 1
0 P_1 388 388 0.5 0.5 0.5 1 1 1
0 P_1 389 389 0.1115075 0.12865792129162462 0.1472125 1 1 1
0 P_1 390 390 0 0 0 1 1 1
0 P_1 391 391 0 0 0 1 1 1
0 P_1 392 392 0 0 0 1 1 1
0 P_1 393 393 0 0 0 1 1 1
0 P_1 394 394 0 0 0 1 1 1
0 P_1 395 395 0.0775105 0.09230009871668311 0.108875 1 1 1
0 P_1 396 396 0 0 0 1 1 1
0 P_1 397 397 0.1148745 0.13213213213213212 0.150743 1 1 1
0 P_1 398 398 0 0 0 1 1 1
0 P_1 399 399 0.5 0.5 0.5 1 1 1
0 P_1 400 400 0 0 0 1 1 1
0 P_1 401 401 0 0 0 1 1 1
0 P_1 402 402 0 0 0 1 1 1
0 P_1 403 403 0.0860245 0.10125361620057859 0.118128 1 1 1
0 P_1 404 404 0.1193515 0.13632075471698113 0.15452 1 1 1
0 P_1 405 405 0.104986 0.12138728323699421 0.1392095 1 1 1
0 P_1 406 406 0 0 0 1 1 1
0 P_1 407 407 0.244293 0.2644466209598433 0.284438 1 1 1
0 P_1 408 408 0 0 0 1 1 1
0 P_1 409 409 0 0 0 1 1 1
0 P_1 410 410 0.111882 0.12926577042399173 0.148081 1 1 1
0 P_1 411 411 0.0907645 0.1066066066066066 0.124095 1 1 1
0 P_1 412 412 0.5 0.5 0.5 1 1 1
0 P_1 413 413 0.0768885 0.09152872444011685 0.1079385 1 1 1
0 P_1 414 414 0 0 0 1 1 1
0 P_1 415 415 0 0 0 1 1 1
0 P_1 416 416 0.1130245 0.13004926108374384 0.1484295 1 1 1
0 P_1 417 417 0 0 0 1 1 1
0 P_1 418 418 0 0 0 1 1 1
0 P_1 419 419 0.1083795 0.12512266928361138 0.1432715 1 1 1
0 P_1 420 420 0 0 0 1 1 1
0 P_1 421 421 0 0 0 1 1 1
0 P_1 422 422 0.080421 0.09557344064386318 0.112507 1 1 1
0 P_1 423 423 0 0 0 1 1 1
0 P_1 424 424 0 0 0 1 1 1
0 P_1 425 425 0.0910585 0.10682492581602374 0.1242155 1 1 1
0 P_1 426 426 0.2491975 0.26990692864529475 0.2903805 1 1 1
0 P_1 427 427 0.5 0.5 0.5 1 1 1
0 P_1 428 428 0 0 0 1 1 1
0 P_1 429 429 0.3393795 0.3586171310629515 0.3765695 1 1 1
0 P_1 430 430 0.110773 0.12754607177497576 0.1456815 1 1 1
0 P_1 431 431 0.121122 0.13856015779092704 0.1572585 1 1 1
0 P_1 432 432 0 0 0 1 1 1
0 P_1 433 433 0.116063 0.13343403826787512 0.1521515 1 1 1
0 P_1 434 434 0 0 0 1 1 1
0 P_1 435 435 0 0 0 1 1 1
0 P_1 436 436 0 0 0 1 1 1
0 P_1 437 437 0 0 0 1 1 1
0 P_1 438 438 0 0 0 1 1 1
0 P_1 439 439 0 0 0 1 1 1
0 P_1 440 440 0 0 0 1 1 1
0 P_1 441 441 0 0 0 1 1 1
0 P_1 442 442 0.2468215 0.2678381256656017 0.288637 1 1 1
0 P_1 443 443 0 0 0 1 1 1
0 P_1 444 444 0 0 0 1 1 1
0 P_1 445 445 0.115251 0.13238188976377951 0.1508405 1 1 1
0 P_1 446 446 0 0 0 1 1 1
0 P_1 447 447 0.0790985 0.09415911379657603 0.111019 1 1 1
0 P_1 448 448 0.083887 0.09948453608247422 0.116861 1 1 1
0 P_1 449 449 0.0733765 0.08835978835978836 0.1053035 1 1 1
0 P_1 450 450 0.117246 0.13452027695351138 0.1531045 1 1 1
0 P_1 451 451 0 0 0 1 1 1
0 P_1 452 452 0 0 0 1 1 1
0 P_1 453 453 0 0 0 1 1 1
0 P_1 454 454 0 0 0 1 1 1
0 P_1 455 455 0 0 0 1 1 1
0 P_1 456 456 0.0899895 0.10587639311043566 0.1234375 1 1 1
0 P_1 457 457 0 0 0 1 1 1
0 P_1 458 458 0 0 0 1 1 1
0 P_1 459 459 0.102908 0.11942517343904856 0.1374265 1 1 1
0 P_1 460 460 0.1057395 0.12311827956989248 0.142061 1 1 1
0 P_1 461 461 0.081146 0.09650924024640657 0.113679 1 1 1
0 P_1 462 462 0.253227 0.27384615384615385 0.294185 1 1 1
0 P_1 463 463 0.1081755 0.12552742616033755 0.1443845 1 1 1
0 P_1 464 464 0 0 0 1 1 1
0 P_1 465 465 0 0 0 1 1 1
0 P_1 466 466 0.3417105 0.3603515625 0.3777565 1 1 1
0 P_1 467 467 0.2394145 0.2593840230991338 0.27925 1 1 1
0 P_1 468 468 0.242837 0.26302851524090465 0.283073 1 1 1
0 P_1 469 469 0 0 0 1 1 1
0 P_1 470 470 0.2615495 0.282183316168898 0.302437 1 1 1
0 P_1 471 471 0 0 0 1 1 1
0 P_1 472 472 0.247438 0.2678751258811682 0.288106 1 1 1
0 P_1 473 473 0.1170075 0.13421828908554573 0.152735 1 1 1
0 P_1 474 474 0.121273 0.1390020366598778 0.158027 1 1 1
0 P_1 475 475 0.1106955 0.12815126050420167 0.1470745 1 1 1
0 P_1 476 476 0 0 0 1 1 1
0 P_1 477 477 0 0 0 1 1 1
0 P_1 478 478 0.351437 0.3696705426356589 0.386574 1 1 1
0 P_1 479 479 0.093323 0.10881801125703565 0.125832 1 1 1
0 P_1 480 480 0 0 0 1 1 1
0 P_1 481 481 0.3493475 0.36804853387259856 0.3853805 1 1 1
0 P_1 482 482 0.119231 0.13692307692307693 0.155945 1 1 1
0 P_1 483 483 0.123244 0.1411042944785276 0.160241 1 1 1
0 P_1 484 484 0.107758 0.12474645030425964 0.1431915 1 1 1
0 P_1 485 485 0.343034 0.36186186186186187 0.3794055 1 1 1
0 P_1 486 486 0 0 0 1 1 1
0 P_1 487 487 0.5 0.5 0.5 1 1 1
0 P_1 488 488 0 0 0 1 1 1
0 P_1 489 489 0.084554 0.1 0.117175 1 1 1
0 P_1 490 490 0.1223795 0.14 0.158882 1 1 1
1 P_8 0 0 0 0 0 1 1 1
1 P_8 1 1 0 0 0 1 1 1
1 P_8 2 2 0 0 0 1 1 1
1 P_8 3 3 0 0 0 1 1 1
1 P_8 4 4 0 0 0 1 1 1
1 P_8 5 5 0 0 0 1 1 1
1 P_8 6 6 0.5 0.5 0.5 1 1 1
1 P_8 7 7 0 0 0 1 1 1
1 P_8 8 8 0 0 0 1 1 1
1 P_8 9 9 0 0 0 1 1 1
1 P_8 10 10 0 0 0 1 1 1
1 P_8 11 11 0.5 0.5 0.5 1 1 1
1 P_8 12 12 0 0 0 1 1 1
1 P_8 13 13 0 0 0 1 1 1
1 P_8 14 14 0 0 0 1 1 1
1 P_8 15 15 0.5 0.5 0.5 1 1 1
1 P_8 16 16 0 0 0 1 1 1
1 P_8 17 17 0 0 0 1 1 1
1 P_8 18 18 0 0 0 1 1 1
1 P_8 19 19 0 0 0 1 1 1
1 P_8 20 20 0.5 0.5 0.5 1 1 1
1 P_8 21 21 0.5 0.5 0.5 1 1 1
1 P_8 22 22 0 0 0 1 1 1
1 P_8 23 23 0 0 0 1 1 1
1 P_8 24 24 0 0 0 1 1 1
1 P_8 25 25 0 0 0 1 1 1
1 P_8 26 26 0 0 0 1 1 1
1 P_8 27 27 0 0 0 1 1 1
1 P_8 28 28 0 0 0 1 1 1
1 P_8 29 29 0 0 0 1 1 1
1 P_8 30 30 0.5 0.5 0.5 1 1 1
1 P_8 31 31 0 0 0 1 1 1
1 P_8 32 32 0.5 0.5 0.5 1 1 1
1 P_8 33 33 0 0 0 1 1 1
1 P_8 34 34 0.5 0.5 0.5 1 1 1
1 P_8 35 35 0 0 0 1 1 1
1 P_8 36 36 0 0 0 1 1 1
1 P_8 37 37 0.5 0.5 0.5 1 1 1
1 P_8 38 38 0 0 0 1 1 1
1 P_8 39 39 0 0 0 1 1 1
1 P_8 40 40 0 0 0 1 1 1
1 P_8 41 41 0 0 0 1 1 1
1 P_8 42 42 0 0 0 1 1 1
1 P_8 43 43 0 0 0 1 1 1
1 P_8 44 44 0 0 0 1 1 1
1 P_8 45 45 0 0 0 1 1 1
1 P_8 46 46 0.5 0.5 0.5 1 1 1
1 P_8 47 47 0 0 0 1 1 1
1 P_8 48 48 0 0 0 1 1 1
1 P_8 49 49 0 0 0 1 1 1
1 P_8 50 50 0.5 0.5 0.5 1 1 1
1 P_8 51 51 0 0 0 1 1 1
1 P_8 52 52 0 0 0 1 1 1
1 P_8 53 53 0.5 0.5 0.5 1 1 1
1 P_8 54 54 0 0 0 1 1 1
1 P_8 55 55 0 0 0 1 1 1
1 P_8 56 56 0 0 0 1 1 1
1 P_8 57 57 0 0 0 1 1 1
1 P_8 58 58 0 0 0 1 1 1
1 P_8 59 59 0 0 0 1 1 1
1 P_8 60 60 0.5 0.5 0.5 1 1 1
1 P_8 61 61 0 0 0 1 1 1
1 P_8 62 62 0 0 0 1 1 1
1 P_8 63 63 0.5 0.5 0.5 1 1 1
1 P_8 64 64 0 0 0 1 1 1
1 P_8 65 65 0.5 0.5 0.5 1 1 1
1 P_8 66 66 0 0 0 1 1 1
1 P_8 67 67 0 0 0 1 1 1
1 P_8 68 68 0 0 0 1 1 1
1 P_8 69 69 0 0 0 1 1 1
1 P_8 70 70 0 0 0 1 1 1
1 P_8 71 71 0 0 0 1 1 1
1 P_8 72 72 0 0 0 1 1 1
1 P_8 73 73 0 0 0 1 1 1
1 P_8 74 74 0 0 0 1 1 1
1 P_8 75 75 0 0 0 1 1 1
1 P_8 76 76 0 0 0 1 1 1
1 P_8 77 77 0 0 0 1 1 1
1 P_8 78 78 0.5 0.5 0.5 1 1 1
1 P_8 79 79 0 0 0 1 1 1
1 P_8 80 80 0.5 0.5 0.5 1 1 1
1 P_8 81 81 0 0 0 1 1 1
1 P_8 82 82 0 0 0 1 1 1
1 P_8 83 83 0 0 0 1 1 1
1 P_8 84 84 0 0 0 1 1 1
1 P_8 85 85 0 0 0 1 1 1
1 P_8 86 86 0 0 0 1 1 1
1 P_8 87 87 0 0 0 1 1 1
1 P_8 88 88 0 0 0 1 1 1
1 P_8 89 89 0 0 0 1 1 1
1 P_8 90 90 0 0 0 1 1 1
1 P_8 91 91 0 0 0 1 1 1
1 P_8 92 92 0 0 0 1 1 1
1 P_8 93 93 0 0 0 1 1 1
1 P_8 94 94 0.5 0.5 0.5 1 1 1
1 P_8 95 95 0 0 0 1 1 1
1 P_8 96 96 0 0 0 1 1 1
1 P_8 97 97 0.5 0.5 0.5 1 1 1
1 P_8 98 98 0 0 0 1 1 1
1 P_8 99 99 0.5 0.5 0.5 1 1 1
1 P_8 100 100 0.5 0.5 0.5 1 1 1
1 P_8 101 101 0.5 0.5 0.5 1 1 1
1 P_8 102 102 0 0 0 1 1 1
1 P_8 103 103 0 0 0 1 1 1
1 P_8 104 104 0 0 0 1 1 1
1 P_8 105 105 0.5 0.5 0.5 1 1 1
1 P_8 106 106 0 0 0 1 1 1
1 P_8 107 107 0.5 0.5 0.5 1 1 1
1 P_8 108 108 0 0 0 1 1 1
1 P_8 109 109 0.5 0.5 0.5 1 1 1
1 P_8 110 110 0 0 0 1 1 1
1 P_8 111 111 0.5 0.5 0.5 1 1 1
1 P_8 112 112 0 0 0 1 1 1
1 P_8 113 113 0 0 0 1 1 1
1 P_8 114 114 0 0 0 1 1 1
1 P_8 115 115 0 0 0 1 1 1
1 P_8 116 116 0 0 0 1 1 1
1 P_8 117 117 0 0 0 1 1 1
1 P_8 118 118 0 0 0 1 1 1
1 P_8 119 119 0 0 0 1 1 1
1 P_8 120 120 0 0 0 1 1 1
1 P_8 121 121 0 0 0 1 1 1
1 P_8 122 122 0.5 0.5 0.5 1 1 1
1 P_8 123 123 0 0 0 1 1 1
1 P_8 124 124 0 0 0 1 1 1
1 P_8 125 125 0 0 0 1 1 1
1 P_8 126 126 0 0 0 1 1 1
1 P_8 127 127 0.5 0.5 0.5 1 1 1
1 P_8 128 128 0.5 0.5 0.5 1 1 1
1 P_8 129 129 0 0 0 1 1 1
1 P_8 130 130 0 0 0 1 1 1
1 P_8 131 131 0 0 0 1 1 1
1 P_8 132 132 0 0 0 1 1 1
1 P_8 133 133 0 0 0 1 1 1
1 P_8 134 134 0 0 0 1 1 1
1 P_8 135 135 0 0 0 1 1 1
1 P_8 136 136 0.5 0.5 0.5 1 1 1
1 P_8 137 137 0 0 0 1 1 1
1 P_8 138 138 0 0 0 1 1 1
1 P_8 139 139 0.5 0.5 0.5 1 1 1
1 P_8 140 140 0 0 0 1 1 1
1 P_8 141 141 0 0 0 1 1 1
1 P_8 142 142 0 0 0 1 1 1
1 P_8 143 143 0 0 0 1 1 1
1 P_8 144 144 0 0 0 1 1 1
1 P_8 145 145 0 0 0 1 1 1
1 P_8 146 146 0 0 0 1 1 1
1 P_8 147 147 0 0 0 1 1 1
1 P_8 148 148 0 0 0 1 1 1
1 P_8 149 149 0 0 0 1 1 1
1 P_8 150 150 0 0 0 1 1 1
1 P_8 151 151 0 0 0 1 1 1
1 P_8 152 152 0.5 0.5 0.5 1 1 1
1 P_8 153 153 0.5 0.5 0.5 1 1 1
1 P_8 154 154 0 0 0 1 1 1
1 P_8 155 155 0 0 0 1 1 1
1 P_8 156 156 0 0 0 1 1 1
1 P_8 157 157 0 0 0 1 1 1
1 P_8 158 158 0 0 0 1 1 1
1 P_8 159 159 0 0 0 1 1 1
1 P_8 160 160 0 0 0 1 1 1
1 P_8 161 161 0 0 0 1 1 1
1 P_8 162 162 0.5 0.5 0.5 1 1 1
1 P_8 163 163 0 0 0 1 1 1
1 P_8 164 164 0.5 0.5 0.5 1 1 1
1 P_8 165 165 0 0 0 1 1 1
1 P_8 166 166 0 0 0 1 1 1
1 P_8 167 167 0 0 0 1 1 1
1 P_8 168 168 0 0 0 1 1 1
1 P_8 169 169 0 0 0 1 1 1
1 P_8 170 170 0 0 0 1 1 1
1 P_8 171 171 0 0 0 1 1 1
1 P_8 172 172 0 0 0 1 1 1
1 P_8 173 173 0 0 0 1 1 1
1 P_8 174 174 0 0 0 1 1 1
1 P_8 175 175 0 0 0 1 1 1
1 P_8 176 176 0 0 0 1 1 1
1 P_8 177 177 0 0 0 1 1 1
1 P_8 178 178 0 0 0 1 1 1
1 P_8 179 179 0 0 0 1 1 1
1 P_8 180 180 0 0 0 1 1 1
1 P_8 181 181 0 0 0 1 1 1
1 P_8 182 182 0 0 0 1 1 1
1 P_8 183 183 0.5 0.5 0.5 1 1 1
1 P_8 184 184 0 0 0 1 1 1
1 P_8 185 185 0 0 0 1 1 1
1 P_8 186 186 0.5 0.5 0.5 1 1 1
1 P_8 187 187 0 0 0 1 1 1
1 P_8 188 188 0 0 0 1 1 1
1 P_8 189 189 0 0 0 1 1 1
1 P_8 190 190 0 0 0 1 1 1
1 P_8 191 191 0.5 0.5 0.5 1 1 1
1 P_8 192 192 0 0 0 1 1 1
1 P_8 193 193 0 0 0 1 1 1
1 P_8 194 194 0 0 0 1 1 1
1 P_8 195 195 0 0 0 1 1 1
1 P_8 196 196 0.5 0.5 0.5 1 1 1
1 P_8 197 197 0 0 0 1 1 1
1 P_8 198 198 0 0 0 1 1 1
1 P_8 199 199 0 0 0 1 1 1
1 P_8 200 200 0 0 0 1 1 1
1 P_8 201 201 0.5 0.5 0.5 1 1 1
1 P_8 202 202 0 0 0 1 1 1
1 P_8 203 203 0 0 0 1 1 1
1 P_8 204 204 0 0 0 1 1 1
1 P_8 205 205 0 0 0 1 1 1
1 P_8 206 206 0 0 0 1 1 1
1 P_8 207 207 0 0 0 1 1 1
1 P_8 208 208 0 0 0 1 1 1
1 P_8 209 209 0 0 0 1 1 1
1 P_8 210 210 0 0 0 1 1 1
1 P_8 211 211 0 0 0 1 1 1
1 P_8 212 212 0 0 0 1 1 1
1 P_8 213 213 0 0 0 1 1 1
1 P_8 214 214 0.5 0.5 0.5 1 1 1
1 P_8 215 215 0 0 0 1 1 1
1 P_8 216 216 0 0 0 1 1 1
1 P_8 217 217 0.5 0.5 0.5 1 1 1
1 P_8 218 218 0 0 0 1 1 1
1 P_8 219 219 0 0 0 1 1 1
1 P_8 220 220 0 0 0 1 1 1
1 P_8 221 221 0 0 0 1 1 1
1 P_8 222 222 0 0 0 1 1 1
1 P_8 223 223 0.5 0.5 0.5 1 1 1
1 P_8 224 224 0 0 0 1 1 1
1 P_8 225 225 0 0 0 1 1 1
1 P_8 226 226 0 0 0 1 1 1
1 P_8 227 227 0 0 0 1 1 1
1 P_8 228 228 0 0 0 1 1 1
1 P_8 229 229 0 0 0 1 1 1
1 P_8 230 230 0 0 0 1 1 1
1 P_8 231 231 0 0 0 1 1 1
1 P_8 232 232 0 0 0 1 1 1
1 P_8 233 233 0 0 0 1 1 1
1 P_8 234 234 0.5 0.5 0.5 1 1 1
1 P_8 235 235 0 0 0 1 1 1
1 P_8 236 236 0.5 0.5 0.5 1 1 1
1 P_8 237 237 0 0 0 1 1 1
1 P_8 238 238 0.5 0.5 0.5 1 1 1
1 P_8 239 239 0.5 0.5 0.5 1 1 1
1 P_8 240 240 0 0 0 1 1 1
1 P_8 241 241 0 0 0 1 1 1
1 P_8 242 242 0 0 0 1 1 1
1 P_8 243 243 0 0 0 1 1 1
1 P_8 244 244 0 0 0 1 1 1
1 P_8 245 245 0 0 0 1 1 1
1 P_8 246 246 0 0 0 1 1 1
1 P_8 247 247 0 0 0 1 1 1
1 P_8 248 248 0 0 0 1 1 1
1 P_8 249 249 0.5 0.5 0.5 1 1 1
1 P_8 250 250 0 0 0 1 1 1
1 P_8 251 251 0 0 0 1 1 1
1 P_8 252 252 0.5 0.5 0.5 1 1 1
1 P_8 253 253 0 0 0 1 1 1
1 P_8 254 254 0 0 0 1 1 1
1 P_8 255 255 0 0 0 1 1 1
1 P_8 256 256 0 0 0 1 1 1
1 P_8 257 257 0 0 0 1 1 1
1 P_8 258 258 0 0 0 1 1 1
1 P_8 259 259 0 0 0 1 1 1
1 P_8 260 260 0 0 0 1 1 1
1 P_8 261 261 0 0 0 1 1 1
1 P_8 262 262 0 0 0 1 1 1
1 P_8 263 263 0 0 0 1 1 1
1 P_8 264 264 0 0 0 1 1 1
1 P_8 265 265 0 0 0 1 1 1
1 P_8 266 266 0.5 0.5 0.5 1 1 1
1 P_8 267 267 0.5 0.5 0.5 1 1 1
1 P_8 268 268 0 0 0 1 1 1
1 P_8 269 269 0 0 0 1 1 1
1 P_8 270 270 0 0 0 1 1 1
1 P_8 271 271 0 0 0 1 1 1
1 P_8 272 272 0 0 0 1 1 1
1 P_8 273 273 0 0 0 1 1 1
1 P_8 274 274 0 0 0 1 1 1
1 P_8 275 275 0 0 0 1 1 1
1 P_8 276 276 0 0 0 1 1 1
1 P_8 277 277 0.5 0.5 0.5 1 1 1
1 P_8 278 278 0 0 0 1 1 1
1 P_8 279 279 0 0 0 1 1 1
1 P_8 280 280 0.5 0.5 0.5 1 1 1
1 P_8 281 281 0 0 0 1 1 1
1 P_8 282 282 0 0 0 1 1 1
1 P_8 283 283 0 0 0 1 1 1
1 P_8 284 284 0 0 0 1 1 1
1 P_8 285 285 0 0 0 1 1 1
1 P_8 286 286 0.5 0.5 0.5 1 1 1
1 P_8 287 287 0 0 0 1 1 1
1 P_8 288 288 0 0 0 1 1 1
1 P_8 289 289 0.5 0.5 0.5 1 1 1
1 P_8 290 290 0 0 0 1 1 1
1 P_8 291 291 0 0 0 1 1 1
1 P_8 292 292 0 0 0 1 1 1
1 P_8 293 293 0.5 0.5 0.5 1 1 1
1 P_8 294 294 0 0 0 1 1 1
1 P_8 295 295 0 0 0 1 1 1
1 P_8 296 296 0 0 0 1 1 1
1 P_8 297 297 0.5 0.5 0.5 1 1 1
1 P_8 298 298 0 0 0 1 1 1
1 P_8 299 299 0 0 0 1 1 1
1 P_8 300 300 0 0 0 1 1 1
1 P_8 301 301 0 0 0 1 1 1
1 P_8 302 302 0.5 0.5 0.5 1 1 1
1 P_8 303 303 0.5 0.5 0.5 1 1 1
1 P_8 304 304 0 0 0 1 1 1
1 P_8 305 305 0 0 0 1 1 1
1 P_8 306 306 0 0 0 1 1 1
1 P_8 307 307 0 0 0 1 1 1
1 P_8 308 308 0.5 0.5 0.5 1 1 1
1 P_8 309 309 0 0 0 1 1 1
1 P_8 310 310 0 0 0 1 1 1
1 P_8 311 311 0 0 0 1 1 1
1 P_8 312 312 0 0 0 1 1 1
1 P_8 313 313 0 0 0 1 1 1
1 P_8 314 314 0 0 0 1 1 1
1 P_8 315 315 0 0 0 1 1 1
1 P_8 316 316 0 0 0 1 1 1
1 P_8 317 317 0 0 0 1 1 1
1 P_8 318 318 0.5 0.5 0.5 1 1 1
1 P_8 319 319 0 0 0 1 1 1
1 P_8 320 320 0.5 0.5 0.5 1 1 1
1 P_8 321 321 0 0 0 1 1 1
1 P_8 322 322 0 0 0 1 1 1
1 P_8 323 323 0 0 0 1 1 1
1 P_8 324 324 0 0 0 1 1 1
1 P_8 325 325 0 0 0 1 1 1
1 P_8 326 326 0 0 0 1 1 1
1 P_8 327 327 0 0 0 1 1 1
1 P_8 328 328 0 0 0 1 1 1
1 P_8 329 329 0.5 0.5 0.5 1 1 1
1 P_8 330 330 0.5 0.5 0.5 1 1 1
1 P_8 331 331 0 0 0 1 1 1
1 P_8 332 332 0.5 0.5 0.5 1 1 1
1 P_8 333 333 0 0 0 1 1 1
1 P_8 334 334 0 0 0 1 1 1
1 P_8 335 335 0.5 0.5 0.5 1 1 1
1 P_8 336 336 0 0 0 1 1 1
1 P_8 337 337 0 0 0 1 1 1
1 P_8 338 338 0 0 0 1 1 1
1 P_8 339 339 0 0 0 1 1 1
1 P_8 340 340 0.5 0.5 0.5 1 1 1
1 P_8 341 341 0 0 0 1 1 1
1 P_8 342 342 0.5 0.5 0.5 1 1 1
1 P_8 343 343 0 0 0 1 1 1
1 P_8 344 344 0 0 0 1 1 1
1 P_8 345 345 0 0 0 1 1 1
1 P_8 346 346 0 0 0 1 1 1
1 P_8 347 347 0 0 0 1 1 1
1 P_8 348 348 0 0 0 1 1 1
1 P_8 349 349 0 0 0 1 1 1
1 P_8 350 350 0.5 0.5 0.5 1 1 1
1 P_8 351 351 0 0 0 1 1 1
1 P_8 352 352 0 0 0 1 1 1
1 P_8 353 353 0 0 0 1 1 1
1 P_8 354 354 0 0 0 1 1 1
1 P_8 355 355 0 0 0 1 1 1
1 P_8 356 356 0 0 0 1 1 1
1 P_8 357 357 0.5 0.5 0.5 1 1 1
1 P_8 358 358 0 0 0 1 1 1
1 P_8 359 359 0 0 0 1 1 1
1 P_8 360 360 0 0 0 1 1 1
1 P_8 361 361 0 0 0 1 1 1
1 P_8 362 362 0 0 0 1 1 1
1 P_8 363 363 0.5 0.5 0.5 1 1 1
1 P_8 364 364 0 0 0 1 1 1
1 P_8 365 365 0 0 0 1 1 1
1 P_8 366 366 0 0 0 1 1 1
1 P_8 367 367 0 0 0 1 1 1
1 P_8 368 368 0 0 0 1 1 1
1 P_8 369 369 0.5 0.5 0.5 1 1 1
1 P_8 370 370 0 0 0 1 1 1
1 P_8 371 371 0 0 0 1 1 1
1 P_8 372 372 0 0 0 1 1 1
1 P_8 373 373 0 0 0 1 1 1
1 P_8 374 374 0.5 0.5 0.5 1 1 1
1 P_8 375 375 0 0 0 1 1 1
1 P_8 376 376 0 0 0 1 1 1
1 P_8 377 377 0 0 0 1 1 1
1 P_8 378 378 0 0 0 1 1 1
1 P_8 379 379 0.5 0.5 0.5 1 1 1
1 P_8 380 380 0 0 0 1 1 1
1 P_8 381 381 0 0 0 1 1 1
1 P_8 382 382 0 0 0 1 1 1
1 P_8 383 383 0 0 0 1 1 1
1 P_8 384 384 0 0 0 1 1 1
1 P_8 385 385 0 0 0 1 1 1
1 P_8 386 386 0.5 0.5 0.5 1 1 1
1 P_8 387 387 0 0 0 1 1 1
1 P_8 388 388 0.5 0.5 0.5 1 1 1
1 P_8 389 389 0 0 0 1 1 1
1 P_8 390 390 0 0 0 1 1 1
1 P_8 391 391 0 0 0 1 1 1
1 P_8 392 392 0 0 0 1 1 1
1 P_8 393 393 0 0 0 1 1 1
1 P_8 394 394 0 0 0 1 1 1
1 P_8 395 395 0 0 0 1 1 1
1 P_8 396 396 0 0 0 1 1 1
1 P_8 397 397 0 0 0 1 1 1
1 P_8 398 398 0 0 0 1 1 1
1 P_8 399 399 0.5 0.5 0.5 1 1 1
1 P_8 400 400 0 0 0 1 1 1
1 P_8 401 401 0 0 0 1 1 1
1 P_8 402 402 0 0 0 1 1 1
1 P_8 403 403 0 0 0 1 1 1
1 P_8 404 404 0 0 0 1 1 1
1 P_8 405 405 0 0 0 1 1 1
1 P_8 406 406 0 0 0 1 1 1
1 P_8 407 407 0.5 0.5 0.5 1 1 1
1 P_8 408 408 0 0 0 1 1 1
1 P_8 409 409 0 0 0 1 1 1
1 P_8 410 410 0 0 0 1 1 1
1 P_8 411 411 0 0 0 1 1 1
1 P_8 412 412 0.5 0.5 0.5 1 1 1
1 P_8 413 413 0 0 0 1 1 1
1 P_8 414 414 0 0 0 1 1 1
1 P_8 415 415 0 0 0 1 1 1
1 P_8 416 416 0 0 0 1 1 1
1 P_8 417 417 0 0 0 1 1 1
1 P_8 418 418 0 0 0 1 1 1
1 P_8 419 419 0 0 0 1 1 1
1 P_8 420 420 0 0 0 1 1 1
1 P_8 421 421 0 0 0 1 1 1
1 P_8 422 422 0 0 0 1 1 1
1 P_8 423 423 0 0 0 1 1 1
1 P_8 424 424 0 0 0 1 1 1
1 P_8 425 425 0 0 0 1 1 1
1 P_8 426 426 0 0 0 1 1 1
1 P_8 427 427 0.5 0.5 0.5 1 1 1
1 P_8 428 428 0 0 0 1 1 1
1 P_8 429 429 0.5 0.5 0.5 1 1 1
1 P_8 430 430 0 0 0 1 1 1
1 P_8 431 431 0 0 0 1 1 1
1 P_8 432 432 0 0 0 1 1 1
1 P_8 433 433 0 0 0 1 1 1
1 P_8 434 434 0 0 0 1 1 1
1 P_8 435 435 0 0 0 1 1 1
1 P_8 436 436 0 0 0 1 1 1
1 P_8 437 437 0 0 0 1 1 1
1 P_8 438 438 0 0 0 1 1 1
1 P_8 439 439 0 0 0 1 1 1
1 P_8 440 440 0 0 0 1 1 1
1 P_8 441 441 0 0 0 1 1 1
1 P_8 442 442 0.5 0.5 0.5 1 1 1
1 P_8 443 443 0 0 0 1 1 1
1 P_8 444 444 0 0 0 1 1 1
1 P_8 445 445 0 0 0 1 1 1
1 P_8 446 446 0 0 0 1 1 1
1 P_8 447 447 0 0 0 1 1 1
1 P_8 448 448 0 0 0 1 1 1
1 P_8 449 449 0 0 0 1 1 1
1 P_8 450 450 0 0 0 1 1 1
1 P_8 451 451 0 0 0 1 1 1
1 P_8 452 452 0 0 0 1 1 1
1 P_8 453 453 0 0 0 1 1 1
1 P_8 454 454 0 0 0 1 1 1
1 P_8 455 455 0 0 0 1 1 1
1 P_8 456 456 0 0 0 1 1 1
1 P_8 457 457 0 0 0 1 1 1
1 P_8 458 458 0 0 0 1 1 1
1 P_8 459 459 0 0 0 1 1 1
1 P_8 460 460 0 0 0 1 1 1
1 P_8 461 461 0 0 0 1 1 1
1 P_8 462 462 0.5 0.5 0.5 1 1 1
1 P_8 463 463 0 0 0 1 1 1
1 P_8 464 464 0 0 0 1 1 1
1 P_8 465 465 0 0 0 1 1 1
1 P_8 466 466 0.5 0.5 0.5 1 1 1
1 P_8 467 467 0.5 0.5 0.5 1 1 1
1 P_8 468 468 0.5 0.5 0.5 1 1 1
1 P_8 469 469 0 0 0 1 1 1
1 P_8 470 470 0.5 0.5 0.5 1 1 1
1 P_8 471 471 0 0 0 1 1 1
1 P_8 472 472 0 0 0 1 1 1
1 P_8 473 473 0 0 0 1 1 1
1 P_8 474 474 0 0 0 1 1 1
1 P_8 475 475 0 0 0 1 1 1
1 P_8 476 476 0 0 0 1 1 1
1 P_8 477 477 0 0 0 1 1 1
1 P_8 478 478 0.5 0.5 0.5 1 1 1
1 P_8 479 479 0 0 0 1 1 1
1 P_8 480 480 0 0 0 1 1 1
1 P_8 481 481 0.5 0.5 0.5 1 1 1
1 P_8 482 482 0 0 0 1 1 1
1 P_8 483 483 0 0 0 1 1 1
1 P_8 484 484 0 0 0 1 1 1
1 P_8 485 485 0.5 0.5 0.5 1 1 1
1 P_8 486 486 0 0 0 1 1 1
1 P_8 487 487 0.5 0.5 0.5 1 1 1
1 P_8 488 488 0 0 0 1 1 1
1 P_8 489 489 0 0 0 1 1 1
1 P_8 490 490 0 0 0 1 1 1
2 P_3 0 0 0 0 0 1 1 1
2 P_3 1 1 0 0 0 1 1 1
2 P_3 2 2 0.142548 0.16090819348469892 0.1802775 1 1 1
2 P_3 3 3 0 0 0 1 1 1
2 P_3 4 4 0 0 0 1 1 1
2 P_3 5 5 0 0 0 1 1 1
2 P_3 6 6 0.2437075 0.26425661914460286 0.2846395 1 1 1
2 P_3 7 7 0.097516 0.11361410381978453 0.131244 1 1 1
2 P_3 8 8 0.224844 0.2448780487804878 0.264969 1 1 1
2 P_3 9 9 0.2109215 0.23095944609297725 0.2512135 1 1 1
2 P_3 10 10 0 0 0 1 1 1
2 P_3 11 11 0 0 0 1 1 1
2 P_3 12 12 0.2119475 0.2323439099283521 0.252948 1 1 1
2 P_3 13 13 0 0 0 1 1 1
2 P_3 14 14 0.1387535 0.15737874097007223 0.1771 1 1 1
2 P_3 15 15 0 0 0 1 1 1
2 P_3 16 16 0 0 0 1 1 1
2 P_3 17 17 0 0 0 1 1 1
2 P_3 18 18 0 0 0 1 1 1
2 P_3 19 19 0.153754 0.17272727272727273 0.192596 1 1 1
2 P_3 20 20 0 0 0 1 1 1
2 P_3 21 21 0 0 0 1 1 1
2 P_3 22 22 0 0 0 1 1 1
2 P_3 23 23 0 0 0 1 1 1
2 P_3 24 24 0.210548 0.23054187192118228 0.2507555 1 1 1
2 P_3 25 25 0 0 0 1 1 1
2 P_3 26 26 0.1454035 0.16386969397828233 0.183311 1 1 1
2 P_3 27 27 0 0 0 1 1 1
2 P_3 28 28 0.0957225 0.11182902584493042 0.129511 1 1 1
2 P_3 29 29 0 0 0 1 1 1
2 P_3 30 30 0 0 0 1 1 1
2 P_3 31 31 0.1418135 0.1599229287090559 0.1790275 1 1 1
2 P_3 32 32 0 0 0 1 1 1
2 P_3 33 33 0 0 0 1 1 1
2 P_3 34 34 0 0 0 1 1 1
2 P_3 35 35 0 0 0 1 1 1
2 P_3 36 36 0 0 0 1 1 1
2 P_3 37 37 0 0 0 1 1 1
2 P_3 38 38 0.207245 0.22755102040816327 0.24812 1 1 1
2 P_3 39 39 0 0 0 1 1 1
2 P_3 40 40 0 0 0 1 1 1
2 P_3 41 41 0.156674 0.1761006289308176 0.1964155 1 1 1
2 P_3 42 42 0.080386 0.09575569358178054 0.112956 1 1 1
2 P_3 43 43 0 0 0 1 1 1
2 P_3 44 44 0 0 0 1 1 1
2 P_3 45 45 0.216503 0.23694984646878198 0.25755 1 1 1
2 P_3 46 46 0.24145 0.2621761658031088 0.2827575 1 1 1
2 P_3 47 47 0.092079 0.10796019900497512 0.125462 1 1 1
2 P_3 48 48 0.2196665 0.24008138351983724 0.260612 1 1 1
2 P_3 49 49 0.211277 0.23102785782901056 0.250988 1 1 1
2 P_3 50 50 0.239896 0.2604698672114402 0.280921 1 1 1
2 P_3 51 51 0.2029445 0.22259615384615383 0.24255 1 1 1
2 P_3 52 52 0.101092 0.11773700305810397 0.1359275 1 1 1
2 P_3 53 53 0 0 0 1 1 1
2 P_3 54 54 0 0 0 1 1 1
2 P_3 55 55 0.0871205 0.10285132382892057 0.1203 1 1 1
2 P_3 56 56 0.2150175 0.23575949367088608 0.2566735 1 1 1
2 P_3 57 57 0 0 0 1 1 1
2 P_3 58 58 0 0 0 1 1 1
2 P_3 59 59 0 0 0 1 1 1
2 P_3 60 60 0 0 0 1 1 1
2 P_3 61 61 0 0 0 1 1 1
2 P_3 62 62 0 0 0 1 1 1
2 P_3 63 63 0 0 0 1 1 1
2 P_3 64 64 0.21922 0.2390057361376673 0.258912 1 1 1
2 P_3 65 65 0.5 0.5 0.5 1 1 1
2 P_3 66 66 0.2191805 0.2389846743295019 0.25891 1 1 1
2 P_3 67 67 0.142837 0.16122650840751732 0.180623 1 1 1
2 P_3 68 68 0.093778 0.109375 0.1264995 1 1 1
2 P_3 69 69 0 0 0 1 1 1
2 P_3 70 70 0.215282 0.23559150657229525 0.256068 1 1 1
2 P_3 71 71 0.138692 0.15693069306930693 0.1762265 1 1 1
2 P_3 72 72 0.2017785 0.22147001934235977 0.241478 1 1 1
2 P_3 73 73 0 0 0 1 1 1
2 P_3 74 74 0 0 0 1 1 1
2 P_3 75 75 0 0 0 1 1 1
2 P_3 76 76 0 0 0 1 1 1
2 P_3 77 77 0 0 0 1 1 1
2 P_3 78 78 0 0 0 1 1 1
2 P_3 79 79 0 0 0 1 1 1
2 P_3 80 80 0.2538495 0.2741774675972084 0.294229 1 1 1
2 P_3 81 81 0 0 0 1 1 1
2 P_3 82 82 0.1479355 0.166501976284585 0.1860145 1 1 1
2 P_3 83 83 0.220749 0.24074074074074073 0.260836 1 1 1
2 P_3 84 84 0.1423625 0.16104294478527606 0.1807665 1 1 1
2 P_3 85 85 0.2171495 0.2370983446932814 0.257191 1 1 1
2 P_3 86 86 0 0 0 1 1 1
2 P_3 87 87 0 0 0 1 1 1
2 P_3 88 88 0.135987 0.15447991761071062 0.174101 1 1 1
2 P_3 89 89 0.2209725 0.24097560975609755 0.26108 1 1 1
2 P_3 90 90 0.0853415 0.10058309037900874 0.11749 1 1 1
2 P_3 91 91 0 0 0 1 1 1
2 P_3 92 92 0.0955385 0.11210526315789474 0.130336 1 1 1
2 P_3 93 93 0 0 0 1 1 1
2 P_3 94 94 0 0 0 1 1 1
2 P_3 95 95 0.207375 0.22740814299900694 0.2476985 1 1 1
2 P_3 96 96 0.2079305 0.22835051546391752 0.2490265 1 1 1
2 P_3 97 97 0.5 0.5 0.5 1 1 1
2 P_3 98 98 0.2239185 0.24455958549222798 0.265265 1 1 1
2 P_3 99 99 0.2503635 0.27046783625730997 0.2903435 1 1 1
2 P_3 100 100 0.241351 0.26144109055501463 0.2814035 1 1 1
2 P_3 101 101 0.5 0.5 0.5 1 1 1
2 P_3 102 102 0.1992045 0.2198505869797225 0.240866 1 1 1
2 P_3 103 103 0 0 0 1 1 1
2 P_3 104 104 0 0 0 1 1 1
2 P_3 105 105 0.5 0.5 0.5 1 1 1
2 P_3 106 106 0.088348 0.1041879468845761 0.121736 1 1 1
2 P_3 107 107 0 0 0 1 1 1
2 P_3 108 108 0 0 0 1 1 1
2 P_3 109 109 0.5 0.5 0.5 1 1 1
2 P_3 110 110 0.2120035 0.23257023933402707 0.253345 1 1 1
2 P_3 111 111 0 0 0 1 1 1
2 P_3 112 112 0 0 0 1 1 1
2 P_3 113 113 0 0 0 1 1 1
2 P_3 114 114 0.2215965 0.24193548387096775 0.2623675 1 1 1
2 P_3 115 115 0 0 0 1 1 1
2 P_3 116 116 0 0 0 1 1 1
2 P_3 117 117 0.2294725 0.25053763440860216 0.271596 1 1 1
2 P_3 118 118 0 0 0 1 1 1
2 P_3 119 119 0 0 0 1 1 1
2 P_3 120 120 0 0 0 1 1 1
2 P_3 121 121 0.2114595 0.23157370517928286 0.2518985 1 1 1
2 P_3 122 122 0 0 0 1 1 1
2 P_3 123 123 0.2259325 0.24606299212598426 0.2662375 1 1 1
2 P_3 124 124 0 0 0 1 1 1
2 P_3 125 125 0 0 0 1 1 1
2 P_3 126 126 0.0875285 0.10323886639676114 0.1206525 1 1 1
2 P_3 127 127 0 0 0 1 1 1
2 P_3 128 128 0 0 0 1 1 1
2 P_3 129 129 0 0 0 1 1 1
2 P_3 130 130 0 0 0 1 1 1
2 P_3 131 131 0 0 0 1 1 1
2 P_3 132 132 0.1994955 0.22034820457018497 0.241571 1 1 1
2 P_3 133 133 0.090121 0.1058648111332008 0.1232515 1 1 1
2 P_3 134 134 0.208162 0.22788461538461538 0.247851 1 1 1
2 P_3 135 135 0.142962 0.16170431211498973 0.181486 1 1 1
2 P_3 136 136 0.5 0.5 0.5 1 1 1
2 P_3 137 137 0.2097455 0.22991967871485944 0.250325 1 1 1
2 P_3 138 138 0.2016695 0.22126436781609196 0.241175 1 1 1
2 P_3 139 139 0.259289 0.2801047120418848 0.300559 1 1 1
2 P_3 140 140 0 0 0 1 1 1
2 P_3 141 141 0 0 0 1 1 1
2 P_3 142 142 0 0 0 1 1 1
2 P_3 143 143 0.219491 0.23973973973973975 0.2601065 1 1 1
2 P_3 144 144 0.093022 0.10904522613065326 0.1266925 1 1 1
2 P_3 145 145 0.212444 0.23256972111553784 0.2528945 1 1 1
2 P_3 146 146 0 0 0 1 1 1
2 P_3 147 147 0.1493355 0.16818642350557245 0.187988 1 1 1
2 P_3 148 148 0 0 0 1 1 1
2 P_3 149 149 0 0 0 1 1 1
2 P_3 150 150 0.197583 0.21827956989247313 0.2393675 1 1 1
2 P_3 151 151 0.0846265 0.1 0.117085 1 1 1
2 P_3 152 152 0.227535 0.2477656405163853 0.268022 1 1 1
2 P_3 153 153 0.5 0.5 0.5 1 1 1
2 P_3 154 154 0 0 0 1 1 1
2 P_3 155 155 0 0 0 1 1 1
2 P_3 156 156 0.2100815 0.22974261201143947 0.2496255 1 1 1
2 P_3 157 157 0.221975 0.24196689386562803 0.2620485 1 1 1
2 P_3 158 158 0.211043 0.23148148148148148 0.252138 1 1 1
2 P_3 159 159 0 0 0 1 1 1
2 P_3 160 160 0.229703 0.2502558853633572 0.2708055 1 1 1
2 P_3 161 161 0 0 0 1 1 1
2 P_3 162 162 0 0 0 1 1 1
2 P_3 163 163 0.153664 0.17203791469194313 0.1912595 1 1 1
2 P_3 164 164 0 0 0 1 1 1
2 P_3 165 165 0 0 0 1 1 1
2 P_3 166 166 0 0 0 1 1 1
2 P_3 167 167 0 0 0 1 1 1
2 P_3 168 168 0.131496 0.15 0.169711 1 1 1
2 P_3 169 169 0.1419835 0.16037735849056603 0.179792 1 1 1
2 P_3 170 170 0.2164135 0.23625843780135006 0.256255 1 1 1
2 P_3 171 171 0.208699 0.22938689217758984 0.2503245 1 1 1
2 P_3 172 172 0 0 0 1 1 1
2 P_3 173 173 0 0 0 1 1 1
2 P_3 174 174 0 0 0 1 1 1
2 P_3 175 175 0 0 0 1 1 1
2 P_3 176 176 0.151346 0.17018072289156627 0.1899345 1 1 1
2 P_3 177 177 0.21843 0.23846908734052993 0.258638 1 1 1
2 P_3 178 178 0 0 0 1 1 1
2 P_3 179 179 0 0 0 1 1 1
2 P_3 180 180 0.2034755 0.2232490272373541 0.243321 1 1 1
2 P_3 181 181 0 0 0 1 1 1
2 P_3 182 182 0 0 0 1 1 1
2 P_3 183 183 0 0 0 1 1 1
2 P_3 184 184 0 0 0 1 1 1
2 P_3 185 185 0.092178 0.10840248962655602 0.1263115 1 1 1
2 P_3 186 186 0 0 0 1 1 1
2 P_3 187 187 0.147314 0.16599799398194584 0.185648 1 1 1
2 P_3 188 188 0 0 0 1 1 1
2 P_3 189 189 0.2082835 0.22796934865900384 0.2478975 1 1 1
2 P_3 190 190 0.208723 0.2288135593220339 0.2491465 1 1 1
2 P_3 191 191 0 0 0 1 1 1
2 P_3 192 192 0.137821 0.15621840242669363 0.1757035 1 1 1
2 P_3 193 193 0 0 0 1 1 1
2 P_3 194 194 0.0824095 0.09746588693957114 0.1142275 1 1 1
2 P_3 195 195 0 0 0 1 1 1
2 P_3 196 196 0 0 0 1 1 1
2 P_3 197 197 0 0 0 1 1 1
2 P_3 198 198 0 0 0 1 1 1
2 P_3 199 199 0.1437115 0.16218905472636816 0.1816685 1 1 1
2 P_3 200 200 0.2211875 0.24175257731958763 0.262415 1 1 1
2 P_3 201 201 0.5 0.5 0.5 1 1 1
2 P_3 202 202 0 0 0 1 1 1
2 P_3 203 203 0.1325545 0.1507056451612903 0.170005 1 1 1
2 P_3 204 204 0 0 0 1 1 1
2 P_3 205 205 0 0 0 1 1 1
2 P_3 206 206 0.2169235 0.2370775347912525 0.2573785 1 1 1
2 P_3 207 207 0.1440585 0.16300940438871472 0.1830025 1 1 1
2 P_3 208 208 0 0 0 1 1 1
2 P_3 209 209 0 0 0 1 1 1
2 P_3 210 210 0 0 0 1 1 1
2 P_3 211 211 0 0 0 1 1 1
2 P_3 212 212 0 0 0 1 1 1
2 P_3 213 213 0.153491 0.17229394240317775 0.191982 1 1 1
2 P_3 214 214 0.2474845 0.267983789260385 0.288274 1 1 1
2 P_3 215 215 0.098568 0.11477832512315271 0.1325165 1 1 1
2 P_3 216 216 0 0 0 1 1 1
2 P_3 217 217 0 0 0 1 1 1
2 P_3 218 218 0 0 0 1 1 1
2 P_3 219 219 0.202183 0.22189922480620156 0.241928 1 1 1
2 P_3 220 220 0.2043655 0.22423945044160942 0.244403 1 1 1
2 P_3 221 221 0.216071 0.23670490093847757 0.2574975 1 1 1
2 P_3 222 222 0 0 0 1 1 1
2 P_3 223 223 0.5 0.5 0.5 1 1 1
2 P_3 224 224 0 0 0 1 1 1
2 P_3 225 225 0 0 0 1 1 1
2 P_3 226 226 0 0 0 1 1 1
2 P_3 227 227 0.2058035 0.22606924643584522 0.2466145 1 1 1
2 P_3 228 228 0 0 0 1 1 1
2 P_3 229 229 0 0 0 1 1 1
2 P_3 230 230 0 0 0 1 1 1
2 P_3 231 231 0.14671 0.16533466533466534 0.1849295 1 1 1
2 P_3 232 232 0 0 0 1 1 1
2 P_3 233 233 0 0 0 1 1 1
2 P_3 234 234 0.5 0.5 0.5 1 1 1
2 P_3 235 235 0.2035035 0.22381930184804927 0.2444435 1 1 1
2 P_3 236 236 0.5 0.5 0.5 1 1 1
2 P_3 237 237 0.216638 0.23638968481375358 0.2562905 1 1 1
2 P_3 238 238 0.2559775 0.27638190954773867 0.296482 1 1 1
2 P_3 239 239 0 0 0 1 1 1
2 P_3 240 240 0.085813 0.10141987829614604 0.1187545 1 1 1
2 P_3 241 241 0.2189735 0.23935091277890466 0.259852 1 1 1
2 P_3 242 242 0.216524 0.23663366336633662 0.256895 1 1 1
2 P_3 243 243 0.092923 0.1088911088911089 0.1264755 1 1 1
2 P_3 244 244 0.0943235 0.11070686070686071 0.1287505 1 1 1
2 P_3 245 245 0 0 0 1 1 1
2 P_3 246 246 0 0 0 1 1 1
2 P_3 247 247 0.0896435 0.10539460539460539 0.1228025 1 1 1
2 P_3 248 248 0 0 0 1 1 1
2 P_3 249 249 0 0 0 1 1 1
2 P_3 250 250 0 0 0 1 1 1
2 P_3 251 251 0.212788 0.23316326530612244 0.2537355 1 1 1
2 P_3 252 252 0 0 0 1 1 1
2 P_3 253 253 0 0 0 1 1 1
2 P_3 254 254 0.2155565 0.23585858585858585 0.2563245 1 1 1
2 P_3 255 255 0.1500395 0.16863323500491642 0.1881445 1 1 1
2 P_3 256 256 0 0 0 1 1 1
2 P_3 257 257 0 0 0 1 1 1
2 P_3 258 258 0.1360825 0.1541095890410959 0.1732125 1 1 1
2 P_3 259 259 0.143108 0.16164658634538154 0.1812025 1 1 1
2 P_3 260 260 0.216265 0.23681489141675285 0.2575215 1 1 1
2 P_3 261 261 0.081626 0.0968063872255489 0.1137395 1 1 1
2 P_3 262 262 0 0 0 1 1 1
2 P_3 263 263 0.214957 0.23529411764705882 0.255802 1 1 1
2 P_3 264 264 0.22079 0.24115267947421637 0.261618 1 1 1
2 P_3 265 265 0.2192795 0.2391513982642237 0.2591435 1 1 1
2 P_3 266 266 0 0 0 1 1 1
2 P_3 267 267 0 0 0 1 1 1
2 P_3 268 268 0.1517445 0.1699438202247191 0.189003 1 1 1
2 P_3 269 269 0.088981 0.10496380558428128 0.122666 1 1 1
2 P_3 270 270 0.222174 0.2427685950413223 0.263449 1 1 1
2 P_3 271 271 0 0 0 1 1 1
2 P_3 272 272 0 0 0 1 1 1
2 P_3 273 273 0.1407385 0.15944272445820434 0.1792185 1 1 1
2 P_3 274 274 0 0 0 1 1 1
2 P_3 275 275 0 0 0 1 1 1
2 P_3 276 276 0 0 0 1 1 1
2 P_3 277 277 0 0 0 1 1 1
2 P_3 278 278 0.2123325 0.23222979552093476 0.252326 1 1 1
2 P_3 279 279 0 0 0 1 1 1
2 P_3 280 280 0.5 0.5 0.5 1 1 1
2 P_3 281 281 0.224128 0.24446680080482897 0.2648695 1 1 1
2 P_3 282 282 0 0 0 1 1 1
2 P_3 283 283 0 0 0 1 1 1
2 P_3 284 284 0 0 0 1 1 1
2 P_3 285 285 0 0 0 1 1 1
2 P_3 286 286 0 0 0 1 1 1
2 P_3 287 287 0.204435 0.22402287893231648 0.243895 1 1 1
2 P_3 288 288 0.1477425 0.16649848637739656 0.186221 1 1 1
2 P_3 289 289 0.5 0.5 0.5 1 1 1
2 P_3 290 290 0.1371465 0.1553784860557769 0.174691 1 1 1
2 P_3 291 291 0.2095195 0.22912713472485768 0.248962 1 1 1
2 P_3 292 292 0.1560865 0.17473378509196516 0.194217 1 1 1
2 P_3 293 293 0 0 0 1 1 1
2 P_3 294 294 0 0 0 1 1 1
2 P_3 295 295 0.218123 0.23818897637795275 0.258388 1 1 1
2 P_3 296 296 0 0 0 1 1 1
2 P_3 297 297 0.2552375 0.27565392354124746 0.2957745 1 1 1
2 P_3 298 298 0 0 0 1 1 1
2 P_3 299 299 0 0 0 1 1 1
2 P_3 300 300 0 0 0 1 1 1
2 P_3 301 301 0.1404365 0.15930599369085174 0.179269 1 1 1
2 P_3 302 302 0.5 0.5 0.5 1 1 1
2 P_3 303 303 0 0 0 1 1 1
2 P_3 304 304 0.214708 0.23493975903614459 0.255345 1 1 1
2 P_3 305 305 0.0846405 0.10010060362173039 0.11729 1 1 1
2 P_3 306 306 0.212279 0.23228346456692914 0.252488 1 1 1
2 P_3 307 307 0 0 0 1 1 1
2 P_3 308 308 0 0 0 1 1 1
2 P_3 309 309 0.091202 0.10740354535974973 0.12531 1 1 1
2 P_3 310 310 0.148139 0.16666666666666666 0.186134 1 1 1
2 P_3 311 311 0 0 0 1 1 1
2 P_3 312 312 0.2195575 0.2398989898989899 0.2603575 1 1 1
2 P_3 313 313 0 0 0 1 1 1
2 P_3 314 314 0.1453435 0.16398390342052313 0.183617 1 1 1
2 P_3 315 315 0 0 0 1 1 1
2 P_3 316 316 0 0 0 1 1 1
2 P_3 317 317 0.208778 0.22980349344978165 0.251082 1 1 1
2 P_3 318 318 0.2593105 0.2796019900497512 0.2995555 1 1 1
2 P_3 319 319 0.214313 0.2345 0.254865 1 1 1
2 P_3 320 320 0 0 0 1 1 1
2 P_3 321 321 0 0 0 1 1 1
2 P_3 322 322 0.21782 0.23862433862433863 0.2595665 1 1 1
2 P_3 323 323 0 0 0 1 1 1
2 P_3 324 324 0 0 0 1 1 1
2 P_3 325 325 0 0 0 1 1 1
2 P_3 326 326 0.143939 0.1619452313503305 0.180905 1 1 1
2 P_3 327 327 0.2122255 0.232429718875502 0.252836 1 1 1
2 P_3 328 328 0 0 0 1 1 1
2 P_3 329 329 0 0 0 1 1 1
2 P_3 330 330 0 0 0 1 1 1
2 P_3 331 331 0 0 0 1 1 1
2 P_3 332 332 0 0 0 1 1 1
2 P_3 333 333 0.2104615 0.23100936524453694 0.251784 1 1 1
2 P_3 334 334 0 0 0 1 1 1
2 P_3 335 335 0 0 0 1 1 1
2 P_3 336 336 0.2083275 0.22830374753451677 0.2485255 1 1 1
2 P_3 337 337 0 0 0 1 1 1
2 P_3 338 338 0.1514 0.17041965199590584 0.1903735 1 1 1
2 P_3 339 339 0.149933 0.1686626746506986 0.188323 1 1 1
2 P_3 340 340 0 0 0 1 1 1
2 P_3 341 341 0.0839465 0.09921026653504442 0.116181 1 1 1
2 P_3 342 342 0.2351115 0.25555555555555554 0.275935 1 1 1
2 P_3 343 343 0.2155255 0.23573573573573572 0.2561095 1 1 1
2 P_3 344 344 0.2276075 0.24777887462981243 0.2679755 1 1 1
2 P_3 345 345 0.2085985 0.22905894519131334 0.2497675 1 1 1
2 P_3 346 346 0.2071425 0.2270935960591133 0.2473035 1 1 1
2 P_3 347 347 0.092528 0.10794392523364486 0.1248825 1 1 1
2 P_3 348 348 0.094852 0.11053130929791272 0.127728 1 1 1
2 P_3 349 349 0.092822 0.10869565217391304 0.1261705 1 1 1
2 P_3 350 350 0 0 0 1 1 1
2 P_3 351 351 0.217463 0.23771313941825475 0.2581045 1 1 1
2 P_3 352 352 0.203873 0.22394789579158317 0.2443225 1 1 1
2 P_3 353 353 0 0 0 1 1 1
2 P_3 354 354 0 0 0 1 1 1
2 P_3 355 355 0 0 0 1 1 1
2 P_3 356 356 0 0 0 1 1 1
2 P_3 357 357 0.5 0.5 0.5 1 1 1
2 P_3 358 358 0 0 0 1 1 1
2 P_3 359 359 0.1943405 0.21481481481481482 0.235716 1 1 1
2 P_3 360 360 0.2016695 0.22126436781609196 0.241175 1 1 1
2 P_3 361 361 0 0 0 1 1 1
2 P_3 362 362 0.200322 0.22005842259006816 0.240129 1 1 1
2 P_3 363 363 0 0 0 1 1 1
2 P_3 364 364 0 0 0 1 1 1
2 P_3 365 365 0 0 0 1 1 1
2 P_3 366 366 0.1552495 0.17412935323383086 0.193875 1 1 1
2 P_3 367 367 0.082666 0.09815005138746145 0.115423 1 1 1
2 P_3 368 368 0 0 0 1 1 1
2 P_3 369 369 0.5 0.5 0.5 1 1 1
2 P_3 370 370 0.202601 0.2222757955641273 0.2422575 1 1 1
2 P_3 371 371 0 0 0 1 1 1
2 P_3 372 372 0.2186085 0.2392894461859979 0.2600985 1 1 1
2 P_3 373 373 0.0838135 0.09893307468477207 0.115733 1 1 1
2 P_3 374 374 0.2462015 0.2662779397473275 0.2861725 1 1 1
2 P_3 375 375 0 0 0 1 1 1
2 P_3 376 376 0 0 0 1 1 1
2 P_3 377 377 0 0 0 1 1 1
2 P_3 378 378 0 0 0 1 1 1
2 P_3 379 379 0 0 0 1 1 1
2 P_3 380 380 0 0 0 1 1 1
2 P_3 381 381 0 0 0 1 1 1
2 P_3 382 382 0 0 0 1 1 1
2 P_3 383 383 0.096848 0.11270296084049666 0.130062 1 1 1
2 P_3 384 384 0 0 0 1 1 1
2 P_3 385 385 0.2063535 0.22616731517509728 0.246247 1 1 1
2 P_3 386 386 0.2615065 0.281648675171737 0.3014345 1 1 1
2 P_3 387 387 0.2234985 0.24391480730223122 0.264402 1 1 1
2 P_3 388 388 0.5 0.5 0.5 1 1 1
2 P_3 389 389 0 0 0 1 1 1
2 P_3 390 390 0 0 0 1 1 1
2 P_3 391 391 0.214564 0.23465346534653464 0.254917 1 1 1
2 P_3 392 392 0 0 0 1 1 1
2 P_3 393 393 0 0 0 1 1 1
2 P_3 394 394 0.203965 0.22354623450905625 0.243417 1 1 1
2 P_3 395 395 0 0 0 1 1 1
2 P_3 396 396 0.094486 0.11076923076923077 0.12869 1 1 1
2 P_3 397 397 0.1980495 0.21766409266409267 0.2376365 1 1 1
2 P_3 398 398 0 0 0 1 1 1
2 P_3 399 399 0.5 0.5 0.5 1 1 1
2 P_3 400 400 0.211203 0.23114593535749264 0.2513005 1 1 1
2 P_3 401 401 0 0 0 1 1 1
2 P_3 402 402 0 0 0 1 1 1
2 P_3 403 403 0.1506755 0.17003188097768332 0.1903625 1 1 1
2 P_3 404 404 0 0 0 1 1 1
2 P_3 405 405 0.21013 0.23061013443640124 0.25132 1 1 1
2 P_3 406 406 0 0 0 1 1 1
2 P_3 407 407 0 0 0 1 1 1
2 P_3 408 408 0.1460515 0.16494845360824742 0.184851 1 1 1
2 P_3 409 409 0 0 0 1 1 1
2 P_3 410 410 0.2209755 0.24110671936758893 0.261339 1 1 1
2 P_3 411 411 0 0 0 1 1 1
2 P_3 412 412 0.5 0.5 0.5 1 1 1
2 P_3 413 413 0 0 0 1 1 1
2 P_3 414 414 0 0 0 1 1 1
2 P_3 415 415 0 0 0 1 1 1
2 P_3 416 416 0.220342 0.24029126213592233 0.2603485 1 1 1
2 P_3 417 417 0 0 0 1 1 1
2 P_3 418 418 0 0 0 1 1 1
2 P_3 419 419 0.2089355 0.2288801571709234 0.2490625 1 1 1
2 P_3 420 420 0.087169 0.1028225806451613 0.1201775 1 1 1
2 P_3 421 421 0 0 0 1 1 1
2 P_3 422 422 0 0 0 1 1 1
2 P_3 423 423 0.141041 0.15987460815047022 0.179788 1 1 1
2 P_3 424 424 0.089039 0.10461689587426326 0.1218325 1 1 1
2 P_3 425 425 0 0 0 1 1 1
2 P_3 426 426 0 0 0 1 1 1
2 P_3 427 427 0.5 0.5 0.5 1 1 1
2 P_3 428 428 0 0 0 1 1 1
2 P_3 429 429 0.2578125 0.27810945273631843 0.2980855 1 1 1
2 P_3 430 430 0.212658 0.23358449946178686 0.2547135 1 1 1
2 P_3 431 431 0 0 0 1 1 1
2 P_3 432 432 0.135487 0.15354330708661418 0.1726885 1 1 1
2 P_3 433 433 0.210591 0.23065476190476192 0.250939 1 1 1
2 P_3 434 434 0.220933 0.24070543374642517 0.2605795 1 1 1
2 P_3 435 435 0 0 0 1 1 1
2 P_3 436 436 0 0 0 1 1 1
2 P_3 437 437 0.081826 0.09708249496981891 0.114103 1 1 1
2 P_3 438 438 0 0 0 1 1 1
2 P_3 439 439 0 0 0 1 1 1
2 P_3 440 440 0.100679 0.11746361746361747 0.1358275 1 1 1
2 P_3 441 441 0 0 0 1 1 1
2 P_3 442 442 0 0 0 1 1 1
2 P_3 443 443 0 0 0 1 1 1
2 P_3 444 444 0 0 0 1 1 1
2 P_3 445 445 0.2056355 0.2251655629139073 0.244965 1 1 1
2 P_3 446 446 0.151772 0.17044334975369457 0.1900135 1 1 1
2 P_3 447 447 0 0 0 1 1 1
2 P_3 448 448 0 0 0 1 1 1
2 P_3 449 449 0 0 0 1 1 1
2 P_3 450 450 0.2202155 0.24048096192384769 0.260856 1 1 1
2 P_3 451 451 0 0 0 1 1 1
2 P_3 452 452 0.1441425 0.16290983606557377 0.1827005 1 1 1
2 P_3 453 453 0.1479105 0.16618773946360152 0.185386 1 1 1
2 P_3 454 454 0.089881 0.10546875 0.122675 1 1 1
2 P_3 455 455 0 0 0 1 1 1
2 P_3 456 456 0 0 0 1 1 1
2 P_3 457 457 0.2103255 0.2310126582278481 0.2519295 1 1 1
2 P_3 458 458 0 0 0 1 1 1
2 P_3 459 459 0.2091885 0.22937625754527163 0.249802 1 1 1
2 P_3 460 460 0 0 0 1 1 1
2 P_3 461 461 0.1501395 0.16840607210626185 0.1875605 1 1 1
2 P_3 462 462 0 0 0 1 1 1
2 P_3 463 463 0.22031800000000001 0.24003795066413663 0.2598665 1 1 1
2 P_3 464 464 0 0 0 1 1 1
2 P_3 465 465 0.1510265 0.16959921798631475 0.189073 1 1 1
2 P_3 466 466 0.252314 0.27281947261663286 0.2930595 1 1 1
2 P_3 467 467 0 0 0 1 1 1
2 P_3 468 468 0 0 0 1 1 1
2 P_3 469 469 0.0960245 0.11179828734538534 0.1290805 1 1 1
2 P_3 470 470 0 0 0 1 1 1
2 P_3 471 471 0 0 0 1 1 1
2 P_3 472 472 0 0 0 1 1 1
2 P_3 473 473 0.2215965 0.24193548387096775 0.2623675 1 1 1
2 P_3 474 474 0.2132355 0.2330754352030948 0.253103 1 1 1
2 P_3 475 475 0.223028 0.24357656731757452 0.264201 1 1 1
2 P_3 476 476 0.1576615 0.17664670658682635 0.1964715 1 1 1
2 P_3 477 477 0.0897115 0.10555555555555556 0.1230725 1 1 1
2 P_3 478 478 0.241098 0.2611003861003861 0.2809795 1 1 1
2 P_3 479 479 0 0 0 1 1 1
2 P_3 480 480 0 0 0 1 1 1
2 P_3 481 481 0.2266785 0.24719101123595505 0.2677365 1 1 1
2 P_3 482 482 0.2082035 0.22821782178217823 0.2484795 1 1 1
2 P_3 483 483 0.20948 0.22941176470588234 0.249575 1 1 1
2 P_3 484 484 0.2065235 0.22680937818552496 0.2473665 1 1 1
2 P_3 485 485 0.2441505 0.2651434643995749 0.2859515 1 1 1
2 P_3 486 486 0 0 0 1 1 1
2 P_3 487 487 0.5 0.5 0.5 1 1 1
2 P_3 488 488 0.141361 0.1597222222222222 0.1791105 1 1 1
2 P_3 489 489 0 0 0 1 1 1
2 P_3 490 490 0.211081 0.23115079365079366 0.251435 1 1 1
3 P_0 0 0 0.297274 0.3172690763052209 0.3364895 1 1 1
3 P_0 1 1 0 0 0 1 1 1
3 P_0 2 2 0 0 0 1 1 1
3 P_0 3 3 0 0 0 1 1 1
3 P_0 4 4 0.303978 0.3238238238238238 0.3428225 1 1 1
3 P_0 5 5 0 0 0 1 1 1
3 P_0 6 6 0.5 0.5 0.5 1 1 1
3 P_0 7 7 0 0 0 1 1 1
3 P_0 8 8 0 0 0 1 1 1
3 P_0 9 9 0 0 0 1 1 1
3 P_0 10 10 0 0 0 1 1 1
3 P_0 11 11 0.1810255 0.20038910505836577 0.2203065 1 1 1
3 P_0 12 12 0 0 0 1 1 1
3 P_0 13 13 0.3032575 0.3236536430834213 0.343158 1 1 1
3 P_0 14 14 0 0 0 1 1 1
3 P_0 15 15 0.161204 0.1802788844621514 0.2001505 1 1 1
3 P_0 16 16 0.2915355 0.31145113524185586 0.330671 1 1 1
3 P_0 17 17 0 0 0 1 1 1
3 P_0 18 18 0 0 0 1 1 1
3 P_0 19 19 0 0 0 1 1 1
3 P_0 20 20 0.179603 0.1992936427850656 0.219571 1 1 1
3 P_0 21 21 0.1456375 0.16345270890725436 0.18218 1 1 1
3 P_0 22 22 0 0 0 1 1 1
3 P_0 23 23 0 0 0 1 1 1
3 P_0 24 24 0 0 0 1 1 1
3 P_0 25 25 0 0 0 1 1 1
3 P_0 26 26 0 0 0 1 1 1
3 P_0 27 27 0 0 0 1 1 1
3 P_0 28 28 0 0 0 1 1 1
3 P_0 29 29 0.2883555 0.30817916260954237 0.3273535 1 1 1
3 P_0 30 30 0.177882 0.19773429454170957 0.2182035 1 1 1
3 P_0 31 31 0 0 0 1 1 1
3 P_0 32 32 0.1697545 0.18869731800766285 0.2083135 1 1 1
3 P_0 33 33 0 0 0 1 1 1
3 P_0 34 34 0.1758435 0.19581151832460733 0.2164305 1 1 1
3 P_0 35 35 0 0 0 1 1 1
3 P_0 36 36 0 0 0 1 1 1
3 P_0 37 37 0.1661375 0.18564102564102564 0.2059015 1 1 1
3 P_0 38 38 0 0 0 1 1 1
3 P_0 39 39 0 0 0 1 1 1
3 P_0 40 40 0 0 0 1 1 1
3 P_0 41 41 0 0 0 1 1 1
3 P_0 42 42 0 0 0 1 1 1
3 P_0 43 43 0 0 0 1 1 1
3 P_0 44 44 0.30424 0.3241206030150754 0.343147 1 1 1
3 P_0 45 45 0 0 0 1 1 1
3 P_0 46 46 0.5 0.5 0.5 1 1 1
3 P_0 47 47 0 0 0 1 1 1
3 P_0 48 48 0 0 0 1 1 1
3 P_0 49 49 0 0 0 1 1 1
3 P_0 50 50 0.5 0.5 0.5 1 1 1
3 P_0 51 51 0 0 0 1 1 1
3 P_0 52 52 0 0 0 1 1 1
3 P_0 53 53 0.5 0.5 0.5 1 1 1
3 P_0 54 54 0 0 0 1 1 1
3 P_0 55 55 0 0 0 1 1 1
3 P_0 56 56 0 0 0 1 1 1
3 P_0 57 57 0 0 0 1 1 1
3 P_0 58 58 0.29831 0.31783317353787155 0.3366105 1 1 1
3 P_0 59 59 0 0 0 1 1 1
3 P_0 60 60 0.1745005 0.19351763584366063 0.2131525 1 1 1
3 P_0 61 61 0 0 0 1 1 1
3 P_0 62 62 0 0 0 1 1 1
3 P_0 63 63 0.1817065 0.20177267987486966 0.2224155 1 1 1
3 P_0 64 64 0 0 0 1 1 1
3 P_0 65 65 0.5 0.5 0.5 1 1 1
3 P_0 66 66 0 0 0 1 1 1
3 P_0 67 67 0 0 0 1 1 1
3 P_0 68 68 0 0 0 1 1 1
3 P_0 69 69 0 0 0 1 1 1
3 P_0 70 70 0 0 0 1 1 1
3 P_0 71 71 0 0 0 1 1 1
3 P_0 72 72 0 0 0 1 1 1
3 P_0 73 73 0 0 0 1 1 1
3 P_0 74 74 0.292534 0.31202651515151514 0.330845 1 1 1
3 P_0 75 75 0 0 0 1 1 1
3 P_0 76 76 0 0 0 1 1 1
3 P_0 77 77 0.298686 0.3186372745490982 0.3377995 1 1 1
3 P_0 78 78 0.155602 0.17431640625 0.1938785 1 1 1
3 P_0 79 79 0 0 0 1 1 1
3 P_0 80 80 0.5 0.5 0.5 1 1 1
3 P_0 81 81 0 0 0 1 1 1
3 P_0 82 82 0 0 0 1 1 1
3 P_0 83 83 0 0 0 1 1 1
3 P_0 84 84 0 0 0 1 1 1
3 P_0 85 85 0 0 0 1 1 1
3 P_0 86 86 0 0 0 1 1 1
3 P_0 87 87 0 0 0 1 1 1
3 P_0 88 88 0 0 0 1 1 1
3 P_0 89 89 0 0 0 1 1 1
3 P_0 90 90 0 0 0 1 1 1
3 P_0 91 91 0.2922455 0.3121902874132805 0.331428 1 1 1
3 P_0 92 92 0 0 0 1 1 1
3 P_0 93 93 0.307816 0.32796257796257794 0.3471795 1 1 1
3 P_0 94 94 0.1695455 0.18894472361809045 0.209048 1 1 1
3 P_0 95 95 0 0 0 1 1 1
3 P_0 96 96 0 0 0 1 1 1
3 P_0 97 97 0.5 0.5 0.5 1 1 1
3 P_0 98 98 0 0 0 1 1 1
3 P_0 99 99 0.5 0.5 0.5 1 1 1
3 P_0 100 100 0.5 0.5 0.5 1 1 1
3 P_0 101 101 0.5 0.5 0.5 1 1 1
3 P_0 102 102 0 0 0 1 1 1
3 P_0 103 103 0 0 0 1 1 1
3 P_0 104 104 0.301559 0.32088846880907373 0.339449 1 1 1
3 P_0 105 105 0.5 0.5 0.5 1 1 1
3 P_0 106 106 0 0 0 1 1 1
3 P_0 107 107 0.1807765 0.2000968992248062 0.219972 1 1 1
3 P_0 108 108 0 0 0 1 1 1
3 P_0 109 109 0.5 0.5 0.5 1 1 1
3 P_0 110 110 0 0 0 1 1 1
3 P_0 111 111 0.5 0.5 0.5 1 1 1
3 P_0 112 112 0.2858065 0.3058589870903674 0.3252755 1 1 1
3 P_0 113 113 0 0 0 1 1 1
3 P_0 114 114 0 0 0 1 1 1
3 P_0 115 115 0 0 0 1 1 1
3 P_0 116 116 0 0 0 1 1 1
3 P_0 117 117 0 0 0 1 1 1
3 P_0 118 118 0 0 0 1 1 1
3 P_0 119 119 0.3036065 0.3235591506572295 0.342659 1 1 1
3 P_0 120 120 0 0 0 1 1 1
3 P_0 121 121 0 0 0 1 1 1
3 P_0 122 122 0.1643385 0.1833824975417896 0.2031775 1 1 1
3 P_0 123 123 0 0 0 1 1 1
3 P_0 124 124 0 0 0 1 1 1
3 P_0 125 125 0 0 0 1 1 1
3 P_0 126 126 0 0 0 1 1 1
3 P_0 127 127 0.5 0.5 0.5 1 1 1
3 P_0 128 128 0.5 0.5 0.5 1 1 1
3 P_0 129 129 0.2907625 0.3110316649642492 0.330586 1 1 1
3 P_0 130 130 0 0 0 1 1 1
3 P_0 131 131 0.290145 0.3105590062111801 0.330254 1 1 1
3 P_0 132 132 0 0 0 1 1 1
3 P_0 133 133 0 0 0 1 1 1
3 P_0 134 134 0 0 0 1 1 1
3 P_0 135 135 0 0 0 1 1 1
3 P_0 136 136 0.5 0.5 0.5 1 1 1
3 P_0 137 137 0 0 0 1 1 1
3 P_0 138 138 0 0 0 1 1 1
3 P_0 139 139 0.5 0.5 0.5 1 1 1
3 P_0 140 140 0.308386 0.32783705140640157 0.346422 1 1 1
3 P_0 141 141 0 0 0 1 1 1
3 P_0 142 142 0.2759025 0.2957610789980732 0.315114 1 1 1
3 P_0 143 143 0 0 0 1 1 1
3 P_0 144 144 0 0 0 1 1 1
3 P_0 145 145 0 0 0 1 1 1
3 P_0 146 146 0.2840655 0.3045501551189245 0.324388 1 1 1
3 P_0 147 147 0 0 0 1 1 1
3 P_0 148 148 0.2927085 0.3125 0.3315915 1 1 1
3 P_0 149 149 0 0 0 1 1 1
3 P_0 150 150 0 0 0 1 1 1
3 P_0 151 151 0 0 0 1 1 1
3 P_0 152 152 0.5 0.5 0.5 1 1 1
3 P_0 153 153 0.5 0.5 0.5 1 1 1
3 P_0 154 154 0 0 0 1 1 1
3 P_0 155 155 0.300291 0.3199029126213592 0.3387365 1 1 1
3 P_0 156 156 0 0 0 1 1 1
3 P_0 157 157 0 0 0 1 1 1
3 P_0 158 158 0 0 0 1 1 1
3 P_0 159 159 0 0 0 1 1 1
3 P_0 160 160 0 0 0 1 1 1
3 P_0 161 161 0 0 0 1 1 1
3 P_0 162 162 0.1653415 0.18447082096933728 0.2043435 1 1 1
3 P_0 163 163 0 0 0 1 1 1
3 P_0 164 164 0.167634 0.18717948717948718 0.207464 1 1 1
3 P_0 165 165 0 0 0 1 1 1
3 P_0 166 166 0 0 0 1 1 1
3 P_0 167 167 0.2805375 0.3005923000987167 0.3200745 1 1 1
3 P_0 168 168 0 0 0 1 1 1
3 P_0 169 169 0 0 0 1 1 1
3 P_0 170 170 0 0 0 1 1 1
3 P_0 171 171 0 0 0 1 1 1
3 P_0 172 172 0 0 0 1 1 1
3 P_0 173 173 0 0 0 1 1 1
3 P_0 174 174 0 0 0 1 1 1
3 P_0 175 175 0 0 0 1 1 1
3 P_0 176 176 0 0 0 1 1 1
3 P_0 177 177 0 0 0 1 1 1
3 P_0 178 178 0 0 0 1 1 1
3 P_0 179 179 0.2903355 0.3103277060575968 0.3296325 1 1 1
3 P_0 180 180 0 0 0 1 1 1
3 P_0 181 181 0 0 0 1 1 1
3 P_0 182 182 0 0 0 1 1 1
3 P_0 183 183 0.167666 0.18724279835390947 0.20756 1 1 1
3 P_0 184 184 0.301853 0.3220954356846473 0.34148 1 1 1
3 P_0 185 185 0 0 0 1 1 1
3 P_0 186 186 0.1647355 0.18431983385254413 0.204686 1 1 1
3 P_0 187 187 0 0 0 1 1 1
3 P_0 188 188 0 0 0 1 1 1
3 P_0 189 189 0 0 0 1 1 1
3 P_0 190 190 0 0 0 1 1 1
3 P_0 191 191 0.171608 0.1908023483365949 0.210661 1 1 1
3 P_0 192 192 0 0 0 1 1 1
3 P_0 193 193 0.296936 0.3167487684729064 0.3358075 1 1 1
3 P_0 194 194 0 0 0 1 1 1
3 P_0 195 195 0 0 0 1 1 1
3 P_0 196 196 0.173085 0.19234543670264967 0.212255 1 1 1
3 P_0 197 197 0 0 0 1 1 1
3 P_0 198 198 0.2936505 0.3138351983723296 0.3332755 1 1 1
3 P_0 199 199 0 0 0 1 1 1
3 P_0 200 200 0 0 0 1 1 1
3 P_0 201 201 0.5 0.5 0.5 1 1 1
3 P_0 202 202 0.2850635 0.3058823529411765 0.326016 1 1 1
3 P_0 203 203 0 0 0 1 1 1
3 P_0 204 204 0 0 0 1 1 1
3 P_0 205 205 0 0 0 1 1 1
3 P_0 206 206 0 0 0 1 1 1
3 P_0 207 207 0 0 0 1 1 1
3 P_0 208 208 0 0 0 1 1 1
3 P_0 209 209 0 0 0 1 1 1
3 P_0 210 210 0 0 0 1 1 1
3 P_0 211 211 0 0 0 1 1 1
3 P_0 212 212 0.2996655 0.31997918834547345 0.3394575 1 1 1
3 P_0 213 213 0 0 0 1 1 1
3 P_0 214 214 0.5 0.5 0.5 1 1 1
3 P_0 215 215 0 0 0 1 1 1
3 P_0 216 216 0.293374 0.313953488372093 0.3337575 1 1 1
3 P_0 217 217 0.1729355 0.1919047619047619 0.211509 1 1 1
3 P_0 218 218 0 0 0 1 1 1
3 P_0 219 219 0 0 0 1 1 1
3 P_0 220 220 0 0 0 1 1 1
3 P_0 221 221 0 0 0 1 1 1
3 P_0 222 222 0 0 0 1 1 1
3 P_0 223 223 0.5 0.5 0.5 1 1 1
3 P_0 224 224 0 0 0 1 1 1
3 P_0 225 225 0 0 0 1 1 1
3 P_0 226 226 0 0 0 1 1 1
3 P_0 227 227 0 0 0 1 1 1
3 P_0 228 228 0 0 0 1 1 1
3 P_0 229 229 0.299363 0.31958762886597936 0.3389895 1 1 1
3 P_0 230 230 0 0 0 1 1 1
3 P_0 231 231 0 0 0 1 1 1
3 P_0 232 232 0 0 0 1 1 1
3 P_0 233 233 0 0 0 1 1 1
3 P_0 234 234 0.5 0.5 0.5 1 1 1
3 P_0 235 235 0 0 0 1 1 1
3 P_0 236 236 0.5 0.5 0.5 1 1 1
3 P_0 237 237 0 0 0 1 1 1
3 P_0 238 238 0.5 0.5 0.5 1 1 1
3 P_0 239 239 0.1698695 0.18854748603351956 0.207882 1 1 1
3 P_0 240 240 0 0 0 1 1 1
3 P_0 241 241 0 0 0 1 1 1
3 P_0 242 242 0 0 0 1 1 1
3 P_0 243 243 0 0 0 1 1 1
3 P_0 244 244 0 0 0 1 1 1
3 P_0 245 245 0.281411 0.3023758099352052 0.322692 1 1 1
3 P_0 246 246 0 0 0 1 1 1
3 P_0 247 247 0 0 0 1 1 1
3 P_0 248 248 0 0 0 1 1 1
3 P_0 249 249 0.5 0.5 0.5 1 1 1
3 P_0 250 250 0 0 0 1 1 1
3 P_0 251 251 0 0 0 1 1 1
3 P_0 252 252 0.174047 0.19381443298969073 0.214246 1 1 1
3 P_0 253 253 0 0 0 1 1 1
3 P_0 254 254 0 0 0 1 1 1
3 P_0 255 255 0 0 0 1 1 1
3 P_0 256 256 0 0 0 1 1 1
3 P_0 257 257 0.287874 0.3081218274111675 0.327693 1 1 1
3 P_0 258 258 0 0 0 1 1 1
3 P_0 259 259 0 0 0 1 1 1
3 P_0 260 260 0 0 0 1 1 1
3 P_0 261 261 0 0 0 1 1 1
3 P_0 262 262 0 0 0 1 1 1
3 P_0 263 263 0 0 0 1 1 1
3 P_0 264 264 0 0 0 1 1 1
3 P_0 265 265 0 0 0 1 1 1
3 P_0 266 266 0.5 0.5 0.5 1 1 1
3 P_0 267 267 0.178674 0.19829317269076305 0.218508 1 1 1
3 P_0 268 268 0 0 0 1 1 1
3 P_0 269 269 0 0 0 1 1 1
3 P_0 270 270 0 0 0 1 1 1
3 P_0 271 271 0 0 0 1 1 1
3 P_0 272 272 0.2772585 0.2973372781065089 0.316881 1 1 1
3 P_0 273 273 0 0 0 1 1 1
3 P_0 274 274 0.302643 0.32274590163934425 0.3419945 1 1 1
3 P_0 275 275 0 0 0 1 1 1
3 P_0 276 276 0 0 0 1 1 1
3 P_0 277 277 0.1742595 0.19396110542476971 0.2143205 1 1 1
3 P_0 278 278 0 0 0 1 1 1
3 P_0 279 279 0.276949 0.2978609625668449 0.318186 1 1 1
3 P_0 280 280 0.5 0.5 0.5 1 1 1
3 P_0 281 281 0 0 0 1 1 1
3 P_0 282 282 0.281331 0.30126953125 0.320634 1 1 1
3 P_0 283 283 0 0 0 1 1 1
3 P_0 284 284 0 0 0 1 1 1
3 P_0 285 285 0 0 0 1 1 1
3 P_0 286 286 0.5 0.5 0.5 1 1 1
3 P_0 287 287 0 0 0 1 1 1
3 P_0 288 288 0 0 0 1 1 1
3 P_0 289 289 0.5 0.5 0.5 1 1 1
3 P_0 290 290 0 0 0 1 1 1
3 P_0 291 291 0 0 0 1 1 1
3 P_0 292 292 0 0 0 1 1 1
3 P_0 293 293 0.160556 0.17960199004975125 0.1994515 1 1 1
3 P_0 294 294 0.2881185 0.3081510934393638 0.3275205 1 1 1
3 P_0 295 295 0 0 0 1 1 1
3 P_0 296 296 0 0 0 1 1 1
3 P_0 297 297 0.5 0.5 0.5 1 1 1
3 P_0 298 298 0 0 0 1 1 1
3 P_0 299 299 0.293505 0.31329423264907136 0.332374 1 1 1
3 P_0 300 300 0.2900335 0.3099214145383104 0.3291345 1 1 1
3 P_0 301 301 0 0 0 1 1 1
3 P_0 302 302 0.5 0.5 0.5 1 1 1
3 P_0 303 303 0.1644525 0.18410041841004185 0.2045385 1 1 1
3 P_0 304 304 0 0 0 1 1 1
3 P_0 305 305 0 0 0 1 1 1
3 P_0 306 306 0 0 0 1 1 1
3 P_0 307 307 0 0 0 1 1 1
3 P_0 308 308 0.185572 0.20529470529470528 0.2255295 1 1 1
3 P_0 309 309 0 0 0 1 1 1
3 P_0 310 310 0 0 0 1 1 1
3 P_0 311 311 0 0 0 1 1 1
3 P_0 312 312 0 0 0 1 1 1
3 P_0 313 313 0.2904395 0.3105 0.3298665 1 1 1
3 P_0 314 314 0 0 0 1 1 1
3 P_0 315 315 0.289063 0.3087248322147651 0.327741 1 1 1
3 P_0 316 316 0 0 0 1 1 1
3 P_0 317 317 0 0 0 1 1 1
3 P_0 318 318 0.5 0.5 0.5 1 1 1
3 P_0 319 319 0 0 0 1 1 1
3 P_0 320 320 0.5 0.5 0.5 1 1 1
3 P_0 321 321 0 0 0 1 1 1
3 P_0 322 322 0 0 0 1 1 1
3 P_0 323 323 0 0 0 1 1 1
3 P_0 324 324 0 0 0 1 1 1
3 P_0 325 325 0 0 0 1 1 1
3 P_0 326 326 0 0 0 1 1 1
3 P_0 327 327 0 0 0 1 1 1
3 P_0 328 328 0.3066515 0.3262795275590551 0.3450465 1 1 1
3 P_0 329 329 0.1662885 0.18525703200775945 0.2049455 1 1 1
3 P_0 330 330 0.1571775 0.17617617617617617 0.196022 1 1 1
3 P_0 331 331 0 0 0 1 1 1
3 P_0 332 332 0.168513 0.18756073858114675 0.2073045 1 1 1
3 P_0 333 333 0 0 0 1 1 1
3 P_0 334 334 0 0 0 1 1 1
3 P_0 335 335 0.1732495 0.1924198250728863 0.212232 1 1 1
3 P_0 336 336 0 0 0 1 1 1
3 P_0 337 337 0 0 0 1 1 1
3 P_0 338 338 0 0 0 1 1 1
3 P_0 339 339 0 0 0 1 1 1
3 P_0 340 340 0.1651685 0.1844758064516129 0.2045405 1 1 1
3 P_0 341 341 0 0 0 1 1 1
3 P_0 342 342 0.5 0.5 0.5 1 1 1
3 P_0 343 343 0 0 0 1 1 1
3 P_0 344 344 0 0 0 1 1 1
3 P_0 345 345 0 0 0 1 1 1
3 P_0 346 346 0 0 0 1 1 1
3 P_0 347 347 0 0 0 1 1 1
3 P_0 348 348 0 0 0 1 1 1
3 P_0 349 349 0 0 0 1 1 1
3 P_0 350 350 0.5 0.5 0.5 1 1 1
3 P_0 351 351 0 0 0 1 1 1
3 P_0 352 352 0 0 0 1 1 1
3 P_0 353 353 0 0 0 1 1 1
3 P_0 354 354 0 0 0 1 1 1
3 P_0 355 355 0 0 0 1 1 1
3 P_0 356 356 0 0 0 1 1 1
3 P_0 357 357 0.5 0.5 0.5 1 1 1
3 P_0 358 358 0 0 0 1 1 1
3 P_0 359 359 0 0 0 1 1 1
3 P_0 360 360 0 0 0 1 1 1
3 P_0 361 361 0 0 0 1 1 1
3 P_0 362 362 0 0 0 1 1 1
3 P_0 363 363 0.5 0.5 0.5 1 1 1
3 P_0 364 364 0 0 0 1 1 1
3 P_0 365 365 0.28602 0.30579710144927535 0.324956 1 1 1
3 P_0 366 366 0 0 0 1 1 1
3 P_0 367 367 0 0 0 1 1 1
3 P_0 368 368 0 0 0 1 1 1
3 P_0 369 369 0.5 0.5 0.5 1 1 1
3 P_0 370 370 0 0 0 1 1 1
3 P_0 371 371 0 0 0 1 1 1
3 P_0 372 372 0 0 0 1 1 1
3 P_0 373 373 0 0 0 1 1 1
3 P_0 374 374 0.5 0.5 0.5 1 1 1
3 P_0 375 375 0 0 0 1 1 1
3 P_0 376 376 0 0 0 1 1 1
3 P_0 377 377 0 0 0 1 1 1
3 P_0 378 378 0 0 0 1 1 1
3 P_0 379 379 0.162725 0.18168462291870716 0.201412 1 1 1
3 P_0 380 380 0 0 0 1 1 1
3 P_0 381 381 0.293958 0.3133836003770028 0.332124 1 1 1
3 P_0 382 382 0 0 0 1 1 1
3 P_0 383 383 0 0 0 1 1 1
3 P_0 384 384 0 0 0 1 1 1
3 P_0 385 385 0 0 0 1 1 1
3 P_0 386 386 0.5 0.5 0.5 1 1 1
3 P_0 387 387 0 0 0 1 1 1
3 P_0 388 388 0.5 0.5 0.5 1 1 1
3 P_0 389 389 0 0 0 1 1 1
3 P_0 390 390 0 0 0 1 1 1
3 P_0 391 391 0 0 0 1 1 1
3 P_0 392 392 0.2954885 0.3154228855721393 0.3346105 1 1 1
3 P_0 393 393 0.2900335 0.3100198412698413 0.3293235 1 1 1
3 P_0 394 394 0 0 0 1 1 1
3 P_0 395 395 0 0 0 1 1 1
3 P_0 396 396 0 0 0 1 1 1
3 P_0 397 397 0 0 0 1 1 1
3 P_0 398 398 0.2855975 0.30544747081712065 0.3246785 1 1 1
3 P_0 399 399 0.5 0.5 0.5 1 1 1
3 P_0 400 400 0 0 0 1 1 1
3 P_0 401 401 0.2941025 0.31412825651302606 0.333417 1 1 1
3 P_0 402 402 0 0 0 1 1 1
3 P_0 403 403 0 0 0 1 1 1
3 P_0 404 404 0 0 0 1 1 1
3 P_0 405 405 0 0 0 1 1 1
3 P_0 406 406 0 0 0 1 1 1
3 P_0 407 407 0.164467 0.18305243445692884 0.202357 1 1 1
3 P_0 408 408 0 0 0 1 1 1
3 P_0 409 409 0.280182 0.3004012036108325 0.3200405 1 1 1
3 P_0 410 410 0 0 0 1 1 1
3 P_0 411 411 0 0 0 1 1 1
3 P_0 412 412 0.5 0.5 0.5 1 1 1
3 P_0 413 413 0 0 0 1 1 1
3 P_0 414 414 0.285733 0.3062176165803109 0.3260345 1 1 1
3 P_0 415 415 0 0 0 1 1 1
3 P_0 416 416 0 0 0 1 1 1
3 P_0 417 417 0.3014705 0.3215746421267894 0.3408395 1 1 1
3 P_0 418 418 0 0 0 1 1 1
3 P_0 419 419 0 0 0 1 1 1
3 P_0 420 420 0 0 0 1 1 1
3 P_0 421 421 0.3037355 0.3231357552581262 0.341734 1 1 1
3 P_0 422 422 0 0 0 1 1 1
3 P_0 423 423 0 0 0 1 1 1
3 P_0 424 424 0 0 0 1 1 1
3 P_0 425 425 0 0 0 1 1 1
3 P_0 426 426 0 0 0 1 1 1
3 P_0 427 427 0.5 0.5 0.5 1 1 1
3 P_0 428 428 0 0 0 1 1 1
3 P_0 429 429 0.5 0.5 0.5 1 1 1
3 P_0 430 430 0 0 0 1 1 1
3 P_0 431 431 0 0 0 1 1 1
3 P_0 432 432 0 0 0 1 1 1
3 P_0 433 433 0 0 0 1 1 1
3 P_0 434 434 0 0 0 1 1 1
3 P_0 435 435 0 0 0 1 1 1
3 P_0 436 436 0.2900335 0.3100697906281156 0.329419 1 1 1
3 P_0 437 437 0 0 0 1 1 1
3 P_0 438 438 0.272877 0.29244402985074625 0.311557 1 1 1
3 P_0 439 439 0 0 0 1 1 1
3 P_0 440 440 0 0 0 1 1 1
3 P_0 441 441 0.2803915 0.30029154518950435 0.3196315 1 1 1
3 P_0 442 442 0.1720375 0.19153225806451613 0.211703 1 1 1
3 P_0 443 443 0.2957975 0.3157370517928287 0.3349255 1 1 1
3 P_0 444 444 0.286557 0.3067608476286579 0.326308 1 1 1
3 P_0 445 445 0 0 0 1 1 1
3 P_0 446 446 0 0 0 1 1 1
3 P_0 447 447 0 0 0 1 1 1
3 P_0 448 448 0 0 0 1 1 1
3 P_0 449 449 0 0 0 1 1 1
3 P_0 450 450 0 0 0 1 1 1
3 P_0 451 451 0.298798 0.3193411264612115 0.3390395 1 1 1
3 P_0 452 452 0 0 0 1 1 1
3 P_0 453 453 0 0 0 1 1 1
3 P_0 454 454 0 0 0 1 1 1
3 P_0 455 455 0.2924235 0.31185324553151456 0.3306155 1 1 1
3 P_0 456 456 0 0 0 1 1 1
3 P_0 457 457 0 0 0 1 1 1
3 P_0 458 458 0.279947 0.3006295907660021 0.320703 1 1 1
3 P_0 459 459 0 0 0 1 1 1
3 P_0 460 460 0 0 0 1 1 1
3 P_0 461 461 0 0 0 1 1 1
3 P_0 462 462 0.1558305 0.1752092050209205 0.195485 1 1 1
3 P_0 463 463 0 0 0 1 1 1
3 P_0 464 464 0 0 0 1 1 1
3 P_0 465 465 0 0 0 1 1 1
3 P_0 466 466 0.5 0.5 0.5 1 1 1
3 P_0 467 467 0.1629885 0.18213572854291418 0.2020595 1 1 1
3 P_0 468 468 0.162462 0.18181818181818182 0.201973 1 1 1
3 P_0 469 469 0 0 0 1 1 1
3 P_0 470 470 0.169131 0.18871794871794872 0.2090255 1 1 1
3 P_0 471 471 0 0 0 1 1 1
3 P_0 472 472 0 0 0 1 1 1
3 P_0 473 473 0 0 0 1 1 1
3 P_0 474 474 0 0 0 1 1 1
3 P_0 475 475 0 0 0 1 1 1
3 P_0 476 476 0 0 0 1 1 1
3 P_0 477 477 0 0 0 1 1 1
3 P_0 478 478 0.5 0.5 0.5 1 1 1
3 P_0 479 479 0 0 0 1 1 1
3 P_0 480 480 0 0 0 1 1 1
3 P_0 481 481 0.5 0.5 0.5 1 1 1
3 P_0 482 482 0 0 0 1 1 1
3 P_0 483 483 0 0 0 1 1 1
3 P_0 484 484 0 0 0 1 1 1
3 P_0 485 485 0.5 0.5 0.5 1 1 1
3 P_0 486 486 0 0 0 1 1 1
3 P_0 487 487 0.5 0.5 0.5 1 1 1
3 P_0 488 488 0 0 0 1 1 1
3 P_0 489 489 0 0 0 1 1 1
3 P_0 490 490 0 0 0 1 1 1
4 P_9 0 0 0 0 0 1 1 1
4 P_9 1 1 0.2007215 0.2213375796178344 0.2423025 1 1 1
4 P_9 2 2 0 0 0 1 1 1
4 P_9 3 3 0.202781 0.2226027397260274 0.242732 1 1 1
4 P_9 4 4 0 0 0 1 1 1
4 P_9 5 5 0.1929075 0.21272365805168986 0.232965 1 1 1
4 P_9 6 6 0.3177175 0.33710629921259844 0.3555115 1 1 1
4 P_9 7 7 0 0 0 1 1 1
4 P_9 8 8 0.1445255 0.16290480863591755 0.1822645 1 1 1
4 P_9 9 9 0 0 0 1 1 1
4 P_9 10 10 0 0 0 1 1 1
4 P_9 11 11 0 0 0 1 1 1
4 P_9 12 12 0.144186 0.16280241935483872 0.182427 1 1 1
4 P_9 13 13 0 0 0 1 1 1
4 P_9 14 14 0 0 0 1 1 1
4 P_9 15 15 0.104223 0.12055715658021134 0.1383175 1 1 1
4 P_9 16 16 0 0 0 1 1 1
4 P_9 17 17 0 0 0 1 1 1
4 P_9 18 18 0 0 0 1 1 1
4 P_9 19 19 0 0 0 1 1 1
4 P_9 20 20 0.10296 0.11937377690802348 0.1372535 1 1 1
4 P_9 21 21 0.098408 0.11502590673575129 0.1332475 1 1 1
4 P_9 22 22 0 0 0 1 1 1
4 P_9 23 23 0 0 0 1 1 1
4 P_9 24 24 0.146741 0.16533864541832669 0.1849035 1 1 1
4 P_9 25 25 0 0 0 1 1 1
4 P_9 26 26 0 0 0 1 1 1
4 P_9 27 27 0 0 0 1 1 1
4 P_9 28 28 0 0 0 1 1 1
4 P_9 29 29 0 0 0 1 1 1
4 P_9 30 30 0.0948135 0.11094377510040161 0.128675 1 1 1
4 P_9 31 31 0 0 0 1 1 1
4 P_9 32 32 0.1078255 0.12474849094567404 0.1431165 1 1 1
4 P_9 33 33 0 0 0 1 1 1
4 P_9 34 34 0.108024 0.12441093308199812 0.1421555 1 1 1
4 P_9 35 35 0.1956695 0.2154072620215898 0.2355345 1 1 1
4 P_9 36 36 0.1519725 0.17086693548387097 0.190676 1 1 1
4 P_9 37 37 0.0866025 0.10251046025104603 0.1201875 1 1 1
4 P_9 38 38 0 0 0 1 1 1
4 P_9 39 39 0 0 0 1 1 1
4 P_9 40 40 0 0 0 1 1 1
4 P_9 41 41 0 0 0 1 1 1
4 P_9 42 42 0 0 0 1 1 1
4 P_9 43 43 0.1944825 0.2143569292123629 0.234639 1 1 1
4 P_9 44 44 0 0 0 1 1 1
4 P_9 45 45 0.1520485 0.17052023121387283 0.18987 1 1 1
4 P_9 46 46 0.3175885 0.33747412008281574 0.3563215 1 1 1
4 P_9 47 47 0 0 0 1 1 1
4 P_9 48 48 0 0 0 1 1 1
4 P_9 49 49 0 0 0 1 1 1
4 P_9 50 50 0.31273 0.33233830845771145 0.351007 1 1 1
4 P_9 51 51 0 0 0 1 1 1
4 P_9 52 52 0 0 0 1 1 1
4 P_9 53 53 0.305469 0.3257894736842105 0.3451955 1 1 1
4 P_9 54 54 0.1952615 0.2151394422310757 0.2354155 1 1 1
4 P_9 55 55 0 0 0 1 1 1
4 P_9 56 56 0.1437115 0.16218905472636816 0.1816685 1 1 1
4 P_9 57 57 0.197702 0.21774193548387097 0.2381545 1 1 1
4 P_9 58 58 0 0 0 1 1 1
4 P_9 59 59 0 0 0 1 1 1
4 P_9 60 60 0.103731 0.12070759625390219 0.1392265 1 1 1
4 P_9 61 61 0.197618 0.21767676767676766 0.23811 1 1 1
4 P_9 62 62 0.1018685 0.11831683168316831 0.13626 1 1 1
4 P_9 63 63 0.1050295 0.12140115163147792 0.1391885 1 1 1
4 P_9 64 64 0.1491195 0.16712962962962963 0.18602 1 1 1
4 P_9 65 65 0.5 0.5 0.5 1 1 1
4 P_9 66 66 0.151587 0.17087276550998948 0.1911125 1 1 1
4 P_9 67 67 0 0 0 1 1 1
4 P_9 68 68 0 0 0 1 1 1
4 P_9 69 69 0.0963235 0.11199625117150891 0.1291525 1 1 1
4 P_9 70 70 0.1471295 0.1655306718597858 0.184875 1 1 1
4 P_9 71 71 0 0 0 1 1 1
4 P_9 72 72 0.145021 0.1639089968976215 0.183818 1 1 1
4 P_9 73 73 0 0 0 1 1 1
4 P_9 74 74 0 0 0 1 1 1
4 P_9 75 75 0 0 0 1 1 1
4 P_9 76 76 0.207794 0.22762645914396887 0.2477085 1 1 1
4 P_9 77 77 0 0 0 1 1 1
4 P_9 78 78 0 0 0 1 1 1
4 P_9 79 79 0.148841 0.16749502982107356 0.1870895 1 1 1
4 P_9 80 80 0.3217875 0.3409090909090909 0.359022 1 1 1
4 P_9 81 81 0.0907325 0.10677618069815195 0.124506 1 1 1
4 P_9 82 82 0 0 0 1 1 1
4 P_9 83 83 0.1543535 0.17353244078269825 0.1936145 1 1 1
4 P_9 84 84 0 0 0 1 1 1
4 P_9 85 85 0.1370735 0.15548780487804878 0.1750035 1 1 1
4 P_9 86 86 0.193627 0.21384297520661158 0.234487 1 1 1
4 P_9 87 87 0 0 0 1 1 1
4 P_9 88 88 0 0 0 1 1 1
4 P_9 89 89 0.140497 0.158953722334004 0.178461 1 1 1
4 P_9 90 90 0 0 0 1 1 1
4 P_9 91 91 0 0 0 1 1 1
4 P_9 92 92 0 0 0 1 1 1
4 P_9 93 93 0 0 0 1 1 1
4 P_9 94 94 0.101052 0.11738703339882121 0.135216 1 1 1
4 P_9 95 95 0 0 0 1 1 1
4 P_9 96 96 0.146684 0.16518737672583828 0.18465 1 1 1
4 P_9 97 97 0.5 0.5 0.5 1 1 1
4 P_9 98 98 0.160659 0.18 0.2001645 1 1 1
4 P_9 99 99 0.3218865 0.3413654618473896 0.3597925 1 1 1
4 P_9 100 100 0.324292 0.3437185929648241 0.362065 1 1 1
4 P_9 101 101 0.5 0.5 0.5 1 1 1
4 P_9 102 102 0.1420395 0.1605 0.179987 1 1 1
4 P_9 103 103 0 0 0 1 1 1
4 P_9 104 104 0 0 0 1 1 1
4 P_9 105 105 0.5 0.5 0.5 1 1 1
4 P_9 106 106 0 0 0 1 1 1
4 P_9 107 107 0.087302 0.10306122448979592 0.12054 1 1 1
4 P_9 108 108 0 0 0 1 1 1
4 P_9 109 109 0.5 0.5 0.5 1 1 1
4 P_9 110 110 0.1532065 0.1723076923076923 0.1923225 1 1 1
4 P_9 111 111 0.3150705 0.3350676378772112 0.35405 1 1 1
4 P_9 112 112 0 0 0 1 1 1
4 P_9 113 113 0.152781 0.17250821467688937 0.193208 1 1 1
4 P_9 114 114 0.1405 0.15886454183266932 0.17827 1 1 1
4 P_9 115 115 0.099987500000000007 0.11651469098277609 0.1345925 1 1 1
4 P_9 116 116 0.1056865 0.12258392675483215 0.1409675 1 1 1
4 P_9 117 117 0.1499545 0.16865671641791044 0.188287 1 1 1
4 P_9 118 118 0.103941 0.12045231071779744 0.1384245 1 1 1
4 P_9 119 119 0 0 0 1 1 1
4 P_9 120 120 0.1860285 0.20609504132231404 0.2266815 1 1 1
4 P_9 121 121 0.1443765 0.1628599801390268 0.182336 1 1 1
4 P_9 122 122 0 0 0 1 1 1
4 P_9 123 123 0 0 0 1 1 1
4 P_9 124 124 0 0 0 1 1 1
4 P_9 125 125 0 0 0 1 1 1
4 P_9 126 126 0 0 0 1 1 1
4 P_9 127 127 0.3158545 0.33530571992110453 0.353792 1 1 1
4 P_9 128 128 0.300164 0.3200398803589232 0.339115 1 1 1
4 P_9 129 129 0 0 0 1 1 1
4 P_9 130 130 0 0 0 1 1 1
4 P_9 131 131 0 0 0 1 1 1
4 P_9 132 132 0.13629550000000001 0.1543756145526057 0.173534 1 1 1
4 P_9 133 133 0 0 0 1 1 1
4 P_9 134 134 0.1463475 0.1645873320537428 0.1837675 1 1 1
4 P_9 135 135 0 0 0 1 1 1
4 P_9 136 136 0.5 0.5 0.5 1 1 1
4 P_9 137 137 0.163132 0.1817325800376648 0.2010705 1 1 1
4 P_9 138 138 0.1385165 0.1570841889117043 0.1767455 1 1 1
4 P_9 139 139 0.307771 0.32783505154639175 0.346979 1 1 1
4 P_9 140 140 0 0 0 1 1 1
4 P_9 141 141 0 0 0 1 1 1
4 P_9 142 142 0 0 0 1 1 1
4 P_9 143 143 0.1422895 0.16112266112266113 0.1810155 1 1 1
4 P_9 144 144 0 0 0 1 1 1
4 P_9 145 145 0.1428555 0.16178010471204188 0.181764 1 1 1
4 P_9 146 146 0 0 0 1 1 1
4 P_9 147 147 0 0 0 1 1 1
4 P_9 148 148 0 0 0 1 1 1
4 P_9 149 149 0 0 0 1 1 1
4 P_9 150 150 0 0 0 1 1 1
4 P_9 151 151 0 0 0 1 1 1
4 P_9 152 152 0.3073855 0.3269607843137255 0.3456705 1 1 1
4 P_9 153 153 0.5 0.5 0.5 1 1 1
4 P_9 154 154 0.196397 0.21654749744637386 0.23709 1 1 1
4 P_9 155 155 0 0 0 1 1 1
4 P_9 156 156 0 0 0 1 1 1
4 P_9 157 157 0 0 0 1 1 1
4 P_9 158 158 0 0 0 1 1 1
4 P_9 159 159 0 0 0 1 1 1
4 P_9 160 160 0 0 0 1 1 1
4 P_9 161 161 0.149065 0.16765285996055226 0.187172 1 1 1
4 P_9 162 162 0 0 0 1 1 1
4 P_9 163 163 0 0 0 1 1 1
4 P_9 164 164 0.0984305 0.11469712015888779 0.1325045 1 1 1
4 P_9 165 165 0 0 0 1 1 1
4 P_9 166 166 0 0 0 1 1 1
4 P_9 167 167 0 0 0 1 1 1
4 P_9 168 168 0 0 0 1 1 1
4 P_9 169 169 0 0 0 1 1 1
4 P_9 170 170 0.151626 0.17054655870445345 0.1903895 1 1 1
4 P_9 171 171 0.1445605 0.1630327056491576 0.1824935 1 1 1
4 P_9 172 172 0 0 0 1 1 1
4 P_9 173 173 0 0 0 1 1 1
4 P_9 174 174 0.1863105 0.20591133004926107 0.2260105 1 1 1
4 P_9 175 175 0 0 0 1 1 1
4 P_9 176 176 0 0 0 1 1 1
4 P_9 177 177 0.140249 0.1581439393939394 0.1770365 1 1 1
4 P_9 178 178 0.097805 0.1147986942328618 0.1334785 1 1 1
4 P_9 179 179 0 0 0 1 1 1
4 P_9 180 180 0 0 0 1 1 1
4 P_9 181 181 0 0 0 1 1 1
4 P_9 182 182 0 0 0 1 1 1
4 P_9 183 183 0.094856 0.11140443505807814 0.129631 1 1 1
4 P_9 184 184 0 0 0 1 1 1
4 P_9 185 185 0 0 0 1 1 1
4 P_9 186 186 0.099066 0.11546184738955824 0.1334065 1 1 1
4 P_9 187 187 0 0 0 1 1 1
4 P_9 188 188 0 0 0 1 1 1
4 P_9 189 189 0 0 0 1 1 1
4 P_9 190 190 0.1571785 0.1764102564102564 0.1965075 1 1 1
4 P_9 191 191 0.0894355 0.1052366565961732 0.1227095 1 1 1
4 P_9 192 192 0 0 0 1 1 1
4 P_9 193 193 0 0 0 1 1 1
4 P_9 194 194 0 0 0 1 1 1
4 P_9 195 195 0 0 0 1 1 1
4 P_9 196 196 0.100148 0.11685625646328852 0.135143 1 1 1
4 P_9 197 197 0.156223 0.17504930966469429 0.1947235 1 1 1
4 P_9 198 198 0 0 0 1 1 1
4 P_9 199 199 0 0 0 1 1 1
4 P_9 200 200 0.1531665 0.17196819085487078 0.1916595 1 1 1
4 P_9 201 201 0.5 0.5 0.5 1 1 1
4 P_9 202 202 0 0 0 1 1 1
4 P_9 203 203 0 0 0 1 1 1
4 P_9 204 204 0 0 0 1 1 1
4 P_9 205 205 0 0 0 1 1 1
4 P_9 206 206 0.1471895 0.16568338249754178 0.1851285 1 1 1
4 P_9 207 207 0 0 0 1 1 1
4 P_9 208 208 0.1939195 0.21333333333333335 0.2331475 1 1 1
4 P_9 209 209 0 0 0 1 1 1
4 P_9 210 210 0.2097635 0.23010204081632654 0.2506735 1 1 1
4 P_9 211 211 0.1069455 0.12397540983606557 0.142486 1 1 1
4 P_9 212 212 0 0 0 1 1 1
4 P_9 213 213 0 0 0 1 1 1
4 P_9 214 214 0.3121035 0.33154296875 0.350069 1 1 1
4 P_9 215 215 0 0 0 1 1 1
4 P_9 216 216 0 0 0 1 1 1
4 P_9 217 217 0 0 0 1 1 1
4 P_9 218 218 0.190471 0.2103413654618474 0.2306685 1 1 1
4 P_9 219 219 0.1408355 0.1592964824120603 0.1788025 1 1 1
4 P_9 220 220 0.1534355 0.17237903225806453 0.19222 1 1 1
4 P_9 221 221 0.145534 0.16457023060796647 0.1846335 1 1 1
4 P_9 222 222 0 0 0 1 1 1
4 P_9 223 223 0.5 0.5 0.5 1 1 1
4 P_9 224 224 0 0 0 1 1 1
4 P_9 225 225 0.2026965 0.2222222222222222 0.2420505 1 1 1
4 P_9 226 226 0 0 0 1 1 1
4 P_9 227 227 0.143354 0.16173570019723865 0.1811155 1 1 1
4 P_9 228 228 0 0 0 1 1 1
4 P_9 229 229 0 0 0 1 1 1
4 P_9 230 230 0 0 0 1 1 1
4 P_9 231 231 0 0 0 1 1 1
4 P_9 232 232 0.1494135 0.16797642436149313 0.1874635 1 1 1
4 P_9 233 233 0 0 0 1 1 1
4 P_9 234 234 0.5 0.5 0.5 1 1 1
4 P_9 235 235 0.1414655 0.15995975855130784 0.179493 1 1 1
4 P_9 236 236 0.5 0.5 0.5 1 1 1
4 P_9 237 237 0 0 0 1 1 1
4 P_9 238 238 0.314695 0.33415354330708663 0.352662 1 1 1
4 P_9 239 239 0.096504499999999993 0.11272545090180361 0.1305235 1 1 1
4 P_9 240 240 0 0 0 1 1 1
4 P_9 241 241 0.156854 0.17585170340681364 0.1957015 1 1 1
4 P_9 242 242 0 0 0 1 1 1
4 P_9 243 243 0 0 0 1 1 1
4 P_9 244 244 0 0 0 1 1 1
4 P_9 245 245 0 0 0 1 1 1
4 P_9 246 246 0.1770085 0.1967380224260958 0.21709 1 1 1
4 P_9 247 247 0 0 0 1 1 1
4 P_9 248 248 0.190893 0.21109958506224066 0.231769 1 1 1
4 P_9 249 249 0.303008 0.3225338491295938 0.341255 1 1 1
4 P_9 250 250 0.1950255 0.2144212523719165 0.234204 1 1 1
4 P_9 251 251 0.1457195 0.1640701071080818 0.1833805 1 1 1
4 P_9 252 252 0 0 0 1 1 1
4 P_9 253 253 0.0997615 0.1160275319567355 0.1338045 1 1 1
4 P_9 254 254 0.1527815 0.1720881427072403 0.192332 1 1 1
4 P_9 255 255 0 0 0 1 1 1
4 P_9 256 256 0 0 0 1 1 1
4 P_9 257 257 0 0 0 1 1 1
4 P_9 258 258 0 0 0 1 1 1
4 P_9 259 259 0 0 0 1 1 1
4 P_9 260 260 0 0 0 1 1 1
4 P_9 261 261 0 0 0 1 1 1
4 P_9 262 262 0.205535 0.22470373746581587 0.244137 1 1 1
4 P_9 263 263 0.1455215 0.1636536631779258 0.182728 1 1 1
4 P_9 264 264 0 0 0 1 1 1
4 P_9 265 265 0.1391515 0.1575 0.1769095 1 1 1
4 P_9 266 266 0.3100865 0.3297029702970297 0.3484145 1 1 1
4 P_9 267 267 0.098261 0.1145418326693227 0.1323695 1 1 1
4 P_9 268 268 0 0 0 1 1 1
4 P_9 269 269 0 0 0 1 1 1
4 P_9 270 270 0 0 0 1 1 1
4 P_9 271 271 0 0 0 1 1 1
4 P_9 272 272 0 0 0 1 1 1
4 P_9 273 273 0 0 0 1 1 1
4 P_9 274 274 0 0 0 1 1 1
4 P_9 275 275 0.1054445 0.12223340040241448 0.1404965 1 1 1
4 P_9 276 276 0.202048 0.2220558882235529 0.2423835 1 1 1
4 P_9 277 277 0 0 0 1 1 1
4 P_9 278 278 0.151125 0.16979269496544916 0.1893685 1 1 1
4 P_9 279 279 0 0 0 1 1 1
4 P_9 280 280 0.5 0.5 0.5 1 1 1
4 P_9 281 281 0.137157 0.1556122448979592 0.175172 1 1 1
4 P_9 282 282 0 0 0 1 1 1
4 P_9 283 283 0.100318 0.11701030927835052 0.135275 1 1 1
4 P_9 284 284 0.190175 0.2097560975609756 0.2297875 1 1 1
4 P_9 285 285 0 0 0 1 1 1
4 P_9 286 286 0.3227075 0.3426610348468849 0.3614925 1 1 1
4 P_9 287 287 0.1482245 0.16718106995884774 0.187115 1 1 1
4 P_9 288 288 0 0 0 1 1 1
4 P_9 289 289 0.5 0.5 0.5 1 1 1
4 P_9 290 290 0 0 0 1 1 1
4 P_9 291 291 0.1467205 0.16505324298160698 0.1843295 1 1 1
4 P_9 292 292 0 0 0 1 1 1
4 P_9 293 293 0.1065505 0.12326732673267327 0.141423 1 1 1
4 P_9 294 294 0 0 0 1 1 1
4 P_9 295 295 0 0 0 1 1 1
4 P_9 296 296 0 0 0 1 1 1
4 P_9 297 297 0.3261125 0.34521484375 0.363251 1 1 1
4 P_9 298 298 0.201743 0.22156862745098038 0.241714 1 1 1
4 P_9 299 299 0 0 0 1 1 1
4 P_9 300 300 0 0 0 1 1 1
4 P_9 301 301 0 0 0 1 1 1
4 P_9 302 302 0.5 0.5 0.5 1 1 1
4 P_9 303 303 0.091895 0.10766961651917405 0.125049 1 1 1
4 P_9 304 304 0.148192 0.16666666666666666 0.186076 1 1 1
4 P_9 305 305 0 0 0 1 1 1
4 P_9 306 306 0.154486 0.17379958246346555 0.1940255 1 1 1
4 P_9 307 307 0 0 0 1 1 1
4 P_9 308 308 0 0 0 1 1 1
4 P_9 309 309 0 0 0 1 1 1
4 P_9 310 310 0 0 0 1 1 1
4 P_9 311 311 0 0 0 1 1 1
4 P_9 312 312 0.143003 0.1615 0.181012 1 1 1
4 P_9 313 313 0 0 0 1 1 1
4 P_9 314 314 0 0 0 1 1 1
4 P_9 315 315 0 0 0 1 1 1
4 P_9 316 316 0 0 0 1 1 1
4 P_9 317 317 0 0 0 1 1 1
4 P_9 318 318 0.313144 0.3328313253012048 0.3515645 1 1 1
4 P_9 319 319 0.14325 0.16159135559921414 0.1809285 1 1 1
4 P_9 320 320 0.3110805 0.33109504132231404 0.350149 1 1 1
4 P_9 321 321 0.19536 0.21505376344086022 0.2351395 1 1 1
4 P_9 322 322 0.155723 0.17467467467467468 0.194491 1 1 1
4 P_9 323 323 0.198067 0.21858500527983105 0.239483 1 1 1
4 P_9 324 324 0.1007905 0.1171259842519685 0.1349615 1 1 1
4 P_9 325 325 0 0 0 1 1 1
4 P_9 326 326 0 0 0 1 1 1
4 P_9 327 327 0.145631 0.16417910447761194 0.1837065 1 1 1
4 P_9 328 328 0 0 0 1 1 1
4 P_9 329 329 0.1030625 0.11949069539666993 0.1373845 1 1 1
4 P_9 330 330 0 0 0 1 1 1
4 P_9 331 331 0.189115 0.2087426326129666 0.2288355 1 1 1
4 P_9 332 332 0.088935 0.10453648915187377 0.121783 1 1 1
4 P_9 333 333 0.168426 0.1878147029204431 0.2079215 1 1 1
4 P_9 334 334 0 0 0 1 1 1
4 P_9 335 335 0 0 0 1 1 1
4 P_9 336 336 0.138991 0.1574167507568113 0.176914 1 1 1
4 P_9 337 337 0.197508 0.21796218487394958 0.2388025 1 1 1
4 P_9 338 338 0 0 0 1 1 1
4 P_9 339 339 0 0 0 1 1 1
4 P_9 340 340 0.084221 0.09932497589199614 0.1160955 1 1 1
4 P_9 341 341 0 0 0 1 1 1
4 P_9 342 342 0.3079625 0.32801235839340886 0.347141 1 1 1
4 P_9 343 343 0.1421865 0.16130760986066453 0.1815185 1 1 1
4 P_9 344 344 0.152452 0.1721132897603486 0.1927475 1 1 1
4 P_9 345 345 0.1416675 0.15967588179218303 0.178672 1 1 1
4 P_9 346 346 0 0 0 1 1 1
4 P_9 347 347 0 0 0 1 1 1
4 P_9 348 348 0 0 0 1 1 1
4 P_9 349 349 0 0 0 1 1 1
4 P_9 350 350 0.29956 0.31934846989141163 0.3383515 1 1 1
4 P_9 351 351 0.15814 0.17708333333333334 0.1968565 1 1 1
4 P_9 352 352 0.15053 0.16869728209934395 0.187739 1 1 1
4 P_9 353 353 0 0 0 1 1 1
4 P_9 354 354 0.2120035 0.2323799795709908 0.252963 1 1 1
4 P_9 355 355 0 0 0 1 1 1
4 P_9 356 356 0 0 0 1 1 1
4 P_9 357 357 0.5 0.5 0.5 1 1 1
4 P_9 358 358 0.1943645 0.2148936170212766 0.235851 1 1 1
4 P_9 359 359 0 0 0 1 1 1
4 P_9 360 360 0.1411195 0.15933528836754643 0.1785675 1 1 1
4 P_9 361 361 0.0854375 0.1008991008991009 0.118069 1 1 1
4 P_9 362 362 0 0 0 1 1 1
4 P_9 363 363 0.3187185 0.3377862595419847 0.355893 1 1 1
4 P_9 364 364 0.107798 0.12439496611810262 0.1423865 1 1 1
4 P_9 365 365 0 0 0 1 1 1
4 P_9 366 366 0 0 0 1 1 1
4 P_9 367 367 0 0 0 1 1 1
4 P_9 368 368 0.1977925 0.21769383697813122 0.237963 1 1 1
4 P_9 369 369 0.5 0.5 0.5 1 1 1
4 P_9 370 370 0 0 0 1 1 1
4 P_9 371 371 0 0 0 1 1 1
4 P_9 372 372 0.157995 0.1771255060728745 0.1971015 1 1 1
4 P_9 373 373 0 0 0 1 1 1
4 P_9 374 374 0.314586 0.3347412882787751 0.3538705 1 1 1
4 P_9 375 375 0.193364 0.21309055118110237 0.233234 1 1 1
4 P_9 376 376 0 0 0 1 1 1
4 P_9 377 377 0.201464 0.22129538763493622 0.24145 1 1 1
4 P_9 378 378 0.1975995 0.21736997055937193 0.2375075 1 1 1
4 P_9 379 379 0.0899895 0.10521415270018622 0.121985 1 1 1
4 P_9 380 380 0 0 0 1 1 1
4 P_9 381 381 0 0 0 1 1 1
4 P_9 382 382 0 0 0 1 1 1
4 P_9 383 383 0 0 0 1 1 1
4 P_9 384 384 0 0 0 1 1 1
4 P_9 385 385 0.1553295 0.17466110531803963 0.1948935 1 1 1
4 P_9 386 386 0.3187995 0.33802133850630456 0.356264 1 1 1
4 P_9 387 387 0.1460975 0.16481294236602628 0.1845165 1 1 1
4 P_9 388 388 0.5 0.5 0.5 1 1 1
4 P_9 389 389 0.159784 0.17893145161290322 0.1989005 1 1 1
4 P_9 390 390 0.2035655 0.22408376963350785 0.2449135 1 1 1
4 P_9 391 391 0 0 0 1 1 1
4 P_9 392 392 0 0 0 1 1 1
4 P_9 393 393 0 0 0 1 1 1
4 P_9 394 394 0 0 0 1 1 1
4 P_9 395 395 0 0 0 1 1 1
4 P_9 396 396 0 0 0 1 1 1
4 P_9 397 397 0.158154 0.1772406847935549 0.197168 1 1 1
4 P_9 398 398 0 0 0 1 1 1
4 P_9 399 399 0.5 0.5 0.5 1 1 1
4 P_9 400 400 0 0 0 1 1 1
4 P_9 401 401 0 0 0 1 1 1
4 P_9 402 402 0.1939685 0.21428571428571427 0.2350295 1 1 1
4 P_9 403 403 0 0 0 1 1 1
4 P_9 404 404 0.1547535 0.17367367367367367 0.19347 1 1 1
4 P_9 405 405 0.150842 0.16968781470292044 0.1894615 1 1 1
4 P_9 406 406 0.1901085 0.21114864864864866 0.23269 1 1 1
4 P_9 407 407 0.098408 0.11502590673575129 0.1332475 1 1 1
4 P_9 408 408 0 0 0 1 1 1
4 P_9 409 409 0 0 0 1 1 1
4 P_9 410 410 0.1607145 0.18020833333333333 0.200536 1 1 1
4 P_9 411 411 0 0 0 1 1 1
4 P_9 412 412 0.5 0.5 0.5 1 1 1
4 P_9 413 413 0 0 0 1 1 1
4 P_9 414 414 0 0 0 1 1 1
4 P_9 415 415 0.211119 0.2313508064516129 0.251798 1 1 1
4 P_9 416 416 0.142919 0.16146881287726358 0.18104 1 1 1
4 P_9 417 417 0 0 0 1 1 1
4 P_9 418 418 0.1048885 0.12152777777777778 0.139629 1 1 1
4 P_9 419 419 0.132984 0.15099009900990099 0.1701205 1 1 1
4 P_9 420 420 0 0 0 1 1 1
4 P_9 421 421 0 0 0 1 1 1
4 P_9 422 422 0 0 0 1 1 1
4 P_9 423 423 0 0 0 1 1 1
4 P_9 424 424 0 0 0 1 1 1
4 P_9 425 425 0 0 0 1 1 1
4 P_9 426 426 0 0 0 1 1 1
4 P_9 427 427 0.5 0.5 0.5 1 1 1
4 P_9 428 428 0.100187 0.11643835616438356 0.1341885 1 1 1
4 P_9 429 429 0.3120405 0.33167330677290835 0.3503735 1 1 1
4 P_9 430 430 0.152956 0.17151162790697674 0.1909395 1 1 1
4 P_9 431 431 0.152446 0.17138523761375127 0.191236 1 1 1
4 P_9 432 432 0 0 0 1 1 1
4 P_9 433 433 0.1510345 0.16983967935871744 0.189566 1 1 1
4 P_9 434 434 0 0 0 1 1 1
4 P_9 435 435 0.0993905 0.11542145593869732 0.1329305 1 1 1
4 P_9 436 436 0 0 0 1 1 1
4 P_9 437 437 0 0 0 1 1 1
4 P_9 438 438 0 0 0 1 1 1
4 P_9 439 439 0.100035 0.11693121693121693 0.1354415 1 1 1
4 P_9 440 440 0 0 0 1 1 1
4 P_9 441 441 0 0 0 1 1 1
4 P_9 442 442 0.0926455 0.10865191146881288 0.126289 1 1 1
4 P_9 443 443 0 0 0 1 1 1
4 P_9 444 444 0 0 0 1 1 1
4 P_9 445 445 0.150241 0.169 0.188688 1 1 1
4 P_9 446 446 0 0 0 1 1 1
4 P_9 447 447 0 0 0 1 1 1
4 P_9 448 448 0 0 0 1 1 1
4 P_9 449 449 0 0 0 1 1 1
4 P_9 450 450 0.163771 0.18290258449304175 0.2027995 1 1 1
4 P_9 451 451 0 0 0 1 1 1
4 P_9 452 452 0 0 0 1 1 1
4 P_9 453 453 0 0 0 1 1 1
4 P_9 454 454 0 0 0 1 1 1
4 P_9 455 455 0 0 0 1 1 1
4 P_9 456 456 0 0 0 1 1 1
4 P_9 457 457 0 0 0 1 1 1
4 P_9 458 458 0 0 0 1 1 1
4 P_9 459 459 0.1445645 0.16280193236714977 0.182006 1 1 1
4 P_9 460 460 0.1488135 0.16731898238747553 0.1867525 1 1 1
4 P_9 461 461 0 0 0 1 1 1
4 P_9 462 462 0.095828 0.11175898931000972 0.1292305 1 1 1
4 P_9 463 463 0.151635 0.17026496565260058 0.189792 1 1 1
4 P_9 464 464 0.2023655 0.2225609756097561 0.243076 1 1 1
4 P_9 465 465 0 0 0 1 1 1
4 P_9 466 466 0.318545 0.338265306122449 0.356953 1 1 1
4 P_9 467 467 0.102282 0.11878727634194831 0.1367885 1 1 1
4 P_9 468 468 0.088632 0.10500544069640914 0.1231875 1 1 1
4 P_9 469 469 0 0 0 1 1 1
4 P_9 470 470 0.1068745 0.12363455809334657 0.1418335 1 1 1
4 P_9 471 471 0.1080115 0.12463627546071775 0.1426555 1 1 1
4 P_9 472 472 0 0 0 1 1 1
4 P_9 473 473 0.1433055 0.16205128205128205 0.181831 1 1 1
4 P_9 474 474 0.1523315 0.17117117117117117 0.190916 1 1 1
4 P_9 475 475 0.1486755 0.1678986272439282 0.1881155 1 1 1
4 P_9 476 476 0 0 0 1 1 1
4 P_9 477 477 0 0 0 1 1 1
4 P_9 478 478 0.304254 0.3242147922998987 0.343313 1 1 1
4 P_9 479 479 0 0 0 1 1 1
4 P_9 480 480 0.089704 0.1059322033898305 0.12391 1 1 1
4 P_9 481 481 0.307616 0.3271484375 0.345817 1 1 1
4 P_9 482 482 0.138616 0.15697091273821465 0.176396 1 1 1
4 P_9 483 483 0.1632525 0.18231225296442688 0.202139 1 1 1
4 P_9 484 484 0.135509 0.1536926147704591 0.1729785 1 1 1
4 P_9 485 485 0.305858 0.32575757575757575 0.3447795 1 1 1
4 P_9 486 486 0.1939685 0.21428571428571427 0.2350295 1 1 1
4 P_9 487 487 0.5 0.5 0.5 1 1 1
4 P_9 488 488 0 0 0 1 1 1
4 P_9 489 489 0 0 0 1 1 1
4 P_9 490 490 0.1509165 0.16965174129353233 0.189304 1 1 1
