10 #m
5 #n
0 P_0 0 0 0.5 0.5 0.5 1 1 1
0 P_0 1 1 0 0 0 1 1 1
0 P_0 2 2 0.0355511 0.04628687690742624 0.059398 1 1 1
0 P_0 3 3 0 0 0 1 1 1
0 P_0 4 4 0.04241365 0.05398587285570131 0.0678255 1 1 1
1 P_1 0 0 0.5 0.5 0.5 1 1 1
1 P_1 1 1 0 0 0 1 1 1
1 P_1 2 2 0 0 0 1 1 1
1 P_1 3 3 0 0 0 1 1 1
1 P_1 4 4 0 0 0 1 1 1
2 P_5 0 0 0.5 0.5 0.5 1 1 1
2 P_5 1 1 0 0 0 1 1 1
2 P_5 2 2 0 0 0 1 1 1
2 P_5 3 3 0 0 0 1 1 1
2 P_5 4 4 0 0 0 1 1 1
3 P_8 0 0 0.5 0.5 0.5 1 1 1
3 P_8 1 1 0 0 0 1 1 1
3 P_8 2 2 0.370793 0.38877445932028837 0.4051175 1 1 1
3 P_8 3 3 0 0 0 1 1 1
3 P_8 4 4 0.363043 0.3811681772406848 0.3977785 1 1 1
4 P_9 0 0 0.5 0.5 0.5 1 1 1
4 P_9 1 1 0 0 0 1 1 1
4 P_9 2 2 0.0598795 0.07360672975814932 0.08946 1 1 1
4 P_9 3 3 0.1127445 0.13016528925619836 0.1490055 1 1 1
4 P_9 4 4 0.0700525 0.08388003748828492 0.0994935 1 1 1
5 P_7 0 0 0.5 0.5 0.5 1 1 1
5 P_7 1 1 0 0 0 1 1 1
5 P_7 2 2 0.062384 0.076 0.091611 1 1 1
5 P_7 3 3 0 0 0 1 1 1
5 P_7 4 4 0.068581 0.08231420507996237 0.097857 1 1 1
6 P_4 0 0 0.5 0.5 0.5 1 1 1
6 P_4 1 1 0 0 0 1 1 1
6 P_4 2 2 0 0 0 1 1 1
6 P_4 3 3 0.074537 0.08873239436619719 0.1046645 1 1 1
6 P_4 4 4 0 0 0 1 1 1
7 P_3 0 0 0.5 0.5 0.5 1 1 1
7 P_3 1 1 0.1872175 0.20671206225680933 0.2266895 1 1 1
7 P_3 2 2 0 0 0 1 1 1
7 P_3 3 3 0 0 0 1 1 1
7 P_3 4 4 0 0 0 1 1 1
8 P_2 0 0 0.5 0.5 0.5 1 1 1
8 P_2 1 1 0 0 0 1 1 1
8 P_2 2 2 0 0 0 1 1 1
8 P_2 3 3 0 0 0 1 1 1
8 P_2 4 4 0 0 0 1 1 1
9 P_6 0 0 0.5 0.5 0.5 1 1 1
9 P_6 1 1 0 0 0 1 1 1
9 P_6 2 2 0 0 0 1 1 1
9 P_6 3 3 0 0 0 1 1 1
9 P_6 4 4 0 0 0 1 1 1
