10 #m
6 #n
0 P_0 0 0 0.5 0.5 0.5 1 1 1
0 P_0 1 1 0.063623 0.07738693467336684 0.09314 1 1 1
0 P_0 2 2 0.064863 0.07825679475164012 0.093497 1 1 1
0 P_0 3 3 0.0681925 0.08225966303270565 0.098233 1 1 1
0 P_0 4 4 0.09713 0.11397849462365592 0.132504 1 1 1
0 P_0 5 5 0.1495265 0.16795740561471442 0.1872995 1 1 1
1 P_2 0 0 0.5 0.5 0.5 1 1 1
1 P_2 1 1 0 0 0 1 1 1
1 P_2 2 2 0 0 0 1 1 1
1 P_2 3 3 0 0 0 1 1 1
1 P_2 4 4 0 0 0 1 1 1
1 P_2 5 5 0.5 0.5 0.5 1 1 1
2 P_9 0 0 0.5 0.5 0.5 1 1 1
2 P_9 1 1 0 0 0 1 1 1
2 P_9 2 2 0 0 0 1 1 1
2 P_9 3 3 0 0 0 1 1 1
2 P_9 4 4 0 0 0 1 1 1
2 P_9 5 5 0 0 0 1 1 1
3 P_8 0 0 0.5 0.5 0.5 1 1 1
3 P_8 1 1 0 0 0 1 1 1
3 P_8 2 2 0 0 0 1 1 1
3 P_8 3 3 0 0 0 1 1 1
3 P_8 4 4 0 0 0 1 1 1
3 P_8 5 5 0 0 0 1 1 1
4 P_6 0 0 0.5 0.5 0.5 1 1 1
4 P_6 1 1 0 0 0 1 1 1
4 P_6 2 2 0 0 0 1 1 1
4 P_6 3 3 0 0 0 1 1 1
4 P_6 4 4 0 0 0 1 1 1
4 P_6 5 5 0.0580065 0.07107843137254902 0.0861615 1 1 1
5 P_3 0 0 0.5 0.5 0.5 1 1 1
5 P_3 1 1 0 0 0 1 1 1
5 P_3 2 2 0 0 0 1 1 1
5 P_3 3 3 0 0 0 1 1 1
5 P_3 4 4 0 0 0 1 1 1
5 P_3 5 5 0 0 0 1 1 1
6 P_1 0 0 0.5 0.5 0.5 1 1 1
6 P_1 1 1 0 0 0 1 1 1
6 P_1 2 2 0 0 0 1 1 1
6 P_1 3 3 0 0 0 1 1 1
6 P_1 4 4 0 0 0 1 1 1
6 P_1 5 5 0.386508 0.40336967294350845 0.4184885 1 1 1
7 P_5 0 0 0.5 0.5 0.5 1 1 1
7 P_5 1 1 0 0 0 1 1 1
7 P_5 2 2 0 0 0 1 1 1
7 P_5 3 3 0 0 0 1 1 1
7 P_5 4 4 0 0 0 1 1 1
7 P_5 5 5 0.0725695 0.0869351669941061 0.1031375 1 1 1
8 P_7 0 0 0.5 0.5 0.5 1 1 1
8 P_7 1 1 0 0 0 1 1 1
8 P_7 2 2 0 0 0 1 1 1
8 P_7 3 3 0 0 0 1 1 1
8 P_7 4 4 0.054392 0.06753926701570681 0.082877 1 1 1
8 P_7 5 5 0 0 0 1 1 1
9 P_4 0 0 0.5 0.5 0.5 1 1 1
9 P_4 1 1 0 0 0 1 1 1
9 P_4 2 2 0 0 0 1 1 1
9 P_4 3 3 0 0 0 1 1 1
9 P_4 4 4 0 0 0 1 1 1
9 P_4 5 5 0 0 0 1 1 1
