5 #m
441 #n
0 P_2 0 0 0.22077 0.285 0.345352 1 1 1
0 P_2 1 1 0.03692525 0.07291666666666667 0.129258 1 1 1
0 P_2 2 2 0 0 0 1 1 1
0 P_2 3 3 0 0 0 1 1 1
0 P_2 4 4 0 0 0 1 1 1
0 P_2 5 5 0 0 0 1 1 1
0 P_2 6 6 0 0 0 1 1 1
0 P_2 7 7 0 0 0 1 1 1
0 P_2 8 8 0 0 0 1 1 1
0 P_2 9 9 0 0 0 1 1 1
0 P_2 10 10 0 0 0 1 1 1
0 P_2 11 11 0 0 0 1 1 1
0 P_2 12 12 0.2581425 0.324468085106383 0.38204 1 1 1
0 P_2 13 13 0.0203626 0.046296296296296294 0.093089 1 1 1
0 P_2 14 14 0 0 0 1 1 1
0 P_2 15 15 0.240632 0.30180180180180183 0.3577815 1 1 1
0 P_2 16 16 0 0 0 1 1 1
0 P_2 17 17 0 0 0 1 1 1
0 P_2 18 18 0 0 0 1 1 1
0 P_2 19 19 0.061942 0.10606060606060606 0.166261 1 1 1
0 P_2 20 20 0.02180155 0.04950495049504951 0.099111 1 1 1
0 P_2 21 21 0.0178157 0.04245283018867924 0.0887155 1 1 1
0 P_2 22 22 0.0300945 0.06315789473684211 0.1178945 1 1 1
0 P_2 23 23 0.389784 0.43859649122807015 0.469049 1 1 1
0 P_2 24 24 0.0418527 0.07727272727272727 0.130113 1 1 1
0 P_2 25 25 0 0 0 1 1 1
0 P_2 26 26 0 0 0 1 1 1
0 P_2 27 27 0.1121625 0.16371681415929204 0.2237655 1 1 1
0 P_2 28 28 0 0 0 1 1 1
0 P_2 29 29 0 0 0 1 1 1
0 P_2 30 30 0.2603835 0.3263157894736842 0.383368 1 1 1
0 P_2 31 31 0 0 0 1 1 1
0 P_2 32 32 0.2555485 0.3177570093457944 0.372933 1 1 1
0 P_2 33 33 0.02951955 0.06018518518518518 0.110315 1 1 1
0 P_2 34 34 0.232935 0.297029702970297 0.3559635 1 1 1
0 P_2 35 35 0.0926875 0.1488095238095238 0.2181745 1 1 1
0 P_2 36 36 0.03815295 0.07526881720430108 0.133087 1 1 1
0 P_2 37 37 0.0114465 0.03333333333333333 0.081565 1 1 1
0 P_2 38 38 0 0 0 1 1 1
0 P_2 39 39 0 0 0 1 1 1
0 P_2 40 40 0 0 0 1 1 1
0 P_2 41 41 0.104838 0.15714285714285714 0.21926 1 1 1
0 P_2 42 42 0 0 0 1 1 1
0 P_2 43 43 0.251271 0.3163265306122449 0.373891 1 1 1
0 P_2 44 44 0 0 0 1 1 1
0 P_2 45 45 0 0 0 1 1 1
0 P_2 46 46 0.073438 0.11818181818181818 0.1762365 1 1 1
0 P_2 47 47 0 0 0 1 1 1
0 P_2 48 48 0 0 0 1 1 1
0 P_2 49 49 0 0 0 1 1 1
0 P_2 50 50 0.01909785 0.045454545454545456 0.094576 1 1 1
0 P_2 51 51 0 0 0 1 1 1
0 P_2 52 52 0.01182015 0.031818181818181815 0.0737095 1 1 1
0 P_2 53 53 0 0 0 1 1 1
0 P_2 54 54 0.03540625 0.07 0.1244815 1 1 1
0 P_2 55 55 0.256441 0.32142857142857145 0.3783485 1 1 1
0 P_2 56 56 0 0 0 1 1 1
0 P_2 57 57 0.047806 0.09146341463414634 0.1563195 1 1 1
0 P_2 58 58 0 0 0 1 1 1
0 P_2 59 59 0 0 0 1 1 1
0 P_2 60 60 0.2431905 0.3148148148148148 0.3776535 1 1 1
0 P_2 61 61 0.03853985 0.07425742574257425 0.1292125 1 1 1
0 P_2 62 62 0 0 0 1 1 1
0 P_2 63 63 0.0361498 0.07142857142857142 0.126825 1 1 1
0 P_2 64 64 0.1007905 0.1523809523809524 0.214286 1 1 1
0 P_2 65 65 0.077301 0.12941176470588237 0.197122 1 1 1
0 P_2 66 66 0 0 0 1 1 1
0 P_2 67 67 0 0 0 1 1 1
0 P_2 68 68 0 0 0 1 1 1
0 P_2 69 69 0 0 0 1 1 1
0 P_2 70 70 0 0 0 1 1 1
0 P_2 71 71 0 0 0 1 1 1
0 P_2 72 72 0.2355035 0.3045977011494253 0.366779 1 1 1
0 P_2 73 73 0 0 0 1 1 1
0 P_2 74 74 0.0434827 0.08018867924528301 0.134645 1 1 1
0 P_2 75 75 0 0 0 1 1 1
0 P_2 76 76 0 0 0 1 1 1
0 P_2 77 77 0 0 0 1 1 1
0 P_2 78 78 0 0 0 1 1 1
0 P_2 79 79 0.04600285 0.08189655172413793 0.1339005 1 1 1
0 P_2 80 80 0 0 0 1 1 1
0 P_2 81 81 0 0 0 1 1 1
0 P_2 82 82 0.063542 0.11176470588235295 0.177862 1 1 1
0 P_2 83 83 0 0 0 1 1 1
0 P_2 84 84 0.392468 0.44144144144144143 0.471297 1 1 1
0 P_2 85 85 0 0 0 1 1 1
0 P_2 86 86 0.0249886 0.054455445544554455 0.1052955 1 1 1
0 P_2 87 87 0 0 0 1 1 1
0 P_2 88 88 0 0 0 1 1 1
0 P_2 89 89 0.0178157 0.04245283018867924 0.0887155 1 1 1
0 P_2 90 90 0.03469275 0.06862745098039216 0.1222225 1 1 1
0 P_2 91 91 0 0 0 1 1 1
0 P_2 92 92 0 0 0 1 1 1
0 P_2 93 93 0.01684635 0.04017857142857143 0.08424 1 1 1
0 P_2 94 94 0.0257708 0.05612244897959184 0.10829 1 1 1
0 P_2 95 95 0.0259007 0.05454545454545454 0.1028725 1 1 1
0 P_2 96 96 0 0 0 1 1 1
0 P_2 97 97 0 0 0 1 1 1
0 P_2 98 98 0.4047345 0.45604395604395603 0.4825055 1 1 1
0 P_2 99 99 0 0 0 1 1 1
0 P_2 100 100 0.02614355 0.05504587155963303 0.103754 1 1 1
0 P_2 101 101 0.079486 0.12745098039215685 0.1887265 1 1 1
0 P_2 102 102 0 0 0 1 1 1
0 P_2 103 103 0 0 0 1 1 1
0 P_2 104 104 0 0 0 1 1 1
0 P_2 105 105 0 0 0 1 1 1
0 P_2 106 106 0 0 0 1 1 1
0 P_2 107 107 0.2450135 0.3088235294117647 0.36624 1 1 1
0 P_2 108 108 0 0 0 1 1 1
0 P_2 109 109 0.404523 0.45408163265306123 0.480704 1 1 1
0 P_2 110 110 0 0 0 1 1 1
0 P_2 111 111 0 0 0 1 1 1
0 P_2 112 112 0 0 0 1 1 1
0 P_2 113 113 0.02690025 0.05660377358490566 0.106492 1 1 1
0 P_2 114 114 0 0 0 1 1 1
0 P_2 115 115 0 0 0 1 1 1
0 P_2 116 116 0 0 0 1 1 1
0 P_2 117 117 0 0 0 1 1 1
0 P_2 118 118 0 0 0 1 1 1
0 P_2 119 119 0 0 0 1 1 1
0 P_2 120 120 0 0 0 1 1 1
0 P_2 121 121 0.01416525 0.03804347826086957 0.0871895 1 1 1
0 P_2 122 122 0 0 0 1 1 1
0 P_2 123 123 0.0125105 0.03365384615384615 0.0777155 1 1 1
0 P_2 124 124 0 0 0 1 1 1
0 P_2 125 125 0 0 0 1 1 1
0 P_2 126 126 0.4195545 0.463302752293578 0.485435 1 1 1
0 P_2 127 127 0 0 0 1 1 1
0 P_2 128 128 0 0 0 1 1 1
0 P_2 129 129 0 0 0 1 1 1
0 P_2 130 130 0 0 0 1 1 1
0 P_2 131 131 0.0279801 0.058823529411764705 0.110375 1 1 1
0 P_2 132 132 0 0 0 1 1 1
0 P_2 133 133 0 0 0 1 1 1
0 P_2 134 134 0.0199169 0.04736842105263158 0.0982855 1 1 1
0 P_2 135 135 0.0958055 0.14622641509433962 0.207512 1 1 1
0 P_2 136 136 0 0 0 1 1 1
0 P_2 137 137 0 0 0 1 1 1
0 P_2 138 138 0.0145649 0.03669724770642202 0.0804455 1 1 1
0 P_2 139 139 0.0899815 0.14210526315789473 0.2067795 1 1 1
0 P_2 140 140 0 0 0 1 1 1
0 P_2 141 141 0 0 0 1 1 1
0 P_2 142 142 0.0181393 0.04132231404958678 0.0836465 1 1 1
0 P_2 143 143 0 0 0 1 1 1
0 P_2 144 144 0.0123899 0.03333333333333333 0.077018 1 1 1
0 P_2 145 145 0.0263201 0.057291666666666664 0.1103825 1 1 1
0 P_2 146 146 0 0 0 1 1 1
0 P_2 147 147 0 0 0 1 1 1
0 P_2 148 148 0.03098895 0.06310679611650485 0.115287 1 1 1
0 P_2 149 149 0 0 0 1 1 1
0 P_2 150 150 0 0 0 1 1 1
0 P_2 151 151 0.02690025 0.05660377358490566 0.106492 1 1 1
0 P_2 152 152 0 0 0 1 1 1
0 P_2 153 153 0 0 0 1 1 1
0 P_2 154 154 0.0145649 0.03669724770642202 0.0804455 1 1 1
0 P_2 155 155 0 0 0 1 1 1
0 P_2 156 156 0 0 0 1 1 1
0 P_2 157 157 0 0 0 1 1 1
0 P_2 158 158 0.01356705 0.036458333333333336 0.0837855 1 1 1
0 P_2 159 159 0.02080945 0.04945054945054945 0.1022965 1 1 1
0 P_2 160 160 0.0441938 0.08904109589041095 0.1579195 1 1 1
0 P_2 161 161 0.01557525 0.0371900826446281 0.078312 1 1 1
0 P_2 162 162 0 0 0 1 1 1
0 P_2 163 163 0 0 0 1 1 1
0 P_2 164 164 0.220895 0.2864583333333333 0.347821 1 1 1
0 P_2 165 165 0 0 0 1 1 1
0 P_2 166 166 0 0 0 1 1 1
0 P_2 167 167 0.02345955 0.05319148936170213 0.105963 1 1 1
0 P_2 168 168 0 0 0 1 1 1
0 P_2 169 169 0 0 0 1 1 1
0 P_2 170 170 0 0 0 1 1 1
0 P_2 171 171 0 0 0 1 1 1
0 P_2 172 172 0 0 0 1 1 1
0 P_2 173 173 0 0 0 1 1 1
0 P_2 174 174 0.2555495 0.3140495867768595 0.3666465 1 1 1
0 P_2 175 175 0 0 0 1 1 1
0 P_2 176 176 0.02977305 0.0625 0.1167585 1 1 1
0 P_2 177 177 0 0 0 1 1 1
0 P_2 178 178 0 0 0 1 1 1
0 P_2 179 179 0.0199857 0.045454545454545456 0.0915005 1 1 1
0 P_2 180 180 0 0 0 1 1 1
0 P_2 181 181 0 0 0 1 1 1
0 P_2 182 182 0 0 0 1 1 1
0 P_2 183 183 0.0205564 0.04672897196261682 0.093904 1 1 1
0 P_2 184 184 0 0 0 1 1 1
0 P_2 185 185 0 0 0 1 1 1
0 P_2 186 186 0.257006 0.32038834951456313 0.3761925 1 1 1
0 P_2 187 187 0 0 0 1 1 1
0 P_2 188 188 0.076296 0.125 0.188095 1 1 1
0 P_2 189 189 0 0 0 1 1 1
0 P_2 190 190 0 0 0 1 1 1
0 P_2 191 191 0.0093457 0.02727272727272727 0.0675195 1 1 1
0 P_2 192 192 0.0229033 0.05 0.0972275 1 1 1
0 P_2 193 193 0 0 0 1 1 1
0 P_2 194 194 0 0 0 1 1 1
0 P_2 195 195 0 0 0 1 1 1
0 P_2 196 196 0.207109 0.26851851851851855 0.328023 1 1 1
0 P_2 197 197 0.02314315 0.054878048780487805 0.1126345 1 1 1
0 P_2 198 198 0 0 0 1 1 1
0 P_2 199 199 0 0 0 1 1 1
0 P_2 200 200 0 0 0 1 1 1
0 P_2 201 201 0.0813815 0.13157894736842105 0.195549 1 1 1
0 P_2 202 202 0.04291735 0.08241758241758242 0.142198 1 1 1
0 P_2 203 203 0.078271 0.13095238095238096 0.1992095 1 1 1
0 P_2 204 204 0 0 0 1 1 1
0 P_2 205 205 0 0 0 1 1 1
0 P_2 206 206 0 0 0 1 1 1
0 P_2 207 207 0.0703305 0.11827956989247312 0.18186 1 1 1
0 P_2 208 208 0.0551525 0.09615384615384616 0.153544 1 1 1
0 P_2 209 209 0 0 0 1 1 1
0 P_2 210 210 0.00536135 0.019801980198019802 0.0591835 1 1 1
0 P_2 211 211 0 0 0 1 1 1
0 P_2 212 212 0 0 0 1 1 1
0 P_2 213 213 0 0 0 1 1 1
0 P_2 214 214 0 0 0 1 1 1
0 P_2 215 215 0 0 0 1 1 1
0 P_2 216 216 0.01949875 0.04639175257731959 0.096395 1 1 1
0 P_2 217 217 0 0 0 1 1 1
0 P_2 218 218 0.2102195 0.2784090909090909 0.3430405 1 1 1
0 P_2 219 219 0 0 0 1 1 1
0 P_2 220 220 0 0 0 1 1 1
0 P_2 221 221 0.399023 0.4494949494949495 0.477749 1 1 1
0 P_2 222 222 0 0 0 1 1 1
0 P_2 223 223 0.0653855 0.11170212765957446 0.1742605 1 1 1
0 P_2 224 224 0.0879195 0.13478260869565217 0.1927945 1 1 1
0 P_2 225 225 0.0291504 0.061224489795918366 0.1145505 1 1 1
0 P_2 226 226 0 0 0 1 1 1
0 P_2 227 227 0 0 0 1 1 1
0 P_2 228 228 0 0 0 1 1 1
0 P_2 229 229 0.02204435 0.05232558139534884 0.1077935 1 1 1
0 P_2 230 230 0 0 0 1 1 1
0 P_2 231 231 0 0 0 1 1 1
0 P_2 232 232 0.015736 0.039603960396039604 0.086422 1 1 1
0 P_2 233 233 0 0 0 1 1 1
0 P_2 234 234 0.1197045 0.18023255813953487 0.2496915 1 1 1
0 P_2 235 235 0 0 0 1 1 1
0 P_2 236 236 0.0792705 0.12393162393162394 0.1805875 1 1 1
0 P_2 237 237 0 0 0 1 1 1
0 P_2 238 238 0.088814 0.1380952380952381 0.1991985 1 1 1
0 P_2 239 239 0.26454 0.3333333333333333 0.3915775 1 1 1
0 P_2 240 240 0 0 0 1 1 1
0 P_2 241 241 0 0 0 1 1 1
0 P_2 242 242 0 0 0 1 1 1
0 P_2 243 243 0.0220239 0.05 0.100035 1 1 1
0 P_2 244 244 0 0 0 1 1 1
0 P_2 245 245 0.0138597 0.03723404255319149 0.0854535 1 1 1
0 P_2 246 246 0 0 0 1 1 1
0 P_2 247 247 0.0152754 0.038461538461538464 0.08408 1 1 1
0 P_2 248 248 0.0149915 0.040229885057471264 0.091853 1 1 1
0 P_2 249 249 0 0 0 1 1 1
0 P_2 250 250 0.03161855 0.06435643564356436 0.117403 1 1 1
0 P_2 251 251 0 0 0 1 1 1
0 P_2 252 252 0 0 0 1 1 1
0 P_2 253 253 0 0 0 1 1 1
0 P_2 254 254 0.088814 0.1380952380952381 0.1991985 1 1 1
0 P_2 255 255 0 0 0 1 1 1
0 P_2 256 256 0 0 0 1 1 1
0 P_2 257 257 0.02690025 0.05660377358490566 0.106492 1 1 1
0 P_2 258 258 0.0229033 0.05 0.0972275 1 1 1
0 P_2 259 259 0.0754705 0.12371134020618557 0.186347 1 1 1
0 P_2 260 260 0 0 0 1 1 1
0 P_2 261 261 0 0 0 1 1 1
0 P_2 262 262 0.288505 0.35148514851485146 0.403334 1 1 1
0 P_2 263 263 0.0281833 0.05752212389380531 0.105753 1 1 1
0 P_2 264 264 0 0 0 1 1 1
0 P_2 265 265 0 0 0 1 1 1
0 P_2 266 266 0 0 0 1 1 1
0 P_2 267 267 0.0291504 0.061224489795918366 0.1145505 1 1 1
0 P_2 268 268 0.03110185 0.06521739130434782 0.121439 1 1 1
0 P_2 269 269 0 0 0 1 1 1
0 P_2 270 270 0 0 0 1 1 1
0 P_2 271 271 0 0 0 1 1 1
0 P_2 272 272 0 0 0 1 1 1
0 P_2 273 273 0 0 0 1 1 1
0 P_2 274 274 0 0 0 1 1 1
0 P_2 275 275 0 0 0 1 1 1
0 P_2 276 276 0.01769215 0.044444444444444446 0.09625 1 1 1
0 P_2 277 277 0 0 0 1 1 1
0 P_2 278 278 0.04297365 0.08080808080808081 0.1375285 1 1 1
0 P_2 279 279 0 0 0 1 1 1
0 P_2 280 280 0.0822145 0.12831858407079647 0.186397 1 1 1
0 P_2 281 281 0.083482 0.1323529411764706 0.194003 1 1 1
0 P_2 282 282 0.046181 0.085 0.1420635 1 1 1
0 P_2 283 283 0 0 0 1 1 1
0 P_2 284 284 0 0 0 1 1 1
0 P_2 285 285 0 0 0 1 1 1
0 P_2 286 286 0 0 0 1 1 1
0 P_2 287 287 0 0 0 1 1 1
0 P_2 288 288 0.041503 0.0797872340425532 0.138038 1 1 1
0 P_2 289 289 0.083482 0.1323529411764706 0.194003 1 1 1
0 P_2 290 290 0.1176615 0.1680327868852459 0.2258975 1 1 1
0 P_2 291 291 0 0 0 1 1 1
0 P_2 292 292 0.099844 0.15425531914893617 0.219919 1 1 1
0 P_2 293 293 0.2689545 0.3333333333333333 0.3883925 1 1 1
0 P_2 294 294 0 0 0 1 1 1
0 P_2 295 295 0 0 0 1 1 1
0 P_2 296 296 0 0 0 1 1 1
0 P_2 297 297 0.0656895 0.10952380952380952 0.168191 1 1 1
0 P_2 298 298 0.02425255 0.052884615384615384 0.102462 1 1 1
0 P_2 299 299 0 0 0 1 1 1
0 P_2 300 300 0.103155 0.15789473684210525 0.2233505 1 1 1
0 P_2 301 301 0 0 0 1 1 1
0 P_2 302 302 0.0682475 0.11016949152542373 0.1652835 1 1 1
0 P_2 303 303 0.2808245 0.3407079646017699 0.3916615 1 1 1
0 P_2 304 304 0 0 0 1 1 1
0 P_2 305 305 0 0 0 1 1 1
0 P_2 306 306 0 0 0 1 1 1
0 P_2 307 307 0.0585025 0.10326086956521739 0.1656065 1 1 1
0 P_2 308 308 0 0 0 1 1 1
0 P_2 309 309 0 0 0 1 1 1
0 P_2 310 310 0 0 0 1 1 1
0 P_2 311 311 0 0 0 1 1 1
0 P_2 312 312 0 0 0 1 1 1
0 P_2 313 313 0 0 0 1 1 1
0 P_2 314 314 0 0 0 1 1 1
0 P_2 315 315 0 0 0 1 1 1
0 P_2 316 316 0 0 0 1 1 1
0 P_2 317 317 0.3719575 0.4264705882352941 0.461849 1 1 1
0 P_2 318 318 0 0 0 1 1 1
0 P_2 319 319 0 0 0 1 1 1
0 P_2 320 320 0 0 0 1 1 1
0 P_2 321 321 0 0 0 1 1 1
0 P_2 322 322 0 0 0 1 1 1
0 P_2 323 323 0.0247511 0.05217391304347826 0.098679 1 1 1
0 P_2 324 324 0 0 0 1 1 1
0 P_2 325 325 0 0 0 1 1 1
0 P_2 326 326 0 0 0 1 1 1
0 P_2 327 327 0 0 0 1 1 1
0 P_2 328 328 0 0 0 1 1 1
0 P_2 329 329 0.227105 0.29651162790697677 0.3599635 1 1 1
0 P_2 330 330 0 0 0 1 1 1
0 P_2 331 331 0 0 0 1 1 1
0 P_2 332 332 0.0217858 0.05172413793103448 0.1066475 1 1 1
0 P_2 333 333 0.262916 0.3220338983050847 0.37435 1 1 1
0 P_2 334 334 0 0 0 1 1 1
0 P_2 335 335 0 0 0 1 1 1
0 P_2 336 336 0 0 0 1 1 1
0 P_2 337 337 0.2949545 0.3602150537634409 0.4123915 1 1 1
0 P_2 338 338 0.0975905 0.15476190476190477 0.2243985 1 1 1
0 P_2 339 339 0 0 0 1 1 1
0 P_2 340 340 0.0879315 0.13679245283018868 0.197504 1 1 1
0 P_2 341 341 0 0 0 1 1 1
0 P_2 342 342 0.049237 0.09042553191489362 0.1503415 1 1 1
0 P_2 343 343 0 0 0 1 1 1
0 P_2 344 344 0 0 0 1 1 1
0 P_2 345 345 0 0 0 1 1 1
0 P_2 346 346 0 0 0 1 1 1
0 P_2 347 347 0 0 0 1 1 1
0 P_2 348 348 0.01131925 0.03296703296703297 0.080726 1 1 1
0 P_2 349 349 0 0 0 1 1 1
0 P_2 350 350 0 0 0 1 1 1
0 P_2 351 351 0.079788 0.13043478260869565 0.1954215 1 1 1
0 P_2 352 352 0 0 0 1 1 1
0 P_2 353 353 0 0 0 1 1 1
0 P_2 354 354 0 0 0 1 1 1
0 P_2 355 355 0 0 0 1 1 1
0 P_2 356 356 0 0 0 1 1 1
0 P_2 357 357 0.02780155 0.06043956043956044 0.1159835 1 1 1
0 P_2 358 358 0.2711945 0.3368421052631579 0.3923855 1 1 1
0 P_2 359 359 0 0 0 1 1 1
0 P_2 360 360 0 0 0 1 1 1
0 P_2 361 361 0 0 0 1 1 1
0 P_2 362 362 0 0 0 1 1 1
0 P_2 363 363 0 0 0 1 1 1
0 P_2 364 364 0 0 0 1 1 1
0 P_2 365 365 0.0189035 0.045 0.093692 1 1 1
0 P_2 366 366 0 0 0 1 1 1
0 P_2 367 367 0 0 0 1 1 1
0 P_2 368 368 0 0 0 1 1 1
0 P_2 369 369 0.406308 0.455 0.4810965 1 1 1
0 P_2 370 370 0 0 0 1 1 1
0 P_2 371 371 0 0 0 1 1 1
0 P_2 372 372 0 0 0 1 1 1
0 P_2 373 373 0.0215332 0.05113636363636364 0.1055255 1 1 1
0 P_2 374 374 0.2577885 0.3217821782178218 0.3779 1 1 1
0 P_2 375 375 0.03068345 0.0625 0.114257 1 1 1
0 P_2 376 376 0.3764995 0.43529411764705883 0.4701845 1 1 1
0 P_2 377 377 0.0279801 0.058823529411764705 0.110375 1 1 1
0 P_2 378 378 0.003741605 0.016666666666666666 0.0577285 1 1 1
0 P_2 379 379 0.02980215 0.06074766355140187 0.111275 1 1 1
0 P_2 380 380 0 0 0 1 1 1
0 P_2 381 381 0.02855325 0.06 0.112424 1 1 1
0 P_2 382 382 0 0 0 1 1 1
0 P_2 383 383 0 0 0 1 1 1
0 P_2 384 384 0 0 0 1 1 1
0 P_2 385 385 0 0 0 1 1 1
0 P_2 386 386 0.01592015 0.042682926829268296 0.0970425 1 1 1
0 P_2 387 387 0 0 0 1 1 1
0 P_2 388 388 0 0 0 1 1 1
0 P_2 389 389 0 0 0 1 1 1
0 P_2 390 390 0.2481905 0.3101851851851852 0.365989 1 1 1
0 P_2 391 391 0.0663485 0.11057692307692307 0.1696635 1 1 1
0 P_2 392 392 0 0 0 1 1 1
0 P_2 393 393 0.034371 0.06504065040650407 0.112447 1 1 1
0 P_2 394 394 0 0 0 1 1 1
0 P_2 395 395 0 0 0 1 1 1
0 P_2 396 396 0 0 0 1 1 1
0 P_2 397 397 0 0 0 1 1 1
0 P_2 398 398 0 0 0 1 1 1
0 P_2 399 399 0.5 0.5 0.5 1 1 1
0 P_2 400 400 0 0 0 1 1 1
0 P_2 401 401 0.0122716 0.0330188679245283 0.076333 1 1 1
0 P_2 402 402 0.24232 0.3058252427184466 0.3633195 1 1 1
0 P_2 403 403 0 0 0 1 1 1
0 P_2 404 404 0.03261245 0.0663265306122449 0.120726 1 1 1
0 P_2 405 405 0.0220239 0.05 0.100035 1 1 1
0 P_2 406 406 0.235315 0.2948717948717949 0.350156 1 1 1
0 P_2 407 407 0.221159 0.28888888888888886 0.3518515 1 1 1
0 P_2 408 408 0.0232074 0.05263157894736842 0.104927 1 1 1
0 P_2 409 409 0 0 0 1 1 1
0 P_2 410 410 0.0373256 0.07368421052631578 0.13051 1 1 1
0 P_2 411 411 0 0 0 1 1 1
0 P_2 412 412 0 0 0 1 1 1
0 P_2 413 413 0 0 0 1 1 1
0 P_2 414 414 0.03819335 0.07207207207207207 0.123735 1 1 1
0 P_2 415 415 0.236143 0.2972972972972973 0.353713 1 1 1
0 P_2 416 416 0 0 0 1 1 1
0 P_2 417 417 0 0 0 1 1 1
0 P_2 418 418 0 0 0 1 1 1
0 P_2 419 419 0 0 0 1 1 1
0 P_2 420 420 0 0 0 1 1 1
0 P_2 421 421 0 0 0 1 1 1
0 P_2 422 422 0.0807115 0.13186813186813187 0.197342 1 1 1
0 P_2 423 423 0 0 0 1 1 1
0 P_2 424 424 0 0 0 1 1 1
0 P_2 425 425 0.0703305 0.11827956989247312 0.18186 1 1 1
0 P_2 426 426 0 0 0 1 1 1
0 P_2 427 427 0.4446 0.48404255319148937 0.496418 1 1 1
0 P_2 428 428 0 0 0 1 1 1
0 P_2 429 429 0.0987975 0.14953271028037382 0.210692 1 1 1
0 P_2 430 430 0 0 0 1 1 1
0 P_2 431 431 0.0197056 0.046875 0.097331 1 1 1
0 P_2 432 432 0.03403925 0.06914893617021277 0.1254595 1 1 1
0 P_2 433 433 0 0 0 1 1 1
0 P_2 434 434 0 0 0 1 1 1
0 P_2 435 435 0 0 0 1 1 1
0 P_2 436 436 0 0 0 1 1 1
0 P_2 437 437 0 0 0 1 1 1
0 P_2 438 438 0.0140108 0.03763440860215054 0.086313 1 1 1
0 P_2 439 439 0 0 0 1 1 1
0 P_2 440 440 0 0 0 1 1 1
1 P_9 0 0 0 0 0 1 1 1
1 P_9 1 1 0 0 0 1 1 1
1 P_9 2 2 0.0412524 0.07766990291262135 0.132603 1 1 1
1 P_9 3 3 0 0 0 1 1 1
1 P_9 4 4 0 0 0 1 1 1
1 P_9 5 5 0 0 0 1 1 1
1 P_9 6 6 0.1229565 0.17757009345794392 0.239701 1 1 1
1 P_9 7 7 0 0 0 1 1 1
1 P_9 8 8 0 0 0 1 1 1
1 P_9 9 9 0.1148055 0.16822429906542055 0.2301295 1 1 1
1 P_9 10 10 0.099908 0.15555555555555556 0.2227755 1 1 1
1 P_9 11 11 0.103155 0.15789473684210525 0.2233505 1 1 1
1 P_9 12 12 0 0 0 1 1 1
1 P_9 13 13 0 0 0 1 1 1
1 P_9 14 14 0 0 0 1 1 1
1 P_9 15 15 0 0 0 1 1 1
1 P_9 16 16 0.076309 0.12637362637362637 0.19142 1 1 1
1 P_9 17 17 0 0 0 1 1 1
1 P_9 18 18 0 0 0 1 1 1
1 P_9 19 19 0.1863085 0.24761904761904763 0.3091815 1 1 1
1 P_9 20 20 0 0 0 1 1 1
1 P_9 21 21 0 0 0 1 1 1
1 P_9 22 22 0 0 0 1 1 1
1 P_9 23 23 0.423667 0.4669811320754717 0.4877285 1 1 1
1 P_9 24 24 0 0 0 1 1 1
1 P_9 25 25 0 0 0 1 1 1
1 P_9 26 26 0 0 0 1 1 1
1 P_9 27 27 0.225531 0.28921568627450983 0.348638 1 1 1
1 P_9 28 28 0 0 0 1 1 1
1 P_9 29 29 0.0213701 0.04854368932038835 0.0973125 1 1 1
1 P_9 30 30 0 0 0 1 1 1
1 P_9 31 31 0.01769215 0.044444444444444446 0.09625 1 1 1
1 P_9 32 32 0 0 0 1 1 1
1 P_9 33 33 0 0 0 1 1 1
1 P_9 34 34 0 0 0 1 1 1
1 P_9 35 35 0.178684 0.24444444444444444 0.310886 1 1 1
1 P_9 36 36 0 0 0 1 1 1
1 P_9 37 37 0 0 0 1 1 1
1 P_9 38 38 0.0203534 0.04838709677419355 0.100251 1 1 1
1 P_9 39 39 0.132858 0.1875 0.248349 1 1 1
1 P_9 40 40 0 0 0 1 1 1
1 P_9 41 41 0.2159835 0.27884615384615385 0.338631 1 1 1
1 P_9 42 42 0 0 0 1 1 1
1 P_9 43 43 0 0 0 1 1 1
1 P_9 44 44 0.059941 0.10416666666666667 0.1651735 1 1 1
1 P_9 45 45 0.03161855 0.06435643564356436 0.117403 1 1 1
1 P_9 46 46 0.2299235 0.29245283018867924 0.3505355 1 1 1
1 P_9 47 47 0 0 0 1 1 1
1 P_9 48 48 0 0 0 1 1 1
1 P_9 49 49 0.0255047 0.05555555555555555 0.1072735 1 1 1
1 P_9 50 50 0 0 0 1 1 1
1 P_9 51 51 0.0434827 0.08018867924528301 0.134645 1 1 1
1 P_9 52 52 0 0 0 1 1 1
1 P_9 53 53 0 0 0 1 1 1
1 P_9 54 54 0 0 0 1 1 1
1 P_9 55 55 0 0 0 1 1 1
1 P_9 56 56 0 0 0 1 1 1
1 P_9 57 57 0.1784795 0.24019607843137256 0.302978 1 1 1
1 P_9 58 58 0 0 0 1 1 1
1 P_9 59 59 0 0 0 1 1 1
1 P_9 60 60 0 0 0 1 1 1
1 P_9 61 61 0 0 0 1 1 1
1 P_9 62 62 0.1133055 0.1724137931034483 0.241344 1 1 1
1 P_9 63 63 0 0 0 1 1 1
1 P_9 64 64 0.3634545 0.41743119266055045 0.454369 1 1 1
1 P_9 65 65 0.3532085 0.4095238095238095 0.4490045 1 1 1
1 P_9 66 66 0 0 0 1 1 1
1 P_9 67 67 0 0 0 1 1 1
1 P_9 68 68 0 0 0 1 1 1
1 P_9 69 69 0.1153335 0.171875 0.237416 1 1 1
1 P_9 70 70 0 0 0 1 1 1
1 P_9 71 71 0.1165585 0.1715686274509804 0.2351025 1 1 1
1 P_9 72 72 0 0 0 1 1 1
1 P_9 73 73 0.106601 0.16666666666666666 0.2380255 1 1 1
1 P_9 74 74 0 0 0 1 1 1
1 P_9 75 75 0 0 0 1 1 1
1 P_9 76 76 0 0 0 1 1 1
1 P_9 77 77 0 0 0 1 1 1
1 P_9 78 78 0 0 0 1 1 1
1 P_9 79 79 0 0 0 1 1 1
1 P_9 80 80 0.113674 0.16666666666666666 0.2282295 1 1 1
1 P_9 81 81 0 0 0 1 1 1
1 P_9 82 82 0.239614 0.3064516129032258 0.366584 1 1 1
1 P_9 83 83 0 0 0 1 1 1
1 P_9 84 84 0.390622 0.441747572815534 0.472298 1 1 1
1 P_9 85 85 0.106751 0.1588785046728972 0.2204615 1 1 1
1 P_9 86 86 0 0 0 1 1 1
1 P_9 87 87 0 0 0 1 1 1
1 P_9 88 88 0 0 0 1 1 1
1 P_9 89 89 0 0 0 1 1 1
1 P_9 90 90 0 0 0 1 1 1
1 P_9 91 91 0 0 0 1 1 1
1 P_9 92 92 0 0 0 1 1 1
1 P_9 93 93 0 0 0 1 1 1
1 P_9 94 94 0 0 0 1 1 1
1 P_9 95 95 0 0 0 1 1 1
1 P_9 96 96 0 0 0 1 1 1
1 P_9 97 97 0 0 0 1 1 1
1 P_9 98 98 0.3795915 0.43119266055045874 0.464367 1 1 1
1 P_9 99 99 0.1395295 0.19327731092436976 0.252338 1 1 1
1 P_9 100 100 0 0 0 1 1 1
1 P_9 101 101 0.3944365 0.4439252336448598 0.47335700000000003 1 1 1
1 P_9 102 102 0 0 0 1 1 1
1 P_9 103 103 0 0 0 1 1 1
1 P_9 104 104 0.012424 0.03614457831325301 0.0879665 1 1 1
1 P_9 105 105 0 0 0 1 1 1
1 P_9 106 106 0 0 0 1 1 1
1 P_9 107 107 0 0 0 1 1 1
1 P_9 108 108 0 0 0 1 1 1
1 P_9 109 109 0.3112735 0.37254901960784315 0.420514 1 1 1
1 P_9 110 110 0 0 0 1 1 1
1 P_9 111 111 0 0 0 1 1 1
1 P_9 112 112 0 0 0 1 1 1
1 P_9 113 113 0 0 0 1 1 1
1 P_9 114 114 0 0 0 1 1 1
1 P_9 115 115 0.1081165 0.16176470588235295 0.2250015 1 1 1
1 P_9 116 116 0.090949 0.14018691588785046 0.200817 1 1 1
1 P_9 117 117 0.0393423 0.07575757575757576 0.1316175 1 1 1
1 P_9 118 118 0 0 0 1 1 1
1 P_9 119 119 0 0 0 1 1 1
1 P_9 120 120 0 0 0 1 1 1
1 P_9 121 121 0 0 0 1 1 1
1 P_9 122 122 0 0 0 1 1 1
1 P_9 123 123 0 0 0 1 1 1
1 P_9 124 124 0 0 0 1 1 1
1 P_9 125 125 0.122571 0.18085106382978725 0.24726 1 1 1
1 P_9 126 126 0.3419915 0.4044943820224719 0.4478885 1 1 1
1 P_9 127 127 0 0 0 1 1 1
1 P_9 128 128 0 0 0 1 1 1
1 P_9 129 129 0 0 0 1 1 1
1 P_9 130 130 0 0 0 1 1 1
1 P_9 131 131 0 0 0 1 1 1
1 P_9 132 132 0 0 0 1 1 1
1 P_9 133 133 0 0 0 1 1 1
1 P_9 134 134 0 0 0 1 1 1
1 P_9 135 135 0.2071915 0.27647058823529413 0.3423225 1 1 1
1 P_9 136 136 0 0 0 1 1 1
1 P_9 137 137 0 0 0 1 1 1
1 P_9 138 138 0 0 0 1 1 1
1 P_9 139 139 0.20672 0.26422764227642276 0.3204445 1 1 1
1 P_9 140 140 0.063275 0.10824742268041238 0.169372 1 1 1
1 P_9 141 141 0 0 0 1 1 1
1 P_9 142 142 0 0 0 1 1 1
1 P_9 143 143 0 0 0 1 1 1
1 P_9 144 144 0 0 0 1 1 1
1 P_9 145 145 0 0 0 1 1 1
1 P_9 146 146 0 0 0 1 1 1
1 P_9 147 147 0 0 0 1 1 1
1 P_9 148 148 0 0 0 1 1 1
1 P_9 149 149 0 0 0 1 1 1
1 P_9 150 150 0.0813815 0.13157894736842105 0.195549 1 1 1
1 P_9 151 151 0 0 0 1 1 1
1 P_9 152 152 0.133221 0.19540229885057472 0.2644965 1 1 1
1 P_9 153 153 0.1147175 0.1744186046511628 0.2437945 1 1 1
1 P_9 154 154 0 0 0 1 1 1
1 P_9 155 155 0 0 0 1 1 1
1 P_9 156 156 0.0377347 0.07446808510638298 0.131786 1 1 1
1 P_9 157 157 0.129899 0.18518518518518517 0.2471385 1 1 1
1 P_9 158 158 0 0 0 1 1 1
1 P_9 159 159 0 0 0 1 1 1
1 P_9 160 160 0 0 0 1 1 1
1 P_9 161 161 0 0 0 1 1 1
1 P_9 162 162 0 0 0 1 1 1
1 P_9 163 163 0 0 0 1 1 1
1 P_9 164 164 0 0 0 1 1 1
1 P_9 165 165 0 0 0 1 1 1
1 P_9 166 166 0 0 0 1 1 1
1 P_9 167 167 0 0 0 1 1 1
1 P_9 168 168 0.0520355 0.09090909090909091 0.1458365 1 1 1
1 P_9 169 169 0.0670215 0.11165048543689321 0.1711615 1 1 1
1 P_9 170 170 0 0 0 1 1 1
1 P_9 171 171 0 0 0 1 1 1
1 P_9 172 172 0 0 0 1 1 1
1 P_9 173 173 0.106601 0.16666666666666666 0.2380255 1 1 1
1 P_9 174 174 0 0 0 1 1 1
1 P_9 175 175 0 0 0 1 1 1
1 P_9 176 176 0 0 0 1 1 1
1 P_9 177 177 0 0 0 1 1 1
1 P_9 178 178 0.098729 0.15263157894736842 0.217862 1 1 1
1 P_9 179 179 0 0 0 1 1 1
1 P_9 180 180 0.12082 0.17647058823529413 0.2401125 1 1 1
1 P_9 181 181 0 0 0 1 1 1
1 P_9 182 182 0 0 0 1 1 1
1 P_9 183 183 0 0 0 1 1 1
1 P_9 184 184 0 0 0 1 1 1
1 P_9 185 185 0 0 0 1 1 1
1 P_9 186 186 0 0 0 1 1 1
1 P_9 187 187 0 0 0 1 1 1
1 P_9 188 188 0.2157565 0.2826086956521739 0.345547 1 1 1
1 P_9 189 189 0.03194305 0.065 0.11849 1 1 1
1 P_9 190 190 0 0 0 1 1 1
1 P_9 191 191 0 0 0 1 1 1
1 P_9 192 192 0 0 0 1 1 1
1 P_9 193 193 0 0 0 1 1 1
1 P_9 194 194 0 0 0 1 1 1
1 P_9 195 195 0.081795 0.12980769230769232 0.1906345 1 1 1
1 P_9 196 196 0 0 0 1 1 1
1 P_9 197 197 0 0 0 1 1 1
1 P_9 198 198 0 0 0 1 1 1
1 P_9 199 199 0.03403925 0.06914893617021277 0.1254595 1 1 1
1 P_9 200 200 0 0 0 1 1 1
1 P_9 201 201 0.395073 0.4473684210526316 0.4767925 1 1 1
1 P_9 202 202 0 0 0 1 1 1
1 P_9 203 203 0.18113 0.24271844660194175 0.3050915 1 1 1
1 P_9 204 204 0 0 0 1 1 1
1 P_9 205 205 0 0 0 1 1 1
1 P_9 206 206 0 0 0 1 1 1
1 P_9 207 207 0.215781 0.28191489361702127 0.3442965 1 1 1
1 P_9 208 208 0 0 0 1 1 1
1 P_9 209 209 0 0 0 1 1 1
1 P_9 210 210 0 0 0 1 1 1
1 P_9 211 211 0 0 0 1 1 1
1 P_9 212 212 0.0336749 0.06666666666666667 0.118983 1 1 1
1 P_9 213 213 0.02473835 0.05392156862745098 0.104334 1 1 1
1 P_9 214 214 0 0 0 1 1 1
1 P_9 215 215 0 0 0 1 1 1
1 P_9 216 216 0 0 0 1 1 1
1 P_9 217 217 0 0 0 1 1 1
1 P_9 218 218 0 0 0 1 1 1
1 P_9 219 219 0 0 0 1 1 1
1 P_9 220 220 0 0 0 1 1 1
1 P_9 221 221 0.376265 0.42792792792792794 0.4618065 1 1 1
1 P_9 222 222 0 0 0 1 1 1
1 P_9 223 223 0.3276035 0.39204545454545453 0.4387205 1 1 1
1 P_9 224 224 0.196608 0.26 0.322284 1 1 1
1 P_9 225 225 0 0 0 1 1 1
1 P_9 226 226 0 0 0 1 1 1
1 P_9 227 227 0 0 0 1 1 1
1 P_9 228 228 0 0 0 1 1 1
1 P_9 229 229 0 0 0 1 1 1
1 P_9 230 230 0 0 0 1 1 1
1 P_9 231 231 0 0 0 1 1 1
1 P_9 232 232 0 0 0 1 1 1
1 P_9 233 233 0 0 0 1 1 1
1 P_9 234 234 0.4115205 0.45614035087719296 0.4807275 1 1 1
1 P_9 235 235 0 0 0 1 1 1
1 P_9 236 236 0.380947 0.43617021276595747 0.469577 1 1 1
1 P_9 237 237 0 0 0 1 1 1
1 P_9 238 238 0.1868995 0.24766355140186916 0.30867 1 1 1
1 P_9 239 239 0 0 0 1 1 1
1 P_9 240 240 0 0 0 1 1 1
1 P_9 241 241 0 0 0 1 1 1
1 P_9 242 242 0.051487 0.09278350515463918 0.151985 1 1 1
1 P_9 243 243 0 0 0 1 1 1
1 P_9 244 244 0 0 0 1 1 1
1 P_9 245 245 0 0 0 1 1 1
1 P_9 246 246 0.112107 0.16842105263157894 0.234227 1 1 1
1 P_9 247 247 0 0 0 1 1 1
1 P_9 248 248 0 0 0 1 1 1
1 P_9 249 249 0 0 0 1 1 1
1 P_9 250 250 0 0 0 1 1 1
1 P_9 251 251 0.095952 0.14545454545454545 0.2055185 1 1 1
1 P_9 252 252 0 0 0 1 1 1
1 P_9 253 253 0 0 0 1 1 1
1 P_9 254 254 0.207109 0.26851851851851855 0.328023 1 1 1
1 P_9 255 255 0.03469275 0.06862745098039216 0.1222225 1 1 1
1 P_9 256 256 0 0 0 1 1 1
1 P_9 257 257 0 0 0 1 1 1
1 P_9 258 258 0 0 0 1 1 1
1 P_9 259 259 0.1954835 0.26506024096385544 0.3326425 1 1 1
1 P_9 260 260 0 0 0 1 1 1
1 P_9 261 261 0 0 0 1 1 1
1 P_9 262 262 0 0 0 1 1 1
1 P_9 263 263 0 0 0 1 1 1
1 P_9 264 264 0.063542 0.11176470588235295 0.177862 1 1 1
1 P_9 265 265 0 0 0 1 1 1
1 P_9 266 266 0 0 0 1 1 1
1 P_9 267 267 0 0 0 1 1 1
1 P_9 268 268 0 0 0 1 1 1
1 P_9 269 269 0 0 0 1 1 1
1 P_9 270 270 0.0399795 0.07391304347826087 0.1248575 1 1 1
1 P_9 271 271 0 0 0 1 1 1
1 P_9 272 272 0.0493746 0.0891089108910891 0.14646700000000001 1 1 1
1 P_9 273 273 0 0 0 1 1 1
1 P_9 274 274 0.0273184 0.06172839506172839 0.121559 1 1 1
1 P_9 275 275 0 0 0 1 1 1
1 P_9 276 276 0 0 0 1 1 1
1 P_9 277 277 0.1114775 0.16363636363636364 0.224521 1 1 1
1 P_9 278 278 0 0 0 1 1 1
1 P_9 279 279 0 0 0 1 1 1
1 P_9 280 280 0.3571685 0.41578947368421054 0.455155 1 1 1
1 P_9 281 281 0.1648155 0.22549019607843138 0.288829 1 1 1
1 P_9 282 282 0 0 0 1 1 1
1 P_9 283 283 0 0 0 1 1 1
1 P_9 284 284 0 0 0 1 1 1
1 P_9 285 285 0 0 0 1 1 1
1 P_9 286 286 0 0 0 1 1 1
1 P_9 287 287 0 0 0 1 1 1
1 P_9 288 288 0 0 0 1 1 1
1 P_9 289 289 0.3372965 0.4 0.444345 1 1 1
1 P_9 290 290 0.2183325 0.28095238095238095 0.3403005 1 1 1
1 P_9 291 291 0 0 0 1 1 1
1 P_9 292 292 0.194238 0.2545454545454545 0.3143935 1 1 1
1 P_9 293 293 0 0 0 1 1 1
1 P_9 294 294 0 0 0 1 1 1
1 P_9 295 295 0 0 0 1 1 1
1 P_9 296 296 0 0 0 1 1 1
1 P_9 297 297 0.1425125 0.20098039215686275 0.2647765 1 1 1
1 P_9 298 298 0 0 0 1 1 1
1 P_9 299 299 0.04291735 0.08241758241758242 0.142198 1 1 1
1 P_9 300 300 0.223386 0.28865979381443296 0.349523 1 1 1
1 P_9 301 301 0 0 0 1 1 1
1 P_9 302 302 0.397538 0.44711538461538464 0.4757475 1 1 1
1 P_9 303 303 0 0 0 1 1 1
1 P_9 304 304 0 0 0 1 1 1
1 P_9 305 305 0 0 0 1 1 1
1 P_9 306 306 0 0 0 1 1 1
1 P_9 307 307 0.237895 0.2982456140350877 0.353886 1 1 1
1 P_9 308 308 0 0 0 1 1 1
1 P_9 309 309 0 0 0 1 1 1
1 P_9 310 310 0 0 0 1 1 1
1 P_9 311 311 0 0 0 1 1 1
1 P_9 312 312 0 0 0 1 1 1
1 P_9 313 313 0.0291504 0.061224489795918366 0.1145505 1 1 1
1 P_9 314 314 0.0257708 0.05612244897959184 0.10829 1 1 1
1 P_9 315 315 0 0 0 1 1 1
1 P_9 316 316 0 0 0 1 1 1
1 P_9 317 317 0.388725 0.4392523364485981 0.470198 1 1 1
1 P_9 318 318 0 0 0 1 1 1
1 P_9 319 319 0 0 0 1 1 1
1 P_9 320 320 0 0 0 1 1 1
1 P_9 321 321 0 0 0 1 1 1
1 P_9 322 322 0.09228 0.14432989690721648 0.2084285 1 1 1
1 P_9 323 323 0 0 0 1 1 1
1 P_9 324 324 0 0 0 1 1 1
1 P_9 325 325 0 0 0 1 1 1
1 P_9 326 326 0 0 0 1 1 1
1 P_9 327 327 0 0 0 1 1 1
1 P_9 328 328 0 0 0 1 1 1
1 P_9 329 329 0 0 0 1 1 1
1 P_9 330 330 0 0 0 1 1 1
1 P_9 331 331 0 0 0 1 1 1
1 P_9 332 332 0 0 0 1 1 1
1 P_9 333 333 0 0 0 1 1 1
1 P_9 334 334 0 0 0 1 1 1
1 P_9 335 335 0 0 0 1 1 1
1 P_9 336 336 0 0 0 1 1 1
1 P_9 337 337 0 0 0 1 1 1
1 P_9 338 338 0.197637 0.26344086021505375 0.327648 1 1 1
1 P_9 339 339 0 0 0 1 1 1
1 P_9 340 340 0.200928 0.26126126126126126 0.320466 1 1 1
1 P_9 341 341 0 0 0 1 1 1
1 P_9 342 342 0.199547 0.2621359223300971 0.323418 1 1 1
1 P_9 343 343 0 0 0 1 1 1
1 P_9 344 344 0 0 0 1 1 1
1 P_9 345 345 0 0 0 1 1 1
1 P_9 346 346 0.0920295 0.14516129032258066 0.21074 1 1 1
1 P_9 347 347 0 0 0 1 1 1
1 P_9 348 348 0 0 0 1 1 1
1 P_9 349 349 0 0 0 1 1 1
1 P_9 350 350 0 0 0 1 1 1
1 P_9 351 351 0.2381075 0.3068181818181818 0.368413 1 1 1
1 P_9 352 352 0 0 0 1 1 1
1 P_9 353 353 0 0 0 1 1 1
1 P_9 354 354 0 0 0 1 1 1
1 P_9 355 355 0.1114775 0.16363636363636364 0.224521 1 1 1
1 P_9 356 356 0 0 0 1 1 1
1 P_9 357 357 0 0 0 1 1 1
1 P_9 358 358 0 0 0 1 1 1
1 P_9 359 359 0.0403406 0.07456140350877193 0.1258745 1 1 1
1 P_9 360 360 0 0 0 1 1 1
1 P_9 361 361 0.1395345 0.19626168224299065 0.2585665 1 1 1
1 P_9 362 362 0.091531 0.14705882352941177 0.2159075 1 1 1
1 P_9 363 363 0 0 0 1 1 1
1 P_9 364 364 0.0998045 0.15306122448979592 0.217264 1 1 1
1 P_9 365 365 0 0 0 1 1 1
1 P_9 366 366 0.0893025 0.14367816091954022 0.211509 1 1 1
1 P_9 367 367 0 0 0 1 1 1
1 P_9 368 368 0 0 0 1 1 1
1 P_9 369 369 0.35987 0.4175257731958763 0.4561105 1 1 1
1 P_9 370 370 0 0 0 1 1 1
1 P_9 371 371 0 0 0 1 1 1
1 P_9 372 372 0.0434827 0.08018867924528301 0.134645 1 1 1
1 P_9 373 373 0 0 0 1 1 1
1 P_9 374 374 0 0 0 1 1 1
1 P_9 375 375 0 0 0 1 1 1
1 P_9 376 376 0.3732985 0.43010752688172044 0.4655845 1 1 1
1 P_9 377 377 0 0 0 1 1 1
1 P_9 378 378 0 0 0 1 1 1
1 P_9 379 379 0 0 0 1 1 1
1 P_9 380 380 0 0 0 1 1 1
1 P_9 381 381 0 0 0 1 1 1
1 P_9 382 382 0 0 0 1 1 1
1 P_9 383 383 0 0 0 1 1 1
1 P_9 384 384 0 0 0 1 1 1
1 P_9 385 385 0 0 0 1 1 1
1 P_9 386 386 0 0 0 1 1 1
1 P_9 387 387 0 0 0 1 1 1
1 P_9 388 388 0 0 0 1 1 1
1 P_9 389 389 0 0 0 1 1 1
1 P_9 390 390 0 0 0 1 1 1
1 P_9 391 391 0.2057265 0.2708333333333333 0.33354 1 1 1
1 P_9 392 392 0 0 0 1 1 1
1 P_9 393 393 0 0 0 1 1 1
1 P_9 394 394 0.0955285 0.14795918367346939 0.2119115 1 1 1
1 P_9 395 395 0.0951795 0.1511627906976744 0.2197945 1 1 1
1 P_9 396 396 0 0 0 1 1 1
1 P_9 397 397 0 0 0 1 1 1
1 P_9 398 398 0 0 0 1 1 1
1 P_9 399 399 0.5 0.5 0.5 1 1 1
1 P_9 400 400 0 0 0 1 1 1
1 P_9 401 401 0 0 0 1 1 1
1 P_9 402 402 0 0 0 1 1 1
1 P_9 403 403 0.04912435 0.09195402298850575 0.154758 1 1 1
1 P_9 404 404 0 0 0 1 1 1
1 P_9 405 405 0 0 0 1 1 1
1 P_9 406 406 0 0 0 1 1 1
1 P_9 407 407 0 0 0 1 1 1
1 P_9 408 408 0 0 0 1 1 1
1 P_9 409 409 0 0 0 1 1 1
1 P_9 410 410 0 0 0 1 1 1
1 P_9 411 411 0 0 0 1 1 1
1 P_9 412 412 0 0 0 1 1 1
1 P_9 413 413 0.1043225 0.1595744680851064 0.2254545 1 1 1
1 P_9 414 414 0 0 0 1 1 1
1 P_9 415 415 0 0 0 1 1 1
1 P_9 416 416 0 0 0 1 1 1
1 P_9 417 417 0 0 0 1 1 1
1 P_9 418 418 0 0 0 1 1 1
1 P_9 419 419 0 0 0 1 1 1
1 P_9 420 420 0 0 0 1 1 1
1 P_9 421 421 0 0 0 1 1 1
1 P_9 422 422 0.171977 0.23148148148148148 0.292891 1 1 1
1 P_9 423 423 0 0 0 1 1 1
1 P_9 424 424 0 0 0 1 1 1
1 P_9 425 425 0.1773525 0.23809523809523808 0.3000965 1 1 1
1 P_9 426 426 0 0 0 1 1 1
1 P_9 427 427 0.3885345 0.4438202247191011 0.475193 1 1 1
1 P_9 428 428 0.1026135 0.15217391304347827 0.2112025 1 1 1
1 P_9 429 429 0.204478 0.26666666666666666 0.3270935 1 1 1
1 P_9 430 430 0 0 0 1 1 1
1 P_9 431 431 0 0 0 1 1 1
1 P_9 432 432 0 0 0 1 1 1
1 P_9 433 433 0 0 0 1 1 1
1 P_9 434 434 0.1620355 0.22277227722772278 0.286497 1 1 1
1 P_9 435 435 0.0918545 0.14150943396226415 0.2025225 1 1 1
1 P_9 436 436 0 0 0 1 1 1
1 P_9 437 437 0 0 0 1 1 1
1 P_9 438 438 0 0 0 1 1 1
1 P_9 439 439 0 0 0 1 1 1
1 P_9 440 440 0 0 0 1 1 1
2 P_6 0 0 0 0 0 1 1 1
2 P_6 1 1 0.226192 0.2925531914893617 0.3539115 1 1 1
2 P_6 2 2 0 0 0 1 1 1
2 P_6 3 3 0.0378426 0.07142857142857142 0.1227085 1 1 1
2 P_6 4 4 0 0 0 1 1 1
2 P_6 5 5 0.03331055 0.06770833333333333 0.1230475 1 1 1
2 P_6 6 6 0 0 0 1 1 1
2 P_6 7 7 0 0 0 1 1 1
2 P_6 8 8 0 0 0 1 1 1
2 P_6 9 9 0 0 0 1 1 1
2 P_6 10 10 0.0631785 0.10550458715596331 0.1625465 1 1 1
2 P_6 11 11 0.0846315 0.13793103448275862 0.2054115 1 1 1
2 P_6 12 12 0 0 0 1 1 1
2 P_6 13 13 0.269424 0.3392857142857143 0.3974605 1 1 1
2 P_6 14 14 0.0333336 0.06976744186046512 0.129204 1 1 1
2 P_6 15 15 0 0 0 1 1 1
2 P_6 16 16 0.0883245 0.13445378151260504 0.1914005 1 1 1
2 P_6 17 17 0 0 0 1 1 1
2 P_6 18 18 0.0585025 0.10326086956521739 0.1656065 1 1 1
2 P_6 19 19 0 0 0 1 1 1
2 P_6 20 20 0.240548 0.305 0.363359 1 1 1
2 P_6 21 21 0.232935 0.297029702970297 0.3559635 1 1 1
2 P_6 22 22 0.234649 0.3021978021978022 0.3634155 1 1 1
2 P_6 23 23 0.1408965 0.19724770642201836 0.2589775 1 1 1
2 P_6 24 24 0.260299 0.32242990654205606 0.3770435 1 1 1
2 P_6 25 25 0 0 0 1 1 1
2 P_6 26 26 0 0 0 1 1 1
2 P_6 27 27 0 0 0 1 1 1
2 P_6 28 28 0.0314528 0.06593406593406594 0.122668 1 1 1
2 P_6 29 29 0 0 0 1 1 1
2 P_6 30 30 0 0 0 1 1 1
2 P_6 31 31 0 0 0 1 1 1
2 P_6 32 32 0 0 0 1 1 1
2 P_6 33 33 0.296151 0.35585585585585583 0.4049605 1 1 1
2 P_6 34 34 0 0 0 1 1 1
2 P_6 35 35 0.03975625 0.07653061224489796 0.1328535 1 1 1
2 P_6 36 36 0.2491345 0.30973451327433627 0.364453 1 1 1
2 P_6 37 37 0.2207205 0.28431372549019607 0.344177 1 1 1
2 P_6 38 38 0 0 0 1 1 1
2 P_6 39 39 0 0 0 1 1 1
2 P_6 40 40 0 0 0 1 1 1
2 P_6 41 41 0 0 0 1 1 1
2 P_6 42 42 0 0 0 1 1 1
2 P_6 43 43 0 0 0 1 1 1
2 P_6 44 44 0 0 0 1 1 1
2 P_6 45 45 0 0 0 1 1 1
2 P_6 46 46 0.0199169 0.04736842105263158 0.0982855 1 1 1
2 P_6 47 47 0.03334875 0.0660377358490566 0.117941 1 1 1
2 P_6 48 48 0 0 0 1 1 1
2 P_6 49 49 0 0 0 1 1 1
2 P_6 50 50 0.2367205 0.30319148936170215 0.363409 1 1 1
2 P_6 51 51 0 0 0 1 1 1
2 P_6 52 52 0.252086 0.3155339805825243 0.371926 1 1 1
2 P_6 53 53 0.03893695 0.075 0.130404 1 1 1
2 P_6 54 54 0.2542335 0.31958762886597936 0.3770045 1 1 1
2 P_6 55 55 0 0 0 1 1 1
2 P_6 56 56 0.02945995 0.06395348837209303 0.122181 1 1 1
2 P_6 57 57 0.0393423 0.07575757575757576 0.1316175 1 1 1
2 P_6 58 58 0 0 0 1 1 1
2 P_6 59 59 0.02180155 0.04950495049504951 0.099111 1 1 1
2 P_6 60 60 0 0 0 1 1 1
2 P_6 61 61 0.2301375 0.2932692307692308 0.351785 1 1 1
2 P_6 62 62 0 0 0 1 1 1
2 P_6 63 63 0.2607425 0.325 0.38095 1 1 1
2 P_6 64 64 0.113381 0.1702127659574468 0.236423 1 1 1
2 P_6 65 65 0.1108615 0.16666666666666666 0.232071 1 1 1
2 P_6 66 66 0 0 0 1 1 1
2 P_6 67 67 0 0 0 1 1 1
2 P_6 68 68 0 0 0 1 1 1
2 P_6 69 69 0 0 0 1 1 1
2 P_6 70 70 0 0 0 1 1 1
2 P_6 71 71 0.0557085 0.0970873786407767 0.154908 1 1 1
2 P_6 72 72 0 0 0 1 1 1
2 P_6 73 73 0.1147175 0.1744186046511628 0.2437945 1 1 1
2 P_6 74 74 0.3105575 0.36936936936936937 0.4162295 1 1 1
2 P_6 75 75 0 0 0 1 1 1
2 P_6 76 76 0.02749205 0.059782608695652176 0.1148185 1 1 1
2 P_6 77 77 0 0 0 1 1 1
2 P_6 78 78 0 0 0 1 1 1
2 P_6 79 79 0.272127 0.336734693877551 0.3915475 1 1 1
2 P_6 80 80 0.04905915 0.0871559633027523 0.141828 1 1 1
2 P_6 81 81 0 0 0 1 1 1
2 P_6 82 82 0 0 0 1 1 1
2 P_6 83 83 0 0 0 1 1 1
2 P_6 84 84 0.097755 0.14903846153846154 0.2110885 1 1 1
2 P_6 85 85 0.0448067 0.07983193277310924 0.130767 1 1 1
2 P_6 86 86 0.261106 0.3238095238095238 0.3787125 1 1 1
2 P_6 87 87 0.03597205 0.06944444444444445 0.121443 1 1 1
2 P_6 88 88 0.0550185 0.0989010989010989 0.1610815 1 1 1
2 P_6 89 89 0.2575545 0.3194444444444444 0.3741915 1 1 1
2 P_6 90 90 0.213078 0.2802197802197802 0.343696 1 1 1
2 P_6 91 91 0 0 0 1 1 1
2 P_6 92 92 0 0 0 1 1 1
2 P_6 93 93 0.2490555 0.3073770491803279 0.3604525 1 1 1
2 P_6 94 94 0.270787 0.33181818181818185 0.384582 1 1 1
2 P_6 95 95 0.2350625 0.30337078651685395 0.365067 1 1 1
2 P_6 96 96 0 0 0 1 1 1
2 P_6 97 97 0.0281833 0.05752212389380531 0.105753 1 1 1
2 P_6 98 98 0.0920295 0.14516129032258066 0.21074 1 1 1
2 P_6 99 99 0.0670215 0.11165048543689321 0.1711615 1 1 1
2 P_6 100 100 0.2607425 0.325 0.38095 1 1 1
2 P_6 101 101 0.1286855 0.1881720430107527 0.2550025 1 1 1
2 P_6 102 102 0.03261245 0.0663265306122449 0.120726 1 1 1
2 P_6 103 103 0 0 0 1 1 1
2 P_6 104 104 0 0 0 1 1 1
2 P_6 105 105 0 0 0 1 1 1
2 P_6 106 106 0 0 0 1 1 1
2 P_6 107 107 0 0 0 1 1 1
2 P_6 108 108 0 0 0 1 1 1
2 P_6 109 109 0.135185 0.19306930693069307 0.2572005 1 1 1
2 P_6 110 110 0 0 0 1 1 1
2 P_6 111 111 0.0248072 0.056179775280898875 0.1114655 1 1 1
2 P_6 112 112 0 0 0 1 1 1
2 P_6 113 113 0.2877395 0.34375 0.3915805 1 1 1
2 P_6 114 114 0 0 0 1 1 1
2 P_6 115 115 0 0 0 1 1 1
2 P_6 116 116 0 0 0 1 1 1
2 P_6 117 117 0 0 0 1 1 1
2 P_6 118 118 0 0 0 1 1 1
2 P_6 119 119 0 0 0 1 1 1
2 P_6 120 120 0.003146155 0.014018691588785047 0.0489785 1 1 1
2 P_6 121 121 0.2399065 0.3 0.3552525 1 1 1
2 P_6 122 122 0 0 0 1 1 1
2 P_6 123 123 0.2766495 0.34210526315789475 0.396845 1 1 1
2 P_6 124 124 0 0 0 1 1 1
2 P_6 125 125 0.04004945 0.07547169811320754 0.129133 1 1 1
2 P_6 126 126 0.1267545 0.18269230769230768 0.2458095 1 1 1
2 P_6 127 127 0.04105205 0.07894736842105263 0.1367045 1 1 1
2 P_6 128 128 0.0271984 0.05555555555555555 0.1023655 1 1 1
2 P_6 129 129 0 0 0 1 1 1
2 P_6 130 130 0.03302885 0.06542056074766354 0.116917 1 1 1
2 P_6 131 131 0.2183445 0.2803738317757009 0.3392505 1 1 1
2 P_6 132 132 0 0 0 1 1 1
2 P_6 133 133 0 0 0 1 1 1
2 P_6 134 134 0.276945 0.33980582524271846 0.392999 1 1 1
2 P_6 135 135 0 0 0 1 1 1
2 P_6 136 136 0 0 0 1 1 1
2 P_6 137 137 0 0 0 1 1 1
2 P_6 138 138 0.266854 0.3333333333333333 0.389916 1 1 1
2 P_6 139 139 0.0336749 0.06666666666666667 0.118983 1 1 1
2 P_6 140 140 0 0 0 1 1 1
2 P_6 141 141 0.02977305 0.0625 0.1167585 1 1 1
2 P_6 142 142 0.245628 0.3131868131868132 0.3730825 1 1 1
2 P_6 143 143 0 0 0 1 1 1
2 P_6 144 144 0.213323 0.27835051546391754 0.3401435 1 1 1
2 P_6 145 145 0.2248095 0.2962962962962963 0.361507 1 1 1
2 P_6 146 146 0 0 0 1 1 1
2 P_6 147 147 0.01767175 0.0472972972972973 0.1066815 1 1 1
2 P_6 148 148 0.2359275 0.3010204081632653 0.36035 1 1 1
2 P_6 149 149 0 0 0 1 1 1
2 P_6 150 150 0 0 0 1 1 1
2 P_6 151 151 0.225531 0.28921568627450983 0.348638 1 1 1
2 P_6 152 152 0.06658 0.11224489795918367 0.173454 1 1 1
2 P_6 153 153 0.0337371 0.07058823529411765 0.1305955 1 1 1
2 P_6 154 154 0.2577885 0.3217821782178218 0.3779 1 1 1
2 P_6 155 155 0 0 0 1 1 1
2 P_6 156 156 0 0 0 1 1 1
2 P_6 157 157 0 0 0 1 1 1
2 P_6 158 158 0.2480425 0.31521739130434784 0.3745655 1 1 1
2 P_6 159 159 0.249509 0.3181818181818182 0.3783165 1 1 1
2 P_6 160 160 0.2496985 0.3157894736842105 0.3742245 1 1 1
2 P_6 161 161 0.2586105 0.32323232323232326 0.3796635 1 1 1
2 P_6 162 162 0 0 0 1 1 1
2 P_6 163 163 0.03400745 0.0673076923076923 0.120044 1 1 1
2 P_6 164 164 0 0 0 1 1 1
2 P_6 165 165 0 0 0 1 1 1
2 P_6 166 166 0.0582615 0.1 0.157573 1 1 1
2 P_6 167 167 0.215934 0.27941176470588236 0.3396925 1 1 1
2 P_6 168 168 0 0 0 1 1 1
2 P_6 169 169 0 0 0 1 1 1
2 P_6 170 170 0 0 0 1 1 1
2 P_6 171 171 0 0 0 1 1 1
2 P_6 172 172 0 0 0 1 1 1
2 P_6 173 173 0.0605985 0.10526315789473684 0.166751 1 1 1
2 P_6 174 174 0 0 0 1 1 1
2 P_6 175 175 0.025244 0.055 0.1062755 1 1 1
2 P_6 176 176 0.2473695 0.31382978723404253 0.3727865 1 1 1
2 P_6 177 177 0 0 0 1 1 1
2 P_6 178 178 0 0 0 1 1 1
2 P_6 179 179 0.220828 0.2857142857142857 0.346566 1 1 1
2 P_6 180 180 0 0 0 1 1 1
2 P_6 181 181 0.02104525 0.05 0.1033505 1 1 1
2 P_6 182 182 0 0 0 1 1 1
2 P_6 183 183 0.2623495 0.32967032967032966 0.38733 1 1 1
2 P_6 184 184 0 0 0 1 1 1
2 P_6 185 185 0.04651265 0.08411214953271028 0.1388985 1 1 1
2 P_6 186 186 0 0 0 1 1 1
2 P_6 187 187 0 0 0 1 1 1
2 P_6 188 188 0 0 0 1 1 1
2 P_6 189 189 0 0 0 1 1 1
2 P_6 190 190 0.0155794 0.0392156862745098 0.085627 1 1 1
2 P_6 191 191 0.2541905 0.3173076923076923 0.3732455 1 1 1
2 P_6 192 192 0.283604 0.34946236559139787 0.403511 1 1 1
2 P_6 193 193 0 0 0 1 1 1
2 P_6 194 194 0.0225804 0.05357142857142857 0.110161 1 1 1
2 P_6 195 195 0.0606645 0.10396039603960396 0.1632615 1 1 1
2 P_6 196 196 0 0 0 1 1 1
2 P_6 197 197 0.282439 0.3505747126436782 0.4059815 1 1 1
2 P_6 198 198 0 0 0 1 1 1
2 P_6 199 199 0 0 0 1 1 1
2 P_6 200 200 0 0 0 1 1 1
2 P_6 201 201 0.141325 0.20212765957446807 0.2685585 1 1 1
2 P_6 202 202 0.2314415 0.2978723404255319 0.358675 1 1 1
2 P_6 203 203 0 0 0 1 1 1
2 P_6 204 204 0 0 0 1 1 1
2 P_6 205 205 0 0 0 1 1 1
2 P_6 206 206 0 0 0 1 1 1
2 P_6 207 207 0 0 0 1 1 1
2 P_6 208 208 0.26164 0.32653061224489793 0.3827775 1 1 1
2 P_6 209 209 0 0 0 1 1 1
2 P_6 210 210 0.245617 0.3073394495412844 0.363216 1 1 1
2 P_6 211 211 0 0 0 1 1 1
2 P_6 212 212 0 0 0 1 1 1
2 P_6 213 213 0 0 0 1 1 1
2 P_6 214 214 0 0 0 1 1 1
2 P_6 215 215 0 0 0 1 1 1
2 P_6 216 216 0.1954835 0.26506024096385544 0.3326425 1 1 1
2 P_6 217 217 0 0 0 1 1 1
2 P_6 218 218 0 0 0 1 1 1
2 P_6 219 219 0 0 0 1 1 1
2 P_6 220 220 0 0 0 1 1 1
2 P_6 221 221 0.09637 0.15294117647058825 0.222073 1 1 1
2 P_6 222 222 0 0 0 1 1 1
2 P_6 223 223 0.1381695 0.19369369369369369 0.2548585 1 1 1
2 P_6 224 224 0 0 0 1 1 1
2 P_6 225 225 0.288491 0.3563218390804598 0.4106975 1 1 1
2 P_6 226 226 0.0279801 0.058823529411764705 0.110375 1 1 1
2 P_6 227 227 0 0 0 1 1 1
2 P_6 228 228 0.02424995 0.054945054945054944 0.1091975 1 1 1
2 P_6 229 229 0.251271 0.3163265306122449 0.373891 1 1 1
2 P_6 230 230 0.0127589 0.03431372549019608 0.079149 1 1 1
2 P_6 231 231 0.02345955 0.05319148936170213 0.105963 1 1 1
2 P_6 232 232 0.226192 0.2925531914893617 0.3539115 1 1 1
2 P_6 233 233 0 0 0 1 1 1
2 P_6 234 234 0.138178 0.1989247311827957 0.265738 1 1 1
2 P_6 235 235 0 0 0 1 1 1
2 P_6 236 236 0.1382015 0.19298245614035087 0.2533305 1 1 1
2 P_6 237 237 0 0 0 1 1 1
2 P_6 238 238 0.0287734 0.0625 0.1196245 1 1 1
2 P_6 239 239 0 0 0 1 1 1
2 P_6 240 240 0 0 0 1 1 1
2 P_6 241 241 0 0 0 1 1 1
2 P_6 242 242 0 0 0 1 1 1
2 P_6 243 243 0.2059645 0.27040816326530615 0.3325465 1 1 1
2 P_6 244 244 0 0 0 1 1 1
2 P_6 245 245 0.2711945 0.3368421052631579 0.3923855 1 1 1
2 P_6 246 246 0.096882 0.14678899082568808 0.207215 1 1 1
2 P_6 247 247 0.285926 0.3448275862068966 0.394628 1 1 1
2 P_6 248 248 0.2481905 0.3101851851851852 0.365989 1 1 1
2 P_6 249 249 0.0259007 0.05454545454545454 0.1028725 1 1 1
2 P_6 250 250 0.25351 0.3160377358490566 0.371649 1 1 1
2 P_6 251 251 0.0785825 0.12389380530973451 0.181614 1 1 1
2 P_6 252 252 0 0 0 1 1 1
2 P_6 253 253 0 0 0 1 1 1
2 P_6 254 254 0 0 0 1 1 1
2 P_6 255 255 0 0 0 1 1 1
2 P_6 256 256 0.02606005 0.05327868852459016 0.0984235 1 1 1
2 P_6 257 257 0.247153 0.3080357142857143 0.3631545 1 1 1
2 P_6 258 258 0.2788585 0.34134615384615385 0.3940915 1 1 1
2 P_6 259 259 0 0 0 1 1 1
2 P_6 260 260 0 0 0 1 1 1
2 P_6 261 261 0 0 0 1 1 1
2 P_6 262 262 0 0 0 1 1 1
2 P_6 263 263 0.2575545 0.3194444444444444 0.3741915 1 1 1
2 P_6 264 264 0 0 0 1 1 1
2 P_6 265 265 0 0 0 1 1 1
2 P_6 266 266 0.02884875 0.06060606060606061 0.1134775 1 1 1
2 P_6 267 267 0.2297235 0.2916666666666667 0.3493235 1 1 1
2 P_6 268 268 0.2867745 0.3539325842696629 0.4082205 1 1 1
2 P_6 269 269 0 0 0 1 1 1
2 P_6 270 270 0 0 0 1 1 1
2 P_6 271 271 0.0212864 0.05056179775280899 0.104427 1 1 1
2 P_6 272 272 0 0 0 1 1 1
2 P_6 273 273 0 0 0 1 1 1
2 P_6 274 274 0 0 0 1 1 1
2 P_6 275 275 0 0 0 1 1 1
2 P_6 276 276 0.2587915 0.31981981981981983 0.373854 1 1 1
2 P_6 277 277 0 0 0 1 1 1
2 P_6 278 278 0.2793285 0.3375 0.3875435 1 1 1
2 P_6 279 279 0 0 0 1 1 1
2 P_6 280 280 0.1039365 0.1568627450980392 0.219909 1 1 1
2 P_6 281 281 0 0 0 1 1 1
2 P_6 282 282 0.25626 0.319047619047619 0.3745375 1 1 1
2 P_6 283 283 0 0 0 1 1 1
2 P_6 284 284 0.0223686 0.047244094488188976 0.089882 1 1 1
2 P_6 285 285 0 0 0 1 1 1
2 P_6 286 286 0.0355571 0.06722689075630252 0.1159745 1 1 1
2 P_6 287 287 0 0 0 1 1 1
2 P_6 288 288 0.28713 0.34649122807017546 0.396434 1 1 1
2 P_6 289 289 0.170293 0.22807017543859648 0.287989 1 1 1
2 P_6 290 290 0 0 0 1 1 1
2 P_6 291 291 0 0 0 1 1 1
2 P_6 292 292 0 0 0 1 1 1
2 P_6 293 293 0 0 0 1 1 1
2 P_6 294 294 0 0 0 1 1 1
2 P_6 295 295 0 0 0 1 1 1
2 P_6 296 296 0 0 0 1 1 1
2 P_6 297 297 0.01748045 0.041666666666666664 0.087172 1 1 1
2 P_6 298 298 0.262838 0.32673267326732675 0.382209 1 1 1
2 P_6 299 299 0 0 0 1 1 1
2 P_6 300 300 0 0 0 1 1 1
2 P_6 301 301 0.0176465 0.04205607476635514 0.087937 1 1 1
2 P_6 302 302 0.1272135 0.18617021276595744 0.2526305 1 1 1
2 P_6 303 303 0 0 0 1 1 1
2 P_6 304 304 0 0 0 1 1 1
2 P_6 305 305 0.0178157 0.04245283018867924 0.0887155 1 1 1
2 P_6 306 306 0 0 0 1 1 1
2 P_6 307 307 0 0 0 1 1 1
2 P_6 308 308 0 0 0 1 1 1
2 P_6 309 309 0.0435745 0.08783783783783784 0.1560005 1 1 1
2 P_6 310 310 0.0160588 0.04040404040404041 0.088057 1 1 1
2 P_6 311 311 0 0 0 1 1 1
2 P_6 312 312 0 0 0 1 1 1
2 P_6 313 313 0 0 0 1 1 1
2 P_6 314 314 0 0 0 1 1 1
2 P_6 315 315 0 0 0 1 1 1
2 P_6 316 316 0 0 0 1 1 1
2 P_6 317 317 0.1153815 0.17415730337078653 0.242328 1 1 1
2 P_6 318 318 0.01927235 0.043859649122807015 0.0884795 1 1 1
2 P_6 319 319 0 0 0 1 1 1
2 P_6 320 320 0.02614355 0.05504587155963303 0.103754 1 1 1
2 P_6 321 321 0.0393423 0.07575757575757576 0.1316175 1 1 1
2 P_6 322 322 0 0 0 1 1 1
2 P_6 323 323 0.234596 0.2971698113207547 0.354803 1 1 1
2 P_6 324 324 0 0 0 1 1 1
2 P_6 325 325 0.03815295 0.07526881720430108 0.133087 1 1 1
2 P_6 326 326 0.01498305 0.03773584905660377 0.0825875 1 1 1
2 P_6 327 327 0 0 0 1 1 1
2 P_6 328 328 0 0 0 1 1 1
2 P_6 329 329 0 0 0 1 1 1
2 P_6 330 330 0 0 0 1 1 1
2 P_6 331 331 0 0 0 1 1 1
2 P_6 332 332 0.2321335 0.29439252336448596 0.3520435 1 1 1
2 P_6 333 333 0 0 0 1 1 1
2 P_6 334 334 0 0 0 1 1 1
2 P_6 335 335 0 0 0 1 1 1
2 P_6 336 336 0 0 0 1 1 1
2 P_6 337 337 0 0 0 1 1 1
2 P_6 338 338 0 0 0 1 1 1
2 P_6 339 339 0 0 0 1 1 1
2 P_6 340 340 0.0525515 0.09313725490196079 0.1507465 1 1 1
2 P_6 341 341 0.0412524 0.07766990291262135 0.132603 1 1 1
2 P_6 342 342 0.040179 0.07731958762886598 0.134113 1 1 1
2 P_6 343 343 0 0 0 1 1 1
2 P_6 344 344 0 0 0 1 1 1
2 P_6 345 345 0.02977305 0.0625 0.1167585 1 1 1
2 P_6 346 346 0 0 0 1 1 1
2 P_6 347 347 0 0 0 1 1 1
2 P_6 348 348 0.2603835 0.3263157894736842 0.383368 1 1 1
2 P_6 349 349 0 0 0 1 1 1
2 P_6 350 350 0.0314528 0.06593406593406594 0.122668 1 1 1
2 P_6 351 351 0 0 0 1 1 1
2 P_6 352 352 0 0 0 1 1 1
2 P_6 353 353 0.0309509 0.06140350877192982 0.110216 1 1 1
2 P_6 354 354 0.0176465 0.04205607476635514 0.087937 1 1 1
2 P_6 355 355 0.1021525 0.15760869565217392 0.22415 1 1 1
2 P_6 356 356 0 0 0 1 1 1
2 P_6 357 357 0.2253965 0.28846153846153844 0.347423 1 1 1
2 P_6 358 358 0 0 0 1 1 1
2 P_6 359 359 0 0 0 1 1 1
2 P_6 360 360 0 0 0 1 1 1
2 P_6 361 361 0.0643335 0.1130952380952381 0.179761 1 1 1
2 P_6 362 362 0 0 0 1 1 1
2 P_6 363 363 0.03400745 0.0673076923076923 0.120044 1 1 1
2 P_6 364 364 0 0 0 1 1 1
2 P_6 365 365 0.283871 0.34615384615384615 0.3981825 1 1 1
2 P_6 366 366 0.06658 0.11224489795918367 0.173454 1 1 1
2 P_6 367 367 0 0 0 1 1 1
2 P_6 368 368 0.0427928 0.07758620689655173 0.1289 1 1 1
2 P_6 369 369 0.156464 0.21495327102803738 0.2770805 1 1 1
2 P_6 370 370 0 0 0 1 1 1
2 P_6 371 371 0 0 0 1 1 1
2 P_6 372 372 0 0 0 1 1 1
2 P_6 373 373 0.3025095 0.3623853211009174 0.4108085 1 1 1
2 P_6 374 374 0 0 0 1 1 1
2 P_6 375 375 0.2741705 0.3383838383838384 0.392713 1 1 1
2 P_6 376 376 0.089358 0.14 0.202822 1 1 1
2 P_6 377 377 0.296483 0.36585365853658536 0.4197135 1 1 1
2 P_6 378 378 0.2405185 0.29838709677419356 0.351901 1 1 1
2 P_6 379 379 0.24664 0.30952380952380953 0.366116 1 1 1
2 P_6 380 380 0.0266432 0.056074766355140186 0.1055635 1 1 1
2 P_6 381 381 0.253536 0.32065217391304346 0.37929 1 1 1
2 P_6 382 382 0 0 0 1 1 1
2 P_6 383 383 0 0 0 1 1 1
2 P_6 384 384 0 0 0 1 1 1
2 P_6 385 385 0 0 0 1 1 1
2 P_6 386 386 0.2236485 0.2903225806451613 0.3522065 1 1 1
2 P_6 387 387 0 0 0 1 1 1
2 P_6 388 388 0 0 0 1 1 1
2 P_6 389 389 0 0 0 1 1 1
2 P_6 390 390 0 0 0 1 1 1
2 P_6 391 391 0.02826375 0.0594059405940594 0.11139 1 1 1
2 P_6 392 392 0 0 0 1 1 1
2 P_6 393 393 0.2358525 0.29646017699115046 0.352493 1 1 1
2 P_6 394 394 0 0 0 1 1 1
2 P_6 395 395 0.0727915 0.12222222222222222 0.1873015 1 1 1
2 P_6 396 396 0 0 0 1 1 1
2 P_6 397 397 0 0 0 1 1 1
2 P_6 398 398 0 0 0 1 1 1
2 P_6 399 399 0.5 0.5 0.5 1 1 1
2 P_6 400 400 0 0 0 1 1 1
2 P_6 401 401 0.3154135 0.3738738738738739 0.4199325 1 1 1
2 P_6 402 402 0 0 0 1 1 1
2 P_6 403 403 0 0 0 1 1 1
2 P_6 404 404 0.2659085 0.3228346456692913 0.3733565 1 1 1
2 P_6 405 405 0.2670085 0.3287037037037037 0.382304 1 1 1
2 P_6 406 406 0 0 0 1 1 1
2 P_6 407 407 0 0 0 1 1 1
2 P_6 408 408 0.2207205 0.28431372549019607 0.344177 1 1 1
2 P_6 409 409 0 0 0 1 1 1
2 P_6 410 410 0.288097 0.35714285714285715 0.412168 1 1 1
2 P_6 411 411 0 0 0 1 1 1
2 P_6 412 412 0 0 0 1 1 1
2 P_6 413 413 0.0952835 0.15 0.2169685 1 1 1
2 P_6 414 414 0.286314 0.3546511627906977 0.409597 1 1 1
2 P_6 415 415 0 0 0 1 1 1
2 P_6 416 416 0 0 0 1 1 1
2 P_6 417 417 0 0 0 1 1 1
2 P_6 418 418 0.0504085 0.09090909090909091 0.1491755 1 1 1
2 P_6 419 419 0 0 0 1 1 1
2 P_6 420 420 0 0 0 1 1 1
2 P_6 421 421 0 0 0 1 1 1
2 P_6 422 422 0 0 0 1 1 1
2 P_6 423 423 0 0 0 1 1 1
2 P_6 424 424 0.0249886 0.054455445544554455 0.1052955 1 1 1
2 P_6 425 425 0 0 0 1 1 1
2 P_6 426 426 0.01700055 0.04054054054054054 0.084954 1 1 1
2 P_6 427 427 0.1081165 0.16176470588235295 0.2250015 1 1 1
2 P_6 428 428 0 0 0 1 1 1
2 P_6 429 429 0.03110185 0.06521739130434782 0.121439 1 1 1
2 P_6 430 430 0.01656865 0.041666666666666664 0.090629 1 1 1
2 P_6 431 431 0.273228 0.3433734939759036 0.4011575 1 1 1
2 P_6 432 432 0.287306 0.344 0.3923015 1 1 1
2 P_6 433 433 0 0 0 1 1 1
2 P_6 434 434 0 0 0 1 1 1
2 P_6 435 435 0 0 0 1 1 1
2 P_6 436 436 0 0 0 1 1 1
2 P_6 437 437 0 0 0 1 1 1
2 P_6 438 438 0.1877045 0.25 0.3122955 1 1 1
2 P_6 439 439 0 0 0 1 1 1
2 P_6 440 440 0.03068345 0.0625 0.114257 1 1 1
3 P_3 0 0 0 0 0 1 1 1
3 P_3 1 1 0 0 0 1 1 1
3 P_3 2 2 0 0 0 1 1 1
3 P_3 3 3 0 0 0 1 1 1
3 P_3 4 4 0 0 0 1 1 1
3 P_3 5 5 0 0 0 1 1 1
3 P_3 6 6 0.0346529 0.06696428571428571 0.1174075 1 1 1
3 P_3 7 7 0.0653855 0.11170212765957446 0.1742605 1 1 1
3 P_3 8 8 0 0 0 1 1 1
3 P_3 9 9 0.0495293 0.08796296296296297 0.1430375 1 1 1
3 P_3 10 10 0.1589125 0.2111111111111111 0.266533 1 1 1
3 P_3 11 11 0.203932 0.26732673267326734 0.32882 1 1 1
3 P_3 12 12 0 0 0 1 1 1
3 P_3 13 13 0 0 0 1 1 1
3 P_3 14 14 0 0 0 1 1 1
3 P_3 15 15 0 0 0 1 1 1
3 P_3 16 16 0.1693835 0.22897196261682243 0.290743 1 1 1
3 P_3 17 17 0 0 0 1 1 1
3 P_3 18 18 0 0 0 1 1 1
3 P_3 19 19 0.1897535 0.2524752475247525 0.3149255 1 1 1
3 P_3 20 20 0 0 0 1 1 1
3 P_3 21 21 0 0 0 1 1 1
3 P_3 22 22 0 0 0 1 1 1
3 P_3 23 23 0.5 0.5 0.5 1 1 1
3 P_3 24 24 0 0 0 1 1 1
3 P_3 25 25 0 0 0 1 1 1
3 P_3 26 26 0 0 0 1 1 1
3 P_3 27 27 0.2276785 0.2904761904761905 0.3489955 1 1 1
3 P_3 28 28 0 0 0 1 1 1
3 P_3 29 29 0 0 0 1 1 1
3 P_3 30 30 0 0 0 1 1 1
3 P_3 31 31 0 0 0 1 1 1
3 P_3 32 32 0 0 0 1 1 1
3 P_3 33 33 0 0 0 1 1 1
3 P_3 34 34 0 0 0 1 1 1
3 P_3 35 35 0.207329 0.2681818181818182 0.327197 1 1 1
3 P_3 36 36 0 0 0 1 1 1
3 P_3 37 37 0 0 0 1 1 1
3 P_3 38 38 0 0 0 1 1 1
3 P_3 39 39 0.061956 0.10476190476190476 0.1629015 1 1 1
3 P_3 40 40 0 0 0 1 1 1
3 P_3 41 41 0.1831755 0.25 0.3168245 1 1 1
3 P_3 42 42 0 0 0 1 1 1
3 P_3 43 43 0 0 0 1 1 1
3 P_3 44 44 0 0 0 1 1 1
3 P_3 45 45 0 0 0 1 1 1
3 P_3 46 46 0.2321335 0.29439252336448596 0.3520435 1 1 1
3 P_3 47 47 0 0 0 1 1 1
3 P_3 48 48 0 0 0 1 1 1
3 P_3 49 49 0 0 0 1 1 1
3 P_3 50 50 0 0 0 1 1 1
3 P_3 51 51 0 0 0 1 1 1
3 P_3 52 52 0 0 0 1 1 1
3 P_3 53 53 0 0 0 1 1 1
3 P_3 54 54 0 0 0 1 1 1
3 P_3 55 55 0 0 0 1 1 1
3 P_3 56 56 0 0 0 1 1 1
3 P_3 57 57 0.2273645 0.2889908256880734 0.3466415 1 1 1
3 P_3 58 58 0 0 0 1 1 1
3 P_3 59 59 0 0 0 1 1 1
3 P_3 60 60 0 0 0 1 1 1
3 P_3 61 61 0 0 0 1 1 1
3 P_3 62 62 0.058177 0.09745762711864407 0.1511255 1 1 1
3 P_3 63 63 0 0 0 1 1 1
3 P_3 64 64 0.5 0.5 0.5 1 1 1
3 P_3 65 65 0.5 0.5 0.5 1 1 1
3 P_3 66 66 0 0 0 1 1 1
3 P_3 67 67 0.1267545 0.18269230769230768 0.2458095 1 1 1
3 P_3 68 68 0 0 0 1 1 1
3 P_3 69 69 0.0313006 0.06372549019607843 0.1163355 1 1 1
3 P_3 70 70 0 0 0 1 1 1
3 P_3 71 71 0.1899125 0.25 0.3100875 1 1 1
3 P_3 72 72 0 0 0 1 1 1
3 P_3 73 73 0.175523 0.2358490566037736 0.2976575 1 1 1
3 P_3 74 74 0 0 0 1 1 1
3 P_3 75 75 0.099844 0.15425531914893617 0.219919 1 1 1
3 P_3 76 76 0 0 0 1 1 1
3 P_3 77 77 0 0 0 1 1 1
3 P_3 78 78 0.1147175 0.1744186046511628 0.2437945 1 1 1
3 P_3 79 79 0 0 0 1 1 1
3 P_3 80 80 0.1974255 0.25961538461538464 0.320779 1 1 1
3 P_3 81 81 0 0 0 1 1 1
3 P_3 82 82 0.1794755 0.24456521739130435 0.3103075 1 1 1
3 P_3 83 83 0 0 0 1 1 1
3 P_3 84 84 0.5 0.5 0.5 1 1 1
3 P_3 85 85 0.1575285 0.22043010752688172 0.2868445 1 1 1
3 P_3 86 86 0 0 0 1 1 1
3 P_3 87 87 0 0 0 1 1 1
3 P_3 88 88 0 0 0 1 1 1
3 P_3 89 89 0 0 0 1 1 1
3 P_3 90 90 0 0 0 1 1 1
3 P_3 91 91 0 0 0 1 1 1
3 P_3 92 92 0 0 0 1 1 1
3 P_3 93 93 0 0 0 1 1 1
3 P_3 94 94 0 0 0 1 1 1
3 P_3 95 95 0 0 0 1 1 1
3 P_3 96 96 0 0 0 1 1 1
3 P_3 97 97 0 0 0 1 1 1
3 P_3 98 98 0.5 0.5 0.5 1 1 1
3 P_3 99 99 0.168574 0.22727272727272727 0.2882685 1 1 1
3 P_3 100 100 0 0 0 1 1 1
3 P_3 101 101 0.5 0.5 0.5 1 1 1
3 P_3 102 102 0 0 0 1 1 1
3 P_3 103 103 0 0 0 1 1 1
3 P_3 104 104 0 0 0 1 1 1
3 P_3 105 105 0 0 0 1 1 1
3 P_3 106 106 0 0 0 1 1 1
3 P_3 107 107 0 0 0 1 1 1
3 P_3 108 108 0 0 0 1 1 1
3 P_3 109 109 0.5 0.5 0.5 1 1 1
3 P_3 110 110 0 0 0 1 1 1
3 P_3 111 111 0 0 0 1 1 1
3 P_3 112 112 0 0 0 1 1 1
3 P_3 113 113 0 0 0 1 1 1
3 P_3 114 114 0 0 0 1 1 1
3 P_3 115 115 0.059806 0.10714285714285714 0.173159 1 1 1
3 P_3 116 116 0.04253 0.08 0.136263 1 1 1
3 P_3 117 117 0 0 0 1 1 1
3 P_3 118 118 0 0 0 1 1 1
3 P_3 119 119 0 0 0 1 1 1
3 P_3 120 120 0 0 0 1 1 1
3 P_3 121 121 0 0 0 1 1 1
3 P_3 122 122 0.076309 0.12637362637362637 0.19142 1 1 1
3 P_3 123 123 0 0 0 1 1 1
3 P_3 124 124 0.0862185 0.13425925925925927 0.1941995 1 1 1
3 P_3 125 125 0.1732525 0.23684210526315788 0.301963 1 1 1
3 P_3 126 126 0.5 0.5 0.5 1 1 1
3 P_3 127 127 0 0 0 1 1 1
3 P_3 128 128 0 0 0 1 1 1
3 P_3 129 129 0 0 0 1 1 1
3 P_3 130 130 0 0 0 1 1 1
3 P_3 131 131 0 0 0 1 1 1
3 P_3 132 132 0 0 0 1 1 1
3 P_3 133 133 0 0 0 1 1 1
3 P_3 134 134 0 0 0 1 1 1
3 P_3 135 135 0.197227 0.26373626373626374 0.328579 1 1 1
3 P_3 136 136 0 0 0 1 1 1
3 P_3 137 137 0.0969995 0.14601769911504425 0.205271 1 1 1
3 P_3 138 138 0 0 0 1 1 1
3 P_3 139 139 0.1879035 0.2558139534883721 0.32298 1 1 1
3 P_3 140 140 0 0 0 1 1 1
3 P_3 141 141 0 0 0 1 1 1
3 P_3 142 142 0 0 0 1 1 1
3 P_3 143 143 0 0 0 1 1 1
3 P_3 144 144 0 0 0 1 1 1
3 P_3 145 145 0 0 0 1 1 1
3 P_3 146 146 0 0 0 1 1 1
3 P_3 147 147 0 0 0 1 1 1
3 P_3 148 148 0 0 0 1 1 1
3 P_3 149 149 0 0 0 1 1 1
3 P_3 150 150 0.04342665 0.08163265306122448 0.138817 1 1 1
3 P_3 151 151 0 0 0 1 1 1
3 P_3 152 152 0.1198365 0.17708333333333334 0.24273 1 1 1
3 P_3 153 153 0.163074 0.22330097087378642 0.286403 1 1 1
3 P_3 154 154 0 0 0 1 1 1
3 P_3 155 155 0 0 0 1 1 1
3 P_3 156 156 0 0 0 1 1 1
3 P_3 157 157 0.0456311 0.08256880733944955 0.1365455 1 1 1
3 P_3 158 158 0 0 0 1 1 1
3 P_3 159 159 0 0 0 1 1 1
3 P_3 160 160 0 0 0 1 1 1
3 P_3 161 161 0 0 0 1 1 1
3 P_3 162 162 0.0785825 0.12389380530973451 0.181614 1 1 1
3 P_3 163 163 0 0 0 1 1 1
3 P_3 164 164 0 0 0 1 1 1
3 P_3 165 165 0 0 0 1 1 1
3 P_3 166 166 0 0 0 1 1 1
3 P_3 167 167 0 0 0 1 1 1
3 P_3 168 168 0 0 0 1 1 1
3 P_3 169 169 0 0 0 1 1 1
3 P_3 170 170 0 0 0 1 1 1
3 P_3 171 171 0 0 0 1 1 1
3 P_3 172 172 0 0 0 1 1 1
3 P_3 173 173 0.1702585 0.22935779816513763 0.290562 1 1 1
3 P_3 174 174 0 0 0 1 1 1
3 P_3 175 175 0 0 0 1 1 1
3 P_3 176 176 0 0 0 1 1 1
3 P_3 177 177 0 0 0 1 1 1
3 P_3 178 178 0.0659785 0.11585365853658537 0.1836815 1 1 1
3 P_3 179 179 0 0 0 1 1 1
3 P_3 180 180 0.0535485 0.09345794392523364 0.1495915 1 1 1
3 P_3 181 181 0 0 0 1 1 1
3 P_3 182 182 0 0 0 1 1 1
3 P_3 183 183 0 0 0 1 1 1
3 P_3 184 184 0 0 0 1 1 1
3 P_3 185 185 0 0 0 1 1 1
3 P_3 186 186 0 0 0 1 1 1
3 P_3 187 187 0.099844 0.15425531914893617 0.219919 1 1 1
3 P_3 188 188 0.2371545 0.30434782608695654 0.3650185 1 1 1
3 P_3 189 189 0 0 0 1 1 1
3 P_3 190 190 0 0 0 1 1 1
3 P_3 191 191 0 0 0 1 1 1
3 P_3 192 192 0 0 0 1 1 1
3 P_3 193 193 0 0 0 1 1 1
3 P_3 194 194 0 0 0 1 1 1
3 P_3 195 195 0.1804195 0.24257425742574257 0.305544 1 1 1
3 P_3 196 196 0 0 0 1 1 1
3 P_3 197 197 0 0 0 1 1 1
3 P_3 198 198 0 0 0 1 1 1
3 P_3 199 199 0 0 0 1 1 1
3 P_3 200 200 0 0 0 1 1 1
3 P_3 201 201 0.5 0.5 0.5 1 1 1
3 P_3 202 202 0 0 0 1 1 1
3 P_3 203 203 0.237588 0.2974137931034483 0.3526875 1 1 1
3 P_3 204 204 0 0 0 1 1 1
3 P_3 205 205 0.078763 0.12755102040816327 0.1901605 1 1 1
3 P_3 206 206 0.106751 0.1588785046728972 0.2204615 1 1 1
3 P_3 207 207 0.232497 0.2903225806451613 0.3445185 1 1 1
3 P_3 208 208 0 0 0 1 1 1
3 P_3 209 209 0.09253 0.14356435643564355 0.2062725 1 1 1
3 P_3 210 210 0 0 0 1 1 1
3 P_3 211 211 0 0 0 1 1 1
3 P_3 212 212 0 0 0 1 1 1
3 P_3 213 213 0 0 0 1 1 1
3 P_3 214 214 0.1108615 0.16666666666666666 0.232071 1 1 1
3 P_3 215 215 0 0 0 1 1 1
3 P_3 216 216 0 0 0 1 1 1
3 P_3 217 217 0.098778 0.15517241379310345 0.2235695 1 1 1
3 P_3 218 218 0 0 0 1 1 1
3 P_3 219 219 0.097963 0.16176470588235295 0.2396825 1 1 1
3 P_3 220 220 0 0 0 1 1 1
3 P_3 221 221 0.5 0.5 0.5 1 1 1
3 P_3 222 222 0 0 0 1 1 1
3 P_3 223 223 0.5 0.5 0.5 1 1 1
3 P_3 224 224 0.185234 0.25 0.314766 1 1 1
3 P_3 225 225 0 0 0 1 1 1
3 P_3 226 226 0 0 0 1 1 1
3 P_3 227 227 0 0 0 1 1 1
3 P_3 228 228 0 0 0 1 1 1
3 P_3 229 229 0 0 0 1 1 1
3 P_3 230 230 0 0 0 1 1 1
3 P_3 231 231 0 0 0 1 1 1
3 P_3 232 232 0 0 0 1 1 1
3 P_3 233 233 0.0987975 0.14953271028037382 0.210692 1 1 1
3 P_3 234 234 0.5 0.5 0.5 1 1 1
3 P_3 235 235 0 0 0 1 1 1
3 P_3 236 236 0.5 0.5 0.5 1 1 1
3 P_3 237 237 0 0 0 1 1 1
3 P_3 238 238 0.181704 0.24489795918367346 0.308668 1 1 1
3 P_3 239 239 0 0 0 1 1 1
3 P_3 240 240 0 0 0 1 1 1
3 P_3 241 241 0.088425 0.13861386138613863 0.2010185 1 1 1
3 P_3 242 242 0 0 0 1 1 1
3 P_3 243 243 0 0 0 1 1 1
3 P_3 244 244 0.102013 0.15625 0.221285 1 1 1
3 P_3 245 245 0 0 0 1 1 1
3 P_3 246 246 0.144218 0.20408163265306123 0.269132 1 1 1
3 P_3 247 247 0 0 0 1 1 1
3 P_3 248 248 0 0 0 1 1 1
3 P_3 249 249 0 0 0 1 1 1
3 P_3 250 250 0 0 0 1 1 1
3 P_3 251 251 0.1784935 0.2469879518072289 0.315881 1 1 1
3 P_3 252 252 0.095952 0.14545454545454545 0.2055185 1 1 1
3 P_3 253 253 0 0 0 1 1 1
3 P_3 254 254 0.1908005 0.2552083333333333 0.319016 1 1 1
3 P_3 255 255 0 0 0 1 1 1
3 P_3 256 256 0 0 0 1 1 1
3 P_3 257 257 0 0 0 1 1 1
3 P_3 258 258 0 0 0 1 1 1
3 P_3 259 259 0.194456 0.25742574257425743 0.3195805 1 1 1
3 P_3 260 260 0 0 0 1 1 1
3 P_3 261 261 0.135185 0.19306930693069307 0.2572005 1 1 1
3 P_3 262 262 0 0 0 1 1 1
3 P_3 263 263 0 0 0 1 1 1
3 P_3 264 264 0 0 0 1 1 1
3 P_3 265 265 0 0 0 1 1 1
3 P_3 266 266 0 0 0 1 1 1
3 P_3 267 267 0 0 0 1 1 1
3 P_3 268 268 0 0 0 1 1 1
3 P_3 269 269 0.098736 0.15151515151515152 0.215307 1 1 1
3 P_3 270 270 0 0 0 1 1 1
3 P_3 271 271 0 0 0 1 1 1
3 P_3 272 272 0 0 0 1 1 1
3 P_3 273 273 0.114685 0.17204301075268819 0.2386595 1 1 1
3 P_3 274 274 0 0 0 1 1 1
3 P_3 275 275 0 0 0 1 1 1
3 P_3 276 276 0 0 0 1 1 1
3 P_3 277 277 0.03194305 0.065 0.11849 1 1 1
3 P_3 278 278 0 0 0 1 1 1
3 P_3 279 279 0 0 0 1 1 1
3 P_3 280 280 0.5 0.5 0.5 1 1 1
3 P_3 281 281 0.227516 0.2897196261682243 0.3478005 1 1 1
3 P_3 282 282 0 0 0 1 1 1
3 P_3 283 283 0 0 0 1 1 1
3 P_3 284 284 0 0 0 1 1 1
3 P_3 285 285 0 0 0 1 1 1
3 P_3 286 286 0 0 0 1 1 1
3 P_3 287 287 0 0 0 1 1 1
3 P_3 288 288 0 0 0 1 1 1
3 P_3 289 289 0.5 0.5 0.5 1 1 1
3 P_3 290 290 0.227105 0.29651162790697677 0.3599635 1 1 1
3 P_3 291 291 0 0 0 1 1 1
3 P_3 292 292 0.224718 0.2838983050847458 0.3398775 1 1 1
3 P_3 293 293 0 0 0 1 1 1
3 P_3 294 294 0.1354495 0.19090909090909092 0.25234 1 1 1
3 P_3 295 295 0 0 0 1 1 1
3 P_3 296 296 0.1140095 0.17222222222222222 0.239967 1 1 1
3 P_3 297 297 0.1999035 0.2619047619047619 0.3226475 1 1 1
3 P_3 298 298 0 0 0 1 1 1
3 P_3 299 299 0 0 0 1 1 1
3 P_3 300 300 0.2338985 0.3 0.3602825 1 1 1
3 P_3 301 301 0 0 0 1 1 1
3 P_3 302 302 0.5 0.5 0.5 1 1 1
3 P_3 303 303 0 0 0 1 1 1
3 P_3 304 304 0 0 0 1 1 1
3 P_3 305 305 0 0 0 1 1 1
3 P_3 306 306 0.09253 0.14356435643564355 0.2062725 1 1 1
3 P_3 307 307 0.2162155 0.2767857142857143 0.3346955 1 1 1
3 P_3 308 308 0.0870665 0.13551401869158877 0.195838 1 1 1
3 P_3 309 309 0 0 0 1 1 1
3 P_3 310 310 0 0 0 1 1 1
3 P_3 311 311 0 0 0 1 1 1
3 P_3 312 312 0.0802865 0.13414634146341464 0.203517 1 1 1
3 P_3 313 313 0 0 0 1 1 1
3 P_3 314 314 0 0 0 1 1 1
3 P_3 315 315 0 0 0 1 1 1
3 P_3 316 316 0 0 0 1 1 1
3 P_3 317 317 0.5 0.5 0.5 1 1 1
3 P_3 318 318 0 0 0 1 1 1
3 P_3 319 319 0 0 0 1 1 1
3 P_3 320 320 0 0 0 1 1 1
3 P_3 321 321 0 0 0 1 1 1
3 P_3 322 322 0.0448067 0.07983193277310924 0.130767 1 1 1
3 P_3 323 323 0 0 0 1 1 1
3 P_3 324 324 0 0 0 1 1 1
3 P_3 325 325 0 0 0 1 1 1
3 P_3 326 326 0 0 0 1 1 1
3 P_3 327 327 0 0 0 1 1 1
3 P_3 328 328 0 0 0 1 1 1
3 P_3 329 329 0 0 0 1 1 1
3 P_3 330 330 0.1084225 0.16666666666666666 0.23546 1 1 1
3 P_3 331 331 0 0 0 1 1 1
3 P_3 332 332 0 0 0 1 1 1
3 P_3 333 333 0 0 0 1 1 1
3 P_3 334 334 0.07456 0.13013698630136986 0.2036345 1 1 1
3 P_3 335 335 0.089645 0.14285714285714285 0.209057 1 1 1
3 P_3 336 336 0 0 0 1 1 1
3 P_3 337 337 0 0 0 1 1 1
3 P_3 338 338 0.190932 0.25 0.309068 1 1 1
3 P_3 339 339 0.116632 0.1736842105263158 0.2396165 1 1 1
3 P_3 340 340 0.240632 0.30180180180180183 0.3577815 1 1 1
3 P_3 341 341 0 0 0 1 1 1
3 P_3 342 342 0.196608 0.26 0.322284 1 1 1
3 P_3 343 343 0 0 0 1 1 1
3 P_3 344 344 0 0 0 1 1 1
3 P_3 345 345 0 0 0 1 1 1
3 P_3 346 346 0.03739575 0.07211538461538461 0.125765 1 1 1
3 P_3 347 347 0.0594385 0.10194174757281553 0.160367 1 1 1
3 P_3 348 348 0 0 0 1 1 1
3 P_3 349 349 0.0867385 0.1411764705882353 0.209695 1 1 1
3 P_3 350 350 0 0 0 1 1 1
3 P_3 351 351 0.215934 0.27941176470588236 0.3396925 1 1 1
3 P_3 352 352 0 0 0 1 1 1
3 P_3 353 353 0 0 0 1 1 1
3 P_3 354 354 0 0 0 1 1 1
3 P_3 355 355 0.1556735 0.22093023255813954 0.28990899999999997 1 1 1
3 P_3 356 356 0 0 0 1 1 1
3 P_3 357 357 0 0 0 1 1 1
3 P_3 358 358 0 0 0 1 1 1
3 P_3 359 359 0 0 0 1 1 1
3 P_3 360 360 0.118515 0.17525773195876287 0.2405255 1 1 1
3 P_3 361 361 0.152646 0.21505376344086022 0.2816125 1 1 1
3 P_3 362 362 0.02780155 0.06043956043956044 0.1159835 1 1 1
3 P_3 363 363 0 0 0 1 1 1
3 P_3 364 364 0.052727 0.09659090909090909 0.159636 1 1 1
3 P_3 365 365 0 0 0 1 1 1
3 P_3 366 366 0.1635315 0.22631578947368422 0.291857 1 1 1
3 P_3 367 367 0.0920295 0.14516129032258066 0.21074 1 1 1
3 P_3 368 368 0 0 0 1 1 1
3 P_3 369 369 0.5 0.5 0.5 1 1 1
3 P_3 370 370 0 0 0 1 1 1
3 P_3 371 371 0 0 0 1 1 1
3 P_3 372 372 0 0 0 1 1 1
3 P_3 373 373 0 0 0 1 1 1
3 P_3 374 374 0 0 0 1 1 1
3 P_3 375 375 0 0 0 1 1 1
3 P_3 376 376 0.5 0.5 0.5 1 1 1
3 P_3 377 377 0 0 0 1 1 1
3 P_3 378 378 0 0 0 1 1 1
3 P_3 379 379 0 0 0 1 1 1
3 P_3 380 380 0 0 0 1 1 1
3 P_3 381 381 0 0 0 1 1 1
3 P_3 382 382 0 0 0 1 1 1
3 P_3 383 383 0.138124 0.19607843137254902 0.259894 1 1 1
3 P_3 384 384 0 0 0 1 1 1
3 P_3 385 385 0 0 0 1 1 1
3 P_3 386 386 0 0 0 1 1 1
3 P_3 387 387 0 0 0 1 1 1
3 P_3 388 388 0 0 0 1 1 1
3 P_3 389 389 0 0 0 1 1 1
3 P_3 390 390 0 0 0 1 1 1
3 P_3 391 391 0.213078 0.2802197802197802 0.343696 1 1 1
3 P_3 392 392 0 0 0 1 1 1
3 P_3 393 393 0 0 0 1 1 1
3 P_3 394 394 0.025244 0.055 0.1062755 1 1 1
3 P_3 395 395 0.1541825 0.21359223300970873 0.2769225 1 1 1
3 P_3 396 396 0.0976385 0.15104166666666666 0.2158425 1 1 1
3 P_3 397 397 0 0 0 1 1 1
3 P_3 398 398 0 0 0 1 1 1
3 P_3 399 399 0.5 0.5 0.5 1 1 1
3 P_3 400 400 0 0 0 1 1 1
3 P_3 401 401 0 0 0 1 1 1
3 P_3 402 402 0 0 0 1 1 1
3 P_3 403 403 0 0 0 1 1 1
3 P_3 404 404 0 0 0 1 1 1
3 P_3 405 405 0 0 0 1 1 1
3 P_3 406 406 0 0 0 1 1 1
3 P_3 407 407 0 0 0 1 1 1
3 P_3 408 408 0 0 0 1 1 1
3 P_3 409 409 0 0 0 1 1 1
3 P_3 410 410 0 0 0 1 1 1
3 P_3 411 411 0.1474735 0.20833333333333334 0.273994 1 1 1
3 P_3 412 412 0 0 0 1 1 1
3 P_3 413 413 0.1434 0.20689655172413793 0.275851 1 1 1
3 P_3 414 414 0 0 0 1 1 1
3 P_3 415 415 0 0 0 1 1 1
3 P_3 416 416 0.0918545 0.14150943396226415 0.2025225 1 1 1
3 P_3 417 417 0 0 0 1 1 1
3 P_3 418 418 0 0 0 1 1 1
3 P_3 419 419 0 0 0 1 1 1
3 P_3 420 420 0 0 0 1 1 1
3 P_3 421 421 0 0 0 1 1 1
3 P_3 422 422 0.1730535 0.235 0.2986085 1 1 1
3 P_3 423 423 0.122134 0.1813186813186813 0.2488325 1 1 1
3 P_3 424 424 0 0 0 1 1 1
3 P_3 425 425 0.203239 0.26339285714285715 0.3222165 1 1 1
3 P_3 426 426 0 0 0 1 1 1
3 P_3 427 427 0.5 0.5 0.5 1 1 1
3 P_3 428 428 0.0329578 0.06701030927835051 0.121876 1 1 1
3 P_3 429 429 0.2157385 0.2833333333333333 0.346842 1 1 1
3 P_3 430 430 0 0 0 1 1 1
3 P_3 431 431 0 0 0 1 1 1
3 P_3 432 432 0 0 0 1 1 1
3 P_3 433 433 0 0 0 1 1 1
3 P_3 434 434 0.0504085 0.09090909090909091 0.1491755 1 1 1
3 P_3 435 435 0.0520225 0.09223300970873786 0.149405 1 1 1
3 P_3 436 436 0 0 0 1 1 1
3 P_3 437 437 0 0 0 1 1 1
3 P_3 438 438 0 0 0 1 1 1
3 P_3 439 439 0 0 0 1 1 1
3 P_3 440 440 0 0 0 1 1 1
4 P_1 0 0 0.0228583 0.05421686746987952 0.111384 1 1 1
4 P_1 1 1 0 0 0 1 1 1
4 P_1 2 2 0 0 0 1 1 1
4 P_1 3 3 0 0 0 1 1 1
4 P_1 4 4 0.1366165 0.2 0.269857 1 1 1
4 P_1 5 5 0 0 0 1 1 1
4 P_1 6 6 0 0 0 1 1 1
4 P_1 7 7 0.152646 0.21505376344086022 0.2816125 1 1 1
4 P_1 8 8 0.2036515 0.2676767676767677 0.3297245 1 1 1
4 P_1 9 9 0 0 0 1 1 1
4 P_1 10 10 0.118515 0.17525773195876287 0.2405255 1 1 1
4 P_1 11 11 0.120216 0.1797752808988764 0.248034 1 1 1
4 P_1 12 12 0.0481452 0.08558558558558559 0.1394695 1 1 1
4 P_1 13 13 0 0 0 1 1 1
4 P_1 14 14 0 0 0 1 1 1
4 P_1 15 15 0.0312316 0.061946902654867256 0.111126 1 1 1
4 P_1 16 16 0.1226055 0.17543859649122806 0.235551 1 1 1
4 P_1 17 17 0.184825 0.2529411764705882 0.3206765 1 1 1
4 P_1 18 18 0 0 0 1 1 1
4 P_1 19 19 0 0 0 1 1 1
4 P_1 20 20 0 0 0 1 1 1
4 P_1 21 21 0 0 0 1 1 1
4 P_1 22 22 0 0 0 1 1 1
4 P_1 23 23 0.215781 0.28191489361702127 0.3442965 1 1 1
4 P_1 24 24 0 0 0 1 1 1
4 P_1 25 25 0.169377 0.23369565217391305 0.2999715 1 1 1
4 P_1 26 26 0 0 0 1 1 1
4 P_1 27 27 0 0 0 1 1 1
4 P_1 28 28 0 0 0 1 1 1
4 P_1 29 29 0 0 0 1 1 1
4 P_1 30 30 0.0557085 0.0970873786407767 0.154908 1 1 1
4 P_1 31 31 0 0 0 1 1 1
4 P_1 32 32 0.0422486 0.0779816513761468 0.131217 1 1 1
4 P_1 33 33 0 0 0 1 1 1
4 P_1 34 34 0.04584325 0.08602150537634409 0.1456385 1 1 1
4 P_1 35 35 0 0 0 1 1 1
4 P_1 36 36 0 0 0 1 1 1
4 P_1 37 37 0 0 0 1 1 1
4 P_1 38 38 0 0 0 1 1 1
4 P_1 39 39 0 0 0 1 1 1
4 P_1 40 40 0.143876 0.20192307692307693 0.265099 1 1 1
4 P_1 41 41 0 0 0 1 1 1
4 P_1 42 42 0 0 0 1 1 1
4 P_1 43 43 0.060045 0.10294117647058823 0.1618015 1 1 1
4 P_1 44 44 0 0 0 1 1 1
4 P_1 45 45 0 0 0 1 1 1
4 P_1 46 46 0 0 0 1 1 1
4 P_1 47 47 0 0 0 1 1 1
4 P_1 48 48 0 0 0 1 1 1
4 P_1 49 49 0 0 0 1 1 1
4 P_1 50 50 0 0 0 1 1 1
4 P_1 51 51 0 0 0 1 1 1
4 P_1 52 52 0 0 0 1 1 1
4 P_1 53 53 0 0 0 1 1 1
4 P_1 54 54 0 0 0 1 1 1
4 P_1 55 55 0.04550215 0.0872093023255814 0.149714 1 1 1
4 P_1 56 56 0 0 0 1 1 1
4 P_1 57 57 0 0 0 1 1 1
4 P_1 58 58 0.136591 0.19680851063829788 0.2632795 1 1 1
4 P_1 59 59 0 0 0 1 1 1
4 P_1 60 60 0.057402 0.09734513274336283 0.152301 1 1 1
4 P_1 61 61 0 0 0 1 1 1
4 P_1 62 62 0 0 0 1 1 1
4 P_1 63 63 0 0 0 1 1 1
4 P_1 64 64 0.13813 0.19523809523809524 0.2581345 1 1 1
4 P_1 65 65 0.1075335 0.16666666666666666 0.2367085 1 1 1
4 P_1 66 66 0 0 0 1 1 1
4 P_1 67 67 0.1556735 0.22093023255813954 0.28990899999999997 1 1 1
4 P_1 68 68 0 0 0 1 1 1
4 P_1 69 69 0 0 0 1 1 1
4 P_1 70 70 0 0 0 1 1 1
4 P_1 71 71 0.1408965 0.19724770642201836 0.2589775 1 1 1
4 P_1 72 72 0.04342665 0.08163265306122448 0.138817 1 1 1
4 P_1 73 73 0.1159575 0.1717171717171717 0.236232 1 1 1
4 P_1 74 74 0 0 0 1 1 1
4 P_1 75 75 0.118515 0.17525773195876287 0.2405255 1 1 1
4 P_1 76 76 0 0 0 1 1 1
4 P_1 77 77 0.1598565 0.22164948453608246 0.286677 1 1 1
4 P_1 78 78 0.0895575 0.13716814159292035 0.195884 1 1 1
4 P_1 79 79 0 0 0 1 1 1
4 P_1 80 80 0.1183395 0.17307692307692307 0.236019 1 1 1
4 P_1 81 81 0 0 0 1 1 1
4 P_1 82 82 0 0 0 1 1 1
4 P_1 83 83 0.1541825 0.21359223300970873 0.2769225 1 1 1
4 P_1 84 84 0.2136925 0.2761904761904762 0.33592 1 1 1
4 P_1 85 85 0.16646 0.22916666666666666 0.2942735 1 1 1
4 P_1 86 86 0 0 0 1 1 1
4 P_1 87 87 0 0 0 1 1 1
4 P_1 88 88 0 0 0 1 1 1
4 P_1 89 89 0 0 0 1 1 1
4 P_1 90 90 0 0 0 1 1 1
4 P_1 91 91 0.18969249999999999 0.2554347826086957 0.3205245 1 1 1
4 P_1 92 92 0 0 0 1 1 1
4 P_1 93 93 0 0 0 1 1 1
4 P_1 94 94 0 0 0 1 1 1
4 P_1 95 95 0 0 0 1 1 1
4 P_1 96 96 0 0 0 1 1 1
4 P_1 97 97 0 0 0 1 1 1
4 P_1 98 98 0.2258345 0.29081632653061223 0.3511875 1 1 1
4 P_1 99 99 0.1523565 0.21764705882352942 0.2871265 1 1 1
4 P_1 100 100 0 0 0 1 1 1
4 P_1 101 101 0.1233655 0.17727272727272728 0.238529 1 1 1
4 P_1 102 102 0 0 0 1 1 1
4 P_1 103 103 0.1935145 0.25773195876288657 0.321067 1 1 1
4 P_1 104 104 0 0 0 1 1 1
4 P_1 105 105 0.1569615 0.21634615384615385 0.279321 1 1 1
4 P_1 106 106 0 0 0 1 1 1
4 P_1 107 107 0.0672975 0.1134020618556701 0.175073 1 1 1
4 P_1 108 108 0.1350405 0.19473684210526315 0.2608645 1 1 1
4 P_1 109 109 0.152577 0.21153846153846154 0.2746035 1 1 1
4 P_1 110 110 0 0 0 1 1 1
4 P_1 111 111 0 0 0 1 1 1
4 P_1 112 112 0.213078 0.2802197802197802 0.343696 1 1 1
4 P_1 113 113 0 0 0 1 1 1
4 P_1 114 114 0 0 0 1 1 1
4 P_1 115 115 0 0 0 1 1 1
4 P_1 116 116 0 0 0 1 1 1
4 P_1 117 117 0 0 0 1 1 1
4 P_1 118 118 0 0 0 1 1 1
4 P_1 119 119 0.1513265 0.21428571428571427 0.2815765 1 1 1
4 P_1 120 120 0 0 0 1 1 1
4 P_1 121 121 0 0 0 1 1 1
4 P_1 122 122 0.11905 0.175 0.2392575 1 1 1
4 P_1 123 123 0 0 0 1 1 1
4 P_1 124 124 0.1400365 0.20348837209302326 0.272895 1 1 1
4 P_1 125 125 0.140376 0.20625 0.2781255 1 1 1
4 P_1 126 126 0.198809 0.26262626262626265 0.325031 1 1 1
4 P_1 127 127 0 0 0 1 1 1
4 P_1 128 128 0 0 0 1 1 1
4 P_1 129 129 0.175144 0.23275862068965517 0.292029 1 1 1
4 P_1 130 130 0 0 0 1 1 1
4 P_1 131 131 0 0 0 1 1 1
4 P_1 132 132 0 0 0 1 1 1
4 P_1 133 133 0 0 0 1 1 1
4 P_1 134 134 0 0 0 1 1 1
4 P_1 135 135 0 0 0 1 1 1
4 P_1 136 136 0.171933 0.23008849557522124 0.290205 1 1 1
4 P_1 137 137 0.1165585 0.1715686274509804 0.2351025 1 1 1
4 P_1 138 138 0 0 0 1 1 1
4 P_1 139 139 0 0 0 1 1 1
4 P_1 140 140 0 0 0 1 1 1
4 P_1 141 141 0 0 0 1 1 1
4 P_1 142 142 0 0 0 1 1 1
4 P_1 143 143 0 0 0 1 1 1
4 P_1 144 144 0 0 0 1 1 1
4 P_1 145 145 0 0 0 1 1 1
4 P_1 146 146 0.211311 0.27403846153846156 0.3342015 1 1 1
4 P_1 147 147 0 0 0 1 1 1
4 P_1 148 148 0 0 0 1 1 1
4 P_1 149 149 0.1711075 0.22972972972972974 0.2903825 1 1 1
4 P_1 150 150 0 0 0 1 1 1
4 P_1 151 151 0 0 0 1 1 1
4 P_1 152 152 0.151085 0.20300751879699247 0.258882 1 1 1
4 P_1 153 153 0.133416 0.1935483870967742 0.260386 1 1 1
4 P_1 154 154 0 0 0 1 1 1
4 P_1 155 155 0.138129 0.19696969696969696 0.2617425 1 1 1
4 P_1 156 156 0 0 0 1 1 1
4 P_1 157 157 0 0 0 1 1 1
4 P_1 158 158 0 0 0 1 1 1
4 P_1 159 159 0 0 0 1 1 1
4 P_1 160 160 0 0 0 1 1 1
4 P_1 161 161 0 0 0 1 1 1
4 P_1 162 162 0.1354495 0.19090909090909092 0.25234 1 1 1
4 P_1 163 163 0 0 0 1 1 1
4 P_1 164 164 0.068031 0.11458333333333333 0.1767225 1 1 1
4 P_1 165 165 0.131587 0.19318181818181818 0.2618925 1 1 1
4 P_1 166 166 0 0 0 1 1 1
4 P_1 167 167 0 0 0 1 1 1
4 P_1 168 168 0 0 0 1 1 1
4 P_1 169 169 0 0 0 1 1 1
4 P_1 170 170 0.1229955 0.18041237113402062 0.2457665 1 1 1
4 P_1 171 171 0 0 0 1 1 1
4 P_1 172 172 0.170458 0.23595505617977527 0.3031925 1 1 1
4 P_1 173 173 0.1299925 0.19101123595505617 0.259338 1 1 1
4 P_1 174 174 0.04253 0.08 0.136263 1 1 1
4 P_1 175 175 0 0 0 1 1 1
4 P_1 176 176 0 0 0 1 1 1
4 P_1 177 177 0 0 0 1 1 1
4 P_1 178 178 0 0 0 1 1 1
4 P_1 179 179 0 0 0 1 1 1
4 P_1 180 180 0 0 0 1 1 1
4 P_1 181 181 0 0 0 1 1 1
4 P_1 182 182 0.1732525 0.23684210526315788 0.301963 1 1 1
4 P_1 183 183 0 0 0 1 1 1
4 P_1 184 184 0.1962015 0.25688073394495414 0.3168585 1 1 1
4 P_1 185 185 0 0 0 1 1 1
4 P_1 186 186 0.03853985 0.07425742574257425 0.1292125 1 1 1
4 P_1 187 187 0.093633 0.15333333333333332 0.227127 1 1 1
4 P_1 188 188 0 0 0 1 1 1
4 P_1 189 189 0 0 0 1 1 1
4 P_1 190 190 0 0 0 1 1 1
4 P_1 191 191 0 0 0 1 1 1
4 P_1 192 192 0 0 0 1 1 1
4 P_1 193 193 0.1582 0.2222222222222222 0.2896495 1 1 1
4 P_1 194 194 0 0 0 1 1 1
4 P_1 195 195 0.139803 0.20108695652173914 0.268242 1 1 1
4 P_1 196 196 0.073438 0.11818181818181818 0.1762365 1 1 1
4 P_1 197 197 0 0 0 1 1 1
4 P_1 198 198 0.16408 0.22380952380952382 0.2863075 1 1 1
4 P_1 199 199 0 0 0 1 1 1
4 P_1 200 200 0 0 0 1 1 1
4 P_1 201 201 0.133023 0.18695652173913044 0.246993 1 1 1
4 P_1 202 202 0 0 0 1 1 1
4 P_1 203 203 0 0 0 1 1 1
4 P_1 204 204 0.1719175 0.2288135593220339 0.2877105 1 1 1
4 P_1 205 205 0.1256925 0.189873417721519 0.262401 1 1 1
4 P_1 206 206 0.143324 0.19747899159663865 0.2565535 1 1 1
4 P_1 207 207 0 0 0 1 1 1
4 P_1 208 208 0 0 0 1 1 1
4 P_1 209 209 0.1453845 0.20388349514563106 0.2673485 1 1 1
4 P_1 210 210 0 0 0 1 1 1
4 P_1 211 211 0 0 0 1 1 1
4 P_1 212 212 0 0 0 1 1 1
4 P_1 213 213 0 0 0 1 1 1
4 P_1 214 214 0.1464785 0.2037037037037037 0.2656915 1 1 1
4 P_1 215 215 0 0 0 1 1 1
4 P_1 216 216 0 0 0 1 1 1
4 P_1 217 217 0.1018175 0.15384615384615385 0.216129 1 1 1
4 P_1 218 218 0.0365334 0.07216494845360824 0.12803 1 1 1
4 P_1 219 219 0.1198365 0.17708333333333334 0.24273 1 1 1
4 P_1 220 220 0 0 0 1 1 1
4 P_1 221 221 0.2352235 0.29901960784313725 0.3574875 1 1 1
4 P_1 222 222 0.187436 0.25268817204301075 0.3176205 1 1 1
4 P_1 223 223 0.1198365 0.17708333333333334 0.24273 1 1 1
4 P_1 224 224 0 0 0 1 1 1
4 P_1 225 225 0 0 0 1 1 1
4 P_1 226 226 0 0 0 1 1 1
4 P_1 227 227 0 0 0 1 1 1
4 P_1 228 228 0 0 0 1 1 1
4 P_1 229 229 0 0 0 1 1 1
4 P_1 230 230 0 0 0 1 1 1
4 P_1 231 231 0 0 0 1 1 1
4 P_1 232 232 0 0 0 1 1 1
4 P_1 233 233 0.110026 0.16346153846153846 0.226127 1 1 1
4 P_1 234 234 0.1473125 0.2025862068965517 0.262412 1 1 1
4 P_1 235 235 0.1973395 0.2692307692307692 0.3384195 1 1 1
4 P_1 236 236 0.1299925 0.19101123595505617 0.259338 1 1 1
4 P_1 237 237 0 0 0 1 1 1
4 P_1 238 238 0 0 0 1 1 1
4 P_1 239 239 0.0585025 0.10326086956521739 0.1656065 1 1 1
4 P_1 240 240 0 0 0 1 1 1
4 P_1 241 241 0.098906 0.14782608695652175 0.2066345 1 1 1
4 P_1 242 242 0 0 0 1 1 1
4 P_1 243 243 0 0 0 1 1 1
4 P_1 244 244 0.1523565 0.21764705882352942 0.2871265 1 1 1
4 P_1 245 245 0 0 0 1 1 1
4 P_1 246 246 0.1541825 0.21359223300970873 0.2769225 1 1 1
4 P_1 247 247 0 0 0 1 1 1
4 P_1 248 248 0 0 0 1 1 1
4 P_1 249 249 0 0 0 1 1 1
4 P_1 250 250 0 0 0 1 1 1
4 P_1 251 251 0.138226 0.2 0.2679025 1 1 1
4 P_1 252 252 0.0928855 0.14772727272727273 0.215372 1 1 1
4 P_1 253 253 0 0 0 1 1 1
4 P_1 254 254 0 0 0 1 1 1
4 P_1 255 255 0 0 0 1 1 1
4 P_1 256 256 0 0 0 1 1 1
4 P_1 257 257 0 0 0 1 1 1
4 P_1 258 258 0 0 0 1 1 1
4 P_1 259 259 0 0 0 1 1 1
4 P_1 260 260 0 0 0 1 1 1
4 P_1 261 261 0.171631 0.23837209302325582 0.3066025 1 1 1
4 P_1 262 262 0.03815075 0.07352941176470588 0.1280425 1 1 1
4 P_1 263 263 0 0 0 1 1 1
4 P_1 264 264 0 0 0 1 1 1
4 P_1 265 265 0 0 0 1 1 1
4 P_1 266 266 0 0 0 1 1 1
4 P_1 267 267 0 0 0 1 1 1
4 P_1 268 268 0 0 0 1 1 1
4 P_1 269 269 0.1329545 0.2013888888888889 0.2771935 1 1 1
4 P_1 270 270 0 0 0 1 1 1
4 P_1 271 271 0 0 0 1 1 1
4 P_1 272 272 0 0 0 1 1 1
4 P_1 273 273 0.11905 0.175 0.2392575 1 1 1
4 P_1 274 274 0 0 0 1 1 1
4 P_1 275 275 0 0 0 1 1 1
4 P_1 276 276 0 0 0 1 1 1
4 P_1 277 277 0 0 0 1 1 1
4 P_1 278 278 0 0 0 1 1 1
4 P_1 279 279 0.107107 0.16477272727272727 0.2331095 1 1 1
4 P_1 280 280 0.0955285 0.14795918367346939 0.2119115 1 1 1
4 P_1 281 281 0 0 0 1 1 1
4 P_1 282 282 0 0 0 1 1 1
4 P_1 283 283 0 0 0 1 1 1
4 P_1 284 284 0 0 0 1 1 1
4 P_1 285 285 0.202174 0.2696629213483146 0.3347155 1 1 1
4 P_1 286 286 0 0 0 1 1 1
4 P_1 287 287 0 0 0 1 1 1
4 P_1 288 288 0 0 0 1 1 1
4 P_1 289 289 0.088954 0.14457831325301204 0.2141575 1 1 1
4 P_1 290 290 0 0 0 1 1 1
4 P_1 291 291 0 0 0 1 1 1
4 P_1 292 292 0 0 0 1 1 1
4 P_1 293 293 0.03009025 0.06132075471698113 0.1122515 1 1 1
4 P_1 294 294 0.146287 0.20270270270270271 0.263857 1 1 1
4 P_1 295 295 0 0 0 1 1 1
4 P_1 296 296 0.1446555 0.20652173913043478 0.2736065 1 1 1
4 P_1 297 297 0 0 0 1 1 1
4 P_1 298 298 0 0 0 1 1 1
4 P_1 299 299 0 0 0 1 1 1
4 P_1 300 300 0 0 0 1 1 1
4 P_1 301 301 0 0 0 1 1 1
4 P_1 302 302 0.167816 0.22566371681415928 0.285908 1 1 1
4 P_1 303 303 0.0293674 0.058333333333333334 0.1050535 1 1 1
4 P_1 304 304 0 0 0 1 1 1
4 P_1 305 305 0 0 0 1 1 1
4 P_1 306 306 0.079486 0.12745098039215685 0.1887265 1 1 1
4 P_1 307 307 0 0 0 1 1 1
4 P_1 308 308 0.149772 0.2087378640776699 0.27214699999999997 1 1 1
4 P_1 309 309 0 0 0 1 1 1
4 P_1 310 310 0 0 0 1 1 1
4 P_1 311 311 0.1635315 0.22631578947368422 0.291857 1 1 1
4 P_1 312 312 0.139518 0.1939655172413793 0.2537925 1 1 1
4 P_1 313 313 0 0 0 1 1 1
4 P_1 314 314 0 0 0 1 1 1
4 P_1 315 315 0.2010615 0.2653061224489796 0.327822 1 1 1
4 P_1 316 316 0.20038 0.26595744680851063 0.3296585 1 1 1
4 P_1 317 317 0.1856065 0.24545454545454545 0.305762 1 1 1
4 P_1 318 318 0 0 0 1 1 1
4 P_1 319 319 0 0 0 1 1 1
4 P_1 320 320 0 0 0 1 1 1
4 P_1 321 321 0 0 0 1 1 1
4 P_1 322 322 0 0 0 1 1 1
4 P_1 323 323 0 0 0 1 1 1
4 P_1 324 324 0 0 0 1 1 1
4 P_1 325 325 0 0 0 1 1 1
4 P_1 326 326 0 0 0 1 1 1
4 P_1 327 327 0.141205 0.20103092783505155 0.266443 1 1 1
4 P_1 328 328 0.152577 0.21153846153846154 0.2746035 1 1 1
4 P_1 329 329 0.0277021 0.05825242718446602 0.109378 1 1 1
4 P_1 330 330 0.122571 0.18085106382978725 0.24726 1 1 1
4 P_1 331 331 0.1948455 0.2608695652173913 0.325589 1 1 1
4 P_1 332 332 0 0 0 1 1 1
4 P_1 333 333 0.05713 0.09813084112149532 0.154874 1 1 1
4 P_1 334 334 0.1650565 0.22429906542056074 0.2862095 1 1 1
4 P_1 335 335 0.1322035 0.19 0.2544435 1 1 1
4 P_1 336 336 0 0 0 1 1 1
4 P_1 337 337 0.0259007 0.05454545454545454 0.1028725 1 1 1
4 P_1 338 338 0 0 0 1 1 1
4 P_1 339 339 0.1466905 0.20476190476190476 0.267615 1 1 1
4 P_1 340 340 0 0 0 1 1 1
4 P_1 341 341 0 0 0 1 1 1
4 P_1 342 342 0 0 0 1 1 1
4 P_1 343 343 0 0 0 1 1 1
4 P_1 344 344 0 0 0 1 1 1
4 P_1 345 345 0 0 0 1 1 1
4 P_1 346 346 0 0 0 1 1 1
4 P_1 347 347 0.11796 0.17553191489361702 0.2418575 1 1 1
4 P_1 348 348 0 0 0 1 1 1
4 P_1 349 349 0.142796 0.203125 0.268855 1 1 1
4 P_1 350 350 0 0 0 1 1 1
4 P_1 351 351 0 0 0 1 1 1
4 P_1 352 352 0 0 0 1 1 1
4 P_1 353 353 0 0 0 1 1 1
4 P_1 354 354 0 0 0 1 1 1
4 P_1 355 355 0.1592125 0.22 0.2841115 1 1 1
4 P_1 356 356 0.1831415 0.24311926605504589 0.3037985 1 1 1
4 P_1 357 357 0 0 0 1 1 1
4 P_1 358 358 0.0336749 0.06666666666666667 0.118983 1 1 1
4 P_1 359 359 0 0 0 1 1 1
4 P_1 360 360 0.1183395 0.17307692307692307 0.236019 1 1 1
4 P_1 361 361 0.155341 0.21428571428571427 0.2770055 1 1 1
4 P_1 362 362 0 0 0 1 1 1
4 P_1 363 363 0 0 0 1 1 1
4 P_1 364 364 0 0 0 1 1 1
4 P_1 365 365 0 0 0 1 1 1
4 P_1 366 366 0.164372 0.22826086956521738 0.294759 1 1 1
4 P_1 367 367 0.1741245 0.23711340206185566 0.3015725 1 1 1
4 P_1 368 368 0 0 0 1 1 1
4 P_1 369 369 0.2205585 0.2796610169491525 0.3359625 1 1 1
4 P_1 370 370 0 0 0 1 1 1
4 P_1 371 371 0.1263125 0.18823529411764706 0.258154 1 1 1
4 P_1 372 372 0 0 0 1 1 1
4 P_1 373 373 0 0 0 1 1 1
4 P_1 374 374 0.0504085 0.09090909090909091 0.1491755 1 1 1
4 P_1 375 375 0 0 0 1 1 1
4 P_1 376 376 0.220828 0.2857142857142857 0.346566 1 1 1
4 P_1 377 377 0 0 0 1 1 1
4 P_1 378 378 0 0 0 1 1 1
4 P_1 379 379 0 0 0 1 1 1
4 P_1 380 380 0 0 0 1 1 1
4 P_1 381 381 0 0 0 1 1 1
4 P_1 382 382 0.153158 0.21666666666666667 0.2842615 1 1 1
4 P_1 383 383 0.1381455 0.19444444444444445 0.256458 1 1 1
4 P_1 384 384 0.1444235 0.20526315789473684 0.2713095 1 1 1
4 P_1 385 385 0 0 0 1 1 1
4 P_1 386 386 0 0 0 1 1 1
4 P_1 387 387 0.1638015 0.225 0.2889685 1 1 1
4 P_1 388 388 0 0 0 1 1 1
4 P_1 389 389 0.1711165 0.22844827586206898 0.2878495 1 1 1
4 P_1 390 390 0.0287734 0.0625 0.1196245 1 1 1
4 P_1 391 391 0 0 0 1 1 1
4 P_1 392 392 0.188581 0.24778761061946902 0.3072125 1 1 1
4 P_1 393 393 0 0 0 1 1 1
4 P_1 394 394 0 0 0 1 1 1
4 P_1 395 395 0.1317345 0.19230769230769232 0.259878 1 1 1
4 P_1 396 396 0.1534175 0.20833333333333334 0.2671205 1 1 1
4 P_1 397 397 0.1773525 0.23809523809523808 0.3000965 1 1 1
4 P_1 398 398 0.17582 0.24675324675324675 0.3181485 1 1 1
4 P_1 399 399 0.5 0.5 0.5 1 1 1
4 P_1 400 400 0 0 0 1 1 1
4 P_1 401 401 0 0 0 1 1 1
4 P_1 402 402 0.0590715 0.10588235294117647 0.171325 1 1 1
4 P_1 403 403 0 0 0 1 1 1
4 P_1 404 404 0 0 0 1 1 1
4 P_1 405 405 0 0 0 1 1 1
4 P_1 406 406 0.04196395 0.08064516129032258 0.1393975 1 1 1
4 P_1 407 407 0.03686185 0.07471264367816093 0.134697 1 1 1
4 P_1 408 408 0 0 0 1 1 1
4 P_1 409 409 0.1416325 0.20454545454545456 0.2731515 1 1 1
4 P_1 410 410 0 0 0 1 1 1
4 P_1 411 411 0.1638015 0.225 0.2889685 1 1 1
4 P_1 412 412 0 0 0 1 1 1
4 P_1 413 413 0.1239865 0.1827956989247312 0.249587 1 1 1
4 P_1 414 414 0 0 0 1 1 1
4 P_1 415 415 0.0530915 0.09405940594059406 0.1521125 1 1 1
4 P_1 416 416 0.1217405 0.17592592592592593 0.23773 1 1 1
4 P_1 417 417 0.2158885 0.28 0.3407875 1 1 1
4 P_1 418 418 0 0 0 1 1 1
4 P_1 419 419 0 0 0 1 1 1
4 P_1 420 420 0 0 0 1 1 1
4 P_1 421 421 0.1429705 0.20430107526881722 0.27106 1 1 1
4 P_1 422 422 0 0 0 1 1 1
4 P_1 423 423 0.130393 0.18947368421052632 0.255598 1 1 1
4 P_1 424 424 0 0 0 1 1 1
4 P_1 425 425 0 0 0 1 1 1
4 P_1 426 426 0 0 0 1 1 1
4 P_1 427 427 0.199547 0.2621359223300971 0.323418 1 1 1
4 P_1 428 428 0 0 0 1 1 1
4 P_1 429 429 0 0 0 1 1 1
4 P_1 430 430 0 0 0 1 1 1
4 P_1 431 431 0 0 0 1 1 1
4 P_1 432 432 0 0 0 1 1 1
4 P_1 433 433 0 0 0 1 1 1
4 P_1 434 434 0 0 0 1 1 1
4 P_1 435 435 0 0 0 1 1 1
4 P_1 436 436 0.154648 0.215 0.27923 1 1 1
4 P_1 437 437 0 0 0 1 1 1
4 P_1 438 438 0 0 0 1 1 1
4 P_1 439 439 0 0 0 1 1 1
4 P_1 440 440 0 0 0 1 1 1
