5 #m
106 #n
0 P_2 0 0 0.5 0.5 0.5 1 1 1
0 P_2 1 1 0.5 0.5 0.5 1 1 1
0 P_2 2 2 0.5 0.5 0.5 1 1 1
0 P_2 3 3 0 0 0 1 1 1
0 P_2 4 4 0.5 0.5 0.5 1 1 1
0 P_2 5 5 0.5 0.5 0.5 1 1 1
0 P_2 6 6 0.5 0.5 0.5 1 1 1
0 P_2 7 7 0.5 0.5 0.5 1 1 1
0 P_2 8 8 0.5 0.5 0.5 1 1 1
0 P_2 9 9 0.5 0.5 0.5 1 1 1
0 P_2 10 10 0.5 0.5 0.5 1 1 1
0 P_2 11 11 0.5 0.5 0.5 1 1 1
0 P_2 12 12 0 0 0 1 1 1
0 P_2 13 13 0.5 0.5 0.5 1 1 1
0 P_2 14 14 0.5 0.5 0.5 1 1 1
0 P_2 15 15 0.0542145 0.10833333333333334 0.187913 1 1 1
0 P_2 16 16 0.5 0.5 0.5 1 1 1
0 P_2 17 17 0.5 0.5 0.5 1 1 1
0 P_2 18 18 0 0 0 1 1 1
0 P_2 19 19 0.294814 0.3854166666666667 0.4460695 1 1 1
0 P_2 20 20 0.5 0.5 0.5 1 1 1
0 P_2 21 21 0.5 0.5 0.5 1 1 1
0 P_2 22 22 0.5 0.5 0.5 1 1 1
0 P_2 23 23 0.5 0.5 0.5 1 1 1
0 P_2 24 24 0.5 0.5 0.5 1 1 1
0 P_2 25 25 0.5 0.5 0.5 1 1 1
0 P_2 26 26 0 0 0 1 1 1
0 P_2 27 27 0.5 0.5 0.5 1 1 1
0 P_2 28 28 0.5 0.5 0.5 1 1 1
0 P_2 29 29 0.5 0.5 0.5 1 1 1
0 P_2 30 30 0.067106 0.1326530612244898 0.223682 1 1 1
0 P_2 31 31 0.5 0.5 0.5 1 1 1
0 P_2 32 32 0.0585785 0.12 0.2091165 1 1 1
0 P_2 33 33 0.5 0.5 0.5 1 1 1
0 P_2 34 34 0.279612 0.3723404255319149 0.4374675 1 1 1
0 P_2 35 35 0.5 0.5 0.5 1 1 1
0 P_2 36 36 0 0 0 1 1 1
0 P_2 37 37 0.5 0.5 0.5 1 1 1
0 P_2 38 38 0.5 0.5 0.5 1 1 1
0 P_2 39 39 0 0 0 1 1 1
0 P_2 40 40 0.5 0.5 0.5 1 1 1
0 P_2 41 41 0.5 0.5 0.5 1 1 1
0 P_2 42 42 0.0407233 0.09090909090909091 0.172077 1 1 1
0 P_2 43 43 0.5 0.5 0.5 1 1 1
0 P_2 44 44 0.5 0.5 0.5 1 1 1
0 P_2 45 45 0.0291424 0.08333333333333333 0.185289 1 1 1
0 P_2 46 46 0.5 0.5 0.5 1 1 1
0 P_2 47 47 0.5 0.5 0.5 1 1 1
0 P_2 48 48 0 0 0 1 1 1
0 P_2 49 49 0.5 0.5 0.5 1 1 1
0 P_2 50 50 0.5 0.5 0.5 1 1 1
0 P_2 51 51 0.5 0.5 0.5 1 1 1
0 P_2 52 52 0.5 0.5 0.5 1 1 1
0 P_2 53 53 0 0 0 1 1 1
0 P_2 54 54 0.5 0.5 0.5 1 1 1
0 P_2 55 55 0.5 0.5 0.5 1 1 1
0 P_2 56 56 0.5 0.5 0.5 1 1 1
0 P_2 57 57 0.5 0.5 0.5 1 1 1
0 P_2 58 58 0 0 0 1 1 1
0 P_2 59 59 0.5 0.5 0.5 1 1 1
0 P_2 60 60 0.357998 0.4387755102040816 0.4787655 1 1 1
0 P_2 61 61 0.5 0.5 0.5 1 1 1
0 P_2 62 62 0.5 0.5 0.5 1 1 1
0 P_2 63 63 0.5 0.5 0.5 1 1 1
0 P_2 64 64 0.5 0.5 0.5 1 1 1
0 P_2 65 65 0.5 0.5 0.5 1 1 1
0 P_2 66 66 0 0 0 1 1 1
0 P_2 67 67 0.5 0.5 0.5 1 1 1
0 P_2 68 68 0 0 0 1 1 1
0 P_2 69 69 0.5 0.5 0.5 1 1 1
0 P_2 70 70 0.5 0.5 0.5 1 1 1
0 P_2 71 71 0.5 0.5 0.5 1 1 1
0 P_2 72 72 0.0399685 0.08928571428571429 0.169378 1 1 1
0 P_2 73 73 0.5 0.5 0.5 1 1 1
0 P_2 74 74 0.5 0.5 0.5 1 1 1
0 P_2 75 75 0.5 0.5 0.5 1 1 1
0 P_2 76 76 0.5 0.5 0.5 1 1 1
0 P_2 77 77 0.5 0.5 0.5 1 1 1
0 P_2 78 78 0 0 0 1 1 1
0 P_2 79 79 0.5 0.5 0.5 1 1 1
0 P_2 80 80 0.5 0.5 0.5 1 1 1
0 P_2 81 81 0.5 0.5 0.5 1 1 1
0 P_2 82 82 0.5 0.5 0.5 1 1 1
0 P_2 83 83 0.5 0.5 0.5 1 1 1
0 P_2 84 84 0.5 0.5 0.5 1 1 1
0 P_2 85 85 0.5 0.5 0.5 1 1 1
0 P_2 86 86 0.5 0.5 0.5 1 1 1
0 P_2 87 87 0.5 0.5 0.5 1 1 1
0 P_2 88 88 0 0 0 1 1 1
0 P_2 89 89 0 0 0 1 1 1
0 P_2 90 90 0.5 0.5 0.5 1 1 1
0 P_2 91 91 0.5 0.5 0.5 1 1 1
0 P_2 92 92 0 0 0 1 1 1
0 P_2 93 93 0.5 0.5 0.5 1 1 1
0 P_2 94 94 0.5 0.5 0.5 1 1 1
0 P_2 95 95 0.5 0.5 0.5 1 1 1
0 P_2 96 96 0.5 0.5 0.5 1 1 1
0 P_2 97 97 0.5 0.5 0.5 1 1 1
0 P_2 98 98 0.5 0.5 0.5 1 1 1
0 P_2 99 99 0.5 0.5 0.5 1 1 1
0 P_2 100 100 0.5 0.5 0.5 1 1 1
0 P_2 101 101 0.5 0.5 0.5 1 1 1
0 P_2 102 102 0 0 0 1 1 1
0 P_2 103 103 0.5 0.5 0.5 1 1 1
0 P_2 104 104 0 0 0 1 1 1
0 P_2 105 105 0.5 0.5 0.5 1 1 1
1 P_6 0 0 0.2833375 0.3888888888888889 0.4545475 1 1 1
1 P_6 1 1 0.2748635 0.37209302325581395 0.4394375 1 1 1
1 P_6 2 2 0.218073 0.3055555555555556 0.382001 1 1 1
1 P_6 3 3 0 0 0 1 1 1
1 P_6 4 4 0.2670895 0.36363636363636365 0.4329385 1 1 1
1 P_6 5 5 0.252891 0.34782608695652173 0.420234 1 1 1
1 P_6 6 6 0.2134705 0.3 0.376764 1 1 1
1 P_6 7 7 0.1949475 0.2857142857142857 0.3687155 1 1 1
1 P_6 8 8 0.243105 0.3230769230769231 0.390847 1 1 1
1 P_6 9 9 0.186877 0.2894736842105263 0.381241 1 1 1
1 P_6 10 10 0.283499 0.375 0.438844 1 1 1
1 P_6 11 11 0.5 0.5 0.5 1 1 1
1 P_6 12 12 0.076218 0.14583333333333334 0.238511 1 1 1
1 P_6 13 13 0.223549 0.3137254901960784 0.3905525 1 1 1
1 P_6 14 14 0.305201 0.39215686274509803 0.4493925 1 1 1
1 P_6 15 15 0.065685 0.13 0.219889 1 1 1
1 P_6 16 16 0.2415965 0.330188679245283 0.4025755 1 1 1
1 P_6 17 17 0.277771 0.36363636363636365 0.4273295 1 1 1
1 P_6 18 18 0 0 0 1 1 1
1 P_6 19 19 0.1024785 0.18085106382978725 0.2748435 1 1 1
1 P_6 20 20 0.2705625 0.3524590163934426 0.4162035 1 1 1
1 P_6 21 21 0.2806335 0.36792452830188677 0.4314035 1 1 1
1 P_6 22 22 0.5 0.5 0.5 1 1 1
1 P_6 23 23 0.261489 0.3541666666666667 0.423782 1 1 1
1 P_6 24 24 0.2552075 0.3389830508474576 0.40649 1 1 1
1 P_6 25 25 0.230016 0.3333333333333333 0.414334 1 1 1
1 P_6 26 26 0 0 0 1 1 1
1 P_6 27 27 0.220312 0.31521739130434784 0.3950955 1 1 1
1 P_6 28 28 0.304262 0.3888888888888889 0.4459735 1 1 1
1 P_6 29 29 0.311569 0.39622641509433965 0.451389 1 1 1
1 P_6 30 30 0.0506075 0.10784313725490197 0.194799 1 1 1
1 P_6 31 31 0.5 0.5 0.5 1 1 1
1 P_6 32 32 0.02265905 0.0603448275862069 0.133086 1 1 1
1 P_6 33 33 0.5 0.5 0.5 1 1 1
1 P_6 34 34 0.1838125 0.26785714285714285 0.3484715 1 1 1
1 P_6 35 35 0.1991505 0.3055555555555556 0.3959615 1 1 1
1 P_6 36 36 0 0 0 1 1 1
1 P_6 37 37 0.228356 0.30952380952380953 0.380455 1 1 1
1 P_6 38 38 0.2134705 0.3 0.376764 1 1 1
1 P_6 39 39 0 0 0 1 1 1
1 P_6 40 40 0.2298435 0.3229166666666667 0.3998365 1 1 1
1 P_6 41 41 0.26693 0.3557692307692308 0.422863 1 1 1
1 P_6 42 42 0 0 0 1 1 1
1 P_6 43 43 0.155915 0.24468085106382978 0.334649 1 1 1
1 P_6 44 44 0.2176875 0.30357142857142855 0.379167 1 1 1
1 P_6 45 45 0.0385059 0.09 0.175527 1 1 1
1 P_6 46 46 0.240684 0.3225806451612903 0.391808 1 1 1
1 P_6 47 47 0.25164 0.33620689655172414 0.404758 1 1 1
1 P_6 48 48 0 0 0 1 1 1
1 P_6 49 49 0.2363025 0.32407407407407407 0.3971325 1 1 1
1 P_6 50 50 0.2655735 0.35714285714285715 0.4254395 1 1 1
1 P_6 51 51 0.2733475 0.3627450980392157 0.4285465 1 1 1
1 P_6 52 52 0.195735 0.2830188679245283 0.363627 1 1 1
1 P_6 53 53 0 0 0 1 1 1
1 P_6 54 54 0.204846 0.2894736842105263 0.366644 1 1 1
1 P_6 55 55 0.214797 0.30851063829787234 0.3890055 1 1 1
1 P_6 56 56 0.5 0.5 0.5 1 1 1
1 P_6 57 57 0.2213315 0.3050847457627119 0.378763 1 1 1
1 P_6 58 58 0 0 0 1 1 1
1 P_6 59 59 0.2531055 0.35365853658536583 0.4276975 1 1 1
1 P_6 60 60 0.116938 0.19791666666666666 0.2904365 1 1 1
1 P_6 61 61 0.294814 0.3854166666666667 0.4460695 1 1 1
1 P_6 62 62 0.223549 0.3137254901960784 0.3905525 1 1 1
1 P_6 63 63 0.2288295 0.32 0.3962365 1 1 1
1 P_6 64 64 0.204599 0.2978723404255319 0.380329 1 1 1
1 P_6 65 65 0.1945585 0.2872340425531915 0.371496 1 1 1
1 P_6 66 66 0 0 0 1 1 1
1 P_6 67 67 0.5 0.5 0.5 1 1 1
1 P_6 68 68 0.0342415 0.08035714285714286 0.1589365 1 1 1
1 P_6 69 69 0.253253 0.3392857142857143 0.408179 1 1 1
1 P_6 70 70 0.248363 0.34444444444444444 0.4183325 1 1 1
1 P_6 71 71 0.235683 0.32978723404255317 0.4058715 1 1 1
1 P_6 72 72 0.0419892 0.09016393442622951 0.1665985 1 1 1
1 P_6 73 73 0.223549 0.3137254901960784 0.3905525 1 1 1
1 P_6 74 74 0.3231485 0.40350877192982454 0.4549425 1 1 1
1 P_6 75 75 0.2742685 0.3611111111111111 0.4258995 1 1 1
1 P_6 76 76 0.220928 0.30327868852459017 0.3761845 1 1 1
1 P_6 77 77 0.223549 0.3137254901960784 0.3905525 1 1 1
1 P_6 78 78 0 0 0 1 1 1
1 P_6 79 79 0.1682705 0.2549019607843137 0.3405065 1 1 1
1 P_6 80 80 0.2272505 0.32558139534883723 0.4053895 1 1 1
1 P_6 81 81 0.257944 0.35714285714285715 0.4295335 1 1 1
1 P_6 82 82 0.226133 0.32222222222222224 0.4013325 1 1 1
1 P_6 83 83 0.2837805 0.37254901960784315 0.435677 1 1 1
1 P_6 84 84 0.1737365 0.26666666666666666 0.355677 1 1 1
1 P_6 85 85 0.26693 0.3557692307692308 0.422863 1 1 1
1 P_6 86 86 0.249482 0.33636363636363636 0.4063845 1 1 1
1 P_6 87 87 0.2591115 0.35 0.4195655 1 1 1
1 P_6 88 88 0.0410639 0.09574468085106383 0.185173 1 1 1
1 P_6 89 89 0.02756255 0.07894736842105263 0.177011 1 1 1
1 P_6 90 90 0.214797 0.30851063829787234 0.3890055 1 1 1
1 P_6 91 91 0.5 0.5 0.5 1 1 1
1 P_6 92 92 0 0 0 1 1 1
1 P_6 93 93 0.2559645 0.358974358974359 0.4328215 1 1 1
1 P_6 94 94 0.240222 0.3333333333333333 0.4079865 1 1 1
1 P_6 95 95 0.2806335 0.36792452830188677 0.4314035 1 1 1
1 P_6 96 96 0.1898885 0.28125 0.3656855 1 1 1
1 P_6 97 97 0.2837805 0.37254901960784315 0.435677 1 1 1
1 P_6 98 98 0.2507675 0.34375 0.415971 1 1 1
1 P_6 99 99 0.2211065 0.3181818181818182 0.3988935 1 1 1
1 P_6 100 100 0.2289725 0.3114754098360656 0.3830805 1 1 1
1 P_6 101 101 0.2572635 0.35106382978723405 0.4220485 1 1 1
1 P_6 102 102 0 0 0 1 1 1
1 P_6 103 103 0.5 0.5 0.5 1 1 1
1 P_6 104 104 0 0 0 1 1 1
1 P_6 105 105 0.2288295 0.32 0.3962365 1 1 1
2 P_3 0 0 0.5 0.5 0.5 1 1 1
2 P_3 1 1 0.5 0.5 0.5 1 1 1
2 P_3 2 2 0.5 0.5 0.5 1 1 1
2 P_3 3 3 0 0 0 1 1 1
2 P_3 4 4 0.5 0.5 0.5 1 1 1
2 P_3 5 5 0.5 0.5 0.5 1 1 1
2 P_3 6 6 0.5 0.5 0.5 1 1 1
2 P_3 7 7 0.5 0.5 0.5 1 1 1
2 P_3 8 8 0.5 0.5 0.5 1 1 1
2 P_3 9 9 0.5 0.5 0.5 1 1 1
2 P_3 10 10 0.5 0.5 0.5 1 1 1
2 P_3 11 11 0.5 0.5 0.5 1 1 1
2 P_3 12 12 0 0 0 1 1 1
2 P_3 13 13 0.5 0.5 0.5 1 1 1
2 P_3 14 14 0.5 0.5 0.5 1 1 1
2 P_3 15 15 0 0 0 1 1 1
2 P_3 16 16 0.5 0.5 0.5 1 1 1
2 P_3 17 17 0.5 0.5 0.5 1 1 1
2 P_3 18 18 0 0 0 1 1 1
2 P_3 19 19 0.5 0.5 0.5 1 1 1
2 P_3 20 20 0.5 0.5 0.5 1 1 1
2 P_3 21 21 0.5 0.5 0.5 1 1 1
2 P_3 22 22 0.5 0.5 0.5 1 1 1
2 P_3 23 23 0.5 0.5 0.5 1 1 1
2 P_3 24 24 0.5 0.5 0.5 1 1 1
2 P_3 25 25 0.5 0.5 0.5 1 1 1
2 P_3 26 26 0 0 0 1 1 1
2 P_3 27 27 0.5 0.5 0.5 1 1 1
2 P_3 28 28 0.5 0.5 0.5 1 1 1
2 P_3 29 29 0.5 0.5 0.5 1 1 1
2 P_3 30 30 0 0 0 1 1 1
2 P_3 31 31 0.5 0.5 0.5 1 1 1
2 P_3 32 32 0 0 0 1 1 1
2 P_3 33 33 0.5 0.5 0.5 1 1 1
2 P_3 34 34 0.5 0.5 0.5 1 1 1
2 P_3 35 35 0.5 0.5 0.5 1 1 1
2 P_3 36 36 0 0 0 1 1 1
2 P_3 37 37 0.5 0.5 0.5 1 1 1
2 P_3 38 38 0.5 0.5 0.5 1 1 1
2 P_3 39 39 0 0 0 1 1 1
2 P_3 40 40 0.5 0.5 0.5 1 1 1
2 P_3 41 41 0.5 0.5 0.5 1 1 1
2 P_3 42 42 0 0 0 1 1 1
2 P_3 43 43 0.5 0.5 0.5 1 1 1
2 P_3 44 44 0.5 0.5 0.5 1 1 1
2 P_3 45 45 0 0 0 1 1 1
2 P_3 46 46 0.5 0.5 0.5 1 1 1
2 P_3 47 47 0.5 0.5 0.5 1 1 1
2 P_3 48 48 0 0 0 1 1 1
2 P_3 49 49 0.5 0.5 0.5 1 1 1
2 P_3 50 50 0.5 0.5 0.5 1 1 1
2 P_3 51 51 0.5 0.5 0.5 1 1 1
2 P_3 52 52 0.5 0.5 0.5 1 1 1
2 P_3 53 53 0 0 0 1 1 1
2 P_3 54 54 0.5 0.5 0.5 1 1 1
2 P_3 55 55 0.5 0.5 0.5 1 1 1
2 P_3 56 56 0.5 0.5 0.5 1 1 1
2 P_3 57 57 0.5 0.5 0.5 1 1 1
2 P_3 58 58 0 0 0 1 1 1
2 P_3 59 59 0.5 0.5 0.5 1 1 1
2 P_3 60 60 0.5 0.5 0.5 1 1 1
2 P_3 61 61 0.5 0.5 0.5 1 1 1
2 P_3 62 62 0.5 0.5 0.5 1 1 1
2 P_3 63 63 0.5 0.5 0.5 1 1 1
2 P_3 64 64 0.5 0.5 0.5 1 1 1
2 P_3 65 65 0.5 0.5 0.5 1 1 1
2 P_3 66 66 0 0 0 1 1 1
2 P_3 67 67 0.5 0.5 0.5 1 1 1
2 P_3 68 68 0 0 0 1 1 1
2 P_3 69 69 0.5 0.5 0.5 1 1 1
2 P_3 70 70 0.5 0.5 0.5 1 1 1
2 P_3 71 71 0.5 0.5 0.5 1 1 1
2 P_3 72 72 0 0 0 1 1 1
2 P_3 73 73 0.5 0.5 0.5 1 1 1
2 P_3 74 74 0.5 0.5 0.5 1 1 1
2 P_3 75 75 0.5 0.5 0.5 1 1 1
2 P_3 76 76 0.5 0.5 0.5 1 1 1
2 P_3 77 77 0.5 0.5 0.5 1 1 1
2 P_3 78 78 0 0 0 1 1 1
2 P_3 79 79 0.5 0.5 0.5 1 1 1
2 P_3 80 80 0.5 0.5 0.5 1 1 1
2 P_3 81 81 0.5 0.5 0.5 1 1 1
2 P_3 82 82 0.5 0.5 0.5 1 1 1
2 P_3 83 83 0.5 0.5 0.5 1 1 1
2 P_3 84 84 0.5 0.5 0.5 1 1 1
2 P_3 85 85 0.5 0.5 0.5 1 1 1
2 P_3 86 86 0.5 0.5 0.5 1 1 1
2 P_3 87 87 0.5 0.5 0.5 1 1 1
2 P_3 88 88 0 0 0 1 1 1
2 P_3 89 89 0 0 0 1 1 1
2 P_3 90 90 0.5 0.5 0.5 1 1 1
2 P_3 91 91 0.5 0.5 0.5 1 1 1
2 P_3 92 92 0 0 0 1 1 1
2 P_3 93 93 0.5 0.5 0.5 1 1 1
2 P_3 94 94 0.5 0.5 0.5 1 1 1
2 P_3 95 95 0.5 0.5 0.5 1 1 1
2 P_3 96 96 0.5 0.5 0.5 1 1 1
2 P_3 97 97 0.5 0.5 0.5 1 1 1
2 P_3 98 98 0.5 0.5 0.5 1 1 1
2 P_3 99 99 0.5 0.5 0.5 1 1 1
2 P_3 100 100 0.5 0.5 0.5 1 1 1
2 P_3 101 101 0.5 0.5 0.5 1 1 1
2 P_3 102 102 0 0 0 1 1 1
2 P_3 103 103 0.5 0.5 0.5 1 1 1
2 P_3 104 104 0 0 0 1 1 1
2 P_3 105 105 0.5 0.5 0.5 1 1 1
3 P_5 0 0 0.2706565 0.3584905660377358 0.424412 1 1 1
3 P_5 1 1 0.239136 0.32456140350877194 0.3959055 1 1 1
3 P_5 2 2 0.1991045 0.3026315789473684 0.3917215 1 1 1
3 P_5 3 3 0 0 0 1 1 1
3 P_5 4 4 0.252891 0.34782608695652173 0.420234 1 1 1
3 P_5 5 5 0.16685 0.25510204081632654 0.342245 1 1 1
3 P_5 6 6 0.2343795 0.32653061224489793 0.402048 1 1 1
3 P_5 7 7 0.2641335 0.358695652173913 0.4282345 1 1 1
3 P_5 8 8 0.204668 0.29245283018867924 0.371655 1 1 1
3 P_5 9 9 0.313045 0.4 0.455029 1 1 1
3 P_5 10 10 0.2507675 0.34375 0.415971 1 1 1
3 P_5 11 11 0.5 0.5 0.5 1 1 1
3 P_5 12 12 0 0 0 1 1 1
3 P_5 13 13 0.3526915 0.43617021276595747 0.477841 1 1 1
3 P_5 14 14 0.190805 0.2692307692307692 0.3444445 1 1 1
3 P_5 15 15 0.0639725 0.13043478260869565 0.2244135 1 1 1
3 P_5 16 16 0.204652 0.3 0.3835905 1 1 1
3 P_5 17 17 0.172126 0.2543859649122807 0.335817 1 1 1
3 P_5 18 18 0.0359693 0.08064516129032258 0.154793 1 1 1
3 P_5 19 19 0.1037635 0.18 0.2711705 1 1 1
3 P_5 20 20 0.184615 0.2672413793103448 0.346663 1 1 1
3 P_5 21 21 0.155915 0.24468085106382978 0.334649 1 1 1
3 P_5 22 22 0.5 0.5 0.5 1 1 1
3 P_5 23 23 0.1830465 0.27906976744186046 0.3679655 1 1 1
3 P_5 24 24 0.2174595 0.32051282051282054 0.4046785 1 1 1
3 P_5 25 25 0.2457345 0.34523809523809523 0.4209045 1 1 1
3 P_5 26 26 0.0817345 0.14655172413793102 0.230582 1 1 1
3 P_5 27 27 0.2697075 0.3484848484848485 0.411059 1 1 1
3 P_5 28 28 0.1838725 0.2777777777777778 0.36515 1 1 1
3 P_5 29 29 0.2046135 0.29411764705882354 0.374378 1 1 1
3 P_5 30 30 0.086206 0.1568627450980392 0.247021 1 1 1
3 P_5 31 31 0.5 0.5 0.5 1 1 1
3 P_5 32 32 0.066279 0.125 0.2061995 1 1 1
3 P_5 33 33 0.5 0.5 0.5 1 1 1
3 P_5 34 34 0.0810925 0.14814814814814814 0.2354245 1 1 1
3 P_5 35 35 0.233767 0.3333333333333333 0.41203650000000003 1 1 1
3 P_5 36 36 0 0 0 1 1 1
3 P_5 37 37 0.224301 0.3163265306122449 0.393934 1 1 1
3 P_5 38 38 0.143221 0.22916666666666666 0.31973 1 1 1
3 P_5 39 39 0.0506075 0.10784313725490197 0.194799 1 1 1
3 P_5 40 40 0.18027 0.2708333333333333 0.356779 1 1 1
3 P_5 41 41 0.201056 0.2833333333333333 0.3596085 1 1 1
3 P_5 42 42 0 0 0 1 1 1
3 P_5 43 43 0.1315995 0.21739130434782608 0.310699 1 1 1
3 P_5 44 44 0.2211065 0.3181818181818182 0.3988935 1 1 1
3 P_5 45 45 0.119323 0.20454545454545456 0.3006795 1 1 1
3 P_5 46 46 0.2572635 0.35106382978723405 0.4220485 1 1 1
3 P_5 47 47 0.2552075 0.3389830508474576 0.40649 1 1 1
3 P_5 48 48 0.04505635 0.10465116279069768 0.199784 1 1 1
3 P_5 49 49 0.2415965 0.330188679245283 0.4025755 1 1 1
3 P_5 50 50 0.2304095 0.3157894736842105 0.388743 1 1 1
3 P_5 51 51 0.2679075 0.34558823529411764 0.407978 1 1 1
3 P_5 52 52 0.2091325 0.2962962962962963 0.374262 1 1 1
3 P_5 53 53 0.0287382 0.07142857142857142 0.148264 1 1 1
3 P_5 54 54 0.1821125 0.2692307692307692 0.3523915 1 1 1
3 P_5 55 55 0.2298435 0.3229166666666667 0.3998365 1 1 1
3 P_5 56 56 0.5 0.5 0.5 1 1 1
3 P_5 57 57 0.2403055 0.32727272727272727 0.399152 1 1 1
3 P_5 58 58 0 0 0 1 1 1
3 P_5 59 59 0.2430255 0.3333333333333333 0.406189 1 1 1
3 P_5 60 60 0.070144 0.12686567164179105 0.20355 1 1 1
3 P_5 61 61 0.2645755 0.35185185185185186 0.4189075 1 1 1
3 P_5 62 62 0.238073 0.3220338983050847 0.392822 1 1 1
3 P_5 63 63 0.214797 0.30851063829787234 0.3890055 1 1 1
3 P_5 64 64 0.2415965 0.330188679245283 0.4025755 1 1 1
3 P_5 65 65 0.230989 0.32608695652173914 0.403656 1 1 1
3 P_5 66 66 0 0 0 1 1 1
3 P_5 67 67 0.5 0.5 0.5 1 1 1
3 P_5 68 68 0.0998635 0.16666666666666666 0.2477975 1 1 1
3 P_5 69 69 0.389071 0.47297297297297297 0.495454 1 1 1
3 P_5 70 70 0.3796975 0.4491525423728814 0.482431 1 1 1
3 P_5 71 71 0.2251565 0.3191489361702128 0.3975215 1 1 1
3 P_5 72 72 0.065392 0.1375 0.2390285 1 1 1
3 P_5 73 73 0.2463825 0.3404255319148936 0.41405 1 1 1
3 P_5 74 74 0.1936865 0.27419354838709675 0.350476 1 1 1
3 P_5 75 75 0.2101195 0.3068181818181818 0.3898785 1 1 1
3 P_5 76 76 0.5 0.5 0.5 1 1 1
3 P_5 77 77 0.2973305 0.38181818181818183 0.440601 1 1 1
3 P_5 78 78 0 0 0 1 1 1
3 P_5 79 79 0.268336 0.3617021276595745 0.4298585 1 1 1
3 P_5 80 80 0.209029 0.29310344827586204 0.369166 1 1 1
3 P_5 81 81 0.186268 0.2916666666666667 0.3850645 1 1 1
3 P_5 82 82 0.204599 0.2978723404255319 0.380329 1 1 1
3 P_5 83 83 0.2343795 0.32653061224489793 0.402048 1 1 1
3 P_5 84 84 0.252979 0.3431372549019608 0.413794 1 1 1
3 P_5 85 85 0.178266 0.2727272727272727 0.3617315 1 1 1
3 P_5 86 86 0.1915875 0.2777777777777778 0.3584485 1 1 1
3 P_5 87 87 0.2550085 0.3469387755102041 0.417808 1 1 1
3 P_5 88 88 0.0598395 0.12244897959183673 0.212746 1 1 1
3 P_5 89 89 0.04416675 0.10810810810810811 0.2118075 1 1 1
3 P_5 90 90 0.222887 0.3113207547169811 0.387359 1 1 1
3 P_5 91 91 0.5 0.5 0.5 1 1 1
3 P_5 92 92 0.0539305 0.11458333333333333 0.205186 1 1 1
3 P_5 93 93 0.324473 0.41 0.461494 1 1 1
3 P_5 94 94 0.248363 0.34444444444444444 0.4183325 1 1 1
3 P_5 95 95 0.2093745 0.3 0.3799555 1 1 1
3 P_5 96 96 0.2140155 0.30392156862745096 0.3825305 1 1 1
3 P_5 97 97 0.199202 0.2976190476190476 0.384108 1 1 1
3 P_5 98 98 0.1991505 0.3055555555555556 0.3959615 1 1 1
3 P_5 99 99 0.2196255 0.3125 0.3915265 1 1 1
3 P_5 100 100 0.2591115 0.35 0.4195655 1 1 1
3 P_5 101 101 0.240684 0.3225806451612903 0.391808 1 1 1
3 P_5 102 102 0 0 0 1 1 1
3 P_5 103 103 0.5 0.5 0.5 1 1 1
3 P_5 104 104 0 0 0 1 1 1
3 P_5 105 105 0.233767 0.3333333333333333 0.41203650000000003 1 1 1
4 P_1 0 0 0.03229925 0.08 0.163832 1 1 1
4 P_1 1 1 0.0576905 0.1323529411764706 0.242617 1 1 1
4 P_1 2 2 0.030817 0.08139534883720931 0.1731255 1 1 1
4 P_1 3 3 0 0 0 1 1 1
4 P_1 4 4 0.0539875 0.11904761904761904 0.2168445 1 1 1
4 P_1 5 5 0.0506075 0.10784313725490197 0.194799 1 1 1
4 P_1 6 6 0.065685 0.13 0.219889 1 1 1
4 P_1 7 7 0.0316456 0.0784313725490196 0.1610165 1 1 1
4 P_1 8 8 0.0294049 0.07777777777777778 0.1664635 1 1 1
4 P_1 9 9 0.02683525 0.07692307692307693 0.1731395 1 1 1
4 P_1 10 10 0.02756255 0.07894736842105263 0.177011 1 1 1
4 P_1 11 11 0.5 0.5 0.5 1 1 1
4 P_1 12 12 0 0 0 1 1 1
4 P_1 13 13 0.1101215 0.19318181818181818 0.2898805 1 1 1
4 P_1 14 14 0.051409 0.11363636363636363 0.2085275 1 1 1
4 P_1 15 15 0.03425595 0.07692307692307693 0.1483965 1 1 1
4 P_1 16 16 0.0377228 0.08823529411764706 0.172528 1 1 1
4 P_1 17 17 0.02316825 0.06666666666666667 0.153023 1 1 1
4 P_1 18 18 0.223443 0.3014705882352941 0.371261 1 1 1
4 P_1 19 19 0 0 0 1 1 1
4 P_1 20 20 0.04296735 0.1 0.192206 1 1 1
4 P_1 21 21 0.030817 0.08139534883720931 0.1731255 1 1 1
4 P_1 22 22 0.5 0.5 0.5 1 1 1
4 P_1 23 23 0.0211655 0.056451612903225805 0.125337 1 1 1
4 P_1 24 24 0.03000235 0.08571428571428572 0.1897205 1 1 1
4 P_1 25 25 0.0401742 0.09375 0.1818435 1 1 1
4 P_1 26 26 0.047671 0.10185185185185185 0.185398 1 1 1
4 P_1 27 27 0.06163 0.11428571428571428 0.188045 1 1 1
4 P_1 28 28 0.02316825 0.06666666666666667 0.153023 1 1 1
4 P_1 29 29 0.065685 0.13 0.219889 1 1 1
4 P_1 30 30 0.02534185 0.0673076923076923 0.1466735 1 1 1
4 P_1 31 31 0.5 0.5 0.5 1 1 1
4 P_1 32 32 0.02215915 0.06382978723404255 0.1473085 1 1 1
4 P_1 33 33 0.5 0.5 0.5 1 1 1
4 P_1 34 34 0 0 0 1 1 1
4 P_1 35 35 0.03932235 0.09183673469387756 0.17863 1 1 1
4 P_1 36 36 0 0 0 1 1 1
4 P_1 37 37 0.076555 0.14035087719298245 0.2248425 1 1 1
4 P_1 38 38 0.02549025 0.07317073170731707 0.1658775 1 1 1
4 P_1 39 39 0.067106 0.1326530612244898 0.223682 1 1 1
4 P_1 40 40 0.01499805 0.04807692307692308 0.1223645 1 1 1
4 P_1 41 41 0.047671 0.10185185185185185 0.185398 1 1 1
4 P_1 42 42 0 0 0 1 1 1
4 P_1 43 43 0.0701415 0.13829787234042554 0.231664 1 1 1
4 P_1 44 44 0.0181968 0.05813953488372093 0.144767 1 1 1
4 P_1 45 45 0.02821975 0.07017543859649122 0.1459505 1 1 1
4 P_1 46 46 0.058381 0.1282051282051282 0.2306075 1 1 1
4 P_1 47 47 0.0294049 0.07777777777777778 0.1664635 1 1 1
4 P_1 48 48 0.069748 0.15151515151515152 0.2639095 1 1 1
4 P_1 49 49 0.0362485 0.08490566037735849 0.166825 1 1 1
4 P_1 50 50 0.02265245 0.06521739130434782 0.1501115 1 1 1
4 P_1 51 51 0.00624455 0.027777777777777776 0.0928105 1 1 1
4 P_1 52 52 0.0281167 0.07446808510638298 0.16029 1 1 1
4 P_1 53 53 0.136869 0.22 0.309534 1 1 1
4 P_1 54 54 0.054304 0.125 0.231626 1 1 1
4 P_1 55 55 0.0483891 0.1 0.1785595 1 1 1
4 P_1 56 56 0.5 0.5 0.5 1 1 1
4 P_1 57 57 0.0292761 0.07272727272727272 0.150652 1 1 1
4 P_1 58 58 0 0 0 1 1 1
4 P_1 59 59 0.0407233 0.09090909090909091 0.172077 1 1 1
4 P_1 60 60 0 0 0 1 1 1
4 P_1 61 61 0.0304147 0.07547169811320754 0.1556635 1 1 1
4 P_1 62 62 0.02756255 0.07894736842105263 0.177011 1 1 1
4 P_1 63 63 0.05721 0.11403508771929824 0.1965015 1 1 1
4 P_1 64 64 0.0526665 0.11627906976744186 0.2126065 1 1 1
4 P_1 65 65 0.03704655 0.09722222222222222 0.201238 1 1 1
4 P_1 66 66 0 0 0 1 1 1
4 P_1 67 67 0.5 0.5 0.5 1 1 1
4 P_1 68 68 0.0304147 0.07547169811320754 0.1556635 1 1 1
4 P_1 69 69 0.17666 0.25862068965517243 0.338979 1 1 1
4 P_1 70 70 0.167474 0.25 0.332526 1 1 1
4 P_1 71 71 0.04497075 0.1 0.186955 1 1 1
4 P_1 72 72 0.0502105 0.1111111111111111 0.2045995 1 1 1
4 P_1 73 73 0.04676675 0.1 0.18246 1 1 1
4 P_1 74 74 0.058284 0.11607142857142858 0.1995385 1 1 1
4 P_1 75 75 0.0790955 0.15476190476190477 0.2542655 1 1 1
4 P_1 76 76 0.5 0.5 0.5 1 1 1
4 P_1 77 77 0.04316945 0.09615384615384616 0.1807095 1 1 1
4 P_1 78 78 0 0 0 1 1 1
4 P_1 79 79 0.0619245 0.1171875 0.194925 1 1 1
4 P_1 80 80 0.03443325 0.0851063829787234 0.1728945 1 1 1
4 P_1 81 81 0.03101795 0.07692307692307693 0.158295 1 1 1
4 P_1 82 82 0.01529675 0.049019607843137254 0.1245075 1 1 1
4 P_1 83 83 0.01863855 0.05952380952380952 0.1477685 1 1 1
4 P_1 84 84 0.0605575 0.12037037037037036 0.2058985 1 1 1
4 P_1 85 85 0.0670615 0.13636363636363635 0.2329105 1 1 1
4 P_1 86 86 0.03302275 0.07758620689655173 0.154076 1 1 1
4 P_1 87 87 0.075588 0.14150943396226415 0.2293435 1 1 1
4 P_1 88 88 0.052997 0.10909090909090909 0.1926525 1 1 1
4 P_1 89 89 0.04505755 0.09649122807017543 0.1768515 1 1 1
4 P_1 90 90 0.01910235 0.06097560975609756 0.150896 1 1 1
4 P_1 91 91 0.5 0.5 0.5 1 1 1
4 P_1 92 92 0.145664 0.23809523809523808 0.3335095 1 1 1
4 P_1 93 93 0.18121 0.27 0.354521 1 1 1
4 P_1 94 94 0.0216869 0.0625 0.144607 1 1 1
4 P_1 95 95 0.03157525 0.08333333333333333 0.176658 1 1 1
4 P_1 96 96 0.077137 0.14423076923076922 0.23307 1 1 1
4 P_1 97 97 0.04906695 0.10869565217391304 0.200814 1 1 1
4 P_1 98 98 0.059399 0.11818181818181818 0.2026695 1 1 1
4 P_1 99 99 0.04316945 0.09615384615384616 0.1807095 1 1 1
4 P_1 100 100 0.072974 0.14 0.2304755 1 1 1
4 P_1 101 101 0.077137 0.14423076923076922 0.23307 1 1 1
4 P_1 102 102 0 0 0 1 1 1
4 P_1 103 103 0.5 0.5 0.5 1 1 1
4 P_1 104 104 0 0 0 1 1 1
4 P_1 105 105 0.05621 0.11538461538461539 0.20221 1 1 1
