5 #m
47 #n
0 P_3 0 0 0.5 0.5 0.5 1 1 1
0 P_3 1 1 0.1264905 0.1321 0.1378455 1 1 1
0 P_3 2 2 0.07211 0.07665 0.0813895 1 1 1
0 P_3 3 3 0.07328 0.07785 0.0826185 1 1 1
0 P_3 4 4 0 0 0 1 1 1
0 P_3 5 5 0 0 0 1 1 1
0 P_3 6 6 0.180905 0.1871 0.193367 1 1 1
0 P_3 7 7 0.07328 0.07785 0.0826185 1 1 1
0 P_3 8 8 0.0515175 0.05545 0.0596065 1 1 1
0 P_3 9 9 0.07211 0.07665 0.0813895 1 1 1
0 P_3 10 10 0 0 0 1 1 1
0 P_3 11 11 0.180905 0.1871 0.193367 1 1 1
0 P_3 12 12 0.180905 0.1871 0.193367 1 1 1
0 P_3 13 13 0 0 0 1 1 1
0 P_3 14 14 0.0979255 0.10305 0.1083435 1 1 1
0 P_3 15 15 0.5 0.5 0.5 1 1 1
0 P_3 16 16 0.5 0.5 0.5 1 1 1
0 P_3 17 17 0.07211 0.07665 0.0813895 1 1 1
0 P_3 18 18 0.5 0.5 0.5 1 1 1
0 P_3 19 19 0 0 0 1 1 1
0 P_3 20 20 0.1264905 0.1321 0.1378455 1 1 1
0 P_3 21 21 0.0979255 0.10305 0.1083435 1 1 1
0 P_3 22 22 0.5 0.5 0.5 1 1 1
0 P_3 23 23 0.180905 0.1871 0.193367 1 1 1
0 P_3 24 24 0.07328 0.07785 0.0826185 1 1 1
0 P_3 25 25 0 0 0 1 1 1
0 P_3 26 26 0 0 0 1 1 1
0 P_3 27 27 0.0515175 0.05545 0.0596065 1 1 1
0 P_3 28 28 0.0515175 0.05545 0.0596065 1 1 1
0 P_3 29 29 0.180905 0.1871 0.193367 1 1 1
0 P_3 30 30 0.07211 0.07665 0.0813895 1 1 1
0 P_3 31 31 0.180905 0.1871 0.193367 1 1 1
0 P_3 32 32 0 0 0 1 1 1
0 P_3 33 33 0.0979255 0.10305 0.1083435 1 1 1
0 P_3 34 34 0 0 0 1 1 1
0 P_3 35 35 0.3622055 0.36795 0.373559 1 1 1
0 P_3 36 36 0.1747525 0.1809 0.187127 1 1 1
0 P_3 37 37 0 0 0 1 1 1
0 P_3 38 38 0.0515175 0.05545 0.0596065 1 1 1
0 P_3 39 39 0 0 0 1 1 1
0 P_3 40 40 0 0 0 1 1 1
0 P_3 41 41 0.180905 0.1871 0.193367 1 1 1
0 P_3 42 42 0.0979255 0.10305 0.1083435 1 1 1
0 P_3 43 43 0.180905 0.1871 0.193367 1 1 1
0 P_3 44 44 0 0 0 1 1 1
0 P_3 45 45 0 0 0 1 1 1
0 P_3 46 46 0.0515175 0.05545 0.0596065 1 1 1
1 P_7 0 0 0.5 0.5 0.5 1 1 1
1 P_7 1 1 0 0 0 1 1 1
1 P_7 2 2 0 0 0 1 1 1
1 P_7 3 3 0 0 0 1 1 1
1 P_7 4 4 0.339293 0.3453 0.3511975 1 1 1
1 P_7 5 5 0.339293 0.3453 0.3511975 1 1 1
1 P_7 6 6 0.148852 0.15475 0.1607575 1 1 1
1 P_7 7 7 0 0 0 1 1 1
1 P_7 8 8 0 0 0 1 1 1
1 P_7 9 9 0 0 0 1 1 1
1 P_7 10 10 0.339293 0.3453 0.3511975 1 1 1
1 P_7 11 11 0.148852 0.15475 0.1607575 1 1 1
1 P_7 12 12 0.148852 0.15475 0.1607575 1 1 1
1 P_7 13 13 0.339293 0.3453 0.3511975 1 1 1
1 P_7 14 14 0 0 0 1 1 1
1 P_7 15 15 0.5 0.5 0.5 1 1 1
1 P_7 16 16 0.5 0.5 0.5 1 1 1
1 P_7 17 17 0 0 0 1 1 1
1 P_7 18 18 0.5 0.5 0.5 1 1 1
1 P_7 19 19 0 0 0 1 1 1
1 P_7 20 20 0 0 0 1 1 1
1 P_7 21 21 0.339293 0.3453 0.3511975 1 1 1
1 P_7 22 22 0.5 0.5 0.5 1 1 1
1 P_7 23 23 0.148852 0.15475 0.1607575 1 1 1
1 P_7 24 24 0 0 0 1 1 1
1 P_7 25 25 0 0 0 1 1 1
1 P_7 26 26 0.339293 0.3453 0.3511975 1 1 1
1 P_7 27 27 0 0 0 1 1 1
1 P_7 28 28 0 0 0 1 1 1
1 P_7 29 29 0.148852 0.15475 0.1607575 1 1 1
1 P_7 30 30 0 0 0 1 1 1
1 P_7 31 31 0.148852 0.15475 0.1607575 1 1 1
1 P_7 32 32 0 0 0 1 1 1
1 P_7 33 33 0 0 0 1 1 1
1 P_7 34 34 0 0 0 1 1 1
1 P_7 35 35 0.5 0.5 0.5 1 1 1
1 P_7 36 36 0.339293 0.3453 0.3511975 1 1 1
1 P_7 37 37 0.339293 0.3453 0.3511975 1 1 1
1 P_7 38 38 0 0 0 1 1 1
1 P_7 39 39 0 0 0 1 1 1
1 P_7 40 40 0.339293 0.3453 0.3511975 1 1 1
1 P_7 41 41 0.148852 0.15475 0.1607575 1 1 1
1 P_7 42 42 0 0 0 1 1 1
1 P_7 43 43 0.148852 0.15475 0.1607575 1 1 1
1 P_7 44 44 0.339293 0.3453 0.3511975 1 1 1
1 P_7 45 45 0 0 0 1 1 1
1 P_7 46 46 0 0 0 1 1 1
2 P_2 0 0 0.5 0.5 0.5 1 1 1
2 P_2 1 1 0.429021 0.4335 0.437768 1 1 1
2 P_2 2 2 0 0 0 1 1 1
2 P_2 3 3 0 0 0 1 1 1
2 P_2 4 4 0.062281 0.06655 0.0710305 1 1 1
2 P_2 5 5 0.062281 0.06655 0.0710305 1 1 1
2 P_2 6 6 0 0 0 1 1 1
2 P_2 7 7 0 0 0 1 1 1
2 P_2 8 8 0.429021 0.4335 0.437768 1 1 1
2 P_2 9 9 0 0 0 1 1 1
2 P_2 10 10 0.062281 0.06655 0.0710305 1 1 1
2 P_2 11 11 0 0 0 1 1 1
2 P_2 12 12 0 0 0 1 1 1
2 P_2 13 13 0.062281 0.06655 0.0710305 1 1 1
2 P_2 14 14 0 0 0 1 1 1
2 P_2 15 15 0.5 0.5 0.5 1 1 1
2 P_2 16 16 0.5 0.5 0.5 1 1 1
2 P_2 17 17 0 0 0 1 1 1
2 P_2 18 18 0.5 0.5 0.5 1 1 1
2 P_2 19 19 0.118561 0.12405 0.129684 1 1 1
2 P_2 20 20 0.429021 0.4335 0.437768 1 1 1
2 P_2 21 21 0.062281 0.06655 0.0710305 1 1 1
2 P_2 22 22 0.5 0.5 0.5 1 1 1
2 P_2 23 23 0 0 0 1 1 1
2 P_2 24 24 0 0 0 1 1 1
2 P_2 25 25 0.118561 0.12405 0.129684 1 1 1
2 P_2 26 26 0.062281 0.06655 0.0710305 1 1 1
2 P_2 27 27 0.3031625 0.30945 0.315669 1 1 1
2 P_2 28 28 0.3031625 0.30945 0.315669 1 1 1
2 P_2 29 29 0 0 0 1 1 1
2 P_2 30 30 0 0 0 1 1 1
2 P_2 31 31 0 0 0 1 1 1
2 P_2 32 32 0.118561 0.12405 0.129684 1 1 1
2 P_2 33 33 0 0 0 1 1 1
2 P_2 34 34 0.1266875 0.1323 0.138048 1 1 1
2 P_2 35 35 0.062281 0.06655 0.0710305 1 1 1
2 P_2 36 36 0.062281 0.06655 0.0710305 1 1 1
2 P_2 37 37 0.062281 0.06655 0.0710305 1 1 1
2 P_2 38 38 0.3031625 0.30945 0.315669 1 1 1
2 P_2 39 39 0.118561 0.12405 0.129684 1 1 1
2 P_2 40 40 0.062281 0.06655 0.0710305 1 1 1
2 P_2 41 41 0 0 0 1 1 1
2 P_2 42 42 0 0 0 1 1 1
2 P_2 43 43 0 0 0 1 1 1
2 P_2 44 44 0.062281 0.06655 0.0710305 1 1 1
2 P_2 45 45 0.118561 0.12405 0.129684 1 1 1
2 P_2 46 46 0.3031625 0.30945 0.315669 1 1 1
3 P_5 0 0 0.5 0.5 0.5 1 1 1
3 P_5 1 1 0.2910515 0.2974 0.303694 1 1 1
3 P_5 2 2 0.059125 0.0633 0.06769 1 1 1
3 P_5 3 3 0 0 0 1 1 1
3 P_5 4 4 0.1963555 0.20265 0.208999 1 1 1
3 P_5 5 5 0.1963555 0.20265 0.208999 1 1 1
3 P_5 6 6 0 0 0 1 1 1
3 P_5 7 7 0 0 0 1 1 1
3 P_5 8 8 0.227684 0.2341 0.240534 1 1 1
3 P_5 9 9 0.059125 0.0633 0.06769 1 1 1
3 P_5 10 10 0.1963555 0.20265 0.208999 1 1 1
3 P_5 11 11 0 0 0 1 1 1
3 P_5 12 12 0 0 0 1 1 1
3 P_5 13 13 0.1963555 0.20265 0.208999 1 1 1
3 P_5 14 14 0 0 0 1 1 1
3 P_5 15 15 0.5 0.5 0.5 1 1 1
3 P_5 16 16 0.5 0.5 0.5 1 1 1
3 P_5 17 17 0.059125 0.0633 0.06769 1 1 1
3 P_5 18 18 0.5 0.5 0.5 1 1 1
3 P_5 19 19 0 0 0 1 1 1
3 P_5 20 20 0.2910515 0.2974 0.303694 1 1 1
3 P_5 21 21 0.1963555 0.20265 0.208999 1 1 1
3 P_5 22 22 0.5 0.5 0.5 1 1 1
3 P_5 23 23 0 0 0 1 1 1
3 P_5 24 24 0 0 0 1 1 1
3 P_5 25 25 0 0 0 1 1 1
3 P_5 26 26 0.1963555 0.20265 0.208999 1 1 1
3 P_5 27 27 0.227684 0.2341 0.240534 1 1 1
3 P_5 28 28 0.227684 0.2341 0.240534 1 1 1
3 P_5 29 29 0 0 0 1 1 1
3 P_5 30 30 0.059125 0.0633 0.06769 1 1 1
3 P_5 31 31 0 0 0 1 1 1
3 P_5 32 32 0 0 0 1 1 1
3 P_5 33 33 0 0 0 1 1 1
3 P_5 34 34 0.227684 0.2341 0.240534 1 1 1
3 P_5 35 35 0.1963555 0.20265 0.208999 1 1 1
3 P_5 36 36 0.1963555 0.20265 0.208999 1 1 1
3 P_5 37 37 0.1963555 0.20265 0.208999 1 1 1
3 P_5 38 38 0.227684 0.2341 0.240534 1 1 1
3 P_5 39 39 0 0 0 1 1 1
3 P_5 40 40 0.1963555 0.20265 0.208999 1 1 1
3 P_5 41 41 0 0 0 1 1 1
3 P_5 42 42 0 0 0 1 1 1
3 P_5 43 43 0 0 0 1 1 1
3 P_5 44 44 0.1963555 0.20265 0.208999 1 1 1
3 P_5 45 45 0 0 0 1 1 1
3 P_5 46 46 0.227684 0.2341 0.240534 1 1 1
4 P_8 0 0 0.5 0.5 0.5 1 1 1
4 P_8 1 1 0 0 0 1 1 1
4 P_8 2 2 0 0 0 1 1 1
4 P_8 3 3 0 0 0 1 1 1
4 P_8 4 4 0.084949 0.0898 0.0948355 1 1 1
4 P_8 5 5 0.084949 0.0898 0.0948355 1 1 1
4 P_8 6 6 0 0 0 1 1 1
4 P_8 7 7 0 0 0 1 1 1
4 P_8 8 8 0 0 0 1 1 1
4 P_8 9 9 0 0 0 1 1 1
4 P_8 10 10 0.084949 0.0898 0.0948355 1 1 1
4 P_8 11 11 0 0 0 1 1 1
4 P_8 12 12 0 0 0 1 1 1
4 P_8 13 13 0.084949 0.0898 0.0948355 1 1 1
4 P_8 14 14 0.4052155 0.41025 0.4151 1 1 1
4 P_8 15 15 0.5 0.5 0.5 1 1 1
4 P_8 16 16 0.5 0.5 0.5 1 1 1
4 P_8 17 17 0 0 0 1 1 1
4 P_8 18 18 0.5 0.5 0.5 1 1 1
4 P_8 19 19 0 0 0 1 1 1
4 P_8 20 20 0 0 0 1 1 1
4 P_8 21 21 0.5 0.5 0.5 1 1 1
4 P_8 22 22 0.5 0.5 0.5 1 1 1
4 P_8 23 23 0 0 0 1 1 1
4 P_8 24 24 0 0 0 1 1 1
4 P_8 25 25 0 0 0 1 1 1
4 P_8 26 26 0.084949 0.0898 0.0948355 1 1 1
4 P_8 27 27 0 0 0 1 1 1
4 P_8 28 28 0 0 0 1 1 1
4 P_8 29 29 0 0 0 1 1 1
4 P_8 30 30 0 0 0 1 1 1
4 P_8 31 31 0 0 0 1 1 1
4 P_8 32 32 0 0 0 1 1 1
4 P_8 33 33 0.4052155 0.41025 0.4151 1 1 1
4 P_8 34 34 0 0 0 1 1 1
4 P_8 35 35 0.5 0.5 0.5 1 1 1
4 P_8 36 36 0.5 0.5 0.5 1 1 1
4 P_8 37 37 0.084949 0.0898 0.0948355 1 1 1
4 P_8 38 38 0 0 0 1 1 1
4 P_8 39 39 0 0 0 1 1 1
4 P_8 40 40 0.084949 0.0898 0.0948355 1 1 1
4 P_8 41 41 0 0 0 1 1 1
4 P_8 42 42 0.4052155 0.41025 0.4151 1 1 1
4 P_8 43 43 0 0 0 1 1 1
4 P_8 44 44 0.084949 0.0898 0.0948355 1 1 1
4 P_8 45 45 0 0 0 1 1 1
4 P_8 46 46 0 0 0 1 1 1
