2 #m
46 #n
0 P_4 0 0 0 0 0 1 1 1
0 P_4 1 1 0.1164095 0.2 0.295348 1 1 1
0 P_4 2 2 0.5 0.5 0.5 1 1 1
0 P_4 3 3 0 0 0 1 1 1
0 P_4 4 4 0 0 0 1 1 1
0 P_4 5 5 0 0 0 1 1 1
0 P_4 6 6 0 0 0 1 1 1
0 P_4 7 7 0.276318 0.3673469387755102 0.432894 1 1 1
0 P_4 8 8 0 0 0 1 1 1
0 P_4 9 9 0.06596 0.12727272727272726 0.2125245 1 1 1
0 P_4 10 10 0 0 0 1 1 1
0 P_4 11 11 0 0 0 1 1 1
0 P_4 12 12 0 0 0 1 1 1
0 P_4 13 13 0 0 0 1 1 1
0 P_4 14 14 0 0 0 1 1 1
0 P_4 15 15 0 0 0 1 1 1
0 P_4 16 16 0.5 0.5 0.5 1 1 1
0 P_4 17 17 0.1287065 0.2159090909090909 0.3112965 1 1 1
0 P_4 18 18 0 0 0 1 1 1
0 P_4 19 19 0.244613 0.336734693877551 0.410008 1 1 1
0 P_4 20 20 0 0 0 1 1 1
0 P_4 21 21 0 0 0 1 1 1
0 P_4 22 22 0.5 0.5 0.5 1 1 1
0 P_4 23 23 0.5 0.5 0.5 1 1 1
0 P_4 24 24 0 0 0 1 1 1
0 P_4 25 25 0.096344 0.17391304347826086 0.269011 1 1 1
0 P_4 26 26 0.5 0.5 0.5 1 1 1
0 P_4 27 27 0 0 0 1 1 1
0 P_4 28 28 0 0 0 1 1 1
0 P_4 29 29 0 0 0 1 1 1
0 P_4 30 30 0.2755865 0.3695652173913043 0.4360275 1 1 1
0 P_4 31 31 0 0 0 1 1 1
0 P_4 32 32 0 0 0 1 1 1
0 P_4 33 33 0 0 0 1 1 1
0 P_4 34 34 0 0 0 1 1 1
0 P_4 35 35 0 0 0 1 1 1
0 P_4 36 36 0.5 0.5 0.5 1 1 1
0 P_4 37 37 0.25978 0.35555555555555557 0.426533 1 1 1
0 P_4 38 38 0 0 0 1 1 1
0 P_4 39 39 0 0 0 1 1 1
0 P_4 40 40 0.0837965 0.14754098360655737 0.2294375 1 1 1
0 P_4 41 41 0 0 0 1 1 1
0 P_4 42 42 0 0 0 1 1 1
0 P_4 43 43 0 0 0 1 1 1
0 P_4 44 44 0 0 0 1 1 1
0 P_4 45 45 0.112932 0.19767441860465115 0.2952445 1 1 1
1 P_8 0 0 0.059399 0.11818181818181818 0.2026695 1 1 1
1 P_8 1 1 0.0542145 0.10833333333333334 0.187913 1 1 1
1 P_8 2 2 0.5 0.5 0.5 1 1 1
1 P_8 3 3 0.0639725 0.13043478260869565 0.2244135 1 1 1
1 P_8 4 4 0.03967855 0.0975609756097561 0.1943475 1 1 1
1 P_8 5 5 0 0 0 1 1 1
1 P_8 6 6 0 0 0 1 1 1
1 P_8 7 7 0.13106400000000001 0.21153846153846154 0.2999275 1 1 1
1 P_8 8 8 0.0173733 0.05555555555555555 0.1391125 1 1 1
1 P_8 9 9 0 0 0 1 1 1
1 P_8 10 10 0 0 0 1 1 1
1 P_8 11 11 0.0104617 0.038461538461538464 0.1095225 1 1 1
1 P_8 12 12 0 0 0 1 1 1
1 P_8 13 13 0 0 0 1 1 1
1 P_8 14 14 0 0 0 1 1 1
1 P_8 15 15 0 0 0 1 1 1
1 P_8 16 16 0.5 0.5 0.5 1 1 1
1 P_8 17 17 0 0 0 1 1 1
1 P_8 18 18 0.0243796 0.06481481481481481 0.1418485 1 1 1
1 P_8 19 19 0.217066 0.3 0.373931 1 1 1
1 P_8 20 20 0.00661325 0.029411764705882353 0.097755 1 1 1
1 P_8 21 21 0.0070282 0.03125 0.103253 1 1 1
1 P_8 22 22 0.5 0.5 0.5 1 1 1
1 P_8 23 23 0.5 0.5 0.5 1 1 1
1 P_8 24 24 0.0630165 0.125 0.2126685 1 1 1
1 P_8 25 25 0 0 0 1 1 1
1 P_8 26 26 0.5 0.5 0.5 1 1 1
1 P_8 27 27 0 0 0 1 1 1
1 P_8 28 28 0.1109945 0.19148936170212766 0.285203 1 1 1
1 P_8 29 29 0.01852845 0.05357142857142857 0.1260865 1 1 1
1 P_8 30 30 0.159742 0.25 0.340258 1 1 1
1 P_8 31 31 0 0 0 1 1 1
1 P_8 32 32 0 0 0 1 1 1
1 P_8 33 33 0.0216869 0.0625 0.144607 1 1 1
1 P_8 34 34 0 0 0 1 1 1
1 P_8 35 35 0.01593145 0.05102040816326531 0.129025 1 1 1
1 P_8 36 36 0.4106235 0.46923076923076923 0.491647 1 1 1
1 P_8 37 37 0.1838125 0.26785714285714285 0.3484715 1 1 1
1 P_8 38 38 0 0 0 1 1 1
1 P_8 39 39 0 0 0 1 1 1
1 P_8 40 40 0 0 0 1 1 1
1 P_8 41 41 0 0 0 1 1 1
1 P_8 42 42 0.0243796 0.06481481481481481 0.1418485 1 1 1
1 P_8 43 43 0 0 0 1 1 1
1 P_8 44 44 0 0 0 1 1 1
1 P_8 45 45 0 0 0 1 1 1
