5 #m
8 #n
0 P_9 0 0 0.5 0.5 0.5 1 1 1
0 P_9 1 1 0.5 0.5 0.5 1 1 1
0 P_9 2 2 0.5 0.5 0.5 1 1 1
0 P_9 3 3 0 0 0 1 1 1
0 P_9 4 4 0 0 0 1 1 1
0 P_9 5 5 0 0 0 1 1 1
0 P_9 6 6 0.2689545 0.3333333333333333 0.3883925 1 1 1
0 P_9 7 7 0.2698705 0.3317757009345794 0.3851945 1 1 1
1 P_2 0 0 0.5 0.5 0.5 1 1 1
1 P_2 1 1 0.2231705 0.2871287128712871 0.347013 1 1 1
1 P_2 2 2 0.271666 0.33185840707964603 0.3839915 1 1 1
1 P_2 3 3 0 0 0 1 1 1
1 P_2 4 4 0 0 0 1 1 1
1 P_2 5 5 0 0 0 1 1 1
1 P_2 6 6 0 0 0 1 1 1
1 P_2 7 7 0 0 0 1 1 1
2 P_7 0 0 0.5 0.5 0.5 1 1 1
2 P_7 1 1 0.2555205 0.3157894736842105 0.3696355 1 1 1
2 P_7 2 2 0.3126985 0.37777777777777777 0.4272085 1 1 1
2 P_7 3 3 0.1660035 0.22477064220183487 0.2861105 1 1 1
2 P_7 4 4 0.100296 0.16025641025641027 0.232823 1 1 1
2 P_7 5 5 0 0 0 1 1 1
2 P_7 6 6 0.03975625 0.07653061224489796 0.1328535 1 1 1
2 P_7 7 7 0.04039145 0.07954545454545454 0.1399955 1 1 1
3 P_6 0 0 0.5 0.5 0.5 1 1 1
3 P_6 1 1 0.5 0.5 0.5 1 1 1
3 P_6 2 2 0.5 0.5 0.5 1 1 1
3 P_6 3 3 0 0 0 1 1 1
3 P_6 4 4 0 0 0 1 1 1
3 P_6 5 5 0 0 0 1 1 1
3 P_6 6 6 0 0 0 1 1 1
3 P_6 7 7 0 0 0 1 1 1
4 P_1 0 0 0.5 0.5 0.5 1 1 1
4 P_1 1 1 0.316157 0.3761904761904762 0.4228955 1 1 1
4 P_1 2 2 0.3332565 0.3915094339622642 0.434957 1 1 1
4 P_1 3 3 0.133884 0.19047619047619047 0.25336 1 1 1
4 P_1 4 4 0.05713 0.09813084112149532 0.154874 1 1 1
4 P_1 5 5 0.073753 0.12234042553191489 0.1859235 1 1 1
4 P_1 6 6 0 0 0 1 1 1
4 P_1 7 7 0 0 0 1 1 1
