2 #m
8 #n
0 P_9 0 0 0.5 0.5 0.5 1 1 1
0 P_9 1 1 0.3652825 0.4423076923076923 0.4800165 1 1 1
0 P_9 2 2 0.2920285 0.3902439024390244 0.4526405 1 1 1
0 P_9 3 3 0.370904 0.44166666666666665 0.478113 1 1 1
0 P_9 4 4 0 0 0 1 1 1
0 P_9 5 5 0.3526865 0.4262295081967213 0.4686505 1 1 1
0 P_9 6 6 0.362938 0.4411764705882353 0.479616 1 1 1
0 P_9 7 7 0.3073475 0.39090909090909093 0.447003 1 1 1
1 P_2 0 0 0.5 0.5 0.5 1 1 1
1 P_2 1 1 0.5 0.5 0.5 1 1 1
1 P_2 2 2 0.5 0.5 0.5 1 1 1
1 P_2 3 3 0.5 0.5 0.5 1 1 1
1 P_2 4 4 0 0 0 1 1 1
1 P_2 5 5 0.5 0.5 0.5 1 1 1
1 P_2 6 6 0.5 0.5 0.5 1 1 1
1 P_2 7 7 0.5 0.5 0.5 1 1 1
