2 #m
49 #n
0 P_5 0 0 0 0 0 1 1 1
0 P_5 1 1 0 0 0 1 1 1
0 P_5 2 2 0 0 0 1 1 1
0 P_5 3 3 0 0 0 1 1 1
0 P_5 4 4 0 0 0 1 1 1
0 P_5 5 5 0 0 0 1 1 1
0 P_5 6 6 0 0 0 1 1 1
0 P_5 7 7 0 0 0 1 1 1
0 P_5 8 8 0 0 0 1 1 1
0 P_5 9 9 0 0 0 1 1 1
0 P_5 10 10 0 0 0 1 1 1
0 P_5 11 11 0 0 0 1 1 1
0 P_5 12 12 0 0 0 1 1 1
0 P_5 13 13 0 0 0 1 1 1
0 P_5 14 14 0 0 0 1 1 1
0 P_5 15 15 0.5 0.5 0.5 1 1 1
0 P_5 16 16 0.5 0.5 0.5 1 1 1
0 P_5 17 17 0 0 0 1 1 1
0 P_5 18 18 0 0 0 1 1 1
0 P_5 19 19 0 0 0 1 1 1
0 P_5 20 20 0 0 0 1 1 1
0 P_5 21 21 0.5 0.5 0.5 1 1 1
0 P_5 22 22 0.5 0.5 0.5 1 1 1
0 P_5 23 23 0 0 0 1 1 1
0 P_5 24 24 0 0 0 1 1 1
0 P_5 25 25 0 0 0 1 1 1
0 P_5 26 26 0 0 0 1 1 1
0 P_5 27 27 0 0 0 1 1 1
0 P_5 28 28 0 0 0 1 1 1
0 P_5 29 29 0 0 0 1 1 1
0 P_5 30 30 0 0 0 1 1 1
0 P_5 31 31 0 0 0 1 1 1
0 P_5 32 32 0 0 0 1 1 1
0 P_5 33 33 0 0 0 1 1 1
0 P_5 34 34 0 0 0 1 1 1
0 P_5 35 35 0 0 0 1 1 1
0 P_5 36 36 0 0 0 1 1 1
0 P_5 37 37 0 0 0 1 1 1
0 P_5 38 38 0 0 0 1 1 1
0 P_5 39 39 0 0 0 1 1 1
0 P_5 40 40 0 0 0 1 1 1
0 P_5 41 41 0 0 0 1 1 1
0 P_5 42 42 0 0 0 1 1 1
0 P_5 43 43 0 0 0 1 1 1
0 P_5 44 44 0 0 0 1 1 1
0 P_5 45 45 0.5 0.5 0.5 1 1 1
0 P_5 46 46 0 0 0 1 1 1
0 P_5 47 47 0 0 0 1 1 1
0 P_5 48 48 0 0 0 1 1 1
1 P_0 0 0 0 0 0 1 1 1
1 P_0 1 1 0.4011895 0.4171597633136095 0.4312395 1 1 1
1 P_0 2 2 0 0 0 1 1 1
1 P_0 3 3 0.39604 0.4123152709359606 0.4267565 1 1 1
1 P_0 4 4 0.3963115 0.4126746506986028 0.4271765 1 1 1
1 P_0 5 5 0 0 0 1 1 1
1 P_0 6 6 0.3900425 0.4063688212927757 0.4209905 1 1 1
1 P_0 7 7 0.3928105 0.40936254980079684 0.4240945 1 1 1
1 P_0 8 8 0.3948135 0.4109720885466795 0.425354 1 1 1
1 P_0 9 9 0.3988825 0.4152284263959391 0.429651 1 1 1
1 P_0 10 10 0 0 0 1 1 1
1 P_0 11 11 0.3942275 0.41050583657587547 0.4249935 1 1 1
1 P_0 12 12 0 0 0 1 1 1
1 P_0 13 13 0.386725 0.40392561983471076 0.419303 1 1 1
1 P_0 14 14 0.384503 0.40186915887850466 0.417427 1 1 1
1 P_0 15 15 0.070875 0.08549222797927461 0.102064 1 1 1
1 P_0 16 16 0.5 0.5 0.5 1 1 1
1 P_0 17 17 0.391323 0.4082901554404145 0.423377 1 1 1
1 P_0 18 18 0.384303 0.4014084507042254 0.4167675 1 1 1
1 P_0 19 19 0.3906625 0.40767634854771784 0.422815 1 1 1
1 P_0 20 20 0 0 0 1 1 1
1 P_0 21 21 0 0 0 1 1 1
1 P_0 22 22 0.5 0.5 0.5 1 1 1
1 P_0 23 23 0.400801 0.41718426501035194 0.4315835 1 1 1
1 P_0 24 24 0.389894 0.4064327485380117 0.421223 1 1 1
1 P_0 25 25 0.3817605 0.39864864864864863 0.413891 1 1 1
1 P_0 26 26 0.388152 0.40476190476190477 0.419647 1 1 1
1 P_0 27 27 0.394626 0.41139896373056994 0.4262545 1 1 1
1 P_0 28 28 0.3818145 0.3995726495726496 0.4154985 1 1 1
1 P_0 29 29 0 0 0 1 1 1
1 P_0 30 30 0.402779 0.41910229645093944 0.433402 1 1 1
1 P_0 31 31 0.38856 0.4051556420233463 0.4200205 1 1 1
1 P_0 32 32 0.394475 0.4105613701236917 0.4248955 1 1 1
1 P_0 33 33 0.3912085 0.4083686440677966 0.4236055 1 1 1
1 P_0 34 34 0.3901035 0.4066147859922179 0.421379 1 1 1
1 P_0 35 35 0 0 0 1 1 1
1 P_0 36 36 0 0 0 1 1 1
1 P_0 37 37 0.3921895 0.40895218718209564 0.423861 1 1 1
1 P_0 38 38 0.3801895 0.39684014869888473 0.4119255 1 1 1
1 P_0 39 39 0.387114 0.4041794087665647 0.419443 1 1 1
1 P_0 40 40 0.401907 0.41821946169772256 0.4325355 1 1 1
1 P_0 41 41 0 0 0 1 1 1
1 P_0 42 42 0.388757 0.40509915014164305 0.4197615 1 1 1
1 P_0 43 43 0.4043295 0.4206098843322818 0.4348335 1 1 1
1 P_0 44 44 0.393936 0.4102941176470588 0.4248505 1 1 1
1 P_0 45 45 0 0 0 1 1 1
1 P_0 46 46 0 0 0 1 1 1
1 P_0 47 47 0 0 0 1 1 1
1 P_0 48 48 0.3948435 0.41185897435897434 0.426892 1 1 1
