2 #m
431 #n
0 P_0 0 0 0.0817345 0.14655172413793102 0.230582 1 1 1
0 P_0 1 1 0 0 0 1 1 1
0 P_0 2 2 0.1733105 0.25961538461538464 0.3439415 1 1 1
0 P_0 3 3 0 0 0 1 1 1
0 P_0 4 4 0 0 0 1 1 1
0 P_0 5 5 0 0 0 1 1 1
0 P_0 6 6 0 0 0 1 1 1
0 P_0 7 7 0.1001635 0.17708333333333334 0.2701565 1 1 1
0 P_0 8 8 0.148579 0.22807017543859648 0.3117045 1 1 1
0 P_0 9 9 0.5 0.5 0.5 1 1 1
0 P_0 10 10 0.5 0.5 0.5 1 1 1
0 P_0 11 11 0 0 0 1 1 1
0 P_0 12 12 0 0 0 1 1 1
0 P_0 13 13 0.0723025 0.14634146341463414 0.2468945 1 1 1
0 P_0 14 14 0.03443325 0.0851063829787234 0.1728945 1 1 1
0 P_0 15 15 0 0 0 1 1 1
0 P_0 16 16 0 0 0 1 1 1
0 P_0 17 17 0.0672525 0.12962962962962962 0.2158925 1 1 1
0 P_0 18 18 0 0 0 1 1 1
0 P_0 19 19 0.0783255 0.13846153846153847 0.2172095 1 1 1
0 P_0 20 20 0.0741005 0.1388888888888889 0.2257315 1 1 1
0 P_0 21 21 0.0848535 0.15178571428571427 0.2375685 1 1 1
0 P_0 22 22 0.5 0.5 0.5 1 1 1
0 P_0 23 23 0.5 0.5 0.5 1 1 1
0 P_0 24 24 0 0 0 1 1 1
0 P_0 25 25 0.1339025 0.21568627450980393 0.30466 1 1 1
0 P_0 26 26 0.5 0.5 0.5 1 1 1
0 P_0 27 27 0.5 0.5 0.5 1 1 1
0 P_0 28 28 0.1229725 0.20192307692307693 0.2907665 1 1 1
0 P_0 29 29 0 0 0 1 1 1
0 P_0 30 30 0 0 0 1 1 1
0 P_0 31 31 0.1887035 0.2840909090909091 0.3712935 1 1 1
0 P_0 32 32 0.0486021 0.1125 0.212317 1 1 1
0 P_0 33 33 0.5 0.5 0.5 1 1 1
0 P_0 34 34 0 0 0 1 1 1
0 P_0 35 35 0 0 0 1 1 1
0 P_0 36 36 0 0 0 1 1 1
0 P_0 37 37 0.0804345 0.15 0.2408885 1 1 1
0 P_0 38 38 0.0918705 0.16346153846153846 0.2528515 1 1 1
0 P_0 39 39 0 0 0 1 1 1
0 P_0 40 40 0.100959 0.1891891891891892 0.2945045 1 1 1
0 P_0 41 41 0.082192 0.15306122448979592 0.2449915 1 1 1
0 P_0 42 42 0 0 0 1 1 1
0 P_0 43 43 0.108198 0.18181818181818182 0.268753 1 1 1
0 P_0 44 44 0.115004 0.19230769230769232 0.281482 1 1 1
0 P_0 45 45 0 0 0 1 1 1
0 P_0 46 46 0 0 0 1 1 1
0 P_0 47 47 0.1760795 0.2653061224489796 0.3512045 1 1 1
0 P_0 48 48 0.119671 0.20212765957446807 0.295401 1 1 1
0 P_0 49 49 0 0 0 1 1 1
0 P_0 50 50 0 0 0 1 1 1
0 P_0 51 51 0 0 0 1 1 1
0 P_0 52 52 0 0 0 1 1 1
0 P_0 53 53 0.1001635 0.17708333333333334 0.2701565 1 1 1
0 P_0 54 54 0 0 0 1 1 1
0 P_0 55 55 0.5 0.5 0.5 1 1 1
0 P_0 56 56 0.0336912 0.08333333333333333 0.1697655 1 1 1
0 P_0 57 57 0.02821975 0.07017543859649122 0.1459505 1 1 1
0 P_0 58 58 0.209028 0.2903225806451613 0.3645765 1 1 1
0 P_0 59 59 0 0 0 1 1 1
0 P_0 60 60 0 0 0 1 1 1
0 P_0 61 61 0.0598395 0.12244897959183673 0.212746 1 1 1
0 P_0 62 62 0 0 0 1 1 1
0 P_0 63 63 0.1040945 0.17543859649122806 0.260864 1 1 1
0 P_0 64 64 0 0 0 1 1 1
0 P_0 65 65 0 0 0 1 1 1
0 P_0 66 66 0.084029 0.15625 0.2492325 1 1 1
0 P_0 67 67 0.10156 0.17647058823529413 0.2667825 1 1 1
0 P_0 68 68 0 0 0 1 1 1
0 P_0 69 69 0 0 0 1 1 1
0 P_0 70 70 0.095242 0.16379310344827586 0.24836 1 1 1
0 P_0 71 71 0.5 0.5 0.5 1 1 1
0 P_0 72 72 0 0 0 1 1 1
0 P_0 73 73 0 0 0 1 1 1
0 P_0 74 74 0 0 0 1 1 1
0 P_0 75 75 0 0 0 1 1 1
0 P_0 76 76 0 0 0 1 1 1
0 P_0 77 77 0 0 0 1 1 1
0 P_0 78 78 0 0 0 1 1 1
0 P_0 79 79 0 0 0 1 1 1
0 P_0 80 80 0.5 0.5 0.5 1 1 1
0 P_0 81 81 0.5 0.5 0.5 1 1 1
0 P_0 82 82 0.0499118 0.11538461538461539 0.2168435 1 1 1
0 P_0 83 83 0 0 0 1 1 1
0 P_0 84 84 0.5 0.5 0.5 1 1 1
0 P_0 85 85 0.5 0.5 0.5 1 1 1
0 P_0 86 86 0.065685 0.13 0.219889 1 1 1
0 P_0 87 87 0 0 0 1 1 1
0 P_0 88 88 0.0212141 0.06756756756756757 0.164835 1 1 1
0 P_0 89 89 0.5 0.5 0.5 1 1 1
0 P_0 90 90 0 0 0 1 1 1
0 P_0 91 91 0.242915 0.3275862068965517 0.3978415 1 1 1
0 P_0 92 92 0 0 0 1 1 1
0 P_0 93 93 0.0181968 0.05813953488372093 0.144767 1 1 1
0 P_0 94 94 0.0516685 0.11 0.1981445 1 1 1
0 P_0 95 95 0 0 0 1 1 1
0 P_0 96 96 0 0 0 1 1 1
0 P_0 97 97 0.180401 0.28378378378378377 0.377672 1 1 1
0 P_0 98 98 0.2005475 0.2857142857142857 0.3640215 1 1 1
0 P_0 99 99 0 0 0 1 1 1
0 P_0 100 100 0.5 0.5 0.5 1 1 1
0 P_0 101 101 0 0 0 1 1 1
0 P_0 102 102 0.058284 0.11607142857142858 0.1995385 1 1 1
0 P_0 103 103 0 0 0 1 1 1
0 P_0 104 104 0 0 0 1 1 1
0 P_0 105 105 0.5 0.5 0.5 1 1 1
0 P_0 106 106 0 0 0 1 1 1
0 P_0 107 107 0.03869585 0.09523809523809523 0.1904155 1 1 1
0 P_0 108 108 0 0 0 1 1 1
0 P_0 109 109 0.5 0.5 0.5 1 1 1
0 P_0 110 110 0 0 0 1 1 1
0 P_0 111 111 0.1620885 0.2558139534883721 0.348114 1 1 1
0 P_0 112 112 0.222303 0.3090909090909091 0.3843385 1 1 1
0 P_0 113 113 0 0 0 1 1 1
0 P_0 114 114 0.0817345 0.14655172413793102 0.230582 1 1 1
0 P_0 115 115 0 0 0 1 1 1
0 P_0 116 116 0 0 0 1 1 1
0 P_0 117 117 0.2140155 0.30392156862745096 0.3825305 1 1 1
0 P_0 118 118 0.5 0.5 0.5 1 1 1
0 P_0 119 119 0 0 0 1 1 1
0 P_0 120 120 0 0 0 1 1 1
0 P_0 121 121 0 0 0 1 1 1
0 P_0 122 122 0 0 0 1 1 1
0 P_0 123 123 0.5 0.5 0.5 1 1 1
0 P_0 124 124 0.5 0.5 0.5 1 1 1
0 P_0 125 125 0 0 0 1 1 1
0 P_0 126 126 0 0 0 1 1 1
0 P_0 127 127 0.1339025 0.21568627450980393 0.30466 1 1 1
0 P_0 128 128 0.0953215 0.1794871794871795 0.28254050000000003 1 1 1
0 P_0 129 129 0.0752515 0.14772727272727273 0.2447315 1 1 1
0 P_0 130 130 0.04676675 0.1 0.18246 1 1 1
0 P_0 131 131 0 0 0 1 1 1
0 P_0 132 132 0 0 0 1 1 1
0 P_0 133 133 0 0 0 1 1 1
0 P_0 134 134 0 0 0 1 1 1
0 P_0 135 135 0.04592915 0.10204081632653061 0.19024 1 1 1
0 P_0 136 136 0 0 0 1 1 1
0 P_0 137 137 0.0502105 0.1111111111111111 0.2045995 1 1 1
0 P_0 138 138 0 0 0 1 1 1
0 P_0 139 139 0 0 0 1 1 1
0 P_0 140 140 0 0 0 1 1 1
0 P_0 141 141 0.079521 0.14545454545454545 0.231791 1 1 1
0 P_0 142 142 0.03157525 0.08333333333333333 0.176658 1 1 1
0 P_0 143 143 0 0 0 1 1 1
0 P_0 144 144 0 0 0 1 1 1
0 P_0 145 145 0.0506775 0.1015625 0.177551 1 1 1
0 P_0 146 146 0 0 0 1 1 1
0 P_0 147 147 0 0 0 1 1 1
0 P_0 148 148 0.05737 0.11764705882352941 0.2056065 1 1 1
0 P_0 149 149 0.1011065 0.18181818181818182 0.2788935 1 1 1
0 P_0 150 150 0.5 0.5 0.5 1 1 1
0 P_0 151 151 0.04735955 0.10975609756097561 0.2079715 1 1 1
0 P_0 152 152 0.5 0.5 0.5 1 1 1
0 P_0 153 153 0 0 0 1 1 1
0 P_0 154 154 0.04958905 0.10576923076923077 0.191563 1 1 1
0 P_0 155 155 0.0479743 0.10638297872340426 0.197163 1 1 1
0 P_0 156 156 0 0 0 1 1 1
0 P_0 157 157 0 0 0 1 1 1
0 P_0 158 158 0.0936155 0.16363636363636364 0.250518 1 1 1
0 P_0 159 159 0.0287382 0.07142857142857142 0.148264 1 1 1
0 P_0 160 160 0 0 0 1 1 1
0 P_0 161 161 0.5 0.5 0.5 1 1 1
0 P_0 162 162 0 0 0 1 1 1
0 P_0 163 163 0.0639725 0.13043478260869565 0.2244135 1 1 1
0 P_0 164 164 0.078751 0.14705882352941177 0.2369165 1 1 1
0 P_0 165 165 0 0 0 1 1 1
0 P_0 166 166 0.058284 0.11607142857142858 0.1995385 1 1 1
0 P_0 167 167 0 0 0 1 1 1
0 P_0 168 168 0.2279295 0.3173076923076923 0.3928385 1 1 1
0 P_0 169 169 0.174479 0.25925925925925924 0.3421995 1 1 1
0 P_0 170 170 0 0 0 1 1 1
0 P_0 171 171 0.15084 0.23529411764705882 0.32283 1 1 1
0 P_0 172 172 0.0771255 0.1511627906976744 0.2494105 1 1 1
0 P_0 173 173 0.5 0.5 0.5 1 1 1
0 P_0 174 174 0.101596 0.1693548387096774 0.2511895 1 1 1
0 P_0 175 175 0.0385059 0.09 0.175527 1 1 1
0 P_0 176 176 0.5 0.5 0.5 1 1 1
0 P_0 177 177 0.1028675 0.17592592592592593 0.2636975 1 1 1
0 P_0 178 178 0 0 0 1 1 1
0 P_0 179 179 0.093811 0.16666666666666666 0.2569745 1 1 1
0 P_0 180 180 0 0 0 1 1 1
0 P_0 181 181 0 0 0 1 1 1
0 P_0 182 182 0.086831 0.15254237288135594 0.2360695 1 1 1
0 P_0 183 183 0.0502105 0.1111111111111111 0.2045995 1 1 1
0 P_0 184 184 0 0 0 1 1 1
0 P_0 185 185 0.170903 0.2545454545454545 0.3373 1 1 1
0 P_0 186 186 0 0 0 1 1 1
0 P_0 187 187 0.042322 0.09433962264150944 0.1777385 1 1 1
0 P_0 188 188 0.5 0.5 0.5 1 1 1
0 P_0 189 189 0 0 0 1 1 1
0 P_0 190 190 0 0 0 1 1 1
0 P_0 191 191 0.0780095 0.14285714285714285 0.228265 1 1 1
0 P_0 192 192 0.5 0.5 0.5 1 1 1
0 P_0 193 193 0.268209 0.35454545454545455 0.420479 1 1 1
0 P_0 194 194 0.1399715 0.22448979591836735 0.314555 1 1 1
0 P_0 195 195 0 0 0 1 1 1
0 P_0 196 196 0 0 0 1 1 1
0 P_0 197 197 0 0 0 1 1 1
0 P_0 198 198 0.18121 0.27 0.354521 1 1 1
0 P_0 199 199 0.2005475 0.2857142857142857 0.3640215 1 1 1
0 P_0 200 200 0 0 0 1 1 1
0 P_0 201 201 0 0 0 1 1 1
0 P_0 202 202 0.03443325 0.0851063829787234 0.1728945 1 1 1
0 P_0 203 203 0.1049045 0.18478260869565216 0.279688 1 1 1
0 P_0 204 204 0 0 0 1 1 1
0 P_0 205 205 0 0 0 1 1 1
0 P_0 206 206 0.04592915 0.10204081632653061 0.19024 1 1 1
0 P_0 207 207 0.076555 0.14035087719298245 0.2248425 1 1 1
0 P_0 208 208 0.0687215 0.13953488372093023 0.237398 1 1 1
0 P_0 209 209 0.0499118 0.11538461538461539 0.2168435 1 1 1
0 P_0 210 210 0 0 0 1 1 1
0 P_0 211 211 0.5 0.5 0.5 1 1 1
0 P_0 212 212 0 0 0 1 1 1
0 P_0 213 213 0.2546045 0.33098591549295775 0.394928 1 1 1
0 P_0 214 214 0 0 0 1 1 1
0 P_0 215 215 0 0 0 1 1 1
0 P_0 216 216 0.067106 0.1326530612244898 0.223682 1 1 1
0 P_0 217 217 0 0 0 1 1 1
0 P_0 218 218 0.0974245 0.16981132075471697 0.2584035 1 1 1
0 P_0 219 219 0.04316945 0.09615384615384616 0.1807095 1 1 1
0 P_0 220 220 0.068695 0.12931034482758622 0.212331 1 1 1
0 P_0 221 221 0 0 0 1 1 1
0 P_0 222 222 0.064717 0.125 0.2092585 1 1 1
0 P_0 223 223 0 0 0 1 1 1
0 P_0 224 224 0.5 0.5 0.5 1 1 1
0 P_0 225 225 0.076218 0.14583333333333334 0.238511 1 1 1
0 P_0 226 226 0 0 0 1 1 1
0 P_0 227 227 0 0 0 1 1 1
0 P_0 228 228 0 0 0 1 1 1
0 P_0 229 229 0.161347 0.2328767123287671 0.3069695 1 1 1
0 P_0 230 230 0.5 0.5 0.5 1 1 1
0 P_0 231 231 0.047671 0.10185185185185185 0.185398 1 1 1
0 P_0 232 232 0 0 0 1 1 1
0 P_0 233 233 0 0 0 1 1 1
0 P_0 234 234 0 0 0 1 1 1
0 P_0 235 235 0 0 0 1 1 1
0 P_0 236 236 0 0 0 1 1 1
0 P_0 237 237 0.1011065 0.18181818181818182 0.2788935 1 1 1
0 P_0 238 238 0 0 0 1 1 1
0 P_0 239 239 0 0 0 1 1 1
0 P_0 240 240 0 0 0 1 1 1
0 P_0 241 241 0.5 0.5 0.5 1 1 1
0 P_0 242 242 0.1287065 0.2159090909090909 0.3112965 1 1 1
0 P_0 243 243 0 0 0 1 1 1
0 P_0 244 244 0.04416675 0.10810810810810811 0.2118075 1 1 1
0 P_0 245 245 0.03000235 0.08571428571428572 0.1897205 1 1 1
0 P_0 246 246 0 0 0 1 1 1
0 P_0 247 247 0 0 0 1 1 1
0 P_0 248 248 0.0723025 0.14634146341463414 0.2468945 1 1 1
0 P_0 249 249 0.130834 0.20689655172413793 0.290971 1 1 1
0 P_0 250 250 0 0 0 1 1 1
0 P_0 251 251 0 0 0 1 1 1
0 P_0 252 252 0 0 0 1 1 1
0 P_0 253 253 0 0 0 1 1 1
0 P_0 254 254 0.5 0.5 0.5 1 1 1
0 P_0 255 255 0.2047465 0.2909090909090909 0.369081 1 1 1
0 P_0 256 256 0.5 0.5 0.5 1 1 1
0 P_0 257 257 0 0 0 1 1 1
0 P_0 258 258 0.0882215 0.1574074074074074 0.244979 1 1 1
0 P_0 259 259 0.079766 0.15217391304347827 0.247109 1 1 1
0 P_0 260 260 0.0585785 0.12 0.2091165 1 1 1
0 P_0 261 261 0.0502105 0.1111111111111111 0.2045995 1 1 1
0 P_0 262 262 0.0920135 0.16666666666666666 0.259778 1 1 1
0 P_0 263 263 0 0 0 1 1 1
0 P_0 264 264 0.078751 0.14705882352941177 0.2369165 1 1 1
0 P_0 265 265 0 0 0 1 1 1
0 P_0 266 266 0.145479 0.23 0.31879 1 1 1
0 P_0 267 267 0.1011065 0.18181818181818182 0.2788935 1 1 1
0 P_0 268 268 0.5 0.5 0.5 1 1 1
0 P_0 269 269 0.0674655 0.1271186440677966 0.2092215 1 1 1
0 P_0 270 270 0.0852865 0.15 0.2327075 1 1 1
0 P_0 271 271 0.00336773 0.02 0.0846795 1 1 1
0 P_0 272 272 0 0 0 1 1 1
0 P_0 273 273 0.0790955 0.15476190476190477 0.2542655 1 1 1
0 P_0 274 274 0 0 0 1 1 1
0 P_0 275 275 0.5 0.5 0.5 1 1 1
0 P_0 276 276 0 0 0 1 1 1
0 P_0 277 277 0 0 0 1 1 1
0 P_0 278 278 0.0248514 0.0660377358490566 0.144221 1 1 1
0 P_0 279 279 0 0 0 1 1 1
0 P_0 280 280 0 0 0 1 1 1
0 P_0 281 281 0.5 0.5 0.5 1 1 1
0 P_0 282 282 0.2441695 0.3253968253968254 0.39366 1 1 1
0 P_0 283 283 0 0 0 1 1 1
0 P_0 284 284 0 0 0 1 1 1
0 P_0 285 285 0.130919 0.20909090909090908 0.2952535 1 1 1
0 P_0 286 286 0.1335895 0.21296296296296297 0.2996955 1 1 1
0 P_0 287 287 0.10156 0.17647058823529413 0.2667825 1 1 1
0 P_0 288 288 0.5 0.5 0.5 1 1 1
0 P_0 289 289 0 0 0 1 1 1
0 P_0 290 290 0.0486021 0.1125 0.212317 1 1 1
0 P_0 291 291 0 0 0 1 1 1
0 P_0 292 292 0.02215915 0.06382978723404255 0.1473085 1 1 1
0 P_0 293 293 0.0717655 0.14130434782608695 0.2358665 1 1 1
0 P_0 294 294 0 0 0 1 1 1
0 P_0 295 295 0.113637 0.1956521739130435 0.2901915 1 1 1
0 P_0 296 296 0 0 0 1 1 1
0 P_0 297 297 0 0 0 1 1 1
0 P_0 298 298 0.0542145 0.10833333333333334 0.187913 1 1 1
0 P_0 299 299 0 0 0 1 1 1
0 P_0 300 300 0.5 0.5 0.5 1 1 1
0 P_0 301 301 0.106066 0.1836734693877551 0.275699 1 1 1
0 P_0 302 302 0 0 0 1 1 1
0 P_0 303 303 0 0 0 1 1 1
0 P_0 304 304 0.1290245 0.21951219512195122 0.3178075 1 1 1
0 P_0 305 305 0.122736 0.20408163265306123 0.295411 1 1 1
0 P_0 306 306 0 0 0 1 1 1
0 P_0 307 307 0.5 0.5 0.5 1 1 1
0 P_0 308 308 0 0 0 1 1 1
0 P_0 309 309 0.1399715 0.22448979591836735 0.314555 1 1 1
0 P_0 310 310 0.0857225 0.1484375 0.228352 1 1 1
0 P_0 311 311 0 0 0 1 1 1
0 P_0 312 312 0.0936155 0.16363636363636364 0.250518 1 1 1
0 P_0 313 313 0 0 0 1 1 1
0 P_0 314 314 0.1945585 0.2872340425531915 0.371496 1 1 1
0 P_0 315 315 0 0 0 1 1 1
0 P_0 316 316 0 0 0 1 1 1
0 P_0 317 317 0.1024785 0.18085106382978725 0.2748435 1 1 1
0 P_0 318 318 0 0 0 1 1 1
0 P_0 319 319 0.091821 0.16071428571428573 0.246747 1 1 1
0 P_0 320 320 0.0918405 0.15833333333333333 0.2413225 1 1 1
0 P_0 321 321 0 0 0 1 1 1
0 P_0 322 322 0 0 0 1 1 1
0 P_0 323 323 0.0561755 0.11206896551724138 0.193554 1 1 1
0 P_0 324 324 0 0 0 1 1 1
0 P_0 325 325 0.04314055 0.08955223880597014 0.161939 1 1 1
0 P_0 326 326 0.0712665 0.12878787878787878 0.2062425 1 1 1
0 P_0 327 327 0 0 0 1 1 1
0 P_0 328 328 0 0 0 1 1 1
0 P_0 329 329 0 0 0 1 1 1
0 P_0 330 330 0 0 0 1 1 1
0 P_0 331 331 0 0 0 1 1 1
0 P_0 332 332 0 0 0 1 1 1
0 P_0 333 333 0.052756 0.12162162162162163 0.2264855 1 1 1
0 P_0 334 334 0 0 0 1 1 1
0 P_0 335 335 0 0 0 1 1 1
0 P_0 336 336 0 0 0 1 1 1
0 P_0 337 337 0.1355425 0.2261904761904762 0.3228035 1 1 1
0 P_0 338 338 0.01910235 0.06097560975609756 0.150896 1 1 1
0 P_0 339 339 0.0779515 0.14893617021276595 0.2427365 1 1 1
0 P_0 340 340 0.02638325 0.07 0.151835 1 1 1
0 P_0 341 341 0.156384 0.25675675675675674 0.3552305 1 1 1
0 P_0 342 342 0.0810925 0.14814814814814814 0.2354245 1 1 1
0 P_0 343 343 0 0 0 1 1 1
0 P_0 344 344 0 0 0 1 1 1
0 P_0 345 345 0 0 0 1 1 1
0 P_0 346 346 0 0 0 1 1 1
0 P_0 347 347 0.0407233 0.09090909090909091 0.172077 1 1 1
0 P_0 348 348 0 0 0 1 1 1
0 P_0 349 349 0.0620905 0.13095238095238096 0.229589 1 1 1
0 P_0 350 350 0.0865045 0.15454545454545454 0.2412185 1 1 1
0 P_0 351 351 0 0 0 1 1 1
0 P_0 352 352 0 0 0 1 1 1
0 P_0 353 353 0.0539875 0.11904761904761904 0.2168445 1 1 1
0 P_0 354 354 0 0 0 1 1 1
0 P_0 355 355 0 0 0 1 1 1
0 P_0 356 356 0.0954815 0.16666666666666666 0.2544015 1 1 1
0 P_0 357 357 0 0 0 1 1 1
0 P_0 358 358 0.0598395 0.12244897959183673 0.212746 1 1 1
0 P_0 359 359 0 0 0 1 1 1
0 P_0 360 360 0 0 0 1 1 1
0 P_0 361 361 0 0 0 1 1 1
0 P_0 362 362 0 0 0 1 1 1
0 P_0 363 363 0.1229725 0.20192307692307693 0.2907665 1 1 1
0 P_0 364 364 0 0 0 1 1 1
0 P_0 365 365 0 0 0 1 1 1
0 P_0 366 366 0.5 0.5 0.5 1 1 1
0 P_0 367 367 0.0577225 0.12222222222222222 0.216718 1 1 1
0 P_0 368 368 0 0 0 1 1 1
0 P_0 369 369 0.5 0.5 0.5 1 1 1
0 P_0 370 370 0.0936155 0.16363636363636364 0.250518 1 1 1
0 P_0 371 371 0 0 0 1 1 1
0 P_0 372 372 0.0970395 0.16666666666666666 0.2520305 1 1 1
0 P_0 373 373 0 0 0 1 1 1
0 P_0 374 374 0.093811 0.16666666666666666 0.2569745 1 1 1
0 P_0 375 375 0.0654805 0.13333333333333333 0.228585 1 1 1
0 P_0 376 376 0.5 0.5 0.5 1 1 1
0 P_0 377 377 0.0745605 0.14285714285714285 0.2344265 1 1 1
0 P_0 378 378 0 0 0 1 1 1
0 P_0 379 379 0.0672525 0.12962962962962962 0.2158925 1 1 1
0 P_0 380 380 0 0 0 1 1 1
0 P_0 381 381 0.5 0.5 0.5 1 1 1
0 P_0 382 382 0 0 0 1 1 1
0 P_0 383 383 0.0816675 0.15555555555555556 0.251637 1 1 1
0 P_0 384 384 0.0654805 0.13333333333333333 0.228585 1 1 1
0 P_0 385 385 0.0807235 0.16216216216216217 0.268266 1 1 1
0 P_0 386 386 0 0 0 1 1 1
0 P_0 387 387 0.230989 0.32608695652173914 0.403656 1 1 1
0 P_0 388 388 0 0 0 1 1 1
0 P_0 389 389 0 0 0 1 1 1
0 P_0 390 390 0.0941285 0.1702127659574468 0.264317 1 1 1
0 P_0 391 391 0 0 0 1 1 1
0 P_0 392 392 0.5 0.5 0.5 1 1 1
0 P_0 393 393 0 0 0 1 1 1
0 P_0 394 394 0 0 0 1 1 1
0 P_0 395 395 0 0 0 1 1 1
0 P_0 396 396 0.0605625 0.12790697674418605 0.2251365 1 1 1
0 P_0 397 397 0 0 0 1 1 1
0 P_0 398 398 0.065685 0.13 0.219889 1 1 1
0 P_0 399 399 0.5 0.5 0.5 1 1 1
0 P_0 400 400 0.03814875 0.1 0.2060015 1 1 1
0 P_0 401 401 0.0516685 0.11 0.1981445 1 1 1
0 P_0 402 402 0.076218 0.14583333333333334 0.238511 1 1 1
0 P_0 403 403 0.189301 0.2826086956521739 0.3684005 1 1 1
0 P_0 404 404 0 0 0 1 1 1
0 P_0 405 405 0 0 0 1 1 1
0 P_0 406 406 0.065685 0.13 0.219889 1 1 1
0 P_0 407 407 0.04617915 0.10714285714285714 0.203797 1 1 1
0 P_0 408 408 0.5 0.5 0.5 1 1 1
0 P_0 409 409 0 0 0 1 1 1
0 P_0 410 410 0.1946655 0.2727272727272727 0.3470475 1 1 1
0 P_0 411 411 0.5 0.5 0.5 1 1 1
0 P_0 412 412 0.0879635 0.16666666666666666 0.266233 1 1 1
0 P_0 413 413 0 0 0 1 1 1
0 P_0 414 414 0.04958905 0.10576923076923077 0.191563 1 1 1
0 P_0 415 415 0.051409 0.11363636363636363 0.2085275 1 1 1
0 P_0 416 416 0 0 0 1 1 1
0 P_0 417 417 0.5 0.5 0.5 1 1 1
0 P_0 418 418 0 0 0 1 1 1
0 P_0 419 419 0.084431 0.15384615384615385 0.2430345 1 1 1
0 P_0 420 420 0 0 0 1 1 1
0 P_0 421 421 0 0 0 1 1 1
0 P_0 422 422 0.5 0.5 0.5 1 1 1
0 P_0 423 423 0.0848535 0.15178571428571427 0.2375685 1 1 1
0 P_0 424 424 0.119671 0.20212765957446807 0.295401 1 1 1
0 P_0 425 425 0.5 0.5 0.5 1 1 1
0 P_0 426 426 0 0 0 1 1 1
0 P_0 427 427 0.5 0.5 0.5 1 1 1
0 P_0 428 428 0 0 0 1 1 1
0 P_0 429 429 0 0 0 1 1 1
0 P_0 430 430 0.0551375 0.11702127659574468 0.208894 1 1 1
1 P_3 0 0 0 0 0 1 1 1
1 P_3 1 1 0 0 0 1 1 1
1 P_3 2 2 0.3076695 0.40789473684210525 0.464977 1 1 1
1 P_3 3 3 0 0 0 1 1 1
1 P_3 4 4 0 0 0 1 1 1
1 P_3 5 5 0 0 0 1 1 1
1 P_3 6 6 0 0 0 1 1 1
1 P_3 7 7 0.230989 0.32608695652173914 0.403656 1 1 1
1 P_3 8 8 0.4197835 0.4880952380952381 0.498784 1 1 1
1 P_3 9 9 0.5 0.5 0.5 1 1 1
1 P_3 10 10 0.5 0.5 0.5 1 1 1
1 P_3 11 11 0 0 0 1 1 1
1 P_3 12 12 0 0 0 1 1 1
1 P_3 13 13 0.051409 0.11363636363636363 0.2085275 1 1 1
1 P_3 14 14 0 0 0 1 1 1
1 P_3 15 15 0 0 0 1 1 1
1 P_3 16 16 0 0 0 1 1 1
1 P_3 17 17 0.0492453 0.1016949152542373 0.1812125 1 1 1
1 P_3 18 18 0 0 0 1 1 1
1 P_3 19 19 0 0 0 1 1 1
1 P_3 20 20 0.235248 0.32142857142857145 0.393894 1 1 1
1 P_3 21 21 0.19534 0.28431372549019607 0.3660975 1 1 1
1 P_3 22 22 0.5 0.5 0.5 1 1 1
1 P_3 23 23 0.5 0.5 0.5 1 1 1
1 P_3 24 24 0 0 0 1 1 1
1 P_3 25 25 0.0672525 0.12962962962962962 0.2158925 1 1 1
1 P_3 26 26 0.5 0.5 0.5 1 1 1
1 P_3 27 27 0.5 0.5 0.5 1 1 1
1 P_3 28 28 0.04617915 0.10714285714285714 0.203797 1 1 1
1 P_3 29 29 0 0 0 1 1 1
1 P_3 30 30 0 0 0 1 1 1
1 P_3 31 31 0.3947745 0.46808510638297873 0.4928215 1 1 1
1 P_3 32 32 0 0 0 1 1 1
1 P_3 33 33 0.5 0.5 0.5 1 1 1
1 P_3 34 34 0 0 0 1 1 1
1 P_3 35 35 0 0 0 1 1 1
1 P_3 36 36 0 0 0 1 1 1
1 P_3 37 37 0.1697435 0.2692307692307692 0.3635645 1 1 1
1 P_3 38 38 0.04405165 0.09803921568627451 0.18378 1 1 1
1 P_3 39 39 0 0 0 1 1 1
1 P_3 40 40 0.059399 0.11818181818181818 0.2026695 1 1 1
1 P_3 41 41 0 0 0 1 1 1
1 P_3 42 42 0 0 0 1 1 1
1 P_3 43 43 0.03869585 0.09523809523809523 0.1904155 1 1 1
1 P_3 44 44 0.0479743 0.10638297872340426 0.197163 1 1 1
1 P_3 45 45 0 0 0 1 1 1
1 P_3 46 46 0 0 0 1 1 1
1 P_3 47 47 0.059399 0.11818181818181818 0.2026695 1 1 1
1 P_3 48 48 0.04861105 0.10377358490566038 0.188431 1 1 1
1 P_3 49 49 0 0 0 1 1 1
1 P_3 50 50 0 0 0 1 1 1
1 P_3 51 51 0 0 0 1 1 1
1 P_3 52 52 0 0 0 1 1 1
1 P_3 53 53 0.0292761 0.07272727272727272 0.150652 1 1 1
1 P_3 54 54 0 0 0 1 1 1
1 P_3 55 55 0.5 0.5 0.5 1 1 1
1 P_3 56 56 0.04416675 0.10810810810810811 0.2118075 1 1 1
1 P_3 57 57 0 0 0 1 1 1
1 P_3 58 58 0.311375 0.40217391304347827 0.458006 1 1 1
1 P_3 59 59 0 0 0 1 1 1
1 P_3 60 60 0 0 0 1 1 1
1 P_3 61 61 0 0 0 1 1 1
1 P_3 62 62 0 0 0 1 1 1
1 P_3 63 63 0.19534 0.28431372549019607 0.3660975 1 1 1
1 P_3 64 64 0 0 0 1 1 1
1 P_3 65 65 0 0 0 1 1 1
1 P_3 66 66 0.04958905 0.10576923076923077 0.191563 1 1 1
1 P_3 67 67 0.051409 0.11363636363636363 0.2085275 1 1 1
1 P_3 68 68 0 0 0 1 1 1
1 P_3 69 69 0 0 0 1 1 1
1 P_3 70 70 0.03425595 0.07692307692307693 0.1483965 1 1 1
1 P_3 71 71 0.5 0.5 0.5 1 1 1
1 P_3 72 72 0 0 0 1 1 1
1 P_3 73 73 0 0 0 1 1 1
1 P_3 74 74 0 0 0 1 1 1
1 P_3 75 75 0 0 0 1 1 1
1 P_3 76 76 0 0 0 1 1 1
1 P_3 77 77 0 0 0 1 1 1
1 P_3 78 78 0 0 0 1 1 1
1 P_3 79 79 0 0 0 1 1 1
1 P_3 80 80 0.5 0.5 0.5 1 1 1
1 P_3 81 81 0.5 0.5 0.5 1 1 1
1 P_3 82 82 0 0 0 1 1 1
1 P_3 83 83 0 0 0 1 1 1
1 P_3 84 84 0.5 0.5 0.5 1 1 1
1 P_3 85 85 0.5 0.5 0.5 1 1 1
1 P_3 86 86 0 0 0 1 1 1
1 P_3 87 87 0 0 0 1 1 1
1 P_3 88 88 0 0 0 1 1 1
1 P_3 89 89 0.5 0.5 0.5 1 1 1
1 P_3 90 90 0 0 0 1 1 1
1 P_3 91 91 0.3498885 0.43478260869565216 0.4773475 1 1 1
1 P_3 92 92 0 0 0 1 1 1
1 P_3 93 93 0.0540265 0.1111111111111111 0.195738 1 1 1
1 P_3 94 94 0.2463825 0.3404255319148936 0.41405 1 1 1
1 P_3 95 95 0 0 0 1 1 1
1 P_3 96 96 0 0 0 1 1 1
1 P_3 97 97 0.02427375 0.06976744186046512 0.159194 1 1 1
1 P_3 98 98 0.3118385 0.41025641025641024 0.4659075 1 1 1
1 P_3 99 99 0 0 0 1 1 1
1 P_3 100 100 0.5 0.5 0.5 1 1 1
1 P_3 101 101 0 0 0 1 1 1
1 P_3 102 102 0 0 0 1 1 1
1 P_3 103 103 0 0 0 1 1 1
1 P_3 104 104 0 0 0 1 1 1
1 P_3 105 105 0.5 0.5 0.5 1 1 1
1 P_3 106 106 0 0 0 1 1 1
1 P_3 107 107 0 0 0 1 1 1
1 P_3 108 108 0 0 0 1 1 1
1 P_3 109 109 0.5 0.5 0.5 1 1 1
1 P_3 110 110 0 0 0 1 1 1
1 P_3 111 111 0.01560765 0.05 0.126726 1 1 1
1 P_3 112 112 0.3010775 0.3867924528301887 0.4449035 1 1 1
1 P_3 113 113 0 0 0 1 1 1
1 P_3 114 114 0.0879635 0.16666666666666666 0.266233 1 1 1
1 P_3 115 115 0 0 0 1 1 1
1 P_3 116 116 0 0 0 1 1 1
1 P_3 117 117 0.3947745 0.46808510638297873 0.4928215 1 1 1
1 P_3 118 118 0.5 0.5 0.5 1 1 1
1 P_3 119 119 0 0 0 1 1 1
1 P_3 120 120 0 0 0 1 1 1
1 P_3 121 121 0 0 0 1 1 1
1 P_3 122 122 0 0 0 1 1 1
1 P_3 123 123 0.5 0.5 0.5 1 1 1
1 P_3 124 124 0.5 0.5 0.5 1 1 1
1 P_3 125 125 0 0 0 1 1 1
1 P_3 126 126 0 0 0 1 1 1
1 P_3 127 127 0.01517865 0.05555555555555555 0.1514215 1 1 1
1 P_3 128 128 0.02010285 0.0641025641025641 0.157561 1 1 1
1 P_3 129 129 0.0100706 0.037037037037037035 0.105854 1 1 1
1 P_3 130 130 0.0526665 0.11627906976744186 0.2126065 1 1 1
1 P_3 131 131 0 0 0 1 1 1
1 P_3 132 132 0 0 0 1 1 1
1 P_3 133 133 0 0 0 1 1 1
1 P_3 134 134 0 0 0 1 1 1
1 P_3 135 135 0 0 0 1 1 1
1 P_3 136 136 0 0 0 1 1 1
1 P_3 137 137 0 0 0 1 1 1
1 P_3 138 138 0 0 0 1 1 1
1 P_3 139 139 0 0 0 1 1 1
1 P_3 140 140 0 0 0 1 1 1
1 P_3 141 141 0.0275141 0.07291666666666667 0.15737 1 1 1
1 P_3 142 142 0.0475623 0.09836065573770492 0.1759815 1 1 1
1 P_3 143 143 0 0 0 1 1 1
1 P_3 144 144 0 0 0 1 1 1
1 P_3 145 145 0.218518 0.3076923076923077 0.384996 1 1 1
1 P_3 146 146 0 0 0 1 1 1
1 P_3 147 147 0 0 0 1 1 1
1 P_3 148 148 0.0298345 0.07407407407407407 0.153117 1 1 1
1 P_3 149 149 0.03967855 0.0975609756097561 0.1943475 1 1 1
1 P_3 150 150 0.5 0.5 0.5 1 1 1
1 P_3 151 151 0 0 0 1 1 1
1 P_3 152 152 0.5 0.5 0.5 1 1 1
1 P_3 153 153 0 0 0 1 1 1
1 P_3 154 154 0 0 0 1 1 1
1 P_3 155 155 0.01561895 0.05714285714285714 0.15512 1 1 1
1 P_3 156 156 0 0 0 1 1 1
1 P_3 157 157 0 0 0 1 1 1
1 P_3 158 158 0.0434692 0.09322033898305085 0.171574 1 1 1
1 P_3 159 159 0.0112736 0.05 0.1556585 1 1 1
1 P_3 160 160 0 0 0 1 1 1
1 P_3 161 161 0.5 0.5 0.5 1 1 1
1 P_3 162 162 0 0 0 1 1 1
1 P_3 163 163 0 0 0 1 1 1
1 P_3 164 164 0 0 0 1 1 1
1 P_3 165 165 0 0 0 1 1 1
1 P_3 166 166 0 0 0 1 1 1
1 P_3 167 167 0 0 0 1 1 1
1 P_3 168 168 0.336168 0.42 0.4677005 1 1 1
1 P_3 169 169 0.333175 0.41509433962264153 0.4637515 1 1 1
1 P_3 170 170 0 0 0 1 1 1
1 P_3 171 171 0.051409 0.11363636363636363 0.2085275 1 1 1
1 P_3 172 172 0.068695 0.12931034482758622 0.212331 1 1 1
1 P_3 173 173 0.5 0.5 0.5 1 1 1
1 P_3 174 174 0.084431 0.15384615384615385 0.2430345 1 1 1
1 P_3 175 175 0.0275141 0.07291666666666667 0.15737 1 1 1
1 P_3 176 176 0.5 0.5 0.5 1 1 1
1 P_3 177 177 0.0771255 0.1511627906976744 0.2494105 1 1 1
1 P_3 178 178 0 0 0 1 1 1
1 P_3 179 179 0.02215915 0.06382978723404255 0.1473085 1 1 1
1 P_3 180 180 0 0 0 1 1 1
1 P_3 181 181 0 0 0 1 1 1
1 P_3 182 182 0.0559455 0.12857142857142856 0.236998 1 1 1
1 P_3 183 183 0.209029 0.29310344827586204 0.369166 1 1 1
1 P_3 184 184 0 0 0 1 1 1
1 P_3 185 185 0.0316456 0.0784313725490196 0.1610165 1 1 1
1 P_3 186 186 0 0 0 1 1 1
1 P_3 187 187 0 0 0 1 1 1
1 P_3 188 188 0.5 0.5 0.5 1 1 1
1 P_3 189 189 0 0 0 1 1 1
1 P_3 190 190 0 0 0 1 1 1
1 P_3 191 191 0.17717 0.2647058823529412 0.34916 1 1 1
1 P_3 192 192 0.5 0.5 0.5 1 1 1
1 P_3 193 193 0.349348 0.42727272727272725 0.470724 1 1 1
1 P_3 194 194 0.04405165 0.09803921568627451 0.18378 1 1 1
1 P_3 195 195 0 0 0 1 1 1
1 P_3 196 196 0 0 0 1 1 1
1 P_3 197 197 0 0 0 1 1 1
1 P_3 198 198 0.400881 0.47619047619047616 0.495993 1 1 1
1 P_3 199 199 0.364826 0.43859649122807015 0.476934 1 1 1
1 P_3 200 200 0 0 0 1 1 1
1 P_3 201 201 0 0 0 1 1 1
1 P_3 202 202 0.03298055 0.08163265306122448 0.166747 1 1 1
1 P_3 203 203 0 0 0 1 1 1
1 P_3 204 204 0 0 0 1 1 1
1 P_3 205 205 0 0 0 1 1 1
1 P_3 206 206 0 0 0 1 1 1
1 P_3 207 207 0 0 0 1 1 1
1 P_3 208 208 0 0 0 1 1 1
1 P_3 209 209 0 0 0 1 1 1
1 P_3 210 210 0 0 0 1 1 1
1 P_3 211 211 0.5 0.5 0.5 1 1 1
1 P_3 212 212 0 0 0 1 1 1
1 P_3 213 213 0.3661195 0.44680851063829785 0.483379 1 1 1
1 P_3 214 214 0 0 0 1 1 1
1 P_3 215 215 0 0 0 1 1 1
1 P_3 216 216 0.0454526 0.1111111111111111 0.2166625 1 1 1
1 P_3 217 217 0 0 0 1 1 1
1 P_3 218 218 0.0934735 0.15873015873015872 0.239677 1 1 1
1 P_3 219 219 0.2727635 0.3559322033898305 0.41974 1 1 1
1 P_3 220 220 0.02874635 0.07608695652173914 0.163319 1 1 1
1 P_3 221 221 0 0 0 1 1 1
1 P_3 222 222 0.0281167 0.07446808510638298 0.16029 1 1 1
1 P_3 223 223 0 0 0 1 1 1
1 P_3 224 224 0.5 0.5 0.5 1 1 1
1 P_3 225 225 0 0 0 1 1 1
1 P_3 226 226 0 0 0 1 1 1
1 P_3 227 227 0 0 0 1 1 1
1 P_3 228 228 0 0 0 1 1 1
1 P_3 229 229 0.00717835 0.031914893617021274 0.1052255 1 1 1
1 P_3 230 230 0.5 0.5 0.5 1 1 1
1 P_3 231 231 0 0 0 1 1 1
1 P_3 232 232 0 0 0 1 1 1
1 P_3 233 233 0 0 0 1 1 1
1 P_3 234 234 0 0 0 1 1 1
1 P_3 235 235 0 0 0 1 1 1
1 P_3 236 236 0 0 0 1 1 1
1 P_3 237 237 0.0551775 0.11016949152542373 0.1906925 1 1 1
1 P_3 238 238 0 0 0 1 1 1
1 P_3 239 239 0 0 0 1 1 1
1 P_3 240 240 0 0 0 1 1 1
1 P_3 241 241 0.5 0.5 0.5 1 1 1
1 P_3 242 242 0.06859 0.13541666666666666 0.2276045 1 1 1
1 P_3 243 243 0 0 0 1 1 1
1 P_3 244 244 0.2196255 0.3125 0.3915265 1 1 1
1 P_3 245 245 0.02427375 0.06976744186046512 0.159194 1 1 1
1 P_3 246 246 0 0 0 1 1 1
1 P_3 247 247 0 0 0 1 1 1
1 P_3 248 248 0 0 0 1 1 1
1 P_3 249 249 0.01998355 0.057692307692307696 0.1347175 1 1 1
1 P_3 250 250 0 0 0 1 1 1
1 P_3 251 251 0 0 0 1 1 1
1 P_3 252 252 0 0 0 1 1 1
1 P_3 253 253 0 0 0 1 1 1
1 P_3 254 254 0.5 0.5 0.5 1 1 1
1 P_3 255 255 0.380095 0.4574468085106383 0.488413 1 1 1
1 P_3 256 256 0.5 0.5 0.5 1 1 1
1 P_3 257 257 0 0 0 1 1 1
1 P_3 258 258 0 0 0 1 1 1
1 P_3 259 259 0 0 0 1 1 1
1 P_3 260 260 0.0324454 0.07627118644067797 0.1517545 1 1 1
1 P_3 261 261 0.25164 0.33620689655172414 0.404758 1 1 1
1 P_3 262 262 0.0410639 0.09574468085106383 0.185173 1 1 1
1 P_3 263 263 0 0 0 1 1 1
1 P_3 264 264 0.064323 0.12745098039215685 0.2162195 1 1 1
1 P_3 265 265 0 0 0 1 1 1
1 P_3 266 266 0.0368699 0.09090909090909091 0.1830035 1 1 1
1 P_3 267 267 0.3222615 0.4056603773584906 0.457678 1 1 1
1 P_3 268 268 0.5 0.5 0.5 1 1 1
1 P_3 269 269 0.2604725 0.3448275862068966 0.4115675 1 1 1
1 P_3 270 270 0.0520065 0.10714285714285714 0.189661 1 1 1
1 P_3 271 271 0.01662115 0.05319148936170213 0.1338805 1 1 1
1 P_3 272 272 0 0 0 1 1 1
1 P_3 273 273 0 0 0 1 1 1
1 P_3 274 274 0 0 0 1 1 1
1 P_3 275 275 0.5 0.5 0.5 1 1 1
1 P_3 276 276 0 0 0 1 1 1
1 P_3 277 277 0 0 0 1 1 1
1 P_3 278 278 0.02549025 0.07317073170731707 0.1658775 1 1 1
1 P_3 279 279 0 0 0 1 1 1
1 P_3 280 280 0 0 0 1 1 1
1 P_3 281 281 0.5 0.5 0.5 1 1 1
1 P_3 282 282 0.3454465 0.42857142857142855 0.473063 1 1 1
1 P_3 283 283 0 0 0 1 1 1
1 P_3 284 284 0 0 0 1 1 1
1 P_3 285 285 0.0551775 0.11016949152542373 0.1906925 1 1 1
1 P_3 286 286 0.0272371 0.06779661016949153 0.141531 1 1 1
1 P_3 287 287 0.03188795 0.075 0.149501 1 1 1
1 P_3 288 288 0.5 0.5 0.5 1 1 1
1 P_3 289 289 0 0 0 1 1 1
1 P_3 290 290 0 0 0 1 1 1
1 P_3 291 291 0 0 0 1 1 1
1 P_3 292 292 0 0 0 1 1 1
1 P_3 293 293 0 0 0 1 1 1
1 P_3 294 294 0 0 0 1 1 1
1 P_3 295 295 0.06859 0.13541666666666666 0.2276045 1 1 1
1 P_3 296 296 0 0 0 1 1 1
1 P_3 297 297 0 0 0 1 1 1
1 P_3 298 298 0 0 0 1 1 1
1 P_3 299 299 0 0 0 1 1 1
1 P_3 300 300 0.5 0.5 0.5 1 1 1
1 P_3 301 301 0 0 0 1 1 1
1 P_3 302 302 0 0 0 1 1 1
1 P_3 303 303 0 0 0 1 1 1
1 P_3 304 304 0.0585785 0.12 0.2091165 1 1 1
1 P_3 305 305 0.00938385 0.041666666666666664 0.1331725 1 1 1
1 P_3 306 306 0 0 0 1 1 1
1 P_3 307 307 0.5 0.5 0.5 1 1 1
1 P_3 308 308 0 0 0 1 1 1
1 P_3 309 309 0.0352088 0.08695652173913043 0.1761395 1 1 1
1 P_3 310 310 0 0 0 1 1 1
1 P_3 311 311 0 0 0 1 1 1
1 P_3 312 312 0 0 0 1 1 1
1 P_3 313 313 0 0 0 1 1 1
1 P_3 314 314 0.3335365 0.4222222222222222 0.470595 1 1 1
1 P_3 315 315 0 0 0 1 1 1
1 P_3 316 316 0 0 0 1 1 1
1 P_3 317 317 0.052775 0.11224489795918367 0.201605 1 1 1
1 P_3 318 318 0 0 0 1 1 1
1 P_3 319 319 0.0745605 0.14285714285714285 0.2344265 1 1 1
1 P_3 320 320 0.03101795 0.07692307692307693 0.158295 1 1 1
1 P_3 321 321 0 0 0 1 1 1
1 P_3 322 322 0 0 0 1 1 1
1 P_3 323 323 0 0 0 1 1 1
1 P_3 324 324 0 0 0 1 1 1
1 P_3 325 325 0.00766995 0.03409090909090909 0.1116195 1 1 1
1 P_3 326 326 0 0 0 1 1 1
1 P_3 327 327 0 0 0 1 1 1
1 P_3 328 328 0 0 0 1 1 1
1 P_3 329 329 0 0 0 1 1 1
1 P_3 330 330 0 0 0 1 1 1
1 P_3 331 331 0 0 0 1 1 1
1 P_3 332 332 0 0 0 1 1 1
1 P_3 333 333 0 0 0 1 1 1
1 P_3 334 334 0 0 0 1 1 1
1 P_3 335 335 0 0 0 1 1 1
1 P_3 336 336 0 0 0 1 1 1
1 P_3 337 337 0.051409 0.11363636363636363 0.2085275 1 1 1
1 P_3 338 338 0 0 0 1 1 1
1 P_3 339 339 0 0 0 1 1 1
1 P_3 340 340 0 0 0 1 1 1
1 P_3 341 341 0.0281167 0.07446808510638298 0.16029 1 1 1
1 P_3 342 342 0 0 0 1 1 1
1 P_3 343 343 0 0 0 1 1 1
1 P_3 344 344 0 0 0 1 1 1
1 P_3 345 345 0 0 0 1 1 1
1 P_3 346 346 0 0 0 1 1 1
1 P_3 347 347 0.2176875 0.30357142857142855 0.379167 1 1 1
1 P_3 348 348 0 0 0 1 1 1
1 P_3 349 349 0.248076 0.35 0.4257625 1 1 1
1 P_3 350 350 0.04958905 0.10576923076923077 0.191563 1 1 1
1 P_3 351 351 0 0 0 1 1 1
1 P_3 352 352 0 0 0 1 1 1
1 P_3 353 353 0.0111089 0.04081632653061224 0.1155255 1 1 1
1 P_3 354 354 0 0 0 1 1 1
1 P_3 355 355 0 0 0 1 1 1
1 P_3 356 356 0.087174 0.15079365079365079 0.2314655 1 1 1
1 P_3 357 357 0 0 0 1 1 1
1 P_3 358 358 0.0418022 0.10256410256410256 0.2027095 1 1 1
1 P_3 359 359 0 0 0 1 1 1
1 P_3 360 360 0 0 0 1 1 1
1 P_3 361 361 0 0 0 1 1 1
1 P_3 362 362 0 0 0 1 1 1
1 P_3 363 363 0.01436865 0.05263157894736842 0.144525 1 1 1
1 P_3 364 364 0 0 0 1 1 1
1 P_3 365 365 0 0 0 1 1 1
1 P_3 366 366 0.5 0.5 0.5 1 1 1
1 P_3 367 367 0.186268 0.2916666666666667 0.3850645 1 1 1
1 P_3 368 368 0 0 0 1 1 1
1 P_3 369 369 0.5 0.5 0.5 1 1 1
1 P_3 370 370 0.0269368 0.07142857142857142 0.1545535 1 1 1
1 P_3 371 371 0 0 0 1 1 1
1 P_3 372 372 0.04296735 0.1 0.192206 1 1 1
1 P_3 373 373 0 0 0 1 1 1
1 P_3 374 374 0 0 0 1 1 1
1 P_3 375 375 0 0 0 1 1 1
1 P_3 376 376 0.5 0.5 0.5 1 1 1
1 P_3 377 377 0 0 0 1 1 1
1 P_3 378 378 0 0 0 1 1 1
1 P_3 379 379 0.1838725 0.2777777777777778 0.36515 1 1 1
1 P_3 380 380 0 0 0 1 1 1
1 P_3 381 381 0.5 0.5 0.5 1 1 1
1 P_3 382 382 0 0 0 1 1 1
1 P_3 383 383 0.2827905 0.36153846153846153 0.4216745 1 1 1
1 P_3 384 384 0.04906695 0.10869565217391304 0.200814 1 1 1
1 P_3 385 385 0.04295185 0.10526315789473684 0.207161 1 1 1
1 P_3 386 386 0 0 0 1 1 1
1 P_3 387 387 0.350499 0.425 0.468112 1 1 1
1 P_3 388 388 0 0 0 1 1 1
1 P_3 389 389 0 0 0 1 1 1
1 P_3 390 390 0.0672525 0.12962962962962962 0.2158925 1 1 1
1 P_3 391 391 0 0 0 1 1 1
1 P_3 392 392 0.5 0.5 0.5 1 1 1
1 P_3 393 393 0 0 0 1 1 1
1 P_3 394 394 0 0 0 1 1 1
1 P_3 395 395 0 0 0 1 1 1
1 P_3 396 396 0.213101 0.2966101694915254 0.3715935 1 1 1
1 P_3 397 397 0 0 0 1 1 1
1 P_3 398 398 0.0625325 0.1276595744680851 0.220388 1 1 1
1 P_3 399 399 0.5 0.5 0.5 1 1 1
1 P_3 400 400 0.041994 0.09782608695652174 0.188625 1 1 1
1 P_3 401 401 0.0237081 0.06818181818181818 0.156048 1 1 1
1 P_3 402 402 0.0600095 0.13157894736842105 0.2355805 1 1 1
1 P_3 403 403 0.314711 0.4166666666666667 0.4708575 1 1 1
1 P_3 404 404 0 0 0 1 1 1
1 P_3 405 405 0 0 0 1 1 1
1 P_3 406 406 0.030817 0.08139534883720931 0.1731255 1 1 1
1 P_3 407 407 0 0 0 1 1 1
1 P_3 408 408 0.5 0.5 0.5 1 1 1
1 P_3 409 409 0 0 0 1 1 1
1 P_3 410 410 0.3777795 0.45652173913043476 0.4881585 1 1 1
1 P_3 411 411 0.5 0.5 0.5 1 1 1
1 P_3 412 412 0.064323 0.12745098039215685 0.2162195 1 1 1
1 P_3 413 413 0 0 0 1 1 1
1 P_3 414 414 0.0605625 0.12790697674418605 0.2251365 1 1 1
1 P_3 415 415 0.0591085 0.125 0.220849 1 1 1
1 P_3 416 416 0 0 0 1 1 1
1 P_3 417 417 0.5 0.5 0.5 1 1 1
1 P_3 418 418 0 0 0 1 1 1
1 P_3 419 419 0.086206 0.1568627450980392 0.247021 1 1 1
1 P_3 420 420 0 0 0 1 1 1
1 P_3 421 421 0 0 0 1 1 1
1 P_3 422 422 0.5 0.5 0.5 1 1 1
1 P_3 423 423 0 0 0 1 1 1
1 P_3 424 424 0.03537945 0.07936507936507936 0.152601 1 1 1
1 P_3 425 425 0.5 0.5 0.5 1 1 1
1 P_3 426 426 0 0 0 1 1 1
1 P_3 427 427 0.5 0.5 0.5 1 1 1
1 P_3 428 428 0 0 0 1 1 1
1 P_3 429 429 0 0 0 1 1 1
1 P_3 430 430 0.0857225 0.17142857142857143 0.280332 1 1 1
