10 #m
90 #n
0 P_6 0 0 0.03101795 0.07692307692307693 0.158295 1 1 1
0 P_6 1 1 0 0 0 1 1 1
0 P_6 2 2 0 0 0 1 1 1
0 P_6 3 3 0 0 0 1 1 1
0 P_6 4 4 0 0 0 1 1 1
0 P_6 5 5 0 0 0 1 1 1
0 P_6 6 6 0 0 0 1 1 1
0 P_6 7 7 0.5 0.5 0.5 1 1 1
0 P_6 8 8 0 0 0 1 1 1
0 P_6 9 9 0 0 0 1 1 1
0 P_6 10 10 0 0 0 1 1 1
0 P_6 11 11 0 0 0 1 1 1
0 P_6 12 12 0.300216 0.3953488372093023 0.4549435 1 1 1
0 P_6 13 13 0 0 0 1 1 1
0 P_6 14 14 0 0 0 1 1 1
0 P_6 15 15 0 0 0 1 1 1
0 P_6 16 16 0 0 0 1 1 1
0 P_6 17 17 0.291106 0.3829787234042553 0.4448625 1 1 1
0 P_6 18 18 0 0 0 1 1 1
0 P_6 19 19 0 0 0 1 1 1
0 P_6 20 20 0 0 0 1 1 1
0 P_6 21 21 0 0 0 1 1 1
0 P_6 22 22 0.5 0.5 0.5 1 1 1
0 P_6 23 23 0 0 0 1 1 1
0 P_6 24 24 0 0 0 1 1 1
0 P_6 25 25 0 0 0 1 1 1
0 P_6 26 26 0 0 0 1 1 1
0 P_6 27 27 0 0 0 1 1 1
0 P_6 28 28 0 0 0 1 1 1
0 P_6 29 29 0 0 0 1 1 1
0 P_6 30 30 0 0 0 1 1 1
0 P_6 31 31 0 0 0 1 1 1
0 P_6 32 32 0 0 0 1 1 1
0 P_6 33 33 0 0 0 1 1 1
0 P_6 34 34 0 0 0 1 1 1
0 P_6 35 35 0.03932235 0.09183673469387756 0.17863 1 1 1
0 P_6 36 36 0 0 0 1 1 1
0 P_6 37 37 0.0577225 0.12222222222222222 0.216718 1 1 1
0 P_6 38 38 0 0 0 1 1 1
0 P_6 39 39 0.5 0.5 0.5 1 1 1
0 P_6 40 40 0 0 0 1 1 1
0 P_6 41 41 0 0 0 1 1 1
0 P_6 42 42 0 0 0 1 1 1
0 P_6 43 43 0 0 0 1 1 1
0 P_6 44 44 0 0 0 1 1 1
0 P_6 45 45 0 0 0 1 1 1
0 P_6 46 46 0 0 0 1 1 1
0 P_6 47 47 0 0 0 1 1 1
0 P_6 48 48 0 0 0 1 1 1
0 P_6 49 49 0 0 0 1 1 1
0 P_6 50 50 0 0 0 1 1 1
0 P_6 51 51 0 0 0 1 1 1
0 P_6 52 52 0 0 0 1 1 1
0 P_6 53 53 0 0 0 1 1 1
0 P_6 54 54 0 0 0 1 1 1
0 P_6 55 55 0.3385175 0.41818181818181815 0.4651145 1 1 1
0 P_6 56 56 0 0 0 1 1 1
0 P_6 57 57 0 0 0 1 1 1
0 P_6 58 58 0 0 0 1 1 1
0 P_6 59 59 0 0 0 1 1 1
0 P_6 60 60 0 0 0 1 1 1
0 P_6 61 61 0.5 0.5 0.5 1 1 1
0 P_6 62 62 0 0 0 1 1 1
0 P_6 63 63 0.3222615 0.4056603773584906 0.457678 1 1 1
0 P_6 64 64 0 0 0 1 1 1
0 P_6 65 65 0 0 0 1 1 1
0 P_6 66 66 0.016269 0.052083333333333336 0.131408 1 1 1
0 P_6 67 67 0.5 0.5 0.5 1 1 1
0 P_6 68 68 0 0 0 1 1 1
0 P_6 69 69 0 0 0 1 1 1
0 P_6 70 70 0 0 0 1 1 1
0 P_6 71 71 0 0 0 1 1 1
0 P_6 72 72 0.0532845 0.10655737704918032 0.185212 1 1 1
0 P_6 73 73 0 0 0 1 1 1
0 P_6 74 74 0 0 0 1 1 1
0 P_6 75 75 0 0 0 1 1 1
0 P_6 76 76 0 0 0 1 1 1
0 P_6 77 77 0 0 0 1 1 1
0 P_6 78 78 0 0 0 1 1 1
0 P_6 79 79 0 0 0 1 1 1
0 P_6 80 80 0.25164 0.33620689655172414 0.404758 1 1 1
0 P_6 81 81 0.5 0.5 0.5 1 1 1
0 P_6 82 82 0.2914725 0.38636363636363635 0.448591 1 1 1
0 P_6 83 83 0 0 0 1 1 1
0 P_6 84 84 0 0 0 1 1 1
0 P_6 85 85 0 0 0 1 1 1
0 P_6 86 86 0 0 0 1 1 1
0 P_6 87 87 0 0 0 1 1 1
0 P_6 88 88 0 0 0 1 1 1
0 P_6 89 89 0.5 0.5 0.5 1 1 1
1 P_4 0 0 0.090009 0.16037735849056603 0.248855 1 1 1
1 P_4 1 1 0 0 0 1 1 1
1 P_4 2 2 0 0 0 1 1 1
1 P_4 3 3 0 0 0 1 1 1
1 P_4 4 4 0 0 0 1 1 1
1 P_4 5 5 0 0 0 1 1 1
1 P_4 6 6 0 0 0 1 1 1
1 P_4 7 7 0.5 0.5 0.5 1 1 1
1 P_4 8 8 0 0 0 1 1 1
1 P_4 9 9 0 0 0 1 1 1
1 P_4 10 10 0 0 0 1 1 1
1 P_4 11 11 0 0 0 1 1 1
1 P_4 12 12 0 0 0 1 1 1
1 P_4 13 13 0 0 0 1 1 1
1 P_4 14 14 0 0 0 1 1 1
1 P_4 15 15 0 0 0 1 1 1
1 P_4 16 16 0 0 0 1 1 1
1 P_4 17 17 0.13749 0.22340425531914893 0.3153285 1 1 1
1 P_4 18 18 0.03298055 0.08163265306122448 0.166747 1 1 1
1 P_4 19 19 0 0 0 1 1 1
1 P_4 20 20 0 0 0 1 1 1
1 P_4 21 21 0.02683525 0.07692307692307693 0.1731395 1 1 1
1 P_4 22 22 0.5 0.5 0.5 1 1 1
1 P_4 23 23 0 0 0 1 1 1
1 P_4 24 24 0.125622 0.20588235294117646 0.2953865 1 1 1
1 P_4 25 25 0 0 0 1 1 1
1 P_4 26 26 0 0 0 1 1 1
1 P_4 27 27 0 0 0 1 1 1
1 P_4 28 28 0 0 0 1 1 1
1 P_4 29 29 0 0 0 1 1 1
1 P_4 30 30 0 0 0 1 1 1
1 P_4 31 31 0 0 0 1 1 1
1 P_4 32 32 0 0 0 1 1 1
1 P_4 33 33 0.0269368 0.07142857142857142 0.1545535 1 1 1
1 P_4 34 34 0 0 0 1 1 1
1 P_4 35 35 0.04316945 0.09615384615384616 0.1807095 1 1 1
1 P_4 36 36 0 0 0 1 1 1
1 P_4 37 37 0.0717655 0.14130434782608695 0.2358665 1 1 1
1 P_4 38 38 0 0 0 1 1 1
1 P_4 39 39 0.5 0.5 0.5 1 1 1
1 P_4 40 40 0.0248514 0.0660377358490566 0.144221 1 1 1
1 P_4 41 41 0 0 0 1 1 1
1 P_4 42 42 0 0 0 1 1 1
1 P_4 43 43 0 0 0 1 1 1
1 P_4 44 44 0 0 0 1 1 1
1 P_4 45 45 0 0 0 1 1 1
1 P_4 46 46 0 0 0 1 1 1
1 P_4 47 47 0 0 0 1 1 1
1 P_4 48 48 0 0 0 1 1 1
1 P_4 49 49 0 0 0 1 1 1
1 P_4 50 50 0.043987 0.10227272727272728 0.195923 1 1 1
1 P_4 51 51 0.030817 0.08139534883720931 0.1731255 1 1 1
1 P_4 52 52 0 0 0 1 1 1
1 P_4 53 53 0 0 0 1 1 1
1 P_4 54 54 0 0 0 1 1 1
1 P_4 55 55 0.1502035 0.2391304347826087 0.3305625 1 1 1
1 P_4 56 56 0.01160035 0.03731343283582089 0.0972325 1 1 1
1 P_4 57 57 0 0 0 1 1 1
1 P_4 58 58 0.0106689 0.0392156862745098 0.111453 1 1 1
1 P_4 59 59 0 0 0 1 1 1
1 P_4 60 60 0 0 0 1 1 1
1 P_4 61 61 0.5 0.5 0.5 1 1 1
1 P_4 62 62 0 0 0 1 1 1
1 P_4 63 63 0 0 0 1 1 1
1 P_4 64 64 0 0 0 1 1 1
1 P_4 65 65 0 0 0 1 1 1
1 P_4 66 66 0.08595 0.1595744680851064 0.2536175 1 1 1
1 P_4 67 67 0.256915 0.34210526315789475 0.4099055 1 1 1
1 P_4 68 68 0 0 0 1 1 1
1 P_4 69 69 0 0 0 1 1 1
1 P_4 70 70 0 0 0 1 1 1
1 P_4 71 71 0 0 0 1 1 1
1 P_4 72 72 0.083663 0.1590909090909091 0.256328 1 1 1
1 P_4 73 73 0 0 0 1 1 1
1 P_4 74 74 0 0 0 1 1 1
1 P_4 75 75 0.0516685 0.11 0.1981445 1 1 1
1 P_4 76 76 0 0 0 1 1 1
1 P_4 77 77 0 0 0 1 1 1
1 P_4 78 78 0 0 0 1 1 1
1 P_4 79 79 0 0 0 1 1 1
1 P_4 80 80 0 0 0 1 1 1
1 P_4 81 81 0.273744 0.3548387096774194 0.417642 1 1 1
1 P_4 82 82 0 0 0 1 1 1
1 P_4 83 83 0 0 0 1 1 1
1 P_4 84 84 0 0 0 1 1 1
1 P_4 85 85 0 0 0 1 1 1
1 P_4 86 86 0 0 0 1 1 1
1 P_4 87 87 0 0 0 1 1 1
1 P_4 88 88 0 0 0 1 1 1
1 P_4 89 89 0.271735 0.35714285714285715 0.4219905 1 1 1
2 P_8 0 0 0 0 0 1 1 1
2 P_8 1 1 0 0 0 1 1 1
2 P_8 2 2 0 0 0 1 1 1
2 P_8 3 3 0 0 0 1 1 1
2 P_8 4 4 0 0 0 1 1 1
2 P_8 5 5 0 0 0 1 1 1
2 P_8 6 6 0 0 0 1 1 1
2 P_8 7 7 0.5 0.5 0.5 1 1 1
2 P_8 8 8 0 0 0 1 1 1
2 P_8 9 9 0 0 0 1 1 1
2 P_8 10 10 0 0 0 1 1 1
2 P_8 11 11 0 0 0 1 1 1
2 P_8 12 12 0.1024785 0.18085106382978725 0.2748435 1 1 1
2 P_8 13 13 0 0 0 1 1 1
2 P_8 14 14 0 0 0 1 1 1
2 P_8 15 15 0 0 0 1 1 1
2 P_8 16 16 0 0 0 1 1 1
2 P_8 17 17 0.5 0.5 0.5 1 1 1
2 P_8 18 18 0 0 0 1 1 1
2 P_8 19 19 0 0 0 1 1 1
2 P_8 20 20 0 0 0 1 1 1
2 P_8 21 21 0 0 0 1 1 1
2 P_8 22 22 0.5 0.5 0.5 1 1 1
2 P_8 23 23 0 0 0 1 1 1
2 P_8 24 24 0 0 0 1 1 1
2 P_8 25 25 0 0 0 1 1 1
2 P_8 26 26 0 0 0 1 1 1
2 P_8 27 27 0 0 0 1 1 1
2 P_8 28 28 0 0 0 1 1 1
2 P_8 29 29 0 0 0 1 1 1
2 P_8 30 30 0 0 0 1 1 1
2 P_8 31 31 0 0 0 1 1 1
2 P_8 32 32 0 0 0 1 1 1
2 P_8 33 33 0 0 0 1 1 1
2 P_8 34 34 0 0 0 1 1 1
2 P_8 35 35 0 0 0 1 1 1
2 P_8 36 36 0 0 0 1 1 1
2 P_8 37 37 0 0 0 1 1 1
2 P_8 38 38 0 0 0 1 1 1
2 P_8 39 39 0.5 0.5 0.5 1 1 1
2 P_8 40 40 0 0 0 1 1 1
2 P_8 41 41 0 0 0 1 1 1
2 P_8 42 42 0 0 0 1 1 1
2 P_8 43 43 0 0 0 1 1 1
2 P_8 44 44 0 0 0 1 1 1
2 P_8 45 45 0 0 0 1 1 1
2 P_8 46 46 0 0 0 1 1 1
2 P_8 47 47 0 0 0 1 1 1
2 P_8 48 48 0 0 0 1 1 1
2 P_8 49 49 0 0 0 1 1 1
2 P_8 50 50 0 0 0 1 1 1
2 P_8 51 51 0 0 0 1 1 1
2 P_8 52 52 0 0 0 1 1 1
2 P_8 53 53 0 0 0 1 1 1
2 P_8 54 54 0 0 0 1 1 1
2 P_8 55 55 0.5 0.5 0.5 1 1 1
2 P_8 56 56 0 0 0 1 1 1
2 P_8 57 57 0 0 0 1 1 1
2 P_8 58 58 0 0 0 1 1 1
2 P_8 59 59 0 0 0 1 1 1
2 P_8 60 60 0 0 0 1 1 1
2 P_8 61 61 0.5 0.5 0.5 1 1 1
2 P_8 62 62 0 0 0 1 1 1
2 P_8 63 63 0.118759 0.21052631578947367 0.313123 1 1 1
2 P_8 64 64 0 0 0 1 1 1
2 P_8 65 65 0 0 0 1 1 1
2 P_8 66 66 0 0 0 1 1 1
2 P_8 67 67 0.5 0.5 0.5 1 1 1
2 P_8 68 68 0 0 0 1 1 1
2 P_8 69 69 0 0 0 1 1 1
2 P_8 70 70 0 0 0 1 1 1
2 P_8 71 71 0 0 0 1 1 1
2 P_8 72 72 0 0 0 1 1 1
2 P_8 73 73 0 0 0 1 1 1
2 P_8 74 74 0 0 0 1 1 1
2 P_8 75 75 0 0 0 1 1 1
2 P_8 76 76 0 0 0 1 1 1
2 P_8 77 77 0 0 0 1 1 1
2 P_8 78 78 0 0 0 1 1 1
2 P_8 79 79 0 0 0 1 1 1
2 P_8 80 80 0.1359785 0.21428571428571427 0.2994525 1 1 1
2 P_8 81 81 0.5 0.5 0.5 1 1 1
2 P_8 82 82 0.1343145 0.21875 0.3101115 1 1 1
2 P_8 83 83 0 0 0 1 1 1
2 P_8 84 84 0 0 0 1 1 1
2 P_8 85 85 0 0 0 1 1 1
2 P_8 86 86 0 0 0 1 1 1
2 P_8 87 87 0 0 0 1 1 1
2 P_8 88 88 0 0 0 1 1 1
2 P_8 89 89 0.5 0.5 0.5 1 1 1
3 P_0 0 0 0.02427375 0.06976744186046512 0.159194 1 1 1
3 P_0 1 1 0.1185225 0.19298245614035087 0.2782125 1 1 1
3 P_0 2 2 0.042322 0.09433962264150944 0.1777385 1 1 1
3 P_0 3 3 0.18121 0.27 0.354521 1 1 1
3 P_0 4 4 0.2298435 0.3229166666666667 0.3998365 1 1 1
3 P_0 5 5 0.1359785 0.21428571428571427 0.2994525 1 1 1
3 P_0 6 6 0.1094475 0.18627450980392157 0.276451 1 1 1
3 P_0 7 7 0.071243 0.13114754098360656 0.2121005 1 1 1
3 P_0 8 8 0.2098085 0.30434782608695654 0.386363 1 1 1
3 P_0 9 9 0.156384 0.25675675675675674 0.3552305 1 1 1
3 P_0 10 10 0.1355425 0.2261904761904762 0.3228035 1 1 1
3 P_0 11 11 0.123519 0.19827586206896552 0.282646 1 1 1
3 P_0 12 12 0.061156 0.125 0.216501 1 1 1
3 P_0 13 13 0.159742 0.25 0.340258 1 1 1
3 P_0 14 14 0.128345 0.20754716981132076 0.295332 1 1 1
3 P_0 15 15 0.201056 0.2833333333333333 0.3596085 1 1 1
3 P_0 16 16 0.1732935 0.2542372881355932 0.334406 1 1 1
3 P_0 17 17 0.04316945 0.09615384615384616 0.1807095 1 1 1
3 P_0 18 18 0 0 0 1 1 1
3 P_0 19 19 0.148006 0.23863636363636365 0.331995 1 1 1
3 P_0 20 20 0.204668 0.29245283018867924 0.371655 1 1 1
3 P_0 21 21 0 0 0 1 1 1
3 P_0 22 22 0.5 0.5 0.5 1 1 1
3 P_0 23 23 0.1910325 0.27884615384615385 0.360723 1 1 1
3 P_0 24 24 0 0 0 1 1 1
3 P_0 25 25 0 0 0 1 1 1
3 P_0 26 26 0.2630835 0.35294117647058826 0.421249 1 1 1
3 P_0 27 27 0.0986675 0.17777777777777778 0.273867 1 1 1
3 P_0 28 28 0.1403915 0.21666666666666667 0.298944 1 1 1
3 P_0 29 29 0.1256175 0.21428571428571427 0.311901 1 1 1
3 P_0 30 30 0.1504555 0.2288135593220339 0.3110475 1 1 1
3 P_0 31 31 0.1682225 0.24603174603174602 0.324524 1 1 1
3 P_0 32 32 0.1225365 0.20652173913043478 0.3005275 1 1 1
3 P_0 33 33 0 0 0 1 1 1
3 P_0 34 34 0.125738 0.2037037037037037 0.2908675 1 1 1
3 P_0 35 35 0.0619245 0.1171875 0.194925 1 1 1
3 P_0 36 36 0.1403915 0.21666666666666667 0.298944 1 1 1
3 P_0 37 37 0.0216869 0.0625 0.144607 1 1 1
3 P_0 38 38 0.235683 0.32978723404255317 0.4058715 1 1 1
3 P_0 39 39 0.5 0.5 0.5 1 1 1
3 P_0 40 40 0 0 0 1 1 1
3 P_0 41 41 0.113416 0.1875 0.273586 1 1 1
3 P_0 42 42 0.1229725 0.20192307692307693 0.2907665 1 1 1
3 P_0 43 43 0.1792085 0.2636363636363636 0.3454005 1 1 1
3 P_0 44 44 0.17717 0.2647058823529412 0.34916 1 1 1
3 P_0 45 45 0.1364355 0.23076923076923078 0.3302565 1 1 1
3 P_0 46 46 0.073467 0.14444444444444443 0.24022 1 1 1
3 P_0 47 47 0.1040385 0.19444444444444445 0.3008495 1 1 1
3 P_0 48 48 0.0953215 0.1794871794871795 0.28254050000000003 1 1 1
3 P_0 49 49 0.1364355 0.23076923076923078 0.3302565 1 1 1
3 P_0 50 50 0 0 0 1 1 1
3 P_0 51 51 0 0 0 1 1 1
3 P_0 52 52 0.2090175 0.2916666666666667 0.366813 1 1 1
3 P_0 53 53 0.2091325 0.2962962962962963 0.374262 1 1 1
3 P_0 54 54 0.143221 0.22916666666666666 0.31973 1 1 1
3 P_0 55 55 0.02585205 0.06862745098039216 0.14921 1 1 1
3 P_0 56 56 0 0 0 1 1 1
3 P_0 57 57 0.164626 0.25 0.335374 1 1 1
3 P_0 58 58 0 0 0 1 1 1
3 P_0 59 59 0.168005 0.26136363636363635 0.351994 1 1 1
3 P_0 60 60 0.1378625 0.21311475409836064 0.294907 1 1 1
3 P_0 61 61 0.5 0.5 0.5 1 1 1
3 P_0 62 62 0 0 0 1 1 1
3 P_0 63 63 0.0368699 0.09090909090909091 0.1830035 1 1 1
3 P_0 64 64 0 0 0 1 1 1
3 P_0 65 65 0.113637 0.1956521739130435 0.2901915 1 1 1
3 P_0 66 66 0.03101795 0.07692307692307693 0.158295 1 1 1
3 P_0 67 67 0.0672525 0.12962962962962962 0.2158925 1 1 1
3 P_0 68 68 0.1696195 0.25471698113207547 0.3388605 1 1 1
3 P_0 69 69 0.2941015 0.37962962962962965 0.4394425 1 1 1
3 P_0 70 70 0.1696195 0.25471698113207547 0.3388605 1 1 1
3 P_0 71 71 0.1287065 0.2159090909090909 0.3112965 1 1 1
3 P_0 72 72 0.0212344 0.061224489795918366 0.142002 1 1 1
3 P_0 73 73 0.151886 0.2441860465116279 0.3379115 1 1 1
3 P_0 74 74 0.1620885 0.2558139534883721 0.348114 1 1 1
3 P_0 75 75 0 0 0 1 1 1
3 P_0 76 76 0.1627 0.24545454545454545 0.329097 1 1 1
3 P_0 77 77 0.324473 0.41 0.461494 1 1 1
3 P_0 78 78 0.2342945 0.31896551724137934 0.390821 1 1 1
3 P_0 79 79 0.1143285 0.19387755102040816 0.2856275 1 1 1
3 P_0 80 80 0.0298345 0.07407407407407407 0.153117 1 1 1
3 P_0 81 81 0.0685965 0.1320754716981132 0.2193665 1 1 1
3 P_0 82 82 0.0212141 0.06756756756756757 0.164835 1 1 1
3 P_0 83 83 0.1011065 0.18181818181818182 0.2788935 1 1 1
3 P_0 84 84 0.187617 0.2727272727272727 0.353398 1 1 1
3 P_0 85 85 0.1771965 0.27380952380952384 0.3644575 1 1 1
3 P_0 86 86 0.2134705 0.3 0.376764 1 1 1
3 P_0 87 87 0.2251565 0.3191489361702128 0.3975215 1 1 1
3 P_0 88 88 0.136869 0.22 0.309534 1 1 1
3 P_0 89 89 0.1049045 0.18478260869565216 0.279688 1 1 1
4 P_1 0 0 0.087174 0.15079365079365079 0.2314655 1 1 1
4 P_1 1 1 0.2371505 0.3333333333333333 0.409929 1 1 1
4 P_1 2 2 0 0 0 1 1 1
4 P_1 3 3 0.231247 0.3181818181818182 0.391802 1 1 1
4 P_1 4 4 0.2092335 0.2980769230769231 0.3770275 1 1 1
4 P_1 5 5 0.231247 0.3181818181818182 0.391802 1 1 1
4 P_1 6 6 0.1869165 0.27358490566037735 0.3554845 1 1 1
4 P_1 7 7 0.1118345 0.19 0.280968 1 1 1
4 P_1 8 8 0.166086 0.25 0.333914 1 1 1
4 P_1 9 9 0.1697435 0.2692307692307692 0.3635645 1 1 1
4 P_1 10 10 0.209028 0.2903225806451613 0.3645765 1 1 1
4 P_1 11 11 0.1560585 0.2403846153846154 0.3266895 1 1 1
4 P_1 12 12 0 0 0 1 1 1
4 P_1 13 13 0.204668 0.29245283018867924 0.371655 1 1 1
4 P_1 14 14 0.18027 0.2708333333333333 0.356779 1 1 1
4 P_1 15 15 0.1973005 0.2786885245901639 0.35499000000000003 1 1 1
4 P_1 16 16 0.1682705 0.2549019607843137 0.3405065 1 1 1
4 P_1 17 17 0.0215201 0.05737704918032787 0.127189 1 1 1
4 P_1 18 18 0 0 0 1 1 1
4 P_1 19 19 0.145664 0.23809523809523808 0.3335095 1 1 1
4 P_1 20 20 0.1998535 0.29 0.37161 1 1 1
4 P_1 21 21 0 0 0 1 1 1
4 P_1 22 22 0.5 0.5 0.5 1 1 1
4 P_1 23 23 0.2644195 0.3684210526315789 0.4399905 1 1 1
4 P_1 24 24 0 0 0 1 1 1
4 P_1 25 25 0 0 0 1 1 1
4 P_1 26 26 0.167474 0.25 0.332526 1 1 1
4 P_1 27 27 0.2095635 0.3020833333333333 0.383062 1 1 1
4 P_1 28 28 0.2639305 0.3474576271186441 0.413169 1 1 1
4 P_1 29 29 0.188099 0.2857142857142857 0.3743825 1 1 1
4 P_1 30 30 0.2176875 0.30357142857142855 0.379167 1 1 1
4 P_1 31 31 0.1737365 0.26666666666666666 0.355677 1 1 1
4 P_1 32 32 0.2093745 0.3 0.3799555 1 1 1
4 P_1 33 33 0 0 0 1 1 1
4 P_1 34 34 0.214797 0.30851063829787234 0.3890055 1 1 1
4 P_1 35 35 0.04505635 0.10465116279069768 0.199784 1 1 1
4 P_1 36 36 0.2387715 0.33 0.4041635 1 1 1
4 P_1 37 37 0.0287382 0.07142857142857142 0.148264 1 1 1
4 P_1 38 38 0.178212 0.2641509433962264 0.347229 1 1 1
4 P_1 39 39 0.5 0.5 0.5 1 1 1
4 P_1 40 40 0 0 0 1 1 1
4 P_1 41 41 0.2251565 0.3191489361702128 0.3975215 1 1 1
4 P_1 42 42 0.220571 0.30158730158730157 0.3737315 1 1 1
4 P_1 43 43 0.199202 0.2976190476190476 0.384108 1 1 1
4 P_1 44 44 0.186133 0.2661290322580645 0.3433085 1 1 1
4 P_1 45 45 0.178212 0.2641509433962264 0.347229 1 1 1
4 P_1 46 46 0.189301 0.2826086956521739 0.3684005 1 1 1
4 P_1 47 47 0.1733105 0.25961538461538464 0.3439415 1 1 1
4 P_1 48 48 0.189301 0.2826086956521739 0.3684005 1 1 1
4 P_1 49 49 0.248363 0.34444444444444444 0.4183325 1 1 1
4 P_1 50 50 0 0 0 1 1 1
4 P_1 51 51 0 0 0 1 1 1
4 P_1 52 52 0.2007985 0.28448275862068967 0.3617575 1 1 1
4 P_1 53 53 0.19534 0.28431372549019607 0.3660975 1 1 1
4 P_1 54 54 0.2624315 0.3482142857142857 0.4151465 1 1 1
4 P_1 55 55 0.0292761 0.07272727272727272 0.150652 1 1 1
4 P_1 56 56 0 0 0 1 1 1
4 P_1 57 57 0.235683 0.32978723404255317 0.4058715 1 1 1
4 P_1 58 58 0 0 0 1 1 1
4 P_1 59 59 0.199202 0.2976190476190476 0.384108 1 1 1
4 P_1 60 60 0.1869165 0.27358490566037735 0.3554845 1 1 1
4 P_1 61 61 0.5 0.5 0.5 1 1 1
4 P_1 62 62 0 0 0 1 1 1
4 P_1 63 63 0 0 0 1 1 1
4 P_1 64 64 0 0 0 1 1 1
4 P_1 65 65 0.1938055 0.29069767441860467 0.377612 1 1 1
4 P_1 66 66 0.0568385 0.125 0.2258345 1 1 1
4 P_1 67 67 0.065989 0.11971830985915492 0.19344 1 1 1
4 P_1 68 68 0.242915 0.3275862068965517 0.3978415 1 1 1
4 P_1 69 69 0.218073 0.3055555555555556 0.382001 1 1 1
4 P_1 70 70 0.2465895 0.3305084745762712 0.399706 1 1 1
4 P_1 71 71 0.1949475 0.2857142857142857 0.3687155 1 1 1
4 P_1 72 72 0.0410639 0.09574468085106383 0.185173 1 1 1
4 P_1 73 73 0.1887035 0.2840909090909091 0.3712935 1 1 1
4 P_1 74 74 0.163087 0.25 0.336913 1 1 1
4 P_1 75 75 0 0 0 1 1 1
4 P_1 76 76 0.2272505 0.32558139534883723 0.4053895 1 1 1
4 P_1 77 77 0.232179 0.32075471698113206 0.39503 1 1 1
4 P_1 78 78 0.1898885 0.28125 0.3656855 1 1 1
4 P_1 79 79 0.1945585 0.2872340425531915 0.371496 1 1 1
4 P_1 80 80 0 0 0 1 1 1
4 P_1 81 81 0.0922845 0.17045454545454544 0.267712 1 1 1
4 P_1 82 82 0 0 0 1 1 1
4 P_1 83 83 0.164183 0.24561403508771928 0.327874 1 1 1
4 P_1 84 84 0.1682705 0.2549019607843137 0.3405065 1 1 1
4 P_1 85 85 0.17929 0.2717391304347826 0.3591775 1 1 1
4 P_1 86 86 0.242915 0.3275862068965517 0.3978415 1 1 1
4 P_1 87 87 0.216606 0.296875 0.3692005 1 1 1
4 P_1 88 88 0.213267 0.2982456140350877 0.37411 1 1 1
4 P_1 89 89 0.1339025 0.21568627450980393 0.30466 1 1 1
5 P_2 0 0 0 0 0 1 1 1
5 P_2 1 1 0 0 0 1 1 1
5 P_2 2 2 0 0 0 1 1 1
5 P_2 3 3 0 0 0 1 1 1
5 P_2 4 4 0 0 0 1 1 1
5 P_2 5 5 0 0 0 1 1 1
5 P_2 6 6 0 0 0 1 1 1
5 P_2 7 7 0.5 0.5 0.5 1 1 1
5 P_2 8 8 0 0 0 1 1 1
5 P_2 9 9 0 0 0 1 1 1
5 P_2 10 10 0 0 0 1 1 1
5 P_2 11 11 0 0 0 1 1 1
5 P_2 12 12 0 0 0 1 1 1
5 P_2 13 13 0 0 0 1 1 1
5 P_2 14 14 0 0 0 1 1 1
5 P_2 15 15 0 0 0 1 1 1
5 P_2 16 16 0 0 0 1 1 1
5 P_2 17 17 0.0316456 0.0784313725490196 0.1610165 1 1 1
5 P_2 18 18 0.1153955 0.20512820512820512 0.3068845 1 1 1
5 P_2 19 19 0 0 0 1 1 1
5 P_2 20 20 0 0 0 1 1 1
5 P_2 21 21 0.209066 0.29464285714285715 0.3716455 1 1 1
5 P_2 22 22 0.5 0.5 0.5 1 1 1
5 P_2 23 23 0 0 0 1 1 1
5 P_2 24 24 0.368592 0.4479166666666667 0.483731 1 1 1
5 P_2 25 25 0.1037635 0.18 0.2711705 1 1 1
5 P_2 26 26 0 0 0 1 1 1
5 P_2 27 27 0 0 0 1 1 1
5 P_2 28 28 0 0 0 1 1 1
5 P_2 29 29 0 0 0 1 1 1
5 P_2 30 30 0 0 0 1 1 1
5 P_2 31 31 0 0 0 1 1 1
5 P_2 32 32 0 0 0 1 1 1
5 P_2 33 33 0.1961295 0.2818181818181818 0.361292 1 1 1
5 P_2 34 34 0 0 0 1 1 1
5 P_2 35 35 0 0 0 1 1 1
5 P_2 36 36 0 0 0 1 1 1
5 P_2 37 37 0 0 0 1 1 1
5 P_2 38 38 0 0 0 1 1 1
5 P_2 39 39 0.5 0.5 0.5 1 1 1
5 P_2 40 40 0.151886 0.2441860465116279 0.3379115 1 1 1
5 P_2 41 41 0 0 0 1 1 1
5 P_2 42 42 0 0 0 1 1 1
5 P_2 43 43 0 0 0 1 1 1
5 P_2 44 44 0 0 0 1 1 1
5 P_2 45 45 0 0 0 1 1 1
5 P_2 46 46 0 0 0 1 1 1
5 P_2 47 47 0 0 0 1 1 1
5 P_2 48 48 0 0 0 1 1 1
5 P_2 49 49 0 0 0 1 1 1
5 P_2 50 50 0.367553 0.4523809523809524 0.487017 1 1 1
5 P_2 51 51 0.175594 0.25892857142857145 0.340548 1 1 1
5 P_2 52 52 0 0 0 1 1 1
5 P_2 53 53 0 0 0 1 1 1
5 P_2 54 54 0 0 0 1 1 1
5 P_2 55 55 0.01529675 0.049019607843137254 0.1245075 1 1 1
5 P_2 56 56 0.1697435 0.2692307692307692 0.3635645 1 1 1
5 P_2 57 57 0 0 0 1 1 1
5 P_2 58 58 0.1898885 0.28125 0.3656855 1 1 1
5 P_2 59 59 0 0 0 1 1 1
5 P_2 60 60 0 0 0 1 1 1
5 P_2 61 61 0.5 0.5 0.5 1 1 1
5 P_2 62 62 0.1185225 0.19298245614035087 0.2782125 1 1 1
5 P_2 63 63 0 0 0 1 1 1
5 P_2 64 64 0.052775 0.11224489795918367 0.201605 1 1 1
5 P_2 65 65 0 0 0 1 1 1
5 P_2 66 66 0 0 0 1 1 1
5 P_2 67 67 0.02010285 0.0641025641025641 0.157561 1 1 1
5 P_2 68 68 0 0 0 1 1 1
5 P_2 69 69 0 0 0 1 1 1
5 P_2 70 70 0 0 0 1 1 1
5 P_2 71 71 0 0 0 1 1 1
5 P_2 72 72 0 0 0 1 1 1
5 P_2 73 73 0 0 0 1 1 1
5 P_2 74 74 0 0 0 1 1 1
5 P_2 75 75 0.185445 0.2755102040816326 0.3600285 1 1 1
5 P_2 76 76 0 0 0 1 1 1
5 P_2 77 77 0 0 0 1 1 1
5 P_2 78 78 0 0 0 1 1 1
5 P_2 79 79 0 0 0 1 1 1
5 P_2 80 80 0 0 0 1 1 1
5 P_2 81 81 0.0248514 0.0660377358490566 0.144221 1 1 1
5 P_2 82 82 0 0 0 1 1 1
5 P_2 83 83 0 0 0 1 1 1
5 P_2 84 84 0 0 0 1 1 1
5 P_2 85 85 0 0 0 1 1 1
5 P_2 86 86 0 0 0 1 1 1
5 P_2 87 87 0 0 0 1 1 1
5 P_2 88 88 0 0 0 1 1 1
5 P_2 89 89 0.01998355 0.057692307692307696 0.1347175 1 1 1
6 P_9 0 0 0 0 0 1 1 1
6 P_9 1 1 0.2129685 0.29508196721311475 0.369203 1 1 1
6 P_9 2 2 0 0 0 1 1 1
6 P_9 3 3 0.261489 0.3541666666666667 0.423782 1 1 1
6 P_9 4 4 0.224301 0.3163265306122449 0.393934 1 1 1
6 P_9 5 5 0.299186 0.391304347826087 0.450933 1 1 1
6 P_9 6 6 0.223549 0.3137254901960784 0.3905525 1 1 1
6 P_9 7 7 0.0433049 0.11290322580645161 0.2274815 1 1 1
6 P_9 8 8 0.243672 0.3409090909090909 0.416337 1 1 1
6 P_9 9 9 0.262602 0.36046511627906974 0.4312785 1 1 1
6 P_9 10 10 0.222887 0.3113207547169811 0.387359 1 1 1
6 P_9 11 11 0.26666 0.34615384615384615 0.409598 1 1 1
6 P_9 12 12 0 0 0 1 1 1
6 P_9 13 13 0.225775 0.3103448275862069 0.3837 1 1 1
6 P_9 14 14 0.226414 0.3125 0.386584 1 1 1
6 P_9 15 15 0.2471485 0.33653846153846156 0.4081295 1 1 1
6 P_9 16 16 0.240222 0.3333333333333333 0.4079865 1 1 1
6 P_9 17 17 0.0920135 0.16666666666666666 0.259778 1 1 1
6 P_9 18 18 0 0 0 1 1 1
6 P_9 19 19 0.2695245 0.36 0.427026 1 1 1
6 P_9 20 20 0.2047555 0.3023255813953488 0.387068 1 1 1
6 P_9 21 21 0 0 0 1 1 1
6 P_9 22 22 0.5 0.5 0.5 1 1 1
6 P_9 23 23 0.2285345 0.32926829268292684 0.4097145 1 1 1
6 P_9 24 24 0 0 0 1 1 1
6 P_9 25 25 0 0 0 1 1 1
6 P_9 26 26 0.2304095 0.3157894736842105 0.388743 1 1 1
6 P_9 27 27 0.19534 0.28431372549019607 0.3660975 1 1 1
6 P_9 28 28 0.242915 0.3275862068965517 0.3978415 1 1 1
6 P_9 29 29 0.2787495 0.3780487804878049 0.444624 1 1 1
6 P_9 30 30 0.2115945 0.3157894736842105 0.4019415 1 1 1
6 P_9 31 31 0.2387715 0.33 0.4041635 1 1 1
6 P_9 32 32 0.287683 0.3875 0.451398 1 1 1
6 P_9 33 33 0 0 0 1 1 1
6 P_9 34 34 0.2374715 0.3269230769230769 0.400551 1 1 1
6 P_9 35 35 0 0 0 1 1 1
6 P_9 36 36 0.224301 0.3163265306122449 0.393934 1 1 1
6 P_9 37 37 0 0 0 1 1 1
6 P_9 38 38 0.2907785 0.3728813559322034 0.4325345 1 1 1
6 P_9 39 39 0.5 0.5 0.5 1 1 1
6 P_9 40 40 0 0 0 1 1 1
6 P_9 41 41 0.243105 0.3230769230769231 0.390847 1 1 1
6 P_9 42 42 0.1910325 0.27884615384615385 0.360723 1 1 1
6 P_9 43 43 0.2387715 0.33 0.4041635 1 1 1
6 P_9 44 44 0.261489 0.3541666666666667 0.423782 1 1 1
6 P_9 45 45 0.222029 0.32142857142857145 0.4029415 1 1 1
6 P_9 46 46 0.2848485 0.36666666666666664 0.4275 1 1 1
6 P_9 47 47 0.2453275 0.32786885245901637 0.3966095 1 1 1
6 P_9 48 48 0.2592345 0.36486486486486486 0.4382675 1 1 1
6 P_9 49 49 0.2733475 0.3627450980392157 0.4285465 1 1 1
6 P_9 50 50 0 0 0 1 1 1
6 P_9 51 51 0 0 0 1 1 1
6 P_9 52 52 0.2296545 0.3135593220338983 0.38584 1 1 1
6 P_9 53 53 0.2967375 0.3770491803278688 0.4348665 1 1 1
6 P_9 54 54 0.313045 0.4 0.455029 1 1 1
6 P_9 55 55 0.1028675 0.17592592592592593 0.2636975 1 1 1
6 P_9 56 56 0 0 0 1 1 1
6 P_9 57 57 0.253253 0.3392857142857143 0.408179 1 1 1
6 P_9 58 58 0 0 0 1 1 1
6 P_9 59 59 0.2645755 0.35185185185185186 0.4189075 1 1 1
6 P_9 60 60 0.2604725 0.3448275862068966 0.4115675 1 1 1
6 P_9 61 61 0.5 0.5 0.5 1 1 1
6 P_9 62 62 0 0 0 1 1 1
6 P_9 63 63 0 0 0 1 1 1
6 P_9 64 64 0 0 0 1 1 1
6 P_9 65 65 0.2430255 0.3333333333333333 0.406189 1 1 1
6 P_9 66 66 0 0 0 1 1 1
6 P_9 67 67 0.0701415 0.13829787234042554 0.231664 1 1 1
6 P_9 68 68 0.2354585 0.3375 0.416643 1 1 1
6 P_9 69 69 0.2415965 0.330188679245283 0.4025755 1 1 1
6 P_9 70 70 0.2371505 0.3333333333333333 0.409929 1 1 1
6 P_9 71 71 0.2371505 0.3333333333333333 0.409929 1 1 1
6 P_9 72 72 0 0 0 1 1 1
6 P_9 73 73 0.2296545 0.3135593220338983 0.38584 1 1 1
6 P_9 74 74 0.2289725 0.3114754098360656 0.3830805 1 1 1
6 P_9 75 75 0 0 0 1 1 1
6 P_9 76 76 0.241846 0.33695652173913043 0.412038 1 1 1
6 P_9 77 77 0.241846 0.33695652173913043 0.412038 1 1 1
6 P_9 78 78 0.2741655 0.375 0.4431615 1 1 1
6 P_9 79 79 0.1993205 0.29545454545454547 0.380677 1 1 1
6 P_9 80 80 0 0 0 1 1 1
6 P_9 81 81 0.0900945 0.15789473684210525 0.243085 1 1 1
6 P_9 82 82 0 0 0 1 1 1
6 P_9 83 83 0.270411 0.36904761904761907 0.4379095 1 1 1
6 P_9 84 84 0.17929 0.2717391304347826 0.3591775 1 1 1
6 P_9 85 85 0.2403055 0.32727272727272727 0.399152 1 1 1
6 P_9 86 86 0.262602 0.36046511627906974 0.4312785 1 1 1
6 P_9 87 87 0.29779 0.38461538461538464 0.44379 1 1 1
6 P_9 88 88 0.302837 0.39361702127659576 0.4520255 1 1 1
6 P_9 89 89 0.095242 0.16379310344827586 0.24836 1 1 1
7 P_3 0 0 0 0 0 1 1 1
7 P_3 1 1 0 0 0 1 1 1
7 P_3 2 2 0 0 0 1 1 1
7 P_3 3 3 0 0 0 1 1 1
7 P_3 4 4 0 0 0 1 1 1
7 P_3 5 5 0 0 0 1 1 1
7 P_3 6 6 0 0 0 1 1 1
7 P_3 7 7 0.5 0.5 0.5 1 1 1
7 P_3 8 8 0 0 0 1 1 1
7 P_3 9 9 0 0 0 1 1 1
7 P_3 10 10 0 0 0 1 1 1
7 P_3 11 11 0 0 0 1 1 1
7 P_3 12 12 0.349348 0.42727272727272725 0.470724 1 1 1
7 P_3 13 13 0 0 0 1 1 1
7 P_3 14 14 0 0 0 1 1 1
7 P_3 15 15 0 0 0 1 1 1
7 P_3 16 16 0 0 0 1 1 1
7 P_3 17 17 0.38367 0.4642857142857143 0.491963 1 1 1
7 P_3 18 18 0 0 0 1 1 1
7 P_3 19 19 0 0 0 1 1 1
7 P_3 20 20 0 0 0 1 1 1
7 P_3 21 21 0.0551375 0.11702127659574468 0.208894 1 1 1
7 P_3 22 22 0.5 0.5 0.5 1 1 1
7 P_3 23 23 0 0 0 1 1 1
7 P_3 24 24 0.0479743 0.10638297872340426 0.197163 1 1 1
7 P_3 25 25 0 0 0 1 1 1
7 P_3 26 26 0 0 0 1 1 1
7 P_3 27 27 0 0 0 1 1 1
7 P_3 28 28 0 0 0 1 1 1
7 P_3 29 29 0 0 0 1 1 1
7 P_3 30 30 0 0 0 1 1 1
7 P_3 31 31 0 0 0 1 1 1
7 P_3 32 32 0 0 0 1 1 1
7 P_3 33 33 0.0591085 0.125 0.220849 1 1 1
7 P_3 34 34 0 0 0 1 1 1
7 P_3 35 35 0 0 0 1 1 1
7 P_3 36 36 0 0 0 1 1 1
7 P_3 37 37 0 0 0 1 1 1
7 P_3 38 38 0 0 0 1 1 1
7 P_3 39 39 0.5 0.5 0.5 1 1 1
7 P_3 40 40 0.0407233 0.09090909090909091 0.172077 1 1 1
7 P_3 41 41 0 0 0 1 1 1
7 P_3 42 42 0 0 0 1 1 1
7 P_3 43 43 0 0 0 1 1 1
7 P_3 44 44 0 0 0 1 1 1
7 P_3 45 45 0 0 0 1 1 1
7 P_3 46 46 0 0 0 1 1 1
7 P_3 47 47 0 0 0 1 1 1
7 P_3 48 48 0 0 0 1 1 1
7 P_3 49 49 0 0 0 1 1 1
7 P_3 50 50 0.01499805 0.04807692307692308 0.1223645 1 1 1
7 P_3 51 51 0.04958905 0.10576923076923077 0.191563 1 1 1
7 P_3 52 52 0 0 0 1 1 1
7 P_3 53 53 0 0 0 1 1 1
7 P_3 54 54 0 0 0 1 1 1
7 P_3 55 55 0.342439 0.4358974358974359 0.479897 1 1 1
7 P_3 56 56 0.03932235 0.09183673469387756 0.17863 1 1 1
7 P_3 57 57 0 0 0 1 1 1
7 P_3 58 58 0.01342505 0.04310344827586207 0.110905 1 1 1
7 P_3 59 59 0 0 0 1 1 1
7 P_3 60 60 0 0 0 1 1 1
7 P_3 61 61 0.5 0.5 0.5 1 1 1
7 P_3 62 62 0 0 0 1 1 1
7 P_3 63 63 0.31622 0.4019607843137255 0.4559485 1 1 1
7 P_3 64 64 0 0 0 1 1 1
7 P_3 65 65 0 0 0 1 1 1
7 P_3 66 66 0 0 0 1 1 1
7 P_3 67 67 0.33027 0.42045454545454547 0.4699055 1 1 1
7 P_3 68 68 0 0 0 1 1 1
7 P_3 69 69 0 0 0 1 1 1
7 P_3 70 70 0 0 0 1 1 1
7 P_3 71 71 0 0 0 1 1 1
7 P_3 72 72 0 0 0 1 1 1
7 P_3 73 73 0 0 0 1 1 1
7 P_3 74 74 0 0 0 1 1 1
7 P_3 75 75 0.035553800000000003 0.08333333333333333 0.1641105 1 1 1
7 P_3 76 76 0 0 0 1 1 1
7 P_3 77 77 0 0 0 1 1 1
7 P_3 78 78 0 0 0 1 1 1
7 P_3 79 79 0 0 0 1 1 1
7 P_3 80 80 0.1515285 0.23214285714285715 0.3161875 1 1 1
7 P_3 81 81 0.31754 0.4 0.4532335 1 1 1
7 P_3 82 82 0.3335365 0.4222222222222222 0.470595 1 1 1
7 P_3 83 83 0 0 0 1 1 1
7 P_3 84 84 0 0 0 1 1 1
7 P_3 85 85 0 0 0 1 1 1
7 P_3 86 86 0 0 0 1 1 1
7 P_3 87 87 0 0 0 1 1 1
7 P_3 88 88 0 0 0 1 1 1
7 P_3 89 89 0.313045 0.4 0.455029 1 1 1
8 P_5 0 0 0.0234878 0.0625 0.1373285 1 1 1
8 P_5 1 1 0 0 0 1 1 1
8 P_5 2 2 0 0 0 1 1 1
8 P_5 3 3 0 0 0 1 1 1
8 P_5 4 4 0 0 0 1 1 1
8 P_5 5 5 0 0 0 1 1 1
8 P_5 6 6 0 0 0 1 1 1
8 P_5 7 7 0.5 0.5 0.5 1 1 1
8 P_5 8 8 0 0 0 1 1 1
8 P_5 9 9 0 0 0 1 1 1
8 P_5 10 10 0 0 0 1 1 1
8 P_5 11 11 0 0 0 1 1 1
8 P_5 12 12 0.0316456 0.0784313725490196 0.1610165 1 1 1
8 P_5 13 13 0 0 0 1 1 1
8 P_5 14 14 0 0 0 1 1 1
8 P_5 15 15 0 0 0 1 1 1
8 P_5 16 16 0 0 0 1 1 1
8 P_5 17 17 0.069996 0.1346153846153846 0.2229515 1 1 1
8 P_5 18 18 0.1290245 0.21951219512195122 0.3178075 1 1 1
8 P_5 19 19 0 0 0 1 1 1
8 P_5 20 20 0 0 0 1 1 1
8 P_5 21 21 0.0212344 0.061224489795918366 0.142002 1 1 1
8 P_5 22 22 0.5 0.5 0.5 1 1 1
8 P_5 23 23 0 0 0 1 1 1
8 P_5 24 24 0.172084 0.26 0.3457815 1 1 1
8 P_5 25 25 0.0438194 0.09090909090909091 0.1641235 1 1 1
8 P_5 26 26 0 0 0 1 1 1
8 P_5 27 27 0 0 0 1 1 1
8 P_5 28 28 0 0 0 1 1 1
8 P_5 29 29 0 0 0 1 1 1
8 P_5 30 30 0 0 0 1 1 1
8 P_5 31 31 0 0 0 1 1 1
8 P_5 32 32 0 0 0 1 1 1
8 P_5 33 33 0.0362485 0.08490566037735849 0.166825 1 1 1
8 P_5 34 34 0 0 0 1 1 1
8 P_5 35 35 0.0816675 0.15555555555555556 0.251637 1 1 1
8 P_5 36 36 0 0 0 1 1 1
8 P_5 37 37 0.01471075 0.04716981132075472 0.1202935 1 1 1
8 P_5 38 38 0 0 0 1 1 1
8 P_5 39 39 0.5 0.5 0.5 1 1 1
8 P_5 40 40 0.03932235 0.09183673469387756 0.17863 1 1 1
8 P_5 41 41 0 0 0 1 1 1
8 P_5 42 42 0 0 0 1 1 1
8 P_5 43 43 0 0 0 1 1 1
8 P_5 44 44 0 0 0 1 1 1
8 P_5 45 45 0 0 0 1 1 1
8 P_5 46 46 0 0 0 1 1 1
8 P_5 47 47 0 0 0 1 1 1
8 P_5 48 48 0 0 0 1 1 1
8 P_5 49 49 0 0 0 1 1 1
8 P_5 50 50 0.2098085 0.30434782608695654 0.386363 1 1 1
8 P_5 51 51 0.01998355 0.057692307692307696 0.1347175 1 1 1
8 P_5 52 52 0 0 0 1 1 1
8 P_5 53 53 0 0 0 1 1 1
8 P_5 54 54 0 0 0 1 1 1
8 P_5 55 55 0.03237185 0.08536585365853659 0.180335 1 1 1
8 P_5 56 56 0.0281167 0.07446808510638298 0.16029 1 1 1
8 P_5 57 57 0 0 0 1 1 1
8 P_5 58 58 0.04452 0.09230769230769231 0.166367 1 1 1
8 P_5 59 59 0 0 0 1 1 1
8 P_5 60 60 0 0 0 1 1 1
8 P_5 61 61 0.5 0.5 0.5 1 1 1
8 P_5 62 62 0.01863855 0.05952380952380952 0.1477685 1 1 1
8 P_5 63 63 0.08595 0.1595744680851064 0.2536175 1 1 1
8 P_5 64 64 0.01471075 0.04716981132075472 0.1202935 1 1 1
8 P_5 65 65 0 0 0 1 1 1
8 P_5 66 66 0.0234878 0.0625 0.1373285 1 1 1
8 P_5 67 67 0.141868 0.23255813953488372 0.327525 1 1 1
8 P_5 68 68 0 0 0 1 1 1
8 P_5 69 69 0 0 0 1 1 1
8 P_5 70 70 0 0 0 1 1 1
8 P_5 71 71 0 0 0 1 1 1
8 P_5 72 72 0.0324454 0.07627118644067797 0.1517545 1 1 1
8 P_5 73 73 0 0 0 1 1 1
8 P_5 74 74 0 0 0 1 1 1
8 P_5 75 75 0.035553800000000003 0.08333333333333333 0.1641105 1 1 1
8 P_5 76 76 0 0 0 1 1 1
8 P_5 77 77 0 0 0 1 1 1
8 P_5 78 78 0 0 0 1 1 1
8 P_5 79 79 0 0 0 1 1 1
8 P_5 80 80 0.0918705 0.16346153846153846 0.2528515 1 1 1
8 P_5 81 81 0.1991265 0.3 0.3877805 1 1 1
8 P_5 82 82 0.052775 0.11224489795918367 0.201605 1 1 1
8 P_5 83 83 0 0 0 1 1 1
8 P_5 84 84 0 0 0 1 1 1
8 P_5 85 85 0 0 0 1 1 1
8 P_5 86 86 0 0 0 1 1 1
8 P_5 87 87 0 0 0 1 1 1
8 P_5 88 88 0 0 0 1 1 1
8 P_5 89 89 0.1682605 0.2702702702702703 0.366583 1 1 1
9 P_7 0 0 0 0 0 1 1 1
9 P_7 1 1 0 0 0 1 1 1
9 P_7 2 2 0.3454465 0.42857142857142855 0.473063 1 1 1
9 P_7 3 3 0 0 0 1 1 1
9 P_7 4 4 0 0 0 1 1 1
9 P_7 5 5 0 0 0 1 1 1
9 P_7 6 6 0 0 0 1 1 1
9 P_7 7 7 0.0568385 0.125 0.2258345 1 1 1
9 P_7 8 8 0 0 0 1 1 1
9 P_7 9 9 0 0 0 1 1 1
9 P_7 10 10 0 0 0 1 1 1
9 P_7 11 11 0 0 0 1 1 1
9 P_7 12 12 0 0 0 1 1 1
9 P_7 13 13 0 0 0 1 1 1
9 P_7 14 14 0 0 0 1 1 1
9 P_7 15 15 0 0 0 1 1 1
9 P_7 16 16 0 0 0 1 1 1
9 P_7 17 17 0 0 0 1 1 1
9 P_7 18 18 0.0469294 0.10416666666666667 0.193641 1 1 1
9 P_7 19 19 0 0 0 1 1 1
9 P_7 20 20 0.2755865 0.3695652173913043 0.4360275 1 1 1
9 P_7 21 21 0 0 0 1 1 1
9 P_7 22 22 0.5 0.5 0.5 1 1 1
9 P_7 23 23 0 0 0 1 1 1
9 P_7 24 24 0.0298345 0.07407407407407407 0.153117 1 1 1
9 P_7 25 25 0.04592915 0.10204081632653061 0.19024 1 1 1
9 P_7 26 26 0.291106 0.3829787234042553 0.4448625 1 1 1
9 P_7 27 27 0 0 0 1 1 1
9 P_7 28 28 0 0 0 1 1 1
9 P_7 29 29 0 0 0 1 1 1
9 P_7 30 30 0 0 0 1 1 1
9 P_7 31 31 0 0 0 1 1 1
9 P_7 32 32 0 0 0 1 1 1
9 P_7 33 33 0 0 0 1 1 1
9 P_7 34 34 0 0 0 1 1 1
9 P_7 35 35 0 0 0 1 1 1
9 P_7 36 36 0 0 0 1 1 1
9 P_7 37 37 0 0 0 1 1 1
9 P_7 38 38 0.333253 0.41836734693877553 0.4670195 1 1 1
9 P_7 39 39 0.5 0.5 0.5 1 1 1
9 P_7 40 40 0 0 0 1 1 1
9 P_7 41 41 0 0 0 1 1 1
9 P_7 42 42 0 0 0 1 1 1
9 P_7 43 43 0 0 0 1 1 1
9 P_7 44 44 0 0 0 1 1 1
9 P_7 45 45 0 0 0 1 1 1
9 P_7 46 46 0 0 0 1 1 1
9 P_7 47 47 0 0 0 1 1 1
9 P_7 48 48 0 0 0 1 1 1
9 P_7 49 49 0 0 0 1 1 1
9 P_7 50 50 0.03237185 0.08536585365853659 0.180335 1 1 1
9 P_7 51 51 0 0 0 1 1 1
9 P_7 52 52 0 0 0 1 1 1
9 P_7 53 53 0 0 0 1 1 1
9 P_7 54 54 0 0 0 1 1 1
9 P_7 55 55 0 0 0 1 1 1
9 P_7 56 56 0 0 0 1 1 1
9 P_7 57 57 0 0 0 1 1 1
9 P_7 58 58 0 0 0 1 1 1
9 P_7 59 59 0 0 0 1 1 1
9 P_7 60 60 0 0 0 1 1 1
9 P_7 61 61 0.5 0.5 0.5 1 1 1
9 P_7 62 62 0.0369709 0.08653846153846154 0.169629 1 1 1
9 P_7 63 63 0 0 0 1 1 1
9 P_7 64 64 0.0879635 0.16666666666666666 0.266233 1 1 1
9 P_7 65 65 0 0 0 1 1 1
9 P_7 66 66 0 0 0 1 1 1
9 P_7 67 67 0 0 0 1 1 1
9 P_7 68 68 0 0 0 1 1 1
9 P_7 69 69 0.320387 0.4017857142857143 0.454104 1 1 1
9 P_7 70 70 0 0 0 1 1 1
9 P_7 71 71 0 0 0 1 1 1
9 P_7 72 72 0 0 0 1 1 1
9 P_7 73 73 0 0 0 1 1 1
9 P_7 74 74 0 0 0 1 1 1
9 P_7 75 75 0 0 0 1 1 1
9 P_7 76 76 0 0 0 1 1 1
9 P_7 77 77 0.291106 0.3829787234042553 0.4448625 1 1 1
9 P_7 78 78 0 0 0 1 1 1
9 P_7 79 79 0 0 0 1 1 1
9 P_7 80 80 0 0 0 1 1 1
9 P_7 81 81 0 0 0 1 1 1
9 P_7 82 82 0 0 0 1 1 1
9 P_7 83 83 0 0 0 1 1 1
9 P_7 84 84 0 0 0 1 1 1
9 P_7 85 85 0 0 0 1 1 1
9 P_7 86 86 0 0 0 1 1 1
9 P_7 87 87 0 0 0 1 1 1
9 P_7 88 88 0 0 0 1 1 1
9 P_7 89 89 0 0 0 1 1 1
