2 #m
62 #n
0 P_8 0 0 0 0 0 1 1 1
0 P_8 1 1 0.5 0.5 0.5 1 1 1
0 P_8 2 2 0 0 0 1 1 1
0 P_8 3 3 0 0 0 1 1 1
0 P_8 4 4 0.0091773 0.026785714285714284 0.066376 1 1 1
0 P_8 5 5 0 0 0 1 1 1
0 P_8 6 6 0 0 0 1 1 1
0 P_8 7 7 0 0 0 1 1 1
0 P_8 8 8 0.04291735 0.08241758241758242 0.142198 1 1 1
0 P_8 9 9 0 0 0 1 1 1
0 P_8 10 10 0 0 0 1 1 1
0 P_8 11 11 0 0 0 1 1 1
0 P_8 12 12 0.5 0.5 0.5 1 1 1
0 P_8 13 13 0 0 0 1 1 1
0 P_8 14 14 0.03038395 0.06190476190476191 0.1132455 1 1 1
0 P_8 15 15 0.5 0.5 0.5 1 1 1
0 P_8 16 16 0.5 0.5 0.5 1 1 1
0 P_8 17 17 0 0 0 1 1 1
0 P_8 18 18 0.394247 0.4424778761061947 0.4718165 1 1 1
0 P_8 19 19 0.364979 0.4207920792079208 0.4579045 1 1 1
0 P_8 20 20 0 0 0 1 1 1
0 P_8 21 21 0.5 0.5 0.5 1 1 1
0 P_8 22 22 0.5 0.5 0.5 1 1 1
0 P_8 23 23 0 0 0 1 1 1
0 P_8 24 24 0.5 0.5 0.5 1 1 1
0 P_8 25 25 0 0 0 1 1 1
0 P_8 26 26 0 0 0 1 1 1
0 P_8 27 27 0 0 0 1 1 1
0 P_8 28 28 0.5 0.5 0.5 1 1 1
0 P_8 29 29 0 0 0 1 1 1
0 P_8 30 30 0.413578 0.4603960396039604 0.48426400000000003 1 1 1
0 P_8 31 31 0.3764335 0.42924528301886794 0.46333 1 1 1
0 P_8 32 32 0.3867545 0.4380952380952381 0.469616 1 1 1
0 P_8 33 33 0 0 0 1 1 1
0 P_8 34 34 0.01962255 0.044642857142857144 0.0899645 1 1 1
0 P_8 35 35 0 0 0 1 1 1
0 P_8 36 36 0 0 0 1 1 1
0 P_8 37 37 0 0 0 1 1 1
0 P_8 38 38 0 0 0 1 1 1
0 P_8 39 39 0.5 0.5 0.5 1 1 1
0 P_8 40 40 0 0 0 1 1 1
0 P_8 41 41 0 0 0 1 1 1
0 P_8 42 42 0 0 0 1 1 1
0 P_8 43 43 0.5 0.5 0.5 1 1 1
0 P_8 44 44 0.5 0.5 0.5 1 1 1
0 P_8 45 45 0 0 0 1 1 1
0 P_8 46 46 0 0 0 1 1 1
0 P_8 47 47 0 0 0 1 1 1
0 P_8 48 48 0 0 0 1 1 1
0 P_8 49 49 0 0 0 1 1 1
0 P_8 50 50 0 0 0 1 1 1
0 P_8 51 51 0 0 0 1 1 1
0 P_8 52 52 0 0 0 1 1 1
0 P_8 53 53 0.01328655 0.03571428571428571 0.082181 1 1 1
0 P_8 54 54 0.01656865 0.041666666666666664 0.090629 1 1 1
0 P_8 55 55 0 0 0 1 1 1
0 P_8 56 56 0 0 0 1 1 1
0 P_8 57 57 0 0 0 1 1 1
0 P_8 58 58 0 0 0 1 1 1
0 P_8 59 59 0 0 0 1 1 1
0 P_8 60 60 0.403605 0.4536082474226804 0.480501 1 1 1
0 P_8 61 61 0.5 0.5 0.5 1 1 1
1 P_7 0 0 0 0 0 1 1 1
1 P_7 1 1 0.5 0.5 0.5 1 1 1
1 P_7 2 2 0 0 0 1 1 1
1 P_7 3 3 0 0 0 1 1 1
1 P_7 4 4 0 0 0 1 1 1
1 P_7 5 5 0.0420954 0.07920792079207921 0.135021 1 1 1
1 P_7 6 6 0.1939915 0.25757575757575757 0.3203125 1 1 1
1 P_7 7 7 0.161312 0.22527472527472528 0.2922365 1 1 1
1 P_7 8 8 0.01798825 0.04285714285714286 0.089508 1 1 1
1 P_7 9 9 0.0539855 0.09292035398230089 0.147301 1 1 1
1 P_7 10 10 0 0 0 1 1 1
1 P_7 11 11 0.102326 0.1590909090909091 0.227238 1 1 1
1 P_7 12 12 0.5 0.5 0.5 1 1 1
1 P_7 13 13 0 0 0 1 1 1
1 P_7 14 14 0 0 0 1 1 1
1 P_7 15 15 0.5 0.5 0.5 1 1 1
1 P_7 16 16 0.5 0.5 0.5 1 1 1
1 P_7 17 17 0 0 0 1 1 1
1 P_7 18 18 0.244402 0.3105263157894737 0.369607 1 1 1
1 P_7 19 19 0.205765 0.26521739130434785 0.3231965 1 1 1
1 P_7 20 20 0.01692695 0.0425531914893617 0.0924285 1 1 1
1 P_7 21 21 0.5 0.5 0.5 1 1 1
1 P_7 22 22 0.5 0.5 0.5 1 1 1
1 P_7 23 23 0.1203365 0.17676767676767677 0.2413895 1 1 1
1 P_7 24 24 0.5 0.5 0.5 1 1 1
1 P_7 25 25 0 0 0 1 1 1
1 P_7 26 26 0 0 0 1 1 1
1 P_7 27 27 0.01684635 0.04017857142857143 0.08424 1 1 1
1 P_7 28 28 0.5 0.5 0.5 1 1 1
1 P_7 29 29 0 0 0 1 1 1
1 P_7 30 30 0 0 0 1 1 1
1 P_7 31 31 0.2183875 0.2849462365591398 0.347354 1 1 1
1 P_7 32 32 0.2183605 0.28421052631578947 0.346079 1 1 1
1 P_7 33 33 0 0 0 1 1 1
1 P_7 34 34 0 0 0 1 1 1
1 P_7 35 35 0 0 0 1 1 1
1 P_7 36 36 0 0 0 1 1 1
1 P_7 37 37 0.2071915 0.27647058823529413 0.3423225 1 1 1
1 P_7 38 38 0.157078 0.21428571428571427 0.2750405 1 1 1
1 P_7 39 39 0.5 0.5 0.5 1 1 1
1 P_7 40 40 0.12082 0.17647058823529413 0.2401125 1 1 1
1 P_7 41 41 0 0 0 1 1 1
1 P_7 42 42 0.1421485 0.19736842105263158 0.257727 1 1 1
1 P_7 43 43 0.5 0.5 0.5 1 1 1
1 P_7 44 44 0.5 0.5 0.5 1 1 1
1 P_7 45 45 0.078114 0.12921348314606743 0.195266 1 1 1
1 P_7 46 46 0 0 0 1 1 1
1 P_7 47 47 0.214403 0.27310924369747897 0.329651 1 1 1
1 P_7 48 48 0 0 0 1 1 1
1 P_7 49 49 0.208143 0.2736842105263158 0.3364685 1 1 1
1 P_7 50 50 0 0 0 1 1 1
1 P_7 51 51 0.12941 0.18220338983050846 0.2413985 1 1 1
1 P_7 52 52 0 0 0 1 1 1
1 P_7 53 53 0 0 0 1 1 1
1 P_7 54 54 0 0 0 1 1 1
1 P_7 55 55 0 0 0 1 1 1
1 P_7 56 56 0 0 0 1 1 1
1 P_7 57 57 0 0 0 1 1 1
1 P_7 58 58 0.105517 0.16129032258064516 0.227598 1 1 1
1 P_7 59 59 0 0 0 1 1 1
1 P_7 60 60 0.2047445 0.26635514018691586 0.326268 1 1 1
1 P_7 61 61 0.5 0.5 0.5 1 1 1
