5 #m
13 #n
0 P_4 0 0 0.5 0.5 0.5 1 1 1
0 P_4 1 1 0.2436365 0.264 0.284203 1 1 1
0 P_4 2 2 0.245522 0.2656862745098039 0.285674 1 1 1
0 P_4 3 3 0.1286295 0.1464746772591857 0.1654985 1 1 1
0 P_4 4 4 0.1356735 0.1540020263424519 0.173446 1 1 1
0 P_4 5 5 0.242417 0.26289180990899896 0.283217 1 1 1
0 P_4 6 6 0.245279 0.26591375770020537 0.2863615 1 1 1
0 P_4 7 7 0.136194 0.15467625899280577 0.174282 1 1 1
0 P_4 8 8 0 0 0 1 1 1
0 P_4 9 9 0.2543465 0.2748478701825558 0.2950605 1 1 1
0 P_4 10 10 0.1241095 0.1416015625 0.1603075 1 1 1
0 P_4 11 11 0.1309695 0.14927685950413222 0.168777 1 1 1
0 P_4 12 12 0.23914 0.2595766129032258 0.2799025 1 1 1
1 P_6 0 0 0.5 0.5 0.5 1 1 1
1 P_6 1 1 0.26164 0.2813975448536355 0.300815 1 1 1
1 P_6 2 2 0.100993 0.11735700197238659 0.135221 1 1 1
1 P_6 3 3 0.1555055 0.17479253112033194 0.194974 1 1 1
1 P_6 4 4 0.1553555 0.17453798767967146 0.194609 1 1 1
1 P_6 5 5 0.265938 0.28644240570846075 0.306521 1 1 1
1 P_6 6 6 0.249585 0.2696411251212415 0.289479 1 1 1
1 P_6 7 7 0.1515825 0.17003853564547206 0.189378 1 1 1
1 P_6 8 8 0.072843 0.08748728382502544 0.104027 1 1 1
1 P_6 9 9 0.2564565 0.27748132337246534 0.29817 1 1 1
1 P_6 10 10 0.144177 0.16304347826086957 0.182942 1 1 1
1 P_6 11 11 0.1553605 0.1745138178096213 0.194553 1 1 1
1 P_6 12 12 0.253454 0.27424400417101147 0.294744 1 1 1
2 P_1 0 0 0.5 0.5 0.5 1 1 1
2 P_1 1 1 0.3516215 0.37029501525940994 0.387565 1 1 1
2 P_1 2 2 0.1958945 0.21586345381526104 0.2362255 1 1 1
2 P_1 3 3 0 0 0 1 1 1
2 P_1 4 4 0 0 0 1 1 1
2 P_1 5 5 0.360575 0.3787575150300601 0.3954605 1 1 1
2 P_1 6 6 0.3506285 0.36930091185410335 0.3865875 1 1 1
2 P_1 7 7 0 0 0 1 1 1
2 P_1 8 8 0 0 0 1 1 1
2 P_1 9 9 0.3414985 0.36003861003861004 0.3773605 1 1 1
2 P_1 10 10 0 0 0 1 1 1
2 P_1 11 11 0 0 0 1 1 1
2 P_1 12 12 0.345324 0.3640922768304915 0.3815485 1 1 1
3 P_7 0 0 0.5 0.5 0.5 1 1 1
3 P_7 1 1 0.377677 0.39521871820956256 0.4110665 1 1 1
3 P_7 2 2 0.2499365 0.27035175879396983 0.2905325 1 1 1
3 P_7 3 3 0 0 0 1 1 1
3 P_7 4 4 0 0 0 1 1 1
3 P_7 5 5 0.3801795 0.3978102189781022 0.4136735 1 1 1
3 P_7 6 6 0.376806 0.3943377148634985 0.410196 1 1 1
3 P_7 7 7 0 0 0 1 1 1
3 P_7 8 8 0 0 0 1 1 1
3 P_7 9 9 0.375662 0.39317953861584753 0.40905 1 1 1
3 P_7 10 10 0 0 0 1 1 1
3 P_7 11 11 0 0 0 1 1 1
3 P_7 12 12 0.383331 0.40072388831437433 0.41633 1 1 1
4 P_8 0 0 0.5 0.5 0.5 1 1 1
4 P_8 1 1 0.0567005 0.0700207468879668 0.0854815 1 1 1
4 P_8 2 2 0.05889 0.07230142566191446 0.087787 1 1 1
4 P_8 3 3 0 0 0 1 1 1
4 P_8 4 4 0 0 0 1 1 1
4 P_8 5 5 0.057874 0.07107107107107107 0.0863215 1 1 1
4 P_8 6 6 0.0642805 0.078125 0.093956 1 1 1
4 P_8 7 7 0 0 0 1 1 1
4 P_8 8 8 0 0 0 1 1 1
4 P_8 9 9 0.0574655 0.0705765407554672 0.0857325 1 1 1
4 P_8 10 10 0 0 0 1 1 1
4 P_8 11 11 0 0 0 1 1 1
4 P_8 12 12 0.0719305 0.0865979381443299 0.103197 1 1 1
