2 #m
301 #n
0 P_5 0 0 0.5 0.5 0.5 1 1 1
0 P_5 1 1 0 0 0 1 1 1
0 P_5 2 2 0 0 0 1 1 1
0 P_5 3 3 0.0914075 0.10747185261003071 0.125209 1 1 1
0 P_5 4 4 0.097181 0.11301044634377967 0.130332 1 1 1
0 P_5 5 5 0.5 0.5 0.5 1 1 1
0 P_5 6 6 0 0 0 1 1 1
0 P_5 7 7 0 0 0 1 1 1
0 P_5 8 8 0.1061785 0.12299196787148595 0.141268 1 1 1
0 P_5 9 9 0.098478 0.1145631067961165 0.1321565 1 1 1
0 P_5 10 10 0 0 0 1 1 1
0 P_5 11 11 0 0 0 1 1 1
0 P_5 12 12 0 0 0 1 1 1
0 P_5 13 13 0 0 0 1 1 1
0 P_5 14 14 0 0 0 1 1 1
0 P_5 15 15 0.09893 0.11550308008213553 0.1336595 1 1 1
0 P_5 16 16 0 0 0 1 1 1
0 P_5 17 17 0.5 0.5 0.5 1 1 1
0 P_5 18 18 0 0 0 1 1 1
0 P_5 19 19 0 0 0 1 1 1
0 P_5 20 20 0 0 0 1 1 1
0 P_5 21 21 0 0 0 1 1 1
0 P_5 22 22 0 0 0 1 1 1
0 P_5 23 23 0 0 0 1 1 1
0 P_5 24 24 0.5 0.5 0.5 1 1 1
0 P_5 25 25 0 0 0 1 1 1
0 P_5 26 26 0 0 0 1 1 1
0 P_5 27 27 0.369391 0.38730964467005075 0.4036295 1 1 1
0 P_5 28 28 0 0 0 1 1 1
0 P_5 29 29 0 0 0 1 1 1
0 P_5 30 30 0 0 0 1 1 1
0 P_5 31 31 0 0 0 1 1 1
0 P_5 32 32 0.112234 0.1294058408862034 0.14797 1 1 1
0 P_5 33 33 0 0 0 1 1 1
0 P_5 34 34 0.5 0.5 0.5 1 1 1
0 P_5 35 35 0.087681 0.10385438972162742 0.1218215 1 1 1
0 P_5 36 36 0.3613165 0.37885874649204865 0.3950185 1 1 1
0 P_5 37 37 0 0 0 1 1 1
0 P_5 38 38 0 0 0 1 1 1
0 P_5 39 39 0.3654235 0.3832512315270936 0.399573 1 1 1
0 P_5 40 40 0 0 0 1 1 1
0 P_5 41 41 0 0 0 1 1 1
0 P_5 42 42 0 0 0 1 1 1
0 P_5 43 43 0 0 0 1 1 1
0 P_5 44 44 0 0 0 1 1 1
0 P_5 45 45 0 0 0 1 1 1
0 P_5 46 46 0 0 0 1 1 1
0 P_5 47 47 0 0 0 1 1 1
0 P_5 48 48 0 0 0 1 1 1
0 P_5 49 49 0 0 0 1 1 1
0 P_5 50 50 0.0944615 0.11065989847715736 0.12848 1 1 1
0 P_5 51 51 0 0 0 1 1 1
0 P_5 52 52 0 0 0 1 1 1
0 P_5 53 53 0 0 0 1 1 1
0 P_5 54 54 0.094632 0.11046511627906977 0.1278485 1 1 1
0 P_5 55 55 0 0 0 1 1 1
0 P_5 56 56 0.5 0.5 0.5 1 1 1
0 P_5 57 57 0 0 0 1 1 1
0 P_5 58 58 0 0 0 1 1 1
0 P_5 59 59 0 0 0 1 1 1
0 P_5 60 60 0 0 0 1 1 1
0 P_5 61 61 0.5 0.5 0.5 1 1 1
0 P_5 62 62 0.108099 0.12487660414610069 0.143071 1 1 1
0 P_5 63 63 0 0 0 1 1 1
0 P_5 64 64 0.5 0.5 0.5 1 1 1
0 P_5 65 65 0.5 0.5 0.5 1 1 1
0 P_5 66 66 0 0 0 1 1 1
0 P_5 67 67 0.3765405 0.394300518134715 0.410346 1 1 1
0 P_5 68 68 0 0 0 1 1 1
0 P_5 69 69 0.5 0.5 0.5 1 1 1
0 P_5 70 70 0 0 0 1 1 1
0 P_5 71 71 0 0 0 1 1 1
0 P_5 72 72 0 0 0 1 1 1
0 P_5 73 73 0.094489 0.11045364891518737 0.1279965 1 1 1
0 P_5 74 74 0.0957945 0.11164581328200192 0.1290245 1 1 1
0 P_5 75 75 0.368049 0.38597376387487387 0.4023255 1 1 1
0 P_5 76 76 0.0929355 0.10902636916835699 0.1267565 1 1 1
0 P_5 77 77 0.1015375 0.11809045226130653 0.1361635 1 1 1
0 P_5 78 78 0 0 0 1 1 1
0 P_5 79 79 0.3720275 0.3896039603960396 0.4055955 1 1 1
0 P_5 80 80 0 0 0 1 1 1
0 P_5 81 81 0 0 0 1 1 1
0 P_5 82 82 0 0 0 1 1 1
0 P_5 83 83 0.5 0.5 0.5 1 1 1
0 P_5 84 84 0.5 0.5 0.5 1 1 1
0 P_5 85 85 0 0 0 1 1 1
0 P_5 86 86 0.09772 0.114 0.1318395 1 1 1
0 P_5 87 87 0 0 0 1 1 1
0 P_5 88 88 0 0 0 1 1 1
0 P_5 89 89 0.094343 0.11009615384615384 0.1273925 1 1 1
0 P_5 90 90 0 0 0 1 1 1
0 P_5 91 91 0 0 0 1 1 1
0 P_5 92 92 0 0 0 1 1 1
0 P_5 93 93 0.5 0.5 0.5 1 1 1
0 P_5 94 94 0 0 0 1 1 1
0 P_5 95 95 0.0984225 0.1148036253776435 0.132746 1 1 1
0 P_5 96 96 0 0 0 1 1 1
0 P_5 97 97 0 0 0 1 1 1
0 P_5 98 98 0.099974 0.11638361638361638 0.1343235 1 1 1
0 P_5 99 99 0 0 0 1 1 1
0 P_5 100 100 0.379397 0.39692307692307693 0.4127215 1 1 1
0 P_5 101 101 0.5 0.5 0.5 1 1 1
0 P_5 102 102 0 0 0 1 1 1
0 P_5 103 103 0 0 0 1 1 1
0 P_5 104 104 0 0 0 1 1 1
0 P_5 105 105 0.1025895 0.11928934010152284 0.137511 1 1 1
0 P_5 106 106 0 0 0 1 1 1
0 P_5 107 107 0.105553 0.12235649546827794 0.140634 1 1 1
0 P_5 108 108 0 0 0 1 1 1
0 P_5 109 109 0.5 0.5 0.5 1 1 1
0 P_5 110 110 0 0 0 1 1 1
0 P_5 111 111 0 0 0 1 1 1
0 P_5 112 112 0 0 0 1 1 1
0 P_5 113 113 0.367322 0.3848368522072937 0.400868 1 1 1
0 P_5 114 114 0.5 0.5 0.5 1 1 1
0 P_5 115 115 0 0 0 1 1 1
0 P_5 116 116 0 0 0 1 1 1
0 P_5 117 117 0 0 0 1 1 1
0 P_5 118 118 0 0 0 1 1 1
0 P_5 119 119 0.10244 0.11892963330029732 0.136909 1 1 1
0 P_5 120 120 0.5 0.5 0.5 1 1 1
0 P_5 121 121 0.5 0.5 0.5 1 1 1
0 P_5 122 122 0.360646 0.3789260385005066 0.3957085 1 1 1
0 P_5 123 123 0 0 0 1 1 1
0 P_5 124 124 0.3647895 0.38258317025440314 0.398889 1 1 1
0 P_5 125 125 0.090906 0.10645472061657033 0.1235895 1 1 1
0 P_5 126 126 0.5 0.5 0.5 1 1 1
0 P_5 127 127 0 0 0 1 1 1
0 P_5 128 128 0 0 0 1 1 1
0 P_5 129 129 0 0 0 1 1 1
0 P_5 130 130 0.3820465 0.39893617021276595 0.414174 1 1 1
0 P_5 131 131 0 0 0 1 1 1
0 P_5 132 132 0 0 0 1 1 1
0 P_5 133 133 0 0 0 1 1 1
0 P_5 134 134 0 0 0 1 1 1
0 P_5 135 135 0 0 0 1 1 1
0 P_5 136 136 0 0 0 1 1 1
0 P_5 137 137 0 0 0 1 1 1
0 P_5 138 138 0 0 0 1 1 1
0 P_5 139 139 0 0 0 1 1 1
0 P_5 140 140 0 0 0 1 1 1
0 P_5 141 141 0.3532975 0.3715686274509804 0.388473 1 1 1
0 P_5 142 142 0.093374 0.10925196850393701 0.1267185 1 1 1
0 P_5 143 143 0.5 0.5 0.5 1 1 1
0 P_5 144 144 0 0 0 1 1 1
0 P_5 145 145 0 0 0 1 1 1
0 P_5 146 146 0.105595 0.12236710130391174 0.140607 1 1 1
0 P_5 147 147 0 0 0 1 1 1
0 P_5 148 148 0.0961325 0.11253854059609456 0.1305645 1 1 1
0 P_5 149 149 0 0 0 1 1 1
0 P_5 150 150 0.1065285 0.12369519832985386 0.1423735 1 1 1
0 P_5 151 151 0 0 0 1 1 1
0 P_5 152 152 0.10317 0.11976047904191617 0.1378415 1 1 1
0 P_5 153 153 0.3660675 0.38389328063241107 0.400202 1 1 1
0 P_5 154 154 0.097659 0.11370262390670553 0.1312655 1 1 1
0 P_5 155 155 0.0979775 0.11410381978452498 0.1317565 1 1 1
0 P_5 156 156 0.5 0.5 0.5 1 1 1
0 P_5 157 157 0.093286 0.1091897233201581 0.126689 1 1 1
0 P_5 158 158 0.5 0.5 0.5 1 1 1
0 P_5 159 159 0.357825 0.37612838515546637 0.392981 1 1 1
0 P_5 160 160 0.0994735 0.1159274193548387 0.133931 1 1 1
0 P_5 161 161 0.3738855 0.39184952978056425 0.4081145 1 1 1
0 P_5 162 162 0 0 0 1 1 1
0 P_5 163 163 0.5 0.5 0.5 1 1 1
0 P_5 164 164 0.5 0.5 0.5 1 1 1
0 P_5 165 165 0 0 0 1 1 1
0 P_5 166 166 0.3669885 0.3849246231155779 0.401306 1 1 1
0 P_5 167 167 0 0 0 1 1 1
0 P_5 168 168 0 0 0 1 1 1
0 P_5 169 169 0 0 0 1 1 1
0 P_5 170 170 0.5 0.5 0.5 1 1 1
0 P_5 171 171 0 0 0 1 1 1
0 P_5 172 172 0 0 0 1 1 1
0 P_5 173 173 0.5 0.5 0.5 1 1 1
0 P_5 174 174 0.5 0.5 0.5 1 1 1
0 P_5 175 175 0.362995 0.3812691914022518 0.3980025 1 1 1
0 P_5 176 176 0.5 0.5 0.5 1 1 1
0 P_5 177 177 0 0 0 1 1 1
0 P_5 178 178 0 0 0 1 1 1
0 P_5 179 179 0 0 0 1 1 1
0 P_5 180 180 0.098492 0.1148445336008024 0.1327515 1 1 1
0 P_5 181 181 0.0977135 0.11427094105480869 0.1324375 1 1 1
0 P_5 182 182 0 0 0 1 1 1
0 P_5 183 183 0 0 0 1 1 1
0 P_5 184 184 0.1089775 0.12587064676616916 0.14418 1 1 1
0 P_5 185 185 0.5 0.5 0.5 1 1 1
0 P_5 186 186 0.5 0.5 0.5 1 1 1
0 P_5 187 187 0 0 0 1 1 1
0 P_5 188 188 0 0 0 1 1 1
0 P_5 189 189 0 0 0 1 1 1
0 P_5 190 190 0 0 0 1 1 1
0 P_5 191 191 0 0 0 1 1 1
0 P_5 192 192 0.5 0.5 0.5 1 1 1
0 P_5 193 193 0 0 0 1 1 1
0 P_5 194 194 0 0 0 1 1 1
0 P_5 195 195 0 0 0 1 1 1
0 P_5 196 196 0 0 0 1 1 1
0 P_5 197 197 0.370944 0.38894628099173556 0.4053025 1 1 1
0 P_5 198 198 0.1023315 0.11888111888111888 0.136933 1 1 1
0 P_5 199 199 0 0 0 1 1 1
0 P_5 200 200 0 0 0 1 1 1
0 P_5 201 201 0.5 0.5 0.5 1 1 1
0 P_5 202 202 0 0 0 1 1 1
0 P_5 203 203 0.5 0.5 0.5 1 1 1
0 P_5 204 204 0 0 0 1 1 1
0 P_5 205 205 0.373861 0.3913690476190476 0.4072685 1 1 1
0 P_5 206 206 0 0 0 1 1 1
0 P_5 207 207 0 0 0 1 1 1
0 P_5 208 208 0.092832 0.10882647943831494 0.1264445 1 1 1
0 P_5 209 209 0.3712785 0.38872691933916426 0.4046295 1 1 1
0 P_5 210 210 0.0954645 0.11161161161161161 0.1293475 1 1 1
0 P_5 211 211 0 0 0 1 1 1
0 P_5 212 212 0 0 0 1 1 1
0 P_5 213 213 0 0 0 1 1 1
0 P_5 214 214 0 0 0 1 1 1
0 P_5 215 215 0 0 0 1 1 1
0 P_5 216 216 0.097629 0.11405295315682282 0.1320645 1 1 1
0 P_5 217 217 0 0 0 1 1 1
0 P_5 218 218 0.099138 0.11574074074074074 0.1339275 1 1 1
0 P_5 219 219 0 0 0 1 1 1
0 P_5 220 220 0.5 0.5 0.5 1 1 1
0 P_5 221 221 0.104233 0.12063953488372094 0.1384835 1 1 1
0 P_5 222 222 0 0 0 1 1 1
0 P_5 223 223 0 0 0 1 1 1
0 P_5 224 224 0 0 0 1 1 1
0 P_5 225 225 0.1095605 0.12649402390438247 0.144838 1 1 1
0 P_5 226 226 0 0 0 1 1 1
0 P_5 227 227 0 0 0 1 1 1
0 P_5 228 228 0 0 0 1 1 1
0 P_5 229 229 0.5 0.5 0.5 1 1 1
0 P_5 230 230 0 0 0 1 1 1
0 P_5 231 231 0.5 0.5 0.5 1 1 1
0 P_5 232 232 0.366741 0.38485158648925283 0.4013795 1 1 1
0 P_5 233 233 0.3525185 0.371 0.3880935 1 1 1
0 P_5 234 234 0 0 0 1 1 1
0 P_5 235 235 0.3642355 0.38226452905811625 0.398774 1 1 1
0 P_5 236 236 0 0 0 1 1 1
0 P_5 237 237 0 0 0 1 1 1
0 P_5 238 238 0 0 0 1 1 1
0 P_5 239 239 0 0 0 1 1 1
0 P_5 240 240 0 0 0 1 1 1
0 P_5 241 241 0 0 0 1 1 1
0 P_5 242 242 0.5 0.5 0.5 1 1 1
0 P_5 243 243 0 0 0 1 1 1
0 P_5 244 244 0 0 0 1 1 1
0 P_5 245 245 0.098735 0.11493123772102161 0.132649 1 1 1
0 P_5 246 246 0 0 0 1 1 1
0 P_5 247 247 0.5 0.5 0.5 1 1 1
0 P_5 248 248 0.098965 0.11558307533539731 0.1337915 1 1 1
0 P_5 249 249 0 0 0 1 1 1
0 P_5 250 250 0 0 0 1 1 1
0 P_5 251 251 0.096032 0.11242299794661191 0.1304335 1 1 1
0 P_5 252 252 0.3695055 0.38737373737373737 0.403651 1 1 1
0 P_5 253 253 0 0 0 1 1 1
0 P_5 254 254 0.5 0.5 0.5 1 1 1
0 P_5 255 255 0 0 0 1 1 1
0 P_5 256 256 0.370901 0.3890641430073607 0.405551 1 1 1
0 P_5 257 257 0 0 0 1 1 1
0 P_5 258 258 0 0 0 1 1 1
0 P_5 259 259 0 0 0 1 1 1
0 P_5 260 260 0 0 0 1 1 1
0 P_5 261 261 0 0 0 1 1 1
0 P_5 262 262 0 0 0 1 1 1
0 P_5 263 263 0.0908865 0.10725720384204909 0.1253745 1 1 1
0 P_5 264 264 0 0 0 1 1 1
0 P_5 265 265 0 0 0 1 1 1
0 P_5 266 266 0 0 0 1 1 1
0 P_5 267 267 0 0 0 1 1 1
0 P_5 268 268 0.092267 0.10821643286573146 0.125795 1 1 1
0 P_5 269 269 0 0 0 1 1 1
0 P_5 270 270 0 0 0 1 1 1
0 P_5 271 271 0.360724 0.3784556720686368 0.394783 1 1 1
0 P_5 272 272 0 0 0 1 1 1
0 P_5 273 273 0 0 0 1 1 1
0 P_5 274 274 0 0 0 1 1 1
0 P_5 275 275 0.0958455 0.11181640625 0.129335 1 1 1
0 P_5 276 276 0 0 0 1 1 1
0 P_5 277 277 0 0 0 1 1 1
0 P_5 278 278 0.0949525 0.11094674556213018 0.1285135 1 1 1
0 P_5 279 279 0.099992 0.11592836946277098 0.133314 1 1 1
0 P_5 280 280 0.5 0.5 0.5 1 1 1
0 P_5 281 281 0 0 0 1 1 1
0 P_5 282 282 0.36023 0.37877211238293446 0.3957775 1 1 1
0 P_5 283 283 0 0 0 1 1 1
0 P_5 284 284 0.369817 0.38718929254302104 0.4030575 1 1 1
0 P_5 285 285 0 0 0 1 1 1
0 P_5 286 286 0 0 0 1 1 1
0 P_5 287 287 0 0 0 1 1 1
0 P_5 288 288 0.3600625 0.3791208791208791 0.396553 1 1 1
0 P_5 289 289 0.0929865 0.10865384615384616 0.12588 1 1 1
0 P_5 290 290 0 0 0 1 1 1
0 P_5 291 291 0 0 0 1 1 1
0 P_5 292 292 0 0 0 1 1 1
0 P_5 293 293 0.5 0.5 0.5 1 1 1
0 P_5 294 294 0 0 0 1 1 1
0 P_5 295 295 0 0 0 1 1 1
0 P_5 296 296 0.3721075 0.3892554194156456 0.404898 1 1 1
0 P_5 297 297 0 0 0 1 1 1
0 P_5 298 298 0 0 0 1 1 1
0 P_5 299 299 0 0 0 1 1 1
0 P_5 300 300 0 0 0 1 1 1
1 P_9 0 0 0.5 0.5 0.5 1 1 1
1 P_9 1 1 0.402655 0.4186746987951807 0.4327525 1 1 1
1 P_9 2 2 0.072427 0.08709016393442623 0.103667 1 1 1
1 P_9 3 3 0 0 0 1 1 1
1 P_9 4 4 0 0 0 1 1 1
1 P_9 5 5 0.5 0.5 0.5 1 1 1
1 P_9 6 6 0 0 0 1 1 1
1 P_9 7 7 0 0 0 1 1 1
1 P_9 8 8 0 0 0 1 1 1
1 P_9 9 9 0 0 0 1 1 1
1 P_9 10 10 0.4025845 0.4182692307692308 0.4320985 1 1 1
1 P_9 11 11 0 0 0 1 1 1
1 P_9 12 12 0.078504 0.09312320916905444 0.109461 1 1 1
1 P_9 13 13 0 0 0 1 1 1
1 P_9 14 14 0.396737 0.4135737009544008 0.428422 1 1 1
1 P_9 15 15 0 0 0 1 1 1
1 P_9 16 16 0.398794 0.4149357072205737 0.4292065 1 1 1
1 P_9 17 17 0.5 0.5 0.5 1 1 1
1 P_9 18 18 0 0 0 1 1 1
1 P_9 19 19 0.39427450000000003 0.41100823045267487 0.425843 1 1 1
1 P_9 20 20 0.4014705 0.4173151750972763 0.4312935 1 1 1
1 P_9 21 21 0.394944 0.4111650485436893 0.425592 1 1 1
1 P_9 22 22 0 0 0 1 1 1
1 P_9 23 23 0 0 0 1 1 1
1 P_9 24 24 0.5 0.5 0.5 1 1 1
1 P_9 25 25 0 0 0 1 1 1
1 P_9 26 26 0.394891 0.41149542217700913 0.426216 1 1 1
1 P_9 27 27 0 0 0 1 1 1
1 P_9 28 28 0 0 0 1 1 1
1 P_9 29 29 0.06583 0.07958984375 0.095258 1 1 1
1 P_9 30 30 0.0734195 0.0880281690140845 0.1045055 1 1 1
1 P_9 31 31 0.068748 0.08316115702479339 0.09955 1 1 1
1 P_9 32 32 0 0 0 1 1 1
1 P_9 33 33 0 0 0 1 1 1
1 P_9 34 34 0.5 0.5 0.5 1 1 1
1 P_9 35 35 0 0 0 1 1 1
1 P_9 36 36 0.4035195 0.41915303176130897 0.4329195 1 1 1
1 P_9 37 37 0.4074075 0.4230769230769231 0.436764 1 1 1
1 P_9 38 38 0 0 0 1 1 1
1 P_9 39 39 0 0 0 1 1 1
1 P_9 40 40 0.395984 0.4123505976095618 0.426863 1 1 1
1 P_9 41 41 0.40096 0.4176533907427341 0.432278 1 1 1
1 P_9 42 42 0.3955565 0.41194029850746267 0.4264765 1 1 1
1 P_9 43 43 0 0 0 1 1 1
1 P_9 44 44 0.4113995 0.42696629213483145 0.440461 1 1 1
1 P_9 45 45 0.397473 0.4137587238285145 0.428172 1 1 1
1 P_9 46 46 0 0 0 1 1 1
1 P_9 47 47 0 0 0 1 1 1
1 P_9 48 48 0.403729 0.4198161389172625 0.4339145 1 1 1
1 P_9 49 49 0 0 0 1 1 1
1 P_9 50 50 0 0 0 1 1 1
1 P_9 51 51 0 0 0 1 1 1
1 P_9 52 52 0.414676 0.43031914893617024 0.4437635 1 1 1
1 P_9 53 53 0 0 0 1 1 1
1 P_9 54 54 0 0 0 1 1 1
1 P_9 55 55 0.4002625 0.416497975708502 0.430801 1 1 1
1 P_9 56 56 0.5 0.5 0.5 1 1 1
1 P_9 57 57 0.39526 0.41147859922178986 0.4258955 1 1 1
1 P_9 58 58 0.4064885 0.42177191328934965 0.435199 1 1 1
1 P_9 59 59 0.3942275 0.41050583657587547 0.4249935 1 1 1
1 P_9 60 60 0.0743905 0.0892672858617131 0.106046 1 1 1
1 P_9 61 61 0.5 0.5 0.5 1 1 1
1 P_9 62 62 0 0 0 1 1 1
1 P_9 63 63 0.41086 0.42618110236220474 0.4395135 1 1 1
1 P_9 64 64 0.5 0.5 0.5 1 1 1
1 P_9 65 65 0.5 0.5 0.5 1 1 1
1 P_9 66 66 0 0 0 1 1 1
1 P_9 67 67 0.5 0.5 0.5 1 1 1
1 P_9 68 68 0.4105905 0.4259077526987242 0.4392455 1 1 1
1 P_9 69 69 0.5 0.5 0.5 1 1 1
1 P_9 70 70 0 0 0 1 1 1
1 P_9 71 71 0 0 0 1 1 1
1 P_9 72 72 0.063572 0.07722772277227723 0.0928445 1 1 1
1 P_9 73 73 0 0 0 1 1 1
1 P_9 74 74 0 0 0 1 1 1
1 P_9 75 75 0 0 0 1 1 1
1 P_9 76 76 0 0 0 1 1 1
1 P_9 77 77 0 0 0 1 1 1
1 P_9 78 78 0.065061 0.07876712328767123 0.0943945 1 1 1
1 P_9 79 79 0.402878 0.4191866527632951 0.4334725 1 1 1
1 P_9 80 80 0 0 0 1 1 1
1 P_9 81 81 0.4071865 0.42266536964980544 0.436218 1 1 1
1 P_9 82 82 0.399283 0.4155712841253792 0.42994 1 1 1
1 P_9 83 83 0.5 0.5 0.5 1 1 1
1 P_9 84 84 0.5 0.5 0.5 1 1 1
1 P_9 85 85 0 0 0 1 1 1
1 P_9 86 86 0 0 0 1 1 1
1 P_9 87 87 0 0 0 1 1 1
1 P_9 88 88 0.39829 0.4149947201689546 0.4297025 1 1 1
1 P_9 89 89 0 0 0 1 1 1
1 P_9 90 90 0.398625 0.4147058823529412 0.428935 1 1 1
1 P_9 91 91 0.4145655 0.4296259842519685 0.4426595 1 1 1
1 P_9 92 92 0.4050355 0.4209726443768997 0.434924 1 1 1
1 P_9 93 93 0.5 0.5 0.5 1 1 1
1 P_9 94 94 0.4094405 0.4247104247104247 0.4380465 1 1 1
1 P_9 95 95 0 0 0 1 1 1
1 P_9 96 96 0.398004 0.41425722831505485 0.428633 1 1 1
1 P_9 97 97 0 0 0 1 1 1
1 P_9 98 98 0 0 0 1 1 1
1 P_9 99 99 0.3979375 0.41464699683877765 0.4293675 1 1 1
1 P_9 100 100 0.3980055 0.4141315014720314 0.4284105 1 1 1
1 P_9 101 101 0.5 0.5 0.5 1 1 1
1 P_9 102 102 0.407216 0.4229607250755287 0.4367085 1 1 1
1 P_9 103 103 0.392521 0.4093237704918033 0.424255 1 1 1
1 P_9 104 104 0.0720175 0.08624031007751938 0.1022825 1 1 1
1 P_9 105 105 0 0 0 1 1 1
1 P_9 106 106 0.40138 0.41732283464566927 0.431377 1 1 1
1 P_9 107 107 0 0 0 1 1 1
1 P_9 108 108 0.399062 0.41547131147540983 0.429937 1 1 1
1 P_9 109 109 0.5 0.5 0.5 1 1 1
1 P_9 110 110 0 0 0 1 1 1
1 P_9 111 111 0 0 0 1 1 1
1 P_9 112 112 0 0 0 1 1 1
1 P_9 113 113 0.409186 0.42458374142997063 0.438021 1 1 1
1 P_9 114 114 0.5 0.5 0.5 1 1 1
1 P_9 115 115 0.4100305 0.4251668255481411 0.438388 1 1 1
1 P_9 116 116 0.403049 0.41887905604719766 0.432805 1 1 1
1 P_9 117 117 0.07973 0.09485368314833502 0.1117725 1 1 1
1 P_9 118 118 0.4013065 0.41770833333333335 0.4321075 1 1 1
1 P_9 119 119 0 0 0 1 1 1
1 P_9 120 120 0.5 0.5 0.5 1 1 1
1 P_9 121 121 0.5 0.5 0.5 1 1 1
1 P_9 122 122 0.5 0.5 0.5 1 1 1
1 P_9 123 123 0.3957595 0.41211519364448856 0.426625 1 1 1
1 P_9 124 124 0 0 0 1 1 1
1 P_9 125 125 0 0 0 1 1 1
1 P_9 126 126 0.5 0.5 0.5 1 1 1
1 P_9 127 127 0 0 0 1 1 1
1 P_9 128 128 0 0 0 1 1 1
1 P_9 129 129 0.0628535 0.07646474677259185 0.0920515 1 1 1
1 P_9 130 130 0.5 0.5 0.5 1 1 1
1 P_9 131 131 0.074703 0.0891812865497076 0.105457 1 1 1
1 P_9 132 132 0.4054975 0.4215991692627207 0.435658 1 1 1
1 P_9 133 133 0.40066 0.4167497507477567 0.4309335 1 1 1
1 P_9 134 134 0.392387 0.408955223880597 0.42371 1 1 1
1 P_9 135 135 0.4047835 0.420533070088845 0.4343525 1 1 1
1 P_9 136 136 0.4067155 0.42235410484668645 0.436038 1 1 1
1 P_9 137 137 0.3991255 0.41526263627353815 0.4295215 1 1 1
1 P_9 138 138 0.394633 0.411144578313253 0.425801 1 1 1
1 P_9 139 139 0 0 0 1 1 1
1 P_9 140 140 0.0655225 0.07936507936507936 0.095149 1 1 1
1 P_9 141 141 0.5 0.5 0.5 1 1 1
1 P_9 142 142 0 0 0 1 1 1
1 P_9 143 143 0.5 0.5 0.5 1 1 1
1 P_9 144 144 0.390597 0.4072420634920635 0.4220985 1 1 1
1 P_9 145 145 0.39649 0.41313340227507755 0.4278425 1 1 1
1 P_9 146 146 0 0 0 1 1 1
1 P_9 147 147 0.4071775 0.4231166150670795 0.437008 1 1 1
1 P_9 148 148 0 0 0 1 1 1
1 P_9 149 149 0 0 0 1 1 1
1 P_9 150 150 0 0 0 1 1 1
1 P_9 151 151 0.4067155 0.42235410484668645 0.436038 1 1 1
1 P_9 152 152 0 0 0 1 1 1
1 P_9 153 153 0.3996235 0.4159067882472138 0.430263 1 1 1
1 P_9 154 154 0 0 0 1 1 1
1 P_9 155 155 0 0 0 1 1 1
1 P_9 156 156 0.5 0.5 0.5 1 1 1
1 P_9 157 157 0 0 0 1 1 1
1 P_9 158 158 0.5 0.5 0.5 1 1 1
1 P_9 159 159 0.5 0.5 0.5 1 1 1
1 P_9 160 160 0 0 0 1 1 1
1 P_9 161 161 0.404192 0.4199410609037328 0.433776 1 1 1
1 P_9 162 162 0 0 0 1 1 1
1 P_9 163 163 0.5 0.5 0.5 1 1 1
1 P_9 164 164 0.5 0.5 0.5 1 1 1
1 P_9 165 165 0.403388 0.41921182266009854 0.433124 1 1 1
1 P_9 166 166 0.5 0.5 0.5 1 1 1
1 P_9 167 167 0.4001185 0.4163306451612903 0.43062 1 1 1
1 P_9 168 168 0.0749465 0.08987603305785125 0.106702 1 1 1
1 P_9 169 169 0.0657615 0.07989690721649484 0.096043 1 1 1
1 P_9 170 170 0.5 0.5 0.5 1 1 1
1 P_9 171 171 0.0660855 0.08018386108273749 0.096271 1 1 1
1 P_9 172 172 0 0 0 1 1 1
1 P_9 173 173 0.5 0.5 0.5 1 1 1
1 P_9 174 174 0.5 0.5 0.5 1 1 1
1 P_9 175 175 0.5 0.5 0.5 1 1 1
1 P_9 176 176 0.5 0.5 0.5 1 1 1
1 P_9 177 177 0 0 0 1 1 1
1 P_9 178 178 0 0 0 1 1 1
1 P_9 179 179 0 0 0 1 1 1
1 P_9 180 180 0 0 0 1 1 1
1 P_9 181 181 0 0 0 1 1 1
1 P_9 182 182 0 0 0 1 1 1
1 P_9 183 183 0.4044935 0.4204660587639311 0.4344585 1 1 1
1 P_9 184 184 0 0 0 1 1 1
1 P_9 185 185 0.5 0.5 0.5 1 1 1
1 P_9 186 186 0.5 0.5 0.5 1 1 1
1 P_9 187 187 0.4037595 0.41952894995093226 0.4333905 1 1 1
1 P_9 188 188 0 0 0 1 1 1
1 P_9 189 189 0.4057345 0.421256038647343 0.43488 1 1 1
1 P_9 190 190 0.393601 0.40988372093023256 0.42439 1 1 1
1 P_9 191 191 0.4017155 0.4176528599605523 0.4316945 1 1 1
1 P_9 192 192 0.5 0.5 0.5 1 1 1
1 P_9 193 193 0 0 0 1 1 1
1 P_9 194 194 0 0 0 1 1 1
1 P_9 195 195 0.4022285 0.41804878048780486 0.431989 1 1 1
1 P_9 196 196 0.072806 0.0871694417238002 0.1033615 1 1 1
1 P_9 197 197 0.393792 0.41000962463907603 0.424461 1 1 1
1 P_9 198 198 0 0 0 1 1 1
1 P_9 199 199 0.0730285 0.08761329305135952 0.104073 1 1 1
1 P_9 200 200 0.3958695 0.4124236252545825 0.4270815 1 1 1
1 P_9 201 201 0.5 0.5 0.5 1 1 1
1 P_9 202 202 0 0 0 1 1 1
1 P_9 203 203 0.5 0.5 0.5 1 1 1
1 P_9 204 204 0.399203 0.41541541541541543 0.42972900000000003 1 1 1
1 P_9 205 205 0 0 0 1 1 1
1 P_9 206 206 0.3970605 0.41323529411764703 0.427575 1 1 1
1 P_9 207 207 0.39523200000000003 0.4116186693147964 0.426165 1 1 1
1 P_9 208 208 0 0 0 1 1 1
1 P_9 209 209 0.5 0.5 0.5 1 1 1
1 P_9 210 210 0 0 0 1 1 1
1 P_9 211 211 0.384014 0.4007707129094412 0.4158615 1 1 1
1 P_9 212 212 0.067435 0.08184679958027283 0.0982815 1 1 1
1 P_9 213 213 0.064481 0.07821782178217822 0.093905 1 1 1
1 P_9 214 214 0 0 0 1 1 1
1 P_9 215 215 0.41063499999999997 0.42613065326633165 0.439597 1 1 1
1 P_9 216 216 0 0 0 1 1 1
1 P_9 217 217 0 0 0 1 1 1
1 P_9 218 218 0 0 0 1 1 1
1 P_9 219 219 0 0 0 1 1 1
1 P_9 220 220 0.5 0.5 0.5 1 1 1
1 P_9 221 221 0 0 0 1 1 1
1 P_9 222 222 0.402481 0.41861648016276704 0.4327855 1 1 1
1 P_9 223 223 0.4006535 0.4169215086646279 0.431239 1 1 1
1 P_9 224 224 0.071447 0.08570029382957885 0.101799 1 1 1
1 P_9 225 225 0 0 0 1 1 1
1 P_9 226 226 0 0 0 1 1 1
1 P_9 227 227 0 0 0 1 1 1
1 P_9 228 228 0.39672 0.4131979695431472 0.4277765 1 1 1
1 P_9 229 229 0.5 0.5 0.5 1 1 1
1 P_9 230 230 0.395478 0.4117073170731707 0.4261275 1 1 1
1 P_9 231 231 0.5 0.5 0.5 1 1 1
1 P_9 232 232 0.4001815 0.41625371655104065 0.4304365 1 1 1
1 P_9 233 233 0 0 0 1 1 1
1 P_9 234 234 0.0671965 0.08131313131313131 0.0973835 1 1 1
1 P_9 235 235 0.5 0.5 0.5 1 1 1
1 P_9 236 236 0 0 0 1 1 1
1 P_9 237 237 0.39676 0.4128131021194605 0.4270675 1 1 1
1 P_9 238 238 0.4049725 0.42145178764897073 0.435802 1 1 1
1 P_9 239 239 0.0598295 0.0730282375851996 0.088203 1 1 1
1 P_9 240 240 0.3891535 0.4054820415879017 0.420125 1 1 1
1 P_9 241 241 0.3958815 0.41265690376569036 0.4274815 1 1 1
1 P_9 242 242 0.5 0.5 0.5 1 1 1
1 P_9 243 243 0.3927705 0.40975865687303253 0.424825 1 1 1
1 P_9 244 244 0 0 0 1 1 1
1 P_9 245 245 0 0 0 1 1 1
1 P_9 246 246 0 0 0 1 1 1
1 P_9 247 247 0.5 0.5 0.5 1 1 1
1 P_9 248 248 0 0 0 1 1 1
1 P_9 249 249 0 0 0 1 1 1
1 P_9 250 250 0.395389 0.4120992761116856 0.4268875 1 1 1
1 P_9 251 251 0 0 0 1 1 1
1 P_9 252 252 0 0 0 1 1 1
1 P_9 253 253 0.070414 0.08475426278836509 0.1009945 1 1 1
1 P_9 254 254 0.5 0.5 0.5 1 1 1
1 P_9 255 255 0.072618 0.0872210953346856 0.103717 1 1 1
1 P_9 256 256 0 0 0 1 1 1
1 P_9 257 257 0.407145 0.42280876494023906 0.436499 1 1 1
1 P_9 258 258 0.3950775 0.41136141038197843 0.425833 1 1 1
1 P_9 259 259 0.409514 0.425531914893617 0.439409 1 1 1
1 P_9 260 260 0.394944 0.4111650485436893 0.425592 1 1 1
1 P_9 261 261 0 0 0 1 1 1
1 P_9 262 262 0 0 0 1 1 1
1 P_9 263 263 0 0 0 1 1 1
1 P_9 264 264 0.3914335 0.4082991803278688 0.4233055 1 1 1
1 P_9 265 265 0.415586 0.43062438057482655 0.4436105 1 1 1
1 P_9 266 266 0 0 0 1 1 1
1 P_9 267 267 0.4040365 0.4197651663405088 0.433589 1 1 1
1 P_9 268 268 0 0 0 1 1 1
1 P_9 269 269 0 0 0 1 1 1
1 P_9 270 270 0.389653 0.40634291377601583 0.421256 1 1 1
1 P_9 271 271 0.5 0.5 0.5 1 1 1
1 P_9 272 272 0.069915 0.084070796460177 0.1000975 1 1 1
1 P_9 273 273 0.397215 0.4134520276953511 0.427835 1 1 1
1 P_9 274 274 0 0 0 1 1 1
1 P_9 275 275 0 0 0 1 1 1
1 P_9 276 276 0.399183 0.41548582995951416 0.429868 1 1 1
1 P_9 277 277 0 0 0 1 1 1
1 P_9 278 278 0 0 0 1 1 1
1 P_9 279 279 0 0 0 1 1 1
1 P_9 280 280 0.5 0.5 0.5 1 1 1
1 P_9 281 281 0.075752 0.09045725646123261 0.106981 1 1 1
1 P_9 282 282 0 0 0 1 1 1
1 P_9 283 283 0.074538 0.0890748031496063 0.105428 1 1 1
1 P_9 284 284 0.39899 0.41510365251727543 0.4293485 1 1 1
1 P_9 285 285 0 0 0 1 1 1
1 P_9 286 286 0 0 0 1 1 1
1 P_9 287 287 0 0 0 1 1 1
1 P_9 288 288 0.402768 0.41863905325443784 0.432603 1 1 1
1 P_9 289 289 0 0 0 1 1 1
1 P_9 290 290 0.40039 0.41626331074540174 0.4302905 1 1 1
1 P_9 291 291 0.405657 0.42136498516320475 0.4351295 1 1 1
1 P_9 292 292 0 0 0 1 1 1
1 P_9 293 293 0.5 0.5 0.5 1 1 1
1 P_9 294 294 0.0668385 0.08083832335329341 0.096774 1 1 1
1 P_9 295 295 0.3966385 0.4128305582761998 0.427194 1 1 1
1 P_9 296 296 0 0 0 1 1 1
1 P_9 297 297 0.4098675 0.4250720461095101 0.4383485 1 1 1
1 P_9 298 298 0.3880865 0.40536277602523657 0.420766 1 1 1
1 P_9 299 299 0.0721795 0.0868448098663926 0.1034325 1 1 1
1 P_9 300 300 0.392823 0.40945674044265595 0.424251 1 1 1
