5 #m
100 #n
0 P_8 0 0 0.1056475 0.1219281663516068 0.1395975 1 1 1
0 P_8 1 1 0.304088 0.3233901515151515 0.341895 1 1 1
0 P_8 2 2 0.053419 0.06607495069033531 0.0808105 1 1 1
0 P_8 3 3 0.306768 0.32652043868394814 0.345398 1 1 1
0 P_8 4 4 0.318726 0.33809055118110237 0.356461 1 1 1
0 P_8 5 5 0.311394 0.3307543520309478 0.349219 1 1 1
0 P_8 6 6 0 0 0 1 1 1
0 P_8 7 7 0.5 0.5 0.5 1 1 1
0 P_8 8 8 0.3270425 0.3463855421686747 0.364619 1 1 1
0 P_8 9 9 0.5 0.5 0.5 1 1 1
0 P_8 10 10 0.312647 0.3324847250509165 0.351359 1 1 1
0 P_8 11 11 0.086109 0.10172064777327935 0.119053 1 1 1
0 P_8 12 12 0.310657 0.33033932135728544 0.349102 1 1 1
0 P_8 13 13 0.311312 0.331 0.349759 1 1 1
0 P_8 14 14 0.3073855 0.3269607843137255 0.3456705 1 1 1
0 P_8 15 15 0.320517 0.3395238095238095 0.3575525 1 1 1
0 P_8 16 16 0.325785 0.3456659619450317 0.3643875 1 1 1
0 P_8 17 17 0.3070645 0.3270408163265306 0.3461155 1 1 1
0 P_8 18 18 0.3308985 0.35 0.367966 1 1 1
0 P_8 19 19 0.3246475 0.34416243654822337 0.3625815 1 1 1
0 P_8 20 20 0 0 0 1 1 1
0 P_8 21 21 0 0 0 1 1 1
0 P_8 22 22 0.5 0.5 0.5 1 1 1
0 P_8 23 23 0.3086855 0.32882414151925077 0.3480225 1 1 1
0 P_8 24 24 0.0530405 0.0658835546475996 0.0808825 1 1 1
0 P_8 25 25 0 0 0 1 1 1
0 P_8 26 26 0.3074555 0.32679425837320575 0.34529 1 1 1
0 P_8 27 27 0.312623 0.3318924111431316 0.3502595 1 1 1
0 P_8 28 28 0.301236 0.3211422845691383 0.340231 1 1 1
0 P_8 29 29 0.305694 0.32588357588357586 0.3451685 1 1 1
0 P_8 30 30 0.3157495 0.33512720156555775 0.3535495 1 1 1
0 P_8 31 31 0.3180725 0.33771486349848334 0.35634 1 1 1
0 P_8 32 32 0.3240995 0.3430622009569378 0.3610035 1 1 1
0 P_8 33 33 0.084649 0.09990205680705191 0.116841 1 1 1
0 P_8 34 34 0.3244555 0.34378109452736316 0.3620365 1 1 1
0 P_8 35 35 0 0 0 1 1 1
0 P_8 36 36 0.3218455 0.34156378600823045 0.360202 1 1 1
0 P_8 37 37 0.083318 0.0986908358509567 0.115811 1 1 1
0 P_8 38 38 0.327211 0.3465396188565697 0.364758 1 1 1
0 P_8 39 39 0.4286635 0.4427710843373494 0.45466 1 1 1
0 P_8 40 40 0.2134075 0.23336594911937378 0.253511 1 1 1
0 P_8 41 41 0 0 0 1 1 1
0 P_8 42 42 0.3184815 0.3386923901393355 0.3578135 1 1 1
0 P_8 43 43 0.336822 0.3553758325404377 0.3727795 1 1 1
0 P_8 44 44 0.32004 0.33993743482794575 0.3587595 1 1 1
0 P_8 45 45 0.316182 0.3360910031023785 0.354979 1 1 1
0 P_8 46 46 0.3101475 0.32984031936127745 0.3486195 1 1 1
0 P_8 47 47 0.312098 0.33140655105973027 0.3498155 1 1 1
0 P_8 48 48 0.0503395 0.06221408966148216 0.076059 1 1 1
0 P_8 49 49 0.0651435 0.07910750507099391 0.095059 1 1 1
0 P_8 50 50 0.316106 0.335243553008596 0.353447 1 1 1
0 P_8 51 51 0 0 0 1 1 1
0 P_8 52 52 0.0589225 0.07213438735177866 0.0873615 1 1 1
0 P_8 53 53 0.3142935 0.33438155136268344 0.3534555 1 1 1
0 P_8 54 54 0.3195425 0.3393595041322314 0.358118 1 1 1
0 P_8 55 55 0.3166565 0.3363821138211382 0.355101 1 1 1
0 P_8 56 56 0 0 0 1 1 1
0 P_8 57 57 0 0 0 1 1 1
0 P_8 58 58 0.3178915 0.33726647000983284 0.3556575 1 1 1
0 P_8 59 59 0.3239375 0.34299516908212563 0.3610225 1 1 1
0 P_8 60 60 0.3066325 0.3263681592039801 0.345232 1 1 1
0 P_8 61 61 0.3043715 0.324269889224572 0.3433105 1 1 1
0 P_8 62 62 0.3150275 0.3342995169082126 0.3526375 1 1 1
0 P_8 63 63 0 0 0 1 1 1
0 P_8 64 64 0 0 0 1 1 1
0 P_8 65 65 0 0 0 1 1 1
0 P_8 66 66 0.3154225 0.3346116970278044 0.3528705 1 1 1
0 P_8 67 67 0.3190955 0.33874239350912777 0.3573575 1 1 1
0 P_8 68 68 0.3158075 0.3353174603174603 0.3538565 1 1 1
0 P_8 69 69 0 0 0 1 1 1
0 P_8 70 70 0.2995845 0.3195 0.3386185 1 1 1
0 P_8 71 71 0.304088 0.3233901515151515 0.341895 1 1 1
0 P_8 72 72 0.311712 0.330945558739255 0.3492925 1 1 1
0 P_8 73 73 0.3176345 0.33689320388349514 0.3551845 1 1 1
0 P_8 74 74 0 0 0 1 1 1
0 P_8 75 75 0 0 0 1 1 1
0 P_8 76 76 0.303858 0.32421052631578945 0.343667 1 1 1
0 P_8 77 77 0 0 0 1 1 1
0 P_8 78 78 0.324317 0.34404145077720205 0.3626485 1 1 1
0 P_8 79 79 0.1040875 0.12091836734693878 0.1392595 1 1 1
0 P_8 80 80 0 0 0 1 1 1
0 P_8 81 81 0.317481 0.3367248062015504 0.3550045 1 1 1
0 P_8 82 82 0.5 0.5 0.5 1 1 1
0 P_8 83 83 0.0513195 0.06388329979879276 0.078594 1 1 1
0 P_8 84 84 0 0 0 1 1 1
0 P_8 85 85 0.056218 0.06891634980988594 0.0835885 1 1 1
0 P_8 86 86 0.309269 0.329 0.347825 1 1 1
0 P_8 87 87 0 0 0 1 1 1
0 P_8 88 88 0.31398 0.3331739961759082 0.351456 1 1 1
0 P_8 89 89 0.3036055 0.3229166666666667 0.3414355 1 1 1
0 P_8 90 90 0.0473296 0.05964730290456432 0.0742285 1 1 1
0 P_8 91 91 0.5 0.5 0.5 1 1 1
0 P_8 92 92 0.315378 0.3350050150451354 0.353654 1 1 1
0 P_8 93 93 0.308018 0.32770605759682225 0.346509 1 1 1
0 P_8 94 94 0.412258 0.42783505154639173 0.4413105 1 1 1
0 P_8 95 95 0 0 0 1 1 1
0 P_8 96 96 0.319599 0.3388671875 0.35714 1 1 1
0 P_8 97 97 0.303796 0.324181626187962 0.343669 1 1 1
0 P_8 98 98 0.314712 0.33433433433433435 0.3529885 1 1 1
0 P_8 99 99 0.304254 0.3242147922998987 0.343313 1 1 1
1 P_2 0 0 0 0 0 1 1 1
1 P_2 1 1 0 0 0 1 1 1
1 P_2 2 2 0 0 0 1 1 1
1 P_2 3 3 0 0 0 1 1 1
1 P_2 4 4 0 0 0 1 1 1
1 P_2 5 5 0 0 0 1 1 1
1 P_2 6 6 0.248872 0.2695071868583162 0.2899125 1 1 1
1 P_2 7 7 0.5 0.5 0.5 1 1 1
1 P_2 8 8 0 0 0 1 1 1
1 P_2 9 9 0.5 0.5 0.5 1 1 1
1 P_2 10 10 0 0 0 1 1 1
1 P_2 11 11 0.21172 0.23219814241486067 0.252887 1 1 1
1 P_2 12 12 0 0 0 1 1 1
1 P_2 13 13 0 0 0 1 1 1
1 P_2 14 14 0 0 0 1 1 1
1 P_2 15 15 0 0 0 1 1 1
1 P_2 16 16 0 0 0 1 1 1
1 P_2 17 17 0 0 0 1 1 1
1 P_2 18 18 0 0 0 1 1 1
1 P_2 19 19 0 0 0 1 1 1
1 P_2 20 20 0.238656 0.25892857142857145 0.2790995 1 1 1
1 P_2 21 21 0.2372155 0.25732421875 0.277351 1 1 1
1 P_2 22 22 0.5 0.5 0.5 1 1 1
1 P_2 23 23 0 0 0 1 1 1
1 P_2 24 24 0 0 0 1 1 1
1 P_2 25 25 0.2355095 0.25510204081632654 0.2746405 1 1 1
1 P_2 26 26 0 0 0 1 1 1
1 P_2 27 27 0 0 0 1 1 1
1 P_2 28 28 0 0 0 1 1 1
1 P_2 29 29 0 0 0 1 1 1
1 P_2 30 30 0 0 0 1 1 1
1 P_2 31 31 0 0 0 1 1 1
1 P_2 32 32 0 0 0 1 1 1
1 P_2 33 33 0.2142305 0.23454913880445796 0.2550475 1 1 1
1 P_2 34 34 0 0 0 1 1 1
1 P_2 35 35 0 0 0 1 1 1
1 P_2 36 36 0 0 0 1 1 1
1 P_2 37 37 0.2142255 0.23397129186602872 0.253893 1 1 1
1 P_2 38 38 0 0 0 1 1 1
1 P_2 39 39 0.2076345 0.22782258064516128 0.248267 1 1 1
1 P_2 40 40 0 0 0 1 1 1
1 P_2 41 41 0 0 0 1 1 1
1 P_2 42 42 0 0 0 1 1 1
1 P_2 43 43 0 0 0 1 1 1
1 P_2 44 44 0 0 0 1 1 1
1 P_2 45 45 0 0 0 1 1 1
1 P_2 46 46 0 0 0 1 1 1
1 P_2 47 47 0 0 0 1 1 1
1 P_2 48 48 0 0 0 1 1 1
1 P_2 49 49 0 0 0 1 1 1
1 P_2 50 50 0 0 0 1 1 1
1 P_2 51 51 0.24583 0.2665289256198347 0.287032 1 1 1
1 P_2 52 52 0 0 0 1 1 1
1 P_2 53 53 0 0 0 1 1 1
1 P_2 54 54 0 0 0 1 1 1
1 P_2 55 55 0 0 0 1 1 1
1 P_2 56 56 0 0 0 1 1 1
1 P_2 57 57 0 0 0 1 1 1
1 P_2 58 58 0 0 0 1 1 1
1 P_2 59 59 0 0 0 1 1 1
1 P_2 60 60 0 0 0 1 1 1
1 P_2 61 61 0 0 0 1 1 1
1 P_2 62 62 0 0 0 1 1 1
1 P_2 63 63 0 0 0 1 1 1
1 P_2 64 64 0 0 0 1 1 1
1 P_2 65 65 0 0 0 1 1 1
1 P_2 66 66 0 0 0 1 1 1
1 P_2 67 67 0 0 0 1 1 1
1 P_2 68 68 0 0 0 1 1 1
1 P_2 69 69 0.2406695 0.261340206185567 0.281877 1 1 1
1 P_2 70 70 0 0 0 1 1 1
1 P_2 71 71 0 0 0 1 1 1
1 P_2 72 72 0 0 0 1 1 1
1 P_2 73 73 0 0 0 1 1 1
1 P_2 74 74 0 0 0 1 1 1
1 P_2 75 75 0 0 0 1 1 1
1 P_2 76 76 0 0 0 1 1 1
1 P_2 77 77 0 0 0 1 1 1
1 P_2 78 78 0 0 0 1 1 1
1 P_2 79 79 0 0 0 1 1 1
1 P_2 80 80 0.255395 0.2759146341463415 0.296132 1 1 1
1 P_2 81 81 0 0 0 1 1 1
1 P_2 82 82 0.5 0.5 0.5 1 1 1
1 P_2 83 83 0 0 0 1 1 1
1 P_2 84 84 0.242661 0.26310483870967744 0.2833975 1 1 1
1 P_2 85 85 0 0 0 1 1 1
1 P_2 86 86 0 0 0 1 1 1
1 P_2 87 87 0 0 0 1 1 1
1 P_2 88 88 0 0 0 1 1 1
1 P_2 89 89 0 0 0 1 1 1
1 P_2 90 90 0 0 0 1 1 1
1 P_2 91 91 0.5 0.5 0.5 1 1 1
1 P_2 92 92 0 0 0 1 1 1
1 P_2 93 93 0 0 0 1 1 1
1 P_2 94 94 0.199813 0.22044728434504793 0.2414425 1 1 1
1 P_2 95 95 0 0 0 1 1 1
1 P_2 96 96 0 0 0 1 1 1
1 P_2 97 97 0 0 0 1 1 1
1 P_2 98 98 0 0 0 1 1 1
1 P_2 99 99 0 0 0 1 1 1
2 P_4 0 0 0 0 0 1 1 1
2 P_4 1 1 0 0 0 1 1 1
2 P_4 2 2 0.335001 0.35386119257087 0.371557 1 1 1
2 P_4 3 3 0 0 0 1 1 1
2 P_4 4 4 0 0 0 1 1 1
2 P_4 5 5 0 0 0 1 1 1
2 P_4 6 6 0 0 0 1 1 1
2 P_4 7 7 0.5 0.5 0.5 1 1 1
2 P_4 8 8 0 0 0 1 1 1
2 P_4 9 9 0.5 0.5 0.5 1 1 1
2 P_4 10 10 0 0 0 1 1 1
2 P_4 11 11 0 0 0 1 1 1
2 P_4 12 12 0 0 0 1 1 1
2 P_4 13 13 0 0 0 1 1 1
2 P_4 14 14 0 0 0 1 1 1
2 P_4 15 15 0 0 0 1 1 1
2 P_4 16 16 0 0 0 1 1 1
2 P_4 17 17 0 0 0 1 1 1
2 P_4 18 18 0 0 0 1 1 1
2 P_4 19 19 0 0 0 1 1 1
2 P_4 20 20 0 0 0 1 1 1
2 P_4 21 21 0 0 0 1 1 1
2 P_4 22 22 0.5 0.5 0.5 1 1 1
2 P_4 23 23 0 0 0 1 1 1
2 P_4 24 24 0.332038 0.3514344262295082 0.3696395 1 1 1
2 P_4 25 25 0 0 0 1 1 1
2 P_4 26 26 0 0 0 1 1 1
2 P_4 27 27 0 0 0 1 1 1
2 P_4 28 28 0 0 0 1 1 1
2 P_4 29 29 0 0 0 1 1 1
2 P_4 30 30 0 0 0 1 1 1
2 P_4 31 31 0 0 0 1 1 1
2 P_4 32 32 0 0 0 1 1 1
2 P_4 33 33 0 0 0 1 1 1
2 P_4 34 34 0 0 0 1 1 1
2 P_4 35 35 0 0 0 1 1 1
2 P_4 36 36 0 0 0 1 1 1
2 P_4 37 37 0.143264 0.16203703703703703 0.181848 1 1 1
2 P_4 38 38 0 0 0 1 1 1
2 P_4 39 39 0.1249835 0.14257620452310718 0.1613805 1 1 1
2 P_4 40 40 0 0 0 1 1 1
2 P_4 41 41 0 0 0 1 1 1
2 P_4 42 42 0 0 0 1 1 1
2 P_4 43 43 0 0 0 1 1 1
2 P_4 44 44 0 0 0 1 1 1
2 P_4 45 45 0 0 0 1 1 1
2 P_4 46 46 0 0 0 1 1 1
2 P_4 47 47 0 0 0 1 1 1
2 P_4 48 48 0.3219925 0.3409090909090909 0.3588385 1 1 1
2 P_4 49 49 0.3145725 0.3339862879529873 0.3524565 1 1 1
2 P_4 50 50 0 0 0 1 1 1
2 P_4 51 51 0 0 0 1 1 1
2 P_4 52 52 0.326204 0.3456477732793522 0.3639815 1 1 1
2 P_4 53 53 0 0 0 1 1 1
2 P_4 54 54 0 0 0 1 1 1
2 P_4 55 55 0 0 0 1 1 1
2 P_4 56 56 0 0 0 1 1 1
2 P_4 57 57 0.1203175 0.1377601585728444 0.1564785 1 1 1
2 P_4 58 58 0 0 0 1 1 1
2 P_4 59 59 0 0 0 1 1 1
2 P_4 60 60 0 0 0 1 1 1
2 P_4 61 61 0 0 0 1 1 1
2 P_4 62 62 0 0 0 1 1 1
2 P_4 63 63 0 0 0 1 1 1
2 P_4 64 64 0 0 0 1 1 1
2 P_4 65 65 0.1383 0.15714285714285714 0.1771125 1 1 1
2 P_4 66 66 0 0 0 1 1 1
2 P_4 67 67 0 0 0 1 1 1
2 P_4 68 68 0 0 0 1 1 1
2 P_4 69 69 0 0 0 1 1 1
2 P_4 70 70 0 0 0 1 1 1
2 P_4 71 71 0 0 0 1 1 1
2 P_4 72 72 0 0 0 1 1 1
2 P_4 73 73 0 0 0 1 1 1
2 P_4 74 74 0.146482 0.1648780487804878 0.1842265 1 1 1
2 P_4 75 75 0 0 0 1 1 1
2 P_4 76 76 0 0 0 1 1 1
2 P_4 77 77 0 0 0 1 1 1
2 P_4 78 78 0 0 0 1 1 1
2 P_4 79 79 0 0 0 1 1 1
2 P_4 80 80 0 0 0 1 1 1
2 P_4 81 81 0 0 0 1 1 1
2 P_4 82 82 0.5 0.5 0.5 1 1 1
2 P_4 83 83 0.325154 0.34456740442655936 0.36289 1 1 1
2 P_4 84 84 0 0 0 1 1 1
2 P_4 85 85 0.325531 0.3450920245398773 0.36353799999999997 1 1 1
2 P_4 86 86 0 0 0 1 1 1
2 P_4 87 87 0.1376255 0.15587649402390438 0.175203 1 1 1
2 P_4 88 88 0 0 0 1 1 1
2 P_4 89 89 0 0 0 1 1 1
2 P_4 90 90 0.3155175 0.33539094650205764 0.354257 1 1 1
2 P_4 91 91 0.5 0.5 0.5 1 1 1
2 P_4 92 92 0 0 0 1 1 1
2 P_4 93 93 0 0 0 1 1 1
2 P_4 94 94 0.132119 0.15 0.169005 1 1 1
2 P_4 95 95 0 0 0 1 1 1
2 P_4 96 96 0 0 0 1 1 1
2 P_4 97 97 0 0 0 1 1 1
2 P_4 98 98 0 0 0 1 1 1
2 P_4 99 99 0 0 0 1 1 1
3 P_5 0 0 0 0 0 1 1 1
3 P_5 1 1 0.5 0.5 0.5 1 1 1
3 P_5 2 2 0 0 0 1 1 1
3 P_5 3 3 0.5 0.5 0.5 1 1 1
3 P_5 4 4 0.5 0.5 0.5 1 1 1
3 P_5 5 5 0.5 0.5 0.5 1 1 1
3 P_5 6 6 0 0 0 1 1 1
3 P_5 7 7 0.5 0.5 0.5 1 1 1
3 P_5 8 8 0.5 0.5 0.5 1 1 1
3 P_5 9 9 0.5 0.5 0.5 1 1 1
3 P_5 10 10 0.5 0.5 0.5 1 1 1
3 P_5 11 11 0 0 0 1 1 1
3 P_5 12 12 0.5 0.5 0.5 1 1 1
3 P_5 13 13 0.5 0.5 0.5 1 1 1
3 P_5 14 14 0.5 0.5 0.5 1 1 1
3 P_5 15 15 0.5 0.5 0.5 1 1 1
3 P_5 16 16 0.5 0.5 0.5 1 1 1
3 P_5 17 17 0.5 0.5 0.5 1 1 1
3 P_5 18 18 0.5 0.5 0.5 1 1 1
3 P_5 19 19 0.5 0.5 0.5 1 1 1
3 P_5 20 20 0 0 0 1 1 1
3 P_5 21 21 0 0 0 1 1 1
3 P_5 22 22 0.5 0.5 0.5 1 1 1
3 P_5 23 23 0.5 0.5 0.5 1 1 1
3 P_5 24 24 0 0 0 1 1 1
3 P_5 25 25 0 0 0 1 1 1
3 P_5 26 26 0.5 0.5 0.5 1 1 1
3 P_5 27 27 0.5 0.5 0.5 1 1 1
3 P_5 28 28 0.5 0.5 0.5 1 1 1
3 P_5 29 29 0.5 0.5 0.5 1 1 1
3 P_5 30 30 0.5 0.5 0.5 1 1 1
3 P_5 31 31 0.5 0.5 0.5 1 1 1
3 P_5 32 32 0.5 0.5 0.5 1 1 1
3 P_5 33 33 0 0 0 1 1 1
3 P_5 34 34 0.5 0.5 0.5 1 1 1
3 P_5 35 35 0 0 0 1 1 1
3 P_5 36 36 0.5 0.5 0.5 1 1 1
3 P_5 37 37 0 0 0 1 1 1
3 P_5 38 38 0.5 0.5 0.5 1 1 1
3 P_5 39 39 0.5 0.5 0.5 1 1 1
3 P_5 40 40 0.5 0.5 0.5 1 1 1
3 P_5 41 41 0 0 0 1 1 1
3 P_5 42 42 0.5 0.5 0.5 1 1 1
3 P_5 43 43 0.5 0.5 0.5 1 1 1
3 P_5 44 44 0.5 0.5 0.5 1 1 1
3 P_5 45 45 0.5 0.5 0.5 1 1 1
3 P_5 46 46 0.5 0.5 0.5 1 1 1
3 P_5 47 47 0.5 0.5 0.5 1 1 1
3 P_5 48 48 0 0 0 1 1 1
3 P_5 49 49 0 0 0 1 1 1
3 P_5 50 50 0.5 0.5 0.5 1 1 1
3 P_5 51 51 0 0 0 1 1 1
3 P_5 52 52 0 0 0 1 1 1
3 P_5 53 53 0.5 0.5 0.5 1 1 1
3 P_5 54 54 0.5 0.5 0.5 1 1 1
3 P_5 55 55 0.5 0.5 0.5 1 1 1
3 P_5 56 56 0 0 0 1 1 1
3 P_5 57 57 0 0 0 1 1 1
3 P_5 58 58 0.5 0.5 0.5 1 1 1
3 P_5 59 59 0.5 0.5 0.5 1 1 1
3 P_5 60 60 0.5 0.5 0.5 1 1 1
3 P_5 61 61 0.5 0.5 0.5 1 1 1
3 P_5 62 62 0.5 0.5 0.5 1 1 1
3 P_5 63 63 0 0 0 1 1 1
3 P_5 64 64 0 0 0 1 1 1
3 P_5 65 65 0 0 0 1 1 1
3 P_5 66 66 0.5 0.5 0.5 1 1 1
3 P_5 67 67 0.5 0.5 0.5 1 1 1
3 P_5 68 68 0.5 0.5 0.5 1 1 1
3 P_5 69 69 0 0 0 1 1 1
3 P_5 70 70 0.5 0.5 0.5 1 1 1
3 P_5 71 71 0.5 0.5 0.5 1 1 1
3 P_5 72 72 0.5 0.5 0.5 1 1 1
3 P_5 73 73 0.5 0.5 0.5 1 1 1
3 P_5 74 74 0 0 0 1 1 1
3 P_5 75 75 0 0 0 1 1 1
3 P_5 76 76 0.5 0.5 0.5 1 1 1
3 P_5 77 77 0 0 0 1 1 1
3 P_5 78 78 0.5 0.5 0.5 1 1 1
3 P_5 79 79 0 0 0 1 1 1
3 P_5 80 80 0 0 0 1 1 1
3 P_5 81 81 0.5 0.5 0.5 1 1 1
3 P_5 82 82 0.5 0.5 0.5 1 1 1
3 P_5 83 83 0 0 0 1 1 1
3 P_5 84 84 0 0 0 1 1 1
3 P_5 85 85 0 0 0 1 1 1
3 P_5 86 86 0.5 0.5 0.5 1 1 1
3 P_5 87 87 0 0 0 1 1 1
3 P_5 88 88 0.5 0.5 0.5 1 1 1
3 P_5 89 89 0.5 0.5 0.5 1 1 1
3 P_5 90 90 0 0 0 1 1 1
3 P_5 91 91 0.5 0.5 0.5 1 1 1
3 P_5 92 92 0.5 0.5 0.5 1 1 1
3 P_5 93 93 0.5 0.5 0.5 1 1 1
3 P_5 94 94 0.5 0.5 0.5 1 1 1
3 P_5 95 95 0 0 0 1 1 1
3 P_5 96 96 0.5 0.5 0.5 1 1 1
3 P_5 97 97 0.5 0.5 0.5 1 1 1
3 P_5 98 98 0.5 0.5 0.5 1 1 1
3 P_5 99 99 0.5 0.5 0.5 1 1 1
4 P_0 0 0 0.2008 0.22036328871892927 0.2402515 1 1 1
4 P_0 1 1 0.410149 0.4259645464025026 0.4396765 1 1 1
4 P_0 2 2 0.0646765 0.0785 0.09429 1 1 1
4 P_0 3 3 0.411488 0.4270408163265306 0.4405225 1 1 1
4 P_0 4 4 0.412177 0.4272030651340996 0.4402825 1 1 1
4 P_0 5 5 0.415421 0.4305835010060362 0.443663 1 1 1
4 P_0 6 6 0 0 0 1 1 1
4 P_0 7 7 0.5 0.5 0.5 1 1 1
4 P_0 8 8 0.4098155 0.4252988047808765 0.43878 1 1 1
4 P_0 9 9 0.5 0.5 0.5 1 1 1
4 P_0 10 10 0.4009015 0.417 0.431184 1 1 1
4 P_0 11 11 0 0 0 1 1 1
4 P_0 12 12 0.407775 0.42334322453016815 0.436945 1 1 1
4 P_0 13 13 0.400339 0.4162609542356378 0.4303265 1 1 1
4 P_0 14 14 0.4042595 0.4205020920502092 0.4347005 1 1 1
4 P_0 15 15 0.4047265 0.4207566462167689 0.434785 1 1 1
4 P_0 16 16 0.40195 0.4182098765432099 0.4324855 1 1 1
4 P_0 17 17 0.401003 0.4166666666666667 0.43052 1 1 1
4 P_0 18 18 0.397935 0.4134790528233151 0.4273155 1 1 1
4 P_0 19 19 0.395342 0.41150870406189555 0.4258845 1 1 1
4 P_0 20 20 0 0 0 1 1 1
4 P_0 21 21 0 0 0 1 1 1
4 P_0 22 22 0.5 0.5 0.5 1 1 1
4 P_0 23 23 0.4153435 0.43023255813953487 0.443119 1 1 1
4 P_0 24 24 0.0625745 0.07622868605817452 0.0918815 1 1 1
4 P_0 25 25 0 0 0 1 1 1
4 P_0 26 26 0.4019995 0.41789577187807275 0.431899 1 1 1
4 P_0 27 27 0.4108855 0.4262948207171315 0.439691 1 1 1
4 P_0 28 28 0.4191705 0.43426501035196685 0.447173 1 1 1
4 P_0 29 29 0.405326 0.42140641158221304 0.4354545 1 1 1
4 P_0 30 30 0.3964625 0.41289023162134947 0.427437 1 1 1
4 P_0 31 31 0.2070895 0.22760416666666666 0.2483865 1 1 1
4 P_0 32 32 0.402112 0.418729817007535 0.433266 1 1 1
4 P_0 33 33 0 0 0 1 1 1
4 P_0 34 34 0.40409 0.41947565543071164 0.4330415 1 1 1
4 P_0 35 35 0.209603 0.2299084435401831 0.2504485 1 1 1
4 P_0 36 36 0.4000645 0.41632860040567954 0.4306585 1 1 1
4 P_0 37 37 0 0 0 1 1 1
4 P_0 38 38 0.4118285 0.4268642447418738 0.439961 1 1 1
4 P_0 39 39 0.396689 0.41295746785361026 0.4273775 1 1 1
4 P_0 40 40 0 0 0 1 1 1
4 P_0 41 41 0.19369 0.21324951644100582 0.2332165 1 1 1
4 P_0 42 42 0.40198 0.41809908998988876 0.432269 1 1 1
4 P_0 43 43 0.407782 0.42330383480825956 0.436872 1 1 1
4 P_0 44 44 0.411325 0.42720510095642933 0.440927 1 1 1
4 P_0 45 45 0.3923235 0.40932914046121593 0.42442 1 1 1
4 P_0 46 46 0.395811 0.41246138002059735 0.4271935 1 1 1
4 P_0 47 47 0.4116525 0.42737722048066873 0.4409775 1 1 1
4 P_0 48 48 0.0615765 0.07533539731682147 0.091161 1 1 1
4 P_0 49 49 0.063776 0.07737512242899118 0.092913 1 1 1
4 P_0 50 50 0.4053605 0.42115768463073855 0.4349965 1 1 1
4 P_0 51 51 0 0 0 1 1 1
4 P_0 52 52 0.0541135 0.06676413255360623 0.0814625 1 1 1
4 P_0 53 53 0.396897 0.41330645161290325 0.4278285 1 1 1
4 P_0 54 54 0.413718 0.42915811088295686 0.4424895 1 1 1
4 P_0 55 55 0.192789 0.21252465483234714 0.2326845 1 1 1
4 P_0 56 56 0.213074 0.23288331726133077 0.252882 1 1 1
4 P_0 57 57 0 0 0 1 1 1
4 P_0 58 58 0.41074 0.4259438528557599 0.4391945 1 1 1
4 P_0 59 59 0.4048225 0.42142857142857143 0.4358755 1 1 1
4 P_0 60 60 0.409466 0.42505030181086517 0.4386155 1 1 1
4 P_0 61 61 0.409094 0.42428571428571427 0.437574 1 1 1
4 P_0 62 62 0.4059755 0.422004132231405 0.4359955 1 1 1
4 P_0 63 63 0.207605 0.22727272727272727 0.24719 1 1 1
4 P_0 64 64 0.204296 0.22439759036144577 0.2447935 1 1 1
4 P_0 65 65 0 0 0 1 1 1
4 P_0 66 66 0.4145655 0.4296259842519685 0.4426595 1 1 1
4 P_0 67 67 0.398853 0.4155227032734953 0.4301885 1 1 1
4 P_0 68 68 0.403667 0.42 0.4342815 1 1 1
4 P_0 69 69 0 0 0 1 1 1
4 P_0 70 70 0.4033035 0.4190106692531523 0.432838 1 1 1
4 P_0 71 71 0.399062 0.41547131147540983 0.429937 1 1 1
4 P_0 72 72 0.410986 0.4264264264264264 0.4398425 1 1 1
4 P_0 73 73 0.4074075 0.4230769230769231 0.436764 1 1 1
4 P_0 74 74 0 0 0 1 1 1
4 P_0 75 75 0.170078 0.18892045454545456 0.2084265 1 1 1
4 P_0 76 76 0.414272 0.4289719626168224 0.4417535 1 1 1
4 P_0 77 77 0.192408 0.21216617210682492 0.2323535 1 1 1
4 P_0 78 78 0.399976 0.41616465863453816 0.4304405 1 1 1
4 P_0 79 79 0 0 0 1 1 1
4 P_0 80 80 0 0 0 1 1 1
4 P_0 81 81 0.390675 0.40755873340143 0.422597 1 1 1
4 P_0 82 82 0.5 0.5 0.5 1 1 1
4 P_0 83 83 0.0655415 0.0795339412360689 0.0955065 1 1 1
4 P_0 84 84 0 0 0 1 1 1
4 P_0 85 85 0.0764525 0.09137055837563451 0.108135 1 1 1
4 P_0 86 86 0.394729 0.4109390125847047 0.4253625 1 1 1
4 P_0 87 87 0 0 0 1 1 1
4 P_0 88 88 0.4130015 0.4282178217821782 0.441411 1 1 1
4 P_0 89 89 0.405704 0.4211026615969582 0.434636 1 1 1
4 P_0 90 90 0.061304 0.07475247524752475 0.0901905 1 1 1
4 P_0 91 91 0.5 0.5 0.5 1 1 1
4 P_0 92 92 0.402367 0.41842900302114805 0.4325465 1 1 1
4 P_0 93 93 0.4126255 0.42834562697576395 0.4419115 1 1 1
4 P_0 94 94 0.4070835 0.4230371900826446 0.4369415 1 1 1
4 P_0 95 95 0.1841365 0.20466883821932683 0.2257655 1 1 1
4 P_0 96 96 0.2143755 0.23434442270058709 0.254489 1 1 1
4 P_0 97 97 0.4138605 0.42884801548886736 0.44185 1 1 1
4 P_0 98 98 0.3953785 0.41162109375 0.426054 1 1 1
4 P_0 99 99 0.402463 0.41851106639839036 0.432615 1 1 1
