10 #m
58 #n
0 P_1 0 0 0.5 0.5 0.5 1 1 1
0 P_1 1 1 0.5 0.5 0.5 1 1 1
0 P_1 2 2 0 0 0 1 1 1
0 P_1 3 3 0 0 0 1 1 1
0 P_1 4 4 0 0 0 1 1 1
0 P_1 5 5 0 0 0 1 1 1
0 P_1 6 6 0.5 0.5 0.5 1 1 1
0 P_1 7 7 0 0 0 1 1 1
0 P_1 8 8 0 0 0 1 1 1
0 P_1 9 9 0 0 0 1 1 1
0 P_1 10 10 0 0 0 1 1 1
0 P_1 11 11 0 0 0 1 1 1
0 P_1 12 12 0.5 0.5 0.5 1 1 1
0 P_1 13 13 0 0 0 1 1 1
0 P_1 14 14 0 0 0 1 1 1
0 P_1 15 15 0.5 0.5 0.5 1 1 1
0 P_1 16 16 0.5 0.5 0.5 1 1 1
0 P_1 17 17 0 0 0 1 1 1
0 P_1 18 18 0.5 0.5 0.5 1 1 1
0 P_1 19 19 0 0 0 1 1 1
0 P_1 20 20 0 0 0 1 1 1
0 P_1 21 21 0 0 0 1 1 1
0 P_1 22 22 0.5 0.5 0.5 1 1 1
0 P_1 23 23 0 0 0 1 1 1
0 P_1 24 24 0 0 0 1 1 1
0 P_1 25 25 0 0 0 1 1 1
0 P_1 26 26 0 0 0 1 1 1
0 P_1 27 27 0 0 0 1 1 1
0 P_1 28 28 0 0 0 1 1 1
0 P_1 29 29 0.5 0.5 0.5 1 1 1
0 P_1 30 30 0 0 0 1 1 1
0 P_1 31 31 0.5 0.5 0.5 1 1 1
0 P_1 32 32 0 0 0 1 1 1
0 P_1 33 33 0 0 0 1 1 1
0 P_1 34 34 0 0 0 1 1 1
0 P_1 35 35 0 0 0 1 1 1
0 P_1 36 36 0 0 0 1 1 1
0 P_1 37 37 0 0 0 1 1 1
0 P_1 38 38 0 0 0 1 1 1
0 P_1 39 39 0 0 0 1 1 1
0 P_1 40 40 0 0 0 1 1 1
0 P_1 41 41 0.5 0.5 0.5 1 1 1
0 P_1 42 42 0 0 0 1 1 1
0 P_1 43 43 0 0 0 1 1 1
0 P_1 44 44 0 0 0 1 1 1
0 P_1 45 45 0 0 0 1 1 1
0 P_1 46 46 0 0 0 1 1 1
0 P_1 47 47 0 0 0 1 1 1
0 P_1 48 48 0 0 0 1 1 1
0 P_1 49 49 0 0 0 1 1 1
0 P_1 50 50 0 0 0 1 1 1
0 P_1 51 51 0 0 0 1 1 1
0 P_1 52 52 0.5 0.5 0.5 1 1 1
0 P_1 53 53 0.5 0.5 0.5 1 1 1
0 P_1 54 54 0 0 0 1 1 1
0 P_1 55 55 0 0 0 1 1 1
0 P_1 56 56 0 0 0 1 1 1
0 P_1 57 57 0.5 0.5 0.5 1 1 1
1 P_5 0 0 0 0 0 1 1 1
1 P_5 1 1 0 0 0 1 1 1
1 P_5 2 2 0 0 0 1 1 1
1 P_5 3 3 0 0 0 1 1 1
1 P_5 4 4 0 0 0 1 1 1
1 P_5 5 5 0 0 0 1 1 1
1 P_5 6 6 0 0 0 1 1 1
1 P_5 7 7 0 0 0 1 1 1
1 P_5 8 8 0.115313 0.12075 0.1263355 1 1 1
1 P_5 9 9 0.373715 0.3793 0.384736 1 1 1
1 P_5 10 10 0 0 0 1 1 1
1 P_5 11 11 0 0 0 1 1 1
1 P_5 12 12 0 0 0 1 1 1
1 P_5 13 13 0 0 0 1 1 1
1 P_5 14 14 0 0 0 1 1 1
1 P_5 15 15 0.5 0.5 0.5 1 1 1
1 P_5 16 16 0.5 0.5 0.5 1 1 1
1 P_5 17 17 0.373715 0.3793 0.384736 1 1 1
1 P_5 18 18 0.5 0.5 0.5 1 1 1
1 P_5 19 19 0.373715 0.3793 0.384736 1 1 1
1 P_5 20 20 0 0 0 1 1 1
1 P_5 21 21 0.373715 0.3793 0.384736 1 1 1
1 P_5 22 22 0.5 0.5 0.5 1 1 1
1 P_5 23 23 0 0 0 1 1 1
1 P_5 24 24 0.115313 0.12075 0.1263355 1 1 1
1 P_5 25 25 0 0 0 1 1 1
1 P_5 26 26 0 0 0 1 1 1
1 P_5 27 27 0 0 0 1 1 1
1 P_5 28 28 0.115313 0.12075 0.1263355 1 1 1
1 P_5 29 29 0 0 0 1 1 1
1 P_5 30 30 0.5 0.5 0.5 1 1 1
1 P_5 31 31 0 0 0 1 1 1
1 P_5 32 32 0.373715 0.3793 0.384736 1 1 1
1 P_5 33 33 0 0 0 1 1 1
1 P_5 34 34 0.115313 0.12075 0.1263355 1 1 1
1 P_5 35 35 0 0 0 1 1 1
1 P_5 36 36 0 0 0 1 1 1
1 P_5 37 37 0 0 0 1 1 1
1 P_5 38 38 0 0 0 1 1 1
1 P_5 39 39 0 0 0 1 1 1
1 P_5 40 40 0 0 0 1 1 1
1 P_5 41 41 0 0 0 1 1 1
1 P_5 42 42 0 0 0 1 1 1
1 P_5 43 43 0.5 0.5 0.5 1 1 1
1 P_5 44 44 0 0 0 1 1 1
1 P_5 45 45 0 0 0 1 1 1
1 P_5 46 46 0.373715 0.3793 0.384736 1 1 1
1 P_5 47 47 0 0 0 1 1 1
1 P_5 48 48 0 0 0 1 1 1
1 P_5 49 49 0.373715 0.3793 0.384736 1 1 1
1 P_5 50 50 0 0 0 1 1 1
1 P_5 51 51 0 0 0 1 1 1
1 P_5 52 52 0 0 0 1 1 1
1 P_5 53 53 0 0 0 1 1 1
1 P_5 54 54 0 0 0 1 1 1
1 P_5 55 55 0 0 0 1 1 1
1 P_5 56 56 0 0 0 1 1 1
1 P_5 57 57 0 0 0 1 1 1
2 P_9 0 0 0.5 0.5 0.5 1 1 1
2 P_9 1 1 0.5 0.5 0.5 1 1 1
2 P_9 2 2 0 0 0 1 1 1
2 P_9 3 3 0 0 0 1 1 1
2 P_9 4 4 0 0 0 1 1 1
2 P_9 5 5 0 0 0 1 1 1
2 P_9 6 6 0.168059 0.17415 0.1803285 1 1 1
2 P_9 7 7 0 0 0 1 1 1
2 P_9 8 8 0 0 0 1 1 1
2 P_9 9 9 0 0 0 1 1 1
2 P_9 10 10 0 0 0 1 1 1
2 P_9 11 11 0 0 0 1 1 1
2 P_9 12 12 0.168059 0.17415 0.1803285 1 1 1
2 P_9 13 13 0 0 0 1 1 1
2 P_9 14 14 0 0 0 1 1 1
2 P_9 15 15 0.5 0.5 0.5 1 1 1
2 P_9 16 16 0.5 0.5 0.5 1 1 1
2 P_9 17 17 0 0 0 1 1 1
2 P_9 18 18 0.5 0.5 0.5 1 1 1
2 P_9 19 19 0 0 0 1 1 1
2 P_9 20 20 0 0 0 1 1 1
2 P_9 21 21 0 0 0 1 1 1
2 P_9 22 22 0.5 0.5 0.5 1 1 1
2 P_9 23 23 0 0 0 1 1 1
2 P_9 24 24 0 0 0 1 1 1
2 P_9 25 25 0 0 0 1 1 1
2 P_9 26 26 0 0 0 1 1 1
2 P_9 27 27 0 0 0 1 1 1
2 P_9 28 28 0 0 0 1 1 1
2 P_9 29 29 0.168059 0.17415 0.1803285 1 1 1
2 P_9 30 30 0 0 0 1 1 1
2 P_9 31 31 0.168059 0.17415 0.1803285 1 1 1
2 P_9 32 32 0 0 0 1 1 1
2 P_9 33 33 0 0 0 1 1 1
2 P_9 34 34 0 0 0 1 1 1
2 P_9 35 35 0 0 0 1 1 1
2 P_9 36 36 0 0 0 1 1 1
2 P_9 37 37 0 0 0 1 1 1
2 P_9 38 38 0.319722 0.3259 0.3319905 1 1 1
2 P_9 39 39 0.319722 0.3259 0.3319905 1 1 1
2 P_9 40 40 0 0 0 1 1 1
2 P_9 41 41 0.168059 0.17415 0.1803285 1 1 1
2 P_9 42 42 0 0 0 1 1 1
2 P_9 43 43 0 0 0 1 1 1
2 P_9 44 44 0 0 0 1 1 1
2 P_9 45 45 0 0 0 1 1 1
2 P_9 46 46 0 0 0 1 1 1
2 P_9 47 47 0 0 0 1 1 1
2 P_9 48 48 0 0 0 1 1 1
2 P_9 49 49 0 0 0 1 1 1
2 P_9 50 50 0 0 0 1 1 1
2 P_9 51 51 0 0 0 1 1 1
2 P_9 52 52 0.5 0.5 0.5 1 1 1
2 P_9 53 53 0.168059 0.17415 0.1803285 1 1 1
2 P_9 54 54 0 0 0 1 1 1
2 P_9 55 55 0 0 0 1 1 1
2 P_9 56 56 0.319722 0.3259 0.3319905 1 1 1
2 P_9 57 57 0.168059 0.17415 0.1803285 1 1 1
3 P_2 0 0 0 0 0 1 1 1
3 P_2 1 1 0 0 0 1 1 1
3 P_2 2 2 0 0 0 1 1 1
3 P_2 3 3 0 0 0 1 1 1
3 P_2 4 4 0.163649 0.1697 0.175843 1 1 1
3 P_2 5 5 0.163649 0.1697 0.175843 1 1 1
3 P_2 6 6 0 0 0 1 1 1
3 P_2 7 7 0.163649 0.1697 0.175843 1 1 1
3 P_2 8 8 0.231626 0.23805 0.2444875 1 1 1
3 P_2 9 9 0.0874435 0.09235 0.097438 1 1 1
3 P_2 10 10 0 0 0 1 1 1
3 P_2 11 11 0.163649 0.1697 0.175843 1 1 1
3 P_2 12 12 0 0 0 1 1 1
3 P_2 13 13 0 0 0 1 1 1
3 P_2 14 14 0 0 0 1 1 1
3 P_2 15 15 0.5 0.5 0.5 1 1 1
3 P_2 16 16 0.5 0.5 0.5 1 1 1
3 P_2 17 17 0.0874435 0.09235 0.097438 1 1 1
3 P_2 18 18 0.324207 0.33035 0.3364005 1 1 1
3 P_2 19 19 0.0874435 0.09235 0.097438 1 1 1
3 P_2 20 20 0 0 0 1 1 1
3 P_2 21 21 0 0 0 1 1 1
3 P_2 22 22 0.5 0.5 0.5 1 1 1
3 P_2 23 23 0.163649 0.1697 0.175843 1 1 1
3 P_2 24 24 0.231626 0.23805 0.2444875 1 1 1
3 P_2 25 25 0 0 0 1 1 1
3 P_2 26 26 0.163649 0.1697 0.175843 1 1 1
3 P_2 27 27 0 0 0 1 1 1
3 P_2 28 28 0.231626 0.23805 0.2444875 1 1 1
3 P_2 29 29 0 0 0 1 1 1
3 P_2 30 30 0.324207 0.33035 0.3364005 1 1 1
3 P_2 31 31 0 0 0 1 1 1
3 P_2 32 32 0.0874435 0.09235 0.097438 1 1 1
3 P_2 33 33 0.163649 0.1697 0.175843 1 1 1
3 P_2 34 34 0.231626 0.23805 0.2444875 1 1 1
3 P_2 35 35 0.163649 0.1697 0.175843 1 1 1
3 P_2 36 36 0 0 0 1 1 1
3 P_2 37 37 0.163649 0.1697 0.175843 1 1 1
3 P_2 38 38 0 0 0 1 1 1
3 P_2 39 39 0 0 0 1 1 1
3 P_2 40 40 0 0 0 1 1 1
3 P_2 41 41 0 0 0 1 1 1
3 P_2 42 42 0 0 0 1 1 1
3 P_2 43 43 0.324207 0.33035 0.3364005 1 1 1
3 P_2 44 44 0 0 0 1 1 1
3 P_2 45 45 0 0 0 1 1 1
3 P_2 46 46 0.0874435 0.09235 0.097438 1 1 1
3 P_2 47 47 0.163649 0.1697 0.175843 1 1 1
3 P_2 48 48 0 0 0 1 1 1
3 P_2 49 49 0 0 0 1 1 1
3 P_2 50 50 0.163649 0.1697 0.175843 1 1 1
3 P_2 51 51 0 0 0 1 1 1
3 P_2 52 52 0 0 0 1 1 1
3 P_2 53 53 0 0 0 1 1 1
3 P_2 54 54 0 0 0 1 1 1
3 P_2 55 55 0 0 0 1 1 1
3 P_2 56 56 0 0 0 1 1 1
3 P_2 57 57 0 0 0 1 1 1
4 P_8 0 0 0.157163 0.16315 0.169237 1 1 1
4 P_8 1 1 0.157163 0.16315 0.169237 1 1 1
4 P_8 2 2 0 0 0 1 1 1
4 P_8 3 3 0.086025 0.0909 0.095958 1 1 1
4 P_8 4 4 0 0 0 1 1 1
4 P_8 5 5 0 0 0 1 1 1
4 P_8 6 6 0 0 0 1 1 1
4 P_8 7 7 0.086025 0.0909 0.095958 1 1 1
4 P_8 8 8 0 0 0 1 1 1
4 P_8 9 9 0.0962095 0.1013 0.1065615 1 1 1
4 P_8 10 10 0.086025 0.0909 0.095958 1 1 1
4 P_8 11 11 0 0 0 1 1 1
4 P_8 12 12 0 0 0 1 1 1
4 P_8 13 13 0 0 0 1 1 1
4 P_8 14 14 0.086025 0.0909 0.095958 1 1 1
4 P_8 15 15 0.5 0.5 0.5 1 1 1
4 P_8 16 16 0.5 0.5 0.5 1 1 1
4 P_8 17 17 0.0962095 0.1013 0.1065615 1 1 1
4 P_8 18 18 0.404093 0.40915 0.414024 1 1 1
4 P_8 19 19 0.0962095 0.1013 0.1065615 1 1 1
4 P_8 20 20 0 0 0 1 1 1
4 P_8 21 21 0 0 0 1 1 1
4 P_8 22 22 0.5 0.5 0.5 1 1 1
4 P_8 23 23 0 0 0 1 1 1
4 P_8 24 24 0 0 0 1 1 1
4 P_8 25 25 0.1389705 0.14475 0.1506505 1 1 1
4 P_8 26 26 0 0 0 1 1 1
4 P_8 27 27 0 0 0 1 1 1
4 P_8 28 28 0 0 0 1 1 1
4 P_8 29 29 0 0 0 1 1 1
4 P_8 30 30 0.239565 0.246 0.2524395 1 1 1
4 P_8 31 31 0 0 0 1 1 1
4 P_8 32 32 0.0962095 0.1013 0.1065615 1 1 1
4 P_8 33 33 0 0 0 1 1 1
4 P_8 34 34 0 0 0 1 1 1
4 P_8 35 35 0 0 0 1 1 1
4 P_8 36 36 0.086025 0.0909 0.095958 1 1 1
4 P_8 37 37 0 0 0 1 1 1
4 P_8 38 38 0.157163 0.16315 0.169237 1 1 1
4 P_8 39 39 0.157163 0.16315 0.169237 1 1 1
4 P_8 40 40 0.086025 0.0909 0.095958 1 1 1
4 P_8 41 41 0 0 0 1 1 1
4 P_8 42 42 0 0 0 1 1 1
4 P_8 43 43 0.239565 0.246 0.2524395 1 1 1
4 P_8 44 44 0 0 0 1 1 1
4 P_8 45 45 0.1389705 0.14475 0.1506505 1 1 1
4 P_8 46 46 0.0962095 0.1013 0.1065615 1 1 1
4 P_8 47 47 0 0 0 1 1 1
4 P_8 48 48 0.1389705 0.14475 0.1506505 1 1 1
4 P_8 49 49 0 0 0 1 1 1
4 P_8 50 50 0.086025 0.0909 0.095958 1 1 1
4 P_8 51 51 0.086025 0.0909 0.095958 1 1 1
4 P_8 52 52 0.157163 0.16315 0.169237 1 1 1
4 P_8 53 53 0 0 0 1 1 1
4 P_8 54 54 0 0 0 1 1 1
4 P_8 55 55 0 0 0 1 1 1
4 P_8 56 56 0.157163 0.16315 0.169237 1 1 1
4 P_8 57 57 0 0 0 1 1 1
5 P_7 0 0 0.099544 0.1047 0.110023 1 1 1
5 P_7 1 1 0.099544 0.1047 0.110023 1 1 1
5 P_7 2 2 0.175199 0.18135 0.18758 1 1 1
5 P_7 3 3 0 0 0 1 1 1
5 P_7 4 4 0 0 0 1 1 1
5 P_7 5 5 0 0 0 1 1 1
5 P_7 6 6 0 0 0 1 1 1
5 P_7 7 7 0.175199 0.18135 0.18758 1 1 1
5 P_7 8 8 0.2076995 0.21405 0.220442 1 1 1
5 P_7 9 9 0 0 0 1 1 1
5 P_7 10 10 0 0 0 1 1 1
5 P_7 11 11 0 0 0 1 1 1
5 P_7 12 12 0 0 0 1 1 1
5 P_7 13 13 0.175199 0.18135 0.18758 1 1 1
5 P_7 14 14 0 0 0 1 1 1
5 P_7 15 15 0.5 0.5 0.5 1 1 1
5 P_7 16 16 0.5 0.5 0.5 1 1 1
5 P_7 17 17 0 0 0 1 1 1
5 P_7 18 18 0.31247 0.3187 0.3248505 1 1 1
5 P_7 19 19 0 0 0 1 1 1
5 P_7 20 20 0.175199 0.18135 0.18758 1 1 1
5 P_7 21 21 0 0 0 1 1 1
5 P_7 22 22 0.5 0.5 0.5 1 1 1
5 P_7 23 23 0 0 0 1 1 1
5 P_7 24 24 0.2076995 0.21405 0.220442 1 1 1
5 P_7 25 25 0 0 0 1 1 1
5 P_7 26 26 0 0 0 1 1 1
5 P_7 27 27 0.175199 0.18135 0.18758 1 1 1
5 P_7 28 28 0.2076995 0.21405 0.220442 1 1 1
5 P_7 29 29 0 0 0 1 1 1
5 P_7 30 30 0.2076995 0.21405 0.220442 1 1 1
5 P_7 31 31 0 0 0 1 1 1
5 P_7 32 32 0 0 0 1 1 1
5 P_7 33 33 0 0 0 1 1 1
5 P_7 34 34 0.2076995 0.21405 0.220442 1 1 1
5 P_7 35 35 0 0 0 1 1 1
5 P_7 36 36 0 0 0 1 1 1
5 P_7 37 37 0 0 0 1 1 1
5 P_7 38 38 0.099544 0.1047 0.110023 1 1 1
5 P_7 39 39 0.099544 0.1047 0.110023 1 1 1
5 P_7 40 40 0 0 0 1 1 1
5 P_7 41 41 0 0 0 1 1 1
5 P_7 42 42 0.175199 0.18135 0.18758 1 1 1
5 P_7 43 43 0.2076995 0.21405 0.220442 1 1 1
5 P_7 44 44 0.175199 0.18135 0.18758 1 1 1
5 P_7 45 45 0 0 0 1 1 1
5 P_7 46 46 0 0 0 1 1 1
5 P_7 47 47 0 0 0 1 1 1
5 P_7 48 48 0 0 0 1 1 1
5 P_7 49 49 0 0 0 1 1 1
5 P_7 50 50 0.175199 0.18135 0.18758 1 1 1
5 P_7 51 51 0 0 0 1 1 1
5 P_7 52 52 0.099544 0.1047 0.110023 1 1 1
5 P_7 53 53 0 0 0 1 1 1
5 P_7 54 54 0.175199 0.18135 0.18758 1 1 1
5 P_7 55 55 0.175199 0.18135 0.18758 1 1 1
5 P_7 56 56 0.099544 0.1047 0.110023 1 1 1
5 P_7 57 57 0 0 0 1 1 1
6 P_4 0 0 0.253061 0.2595 0.265928 1 1 1
6 P_4 1 1 0.253061 0.2595 0.265928 1 1 1
6 P_4 2 2 0 0 0 1 1 1
6 P_4 3 3 0 0 0 1 1 1
6 P_4 4 4 0 0 0 1 1 1
6 P_4 5 5 0 0 0 1 1 1
6 P_4 6 6 0 0 0 1 1 1
6 P_4 7 7 0 0 0 1 1 1
6 P_4 8 8 0.234122 0.24055 0.246989 1 1 1
6 P_4 9 9 0 0 0 1 1 1
6 P_4 10 10 0 0 0 1 1 1
6 P_4 11 11 0 0 0 1 1 1
6 P_4 12 12 0 0 0 1 1 1
6 P_4 13 13 0 0 0 1 1 1
6 P_4 14 14 0 0 0 1 1 1
6 P_4 15 15 0.5 0.5 0.5 1 1 1
6 P_4 16 16 0.5 0.5 0.5 1 1 1
6 P_4 17 17 0 0 0 1 1 1
6 P_4 18 18 0.5 0.5 0.5 1 1 1
6 P_4 19 19 0 0 0 1 1 1
6 P_4 20 20 0 0 0 1 1 1
6 P_4 21 21 0 0 0 1 1 1
6 P_4 22 22 0.5 0.5 0.5 1 1 1
6 P_4 23 23 0 0 0 1 1 1
6 P_4 24 24 0.234122 0.24055 0.246989 1 1 1
6 P_4 25 25 0 0 0 1 1 1
6 P_4 26 26 0 0 0 1 1 1
6 P_4 27 27 0 0 0 1 1 1
6 P_4 28 28 0.234122 0.24055 0.246989 1 1 1
6 P_4 29 29 0 0 0 1 1 1
6 P_4 30 30 0.234122 0.24055 0.246989 1 1 1
6 P_4 31 31 0 0 0 1 1 1
6 P_4 32 32 0 0 0 1 1 1
6 P_4 33 33 0 0 0 1 1 1
6 P_4 34 34 0.234122 0.24055 0.246989 1 1 1
6 P_4 35 35 0 0 0 1 1 1
6 P_4 36 36 0 0 0 1 1 1
6 P_4 37 37 0 0 0 1 1 1
6 P_4 38 38 0.253061 0.2595 0.265928 1 1 1
6 P_4 39 39 0.253061 0.2595 0.265928 1 1 1
6 P_4 40 40 0 0 0 1 1 1
6 P_4 41 41 0 0 0 1 1 1
6 P_4 42 42 0 0 0 1 1 1
6 P_4 43 43 0.234122 0.24055 0.246989 1 1 1
6 P_4 44 44 0 0 0 1 1 1
6 P_4 45 45 0 0 0 1 1 1
6 P_4 46 46 0 0 0 1 1 1
6 P_4 47 47 0 0 0 1 1 1
6 P_4 48 48 0 0 0 1 1 1
6 P_4 49 49 0 0 0 1 1 1
6 P_4 50 50 0 0 0 1 1 1
6 P_4 51 51 0 0 0 1 1 1
6 P_4 52 52 0.253061 0.2595 0.265928 1 1 1
6 P_4 53 53 0 0 0 1 1 1
6 P_4 54 54 0 0 0 1 1 1
6 P_4 55 55 0 0 0 1 1 1
6 P_4 56 56 0.253061 0.2595 0.265928 1 1 1
6 P_4 57 57 0 0 0 1 1 1
7 P_6 0 0 0.202374 0.2087 0.2150735 1 1 1
7 P_6 1 1 0.202374 0.2087 0.2150735 1 1 1
7 P_6 2 2 0 0 0 1 1 1
7 P_6 3 3 0 0 0 1 1 1
7 P_6 4 4 0 0 0 1 1 1
7 P_6 5 5 0 0 0 1 1 1
7 P_6 6 6 0 0 0 1 1 1
7 P_6 7 7 0 0 0 1 1 1
7 P_6 8 8 0 0 0 1 1 1
7 P_6 9 9 0 0 0 1 1 1
7 P_6 10 10 0 0 0 1 1 1
7 P_6 11 11 0 0 0 1 1 1
7 P_6 12 12 0 0 0 1 1 1
7 P_6 13 13 0 0 0 1 1 1
7 P_6 14 14 0 0 0 1 1 1
7 P_6 15 15 0.5 0.5 0.5 1 1 1
7 P_6 16 16 0.5 0.5 0.5 1 1 1
7 P_6 17 17 0 0 0 1 1 1
7 P_6 18 18 0.5 0.5 0.5 1 1 1
7 P_6 19 19 0 0 0 1 1 1
7 P_6 20 20 0 0 0 1 1 1
7 P_6 21 21 0 0 0 1 1 1
7 P_6 22 22 0.5 0.5 0.5 1 1 1
7 P_6 23 23 0 0 0 1 1 1
7 P_6 24 24 0 0 0 1 1 1
7 P_6 25 25 0.284977 0.29135 0.2976755 1 1 1
7 P_6 26 26 0 0 0 1 1 1
7 P_6 27 27 0 0 0 1 1 1
7 P_6 28 28 0 0 0 1 1 1
7 P_6 29 29 0 0 0 1 1 1
7 P_6 30 30 0.284977 0.29135 0.2976755 1 1 1
7 P_6 31 31 0 0 0 1 1 1
7 P_6 32 32 0 0 0 1 1 1
7 P_6 33 33 0 0 0 1 1 1
7 P_6 34 34 0 0 0 1 1 1
7 P_6 35 35 0 0 0 1 1 1
7 P_6 36 36 0 0 0 1 1 1
7 P_6 37 37 0 0 0 1 1 1
7 P_6 38 38 0.202374 0.2087 0.2150735 1 1 1
7 P_6 39 39 0.202374 0.2087 0.2150735 1 1 1
7 P_6 40 40 0 0 0 1 1 1
7 P_6 41 41 0 0 0 1 1 1
7 P_6 42 42 0 0 0 1 1 1
7 P_6 43 43 0.284977 0.29135 0.2976755 1 1 1
7 P_6 44 44 0 0 0 1 1 1
7 P_6 45 45 0.284977 0.29135 0.2976755 1 1 1
7 P_6 46 46 0 0 0 1 1 1
7 P_6 47 47 0 0 0 1 1 1
7 P_6 48 48 0.284977 0.29135 0.2976755 1 1 1
7 P_6 49 49 0 0 0 1 1 1
7 P_6 50 50 0 0 0 1 1 1
7 P_6 51 51 0 0 0 1 1 1
7 P_6 52 52 0.202374 0.2087 0.2150735 1 1 1
7 P_6 53 53 0 0 0 1 1 1
7 P_6 54 54 0 0 0 1 1 1
7 P_6 55 55 0 0 0 1 1 1
7 P_6 56 56 0.202374 0.2087 0.2150735 1 1 1
7 P_6 57 57 0 0 0 1 1 1
8 P_3 0 0 0 0 0 1 1 1
8 P_3 1 1 0 0 0 1 1 1
8 P_3 2 2 0.393897 0.39915 0.4042315 1 1 1
8 P_3 3 3 0 0 0 1 1 1
8 P_3 4 4 0 0 0 1 1 1
8 P_3 5 5 0 0 0 1 1 1
8 P_3 6 6 0 0 0 1 1 1
8 P_3 7 7 0.393897 0.39915 0.4042315 1 1 1
8 P_3 8 8 0 0 0 1 1 1
8 P_3 9 9 0 0 0 1 1 1
8 P_3 10 10 0 0 0 1 1 1
8 P_3 11 11 0 0 0 1 1 1
8 P_3 12 12 0 0 0 1 1 1
8 P_3 13 13 0.393897 0.39915 0.4042315 1 1 1
8 P_3 14 14 0 0 0 1 1 1
8 P_3 15 15 0.5 0.5 0.5 1 1 1
8 P_3 16 16 0.5 0.5 0.5 1 1 1
8 P_3 17 17 0 0 0 1 1 1
8 P_3 18 18 0.0958175 0.1009 0.106154 1 1 1
8 P_3 19 19 0 0 0 1 1 1
8 P_3 20 20 0.393897 0.39915 0.4042315 1 1 1
8 P_3 21 21 0 0 0 1 1 1
8 P_3 22 22 0.5 0.5 0.5 1 1 1
8 P_3 23 23 0 0 0 1 1 1
8 P_3 24 24 0 0 0 1 1 1
8 P_3 25 25 0.0958175 0.1009 0.106154 1 1 1
8 P_3 26 26 0 0 0 1 1 1
8 P_3 27 27 0.393897 0.39915 0.4042315 1 1 1
8 P_3 28 28 0 0 0 1 1 1
8 P_3 29 29 0 0 0 1 1 1
8 P_3 30 30 0.0958175 0.1009 0.106154 1 1 1
8 P_3 31 31 0 0 0 1 1 1
8 P_3 32 32 0 0 0 1 1 1
8 P_3 33 33 0 0 0 1 1 1
8 P_3 34 34 0 0 0 1 1 1
8 P_3 35 35 0 0 0 1 1 1
8 P_3 36 36 0 0 0 1 1 1
8 P_3 37 37 0 0 0 1 1 1
8 P_3 38 38 0 0 0 1 1 1
8 P_3 39 39 0 0 0 1 1 1
8 P_3 40 40 0 0 0 1 1 1
8 P_3 41 41 0 0 0 1 1 1
8 P_3 42 42 0.393897 0.39915 0.4042315 1 1 1
8 P_3 43 43 0.0958175 0.1009 0.106154 1 1 1
8 P_3 44 44 0.393897 0.39915 0.4042315 1 1 1
8 P_3 45 45 0.0958175 0.1009 0.106154 1 1 1
8 P_3 46 46 0 0 0 1 1 1
8 P_3 47 47 0 0 0 1 1 1
8 P_3 48 48 0.0958175 0.1009 0.106154 1 1 1
8 P_3 49 49 0 0 0 1 1 1
8 P_3 50 50 0.393897 0.39915 0.4042315 1 1 1
8 P_3 51 51 0 0 0 1 1 1
8 P_3 52 52 0 0 0 1 1 1
8 P_3 53 53 0 0 0 1 1 1
8 P_3 54 54 0.393897 0.39915 0.4042315 1 1 1
8 P_3 55 55 0.393897 0.39915 0.4042315 1 1 1
8 P_3 56 56 0 0 0 1 1 1
8 P_3 57 57 0 0 0 1 1 1
9 P_0 0 0 0 0 0 1 1 1
9 P_0 1 1 0 0 0 1 1 1
9 P_0 2 2 0.5 0.5 0.5 1 1 1
9 P_0 3 3 0 0 0 1 1 1
9 P_0 4 4 0 0 0 1 1 1
9 P_0 5 5 0 0 0 1 1 1
9 P_0 6 6 0 0 0 1 1 1
9 P_0 7 7 0.5 0.5 0.5 1 1 1
9 P_0 8 8 0 0 0 1 1 1
9 P_0 9 9 0 0 0 1 1 1
9 P_0 10 10 0 0 0 1 1 1
9 P_0 11 11 0 0 0 1 1 1
9 P_0 12 12 0 0 0 1 1 1
9 P_0 13 13 0.5 0.5 0.5 1 1 1
9 P_0 14 14 0 0 0 1 1 1
9 P_0 15 15 0.5 0.5 0.5 1 1 1
9 P_0 16 16 0.5 0.5 0.5 1 1 1
9 P_0 17 17 0 0 0 1 1 1
9 P_0 18 18 0 0 0 1 1 1
9 P_0 19 19 0 0 0 1 1 1
9 P_0 20 20 0.5 0.5 0.5 1 1 1
9 P_0 21 21 0 0 0 1 1 1
9 P_0 22 22 0.5 0.5 0.5 1 1 1
9 P_0 23 23 0 0 0 1 1 1
9 P_0 24 24 0 0 0 1 1 1
9 P_0 25 25 0 0 0 1 1 1
9 P_0 26 26 0 0 0 1 1 1
9 P_0 27 27 0.5 0.5 0.5 1 1 1
9 P_0 28 28 0 0 0 1 1 1
9 P_0 29 29 0 0 0 1 1 1
9 P_0 30 30 0 0 0 1 1 1
9 P_0 31 31 0 0 0 1 1 1
9 P_0 32 32 0 0 0 1 1 1
9 P_0 33 33 0 0 0 1 1 1
9 P_0 34 34 0 0 0 1 1 1
9 P_0 35 35 0 0 0 1 1 1
9 P_0 36 36 0 0 0 1 1 1
9 P_0 37 37 0 0 0 1 1 1
9 P_0 38 38 0 0 0 1 1 1
9 P_0 39 39 0 0 0 1 1 1
9 P_0 40 40 0 0 0 1 1 1
9 P_0 41 41 0 0 0 1 1 1
9 P_0 42 42 0.5 0.5 0.5 1 1 1
9 P_0 43 43 0 0 0 1 1 1
9 P_0 44 44 0.5 0.5 0.5 1 1 1
9 P_0 45 45 0 0 0 1 1 1
9 P_0 46 46 0 0 0 1 1 1
9 P_0 47 47 0 0 0 1 1 1
9 P_0 48 48 0 0 0 1 1 1
9 P_0 49 49 0 0 0 1 1 1
9 P_0 50 50 0.5 0.5 0.5 1 1 1
9 P_0 51 51 0 0 0 1 1 1
9 P_0 52 52 0 0 0 1 1 1
9 P_0 53 53 0 0 0 1 1 1
9 P_0 54 54 0.5 0.5 0.5 1 1 1
9 P_0 55 55 0.5 0.5 0.5 1 1 1
9 P_0 56 56 0 0 0 1 1 1
9 P_0 57 57 0 0 0 1 1 1
