5 #m
100 #n
0 P_8 0 0 0.1066125 0.1119 0.1173465 1 1 1
0 P_8 1 1 0.32814 0.33425 0.340263 1 1 1
0 P_8 2 2 0.062038 0.0663 0.0707735 1 1 1
0 P_8 3 3 0.32814 0.33425 0.340263 1 1 1
0 P_8 4 4 0.32814 0.33425 0.340263 1 1 1
0 P_8 5 5 0.32814 0.33425 0.340263 1 1 1
0 P_8 6 6 0 0 0 1 1 1
0 P_8 7 7 0.5 0.5 0.5 1 1 1
0 P_8 8 8 0.32814 0.33425 0.340263 1 1 1
0 P_8 9 9 0.5 0.5 0.5 1 1 1
0 P_8 10 10 0.32814 0.33425 0.340263 1 1 1
0 P_8 11 11 0.0944945 0.09955 0.104779 1 1 1
0 P_8 12 12 0.32814 0.33425 0.340263 1 1 1
0 P_8 13 13 0.32814 0.33425 0.340263 1 1 1
0 P_8 14 14 0.32814 0.33425 0.340263 1 1 1
0 P_8 15 15 0.32814 0.33425 0.340263 1 1 1
0 P_8 16 16 0.32814 0.33425 0.340263 1 1 1
0 P_8 17 17 0.32814 0.33425 0.340263 1 1 1
0 P_8 18 18 0.32814 0.33425 0.340263 1 1 1
0 P_8 19 19 0.32814 0.33425 0.340263 1 1 1
0 P_8 20 20 0 0 0 1 1 1
0 P_8 21 21 0 0 0 1 1 1
0 P_8 22 22 0.5 0.5 0.5 1 1 1
0 P_8 23 23 0.32814 0.33425 0.340263 1 1 1
0 P_8 24 24 0.062038 0.0663 0.0707735 1 1 1
0 P_8 25 25 0 0 0 1 1 1
0 P_8 26 26 0.32814 0.33425 0.340263 1 1 1
0 P_8 27 27 0.32814 0.33425 0.340263 1 1 1
0 P_8 28 28 0.32814 0.33425 0.340263 1 1 1
0 P_8 29 29 0.32814 0.33425 0.340263 1 1 1
0 P_8 30 30 0.32814 0.33425 0.340263 1 1 1
0 P_8 31 31 0.32814 0.33425 0.340263 1 1 1
0 P_8 32 32 0.32814 0.33425 0.340263 1 1 1
0 P_8 33 33 0.0944945 0.09955 0.104779 1 1 1
0 P_8 34 34 0.32814 0.33425 0.340263 1 1 1
0 P_8 35 35 0 0 0 1 1 1
0 P_8 36 36 0.32814 0.33425 0.340263 1 1 1
0 P_8 37 37 0.0944945 0.09955 0.104779 1 1 1
0 P_8 38 38 0.32814 0.33425 0.340263 1 1 1
0 P_8 39 39 0.429278 0.43375 0.4380105 1 1 1
0 P_8 40 40 0.2159675 0.22235 0.2287645 1 1 1
0 P_8 41 41 0 0 0 1 1 1
0 P_8 42 42 0.32814 0.33425 0.340263 1 1 1
0 P_8 43 43 0.32814 0.33425 0.340263 1 1 1
0 P_8 44 44 0.32814 0.33425 0.340263 1 1 1
0 P_8 45 45 0.32814 0.33425 0.340263 1 1 1
0 P_8 46 46 0.32814 0.33425 0.340263 1 1 1
0 P_8 47 47 0.32814 0.33425 0.340263 1 1 1
0 P_8 48 48 0.062038 0.0663 0.0707735 1 1 1
0 P_8 49 49 0.062038 0.0663 0.0707735 1 1 1
0 P_8 50 50 0.32814 0.33425 0.340263 1 1 1
0 P_8 51 51 0 0 0 1 1 1
0 P_8 52 52 0.062038 0.0663 0.0707735 1 1 1
0 P_8 53 53 0.32814 0.33425 0.340263 1 1 1
0 P_8 54 54 0.32814 0.33425 0.340263 1 1 1
0 P_8 55 55 0.32814 0.33425 0.340263 1 1 1
0 P_8 56 56 0 0 0 1 1 1
0 P_8 57 57 0 0 0 1 1 1
0 P_8 58 58 0.32814 0.33425 0.340263 1 1 1
0 P_8 59 59 0.32814 0.33425 0.340263 1 1 1
0 P_8 60 60 0.32814 0.33425 0.340263 1 1 1
0 P_8 61 61 0.32814 0.33425 0.340263 1 1 1
0 P_8 62 62 0.32814 0.33425 0.340263 1 1 1
0 P_8 63 63 0 0 0 1 1 1
0 P_8 64 64 0 0 0 1 1 1
0 P_8 65 65 0 0 0 1 1 1
0 P_8 66 66 0.32814 0.33425 0.340263 1 1 1
0 P_8 67 67 0.32814 0.33425 0.340263 1 1 1
0 P_8 68 68 0.32814 0.33425 0.340263 1 1 1
0 P_8 69 69 0 0 0 1 1 1
0 P_8 70 70 0.32814 0.33425 0.340263 1 1 1
0 P_8 71 71 0.32814 0.33425 0.340263 1 1 1
0 P_8 72 72 0.32814 0.33425 0.340263 1 1 1
0 P_8 73 73 0.32814 0.33425 0.340263 1 1 1
0 P_8 74 74 0 0 0 1 1 1
0 P_8 75 75 0 0 0 1 1 1
0 P_8 76 76 0.32814 0.33425 0.340263 1 1 1
0 P_8 77 77 0 0 0 1 1 1
0 P_8 78 78 0.32814 0.33425 0.340263 1 1 1
0 P_8 79 79 0.1066125 0.1119 0.1173465 1 1 1
0 P_8 80 80 0 0 0 1 1 1
0 P_8 81 81 0.32814 0.33425 0.340263 1 1 1
0 P_8 82 82 0.5 0.5 0.5 1 1 1
0 P_8 83 83 0.062038 0.0663 0.0707735 1 1 1
0 P_8 84 84 0 0 0 1 1 1
0 P_8 85 85 0.062038 0.0663 0.0707735 1 1 1
0 P_8 86 86 0.32814 0.33425 0.340263 1 1 1
0 P_8 87 87 0 0 0 1 1 1
0 P_8 88 88 0.32814 0.33425 0.340263 1 1 1
0 P_8 89 89 0.32814 0.33425 0.340263 1 1 1
0 P_8 90 90 0.062038 0.0663 0.0707735 1 1 1
0 P_8 91 91 0.5 0.5 0.5 1 1 1
0 P_8 92 92 0.32814 0.33425 0.340263 1 1 1
0 P_8 93 93 0.32814 0.33425 0.340263 1 1 1
0 P_8 94 94 0.429278 0.43375 0.4380105 1 1 1
0 P_8 95 95 0 0 0 1 1 1
0 P_8 96 96 0.32814 0.33425 0.340263 1 1 1
0 P_8 97 97 0.32814 0.33425 0.340263 1 1 1
0 P_8 98 98 0.32814 0.33425 0.340263 1 1 1
0 P_8 99 99 0.32814 0.33425 0.340263 1 1 1
1 P_2 0 0 0 0 0 1 1 1
1 P_2 1 1 0 0 0 1 1 1
1 P_2 2 2 0 0 0 1 1 1
1 P_2 3 3 0 0 0 1 1 1
1 P_2 4 4 0 0 0 1 1 1
1 P_2 5 5 0 0 0 1 1 1
1 P_2 6 6 0.256363 0.2628 0.269222 1 1 1
1 P_2 7 7 0.5 0.5 0.5 1 1 1
1 P_2 8 8 0 0 0 1 1 1
1 P_2 9 9 0.5 0.5 0.5 1 1 1
1 P_2 10 10 0 0 0 1 1 1
1 P_2 11 11 0.2308275 0.23725 0.243687 1 1 1
1 P_2 12 12 0 0 0 1 1 1
1 P_2 13 13 0 0 0 1 1 1
1 P_2 14 14 0 0 0 1 1 1
1 P_2 15 15 0 0 0 1 1 1
1 P_2 16 16 0 0 0 1 1 1
1 P_2 17 17 0 0 0 1 1 1
1 P_2 18 18 0 0 0 1 1 1
1 P_2 19 19 0 0 0 1 1 1
1 P_2 20 20 0.256363 0.2628 0.269222 1 1 1
1 P_2 21 21 0.256363 0.2628 0.269222 1 1 1
1 P_2 22 22 0.5 0.5 0.5 1 1 1
1 P_2 23 23 0 0 0 1 1 1
1 P_2 24 24 0 0 0 1 1 1
1 P_2 25 25 0.256363 0.2628 0.269222 1 1 1
1 P_2 26 26 0 0 0 1 1 1
1 P_2 27 27 0 0 0 1 1 1
1 P_2 28 28 0 0 0 1 1 1
1 P_2 29 29 0 0 0 1 1 1
1 P_2 30 30 0 0 0 1 1 1
1 P_2 31 31 0 0 0 1 1 1
1 P_2 32 32 0 0 0 1 1 1
1 P_2 33 33 0.2308275 0.23725 0.243687 1 1 1
1 P_2 34 34 0 0 0 1 1 1
1 P_2 35 35 0 0 0 1 1 1
1 P_2 36 36 0 0 0 1 1 1
1 P_2 37 37 0.2308275 0.23725 0.243687 1 1 1
1 P_2 38 38 0 0 0 1 1 1
1 P_2 39 39 0.2308275 0.23725 0.243687 1 1 1
1 P_2 40 40 0 0 0 1 1 1
1 P_2 41 41 0 0 0 1 1 1
1 P_2 42 42 0 0 0 1 1 1
1 P_2 43 43 0 0 0 1 1 1
1 P_2 44 44 0 0 0 1 1 1
1 P_2 45 45 0 0 0 1 1 1
1 P_2 46 46 0 0 0 1 1 1
1 P_2 47 47 0 0 0 1 1 1
1 P_2 48 48 0 0 0 1 1 1
1 P_2 49 49 0 0 0 1 1 1
1 P_2 50 50 0 0 0 1 1 1
1 P_2 51 51 0.256363 0.2628 0.269222 1 1 1
1 P_2 52 52 0 0 0 1 1 1
1 P_2 53 53 0 0 0 1 1 1
1 P_2 54 54 0 0 0 1 1 1
1 P_2 55 55 0 0 0 1 1 1
1 P_2 56 56 0 0 0 1 1 1
1 P_2 57 57 0 0 0 1 1 1
1 P_2 58 58 0 0 0 1 1 1
1 P_2 59 59 0 0 0 1 1 1
1 P_2 60 60 0 0 0 1 1 1
1 P_2 61 61 0 0 0 1 1 1
1 P_2 62 62 0 0 0 1 1 1
1 P_2 63 63 0 0 0 1 1 1
1 P_2 64 64 0 0 0 1 1 1
1 P_2 65 65 0 0 0 1 1 1
1 P_2 66 66 0 0 0 1 1 1
1 P_2 67 67 0 0 0 1 1 1
1 P_2 68 68 0 0 0 1 1 1
1 P_2 69 69 0.256363 0.2628 0.269222 1 1 1
1 P_2 70 70 0 0 0 1 1 1
1 P_2 71 71 0 0 0 1 1 1
1 P_2 72 72 0 0 0 1 1 1
1 P_2 73 73 0 0 0 1 1 1
1 P_2 74 74 0 0 0 1 1 1
1 P_2 75 75 0 0 0 1 1 1
1 P_2 76 76 0 0 0 1 1 1
1 P_2 77 77 0 0 0 1 1 1
1 P_2 78 78 0 0 0 1 1 1
1 P_2 79 79 0 0 0 1 1 1
1 P_2 80 80 0.256363 0.2628 0.269222 1 1 1
1 P_2 81 81 0 0 0 1 1 1
1 P_2 82 82 0.5 0.5 0.5 1 1 1
1 P_2 83 83 0 0 0 1 1 1
1 P_2 84 84 0.256363 0.2628 0.269222 1 1 1
1 P_2 85 85 0 0 0 1 1 1
1 P_2 86 86 0 0 0 1 1 1
1 P_2 87 87 0 0 0 1 1 1
1 P_2 88 88 0 0 0 1 1 1
1 P_2 89 89 0 0 0 1 1 1
1 P_2 90 90 0 0 0 1 1 1
1 P_2 91 91 0.5 0.5 0.5 1 1 1
1 P_2 92 92 0 0 0 1 1 1
1 P_2 93 93 0 0 0 1 1 1
1 P_2 94 94 0.2308275 0.23725 0.243687 1 1 1
1 P_2 95 95 0 0 0 1 1 1
1 P_2 96 96 0 0 0 1 1 1
1 P_2 97 97 0 0 0 1 1 1
1 P_2 98 98 0 0 0 1 1 1
1 P_2 99 99 0 0 0 1 1 1
2 P_4 0 0 0 0 0 1 1 1
2 P_4 1 1 0 0 0 1 1 1
2 P_4 2 2 0.338788 0.3448 0.350703 1 1 1
2 P_4 3 3 0 0 0 1 1 1
2 P_4 4 4 0 0 0 1 1 1
2 P_4 5 5 0 0 0 1 1 1
2 P_4 6 6 0 0 0 1 1 1
2 P_4 7 7 0.5 0.5 0.5 1 1 1
2 P_4 8 8 0 0 0 1 1 1
2 P_4 9 9 0.5 0.5 0.5 1 1 1
2 P_4 10 10 0 0 0 1 1 1
2 P_4 11 11 0 0 0 1 1 1
2 P_4 12 12 0 0 0 1 1 1
2 P_4 13 13 0 0 0 1 1 1
2 P_4 14 14 0 0 0 1 1 1
2 P_4 15 15 0 0 0 1 1 1
2 P_4 16 16 0 0 0 1 1 1
2 P_4 17 17 0 0 0 1 1 1
2 P_4 18 18 0 0 0 1 1 1
2 P_4 19 19 0 0 0 1 1 1
2 P_4 20 20 0 0 0 1 1 1
2 P_4 21 21 0 0 0 1 1 1
2 P_4 22 22 0.5 0.5 0.5 1 1 1
2 P_4 23 23 0 0 0 1 1 1
2 P_4 24 24 0.338788 0.3448 0.350703 1 1 1
2 P_4 25 25 0 0 0 1 1 1
2 P_4 26 26 0 0 0 1 1 1
2 P_4 27 27 0 0 0 1 1 1
2 P_4 28 28 0 0 0 1 1 1
2 P_4 29 29 0 0 0 1 1 1
2 P_4 30 30 0 0 0 1 1 1
2 P_4 31 31 0 0 0 1 1 1
2 P_4 32 32 0 0 0 1 1 1
2 P_4 33 33 0 0 0 1 1 1
2 P_4 34 34 0 0 0 1 1 1
2 P_4 35 35 0 0 0 1 1 1
2 P_4 36 36 0 0 0 1 1 1
2 P_4 37 37 0.1493465 0.15525 0.1612625 1 1 1
2 P_4 38 38 0 0 0 1 1 1
2 P_4 39 39 0.1493465 0.15525 0.1612625 1 1 1
2 P_4 40 40 0 0 0 1 1 1
2 P_4 41 41 0 0 0 1 1 1
2 P_4 42 42 0 0 0 1 1 1
2 P_4 43 43 0 0 0 1 1 1
2 P_4 44 44 0 0 0 1 1 1
2 P_4 45 45 0 0 0 1 1 1
2 P_4 46 46 0 0 0 1 1 1
2 P_4 47 47 0 0 0 1 1 1
2 P_4 48 48 0.338788 0.3448 0.350703 1 1 1
2 P_4 49 49 0.338788 0.3448 0.350703 1 1 1
2 P_4 50 50 0 0 0 1 1 1
2 P_4 51 51 0 0 0 1 1 1
2 P_4 52 52 0.338788 0.3448 0.350703 1 1 1
2 P_4 53 53 0 0 0 1 1 1
2 P_4 54 54 0 0 0 1 1 1
2 P_4 55 55 0 0 0 1 1 1
2 P_4 56 56 0 0 0 1 1 1
2 P_4 57 57 0.1493465 0.15525 0.1612625 1 1 1
2 P_4 58 58 0 0 0 1 1 1
2 P_4 59 59 0 0 0 1 1 1
2 P_4 60 60 0 0 0 1 1 1
2 P_4 61 61 0 0 0 1 1 1
2 P_4 62 62 0 0 0 1 1 1
2 P_4 63 63 0 0 0 1 1 1
2 P_4 64 64 0 0 0 1 1 1
2 P_4 65 65 0.1493465 0.15525 0.1612625 1 1 1
2 P_4 66 66 0 0 0 1 1 1
2 P_4 67 67 0 0 0 1 1 1
2 P_4 68 68 0 0 0 1 1 1
2 P_4 69 69 0 0 0 1 1 1
2 P_4 70 70 0 0 0 1 1 1
2 P_4 71 71 0 0 0 1 1 1
2 P_4 72 72 0 0 0 1 1 1
2 P_4 73 73 0 0 0 1 1 1
2 P_4 74 74 0.1493465 0.15525 0.1612625 1 1 1
2 P_4 75 75 0 0 0 1 1 1
2 P_4 76 76 0 0 0 1 1 1
2 P_4 77 77 0 0 0 1 1 1
2 P_4 78 78 0 0 0 1 1 1
2 P_4 79 79 0 0 0 1 1 1
2 P_4 80 80 0 0 0 1 1 1
2 P_4 81 81 0 0 0 1 1 1
2 P_4 82 82 0.5 0.5 0.5 1 1 1
2 P_4 83 83 0.338788 0.3448 0.350703 1 1 1
2 P_4 84 84 0 0 0 1 1 1
2 P_4 85 85 0.338788 0.3448 0.350703 1 1 1
2 P_4 86 86 0 0 0 1 1 1
2 P_4 87 87 0.1493465 0.15525 0.1612625 1 1 1
2 P_4 88 88 0 0 0 1 1 1
2 P_4 89 89 0 0 0 1 1 1
2 P_4 90 90 0.338788 0.3448 0.350703 1 1 1
2 P_4 91 91 0.5 0.5 0.5 1 1 1
2 P_4 92 92 0 0 0 1 1 1
2 P_4 93 93 0 0 0 1 1 1
2 P_4 94 94 0.1493465 0.15525 0.1612625 1 1 1
2 P_4 95 95 0 0 0 1 1 1
2 P_4 96 96 0 0 0 1 1 1
2 P_4 97 97 0 0 0 1 1 1
2 P_4 98 98 0 0 0 1 1 1
2 P_4 99 99 0 0 0 1 1 1
3 P_5 0 0 0 0 0 1 1 1
3 P_5 1 1 0.5 0.5 0.5 1 1 1
3 P_5 2 2 0 0 0 1 1 1
3 P_5 3 3 0.5 0.5 0.5 1 1 1
3 P_5 4 4 0.5 0.5 0.5 1 1 1
3 P_5 5 5 0.5 0.5 0.5 1 1 1
3 P_5 6 6 0 0 0 1 1 1
3 P_5 7 7 0.5 0.5 0.5 1 1 1
3 P_5 8 8 0.5 0.5 0.5 1 1 1
3 P_5 9 9 0.5 0.5 0.5 1 1 1
3 P_5 10 10 0.5 0.5 0.5 1 1 1
3 P_5 11 11 0 0 0 1 1 1
3 P_5 12 12 0.5 0.5 0.5 1 1 1
3 P_5 13 13 0.5 0.5 0.5 1 1 1
3 P_5 14 14 0.5 0.5 0.5 1 1 1
3 P_5 15 15 0.5 0.5 0.5 1 1 1
3 P_5 16 16 0.5 0.5 0.5 1 1 1
3 P_5 17 17 0.5 0.5 0.5 1 1 1
3 P_5 18 18 0.5 0.5 0.5 1 1 1
3 P_5 19 19 0.5 0.5 0.5 1 1 1
3 P_5 20 20 0 0 0 1 1 1
3 P_5 21 21 0 0 0 1 1 1
3 P_5 22 22 0.5 0.5 0.5 1 1 1
3 P_5 23 23 0.5 0.5 0.5 1 1 1
3 P_5 24 24 0 0 0 1 1 1
3 P_5 25 25 0 0 0 1 1 1
3 P_5 26 26 0.5 0.5 0.5 1 1 1
3 P_5 27 27 0.5 0.5 0.5 1 1 1
3 P_5 28 28 0.5 0.5 0.5 1 1 1
3 P_5 29 29 0.5 0.5 0.5 1 1 1
3 P_5 30 30 0.5 0.5 0.5 1 1 1
3 P_5 31 31 0.5 0.5 0.5 1 1 1
3 P_5 32 32 0.5 0.5 0.5 1 1 1
3 P_5 33 33 0 0 0 1 1 1
3 P_5 34 34 0.5 0.5 0.5 1 1 1
3 P_5 35 35 0 0 0 1 1 1
3 P_5 36 36 0.5 0.5 0.5 1 1 1
3 P_5 37 37 0 0 0 1 1 1
3 P_5 38 38 0.5 0.5 0.5 1 1 1
3 P_5 39 39 0.5 0.5 0.5 1 1 1
3 P_5 40 40 0.5 0.5 0.5 1 1 1
3 P_5 41 41 0 0 0 1 1 1
3 P_5 42 42 0.5 0.5 0.5 1 1 1
3 P_5 43 43 0.5 0.5 0.5 1 1 1
3 P_5 44 44 0.5 0.5 0.5 1 1 1
3 P_5 45 45 0.5 0.5 0.5 1 1 1
3 P_5 46 46 0.5 0.5 0.5 1 1 1
3 P_5 47 47 0.5 0.5 0.5 1 1 1
3 P_5 48 48 0 0 0 1 1 1
3 P_5 49 49 0 0 0 1 1 1
3 P_5 50 50 0.5 0.5 0.5 1 1 1
3 P_5 51 51 0 0 0 1 1 1
3 P_5 52 52 0 0 0 1 1 1
3 P_5 53 53 0.5 0.5 0.5 1 1 1
3 P_5 54 54 0.5 0.5 0.5 1 1 1
3 P_5 55 55 0.5 0.5 0.5 1 1 1
3 P_5 56 56 0 0 0 1 1 1
3 P_5 57 57 0 0 0 1 1 1
3 P_5 58 58 0.5 0.5 0.5 1 1 1
3 P_5 59 59 0.5 0.5 0.5 1 1 1
3 P_5 60 60 0.5 0.5 0.5 1 1 1
3 P_5 61 61 0.5 0.5 0.5 1 1 1
3 P_5 62 62 0.5 0.5 0.5 1 1 1
3 P_5 63 63 0 0 0 1 1 1
3 P_5 64 64 0 0 0 1 1 1
3 P_5 65 65 0 0 0 1 1 1
3 P_5 66 66 0.5 0.5 0.5 1 1 1
3 P_5 67 67 0.5 0.5 0.5 1 1 1
3 P_5 68 68 0.5 0.5 0.5 1 1 1
3 P_5 69 69 0 0 0 1 1 1
3 P_5 70 70 0.5 0.5 0.5 1 1 1
3 P_5 71 71 0.5 0.5 0.5 1 1 1
3 P_5 72 72 0.5 0.5 0.5 1 1 1
3 P_5 73 73 0.5 0.5 0.5 1 1 1
3 P_5 74 74 0 0 0 1 1 1
3 P_5 75 75 0 0 0 1 1 1
3 P_5 76 76 0.5 0.5 0.5 1 1 1
3 P_5 77 77 0 0 0 1 1 1
3 P_5 78 78 0.5 0.5 0.5 1 1 1
3 P_5 79 79 0 0 0 1 1 1
3 P_5 80 80 0 0 0 1 1 1
3 P_5 81 81 0.5 0.5 0.5 1 1 1
3 P_5 82 82 0.5 0.5 0.5 1 1 1
3 P_5 83 83 0 0 0 1 1 1
3 P_5 84 84 0 0 0 1 1 1
3 P_5 85 85 0 0 0 1 1 1
3 P_5 86 86 0.5 0.5 0.5 1 1 1
3 P_5 87 87 0 0 0 1 1 1
3 P_5 88 88 0.5 0.5 0.5 1 1 1
3 P_5 89 89 0.5 0.5 0.5 1 1 1
3 P_5 90 90 0 0 0 1 1 1
3 P_5 91 91 0.5 0.5 0.5 1 1 1
3 P_5 92 92 0.5 0.5 0.5 1 1 1
3 P_5 93 93 0.5 0.5 0.5 1 1 1
3 P_5 94 94 0.5 0.5 0.5 1 1 1
3 P_5 95 95 0 0 0 1 1 1
3 P_5 96 96 0.5 0.5 0.5 1 1 1
3 P_5 97 97 0.5 0.5 0.5 1 1 1
3 P_5 98 98 0.5 0.5 0.5 1 1 1
3 P_5 99 99 0.5 0.5 0.5 1 1 1
4 P_0 0 0 0.2140245 0.2204 0.22681 1 1 1
4 P_0 1 1 0.4176375 0.4224 0.426964 1 1 1
4 P_0 2 2 0.073085 0.07765 0.0824135 1 1 1
4 P_0 3 3 0.4176375 0.4224 0.426964 1 1 1
4 P_0 4 4 0.4176375 0.4224 0.426964 1 1 1
4 P_0 5 5 0.4176375 0.4224 0.426964 1 1 1
4 P_0 6 6 0 0 0 1 1 1
4 P_0 7 7 0.5 0.5 0.5 1 1 1
4 P_0 8 8 0.4176375 0.4224 0.426964 1 1 1
4 P_0 9 9 0.5 0.5 0.5 1 1 1
4 P_0 10 10 0.4176375 0.4224 0.426964 1 1 1
4 P_0 11 11 0 0 0 1 1 1
4 P_0 12 12 0.4176375 0.4224 0.426964 1 1 1
4 P_0 13 13 0.4176375 0.4224 0.426964 1 1 1
4 P_0 14 14 0.4176375 0.4224 0.426964 1 1 1
4 P_0 15 15 0.4176375 0.4224 0.426964 1 1 1
4 P_0 16 16 0.4176375 0.4224 0.426964 1 1 1
4 P_0 17 17 0.4176375 0.4224 0.426964 1 1 1
4 P_0 18 18 0.4176375 0.4224 0.426964 1 1 1
4 P_0 19 19 0.4176375 0.4224 0.426964 1 1 1
4 P_0 20 20 0 0 0 1 1 1
4 P_0 21 21 0 0 0 1 1 1
4 P_0 22 22 0.5 0.5 0.5 1 1 1
4 P_0 23 23 0.4176375 0.4224 0.426964 1 1 1
4 P_0 24 24 0.073085 0.07765 0.0824135 1 1 1
4 P_0 25 25 0 0 0 1 1 1
4 P_0 26 26 0.4176375 0.4224 0.426964 1 1 1
4 P_0 27 27 0.4176375 0.4224 0.426964 1 1 1
4 P_0 28 28 0.4176375 0.4224 0.426964 1 1 1
4 P_0 29 29 0.4176375 0.4224 0.426964 1 1 1
4 P_0 30 30 0.4176375 0.4224 0.426964 1 1 1
4 P_0 31 31 0.2140245 0.2204 0.22681 1 1 1
4 P_0 32 32 0.4176375 0.4224 0.426964 1 1 1
4 P_0 33 33 0 0 0 1 1 1
4 P_0 34 34 0.4176375 0.4224 0.426964 1 1 1
4 P_0 35 35 0.2140245 0.2204 0.22681 1 1 1
4 P_0 36 36 0.4176375 0.4224 0.426964 1 1 1
4 P_0 37 37 0 0 0 1 1 1
4 P_0 38 38 0.4176375 0.4224 0.426964 1 1 1
4 P_0 39 39 0.4176375 0.4224 0.426964 1 1 1
4 P_0 40 40 0 0 0 1 1 1
4 P_0 41 41 0.1957095 0.202 0.208346 1 1 1
4 P_0 42 42 0.4176375 0.4224 0.426964 1 1 1
4 P_0 43 43 0.4176375 0.4224 0.426964 1 1 1
4 P_0 44 44 0.4176375 0.4224 0.426964 1 1 1
4 P_0 45 45 0.4176375 0.4224 0.426964 1 1 1
4 P_0 46 46 0.4176375 0.4224 0.426964 1 1 1
4 P_0 47 47 0.4176375 0.4224 0.426964 1 1 1
4 P_0 48 48 0.073085 0.07765 0.0824135 1 1 1
4 P_0 49 49 0.073085 0.07765 0.0824135 1 1 1
4 P_0 50 50 0.4176375 0.4224 0.426964 1 1 1
4 P_0 51 51 0 0 0 1 1 1
4 P_0 52 52 0.073085 0.07765 0.0824135 1 1 1
4 P_0 53 53 0.4176375 0.4224 0.426964 1 1 1
4 P_0 54 54 0.4176375 0.4224 0.426964 1 1 1
4 P_0 55 55 0.2140245 0.2204 0.22681 1 1 1
4 P_0 56 56 0.2140245 0.2204 0.22681 1 1 1
4 P_0 57 57 0 0 0 1 1 1
4 P_0 58 58 0.4176375 0.4224 0.426964 1 1 1
4 P_0 59 59 0.4176375 0.4224 0.426964 1 1 1
4 P_0 60 60 0.4176375 0.4224 0.426964 1 1 1
4 P_0 61 61 0.4176375 0.4224 0.426964 1 1 1
4 P_0 62 62 0.4176375 0.4224 0.426964 1 1 1
4 P_0 63 63 0.2140245 0.2204 0.22681 1 1 1
4 P_0 64 64 0.2140245 0.2204 0.22681 1 1 1
4 P_0 65 65 0 0 0 1 1 1
4 P_0 66 66 0.4176375 0.4224 0.426964 1 1 1
4 P_0 67 67 0.4176375 0.4224 0.426964 1 1 1
4 P_0 68 68 0.4176375 0.4224 0.426964 1 1 1
4 P_0 69 69 0 0 0 1 1 1
4 P_0 70 70 0.4176375 0.4224 0.426964 1 1 1
4 P_0 71 71 0.4176375 0.4224 0.426964 1 1 1
4 P_0 72 72 0.4176375 0.4224 0.426964 1 1 1
4 P_0 73 73 0.4176375 0.4224 0.426964 1 1 1
4 P_0 74 74 0 0 0 1 1 1
4 P_0 75 75 0.1957095 0.202 0.208346 1 1 1
4 P_0 76 76 0.4176375 0.4224 0.426964 1 1 1
4 P_0 77 77 0.1957095 0.202 0.208346 1 1 1
4 P_0 78 78 0.4176375 0.4224 0.426964 1 1 1
4 P_0 79 79 0 0 0 1 1 1
4 P_0 80 80 0 0 0 1 1 1
4 P_0 81 81 0.4176375 0.4224 0.426964 1 1 1
4 P_0 82 82 0.5 0.5 0.5 1 1 1
4 P_0 83 83 0.073085 0.07765 0.0824135 1 1 1
4 P_0 84 84 0 0 0 1 1 1
4 P_0 85 85 0.073085 0.07765 0.0824135 1 1 1
4 P_0 86 86 0.4176375 0.4224 0.426964 1 1 1
4 P_0 87 87 0 0 0 1 1 1
4 P_0 88 88 0.4176375 0.4224 0.426964 1 1 1
4 P_0 89 89 0.4176375 0.4224 0.426964 1 1 1
4 P_0 90 90 0.073085 0.07765 0.0824135 1 1 1
4 P_0 91 91 0.5 0.5 0.5 1 1 1
4 P_0 92 92 0.4176375 0.4224 0.426964 1 1 1
4 P_0 93 93 0.4176375 0.4224 0.426964 1 1 1
4 P_0 94 94 0.4176375 0.4224 0.426964 1 1 1
4 P_0 95 95 0.1957095 0.202 0.208346 1 1 1
4 P_0 96 96 0.2140245 0.2204 0.22681 1 1 1
4 P_0 97 97 0.4176375 0.4224 0.426964 1 1 1
4 P_0 98 98 0.4176375 0.4224 0.426964 1 1 1
4 P_0 99 99 0.4176375 0.4224 0.426964 1 1 1
