2 #m
45 #n
0 P_5 0 0 0.3042685 0.31055 0.3167615 1 1 1
0 P_5 1 1 0 0 0 1 1 1
0 P_5 2 2 0.3042685 0.31055 0.3167615 1 1 1
0 P_5 3 3 0.3042685 0.31055 0.3167615 1 1 1
0 P_5 4 4 0 0 0 1 1 1
0 P_5 5 5 0 0 0 1 1 1
0 P_5 6 6 0 0 0 1 1 1
0 P_5 7 7 0 0 0 1 1 1
0 P_5 8 8 0 0 0 1 1 1
0 P_5 9 9 0 0 0 1 1 1
0 P_5 10 10 0 0 0 1 1 1
0 P_5 11 11 0 0 0 1 1 1
0 P_5 12 12 0.183288 0.1895 0.1957815 1 1 1
0 P_5 13 13 0 0 0 1 1 1
0 P_5 14 14 0 0 0 1 1 1
0 P_5 15 15 0 0 0 1 1 1
0 P_5 16 16 0.5 0.5 0.5 1 1 1
0 P_5 17 17 0 0 0 1 1 1
0 P_5 18 18 0 0 0 1 1 1
0 P_5 19 19 0 0 0 1 1 1
0 P_5 20 20 0 0 0 1 1 1
0 P_5 21 21 0 0 0 1 1 1
0 P_5 22 22 0 0 0 1 1 1
0 P_5 23 23 0.183288 0.1895 0.1957815 1 1 1
0 P_5 24 24 0 0 0 1 1 1
0 P_5 25 25 0.183288 0.1895 0.1957815 1 1 1
0 P_5 26 26 0 0 0 1 1 1
0 P_5 27 27 0.183288 0.1895 0.1957815 1 1 1
0 P_5 28 28 0 0 0 1 1 1
0 P_5 29 29 0 0 0 1 1 1
0 P_5 30 30 0 0 0 1 1 1
0 P_5 31 31 0 0 0 1 1 1
0 P_5 32 32 0 0 0 1 1 1
0 P_5 33 33 0 0 0 1 1 1
0 P_5 34 34 0 0 0 1 1 1
0 P_5 35 35 0 0 0 1 1 1
0 P_5 36 36 0.183288 0.1895 0.1957815 1 1 1
0 P_5 37 37 0 0 0 1 1 1
0 P_5 38 38 0 0 0 1 1 1
0 P_5 39 39 0 0 0 1 1 1
0 P_5 40 40 0 0 0 1 1 1
0 P_5 41 41 0 0 0 1 1 1
0 P_5 42 42 0 0 0 1 1 1
0 P_5 43 43 0 0 0 1 1 1
0 P_5 44 44 0 0 0 1 1 1
1 P_9 0 0 0 0 0 1 1 1
1 P_9 1 1 0.4313845 0.4358 0.4400015 1 1 1
1 P_9 2 2 0 0 0 1 1 1
1 P_9 3 3 0 0 0 1 1 1
1 P_9 4 4 0 0 0 1 1 1
1 P_9 5 5 0 0 0 1 1 1
1 P_9 6 6 0 0 0 1 1 1
1 P_9 7 7 0 0 0 1 1 1
1 P_9 8 8 0 0 0 1 1 1
1 P_9 9 9 0 0 0 1 1 1
1 P_9 10 10 0 0 0 1 1 1
1 P_9 11 11 0 0 0 1 1 1
1 P_9 12 12 0 0 0 1 1 1
1 P_9 13 13 0.4313845 0.4358 0.4400015 1 1 1
1 P_9 14 14 0 0 0 1 1 1
1 P_9 15 15 0.060047 0.06425 0.068667 1 1 1
1 P_9 16 16 0.5 0.5 0.5 1 1 1
1 P_9 17 17 0 0 0 1 1 1
1 P_9 18 18 0 0 0 1 1 1
1 P_9 19 19 0 0 0 1 1 1
1 P_9 20 20 0.060047 0.06425 0.068667 1 1 1
1 P_9 21 21 0.4313845 0.4358 0.4400015 1 1 1
1 P_9 22 22 0.060047 0.06425 0.068667 1 1 1
1 P_9 23 23 0 0 0 1 1 1
1 P_9 24 24 0.4313845 0.4358 0.4400015 1 1 1
1 P_9 25 25 0 0 0 1 1 1
1 P_9 26 26 0.4313845 0.4358 0.4400015 1 1 1
1 P_9 27 27 0 0 0 1 1 1
1 P_9 28 28 0 0 0 1 1 1
1 P_9 29 29 0 0 0 1 1 1
1 P_9 30 30 0 0 0 1 1 1
1 P_9 31 31 0.060047 0.06425 0.068667 1 1 1
1 P_9 32 32 0 0 0 1 1 1
1 P_9 33 33 0.4313845 0.4358 0.4400015 1 1 1
1 P_9 34 34 0 0 0 1 1 1
1 P_9 35 35 0 0 0 1 1 1
1 P_9 36 36 0 0 0 1 1 1
1 P_9 37 37 0 0 0 1 1 1
1 P_9 38 38 0 0 0 1 1 1
1 P_9 39 39 0.4313845 0.4358 0.4400015 1 1 1
1 P_9 40 40 0.060047 0.06425 0.068667 1 1 1
1 P_9 41 41 0.4313845 0.4358 0.4400015 1 1 1
1 P_9 42 42 0.4313845 0.4358 0.4400015 1 1 1
1 P_9 43 43 0.060047 0.06425 0.068667 1 1 1
1 P_9 44 44 0 0 0 1 1 1
