5 #m
10 #n
0 P_7 0 0 0.5 0.5 0.5 1 1 1
0 P_7 1 1 0.072298 0.08689024390243902 0.103383 1 1 1
0 P_7 2 2 0.072111 0.0863066538090646 0.1023125 1 1 1
0 P_7 3 3 0 0 0 1 1 1
0 P_7 4 4 0.0657095 0.07993730407523511 0.096202 1 1 1
0 P_7 5 5 0 0 0 1 1 1
0 P_7 6 6 0.081103 0.09615384615384616 0.1129445 1 1 1
0 P_7 7 7 0.0742095 0.08882235528942116 0.10528 1 1 1
0 P_7 8 8 0.1493285 0.16839378238341968 0.188429 1 1 1
0 P_7 9 9 0.0750635 0.08969276511397423 0.106144 1 1 1
1 P_5 0 0 0.5 0.5 0.5 1 1 1
1 P_5 1 1 0.1259335 0.14404145077720207 0.1634085 1 1 1
1 P_5 2 2 0.12645700000000001 0.14396135265700483 0.162641 1 1 1
1 P_5 3 3 0 0 0 1 1 1
1 P_5 4 4 0.128974 0.14682539682539683 0.1658505 1 1 1
1 P_5 5 5 0 0 0 1 1 1
1 P_5 6 6 0.1392105 0.15778688524590165 0.1774465 1 1 1
1 P_5 7 7 0.121137 0.1390625 0.158313 1 1 1
1 P_5 8 8 0.127463 0.14527363184079603 0.1642795 1 1 1
1 P_5 9 9 0.111136 0.12849740932642487 0.1473025 1 1 1
2 P_9 0 0 0.5 0.5 0.5 1 1 1
2 P_9 1 1 0.091508 0.1075050709939148 0.125159 1 1 1
2 P_9 2 2 0 0 0 1 1 1
2 P_9 3 3 0 0 0 1 1 1
2 P_9 4 4 0.0958015 0.11188118811881188 0.129529 1 1 1
2 P_9 5 5 0.129358 0.1474164133738602 0.1666665 1 1 1
2 P_9 6 6 0.091793 0.10783316378433368 0.125532 1 1 1
2 P_9 7 7 0.0942555 0.11038306451612903 0.1281245 1 1 1
2 P_9 8 8 0.084936 0.10040160642570281 0.1175895 1 1 1
2 P_9 9 9 0.0894095 0.10528992878942015 0.122858 1 1 1
3 P_2 0 0 0.5 0.5 0.5 1 1 1
3 P_2 1 1 0 0 0 1 1 1
3 P_2 2 2 0 0 0 1 1 1
3 P_2 3 3 0 0 0 1 1 1
3 P_2 4 4 0 0 0 1 1 1
3 P_2 5 5 0 0 0 1 1 1
3 P_2 6 6 0 0 0 1 1 1
3 P_2 7 7 0 0 0 1 1 1
3 P_2 8 8 0 0 0 1 1 1
3 P_2 9 9 0 0 0 1 1 1
4 P_1 0 0 0.5 0.5 0.5 1 1 1
4 P_1 1 1 0.2125045 0.23279352226720648 0.2532825 1 1 1
4 P_1 2 2 0.234246 0.25363636363636366 0.272989 1 1 1
4 P_1 3 3 0 0 0 1 1 1
4 P_1 4 4 0.2267875 0.24741735537190082 0.268078 1 1 1
4 P_1 5 5 0 0 0 1 1 1
4 P_1 6 6 0.2151775 0.23532338308457712 0.255637 1 1 1
4 P_1 7 7 0.2320215 0.25191570881226055 0.2717885 1 1 1
4 P_1 8 8 0.230965 0.250968992248062 0.2709625 1 1 1
4 P_1 9 9 0.2330155 0.25253456221198156 0.2720265 1 1 1
