2 #m
542 #n
0 P_0 0 0 0 0 0 1 1 1
0 P_0 1 1 0.3473775 0.3533 0.3591035 1 1 1
0 P_0 2 2 0.3473775 0.3533 0.3591035 1 1 1
0 P_0 3 3 0.3473775 0.3533 0.3591035 1 1 1
0 P_0 4 4 0.0849 0.08975 0.0947845 1 1 1
0 P_0 5 5 0.3473775 0.3533 0.3591035 1 1 1
0 P_0 6 6 0.3473775 0.3533 0.3591035 1 1 1
0 P_0 7 7 0.3473775 0.3533 0.3591035 1 1 1
0 P_0 8 8 0.0849 0.08975 0.0947845 1 1 1
0 P_0 9 9 0.3473775 0.3533 0.3591035 1 1 1
0 P_0 10 10 0 0 0 1 1 1
0 P_0 11 11 0.3473775 0.3533 0.3591035 1 1 1
0 P_0 12 12 0 0 0 1 1 1
0 P_0 13 13 0.3473775 0.3533 0.3591035 1 1 1
0 P_0 14 14 0.3473775 0.3533 0.3591035 1 1 1
0 P_0 15 15 0 0 0 1 1 1
0 P_0 16 16 0.3473775 0.3533 0.3591035 1 1 1
0 P_0 17 17 0.3473775 0.3533 0.3591035 1 1 1
0 P_0 18 18 0.3473775 0.3533 0.3591035 1 1 1
0 P_0 19 19 0.3473775 0.3533 0.3591035 1 1 1
0 P_0 20 20 0.3473775 0.3533 0.3591035 1 1 1
0 P_0 21 21 0.3473775 0.3533 0.3591035 1 1 1
0 P_0 22 22 0.3473775 0.3533 0.3591035 1 1 1
0 P_0 23 23 0.3473775 0.3533 0.3591035 1 1 1
0 P_0 24 24 0.3473775 0.3533 0.3591035 1 1 1
0 P_0 25 25 0.3473775 0.3533 0.3591035 1 1 1
0 P_0 26 26 0.3473775 0.3533 0.3591035 1 1 1
0 P_0 27 27 0 0 0 1 1 1
0 P_0 28 28 0.3473775 0.3533 0.3591035 1 1 1
0 P_0 29 29 0.3473775 0.3533 0.3591035 1 1 1
0 P_0 30 30 0.3473775 0.3533 0.3591035 1 1 1
0 P_0 31 31 0.3473775 0.3533 0.3591035 1 1 1
0 P_0 32 32 0.3473775 0.3533 0.3591035 1 1 1
0 P_0 33 33 0.0849 0.08975 0.0947845 1 1 1
0 P_0 34 34 0.3473775 0.3533 0.3591035 1 1 1
0 P_0 35 35 0.3473775 0.3533 0.3591035 1 1 1
0 P_0 36 36 0.3473775 0.3533 0.3591035 1 1 1
0 P_0 37 37 0.3473775 0.3533 0.3591035 1 1 1
0 P_0 38 38 0.3473775 0.3533 0.3591035 1 1 1
0 P_0 39 39 0.3473775 0.3533 0.3591035 1 1 1
0 P_0 40 40 0.140946 0.14675 0.152673 1 1 1
0 P_0 41 41 0.3473775 0.3533 0.3591035 1 1 1
0 P_0 42 42 0.3473775 0.3533 0.3591035 1 1 1
0 P_0 43 43 0.3473775 0.3533 0.3591035 1 1 1
0 P_0 44 44 0.3473775 0.3533 0.3591035 1 1 1
0 P_0 45 45 0.3473775 0.3533 0.3591035 1 1 1
0 P_0 46 46 0.3473775 0.3533 0.3591035 1 1 1
0 P_0 47 47 0 0 0 1 1 1
0 P_0 48 48 0.3473775 0.3533 0.3591035 1 1 1
0 P_0 49 49 0.3473775 0.3533 0.3591035 1 1 1
0 P_0 50 50 0.3473775 0.3533 0.3591035 1 1 1
0 P_0 51 51 0.3473775 0.3533 0.3591035 1 1 1
0 P_0 52 52 0.0849 0.08975 0.0947845 1 1 1
0 P_0 53 53 0.3473775 0.3533 0.3591035 1 1 1
0 P_0 54 54 0.3473775 0.3533 0.3591035 1 1 1
0 P_0 55 55 0.3473775 0.3533 0.3591035 1 1 1
0 P_0 56 56 0 0 0 1 1 1
0 P_0 57 57 0.140946 0.14675 0.152673 1 1 1
0 P_0 58 58 0 0 0 1 1 1
0 P_0 59 59 0.3473775 0.3533 0.3591035 1 1 1
0 P_0 60 60 0.3473775 0.3533 0.3591035 1 1 1
0 P_0 61 61 0.3473775 0.3533 0.3591035 1 1 1
0 P_0 62 62 0 0 0 1 1 1
0 P_0 63 63 0.3473775 0.3533 0.3591035 1 1 1
0 P_0 64 64 0 0 0 1 1 1
0 P_0 65 65 0.3473775 0.3533 0.3591035 1 1 1
0 P_0 66 66 0.3473775 0.3533 0.3591035 1 1 1
0 P_0 67 67 0.3473775 0.3533 0.3591035 1 1 1
0 P_0 68 68 0.053066 0.05705 0.061256 1 1 1
0 P_0 69 69 0.3473775 0.3533 0.3591035 1 1 1
0 P_0 70 70 0.3473775 0.3533 0.3591035 1 1 1
0 P_0 71 71 0.3473775 0.3533 0.3591035 1 1 1
0 P_0 72 72 0 0 0 1 1 1
0 P_0 73 73 0 0 0 1 1 1
0 P_0 74 74 0.3473775 0.3533 0.3591035 1 1 1
0 P_0 75 75 0.3473775 0.3533 0.3591035 1 1 1
0 P_0 76 76 0.3473775 0.3533 0.3591035 1 1 1
0 P_0 77 77 0.3473775 0.3533 0.3591035 1 1 1
0 P_0 78 78 0.3473775 0.3533 0.3591035 1 1 1
0 P_0 79 79 0.3473775 0.3533 0.3591035 1 1 1
0 P_0 80 80 0.3473775 0.3533 0.3591035 1 1 1
0 P_0 81 81 0.3473775 0.3533 0.3591035 1 1 1
0 P_0 82 82 0 0 0 1 1 1
0 P_0 83 83 0 0 0 1 1 1
0 P_0 84 84 0.3473775 0.3533 0.3591035 1 1 1
0 P_0 85 85 0 0 0 1 1 1
0 P_0 86 86 0.3473775 0.3533 0.3591035 1 1 1
0 P_0 87 87 0.3473775 0.3533 0.3591035 1 1 1
0 P_0 88 88 0.3473775 0.3533 0.3591035 1 1 1
0 P_0 89 89 0 0 0 1 1 1
0 P_0 90 90 0 0 0 1 1 1
0 P_0 91 91 0 0 0 1 1 1
0 P_0 92 92 0.053066 0.05705 0.061256 1 1 1
0 P_0 93 93 0.3473775 0.3533 0.3591035 1 1 1
0 P_0 94 94 0.3473775 0.3533 0.3591035 1 1 1
0 P_0 95 95 0.3473775 0.3533 0.3591035 1 1 1
0 P_0 96 96 0.3473775 0.3533 0.3591035 1 1 1
0 P_0 97 97 0.3473775 0.3533 0.3591035 1 1 1
0 P_0 98 98 0 0 0 1 1 1
0 P_0 99 99 0.3473775 0.3533 0.3591035 1 1 1
0 P_0 100 100 0.3473775 0.3533 0.3591035 1 1 1
0 P_0 101 101 0 0 0 1 1 1
0 P_0 102 102 0 0 0 1 1 1
0 P_0 103 103 0.3473775 0.3533 0.3591035 1 1 1
0 P_0 104 104 0.3473775 0.3533 0.3591035 1 1 1
0 P_0 105 105 0 0 0 1 1 1
0 P_0 106 106 0.3473775 0.3533 0.3591035 1 1 1
0 P_0 107 107 0.3473775 0.3533 0.3591035 1 1 1
0 P_0 108 108 0.3473775 0.3533 0.3591035 1 1 1
0 P_0 109 109 0.3473775 0.3533 0.3591035 1 1 1
0 P_0 110 110 0.3473775 0.3533 0.3591035 1 1 1
0 P_0 111 111 0.3473775 0.3533 0.3591035 1 1 1
0 P_0 112 112 0 0 0 1 1 1
0 P_0 113 113 0.3473775 0.3533 0.3591035 1 1 1
0 P_0 114 114 0.140946 0.14675 0.152673 1 1 1
0 P_0 115 115 0.3473775 0.3533 0.3591035 1 1 1
0 P_0 116 116 0.3473775 0.3533 0.3591035 1 1 1
0 P_0 117 117 0 0 0 1 1 1
0 P_0 118 118 0.3473775 0.3533 0.3591035 1 1 1
0 P_0 119 119 0.3473775 0.3533 0.3591035 1 1 1
0 P_0 120 120 0.3473775 0.3533 0.3591035 1 1 1
0 P_0 121 121 0 0 0 1 1 1
0 P_0 122 122 0.3473775 0.3533 0.3591035 1 1 1
0 P_0 123 123 0.3473775 0.3533 0.3591035 1 1 1
0 P_0 124 124 0.3473775 0.3533 0.3591035 1 1 1
0 P_0 125 125 0.3473775 0.3533 0.3591035 1 1 1
0 P_0 126 126 0.3473775 0.3533 0.3591035 1 1 1
0 P_0 127 127 0.3473775 0.3533 0.3591035 1 1 1
0 P_0 128 128 0.3473775 0.3533 0.3591035 1 1 1
0 P_0 129 129 0.3473775 0.3533 0.3591035 1 1 1
0 P_0 130 130 0.3473775 0.3533 0.3591035 1 1 1
0 P_0 131 131 0.3473775 0.3533 0.3591035 1 1 1
0 P_0 132 132 0 0 0 1 1 1
0 P_0 133 133 0.053066 0.05705 0.061256 1 1 1
0 P_0 134 134 0 0 0 1 1 1
0 P_0 135 135 0.3473775 0.3533 0.3591035 1 1 1
0 P_0 136 136 0.3473775 0.3533 0.3591035 1 1 1
0 P_0 137 137 0.3473775 0.3533 0.3591035 1 1 1
0 P_0 138 138 0 0 0 1 1 1
0 P_0 139 139 0.3473775 0.3533 0.3591035 1 1 1
0 P_0 140 140 0.3473775 0.3533 0.3591035 1 1 1
0 P_0 141 141 0.3473775 0.3533 0.3591035 1 1 1
0 P_0 142 142 0 0 0 1 1 1
0 P_0 143 143 0.3473775 0.3533 0.3591035 1 1 1
0 P_0 144 144 0.140946 0.14675 0.152673 1 1 1
0 P_0 145 145 0 0 0 1 1 1
0 P_0 146 146 0.3473775 0.3533 0.3591035 1 1 1
0 P_0 147 147 0.140946 0.14675 0.152673 1 1 1
0 P_0 148 148 0.3473775 0.3533 0.3591035 1 1 1
0 P_0 149 149 0.3473775 0.3533 0.3591035 1 1 1
0 P_0 150 150 0.3473775 0.3533 0.3591035 1 1 1
0 P_0 151 151 0.3473775 0.3533 0.3591035 1 1 1
0 P_0 152 152 0.3473775 0.3533 0.3591035 1 1 1
0 P_0 153 153 0.3473775 0.3533 0.3591035 1 1 1
0 P_0 154 154 0.3473775 0.3533 0.3591035 1 1 1
0 P_0 155 155 0.3473775 0.3533 0.3591035 1 1 1
0 P_0 156 156 0.3473775 0.3533 0.3591035 1 1 1
0 P_0 157 157 0.3473775 0.3533 0.3591035 1 1 1
0 P_0 158 158 0.3473775 0.3533 0.3591035 1 1 1
0 P_0 159 159 0.3473775 0.3533 0.3591035 1 1 1
0 P_0 160 160 0.3473775 0.3533 0.3591035 1 1 1
0 P_0 161 161 0.3473775 0.3533 0.3591035 1 1 1
0 P_0 162 162 0.3473775 0.3533 0.3591035 1 1 1
0 P_0 163 163 0.3473775 0.3533 0.3591035 1 1 1
0 P_0 164 164 0.3473775 0.3533 0.3591035 1 1 1
0 P_0 165 165 0.3473775 0.3533 0.3591035 1 1 1
0 P_0 166 166 0.3473775 0.3533 0.3591035 1 1 1
0 P_0 167 167 0 0 0 1 1 1
0 P_0 168 168 0.3473775 0.3533 0.3591035 1 1 1
0 P_0 169 169 0.3473775 0.3533 0.3591035 1 1 1
0 P_0 170 170 0.3473775 0.3533 0.3591035 1 1 1
0 P_0 171 171 0.3473775 0.3533 0.3591035 1 1 1
0 P_0 172 172 0.3473775 0.3533 0.3591035 1 1 1
0 P_0 173 173 0.3473775 0.3533 0.3591035 1 1 1
0 P_0 174 174 0.3473775 0.3533 0.3591035 1 1 1
0 P_0 175 175 0.3473775 0.3533 0.3591035 1 1 1
0 P_0 176 176 0.3473775 0.3533 0.3591035 1 1 1
0 P_0 177 177 0 0 0 1 1 1
0 P_0 178 178 0 0 0 1 1 1
0 P_0 179 179 0.3473775 0.3533 0.3591035 1 1 1
0 P_0 180 180 0.3473775 0.3533 0.3591035 1 1 1
0 P_0 181 181 0.3473775 0.3533 0.3591035 1 1 1
0 P_0 182 182 0.3473775 0.3533 0.3591035 1 1 1
0 P_0 183 183 0.3473775 0.3533 0.3591035 1 1 1
0 P_0 184 184 0.3473775 0.3533 0.3591035 1 1 1
0 P_0 185 185 0.3473775 0.3533 0.3591035 1 1 1
0 P_0 186 186 0.3473775 0.3533 0.3591035 1 1 1
0 P_0 187 187 0.3473775 0.3533 0.3591035 1 1 1
0 P_0 188 188 0 0 0 1 1 1
0 P_0 189 189 0.3473775 0.3533 0.3591035 1 1 1
0 P_0 190 190 0 0 0 1 1 1
0 P_0 191 191 0.3473775 0.3533 0.3591035 1 1 1
0 P_0 192 192 0.3473775 0.3533 0.3591035 1 1 1
0 P_0 193 193 0 0 0 1 1 1
0 P_0 194 194 0 0 0 1 1 1
0 P_0 195 195 0.3473775 0.3533 0.3591035 1 1 1
0 P_0 196 196 0.3473775 0.3533 0.3591035 1 1 1
0 P_0 197 197 0.3473775 0.3533 0.3591035 1 1 1
0 P_0 198 198 0 0 0 1 1 1
0 P_0 199 199 0.3473775 0.3533 0.3591035 1 1 1
0 P_0 200 200 0 0 0 1 1 1
0 P_0 201 201 0.3473775 0.3533 0.3591035 1 1 1
0 P_0 202 202 0.140946 0.14675 0.152673 1 1 1
0 P_0 203 203 0.3473775 0.3533 0.3591035 1 1 1
0 P_0 204 204 0.3473775 0.3533 0.3591035 1 1 1
0 P_0 205 205 0.3473775 0.3533 0.3591035 1 1 1
0 P_0 206 206 0 0 0 1 1 1
0 P_0 207 207 0.3473775 0.3533 0.3591035 1 1 1
0 P_0 208 208 0.3473775 0.3533 0.3591035 1 1 1
0 P_0 209 209 0.3473775 0.3533 0.3591035 1 1 1
0 P_0 210 210 0.3473775 0.3533 0.3591035 1 1 1
0 P_0 211 211 0.3473775 0.3533 0.3591035 1 1 1
0 P_0 212 212 0.3473775 0.3533 0.3591035 1 1 1
0 P_0 213 213 0.3473775 0.3533 0.3591035 1 1 1
0 P_0 214 214 0.3473775 0.3533 0.3591035 1 1 1
0 P_0 215 215 0.053066 0.05705 0.061256 1 1 1
0 P_0 216 216 0.3473775 0.3533 0.3591035 1 1 1
0 P_0 217 217 0.3473775 0.3533 0.3591035 1 1 1
0 P_0 218 218 0.3473775 0.3533 0.3591035 1 1 1
0 P_0 219 219 0 0 0 1 1 1
0 P_0 220 220 0 0 0 1 1 1
0 P_0 221 221 0 0 0 1 1 1
0 P_0 222 222 0.3473775 0.3533 0.3591035 1 1 1
0 P_0 223 223 0.3473775 0.3533 0.3591035 1 1 1
0 P_0 224 224 0 0 0 1 1 1
0 P_0 225 225 0.3473775 0.3533 0.3591035 1 1 1
0 P_0 226 226 0.3473775 0.3533 0.3591035 1 1 1
0 P_0 227 227 0.3473775 0.3533 0.3591035 1 1 1
0 P_0 228 228 0 0 0 1 1 1
0 P_0 229 229 0 0 0 1 1 1
0 P_0 230 230 0.3473775 0.3533 0.3591035 1 1 1
0 P_0 231 231 0.3473775 0.3533 0.3591035 1 1 1
0 P_0 232 232 0.3473775 0.3533 0.3591035 1 1 1
0 P_0 233 233 0.3473775 0.3533 0.3591035 1 1 1
0 P_0 234 234 0.3473775 0.3533 0.3591035 1 1 1
0 P_0 235 235 0.3473775 0.3533 0.3591035 1 1 1
0 P_0 236 236 0.3473775 0.3533 0.3591035 1 1 1
0 P_0 237 237 0.3473775 0.3533 0.3591035 1 1 1
0 P_0 238 238 0.3473775 0.3533 0.3591035 1 1 1
0 P_0 239 239 0.3473775 0.3533 0.3591035 1 1 1
0 P_0 240 240 0.053066 0.05705 0.061256 1 1 1
0 P_0 241 241 0 0 0 1 1 1
0 P_0 242 242 0.3473775 0.3533 0.3591035 1 1 1
0 P_0 243 243 0.3473775 0.3533 0.3591035 1 1 1
0 P_0 244 244 0 0 0 1 1 1
0 P_0 245 245 0.3473775 0.3533 0.3591035 1 1 1
0 P_0 246 246 0.3473775 0.3533 0.3591035 1 1 1
0 P_0 247 247 0.3473775 0.3533 0.3591035 1 1 1
0 P_0 248 248 0.3473775 0.3533 0.3591035 1 1 1
0 P_0 249 249 0.3473775 0.3533 0.3591035 1 1 1
0 P_0 250 250 0.3473775 0.3533 0.3591035 1 1 1
0 P_0 251 251 0 0 0 1 1 1
0 P_0 252 252 0.3473775 0.3533 0.3591035 1 1 1
0 P_0 253 253 0.3473775 0.3533 0.3591035 1 1 1
0 P_0 254 254 0 0 0 1 1 1
0 P_0 255 255 0.3473775 0.3533 0.3591035 1 1 1
0 P_0 256 256 0.3473775 0.3533 0.3591035 1 1 1
0 P_0 257 257 0 0 0 1 1 1
0 P_0 258 258 0.3473775 0.3533 0.3591035 1 1 1
0 P_0 259 259 0.3473775 0.3533 0.3591035 1 1 1
0 P_0 260 260 0.3473775 0.3533 0.3591035 1 1 1
0 P_0 261 261 0.3473775 0.3533 0.3591035 1 1 1
0 P_0 262 262 0.3473775 0.3533 0.3591035 1 1 1
0 P_0 263 263 0.3473775 0.3533 0.3591035 1 1 1
0 P_0 264 264 0.3473775 0.3533 0.3591035 1 1 1
0 P_0 265 265 0.3473775 0.3533 0.3591035 1 1 1
0 P_0 266 266 0.3473775 0.3533 0.3591035 1 1 1
0 P_0 267 267 0.3473775 0.3533 0.3591035 1 1 1
0 P_0 268 268 0.3473775 0.3533 0.3591035 1 1 1
0 P_0 269 269 0.3473775 0.3533 0.3591035 1 1 1
0 P_0 270 270 0.3473775 0.3533 0.3591035 1 1 1
0 P_0 271 271 0.3473775 0.3533 0.3591035 1 1 1
0 P_0 272 272 0.3473775 0.3533 0.3591035 1 1 1
0 P_0 273 273 0.3473775 0.3533 0.3591035 1 1 1
0 P_0 274 274 0.3473775 0.3533 0.3591035 1 1 1
0 P_0 275 275 0.3473775 0.3533 0.3591035 1 1 1
0 P_0 276 276 0.3473775 0.3533 0.3591035 1 1 1
0 P_0 277 277 0.3473775 0.3533 0.3591035 1 1 1
0 P_0 278 278 0 0 0 1 1 1
0 P_0 279 279 0 0 0 1 1 1
0 P_0 280 280 0.3473775 0.3533 0.3591035 1 1 1
0 P_0 281 281 0 0 0 1 1 1
0 P_0 282 282 0 0 0 1 1 1
0 P_0 283 283 0.3473775 0.3533 0.3591035 1 1 1
0 P_0 284 284 0.3473775 0.3533 0.3591035 1 1 1
0 P_0 285 285 0.3473775 0.3533 0.3591035 1 1 1
0 P_0 286 286 0.3473775 0.3533 0.3591035 1 1 1
0 P_0 287 287 0.3473775 0.3533 0.3591035 1 1 1
0 P_0 288 288 0.3473775 0.3533 0.3591035 1 1 1
0 P_0 289 289 0.3473775 0.3533 0.3591035 1 1 1
0 P_0 290 290 0.3473775 0.3533 0.3591035 1 1 1
0 P_0 291 291 0.3473775 0.3533 0.3591035 1 1 1
0 P_0 292 292 0.0849 0.08975 0.0947845 1 1 1
0 P_0 293 293 0.3473775 0.3533 0.3591035 1 1 1
0 P_0 294 294 0.3473775 0.3533 0.3591035 1 1 1
0 P_0 295 295 0.3473775 0.3533 0.3591035 1 1 1
0 P_0 296 296 0.3473775 0.3533 0.3591035 1 1 1
0 P_0 297 297 0.3473775 0.3533 0.3591035 1 1 1
0 P_0 298 298 0.3473775 0.3533 0.3591035 1 1 1
0 P_0 299 299 0.3473775 0.3533 0.3591035 1 1 1
0 P_0 300 300 0 0 0 1 1 1
0 P_0 301 301 0.3473775 0.3533 0.3591035 1 1 1
0 P_0 302 302 0.3473775 0.3533 0.3591035 1 1 1
0 P_0 303 303 0.3473775 0.3533 0.3591035 1 1 1
0 P_0 304 304 0.3473775 0.3533 0.3591035 1 1 1
0 P_0 305 305 0.3473775 0.3533 0.3591035 1 1 1
0 P_0 306 306 0 0 0 1 1 1
0 P_0 307 307 0 0 0 1 1 1
0 P_0 308 308 0.3473775 0.3533 0.3591035 1 1 1
0 P_0 309 309 0.3473775 0.3533 0.3591035 1 1 1
0 P_0 310 310 0.3473775 0.3533 0.3591035 1 1 1
0 P_0 311 311 0.3473775 0.3533 0.3591035 1 1 1
0 P_0 312 312 0 0 0 1 1 1
0 P_0 313 313 0.3473775 0.3533 0.3591035 1 1 1
0 P_0 314 314 0.3473775 0.3533 0.3591035 1 1 1
0 P_0 315 315 0.3473775 0.3533 0.3591035 1 1 1
0 P_0 316 316 0.3473775 0.3533 0.3591035 1 1 1
0 P_0 317 317 0.3473775 0.3533 0.3591035 1 1 1
0 P_0 318 318 0.3473775 0.3533 0.3591035 1 1 1
0 P_0 319 319 0.3473775 0.3533 0.3591035 1 1 1
0 P_0 320 320 0.053066 0.05705 0.061256 1 1 1
0 P_0 321 321 0.3473775 0.3533 0.3591035 1 1 1
0 P_0 322 322 0.3473775 0.3533 0.3591035 1 1 1
0 P_0 323 323 0.3473775 0.3533 0.3591035 1 1 1
0 P_0 324 324 0.3473775 0.3533 0.3591035 1 1 1
0 P_0 325 325 0.3473775 0.3533 0.3591035 1 1 1
0 P_0 326 326 0.3473775 0.3533 0.3591035 1 1 1
0 P_0 327 327 0 0 0 1 1 1
0 P_0 328 328 0.3473775 0.3533 0.3591035 1 1 1
0 P_0 329 329 0.3473775 0.3533 0.3591035 1 1 1
0 P_0 330 330 0.3473775 0.3533 0.3591035 1 1 1
0 P_0 331 331 0.3473775 0.3533 0.3591035 1 1 1
0 P_0 332 332 0.140946 0.14675 0.152673 1 1 1
0 P_0 333 333 0 0 0 1 1 1
0 P_0 334 334 0.3473775 0.3533 0.3591035 1 1 1
0 P_0 335 335 0.3473775 0.3533 0.3591035 1 1 1
0 P_0 336 336 0 0 0 1 1 1
0 P_0 337 337 0.3473775 0.3533 0.3591035 1 1 1
0 P_0 338 338 0.140946 0.14675 0.152673 1 1 1
0 P_0 339 339 0.3473775 0.3533 0.3591035 1 1 1
0 P_0 340 340 0.3473775 0.3533 0.3591035 1 1 1
0 P_0 341 341 0.3473775 0.3533 0.3591035 1 1 1
0 P_0 342 342 0.3473775 0.3533 0.3591035 1 1 1
0 P_0 343 343 0.140946 0.14675 0.152673 1 1 1
0 P_0 344 344 0.3473775 0.3533 0.3591035 1 1 1
0 P_0 345 345 0 0 0 1 1 1
0 P_0 346 346 0.3473775 0.3533 0.3591035 1 1 1
0 P_0 347 347 0.3473775 0.3533 0.3591035 1 1 1
0 P_0 348 348 0.3473775 0.3533 0.3591035 1 1 1
0 P_0 349 349 0.3473775 0.3533 0.3591035 1 1 1
0 P_0 350 350 0.3473775 0.3533 0.3591035 1 1 1
0 P_0 351 351 0 0 0 1 1 1
0 P_0 352 352 0.3473775 0.3533 0.3591035 1 1 1
0 P_0 353 353 0.3473775 0.3533 0.3591035 1 1 1
0 P_0 354 354 0.0849 0.08975 0.0947845 1 1 1
0 P_0 355 355 0.0849 0.08975 0.0947845 1 1 1
0 P_0 356 356 0.3473775 0.3533 0.3591035 1 1 1
0 P_0 357 357 0 0 0 1 1 1
0 P_0 358 358 0.3473775 0.3533 0.3591035 1 1 1
0 P_0 359 359 0.3473775 0.3533 0.3591035 1 1 1
0 P_0 360 360 0 0 0 1 1 1
0 P_0 361 361 0.3473775 0.3533 0.3591035 1 1 1
0 P_0 362 362 0.3473775 0.3533 0.3591035 1 1 1
0 P_0 363 363 0 0 0 1 1 1
0 P_0 364 364 0.3473775 0.3533 0.3591035 1 1 1
0 P_0 365 365 0 0 0 1 1 1
0 P_0 366 366 0.3473775 0.3533 0.3591035 1 1 1
0 P_0 367 367 0.3473775 0.3533 0.3591035 1 1 1
0 P_0 368 368 0.3473775 0.3533 0.3591035 1 1 1
0 P_0 369 369 0.3473775 0.3533 0.3591035 1 1 1
0 P_0 370 370 0.3473775 0.3533 0.3591035 1 1 1
0 P_0 371 371 0.3473775 0.3533 0.3591035 1 1 1
0 P_0 372 372 0.3473775 0.3533 0.3591035 1 1 1
0 P_0 373 373 0.3473775 0.3533 0.3591035 1 1 1
0 P_0 374 374 0.3473775 0.3533 0.3591035 1 1 1
0 P_0 375 375 0.3473775 0.3533 0.3591035 1 1 1
0 P_0 376 376 0.3473775 0.3533 0.3591035 1 1 1
0 P_0 377 377 0.3473775 0.3533 0.3591035 1 1 1
0 P_0 378 378 0 0 0 1 1 1
0 P_0 379 379 0.3473775 0.3533 0.3591035 1 1 1
0 P_0 380 380 0 0 0 1 1 1
0 P_0 381 381 0 0 0 1 1 1
0 P_0 382 382 0.3473775 0.3533 0.3591035 1 1 1
0 P_0 383 383 0.3473775 0.3533 0.3591035 1 1 1
0 P_0 384 384 0.3473775 0.3533 0.3591035 1 1 1
0 P_0 385 385 0.3473775 0.3533 0.3591035 1 1 1
0 P_0 386 386 0.3473775 0.3533 0.3591035 1 1 1
0 P_0 387 387 0 0 0 1 1 1
0 P_0 388 388 0 0 0 1 1 1
0 P_0 389 389 0.3473775 0.3533 0.3591035 1 1 1
0 P_0 390 390 0.3473775 0.3533 0.3591035 1 1 1
0 P_0 391 391 0.3473775 0.3533 0.3591035 1 1 1
0 P_0 392 392 0.3473775 0.3533 0.3591035 1 1 1
0 P_0 393 393 0 0 0 1 1 1
0 P_0 394 394 0.3473775 0.3533 0.3591035 1 1 1
0 P_0 395 395 0.3473775 0.3533 0.3591035 1 1 1
0 P_0 396 396 0.3473775 0.3533 0.3591035 1 1 1
0 P_0 397 397 0 0 0 1 1 1
0 P_0 398 398 0.3473775 0.3533 0.3591035 1 1 1
0 P_0 399 399 0.5 0.5 0.5 1 1 1
0 P_0 400 400 0.3473775 0.3533 0.3591035 1 1 1
0 P_0 401 401 0.3473775 0.3533 0.3591035 1 1 1
0 P_0 402 402 0.3473775 0.3533 0.3591035 1 1 1
0 P_0 403 403 0.3473775 0.3533 0.3591035 1 1 1
0 P_0 404 404 0.3473775 0.3533 0.3591035 1 1 1
0 P_0 405 405 0 0 0 1 1 1
0 P_0 406 406 0.140946 0.14675 0.152673 1 1 1
0 P_0 407 407 0.3473775 0.3533 0.3591035 1 1 1
0 P_0 408 408 0.3473775 0.3533 0.3591035 1 1 1
0 P_0 409 409 0.3473775 0.3533 0.3591035 1 1 1
0 P_0 410 410 0.3473775 0.3533 0.3591035 1 1 1
0 P_0 411 411 0.3473775 0.3533 0.3591035 1 1 1
0 P_0 412 412 0.3473775 0.3533 0.3591035 1 1 1
0 P_0 413 413 0.3473775 0.3533 0.3591035 1 1 1
0 P_0 414 414 0.3473775 0.3533 0.3591035 1 1 1
0 P_0 415 415 0.3473775 0.3533 0.3591035 1 1 1
0 P_0 416 416 0 0 0 1 1 1
0 P_0 417 417 0.3473775 0.3533 0.3591035 1 1 1
0 P_0 418 418 0.3473775 0.3533 0.3591035 1 1 1
0 P_0 419 419 0.3473775 0.3533 0.3591035 1 1 1
0 P_0 420 420 0.053066 0.05705 0.061256 1 1 1
0 P_0 421 421 0.3473775 0.3533 0.3591035 1 1 1
0 P_0 422 422 0.3473775 0.3533 0.3591035 1 1 1
0 P_0 423 423 0.3473775 0.3533 0.3591035 1 1 1
0 P_0 424 424 0.3473775 0.3533 0.3591035 1 1 1
0 P_0 425 425 0 0 0 1 1 1
0 P_0 426 426 0.3473775 0.3533 0.3591035 1 1 1
0 P_0 427 427 0.3473775 0.3533 0.3591035 1 1 1
0 P_0 428 428 0.3473775 0.3533 0.3591035 1 1 1
0 P_0 429 429 0.3473775 0.3533 0.3591035 1 1 1
0 P_0 430 430 0 0 0 1 1 1
0 P_0 431 431 0.3473775 0.3533 0.3591035 1 1 1
0 P_0 432 432 0.3473775 0.3533 0.3591035 1 1 1
0 P_0 433 433 0 0 0 1 1 1
0 P_0 434 434 0.3473775 0.3533 0.3591035 1 1 1
0 P_0 435 435 0.3473775 0.3533 0.3591035 1 1 1
0 P_0 436 436 0.3473775 0.3533 0.3591035 1 1 1
0 P_0 437 437 0.053066 0.05705 0.061256 1 1 1
0 P_0 438 438 0.3473775 0.3533 0.3591035 1 1 1
0 P_0 439 439 0.3473775 0.3533 0.3591035 1 1 1
0 P_0 440 440 0.3473775 0.3533 0.3591035 1 1 1
0 P_0 441 441 0.3473775 0.3533 0.3591035 1 1 1
0 P_0 442 442 0.0849 0.08975 0.0947845 1 1 1
0 P_0 443 443 0.3473775 0.3533 0.3591035 1 1 1
0 P_0 444 444 0 0 0 1 1 1
0 P_0 445 445 0 0 0 1 1 1
0 P_0 446 446 0.3473775 0.3533 0.3591035 1 1 1
0 P_0 447 447 0.3473775 0.3533 0.3591035 1 1 1
0 P_0 448 448 0.3473775 0.3533 0.3591035 1 1 1
0 P_0 449 449 0.3473775 0.3533 0.3591035 1 1 1
0 P_0 450 450 0.3473775 0.3533 0.3591035 1 1 1
0 P_0 451 451 0.3473775 0.3533 0.3591035 1 1 1
0 P_0 452 452 0.3473775 0.3533 0.3591035 1 1 1
0 P_0 453 453 0.3473775 0.3533 0.3591035 1 1 1
0 P_0 454 454 0.3473775 0.3533 0.3591035 1 1 1
0 P_0 455 455 0 0 0 1 1 1
0 P_0 456 456 0.3473775 0.3533 0.3591035 1 1 1
0 P_0 457 457 0.3473775 0.3533 0.3591035 1 1 1
0 P_0 458 458 0.3473775 0.3533 0.3591035 1 1 1
0 P_0 459 459 0.3473775 0.3533 0.3591035 1 1 1
0 P_0 460 460 0.3473775 0.3533 0.3591035 1 1 1
0 P_0 461 461 0.3473775 0.3533 0.3591035 1 1 1
0 P_0 462 462 0.3473775 0.3533 0.3591035 1 1 1
0 P_0 463 463 0 0 0 1 1 1
0 P_0 464 464 0.3473775 0.3533 0.3591035 1 1 1
0 P_0 465 465 0.3473775 0.3533 0.3591035 1 1 1
0 P_0 466 466 0.3473775 0.3533 0.3591035 1 1 1
0 P_0 467 467 0.3473775 0.3533 0.3591035 1 1 1
0 P_0 468 468 0.3473775 0.3533 0.3591035 1 1 1
0 P_0 469 469 0.3473775 0.3533 0.3591035 1 1 1
0 P_0 470 470 0.3473775 0.3533 0.3591035 1 1 1
0 P_0 471 471 0.3473775 0.3533 0.3591035 1 1 1
0 P_0 472 472 0.3473775 0.3533 0.3591035 1 1 1
0 P_0 473 473 0 0 0 1 1 1
0 P_0 474 474 0 0 0 1 1 1
0 P_0 475 475 0 0 0 1 1 1
0 P_0 476 476 0.3473775 0.3533 0.3591035 1 1 1
0 P_0 477 477 0.3473775 0.3533 0.3591035 1 1 1
0 P_0 478 478 0.3473775 0.3533 0.3591035 1 1 1
0 P_0 479 479 0 0 0 1 1 1
0 P_0 480 480 0.3473775 0.3533 0.3591035 1 1 1
0 P_0 481 481 0.3473775 0.3533 0.3591035 1 1 1
0 P_0 482 482 0 0 0 1 1 1
0 P_0 483 483 0.3473775 0.3533 0.3591035 1 1 1
0 P_0 484 484 0 0 0 1 1 1
0 P_0 485 485 0 0 0 1 1 1
0 P_0 486 486 0.3473775 0.3533 0.3591035 1 1 1
0 P_0 487 487 0.3473775 0.3533 0.3591035 1 1 1
0 P_0 488 488 0.3473775 0.3533 0.3591035 1 1 1
0 P_0 489 489 0 0 0 1 1 1
0 P_0 490 490 0.0849 0.08975 0.0947845 1 1 1
0 P_0 491 491 0.3473775 0.3533 0.3591035 1 1 1
0 P_0 492 492 0.3473775 0.3533 0.3591035 1 1 1
0 P_0 493 493 0.3473775 0.3533 0.3591035 1 1 1
0 P_0 494 494 0 0 0 1 1 1
0 P_0 495 495 0.3473775 0.3533 0.3591035 1 1 1
0 P_0 496 496 0.053066 0.05705 0.061256 1 1 1
0 P_0 497 497 0 0 0 1 1 1
0 P_0 498 498 0.3473775 0.3533 0.3591035 1 1 1
0 P_0 499 499 0.3473775 0.3533 0.3591035 1 1 1
0 P_0 500 500 0.3473775 0.3533 0.3591035 1 1 1
0 P_0 501 501 0.3473775 0.3533 0.3591035 1 1 1
0 P_0 502 502 0.3473775 0.3533 0.3591035 1 1 1
0 P_0 503 503 0.3473775 0.3533 0.3591035 1 1 1
0 P_0 504 504 0.3473775 0.3533 0.3591035 1 1 1
0 P_0 505 505 0 0 0 1 1 1
0 P_0 506 506 0.3473775 0.3533 0.3591035 1 1 1
0 P_0 507 507 0.3473775 0.3533 0.3591035 1 1 1
0 P_0 508 508 0.3473775 0.3533 0.3591035 1 1 1
0 P_0 509 509 0.3473775 0.3533 0.3591035 1 1 1
0 P_0 510 510 0.3473775 0.3533 0.3591035 1 1 1
0 P_0 511 511 0.053066 0.05705 0.061256 1 1 1
0 P_0 512 512 0.3473775 0.3533 0.3591035 1 1 1
0 P_0 513 513 0.3473775 0.3533 0.3591035 1 1 1
0 P_0 514 514 0 0 0 1 1 1
0 P_0 515 515 0.3473775 0.3533 0.3591035 1 1 1
0 P_0 516 516 0.3473775 0.3533 0.3591035 1 1 1
0 P_0 517 517 0.3473775 0.3533 0.3591035 1 1 1
0 P_0 518 518 0.3473775 0.3533 0.3591035 1 1 1
0 P_0 519 519 0.3473775 0.3533 0.3591035 1 1 1
0 P_0 520 520 0.3473775 0.3533 0.3591035 1 1 1
0 P_0 521 521 0.3473775 0.3533 0.3591035 1 1 1
0 P_0 522 522 0.3473775 0.3533 0.3591035 1 1 1
0 P_0 523 523 0.3473775 0.3533 0.3591035 1 1 1
0 P_0 524 524 0.0849 0.08975 0.0947845 1 1 1
0 P_0 525 525 0 0 0 1 1 1
0 P_0 526 526 0.3473775 0.3533 0.3591035 1 1 1
0 P_0 527 527 0 0 0 1 1 1
0 P_0 528 528 0.3473775 0.3533 0.3591035 1 1 1
0 P_0 529 529 0.3473775 0.3533 0.3591035 1 1 1
0 P_0 530 530 0.3473775 0.3533 0.3591035 1 1 1
0 P_0 531 531 0 0 0 1 1 1
0 P_0 532 532 0.3473775 0.3533 0.3591035 1 1 1
0 P_0 533 533 0.3473775 0.3533 0.3591035 1 1 1
0 P_0 534 534 0.3473775 0.3533 0.3591035 1 1 1
0 P_0 535 535 0.3473775 0.3533 0.3591035 1 1 1
0 P_0 536 536 0 0 0 1 1 1
0 P_0 537 537 0.3473775 0.3533 0.3591035 1 1 1
0 P_0 538 538 0.3473775 0.3533 0.3591035 1 1 1
0 P_0 539 539 0.3473775 0.3533 0.3591035 1 1 1
0 P_0 540 540 0.3473775 0.3533 0.3591035 1 1 1
0 P_0 541 541 0.3473775 0.3533 0.3591035 1 1 1
1 P_5 0 0 0 0 0 1 1 1
1 P_5 1 1 0.5 0.5 0.5 1 1 1
1 P_5 2 2 0.5 0.5 0.5 1 1 1
1 P_5 3 3 0.5 0.5 0.5 1 1 1
1 P_5 4 4 0 0 0 1 1 1
1 P_5 5 5 0.5 0.5 0.5 1 1 1
1 P_5 6 6 0.5 0.5 0.5 1 1 1
1 P_5 7 7 0.5 0.5 0.5 1 1 1
1 P_5 8 8 0 0 0 1 1 1
1 P_5 9 9 0.5 0.5 0.5 1 1 1
1 P_5 10 10 0 0 0 1 1 1
1 P_5 11 11 0.5 0.5 0.5 1 1 1
1 P_5 12 12 0 0 0 1 1 1
1 P_5 13 13 0.5 0.5 0.5 1 1 1
1 P_5 14 14 0.5 0.5 0.5 1 1 1
1 P_5 15 15 0 0 0 1 1 1
1 P_5 16 16 0.5 0.5 0.5 1 1 1
1 P_5 17 17 0.5 0.5 0.5 1 1 1
1 P_5 18 18 0.5 0.5 0.5 1 1 1
1 P_5 19 19 0.5 0.5 0.5 1 1 1
1 P_5 20 20 0.5 0.5 0.5 1 1 1
1 P_5 21 21 0.5 0.5 0.5 1 1 1
1 P_5 22 22 0.421428 0.4261 0.4305695 1 1 1
1 P_5 23 23 0.5 0.5 0.5 1 1 1
1 P_5 24 24 0.5 0.5 0.5 1 1 1
1 P_5 25 25 0.5 0.5 0.5 1 1 1
1 P_5 26 26 0.5 0.5 0.5 1 1 1
1 P_5 27 27 0 0 0 1 1 1
1 P_5 28 28 0.5 0.5 0.5 1 1 1
1 P_5 29 29 0.5 0.5 0.5 1 1 1
1 P_5 30 30 0.5 0.5 0.5 1 1 1
1 P_5 31 31 0.5 0.5 0.5 1 1 1
1 P_5 32 32 0.5 0.5 0.5 1 1 1
1 P_5 33 33 0 0 0 1 1 1
1 P_5 34 34 0.5 0.5 0.5 1 1 1
1 P_5 35 35 0.5 0.5 0.5 1 1 1
1 P_5 36 36 0.5 0.5 0.5 1 1 1
1 P_5 37 37 0.5 0.5 0.5 1 1 1
1 P_5 38 38 0.5 0.5 0.5 1 1 1
1 P_5 39 39 0.5 0.5 0.5 1 1 1
1 P_5 40 40 0 0 0 1 1 1
1 P_5 41 41 0.5 0.5 0.5 1 1 1
1 P_5 42 42 0.5 0.5 0.5 1 1 1
1 P_5 43 43 0.5 0.5 0.5 1 1 1
1 P_5 44 44 0.5 0.5 0.5 1 1 1
1 P_5 45 45 0.5 0.5 0.5 1 1 1
1 P_5 46 46 0.5 0.5 0.5 1 1 1
1 P_5 47 47 0 0 0 1 1 1
1 P_5 48 48 0.5 0.5 0.5 1 1 1
1 P_5 49 49 0.5 0.5 0.5 1 1 1
1 P_5 50 50 0.5 0.5 0.5 1 1 1
1 P_5 51 51 0.5 0.5 0.5 1 1 1
1 P_5 52 52 0 0 0 1 1 1
1 P_5 53 53 0.5 0.5 0.5 1 1 1
1 P_5 54 54 0.5 0.5 0.5 1 1 1
1 P_5 55 55 0.5 0.5 0.5 1 1 1
1 P_5 56 56 0 0 0 1 1 1
1 P_5 57 57 0 0 0 1 1 1
1 P_5 58 58 0.0694795 0.07395 0.078623 1 1 1
1 P_5 59 59 0.5 0.5 0.5 1 1 1
1 P_5 60 60 0.5 0.5 0.5 1 1 1
1 P_5 61 61 0.5 0.5 0.5 1 1 1
1 P_5 62 62 0 0 0 1 1 1
1 P_5 63 63 0.5 0.5 0.5 1 1 1
1 P_5 64 64 0 0 0 1 1 1
1 P_5 65 65 0.5 0.5 0.5 1 1 1
1 P_5 66 66 0.5 0.5 0.5 1 1 1
1 P_5 67 67 0.5 0.5 0.5 1 1 1
1 P_5 68 68 0 0 0 1 1 1
1 P_5 69 69 0.5 0.5 0.5 1 1 1
1 P_5 70 70 0.5 0.5 0.5 1 1 1
1 P_5 71 71 0.421428 0.4261 0.4305695 1 1 1
1 P_5 72 72 0 0 0 1 1 1
1 P_5 73 73 0 0 0 1 1 1
1 P_5 74 74 0.5 0.5 0.5 1 1 1
1 P_5 75 75 0.5 0.5 0.5 1 1 1
1 P_5 76 76 0.5 0.5 0.5 1 1 1
1 P_5 77 77 0.5 0.5 0.5 1 1 1
1 P_5 78 78 0.5 0.5 0.5 1 1 1
1 P_5 79 79 0.5 0.5 0.5 1 1 1
1 P_5 80 80 0.5 0.5 0.5 1 1 1
1 P_5 81 81 0.5 0.5 0.5 1 1 1
1 P_5 82 82 0 0 0 1 1 1
1 P_5 83 83 0.2068535 0.2132 0.219589 1 1 1
1 P_5 84 84 0.421428 0.4261 0.4305695 1 1 1
1 P_5 85 85 0 0 0 1 1 1
1 P_5 86 86 0.5 0.5 0.5 1 1 1
1 P_5 87 87 0.5 0.5 0.5 1 1 1
1 P_5 88 88 0.5 0.5 0.5 1 1 1
1 P_5 89 89 0.2068535 0.2132 0.219589 1 1 1
1 P_5 90 90 0 0 0 1 1 1
1 P_5 91 91 0.0694795 0.07395 0.078623 1 1 1
1 P_5 92 92 0 0 0 1 1 1
1 P_5 93 93 0.5 0.5 0.5 1 1 1
1 P_5 94 94 0.5 0.5 0.5 1 1 1
1 P_5 95 95 0.5 0.5 0.5 1 1 1
1 P_5 96 96 0.5 0.5 0.5 1 1 1
1 P_5 97 97 0.5 0.5 0.5 1 1 1
1 P_5 98 98 0 0 0 1 1 1
1 P_5 99 99 0.5 0.5 0.5 1 1 1
1 P_5 100 100 0.421428 0.4261 0.4305695 1 1 1
1 P_5 101 101 0 0 0 1 1 1
1 P_5 102 102 0.2068535 0.2132 0.219589 1 1 1
1 P_5 103 103 0.5 0.5 0.5 1 1 1
1 P_5 104 104 0.5 0.5 0.5 1 1 1
1 P_5 105 105 0.2068535 0.2132 0.219589 1 1 1
1 P_5 106 106 0.5 0.5 0.5 1 1 1
1 P_5 107 107 0.5 0.5 0.5 1 1 1
1 P_5 108 108 0.5 0.5 0.5 1 1 1
1 P_5 109 109 0.5 0.5 0.5 1 1 1
1 P_5 110 110 0.5 0.5 0.5 1 1 1
1 P_5 111 111 0.5 0.5 0.5 1 1 1
1 P_5 112 112 0.0694795 0.07395 0.078623 1 1 1
1 P_5 113 113 0.5 0.5 0.5 1 1 1
1 P_5 114 114 0 0 0 1 1 1
1 P_5 115 115 0.5 0.5 0.5 1 1 1
1 P_5 116 116 0.5 0.5 0.5 1 1 1
1 P_5 117 117 0 0 0 1 1 1
1 P_5 118 118 0.5 0.5 0.5 1 1 1
1 P_5 119 119 0.5 0.5 0.5 1 1 1
1 P_5 120 120 0.5 0.5 0.5 1 1 1
1 P_5 121 121 0 0 0 1 1 1
1 P_5 122 122 0.5 0.5 0.5 1 1 1
1 P_5 123 123 0.5 0.5 0.5 1 1 1
1 P_5 124 124 0.5 0.5 0.5 1 1 1
1 P_5 125 125 0.5 0.5 0.5 1 1 1
1 P_5 126 126 0.5 0.5 0.5 1 1 1
1 P_5 127 127 0.5 0.5 0.5 1 1 1
1 P_5 128 128 0.5 0.5 0.5 1 1 1
1 P_5 129 129 0.5 0.5 0.5 1 1 1
1 P_5 130 130 0.5 0.5 0.5 1 1 1
1 P_5 131 131 0.5 0.5 0.5 1 1 1
1 P_5 132 132 0.2068535 0.2132 0.219589 1 1 1
1 P_5 133 133 0 0 0 1 1 1
1 P_5 134 134 0 0 0 1 1 1
1 P_5 135 135 0.5 0.5 0.5 1 1 1
1 P_5 136 136 0.5 0.5 0.5 1 1 1
1 P_5 137 137 0.5 0.5 0.5 1 1 1
1 P_5 138 138 0 0 0 1 1 1
1 P_5 139 139 0.5 0.5 0.5 1 1 1
1 P_5 140 140 0.5 0.5 0.5 1 1 1
1 P_5 141 141 0.5 0.5 0.5 1 1 1
1 P_5 142 142 0.2068535 0.2132 0.219589 1 1 1
1 P_5 143 143 0.5 0.5 0.5 1 1 1
1 P_5 144 144 0 0 0 1 1 1
1 P_5 145 145 0 0 0 1 1 1
1 P_5 146 146 0.5 0.5 0.5 1 1 1
1 P_5 147 147 0 0 0 1 1 1
1 P_5 148 148 0.5 0.5 0.5 1 1 1
1 P_5 149 149 0.5 0.5 0.5 1 1 1
1 P_5 150 150 0.5 0.5 0.5 1 1 1
1 P_5 151 151 0.5 0.5 0.5 1 1 1
1 P_5 152 152 0.5 0.5 0.5 1 1 1
1 P_5 153 153 0.421428 0.4261 0.4305695 1 1 1
1 P_5 154 154 0.5 0.5 0.5 1 1 1
1 P_5 155 155 0.5 0.5 0.5 1 1 1
1 P_5 156 156 0.5 0.5 0.5 1 1 1
1 P_5 157 157 0.5 0.5 0.5 1 1 1
1 P_5 158 158 0.5 0.5 0.5 1 1 1
1 P_5 159 159 0.5 0.5 0.5 1 1 1
1 P_5 160 160 0.5 0.5 0.5 1 1 1
1 P_5 161 161 0.5 0.5 0.5 1 1 1
1 P_5 162 162 0.5 0.5 0.5 1 1 1
1 P_5 163 163 0.5 0.5 0.5 1 1 1
1 P_5 164 164 0.5 0.5 0.5 1 1 1
1 P_5 165 165 0.5 0.5 0.5 1 1 1
1 P_5 166 166 0.5 0.5 0.5 1 1 1
1 P_5 167 167 0.2068535 0.2132 0.219589 1 1 1
1 P_5 168 168 0.5 0.5 0.5 1 1 1
1 P_5 169 169 0.5 0.5 0.5 1 1 1
1 P_5 170 170 0.5 0.5 0.5 1 1 1
1 P_5 171 171 0.5 0.5 0.5 1 1 1
1 P_5 172 172 0.5 0.5 0.5 1 1 1
1 P_5 173 173 0.421428 0.4261 0.4305695 1 1 1
1 P_5 174 174 0.5 0.5 0.5 1 1 1
1 P_5 175 175 0.5 0.5 0.5 1 1 1
1 P_5 176 176 0.421428 0.4261 0.4305695 1 1 1
1 P_5 177 177 0.2068535 0.2132 0.219589 1 1 1
1 P_5 178 178 0 0 0 1 1 1
1 P_5 179 179 0.5 0.5 0.5 1 1 1
1 P_5 180 180 0.5 0.5 0.5 1 1 1
1 P_5 181 181 0.5 0.5 0.5 1 1 1
1 P_5 182 182 0.5 0.5 0.5 1 1 1
1 P_5 183 183 0.5 0.5 0.5 1 1 1
1 P_5 184 184 0.5 0.5 0.5 1 1 1
1 P_5 185 185 0.5 0.5 0.5 1 1 1
1 P_5 186 186 0.5 0.5 0.5 1 1 1
1 P_5 187 187 0.5 0.5 0.5 1 1 1
1 P_5 188 188 0 0 0 1 1 1
1 P_5 189 189 0.5 0.5 0.5 1 1 1
1 P_5 190 190 0 0 0 1 1 1
1 P_5 191 191 0.5 0.5 0.5 1 1 1
1 P_5 192 192 0.421428 0.4261 0.4305695 1 1 1
1 P_5 193 193 0.0694795 0.07395 0.078623 1 1 1
1 P_5 194 194 0 0 0 1 1 1
1 P_5 195 195 0.421428 0.4261 0.4305695 1 1 1
1 P_5 196 196 0.5 0.5 0.5 1 1 1
1 P_5 197 197 0.5 0.5 0.5 1 1 1
1 P_5 198 198 0.0694795 0.07395 0.078623 1 1 1
1 P_5 199 199 0.5 0.5 0.5 1 1 1
1 P_5 200 200 0.2068535 0.2132 0.219589 1 1 1
1 P_5 201 201 0.5 0.5 0.5 1 1 1
1 P_5 202 202 0 0 0 1 1 1
1 P_5 203 203 0.5 0.5 0.5 1 1 1
1 P_5 204 204 0.5 0.5 0.5 1 1 1
1 P_5 205 205 0.5 0.5 0.5 1 1 1
1 P_5 206 206 0.2068535 0.2132 0.219589 1 1 1
1 P_5 207 207 0.5 0.5 0.5 1 1 1
1 P_5 208 208 0.5 0.5 0.5 1 1 1
1 P_5 209 209 0.5 0.5 0.5 1 1 1
1 P_5 210 210 0.5 0.5 0.5 1 1 1
1 P_5 211 211 0.5 0.5 0.5 1 1 1
1 P_5 212 212 0.5 0.5 0.5 1 1 1
1 P_5 213 213 0.5 0.5 0.5 1 1 1
1 P_5 214 214 0.5 0.5 0.5 1 1 1
1 P_5 215 215 0 0 0 1 1 1
1 P_5 216 216 0.5 0.5 0.5 1 1 1
1 P_5 217 217 0.5 0.5 0.5 1 1 1
1 P_5 218 218 0.5 0.5 0.5 1 1 1
1 P_5 219 219 0.2068535 0.2132 0.219589 1 1 1
1 P_5 220 220 0.2068535 0.2132 0.219589 1 1 1
1 P_5 221 221 0 0 0 1 1 1
1 P_5 222 222 0.5 0.5 0.5 1 1 1
1 P_5 223 223 0.5 0.5 0.5 1 1 1
1 P_5 224 224 0.0694795 0.07395 0.078623 1 1 1
1 P_5 225 225 0.5 0.5 0.5 1 1 1
1 P_5 226 226 0.5 0.5 0.5 1 1 1
1 P_5 227 227 0.5 0.5 0.5 1 1 1
1 P_5 228 228 0 0 0 1 1 1
1 P_5 229 229 0 0 0 1 1 1
1 P_5 230 230 0.5 0.5 0.5 1 1 1
1 P_5 231 231 0.5 0.5 0.5 1 1 1
1 P_5 232 232 0.5 0.5 0.5 1 1 1
1 P_5 233 233 0.5 0.5 0.5 1 1 1
1 P_5 234 234 0.5 0.5 0.5 1 1 1
1 P_5 235 235 0.5 0.5 0.5 1 1 1
1 P_5 236 236 0.5 0.5 0.5 1 1 1
1 P_5 237 237 0.5 0.5 0.5 1 1 1
1 P_5 238 238 0.5 0.5 0.5 1 1 1
1 P_5 239 239 0.5 0.5 0.5 1 1 1
1 P_5 240 240 0 0 0 1 1 1
1 P_5 241 241 0 0 0 1 1 1
1 P_5 242 242 0.5 0.5 0.5 1 1 1
1 P_5 243 243 0.5 0.5 0.5 1 1 1
1 P_5 244 244 0 0 0 1 1 1
1 P_5 245 245 0.5 0.5 0.5 1 1 1
1 P_5 246 246 0.5 0.5 0.5 1 1 1
1 P_5 247 247 0.5 0.5 0.5 1 1 1
1 P_5 248 248 0.5 0.5 0.5 1 1 1
1 P_5 249 249 0.5 0.5 0.5 1 1 1
1 P_5 250 250 0.5 0.5 0.5 1 1 1
1 P_5 251 251 0 0 0 1 1 1
1 P_5 252 252 0.5 0.5 0.5 1 1 1
1 P_5 253 253 0.5 0.5 0.5 1 1 1
1 P_5 254 254 0.0694795 0.07395 0.078623 1 1 1
1 P_5 255 255 0.5 0.5 0.5 1 1 1
1 P_5 256 256 0.5 0.5 0.5 1 1 1
1 P_5 257 257 0.2068535 0.2132 0.219589 1 1 1
1 P_5 258 258 0.5 0.5 0.5 1 1 1
1 P_5 259 259 0.5 0.5 0.5 1 1 1
1 P_5 260 260 0.5 0.5 0.5 1 1 1
1 P_5 261 261 0.5 0.5 0.5 1 1 1
1 P_5 262 262 0.5 0.5 0.5 1 1 1
1 P_5 263 263 0.5 0.5 0.5 1 1 1
1 P_5 264 264 0.5 0.5 0.5 1 1 1
1 P_5 265 265 0.5 0.5 0.5 1 1 1
1 P_5 266 266 0.5 0.5 0.5 1 1 1
1 P_5 267 267 0.5 0.5 0.5 1 1 1
1 P_5 268 268 0.421428 0.4261 0.4305695 1 1 1
1 P_5 269 269 0.5 0.5 0.5 1 1 1
1 P_5 270 270 0.5 0.5 0.5 1 1 1
1 P_5 271 271 0.5 0.5 0.5 1 1 1
1 P_5 272 272 0.5 0.5 0.5 1 1 1
1 P_5 273 273 0.5 0.5 0.5 1 1 1
1 P_5 274 274 0.5 0.5 0.5 1 1 1
1 P_5 275 275 0.5 0.5 0.5 1 1 1
1 P_5 276 276 0.5 0.5 0.5 1 1 1
1 P_5 277 277 0.5 0.5 0.5 1 1 1
1 P_5 278 278 0 0 0 1 1 1
1 P_5 279 279 0 0 0 1 1 1
1 P_5 280 280 0.5 0.5 0.5 1 1 1
1 P_5 281 281 0 0 0 1 1 1
1 P_5 282 282 0.2068535 0.2132 0.219589 1 1 1
1 P_5 283 283 0.5 0.5 0.5 1 1 1
1 P_5 284 284 0.5 0.5 0.5 1 1 1
1 P_5 285 285 0.5 0.5 0.5 1 1 1
1 P_5 286 286 0.5 0.5 0.5 1 1 1
1 P_5 287 287 0.5 0.5 0.5 1 1 1
1 P_5 288 288 0.421428 0.4261 0.4305695 1 1 1
1 P_5 289 289 0.5 0.5 0.5 1 1 1
1 P_5 290 290 0.5 0.5 0.5 1 1 1
1 P_5 291 291 0.5 0.5 0.5 1 1 1
1 P_5 292 292 0 0 0 1 1 1
1 P_5 293 293 0.5 0.5 0.5 1 1 1
1 P_5 294 294 0.5 0.5 0.5 1 1 1
1 P_5 295 295 0.5 0.5 0.5 1 1 1
1 P_5 296 296 0.5 0.5 0.5 1 1 1
1 P_5 297 297 0.5 0.5 0.5 1 1 1
1 P_5 298 298 0.5 0.5 0.5 1 1 1
1 P_5 299 299 0.5 0.5 0.5 1 1 1
1 P_5 300 300 0.0694795 0.07395 0.078623 1 1 1
1 P_5 301 301 0.5 0.5 0.5 1 1 1
1 P_5 302 302 0.5 0.5 0.5 1 1 1
1 P_5 303 303 0.5 0.5 0.5 1 1 1
1 P_5 304 304 0.5 0.5 0.5 1 1 1
1 P_5 305 305 0.5 0.5 0.5 1 1 1
1 P_5 306 306 0.2068535 0.2132 0.219589 1 1 1
1 P_5 307 307 0 0 0 1 1 1
1 P_5 308 308 0.5 0.5 0.5 1 1 1
1 P_5 309 309 0.5 0.5 0.5 1 1 1
1 P_5 310 310 0.5 0.5 0.5 1 1 1
1 P_5 311 311 0.5 0.5 0.5 1 1 1
1 P_5 312 312 0.2068535 0.2132 0.219589 1 1 1
1 P_5 313 313 0.5 0.5 0.5 1 1 1
1 P_5 314 314 0.5 0.5 0.5 1 1 1
1 P_5 315 315 0.5 0.5 0.5 1 1 1
1 P_5 316 316 0.5 0.5 0.5 1 1 1
1 P_5 317 317 0.5 0.5 0.5 1 1 1
1 P_5 318 318 0.5 0.5 0.5 1 1 1
1 P_5 319 319 0.5 0.5 0.5 1 1 1
1 P_5 320 320 0 0 0 1 1 1
1 P_5 321 321 0.5 0.5 0.5 1 1 1
1 P_5 322 322 0.5 0.5 0.5 1 1 1
1 P_5 323 323 0.5 0.5 0.5 1 1 1
1 P_5 324 324 0.5 0.5 0.5 1 1 1
1 P_5 325 325 0.5 0.5 0.5 1 1 1
1 P_5 326 326 0.5 0.5 0.5 1 1 1
1 P_5 327 327 0 0 0 1 1 1
1 P_5 328 328 0.5 0.5 0.5 1 1 1
1 P_5 329 329 0.5 0.5 0.5 1 1 1
1 P_5 330 330 0.5 0.5 0.5 1 1 1
1 P_5 331 331 0.5 0.5 0.5 1 1 1
1 P_5 332 332 0 0 0 1 1 1
1 P_5 333 333 0 0 0 1 1 1
1 P_5 334 334 0.5 0.5 0.5 1 1 1
1 P_5 335 335 0.5 0.5 0.5 1 1 1
1 P_5 336 336 0 0 0 1 1 1
1 P_5 337 337 0.5 0.5 0.5 1 1 1
1 P_5 338 338 0 0 0 1 1 1
1 P_5 339 339 0.5 0.5 0.5 1 1 1
1 P_5 340 340 0.5 0.5 0.5 1 1 1
1 P_5 341 341 0.5 0.5 0.5 1 1 1
1 P_5 342 342 0.5 0.5 0.5 1 1 1
1 P_5 343 343 0 0 0 1 1 1
1 P_5 344 344 0.5 0.5 0.5 1 1 1
1 P_5 345 345 0 0 0 1 1 1
1 P_5 346 346 0.5 0.5 0.5 1 1 1
1 P_5 347 347 0.5 0.5 0.5 1 1 1
1 P_5 348 348 0.5 0.5 0.5 1 1 1
1 P_5 349 349 0.5 0.5 0.5 1 1 1
1 P_5 350 350 0.5 0.5 0.5 1 1 1
1 P_5 351 351 0 0 0 1 1 1
1 P_5 352 352 0.5 0.5 0.5 1 1 1
1 P_5 353 353 0.5 0.5 0.5 1 1 1
1 P_5 354 354 0 0 0 1 1 1
1 P_5 355 355 0 0 0 1 1 1
1 P_5 356 356 0.5 0.5 0.5 1 1 1
1 P_5 357 357 0 0 0 1 1 1
1 P_5 358 358 0.5 0.5 0.5 1 1 1
1 P_5 359 359 0.5 0.5 0.5 1 1 1
1 P_5 360 360 0 0 0 1 1 1
1 P_5 361 361 0.5 0.5 0.5 1 1 1
1 P_5 362 362 0.5 0.5 0.5 1 1 1
1 P_5 363 363 0 0 0 1 1 1
1 P_5 364 364 0.5 0.5 0.5 1 1 1
1 P_5 365 365 0 0 0 1 1 1
1 P_5 366 366 0.421428 0.4261 0.4305695 1 1 1
1 P_5 367 367 0.5 0.5 0.5 1 1 1
1 P_5 368 368 0.5 0.5 0.5 1 1 1
1 P_5 369 369 0.5 0.5 0.5 1 1 1
1 P_5 370 370 0.5 0.5 0.5 1 1 1
1 P_5 371 371 0.5 0.5 0.5 1 1 1
1 P_5 372 372 0.5 0.5 0.5 1 1 1
1 P_5 373 373 0.5 0.5 0.5 1 1 1
1 P_5 374 374 0.5 0.5 0.5 1 1 1
1 P_5 375 375 0.5 0.5 0.5 1 1 1
1 P_5 376 376 0.5 0.5 0.5 1 1 1
1 P_5 377 377 0.5 0.5 0.5 1 1 1
1 P_5 378 378 0 0 0 1 1 1
1 P_5 379 379 0.5 0.5 0.5 1 1 1
1 P_5 380 380 0 0 0 1 1 1
1 P_5 381 381 0.2068535 0.2132 0.219589 1 1 1
1 P_5 382 382 0.5 0.5 0.5 1 1 1
1 P_5 383 383 0.5 0.5 0.5 1 1 1
1 P_5 384 384 0.5 0.5 0.5 1 1 1
1 P_5 385 385 0.5 0.5 0.5 1 1 1
1 P_5 386 386 0.5 0.5 0.5 1 1 1
1 P_5 387 387 0 0 0 1 1 1
1 P_5 388 388 0 0 0 1 1 1
1 P_5 389 389 0.5 0.5 0.5 1 1 1
1 P_5 390 390 0.5 0.5 0.5 1 1 1
1 P_5 391 391 0.5 0.5 0.5 1 1 1
1 P_5 392 392 0.5 0.5 0.5 1 1 1
1 P_5 393 393 0.2068535 0.2132 0.219589 1 1 1
1 P_5 394 394 0.5 0.5 0.5 1 1 1
1 P_5 395 395 0.421428 0.4261 0.4305695 1 1 1
1 P_5 396 396 0.5 0.5 0.5 1 1 1
1 P_5 397 397 0 0 0 1 1 1
1 P_5 398 398 0.5 0.5 0.5 1 1 1
1 P_5 399 399 0.5 0.5 0.5 1 1 1
1 P_5 400 400 0.5 0.5 0.5 1 1 1
1 P_5 401 401 0.5 0.5 0.5 1 1 1
1 P_5 402 402 0.5 0.5 0.5 1 1 1
1 P_5 403 403 0.5 0.5 0.5 1 1 1
1 P_5 404 404 0.5 0.5 0.5 1 1 1
1 P_5 405 405 0 0 0 1 1 1
1 P_5 406 406 0 0 0 1 1 1
1 P_5 407 407 0.5 0.5 0.5 1 1 1
1 P_5 408 408 0.421428 0.4261 0.4305695 1 1 1
1 P_5 409 409 0.5 0.5 0.5 1 1 1
1 P_5 410 410 0.5 0.5 0.5 1 1 1
1 P_5 411 411 0.5 0.5 0.5 1 1 1
1 P_5 412 412 0.5 0.5 0.5 1 1 1
1 P_5 413 413 0.5 0.5 0.5 1 1 1
1 P_5 414 414 0.5 0.5 0.5 1 1 1
1 P_5 415 415 0.5 0.5 0.5 1 1 1
1 P_5 416 416 0 0 0 1 1 1
1 P_5 417 417 0.5 0.5 0.5 1 1 1
1 P_5 418 418 0.5 0.5 0.5 1 1 1
1 P_5 419 419 0.5 0.5 0.5 1 1 1
1 P_5 420 420 0 0 0 1 1 1
1 P_5 421 421 0.5 0.5 0.5 1 1 1
1 P_5 422 422 0.5 0.5 0.5 1 1 1
1 P_5 423 423 0.5 0.5 0.5 1 1 1
1 P_5 424 424 0.5 0.5 0.5 1 1 1
1 P_5 425 425 0 0 0 1 1 1
1 P_5 426 426 0.5 0.5 0.5 1 1 1
1 P_5 427 427 0.5 0.5 0.5 1 1 1
1 P_5 428 428 0.5 0.5 0.5 1 1 1
1 P_5 429 429 0.5 0.5 0.5 1 1 1
1 P_5 430 430 0.2068535 0.2132 0.219589 1 1 1
1 P_5 431 431 0.5 0.5 0.5 1 1 1
1 P_5 432 432 0.5 0.5 0.5 1 1 1
1 P_5 433 433 0.2068535 0.2132 0.219589 1 1 1
1 P_5 434 434 0.5 0.5 0.5 1 1 1
1 P_5 435 435 0.5 0.5 0.5 1 1 1
1 P_5 436 436 0.5 0.5 0.5 1 1 1
1 P_5 437 437 0 0 0 1 1 1
1 P_5 438 438 0.5 0.5 0.5 1 1 1
1 P_5 439 439 0.5 0.5 0.5 1 1 1
1 P_5 440 440 0.5 0.5 0.5 1 1 1
1 P_5 441 441 0.5 0.5 0.5 1 1 1
1 P_5 442 442 0 0 0 1 1 1
1 P_5 443 443 0.5 0.5 0.5 1 1 1
1 P_5 444 444 0.2068535 0.2132 0.219589 1 1 1
1 P_5 445 445 0 0 0 1 1 1
1 P_5 446 446 0.5 0.5 0.5 1 1 1
1 P_5 447 447 0.5 0.5 0.5 1 1 1
1 P_5 448 448 0.5 0.5 0.5 1 1 1
1 P_5 449 449 0.5 0.5 0.5 1 1 1
1 P_5 450 450 0.5 0.5 0.5 1 1 1
1 P_5 451 451 0.5 0.5 0.5 1 1 1
1 P_5 452 452 0.5 0.5 0.5 1 1 1
1 P_5 453 453 0.5 0.5 0.5 1 1 1
1 P_5 454 454 0.5 0.5 0.5 1 1 1
1 P_5 455 455 0.2068535 0.2132 0.219589 1 1 1
1 P_5 456 456 0.5 0.5 0.5 1 1 1
1 P_5 457 457 0.5 0.5 0.5 1 1 1
1 P_5 458 458 0.5 0.5 0.5 1 1 1
1 P_5 459 459 0.5 0.5 0.5 1 1 1
1 P_5 460 460 0.5 0.5 0.5 1 1 1
1 P_5 461 461 0.5 0.5 0.5 1 1 1
1 P_5 462 462 0.5 0.5 0.5 1 1 1
1 P_5 463 463 0.2068535 0.2132 0.219589 1 1 1
1 P_5 464 464 0.5 0.5 0.5 1 1 1
1 P_5 465 465 0.5 0.5 0.5 1 1 1
1 P_5 466 466 0.5 0.5 0.5 1 1 1
1 P_5 467 467 0.5 0.5 0.5 1 1 1
1 P_5 468 468 0.5 0.5 0.5 1 1 1
1 P_5 469 469 0.5 0.5 0.5 1 1 1
1 P_5 470 470 0.5 0.5 0.5 1 1 1
1 P_5 471 471 0.5 0.5 0.5 1 1 1
1 P_5 472 472 0.5 0.5 0.5 1 1 1
1 P_5 473 473 0 0 0 1 1 1
1 P_5 474 474 0.2068535 0.2132 0.219589 1 1 1
1 P_5 475 475 0 0 0 1 1 1
1 P_5 476 476 0.5 0.5 0.5 1 1 1
1 P_5 477 477 0.5 0.5 0.5 1 1 1
1 P_5 478 478 0.421428 0.4261 0.4305695 1 1 1
1 P_5 479 479 0 0 0 1 1 1
1 P_5 480 480 0.5 0.5 0.5 1 1 1
1 P_5 481 481 0.5 0.5 0.5 1 1 1
1 P_5 482 482 0.2068535 0.2132 0.219589 1 1 1
1 P_5 483 483 0.5 0.5 0.5 1 1 1
1 P_5 484 484 0.2068535 0.2132 0.219589 1 1 1
1 P_5 485 485 0 0 0 1 1 1
1 P_5 486 486 0.5 0.5 0.5 1 1 1
1 P_5 487 487 0.5 0.5 0.5 1 1 1
1 P_5 488 488 0.421428 0.4261 0.4305695 1 1 1
1 P_5 489 489 0 0 0 1 1 1
1 P_5 490 490 0 0 0 1 1 1
1 P_5 491 491 0.5 0.5 0.5 1 1 1
1 P_5 492 492 0.5 0.5 0.5 1 1 1
1 P_5 493 493 0.5 0.5 0.5 1 1 1
1 P_5 494 494 0 0 0 1 1 1
1 P_5 495 495 0.5 0.5 0.5 1 1 1
1 P_5 496 496 0 0 0 1 1 1
1 P_5 497 497 0.2068535 0.2132 0.219589 1 1 1
1 P_5 498 498 0.5 0.5 0.5 1 1 1
1 P_5 499 499 0.5 0.5 0.5 1 1 1
1 P_5 500 500 0.5 0.5 0.5 1 1 1
1 P_5 501 501 0.5 0.5 0.5 1 1 1
1 P_5 502 502 0.5 0.5 0.5 1 1 1
1 P_5 503 503 0.5 0.5 0.5 1 1 1
1 P_5 504 504 0.5 0.5 0.5 1 1 1
1 P_5 505 505 0 0 0 1 1 1
1 P_5 506 506 0.5 0.5 0.5 1 1 1
1 P_5 507 507 0.5 0.5 0.5 1 1 1
1 P_5 508 508 0.5 0.5 0.5 1 1 1
1 P_5 509 509 0.5 0.5 0.5 1 1 1
1 P_5 510 510 0.5 0.5 0.5 1 1 1
1 P_5 511 511 0 0 0 1 1 1
1 P_5 512 512 0.5 0.5 0.5 1 1 1
1 P_5 513 513 0.5 0.5 0.5 1 1 1
1 P_5 514 514 0.0694795 0.07395 0.078623 1 1 1
1 P_5 515 515 0.5 0.5 0.5 1 1 1
1 P_5 516 516 0.421428 0.4261 0.4305695 1 1 1
1 P_5 517 517 0.5 0.5 0.5 1 1 1
1 P_5 518 518 0.5 0.5 0.5 1 1 1
1 P_5 519 519 0.5 0.5 0.5 1 1 1
1 P_5 520 520 0.5 0.5 0.5 1 1 1
1 P_5 521 521 0.421428 0.4261 0.4305695 1 1 1
1 P_5 522 522 0.5 0.5 0.5 1 1 1
1 P_5 523 523 0.5 0.5 0.5 1 1 1
1 P_5 524 524 0 0 0 1 1 1
1 P_5 525 525 0.2068535 0.2132 0.219589 1 1 1
1 P_5 526 526 0.5 0.5 0.5 1 1 1
1 P_5 527 527 0.2068535 0.2132 0.219589 1 1 1
1 P_5 528 528 0.5 0.5 0.5 1 1 1
1 P_5 529 529 0.5 0.5 0.5 1 1 1
1 P_5 530 530 0.5 0.5 0.5 1 1 1
1 P_5 531 531 0.0694795 0.07395 0.078623 1 1 1
1 P_5 532 532 0.421428 0.4261 0.4305695 1 1 1
1 P_5 533 533 0.5 0.5 0.5 1 1 1
1 P_5 534 534 0.5 0.5 0.5 1 1 1
1 P_5 535 535 0.5 0.5 0.5 1 1 1
1 P_5 536 536 0.2068535 0.2132 0.219589 1 1 1
1 P_5 537 537 0.5 0.5 0.5 1 1 1
1 P_5 538 538 0.5 0.5 0.5 1 1 1
1 P_5 539 539 0.5 0.5 0.5 1 1 1
1 P_5 540 540 0.5 0.5 0.5 1 1 1
1 P_5 541 541 0.421428 0.4261 0.4305695 1 1 1
