5 #m
45 #n
0 P_5 0 0 0 0 0 1 1 1
0 P_5 1 1 0.087248 0.09215 0.097234 1 1 1
0 P_5 2 2 0 0 0 1 1 1
0 P_5 3 3 0.402817 0.4079 0.412801 1 1 1
0 P_5 4 4 0.402817 0.4079 0.412801 1 1 1
0 P_5 5 5 0.402817 0.4079 0.412801 1 1 1
0 P_5 6 6 0.087248 0.09215 0.097234 1 1 1
0 P_5 7 7 0 0 0 1 1 1
0 P_5 8 8 0 0 0 1 1 1
0 P_5 9 9 0 0 0 1 1 1
0 P_5 10 10 0.087248 0.09215 0.097234 1 1 1
0 P_5 11 11 0 0 0 1 1 1
0 P_5 12 12 0 0 0 1 1 1
0 P_5 13 13 0 0 0 1 1 1
0 P_5 14 14 0.087248 0.09215 0.097234 1 1 1
0 P_5 15 15 0.5 0.5 0.5 1 1 1
0 P_5 16 16 0.5 0.5 0.5 1 1 1
0 P_5 17 17 0.402817 0.4079 0.412801 1 1 1
0 P_5 18 18 0 0 0 1 1 1
0 P_5 19 19 0 0 0 1 1 1
0 P_5 20 20 0.087248 0.09215 0.097234 1 1 1
0 P_5 21 21 0 0 0 1 1 1
0 P_5 22 22 0.5 0.5 0.5 1 1 1
0 P_5 23 23 0.402817 0.4079 0.412801 1 1 1
0 P_5 24 24 0 0 0 1 1 1
0 P_5 25 25 0.402817 0.4079 0.412801 1 1 1
0 P_5 26 26 0 0 0 1 1 1
0 P_5 27 27 0 0 0 1 1 1
0 P_5 28 28 0 0 0 1 1 1
0 P_5 29 29 0.402817 0.4079 0.412801 1 1 1
0 P_5 30 30 0 0 0 1 1 1
0 P_5 31 31 0 0 0 1 1 1
0 P_5 32 32 0.087248 0.09215 0.097234 1 1 1
0 P_5 33 33 0 0 0 1 1 1
0 P_5 34 34 0 0 0 1 1 1
0 P_5 35 35 0.087248 0.09215 0.097234 1 1 1
0 P_5 36 36 0.087248 0.09215 0.097234 1 1 1
0 P_5 37 37 0 0 0 1 1 1
0 P_5 38 38 0 0 0 1 1 1
0 P_5 39 39 0.402817 0.4079 0.412801 1 1 1
0 P_5 40 40 0.402817 0.4079 0.412801 1 1 1
0 P_5 41 41 0.087248 0.09215 0.097234 1 1 1
0 P_5 42 42 0 0 0 1 1 1
0 P_5 43 43 0 0 0 1 1 1
0 P_5 44 44 0 0 0 1 1 1
1 P_9 0 0 0 0 0 1 1 1
1 P_9 1 1 0.425171 0.42975 0.434122 1 1 1
1 P_9 2 2 0 0 0 1 1 1
1 P_9 3 3 0 0 0 1 1 1
1 P_9 4 4 0 0 0 1 1 1
1 P_9 5 5 0 0 0 1 1 1
1 P_9 6 6 0.425171 0.42975 0.434122 1 1 1
1 P_9 7 7 0 0 0 1 1 1
1 P_9 8 8 0.0659265 0.0703 0.07488 1 1 1
1 P_9 9 9 0 0 0 1 1 1
1 P_9 10 10 0.425171 0.42975 0.434122 1 1 1
1 P_9 11 11 0 0 0 1 1 1
1 P_9 12 12 0 0 0 1 1 1
1 P_9 13 13 0.0659265 0.0703 0.07488 1 1 1
1 P_9 14 14 0.425171 0.42975 0.434122 1 1 1
1 P_9 15 15 0.5 0.5 0.5 1 1 1
1 P_9 16 16 0.5 0.5 0.5 1 1 1
1 P_9 17 17 0.0659265 0.0703 0.07488 1 1 1
1 P_9 18 18 0 0 0 1 1 1
1 P_9 19 19 0 0 0 1 1 1
1 P_9 20 20 0.425171 0.42975 0.434122 1 1 1
1 P_9 21 21 0.0659265 0.0703 0.07488 1 1 1
1 P_9 22 22 0.5 0.5 0.5 1 1 1
1 P_9 23 23 0 0 0 1 1 1
1 P_9 24 24 0 0 0 1 1 1
1 P_9 25 25 0 0 0 1 1 1
1 P_9 26 26 0 0 0 1 1 1
1 P_9 27 27 0 0 0 1 1 1
1 P_9 28 28 0 0 0 1 1 1
1 P_9 29 29 0 0 0 1 1 1
1 P_9 30 30 0 0 0 1 1 1
1 P_9 31 31 0 0 0 1 1 1
1 P_9 32 32 0.425171 0.42975 0.434122 1 1 1
1 P_9 33 33 0.0659265 0.0703 0.07488 1 1 1
1 P_9 34 34 0 0 0 1 1 1
1 P_9 35 35 0.425171 0.42975 0.434122 1 1 1
1 P_9 36 36 0.425171 0.42975 0.434122 1 1 1
1 P_9 37 37 0 0 0 1 1 1
1 P_9 38 38 0.0659265 0.0703 0.07488 1 1 1
1 P_9 39 39 0 0 0 1 1 1
1 P_9 40 40 0.0659265 0.0703 0.07488 1 1 1
1 P_9 41 41 0.425171 0.42975 0.434122 1 1 1
1 P_9 42 42 0 0 0 1 1 1
1 P_9 43 43 0 0 0 1 1 1
1 P_9 44 44 0 0 0 1 1 1
2 P_0 0 0 0 0 0 1 1 1
2 P_0 1 1 0 0 0 1 1 1
2 P_0 2 2 0.305677 0.31195 0.3181515 1 1 1
2 P_0 3 3 0 0 0 1 1 1
2 P_0 4 4 0 0 0 1 1 1
2 P_0 5 5 0 0 0 1 1 1
2 P_0 6 6 0 0 0 1 1 1
2 P_0 7 7 0.181898 0.1881 0.1943735 1 1 1
2 P_0 8 8 0.5 0.5 0.5 1 1 1
2 P_0 9 9 0 0 0 1 1 1
2 P_0 10 10 0 0 0 1 1 1
2 P_0 11 11 0.305677 0.31195 0.3181515 1 1 1
2 P_0 12 12 0.181898 0.1881 0.1943735 1 1 1
2 P_0 13 13 0 0 0 1 1 1
2 P_0 14 14 0 0 0 1 1 1
2 P_0 15 15 0.5 0.5 0.5 1 1 1
2 P_0 16 16 0.5 0.5 0.5 1 1 1
2 P_0 17 17 0.5 0.5 0.5 1 1 1
2 P_0 18 18 0 0 0 1 1 1
2 P_0 19 19 0.181898 0.1881 0.1943735 1 1 1
2 P_0 20 20 0 0 0 1 1 1
2 P_0 21 21 0 0 0 1 1 1
2 P_0 22 22 0.5 0.5 0.5 1 1 1
2 P_0 23 23 0 0 0 1 1 1
2 P_0 24 24 0.305677 0.31195 0.3181515 1 1 1
2 P_0 25 25 0 0 0 1 1 1
2 P_0 26 26 0 0 0 1 1 1
2 P_0 27 27 0.305677 0.31195 0.3181515 1 1 1
2 P_0 28 28 0 0 0 1 1 1
2 P_0 29 29 0 0 0 1 1 1
2 P_0 30 30 0 0 0 1 1 1
2 P_0 31 31 0 0 0 1 1 1
2 P_0 32 32 0 0 0 1 1 1
2 P_0 33 33 0 0 0 1 1 1
2 P_0 34 34 0.305677 0.31195 0.3181515 1 1 1
2 P_0 35 35 0 0 0 1 1 1
2 P_0 36 36 0 0 0 1 1 1
2 P_0 37 37 0 0 0 1 1 1
2 P_0 38 38 0 0 0 1 1 1
2 P_0 39 39 0 0 0 1 1 1
2 P_0 40 40 0.5 0.5 0.5 1 1 1
2 P_0 41 41 0 0 0 1 1 1
2 P_0 42 42 0.181898 0.1881 0.1943735 1 1 1
2 P_0 43 43 0.305677 0.31195 0.3181515 1 1 1
2 P_0 44 44 0 0 0 1 1 1
3 P_4 0 0 0.069041 0.0735 0.078162 1 1 1
3 P_4 1 1 0.223594 0.23 0.236429 1 1 1
3 P_4 2 2 0 0 0 1 1 1
3 P_4 3 3 0.1902915 0.19655 0.20287 1 1 1
3 P_4 4 4 0.1902915 0.19655 0.20287 1 1 1
3 P_4 5 5 0.1058265 0.1111 0.1165335 1 1 1
3 P_4 6 6 0.223594 0.23 0.236429 1 1 1
3 P_4 7 7 0.069041 0.0735 0.078162 1 1 1
3 P_4 8 8 0.069041 0.0735 0.078162 1 1 1
3 P_4 9 9 0 0 0 1 1 1
3 P_4 10 10 0.223594 0.23 0.236429 1 1 1
3 P_4 11 11 0 0 0 1 1 1
3 P_4 12 12 0 0 0 1 1 1
3 P_4 13 13 0 0 0 1 1 1
3 P_4 14 14 0.1016045 0.1068 0.11216 1 1 1
3 P_4 15 15 0.5 0.5 0.5 1 1 1
3 P_4 16 16 0.5 0.5 0.5 1 1 1
3 P_4 17 17 0.263621 0.27005 0.276456 1 1 1
3 P_4 18 18 0.117724 0.1232 0.128822 1 1 1
3 P_4 19 19 0.069041 0.0735 0.078162 1 1 1
3 P_4 20 20 0.223594 0.23 0.236429 1 1 1
3 P_4 21 21 0 0 0 1 1 1
3 P_4 22 22 0.5 0.5 0.5 1 1 1
3 P_4 23 23 0.1902915 0.19655 0.20287 1 1 1
3 P_4 24 24 0 0 0 1 1 1
3 P_4 25 25 0.1902915 0.19655 0.20287 1 1 1
3 P_4 26 26 0 0 0 1 1 1
3 P_4 27 27 0 0 0 1 1 1
3 P_4 28 28 0 0 0 1 1 1
3 P_4 29 29 0.1058265 0.1111 0.1165335 1 1 1
3 P_4 30 30 0.117724 0.1232 0.128822 1 1 1
3 P_4 31 31 0.117724 0.1232 0.128822 1 1 1
3 P_4 32 32 0.223594 0.23 0.236429 1 1 1
3 P_4 33 33 0 0 0 1 1 1
3 P_4 34 34 0 0 0 1 1 1
3 P_4 35 35 0.223594 0.23 0.236429 1 1 1
3 P_4 36 36 0.223594 0.23 0.236429 1 1 1
3 P_4 37 37 0.069041 0.0735 0.078162 1 1 1
3 P_4 38 38 0 0 0 1 1 1
3 P_4 39 39 0.1902915 0.19655 0.20287 1 1 1
3 P_4 40 40 0.263621 0.27005 0.276456 1 1 1
3 P_4 41 41 0.223594 0.23 0.236429 1 1 1
3 P_4 42 42 0.069041 0.0735 0.078162 1 1 1
3 P_4 43 43 0 0 0 1 1 1
3 P_4 44 44 0 0 0 1 1 1
4 P_3 0 0 0.1636985 0.16975 0.1758935 1 1 1
4 P_3 1 1 0.324157 0.3303 0.336351 1 1 1
4 P_3 2 2 0 0 0 1 1 1
4 P_3 3 3 0 0 0 1 1 1
4 P_3 4 4 0 0 0 1 1 1
4 P_3 5 5 0 0 0 1 1 1
4 P_3 6 6 0.324157 0.3303 0.336351 1 1 1
4 P_3 7 7 0.1636985 0.16975 0.1758935 1 1 1
4 P_3 8 8 0.1636985 0.16975 0.1758935 1 1 1
4 P_3 9 9 0 0 0 1 1 1
4 P_3 10 10 0.324157 0.3303 0.336351 1 1 1
4 P_3 11 11 0 0 0 1 1 1
4 P_3 12 12 0 0 0 1 1 1
4 P_3 13 13 0 0 0 1 1 1
4 P_3 14 14 0 0 0 1 1 1
4 P_3 15 15 0.5 0.5 0.5 1 1 1
4 P_3 16 16 0.5 0.5 0.5 1 1 1
4 P_3 17 17 0.1636985 0.16975 0.1758935 1 1 1
4 P_3 18 18 0.324157 0.3303 0.336351 1 1 1
4 P_3 19 19 0.1636985 0.16975 0.1758935 1 1 1
4 P_3 20 20 0.324157 0.3303 0.336351 1 1 1
4 P_3 21 21 0 0 0 1 1 1
4 P_3 22 22 0.5 0.5 0.5 1 1 1
4 P_3 23 23 0 0 0 1 1 1
4 P_3 24 24 0 0 0 1 1 1
4 P_3 25 25 0 0 0 1 1 1
4 P_3 26 26 0 0 0 1 1 1
4 P_3 27 27 0 0 0 1 1 1
4 P_3 28 28 0 0 0 1 1 1
4 P_3 29 29 0 0 0 1 1 1
4 P_3 30 30 0.324157 0.3303 0.336351 1 1 1
4 P_3 31 31 0.324157 0.3303 0.336351 1 1 1
4 P_3 32 32 0.324157 0.3303 0.336351 1 1 1
4 P_3 33 33 0 0 0 1 1 1
4 P_3 34 34 0 0 0 1 1 1
4 P_3 35 35 0.324157 0.3303 0.336351 1 1 1
4 P_3 36 36 0.324157 0.3303 0.336351 1 1 1
4 P_3 37 37 0.1636985 0.16975 0.1758935 1 1 1
4 P_3 38 38 0 0 0 1 1 1
4 P_3 39 39 0 0 0 1 1 1
4 P_3 40 40 0.1636985 0.16975 0.1758935 1 1 1
4 P_3 41 41 0.324157 0.3303 0.336351 1 1 1
4 P_3 42 42 0.1636985 0.16975 0.1758935 1 1 1
4 P_3 43 43 0 0 0 1 1 1
4 P_3 44 44 0 0 0 1 1 1
