2 #m
421 #n
0 P_9 0 0 0 0 0 1 1 1
0 P_9 1 1 0.5 0.5 0.5 1 1 1
0 P_9 2 2 0 0 0 1 1 1
0 P_9 3 3 0 0 0 1 1 1
0 P_9 4 4 0 0 0 1 1 1
0 P_9 5 5 0 0 0 1 1 1
0 P_9 6 6 0 0 0 1 1 1
0 P_9 7 7 0 0 0 1 1 1
0 P_9 8 8 0.3349005 0.34095 0.3468945 1 1 1
0 P_9 9 9 0.3349005 0.34095 0.3468945 1 1 1
0 P_9 10 10 0 0 0 1 1 1
0 P_9 11 11 0 0 0 1 1 1
0 P_9 12 12 0 0 0 1 1 1
0 P_9 13 13 0.3349005 0.34095 0.3468945 1 1 1
0 P_9 14 14 0 0 0 1 1 1
0 P_9 15 15 0.3349005 0.34095 0.3468945 1 1 1
0 P_9 16 16 0 0 0 1 1 1
0 P_9 17 17 0.5 0.5 0.5 1 1 1
0 P_9 18 18 0.3349005 0.34095 0.3468945 1 1 1
0 P_9 19 19 0 0 0 1 1 1
0 P_9 20 20 0.153155 0.1591 0.16515 1 1 1
0 P_9 21 21 0.153155 0.1591 0.16515 1 1 1
0 P_9 22 22 0.153155 0.1591 0.16515 1 1 1
0 P_9 23 23 0.153155 0.1591 0.16515 1 1 1
0 P_9 24 24 0 0 0 1 1 1
0 P_9 25 25 0.153155 0.1591 0.16515 1 1 1
0 P_9 26 26 0 0 0 1 1 1
0 P_9 27 27 0 0 0 1 1 1
0 P_9 28 28 0 0 0 1 1 1
0 P_9 29 29 0.5 0.5 0.5 1 1 1
0 P_9 30 30 0 0 0 1 1 1
0 P_9 31 31 0 0 0 1 1 1
0 P_9 32 32 0 0 0 1 1 1
0 P_9 33 33 0.153155 0.1591 0.16515 1 1 1
0 P_9 34 34 0 0 0 1 1 1
0 P_9 35 35 0.3349005 0.34095 0.3468945 1 1 1
0 P_9 36 36 0 0 0 1 1 1
0 P_9 37 37 0.153155 0.1591 0.16515 1 1 1
0 P_9 38 38 0 0 0 1 1 1
0 P_9 39 39 0.3349005 0.34095 0.3468945 1 1 1
0 P_9 40 40 0 0 0 1 1 1
0 P_9 41 41 0 0 0 1 1 1
0 P_9 42 42 0 0 0 1 1 1
0 P_9 43 43 0 0 0 1 1 1
0 P_9 44 44 0 0 0 1 1 1
0 P_9 45 45 0 0 0 1 1 1
0 P_9 46 46 0 0 0 1 1 1
0 P_9 47 47 0 0 0 1 1 1
0 P_9 48 48 0.153155 0.1591 0.16515 1 1 1
0 P_9 49 49 0 0 0 1 1 1
0 P_9 50 50 0.3349005 0.34095 0.3468945 1 1 1
0 P_9 51 51 0 0 0 1 1 1
0 P_9 52 52 0.153155 0.1591 0.16515 1 1 1
0 P_9 53 53 0.3349005 0.34095 0.3468945 1 1 1
0 P_9 54 54 0.3349005 0.34095 0.3468945 1 1 1
0 P_9 55 55 0 0 0 1 1 1
0 P_9 56 56 0 0 0 1 1 1
0 P_9 57 57 0 0 0 1 1 1
0 P_9 58 58 0.3349005 0.34095 0.3468945 1 1 1
0 P_9 59 59 0 0 0 1 1 1
0 P_9 60 60 0 0 0 1 1 1
0 P_9 61 61 0.5 0.5 0.5 1 1 1
0 P_9 62 62 0 0 0 1 1 1
0 P_9 63 63 0.153155 0.1591 0.16515 1 1 1
0 P_9 64 64 0.5 0.5 0.5 1 1 1
0 P_9 65 65 0.5 0.5 0.5 1 1 1
0 P_9 66 66 0.5 0.5 0.5 1 1 1
0 P_9 67 67 0.5 0.5 0.5 1 1 1
0 P_9 68 68 0 0 0 1 1 1
0 P_9 69 69 0 0 0 1 1 1
0 P_9 70 70 0 0 0 1 1 1
0 P_9 71 71 0.153155 0.1591 0.16515 1 1 1
0 P_9 72 72 0 0 0 1 1 1
0 P_9 73 73 0 0 0 1 1 1
0 P_9 74 74 0 0 0 1 1 1
0 P_9 75 75 0 0 0 1 1 1
0 P_9 76 76 0 0 0 1 1 1
0 P_9 77 77 0 0 0 1 1 1
0 P_9 78 78 0.3349005 0.34095 0.3468945 1 1 1
0 P_9 79 79 0 0 0 1 1 1
0 P_9 80 80 0.153155 0.1591 0.16515 1 1 1
0 P_9 81 81 0.153155 0.1591 0.16515 1 1 1
0 P_9 82 82 0.5 0.5 0.5 1 1 1
0 P_9 83 83 0.5 0.5 0.5 1 1 1
0 P_9 84 84 0.153155 0.1591 0.16515 1 1 1
0 P_9 85 85 0.153155 0.1591 0.16515 1 1 1
0 P_9 86 86 0.3349005 0.34095 0.3468945 1 1 1
0 P_9 87 87 0.3349005 0.34095 0.3468945 1 1 1
0 P_9 88 88 0 0 0 1 1 1
0 P_9 89 89 0.153155 0.1591 0.16515 1 1 1
0 P_9 90 90 0.153155 0.1591 0.16515 1 1 1
0 P_9 91 91 0.3349005 0.34095 0.3468945 1 1 1
0 P_9 92 92 0 0 0 1 1 1
0 P_9 93 93 0.153155 0.1591 0.16515 1 1 1
0 P_9 94 94 0.153155 0.1591 0.16515 1 1 1
0 P_9 95 95 0 0 0 1 1 1
0 P_9 96 96 0 0 0 1 1 1
0 P_9 97 97 0 0 0 1 1 1
0 P_9 98 98 0 0 0 1 1 1
0 P_9 99 99 0.153155 0.1591 0.16515 1 1 1
0 P_9 100 100 0.153155 0.1591 0.16515 1 1 1
0 P_9 101 101 0.5 0.5 0.5 1 1 1
0 P_9 102 102 0 0 0 1 1 1
0 P_9 103 103 0 0 0 1 1 1
0 P_9 104 104 0 0 0 1 1 1
0 P_9 105 105 0 0 0 1 1 1
0 P_9 106 106 0 0 0 1 1 1
0 P_9 107 107 0.5 0.5 0.5 1 1 1
0 P_9 108 108 0 0 0 1 1 1
0 P_9 109 109 0.5 0.5 0.5 1 1 1
0 P_9 110 110 0.5 0.5 0.5 1 1 1
0 P_9 111 111 0.3349005 0.34095 0.3468945 1 1 1
0 P_9 112 112 0 0 0 1 1 1
0 P_9 113 113 0 0 0 1 1 1
0 P_9 114 114 0 0 0 1 1 1
0 P_9 115 115 0 0 0 1 1 1
0 P_9 116 116 0 0 0 1 1 1
0 P_9 117 117 0 0 0 1 1 1
0 P_9 118 118 0.153155 0.1591 0.16515 1 1 1
0 P_9 119 119 0 0 0 1 1 1
0 P_9 120 120 0 0 0 1 1 1
0 P_9 121 121 0.3349005 0.34095 0.3468945 1 1 1
0 P_9 122 122 0 0 0 1 1 1
0 P_9 123 123 0.153155 0.1591 0.16515 1 1 1
0 P_9 124 124 0 0 0 1 1 1
0 P_9 125 125 0 0 0 1 1 1
0 P_9 126 126 0.153155 0.1591 0.16515 1 1 1
0 P_9 127 127 0.3349005 0.34095 0.3468945 1 1 1
0 P_9 128 128 0.3349005 0.34095 0.3468945 1 1 1
0 P_9 129 129 0.3349005 0.34095 0.3468945 1 1 1
0 P_9 130 130 0 0 0 1 1 1
0 P_9 131 131 0 0 0 1 1 1
0 P_9 132 132 0 0 0 1 1 1
0 P_9 133 133 0 0 0 1 1 1
0 P_9 134 134 0.3349005 0.34095 0.3468945 1 1 1
0 P_9 135 135 0 0 0 1 1 1
0 P_9 136 136 0 0 0 1 1 1
0 P_9 137 137 0.3349005 0.34095 0.3468945 1 1 1
0 P_9 138 138 0.5 0.5 0.5 1 1 1
0 P_9 139 139 0.153155 0.1591 0.16515 1 1 1
0 P_9 140 140 0 0 0 1 1 1
0 P_9 141 141 0.5 0.5 0.5 1 1 1
0 P_9 142 142 0.3349005 0.34095 0.3468945 1 1 1
0 P_9 143 143 0 0 0 1 1 1
0 P_9 144 144 0 0 0 1 1 1
0 P_9 145 145 0.153155 0.1591 0.16515 1 1 1
0 P_9 146 146 0 0 0 1 1 1
0 P_9 147 147 0 0 0 1 1 1
0 P_9 148 148 0.3349005 0.34095 0.3468945 1 1 1
0 P_9 149 149 0.153155 0.1591 0.16515 1 1 1
0 P_9 150 150 0.5 0.5 0.5 1 1 1
0 P_9 151 151 0.5 0.5 0.5 1 1 1
0 P_9 152 152 0.153155 0.1591 0.16515 1 1 1
0 P_9 153 153 0 0 0 1 1 1
0 P_9 154 154 0.3349005 0.34095 0.3468945 1 1 1
0 P_9 155 155 0.5 0.5 0.5 1 1 1
0 P_9 156 156 0.3349005 0.34095 0.3468945 1 1 1
0 P_9 157 157 0 0 0 1 1 1
0 P_9 158 158 0 0 0 1 1 1
0 P_9 159 159 0 0 0 1 1 1
0 P_9 160 160 0 0 0 1 1 1
0 P_9 161 161 0.5 0.5 0.5 1 1 1
0 P_9 162 162 0 0 0 1 1 1
0 P_9 163 163 0 0 0 1 1 1
0 P_9 164 164 0 0 0 1 1 1
0 P_9 165 165 0 0 0 1 1 1
0 P_9 166 166 0.3349005 0.34095 0.3468945 1 1 1
0 P_9 167 167 0 0 0 1 1 1
0 P_9 168 168 0 0 0 1 1 1
0 P_9 169 169 0 0 0 1 1 1
0 P_9 170 170 0 0 0 1 1 1
0 P_9 171 171 0.5 0.5 0.5 1 1 1
0 P_9 172 172 0.153155 0.1591 0.16515 1 1 1
0 P_9 173 173 0.5 0.5 0.5 1 1 1
0 P_9 174 174 0.3349005 0.34095 0.3468945 1 1 1
0 P_9 175 175 0 0 0 1 1 1
0 P_9 176 176 0.153155 0.1591 0.16515 1 1 1
0 P_9 177 177 0 0 0 1 1 1
0 P_9 178 178 0.3349005 0.34095 0.3468945 1 1 1
0 P_9 179 179 0 0 0 1 1 1
0 P_9 180 180 0.3349005 0.34095 0.3468945 1 1 1
0 P_9 181 181 0.3349005 0.34095 0.3468945 1 1 1
0 P_9 182 182 0.153155 0.1591 0.16515 1 1 1
0 P_9 183 183 0.153155 0.1591 0.16515 1 1 1
0 P_9 184 184 0 0 0 1 1 1
0 P_9 185 185 0.5 0.5 0.5 1 1 1
0 P_9 186 186 0 0 0 1 1 1
0 P_9 187 187 0.3349005 0.34095 0.3468945 1 1 1
0 P_9 188 188 0.3349005 0.34095 0.3468945 1 1 1
0 P_9 189 189 0 0 0 1 1 1
0 P_9 190 190 0 0 0 1 1 1
0 P_9 191 191 0.153155 0.1591 0.16515 1 1 1
0 P_9 192 192 0.153155 0.1591 0.16515 1 1 1
0 P_9 193 193 0 0 0 1 1 1
0 P_9 194 194 0 0 0 1 1 1
0 P_9 195 195 0.153155 0.1591 0.16515 1 1 1
0 P_9 196 196 0 0 0 1 1 1
0 P_9 197 197 0 0 0 1 1 1
0 P_9 198 198 0.3349005 0.34095 0.3468945 1 1 1
0 P_9 199 199 0 0 0 1 1 1
0 P_9 200 200 0.153155 0.1591 0.16515 1 1 1
0 P_9 201 201 0.5 0.5 0.5 1 1 1
0 P_9 202 202 0.5 0.5 0.5 1 1 1
0 P_9 203 203 0 0 0 1 1 1
0 P_9 204 204 0 0 0 1 1 1
0 P_9 205 205 0 0 0 1 1 1
0 P_9 206 206 0.3349005 0.34095 0.3468945 1 1 1
0 P_9 207 207 0 0 0 1 1 1
0 P_9 208 208 0.3349005 0.34095 0.3468945 1 1 1
0 P_9 209 209 0.3349005 0.34095 0.3468945 1 1 1
0 P_9 210 210 0.3349005 0.34095 0.3468945 1 1 1
0 P_9 211 211 0.153155 0.1591 0.16515 1 1 1
0 P_9 212 212 0 0 0 1 1 1
0 P_9 213 213 0 0 0 1 1 1
0 P_9 214 214 0 0 0 1 1 1
0 P_9 215 215 0 0 0 1 1 1
0 P_9 216 216 0.3349005 0.34095 0.3468945 1 1 1
0 P_9 217 217 0 0 0 1 1 1
0 P_9 218 218 0.5 0.5 0.5 1 1 1
0 P_9 219 219 0 0 0 1 1 1
0 P_9 220 220 0 0 0 1 1 1
0 P_9 221 221 0 0 0 1 1 1
0 P_9 222 222 0.153155 0.1591 0.16515 1 1 1
0 P_9 223 223 0 0 0 1 1 1
0 P_9 224 224 0.3349005 0.34095 0.3468945 1 1 1
0 P_9 225 225 0.3349005 0.34095 0.3468945 1 1 1
0 P_9 226 226 0 0 0 1 1 1
0 P_9 227 227 0 0 0 1 1 1
0 P_9 228 228 0.153155 0.1591 0.16515 1 1 1
0 P_9 229 229 0.5 0.5 0.5 1 1 1
0 P_9 230 230 0.5 0.5 0.5 1 1 1
0 P_9 231 231 0 0 0 1 1 1
0 P_9 232 232 0 0 0 1 1 1
0 P_9 233 233 0 0 0 1 1 1
0 P_9 234 234 0 0 0 1 1 1
0 P_9 235 235 0 0 0 1 1 1
0 P_9 236 236 0 0 0 1 1 1
0 P_9 237 237 0 0 0 1 1 1
0 P_9 238 238 0 0 0 1 1 1
0 P_9 239 239 0 0 0 1 1 1
0 P_9 240 240 0 0 0 1 1 1
0 P_9 241 241 0 0 0 1 1 1
0 P_9 242 242 0 0 0 1 1 1
0 P_9 243 243 0.153155 0.1591 0.16515 1 1 1
0 P_9 244 244 0 0 0 1 1 1
0 P_9 245 245 0.3349005 0.34095 0.3468945 1 1 1
0 P_9 246 246 0 0 0 1 1 1
0 P_9 247 247 0.153155 0.1591 0.16515 1 1 1
0 P_9 248 248 0.3349005 0.34095 0.3468945 1 1 1
0 P_9 249 249 0.3349005 0.34095 0.3468945 1 1 1
0 P_9 250 250 0.3349005 0.34095 0.3468945 1 1 1
0 P_9 251 251 0 0 0 1 1 1
0 P_9 252 252 0 0 0 1 1 1
0 P_9 253 253 0.153155 0.1591 0.16515 1 1 1
0 P_9 254 254 0.3349005 0.34095 0.3468945 1 1 1
0 P_9 255 255 0 0 0 1 1 1
0 P_9 256 256 0.5 0.5 0.5 1 1 1
0 P_9 257 257 0 0 0 1 1 1
0 P_9 258 258 0.3349005 0.34095 0.3468945 1 1 1
0 P_9 259 259 0 0 0 1 1 1
0 P_9 260 260 0 0 0 1 1 1
0 P_9 261 261 0 0 0 1 1 1
0 P_9 262 262 0 0 0 1 1 1
0 P_9 263 263 0 0 0 1 1 1
0 P_9 264 264 0 0 0 1 1 1
0 P_9 265 265 0 0 0 1 1 1
0 P_9 266 266 0.3349005 0.34095 0.3468945 1 1 1
0 P_9 267 267 0.153155 0.1591 0.16515 1 1 1
0 P_9 268 268 0.153155 0.1591 0.16515 1 1 1
0 P_9 269 269 0 0 0 1 1 1
0 P_9 270 270 0 0 0 1 1 1
0 P_9 271 271 0 0 0 1 1 1
0 P_9 272 272 0.5 0.5 0.5 1 1 1
0 P_9 273 273 0.3349005 0.34095 0.3468945 1 1 1
0 P_9 274 274 0 0 0 1 1 1
0 P_9 275 275 0.5 0.5 0.5 1 1 1
0 P_9 276 276 0.3349005 0.34095 0.3468945 1 1 1
0 P_9 277 277 0 0 0 1 1 1
0 P_9 278 278 0.3349005 0.34095 0.3468945 1 1 1
0 P_9 279 279 0 0 0 1 1 1
0 P_9 280 280 0.5 0.5 0.5 1 1 1
0 P_9 281 281 0.3349005 0.34095 0.3468945 1 1 1
0 P_9 282 282 0.3349005 0.34095 0.3468945 1 1 1
0 P_9 283 283 0.153155 0.1591 0.16515 1 1 1
0 P_9 284 284 0 0 0 1 1 1
0 P_9 285 285 0.153155 0.1591 0.16515 1 1 1
0 P_9 286 286 0.3349005 0.34095 0.3468945 1 1 1
0 P_9 287 287 0 0 0 1 1 1
0 P_9 288 288 0.153155 0.1591 0.16515 1 1 1
0 P_9 289 289 0.3349005 0.34095 0.3468945 1 1 1
0 P_9 290 290 0 0 0 1 1 1
0 P_9 291 291 0 0 0 1 1 1
0 P_9 292 292 0 0 0 1 1 1
0 P_9 293 293 0 0 0 1 1 1
0 P_9 294 294 0 0 0 1 1 1
0 P_9 295 295 0 0 0 1 1 1
0 P_9 296 296 0.5 0.5 0.5 1 1 1
0 P_9 297 297 0 0 0 1 1 1
0 P_9 298 298 0 0 0 1 1 1
0 P_9 299 299 0 0 0 1 1 1
0 P_9 300 300 0.3349005 0.34095 0.3468945 1 1 1
0 P_9 301 301 0.5 0.5 0.5 1 1 1
0 P_9 302 302 0 0 0 1 1 1
0 P_9 303 303 0.5 0.5 0.5 1 1 1
0 P_9 304 304 0 0 0 1 1 1
0 P_9 305 305 0 0 0 1 1 1
0 P_9 306 306 0 0 0 1 1 1
0 P_9 307 307 0.3349005 0.34095 0.3468945 1 1 1
0 P_9 308 308 0 0 0 1 1 1
0 P_9 309 309 0 0 0 1 1 1
0 P_9 310 310 0 0 0 1 1 1
0 P_9 311 311 0 0 0 1 1 1
0 P_9 312 312 0.3349005 0.34095 0.3468945 1 1 1
0 P_9 313 313 0 0 0 1 1 1
0 P_9 314 314 0 0 0 1 1 1
0 P_9 315 315 0 0 0 1 1 1
0 P_9 316 316 0 0 0 1 1 1
0 P_9 317 317 0 0 0 1 1 1
0 P_9 318 318 0 0 0 1 1 1
0 P_9 319 319 0 0 0 1 1 1
0 P_9 320 320 0.3349005 0.34095 0.3468945 1 1 1
0 P_9 321 321 0 0 0 1 1 1
0 P_9 322 322 0.3349005 0.34095 0.3468945 1 1 1
0 P_9 323 323 0.3349005 0.34095 0.3468945 1 1 1
0 P_9 324 324 0.153155 0.1591 0.16515 1 1 1
0 P_9 325 325 0 0 0 1 1 1
0 P_9 326 326 0 0 0 1 1 1
0 P_9 327 327 0 0 0 1 1 1
0 P_9 328 328 0 0 0 1 1 1
0 P_9 329 329 0.5 0.5 0.5 1 1 1
0 P_9 330 330 0 0 0 1 1 1
0 P_9 331 331 0 0 0 1 1 1
0 P_9 332 332 0.3349005 0.34095 0.3468945 1 1 1
0 P_9 333 333 0.3349005 0.34095 0.3468945 1 1 1
0 P_9 334 334 0 0 0 1 1 1
0 P_9 335 335 0 0 0 1 1 1
0 P_9 336 336 0 0 0 1 1 1
0 P_9 337 337 0 0 0 1 1 1
0 P_9 338 338 0 0 0 1 1 1
0 P_9 339 339 0.3349005 0.34095 0.3468945 1 1 1
0 P_9 340 340 0 0 0 1 1 1
0 P_9 341 341 0 0 0 1 1 1
0 P_9 342 342 0 0 0 1 1 1
0 P_9 343 343 0 0 0 1 1 1
0 P_9 344 344 0 0 0 1 1 1
0 P_9 345 345 0.153155 0.1591 0.16515 1 1 1
0 P_9 346 346 0.3349005 0.34095 0.3468945 1 1 1
0 P_9 347 347 0 0 0 1 1 1
0 P_9 348 348 0 0 0 1 1 1
0 P_9 349 349 0 0 0 1 1 1
0 P_9 350 350 0.3349005 0.34095 0.3468945 1 1 1
0 P_9 351 351 0.5 0.5 0.5 1 1 1
0 P_9 352 352 0 0 0 1 1 1
0 P_9 353 353 0 0 0 1 1 1
0 P_9 354 354 0.3349005 0.34095 0.3468945 1 1 1
0 P_9 355 355 0 0 0 1 1 1
0 P_9 356 356 0.153155 0.1591 0.16515 1 1 1
0 P_9 357 357 0.3349005 0.34095 0.3468945 1 1 1
0 P_9 358 358 0 0 0 1 1 1
0 P_9 359 359 0 0 0 1 1 1
0 P_9 360 360 0 0 0 1 1 1
0 P_9 361 361 0 0 0 1 1 1
0 P_9 362 362 0.3349005 0.34095 0.3468945 1 1 1
0 P_9 363 363 0.3349005 0.34095 0.3468945 1 1 1
0 P_9 364 364 0 0 0 1 1 1
0 P_9 365 365 0.153155 0.1591 0.16515 1 1 1
0 P_9 366 366 0.153155 0.1591 0.16515 1 1 1
0 P_9 367 367 0 0 0 1 1 1
0 P_9 368 368 0 0 0 1 1 1
0 P_9 369 369 0.5 0.5 0.5 1 1 1
0 P_9 370 370 0 0 0 1 1 1
0 P_9 371 371 0 0 0 1 1 1
0 P_9 372 372 0 0 0 1 1 1
0 P_9 373 373 0.153155 0.1591 0.16515 1 1 1
0 P_9 374 374 0 0 0 1 1 1
0 P_9 375 375 0.3349005 0.34095 0.3468945 1 1 1
0 P_9 376 376 0.3349005 0.34095 0.3468945 1 1 1
0 P_9 377 377 0.3349005 0.34095 0.3468945 1 1 1
0 P_9 378 378 0 0 0 1 1 1
0 P_9 379 379 0.153155 0.1591 0.16515 1 1 1
0 P_9 380 380 0.3349005 0.34095 0.3468945 1 1 1
0 P_9 381 381 0.153155 0.1591 0.16515 1 1 1
0 P_9 382 382 0 0 0 1 1 1
0 P_9 383 383 0 0 0 1 1 1
0 P_9 384 384 0.153155 0.1591 0.16515 1 1 1
0 P_9 385 385 0 0 0 1 1 1
0 P_9 386 386 0.153155 0.1591 0.16515 1 1 1
0 P_9 387 387 0.153155 0.1591 0.16515 1 1 1
0 P_9 388 388 0.153155 0.1591 0.16515 1 1 1
0 P_9 389 389 0 0 0 1 1 1
0 P_9 390 390 0 0 0 1 1 1
0 P_9 391 391 0.153155 0.1591 0.16515 1 1 1
0 P_9 392 392 0 0 0 1 1 1
0 P_9 393 393 0.3349005 0.34095 0.3468945 1 1 1
0 P_9 394 394 0.3349005 0.34095 0.3468945 1 1 1
0 P_9 395 395 0 0 0 1 1 1
0 P_9 396 396 0 0 0 1 1 1
0 P_9 397 397 0 0 0 1 1 1
0 P_9 398 398 0 0 0 1 1 1
0 P_9 399 399 0.5 0.5 0.5 1 1 1
0 P_9 400 400 0 0 0 1 1 1
0 P_9 401 401 0.3349005 0.34095 0.3468945 1 1 1
0 P_9 402 402 0 0 0 1 1 1
0 P_9 403 403 0 0 0 1 1 1
0 P_9 404 404 0 0 0 1 1 1
0 P_9 405 405 0 0 0 1 1 1
0 P_9 406 406 0.5 0.5 0.5 1 1 1
0 P_9 407 407 0 0 0 1 1 1
0 P_9 408 408 0.5 0.5 0.5 1 1 1
0 P_9 409 409 0 0 0 1 1 1
0 P_9 410 410 0.3349005 0.34095 0.3468945 1 1 1
0 P_9 411 411 0.3349005 0.34095 0.3468945 1 1 1
0 P_9 412 412 0 0 0 1 1 1
0 P_9 413 413 0 0 0 1 1 1
0 P_9 414 414 0.3349005 0.34095 0.3468945 1 1 1
0 P_9 415 415 0 0 0 1 1 1
0 P_9 416 416 0 0 0 1 1 1
0 P_9 417 417 0 0 0 1 1 1
0 P_9 418 418 0 0 0 1 1 1
0 P_9 419 419 0 0 0 1 1 1
0 P_9 420 420 0 0 0 1 1 1
1 P_8 0 0 0 0 0 1 1 1
1 P_8 1 1 0.5 0.5 0.5 1 1 1
1 P_8 2 2 0 0 0 1 1 1
1 P_8 3 3 0 0 0 1 1 1
1 P_8 4 4 0 0 0 1 1 1
1 P_8 5 5 0 0 0 1 1 1
1 P_8 6 6 0 0 0 1 1 1
1 P_8 7 7 0.3635225 0.36925 0.37484 1 1 1
1 P_8 8 8 0.125209 0.1308 0.136528 1 1 1
1 P_8 9 9 0.125209 0.1308 0.136528 1 1 1
1 P_8 10 10 0 0 0 1 1 1
1 P_8 11 11 0 0 0 1 1 1
1 P_8 12 12 0 0 0 1 1 1
1 P_8 13 13 0.125209 0.1308 0.136528 1 1 1
1 P_8 14 14 0.3635225 0.36925 0.37484 1 1 1
1 P_8 15 15 0.125209 0.1308 0.136528 1 1 1
1 P_8 16 16 0 0 0 1 1 1
1 P_8 17 17 0.5 0.5 0.5 1 1 1
1 P_8 18 18 0.5 0.5 0.5 1 1 1
1 P_8 19 19 0 0 0 1 1 1
1 P_8 20 20 0 0 0 1 1 1
1 P_8 21 21 0 0 0 1 1 1
1 P_8 22 22 0 0 0 1 1 1
1 P_8 23 23 0 0 0 1 1 1
1 P_8 24 24 0.3635225 0.36925 0.37484 1 1 1
1 P_8 25 25 0 0 0 1 1 1
1 P_8 26 26 0.3635225 0.36925 0.37484 1 1 1
1 P_8 27 27 0 0 0 1 1 1
1 P_8 28 28 0 0 0 1 1 1
1 P_8 29 29 0.5 0.5 0.5 1 1 1
1 P_8 30 30 0 0 0 1 1 1
1 P_8 31 31 0 0 0 1 1 1
1 P_8 32 32 0 0 0 1 1 1
1 P_8 33 33 0 0 0 1 1 1
1 P_8 34 34 0 0 0 1 1 1
1 P_8 35 35 0.125209 0.1308 0.136528 1 1 1
1 P_8 36 36 0.3635225 0.36925 0.37484 1 1 1
1 P_8 37 37 0 0 0 1 1 1
1 P_8 38 38 0 0 0 1 1 1
1 P_8 39 39 0.125209 0.1308 0.136528 1 1 1
1 P_8 40 40 0 0 0 1 1 1
1 P_8 41 41 0 0 0 1 1 1
1 P_8 42 42 0 0 0 1 1 1
1 P_8 43 43 0 0 0 1 1 1
1 P_8 44 44 0 0 0 1 1 1
1 P_8 45 45 0 0 0 1 1 1
1 P_8 46 46 0 0 0 1 1 1
1 P_8 47 47 0 0 0 1 1 1
1 P_8 48 48 0 0 0 1 1 1
1 P_8 49 49 0 0 0 1 1 1
1 P_8 50 50 0.125209 0.1308 0.136528 1 1 1
1 P_8 51 51 0 0 0 1 1 1
1 P_8 52 52 0 0 0 1 1 1
1 P_8 53 53 0.125209 0.1308 0.136528 1 1 1
1 P_8 54 54 0.125209 0.1308 0.136528 1 1 1
1 P_8 55 55 0 0 0 1 1 1
1 P_8 56 56 0 0 0 1 1 1
1 P_8 57 57 0.3635225 0.36925 0.37484 1 1 1
1 P_8 58 58 0.5 0.5 0.5 1 1 1
1 P_8 59 59 0 0 0 1 1 1
1 P_8 60 60 0 0 0 1 1 1
1 P_8 61 61 0.5 0.5 0.5 1 1 1
1 P_8 62 62 0 0 0 1 1 1
1 P_8 63 63 0 0 0 1 1 1
1 P_8 64 64 0.5 0.5 0.5 1 1 1
1 P_8 65 65 0.5 0.5 0.5 1 1 1
1 P_8 66 66 0.5 0.5 0.5 1 1 1
1 P_8 67 67 0.5 0.5 0.5 1 1 1
1 P_8 68 68 0 0 0 1 1 1
1 P_8 69 69 0 0 0 1 1 1
1 P_8 70 70 0 0 0 1 1 1
1 P_8 71 71 0 0 0 1 1 1
1 P_8 72 72 0 0 0 1 1 1
1 P_8 73 73 0 0 0 1 1 1
1 P_8 74 74 0 0 0 1 1 1
1 P_8 75 75 0 0 0 1 1 1
1 P_8 76 76 0 0 0 1 1 1
1 P_8 77 77 0 0 0 1 1 1
1 P_8 78 78 0.5 0.5 0.5 1 1 1
1 P_8 79 79 0.3635225 0.36925 0.37484 1 1 1
1 P_8 80 80 0 0 0 1 1 1
1 P_8 81 81 0 0 0 1 1 1
1 P_8 82 82 0.5 0.5 0.5 1 1 1
1 P_8 83 83 0.5 0.5 0.5 1 1 1
1 P_8 84 84 0 0 0 1 1 1
1 P_8 85 85 0 0 0 1 1 1
1 P_8 86 86 0.125209 0.1308 0.136528 1 1 1
1 P_8 87 87 0.5 0.5 0.5 1 1 1
1 P_8 88 88 0 0 0 1 1 1
1 P_8 89 89 0 0 0 1 1 1
1 P_8 90 90 0 0 0 1 1 1
1 P_8 91 91 0.125209 0.1308 0.136528 1 1 1
1 P_8 92 92 0 0 0 1 1 1
1 P_8 93 93 0 0 0 1 1 1
1 P_8 94 94 0 0 0 1 1 1
1 P_8 95 95 0.3635225 0.36925 0.37484 1 1 1
1 P_8 96 96 0 0 0 1 1 1
1 P_8 97 97 0 0 0 1 1 1
1 P_8 98 98 0 0 0 1 1 1
1 P_8 99 99 0 0 0 1 1 1
1 P_8 100 100 0 0 0 1 1 1
1 P_8 101 101 0.5 0.5 0.5 1 1 1
1 P_8 102 102 0.3635225 0.36925 0.37484 1 1 1
1 P_8 103 103 0 0 0 1 1 1
1 P_8 104 104 0 0 0 1 1 1
1 P_8 105 105 0 0 0 1 1 1
1 P_8 106 106 0 0 0 1 1 1
1 P_8 107 107 0.5 0.5 0.5 1 1 1
1 P_8 108 108 0 0 0 1 1 1
1 P_8 109 109 0.5 0.5 0.5 1 1 1
1 P_8 110 110 0.5 0.5 0.5 1 1 1
1 P_8 111 111 0.125209 0.1308 0.136528 1 1 1
1 P_8 112 112 0 0 0 1 1 1
1 P_8 113 113 0.3635225 0.36925 0.37484 1 1 1
1 P_8 114 114 0 0 0 1 1 1
1 P_8 115 115 0 0 0 1 1 1
1 P_8 116 116 0 0 0 1 1 1
1 P_8 117 117 0 0 0 1 1 1
1 P_8 118 118 0 0 0 1 1 1
1 P_8 119 119 0 0 0 1 1 1
1 P_8 120 120 0 0 0 1 1 1
1 P_8 121 121 0.125209 0.1308 0.136528 1 1 1
1 P_8 122 122 0 0 0 1 1 1
1 P_8 123 123 0 0 0 1 1 1
1 P_8 124 124 0 0 0 1 1 1
1 P_8 125 125 0 0 0 1 1 1
1 P_8 126 126 0 0 0 1 1 1
1 P_8 127 127 0.125209 0.1308 0.136528 1 1 1
1 P_8 128 128 0.125209 0.1308 0.136528 1 1 1
1 P_8 129 129 0.5 0.5 0.5 1 1 1
1 P_8 130 130 0 0 0 1 1 1
1 P_8 131 131 0 0 0 1 1 1
1 P_8 132 132 0 0 0 1 1 1
1 P_8 133 133 0 0 0 1 1 1
1 P_8 134 134 0.125209 0.1308 0.136528 1 1 1
1 P_8 135 135 0 0 0 1 1 1
1 P_8 136 136 0 0 0 1 1 1
1 P_8 137 137 0.125209 0.1308 0.136528 1 1 1
1 P_8 138 138 0.5 0.5 0.5 1 1 1
1 P_8 139 139 0 0 0 1 1 1
1 P_8 140 140 0 0 0 1 1 1
1 P_8 141 141 0.5 0.5 0.5 1 1 1
1 P_8 142 142 0.125209 0.1308 0.136528 1 1 1
1 P_8 143 143 0 0 0 1 1 1
1 P_8 144 144 0 0 0 1 1 1
1 P_8 145 145 0 0 0 1 1 1
1 P_8 146 146 0 0 0 1 1 1
1 P_8 147 147 0 0 0 1 1 1
1 P_8 148 148 0.125209 0.1308 0.136528 1 1 1
1 P_8 149 149 0 0 0 1 1 1
1 P_8 150 150 0.5 0.5 0.5 1 1 1
1 P_8 151 151 0.5 0.5 0.5 1 1 1
1 P_8 152 152 0 0 0 1 1 1
1 P_8 153 153 0 0 0 1 1 1
1 P_8 154 154 0.125209 0.1308 0.136528 1 1 1
1 P_8 155 155 0.5 0.5 0.5 1 1 1
1 P_8 156 156 0.5 0.5 0.5 1 1 1
1 P_8 157 157 0.3635225 0.36925 0.37484 1 1 1
1 P_8 158 158 0.3635225 0.36925 0.37484 1 1 1
1 P_8 159 159 0 0 0 1 1 1
1 P_8 160 160 0.3635225 0.36925 0.37484 1 1 1
1 P_8 161 161 0.5 0.5 0.5 1 1 1
1 P_8 162 162 0 0 0 1 1 1
1 P_8 163 163 0.3635225 0.36925 0.37484 1 1 1
1 P_8 164 164 0 0 0 1 1 1
1 P_8 165 165 0 0 0 1 1 1
1 P_8 166 166 0.125209 0.1308 0.136528 1 1 1
1 P_8 167 167 0 0 0 1 1 1
1 P_8 168 168 0 0 0 1 1 1
1 P_8 169 169 0 0 0 1 1 1
1 P_8 170 170 0 0 0 1 1 1
1 P_8 171 171 0.5 0.5 0.5 1 1 1
1 P_8 172 172 0 0 0 1 1 1
1 P_8 173 173 0.5 0.5 0.5 1 1 1
1 P_8 174 174 0.125209 0.1308 0.136528 1 1 1
1 P_8 175 175 0 0 0 1 1 1
1 P_8 176 176 0 0 0 1 1 1
1 P_8 177 177 0 0 0 1 1 1
1 P_8 178 178 0.5 0.5 0.5 1 1 1
1 P_8 179 179 0 0 0 1 1 1
1 P_8 180 180 0.125209 0.1308 0.136528 1 1 1
1 P_8 181 181 0.5 0.5 0.5 1 1 1
1 P_8 182 182 0 0 0 1 1 1
1 P_8 183 183 0 0 0 1 1 1
1 P_8 184 184 0 0 0 1 1 1
1 P_8 185 185 0.5 0.5 0.5 1 1 1
1 P_8 186 186 0 0 0 1 1 1
1 P_8 187 187 0.125209 0.1308 0.136528 1 1 1
1 P_8 188 188 0.5 0.5 0.5 1 1 1
1 P_8 189 189 0 0 0 1 1 1
1 P_8 190 190 0.3635225 0.36925 0.37484 1 1 1
1 P_8 191 191 0 0 0 1 1 1
1 P_8 192 192 0 0 0 1 1 1
1 P_8 193 193 0 0 0 1 1 1
1 P_8 194 194 0 0 0 1 1 1
1 P_8 195 195 0 0 0 1 1 1
1 P_8 196 196 0 0 0 1 1 1
1 P_8 197 197 0 0 0 1 1 1
1 P_8 198 198 0.5 0.5 0.5 1 1 1
1 P_8 199 199 0 0 0 1 1 1
1 P_8 200 200 0 0 0 1 1 1
1 P_8 201 201 0.5 0.5 0.5 1 1 1
1 P_8 202 202 0.5 0.5 0.5 1 1 1
1 P_8 203 203 0 0 0 1 1 1
1 P_8 204 204 0 0 0 1 1 1
1 P_8 205 205 0 0 0 1 1 1
1 P_8 206 206 0.125209 0.1308 0.136528 1 1 1
1 P_8 207 207 0 0 0 1 1 1
1 P_8 208 208 0.125209 0.1308 0.136528 1 1 1
1 P_8 209 209 0.125209 0.1308 0.136528 1 1 1
1 P_8 210 210 0.125209 0.1308 0.136528 1 1 1
1 P_8 211 211 0 0 0 1 1 1
1 P_8 212 212 0 0 0 1 1 1
1 P_8 213 213 0 0 0 1 1 1
1 P_8 214 214 0 0 0 1 1 1
1 P_8 215 215 0 0 0 1 1 1
1 P_8 216 216 0.125209 0.1308 0.136528 1 1 1
1 P_8 217 217 0 0 0 1 1 1
1 P_8 218 218 0.5 0.5 0.5 1 1 1
1 P_8 219 219 0.3635225 0.36925 0.37484 1 1 1
1 P_8 220 220 0.3635225 0.36925 0.37484 1 1 1
1 P_8 221 221 0 0 0 1 1 1
1 P_8 222 222 0 0 0 1 1 1
1 P_8 223 223 0 0 0 1 1 1
1 P_8 224 224 0.5 0.5 0.5 1 1 1
1 P_8 225 225 0.125209 0.1308 0.136528 1 1 1
1 P_8 226 226 0 0 0 1 1 1
1 P_8 227 227 0 0 0 1 1 1
1 P_8 228 228 0 0 0 1 1 1
1 P_8 229 229 0.5 0.5 0.5 1 1 1
1 P_8 230 230 0.5 0.5 0.5 1 1 1
1 P_8 231 231 0.3635225 0.36925 0.37484 1 1 1
1 P_8 232 232 0.3635225 0.36925 0.37484 1 1 1
1 P_8 233 233 0 0 0 1 1 1
1 P_8 234 234 0 0 0 1 1 1
1 P_8 235 235 0 0 0 1 1 1
1 P_8 236 236 0 0 0 1 1 1
1 P_8 237 237 0.3635225 0.36925 0.37484 1 1 1
1 P_8 238 238 0 0 0 1 1 1
1 P_8 239 239 0 0 0 1 1 1
1 P_8 240 240 0 0 0 1 1 1
1 P_8 241 241 0.3635225 0.36925 0.37484 1 1 1
1 P_8 242 242 0 0 0 1 1 1
1 P_8 243 243 0 0 0 1 1 1
1 P_8 244 244 0.3635225 0.36925 0.37484 1 1 1
1 P_8 245 245 0.125209 0.1308 0.136528 1 1 1
1 P_8 246 246 0 0 0 1 1 1
1 P_8 247 247 0 0 0 1 1 1
1 P_8 248 248 0.125209 0.1308 0.136528 1 1 1
1 P_8 249 249 0.125209 0.1308 0.136528 1 1 1
1 P_8 250 250 0.125209 0.1308 0.136528 1 1 1
1 P_8 251 251 0 0 0 1 1 1
1 P_8 252 252 0 0 0 1 1 1
1 P_8 253 253 0 0 0 1 1 1
1 P_8 254 254 0.5 0.5 0.5 1 1 1
1 P_8 255 255 0 0 0 1 1 1
1 P_8 256 256 0.5 0.5 0.5 1 1 1
1 P_8 257 257 0 0 0 1 1 1
1 P_8 258 258 0.125209 0.1308 0.136528 1 1 1
1 P_8 259 259 0 0 0 1 1 1
1 P_8 260 260 0.3635225 0.36925 0.37484 1 1 1
1 P_8 261 261 0.3635225 0.36925 0.37484 1 1 1
1 P_8 262 262 0 0 0 1 1 1
1 P_8 263 263 0 0 0 1 1 1
1 P_8 264 264 0 0 0 1 1 1
1 P_8 265 265 0 0 0 1 1 1
1 P_8 266 266 0.125209 0.1308 0.136528 1 1 1
1 P_8 267 267 0 0 0 1 1 1
1 P_8 268 268 0 0 0 1 1 1
1 P_8 269 269 0.3635225 0.36925 0.37484 1 1 1
1 P_8 270 270 0 0 0 1 1 1
1 P_8 271 271 0 0 0 1 1 1
1 P_8 272 272 0.5 0.5 0.5 1 1 1
1 P_8 273 273 0.125209 0.1308 0.136528 1 1 1
1 P_8 274 274 0 0 0 1 1 1
1 P_8 275 275 0.5 0.5 0.5 1 1 1
1 P_8 276 276 0.125209 0.1308 0.136528 1 1 1
1 P_8 277 277 0 0 0 1 1 1
1 P_8 278 278 0.125209 0.1308 0.136528 1 1 1
1 P_8 279 279 0 0 0 1 1 1
1 P_8 280 280 0.5 0.5 0.5 1 1 1
1 P_8 281 281 0.5 0.5 0.5 1 1 1
1 P_8 282 282 0.5 0.5 0.5 1 1 1
1 P_8 283 283 0 0 0 1 1 1
1 P_8 284 284 0 0 0 1 1 1
1 P_8 285 285 0 0 0 1 1 1
1 P_8 286 286 0.125209 0.1308 0.136528 1 1 1
1 P_8 287 287 0 0 0 1 1 1
1 P_8 288 288 0 0 0 1 1 1
1 P_8 289 289 0.125209 0.1308 0.136528 1 1 1
1 P_8 290 290 0 0 0 1 1 1
1 P_8 291 291 0 0 0 1 1 1
1 P_8 292 292 0 0 0 1 1 1
1 P_8 293 293 0 0 0 1 1 1
1 P_8 294 294 0 0 0 1 1 1
1 P_8 295 295 0.3635225 0.36925 0.37484 1 1 1
1 P_8 296 296 0.5 0.5 0.5 1 1 1
1 P_8 297 297 0 0 0 1 1 1
1 P_8 298 298 0 0 0 1 1 1
1 P_8 299 299 0 0 0 1 1 1
1 P_8 300 300 0.5 0.5 0.5 1 1 1
1 P_8 301 301 0.5 0.5 0.5 1 1 1
1 P_8 302 302 0 0 0 1 1 1
1 P_8 303 303 0.5 0.5 0.5 1 1 1
1 P_8 304 304 0 0 0 1 1 1
1 P_8 305 305 0 0 0 1 1 1
1 P_8 306 306 0 0 0 1 1 1
1 P_8 307 307 0.5 0.5 0.5 1 1 1
1 P_8 308 308 0 0 0 1 1 1
1 P_8 309 309 0 0 0 1 1 1
1 P_8 310 310 0.3635225 0.36925 0.37484 1 1 1
1 P_8 311 311 0 0 0 1 1 1
1 P_8 312 312 0.125209 0.1308 0.136528 1 1 1
1 P_8 313 313 0 0 0 1 1 1
1 P_8 314 314 0 0 0 1 1 1
1 P_8 315 315 0 0 0 1 1 1
1 P_8 316 316 0 0 0 1 1 1
1 P_8 317 317 0 0 0 1 1 1
1 P_8 318 318 0 0 0 1 1 1
1 P_8 319 319 0 0 0 1 1 1
1 P_8 320 320 0.125209 0.1308 0.136528 1 1 1
1 P_8 321 321 0 0 0 1 1 1
1 P_8 322 322 0.125209 0.1308 0.136528 1 1 1
1 P_8 323 323 0.125209 0.1308 0.136528 1 1 1
1 P_8 324 324 0 0 0 1 1 1
1 P_8 325 325 0 0 0 1 1 1
1 P_8 326 326 0.3635225 0.36925 0.37484 1 1 1
1 P_8 327 327 0.3635225 0.36925 0.37484 1 1 1
1 P_8 328 328 0 0 0 1 1 1
1 P_8 329 329 0.5 0.5 0.5 1 1 1
1 P_8 330 330 0 0 0 1 1 1
1 P_8 331 331 0 0 0 1 1 1
1 P_8 332 332 0.125209 0.1308 0.136528 1 1 1
1 P_8 333 333 0.125209 0.1308 0.136528 1 1 1
1 P_8 334 334 0 0 0 1 1 1
1 P_8 335 335 0 0 0 1 1 1
1 P_8 336 336 0 0 0 1 1 1
1 P_8 337 337 0 0 0 1 1 1
1 P_8 338 338 0 0 0 1 1 1
1 P_8 339 339 0.125209 0.1308 0.136528 1 1 1
1 P_8 340 340 0 0 0 1 1 1
1 P_8 341 341 0 0 0 1 1 1
1 P_8 342 342 0.3635225 0.36925 0.37484 1 1 1
1 P_8 343 343 0 0 0 1 1 1
1 P_8 344 344 0 0 0 1 1 1
1 P_8 345 345 0 0 0 1 1 1
1 P_8 346 346 0.125209 0.1308 0.136528 1 1 1
1 P_8 347 347 0.3635225 0.36925 0.37484 1 1 1
1 P_8 348 348 0 0 0 1 1 1
1 P_8 349 349 0.3635225 0.36925 0.37484 1 1 1
1 P_8 350 350 0.125209 0.1308 0.136528 1 1 1
1 P_8 351 351 0.5 0.5 0.5 1 1 1
1 P_8 352 352 0 0 0 1 1 1
1 P_8 353 353 0 0 0 1 1 1
1 P_8 354 354 0.5 0.5 0.5 1 1 1
1 P_8 355 355 0 0 0 1 1 1
1 P_8 356 356 0 0 0 1 1 1
1 P_8 357 357 0.125209 0.1308 0.136528 1 1 1
1 P_8 358 358 0 0 0 1 1 1
1 P_8 359 359 0 0 0 1 1 1
1 P_8 360 360 0 0 0 1 1 1
1 P_8 361 361 0 0 0 1 1 1
1 P_8 362 362 0.125209 0.1308 0.136528 1 1 1
1 P_8 363 363 0.125209 0.1308 0.136528 1 1 1
1 P_8 364 364 0 0 0 1 1 1
1 P_8 365 365 0 0 0 1 1 1
1 P_8 366 366 0 0 0 1 1 1
1 P_8 367 367 0.3635225 0.36925 0.37484 1 1 1
1 P_8 368 368 0 0 0 1 1 1
1 P_8 369 369 0.5 0.5 0.5 1 1 1
1 P_8 370 370 0.3635225 0.36925 0.37484 1 1 1
1 P_8 371 371 0 0 0 1 1 1
1 P_8 372 372 0 0 0 1 1 1
1 P_8 373 373 0 0 0 1 1 1
1 P_8 374 374 0 0 0 1 1 1
1 P_8 375 375 0.125209 0.1308 0.136528 1 1 1
1 P_8 376 376 0.5 0.5 0.5 1 1 1
1 P_8 377 377 0.125209 0.1308 0.136528 1 1 1
1 P_8 378 378 0.3635225 0.36925 0.37484 1 1 1
1 P_8 379 379 0 0 0 1 1 1
1 P_8 380 380 0.5 0.5 0.5 1 1 1
1 P_8 381 381 0 0 0 1 1 1
1 P_8 382 382 0 0 0 1 1 1
1 P_8 383 383 0.3635225 0.36925 0.37484 1 1 1
1 P_8 384 384 0 0 0 1 1 1
1 P_8 385 385 0 0 0 1 1 1
1 P_8 386 386 0 0 0 1 1 1
1 P_8 387 387 0 0 0 1 1 1
1 P_8 388 388 0 0 0 1 1 1
1 P_8 389 389 0 0 0 1 1 1
1 P_8 390 390 0 0 0 1 1 1
1 P_8 391 391 0 0 0 1 1 1
1 P_8 392 392 0 0 0 1 1 1
1 P_8 393 393 0.125209 0.1308 0.136528 1 1 1
1 P_8 394 394 0.125209 0.1308 0.136528 1 1 1
1 P_8 395 395 0 0 0 1 1 1
1 P_8 396 396 0.3635225 0.36925 0.37484 1 1 1
1 P_8 397 397 0 0 0 1 1 1
1 P_8 398 398 0 0 0 1 1 1
1 P_8 399 399 0.5 0.5 0.5 1 1 1
1 P_8 400 400 0.3635225 0.36925 0.37484 1 1 1
1 P_8 401 401 0.125209 0.1308 0.136528 1 1 1
1 P_8 402 402 0 0 0 1 1 1
1 P_8 403 403 0 0 0 1 1 1
1 P_8 404 404 0 0 0 1 1 1
1 P_8 405 405 0.3635225 0.36925 0.37484 1 1 1
1 P_8 406 406 0.5 0.5 0.5 1 1 1
1 P_8 407 407 0 0 0 1 1 1
1 P_8 408 408 0.5 0.5 0.5 1 1 1
1 P_8 409 409 0 0 0 1 1 1
1 P_8 410 410 0.5 0.5 0.5 1 1 1
1 P_8 411 411 0.125209 0.1308 0.136528 1 1 1
1 P_8 412 412 0.3635225 0.36925 0.37484 1 1 1
1 P_8 413 413 0 0 0 1 1 1
1 P_8 414 414 0.125209 0.1308 0.136528 1 1 1
1 P_8 415 415 0 0 0 1 1 1
1 P_8 416 416 0 0 0 1 1 1
1 P_8 417 417 0 0 0 1 1 1
1 P_8 418 418 0 0 0 1 1 1
1 P_8 419 419 0 0 0 1 1 1
1 P_8 420 420 0 0 0 1 1 1
