10 #m
100 #n
0 P_8 0 0 0.0937425 0.14049586776859505 0.1973375 1 1 1
0 P_8 1 1 0.275018 0.3333333333333333 0.3839075 1 1 1
0 P_8 2 2 0.0420954 0.07920792079207921 0.135021 1 1 1
0 P_8 3 3 0.259073 0.32211538461538464 0.3774655 1 1 1
0 P_8 4 4 0.2679395 0.330188679245283 0.3840405 1 1 1
0 P_8 5 5 0.2866725 0.34684684684684686 0.397322 1 1 1
0 P_8 6 6 0 0 0 1 1 1
0 P_8 7 7 0.5 0.5 0.5 1 1 1
0 P_8 8 8 0.273826 0.34615384615384615 0.404976 1 1 1
0 P_8 9 9 0.5 0.5 0.5 1 1 1
0 P_8 10 10 0.254904 0.31862745098039214 0.3748925 1 1 1
0 P_8 11 11 0.0661205 0.11290322580645161 0.1759525 1 1 1
0 P_8 12 12 0.2381075 0.3068181818181818 0.368413 1 1 1
0 P_8 13 13 0.2698705 0.3317757009345794 0.3851945 1 1 1
0 P_8 14 14 0.254904 0.31862745098039214 0.3748925 1 1 1
0 P_8 15 15 0.273674 0.34065934065934067 0.3966525 1 1 1
0 P_8 16 16 0.2825905 0.3443396226415094 0.396211 1 1 1
0 P_8 17 17 0.2613405 0.3279569892473118 0.385315 1 1 1
0 P_8 18 18 0.25727 0.3229166666666667 0.3801635 1 1 1
0 P_8 19 19 0.293474 0.35714285714285715 0.408715 1 1 1
0 P_8 20 20 0 0 0 1 1 1
0 P_8 21 21 0 0 0 1 1 1
0 P_8 22 22 0.5 0.5 0.5 1 1 1
0 P_8 23 23 0.2487475 0.3113207547169811 0.3674715 1 1 1
0 P_8 24 24 0.03682805 0.06956521739130435 0.1197295 1 1 1
0 P_8 25 25 0 0 0 1 1 1
0 P_8 26 26 0.2790705 0.3392857142857143 0.390635 1 1 1
0 P_8 27 27 0.251986 0.3177083333333333 0.37563 1 1 1
0 P_8 28 28 0.314557 0.375 0.422118 1 1 1
0 P_8 29 29 0.3075435 0.36792452830188677 0.415962 1 1 1
0 P_8 30 30 0.2699345 0.3333333333333333 0.3876765 1 1 1
0 P_8 31 31 0.2656865 0.3237704918032787 0.3751105 1 1 1
0 P_8 32 32 0.226612 0.29444444444444445 0.356829 1 1 1
0 P_8 33 33 0.063275 0.10824742268041238 0.169372 1 1 1
0 P_8 34 34 0.2668685 0.33163265306122447 0.3871775 1 1 1
0 P_8 35 35 0 0 0 1 1 1
0 P_8 36 36 0.277662 0.33613445378151263 0.3865405 1 1 1
0 P_8 37 37 0.057934 0.09821428571428571 0.1535505 1 1 1
0 P_8 38 38 0.277662 0.33613445378151263 0.3865405 1 1 1
0 P_8 39 39 0.368783 0.42201834862385323 0.4577515 1 1 1
0 P_8 40 40 0.141826 0.20588235294117646 0.275651 1 1 1
0 P_8 41 41 0 0 0 1 1 1
0 P_8 42 42 0.292488 0.35377358490566035 0.4041945 1 1 1
0 P_8 43 43 0.2621955 0.32083333333333336 0.3728905 1 1 1
0 P_8 44 44 0.240662 0.3089887640449438 0.3700075 1 1 1
0 P_8 45 45 0.2711945 0.3368421052631579 0.3923855 1 1 1
0 P_8 46 46 0.261504 0.319672131147541 0.3714705 1 1 1
0 P_8 47 47 0.2745455 0.3404255319148936 0.3956775 1 1 1
0 P_8 48 48 0.03438335 0.07432432432432433 0.1401345 1 1 1
0 P_8 49 49 0.0137118 0.03684210526315789 0.084611 1 1 1
0 P_8 50 50 0.3169115 0.375 0.420682 1 1 1
0 P_8 51 51 0 0 0 1 1 1
0 P_8 52 52 0.0363177 0.07009345794392523 0.1224955 1 1 1
0 P_8 53 53 0.246732 0.3125 0.371067 1 1 1
0 P_8 54 54 0.275018 0.3333333333333333 0.3839075 1 1 1
0 P_8 55 55 0.2779945 0.33771929824561403 0.3888815 1 1 1
0 P_8 56 56 0 0 0 1 1 1
0 P_8 57 57 0 0 0 1 1 1
0 P_8 58 58 0.286616 0.35 0.40231 1 1 1
0 P_8 59 59 0.2915715 0.3556701030927835 0.40772 1 1 1
0 P_8 60 60 0.2332365 0.29797979797979796 0.357356 1 1 1
0 P_8 61 61 0.2453435 0.30416666666666664 0.3579575 1 1 1
0 P_8 62 62 0.3205635 0.38461538461538464 0.432358 1 1 1
0 P_8 63 63 0 0 0 1 1 1
0 P_8 64 64 0 0 0 1 1 1
0 P_8 65 65 0 0 0 1 1 1
0 P_8 66 66 0.2679935 0.33516483516483514 0.3920095 1 1 1
0 P_8 67 67 0.25727 0.3229166666666667 0.3801635 1 1 1
0 P_8 68 68 0.245628 0.3131868131868132 0.3730825 1 1 1
0 P_8 69 69 0 0 0 1 1 1
0 P_8 70 70 0.2818255 0.35119047619047616 0.4073125 1 1 1
0 P_8 71 71 0.314943 0.37623762376237624 0.4236915 1 1 1
0 P_8 72 72 0.22824150000000001 0.29292929292929293 0.3528145 1 1 1
0 P_8 73 73 0.2719205 0.33495145631067963 0.388837 1 1 1
0 P_8 74 74 0 0 0 1 1 1
0 P_8 75 75 0 0 0 1 1 1
0 P_8 76 76 0.297178 0.36 0.410642 1 1 1
0 P_8 77 77 0 0 0 1 1 1
0 P_8 78 78 0.277927 0.34705882352941175 0.40363 1 1 1
0 P_8 79 79 0.0613475 0.10377358490566038 0.161497 1 1 1
0 P_8 80 80 0 0 0 1 1 1
0 P_8 81 81 0.253481 0.3181818181818182 0.3752565 1 1 1
0 P_8 82 82 0.5 0.5 0.5 1 1 1
0 P_8 83 83 0.0281833 0.05752212389380531 0.105753 1 1 1
0 P_8 84 84 0 0 0 1 1 1
0 P_8 85 85 0.02614355 0.05504587155963303 0.103754 1 1 1
0 P_8 86 86 0.270787 0.33181818181818185 0.384582 1 1 1
0 P_8 87 87 0 0 0 1 1 1
0 P_8 88 88 0.3170535 0.3787878787878788 0.426128 1 1 1
0 P_8 89 89 0.319782 0.3798076923076923 0.425997 1 1 1
0 P_8 90 90 0.03893695 0.075 0.130404 1 1 1
0 P_8 91 91 0.5 0.5 0.5 1 1 1
0 P_8 92 92 0.299294 0.35909090909090907 0.407868 1 1 1
0 P_8 93 93 0.3006995 0.36666666666666664 0.418343 1 1 1
0 P_8 94 94 0.389685 0.4398148148148148 0.4704805 1 1 1
0 P_8 95 95 0 0 0 1 1 1
0 P_8 96 96 0.2781515 0.3415841584158416 0.3949705 1 1 1
0 P_8 97 97 0.3074125 0.3669724770642202 0.4146135 1 1 1
0 P_8 98 98 0.2668905 0.3352272727272727 0.392893 1 1 1
0 P_8 99 99 0.263768 0.3282828282828283 0.3840425 1 1 1
1 P_2 0 0 0 0 0 1 1 1
1 P_2 1 1 0 0 0 1 1 1
1 P_2 2 2 0 0 0 1 1 1
1 P_2 3 3 0 0 0 1 1 1
1 P_2 4 4 0 0 0 1 1 1
1 P_2 5 5 0 0 0 1 1 1
1 P_2 6 6 0.168379 0.23333333333333334 0.300331 1 1 1
1 P_2 7 7 0.5 0.5 0.5 1 1 1
1 P_2 8 8 0 0 0 1 1 1
1 P_2 9 9 0.5 0.5 0.5 1 1 1
1 P_2 10 10 0 0 0 1 1 1
1 P_2 11 11 0.211591 0.27314814814814814 0.3323235 1 1 1
1 P_2 12 12 0 0 0 1 1 1
1 P_2 13 13 0 0 0 1 1 1
1 P_2 14 14 0 0 0 1 1 1
1 P_2 15 15 0 0 0 1 1 1
1 P_2 16 16 0 0 0 1 1 1
1 P_2 17 17 0 0 0 1 1 1
1 P_2 18 18 0 0 0 1 1 1
1 P_2 19 19 0 0 0 1 1 1
1 P_2 20 20 0.1837675 0.24742268041237114 0.311372 1 1 1
1 P_2 21 21 0.176521 0.24175824175824176 0.307995 1 1 1
1 P_2 22 22 0.5 0.5 0.5 1 1 1
1 P_2 23 23 0 0 0 1 1 1
1 P_2 24 24 0 0 0 1 1 1
1 P_2 25 25 0.106182 0.16470588235294117 0.234269 1 1 1
1 P_2 26 26 0 0 0 1 1 1
1 P_2 27 27 0 0 0 1 1 1
1 P_2 28 28 0 0 0 1 1 1
1 P_2 29 29 0 0 0 1 1 1
1 P_2 30 30 0 0 0 1 1 1
1 P_2 31 31 0 0 0 1 1 1
1 P_2 32 32 0 0 0 1 1 1
1 P_2 33 33 0.199302 0.26704545454545453 0.3326535 1 1 1
1 P_2 34 34 0 0 0 1 1 1
1 P_2 35 35 0 0 0 1 1 1
1 P_2 36 36 0 0 0 1 1 1
1 P_2 37 37 0.1741245 0.23711340206185566 0.3015725 1 1 1
1 P_2 38 38 0 0 0 1 1 1
1 P_2 39 39 0.1569125 0.21875 0.2841885 1 1 1
1 P_2 40 40 0 0 0 1 1 1
1 P_2 41 41 0 0 0 1 1 1
1 P_2 42 42 0 0 0 1 1 1
1 P_2 43 43 0 0 0 1 1 1
1 P_2 44 44 0 0 0 1 1 1
1 P_2 45 45 0 0 0 1 1 1
1 P_2 46 46 0 0 0 1 1 1
1 P_2 47 47 0 0 0 1 1 1
1 P_2 48 48 0 0 0 1 1 1
1 P_2 49 49 0 0 0 1 1 1
1 P_2 50 50 0 0 0 1 1 1
1 P_2 51 51 0.2057265 0.2708333333333333 0.33354 1 1 1
1 P_2 52 52 0 0 0 1 1 1
1 P_2 53 53 0 0 0 1 1 1
1 P_2 54 54 0 0 0 1 1 1
1 P_2 55 55 0 0 0 1 1 1
1 P_2 56 56 0 0 0 1 1 1
1 P_2 57 57 0 0 0 1 1 1
1 P_2 58 58 0 0 0 1 1 1
1 P_2 59 59 0 0 0 1 1 1
1 P_2 60 60 0 0 0 1 1 1
1 P_2 61 61 0 0 0 1 1 1
1 P_2 62 62 0 0 0 1 1 1
1 P_2 63 63 0 0 0 1 1 1
1 P_2 64 64 0 0 0 1 1 1
1 P_2 65 65 0 0 0 1 1 1
1 P_2 66 66 0 0 0 1 1 1
1 P_2 67 67 0 0 0 1 1 1
1 P_2 68 68 0 0 0 1 1 1
1 P_2 69 69 0.202032 0.2644230769230769 0.3252755 1 1 1
1 P_2 70 70 0 0 0 1 1 1
1 P_2 71 71 0 0 0 1 1 1
1 P_2 72 72 0 0 0 1 1 1
1 P_2 73 73 0 0 0 1 1 1
1 P_2 74 74 0 0 0 1 1 1
1 P_2 75 75 0 0 0 1 1 1
1 P_2 76 76 0 0 0 1 1 1
1 P_2 77 77 0 0 0 1 1 1
1 P_2 78 78 0 0 0 1 1 1
1 P_2 79 79 0 0 0 1 1 1
1 P_2 80 80 0.202032 0.2644230769230769 0.3252755 1 1 1
1 P_2 81 81 0 0 0 1 1 1
1 P_2 82 82 0.5 0.5 0.5 1 1 1
1 P_2 83 83 0 0 0 1 1 1
1 P_2 84 84 0.210893 0.2755102040816326 0.3372455 1 1 1
1 P_2 85 85 0 0 0 1 1 1
1 P_2 86 86 0 0 0 1 1 1
1 P_2 87 87 0 0 0 1 1 1
1 P_2 88 88 0 0 0 1 1 1
1 P_2 89 89 0 0 0 1 1 1
1 P_2 90 90 0 0 0 1 1 1
1 P_2 91 91 0.5 0.5 0.5 1 1 1
1 P_2 92 92 0 0 0 1 1 1
1 P_2 93 93 0 0 0 1 1 1
1 P_2 94 94 0.1804195 0.24257425742574257 0.305544 1 1 1
1 P_2 95 95 0 0 0 1 1 1
1 P_2 96 96 0 0 0 1 1 1
1 P_2 97 97 0 0 0 1 1 1
1 P_2 98 98 0 0 0 1 1 1
1 P_2 99 99 0 0 0 1 1 1
2 P_4 0 0 0 0 0 1 1 1
2 P_4 1 1 0 0 0 1 1 1
2 P_4 2 2 0.254657 0.3253012048192771 0.3859745 1 1 1
2 P_4 3 3 0 0 0 1 1 1
2 P_4 4 4 0 0 0 1 1 1
2 P_4 5 5 0 0 0 1 1 1
2 P_4 6 6 0 0 0 1 1 1
2 P_4 7 7 0.5 0.5 0.5 1 1 1
2 P_4 8 8 0 0 0 1 1 1
2 P_4 9 9 0.5 0.5 0.5 1 1 1
2 P_4 10 10 0 0 0 1 1 1
2 P_4 11 11 0 0 0 1 1 1
2 P_4 12 12 0 0 0 1 1 1
2 P_4 13 13 0 0 0 1 1 1
2 P_4 14 14 0 0 0 1 1 1
2 P_4 15 15 0 0 0 1 1 1
2 P_4 16 16 0 0 0 1 1 1
2 P_4 17 17 0 0 0 1 1 1
2 P_4 18 18 0 0 0 1 1 1
2 P_4 19 19 0 0 0 1 1 1
2 P_4 20 20 0 0 0 1 1 1
2 P_4 21 21 0 0 0 1 1 1
2 P_4 22 22 0.5 0.5 0.5 1 1 1
2 P_4 23 23 0 0 0 1 1 1
2 P_4 24 24 0.281382 0.345 0.398097 1 1 1
2 P_4 25 25 0 0 0 1 1 1
2 P_4 26 26 0 0 0 1 1 1
2 P_4 27 27 0 0 0 1 1 1
2 P_4 28 28 0 0 0 1 1 1
2 P_4 29 29 0 0 0 1 1 1
2 P_4 30 30 0 0 0 1 1 1
2 P_4 31 31 0 0 0 1 1 1
2 P_4 32 32 0 0 0 1 1 1
2 P_4 33 33 0 0 0 1 1 1
2 P_4 34 34 0 0 0 1 1 1
2 P_4 35 35 0 0 0 1 1 1
2 P_4 36 36 0 0 0 1 1 1
2 P_4 37 37 0.0862185 0.13425925925925927 0.1941995 1 1 1
2 P_4 38 38 0 0 0 1 1 1
2 P_4 39 39 0.107287 0.16161616161616163 0.2258295 1 1 1
2 P_4 40 40 0 0 0 1 1 1
2 P_4 41 41 0 0 0 1 1 1
2 P_4 42 42 0 0 0 1 1 1
2 P_4 43 43 0 0 0 1 1 1
2 P_4 44 44 0 0 0 1 1 1
2 P_4 45 45 0 0 0 1 1 1
2 P_4 46 46 0 0 0 1 1 1
2 P_4 47 47 0 0 0 1 1 1
2 P_4 48 48 0.3074125 0.3669724770642202 0.4146135 1 1 1
2 P_4 49 49 0.2623495 0.32967032967032966 0.38733 1 1 1
2 P_4 50 50 0 0 0 1 1 1
2 P_4 51 51 0 0 0 1 1 1
2 P_4 52 52 0.340852 0.4 0.442553 1 1 1
2 P_4 53 53 0 0 0 1 1 1
2 P_4 54 54 0 0 0 1 1 1
2 P_4 55 55 0 0 0 1 1 1
2 P_4 56 56 0 0 0 1 1 1
2 P_4 57 57 0.063963 0.109375 0.170971 1 1 1
2 P_4 58 58 0 0 0 1 1 1
2 P_4 59 59 0 0 0 1 1 1
2 P_4 60 60 0 0 0 1 1 1
2 P_4 61 61 0 0 0 1 1 1
2 P_4 62 62 0 0 0 1 1 1
2 P_4 63 63 0 0 0 1 1 1
2 P_4 64 64 0 0 0 1 1 1
2 P_4 65 65 0.1059085 0.15865384615384615 0.2211415 1 1 1
2 P_4 66 66 0 0 0 1 1 1
2 P_4 67 67 0 0 0 1 1 1
2 P_4 68 68 0 0 0 1 1 1
2 P_4 69 69 0 0 0 1 1 1
2 P_4 70 70 0 0 0 1 1 1
2 P_4 71 71 0 0 0 1 1 1
2 P_4 72 72 0 0 0 1 1 1
2 P_4 73 73 0 0 0 1 1 1
2 P_4 74 74 0.11905 0.175 0.2392575 1 1 1
2 P_4 75 75 0 0 0 1 1 1
2 P_4 76 76 0 0 0 1 1 1
2 P_4 77 77 0 0 0 1 1 1
2 P_4 78 78 0 0 0 1 1 1
2 P_4 79 79 0 0 0 1 1 1
2 P_4 80 80 0 0 0 1 1 1
2 P_4 81 81 0 0 0 1 1 1
2 P_4 82 82 0.5 0.5 0.5 1 1 1
2 P_4 83 83 0.2965665 0.36470588235294116 0.4180055 1 1 1
2 P_4 84 84 0 0 0 1 1 1
2 P_4 85 85 0.2378545 0.30198019801980197 0.360402 1 1 1
2 P_4 86 86 0 0 0 1 1 1
2 P_4 87 87 0.1410205 0.19902912621359223 0.262526 1 1 1
2 P_4 88 88 0 0 0 1 1 1
2 P_4 89 89 0 0 0 1 1 1
2 P_4 90 90 0.3142945 0.38271604938271603 0.433167 1 1 1
2 P_4 91 91 0.5 0.5 0.5 1 1 1
2 P_4 92 92 0 0 0 1 1 1
2 P_4 93 93 0 0 0 1 1 1
2 P_4 94 94 0.0819945 0.13529411764705881 0.2034335 1 1 1
2 P_4 95 95 0 0 0 1 1 1
2 P_4 96 96 0 0 0 1 1 1
2 P_4 97 97 0 0 0 1 1 1
2 P_4 98 98 0 0 0 1 1 1
2 P_4 99 99 0 0 0 1 1 1
3 P_5 0 0 0 0 0 1 1 1
3 P_5 1 1 0.5 0.5 0.5 1 1 1
3 P_5 2 2 0 0 0 1 1 1
3 P_5 3 3 0.5 0.5 0.5 1 1 1
3 P_5 4 4 0.5 0.5 0.5 1 1 1
3 P_5 5 5 0.5 0.5 0.5 1 1 1
3 P_5 6 6 0 0 0 1 1 1
3 P_5 7 7 0.5 0.5 0.5 1 1 1
3 P_5 8 8 0.5 0.5 0.5 1 1 1
3 P_5 9 9 0.5 0.5 0.5 1 1 1
3 P_5 10 10 0.5 0.5 0.5 1 1 1
3 P_5 11 11 0 0 0 1 1 1
3 P_5 12 12 0.5 0.5 0.5 1 1 1
3 P_5 13 13 0.5 0.5 0.5 1 1 1
3 P_5 14 14 0.5 0.5 0.5 1 1 1
3 P_5 15 15 0.5 0.5 0.5 1 1 1
3 P_5 16 16 0.5 0.5 0.5 1 1 1
3 P_5 17 17 0.5 0.5 0.5 1 1 1
3 P_5 18 18 0.5 0.5 0.5 1 1 1
3 P_5 19 19 0.5 0.5 0.5 1 1 1
3 P_5 20 20 0 0 0 1 1 1
3 P_5 21 21 0 0 0 1 1 1
3 P_5 22 22 0.5 0.5 0.5 1 1 1
3 P_5 23 23 0.5 0.5 0.5 1 1 1
3 P_5 24 24 0 0 0 1 1 1
3 P_5 25 25 0 0 0 1 1 1
3 P_5 26 26 0.5 0.5 0.5 1 1 1
3 P_5 27 27 0.5 0.5 0.5 1 1 1
3 P_5 28 28 0.5 0.5 0.5 1 1 1
3 P_5 29 29 0.5 0.5 0.5 1 1 1
3 P_5 30 30 0.5 0.5 0.5 1 1 1
3 P_5 31 31 0.5 0.5 0.5 1 1 1
3 P_5 32 32 0.5 0.5 0.5 1 1 1
3 P_5 33 33 0 0 0 1 1 1
3 P_5 34 34 0.5 0.5 0.5 1 1 1
3 P_5 35 35 0 0 0 1 1 1
3 P_5 36 36 0.5 0.5 0.5 1 1 1
3 P_5 37 37 0 0 0 1 1 1
3 P_5 38 38 0.5 0.5 0.5 1 1 1
3 P_5 39 39 0.5 0.5 0.5 1 1 1
3 P_5 40 40 0.5 0.5 0.5 1 1 1
3 P_5 41 41 0 0 0 1 1 1
3 P_5 42 42 0.5 0.5 0.5 1 1 1
3 P_5 43 43 0.5 0.5 0.5 1 1 1
3 P_5 44 44 0.5 0.5 0.5 1 1 1
3 P_5 45 45 0.5 0.5 0.5 1 1 1
3 P_5 46 46 0.5 0.5 0.5 1 1 1
3 P_5 47 47 0.5 0.5 0.5 1 1 1
3 P_5 48 48 0 0 0 1 1 1
3 P_5 49 49 0 0 0 1 1 1
3 P_5 50 50 0.5 0.5 0.5 1 1 1
3 P_5 51 51 0 0 0 1 1 1
3 P_5 52 52 0 0 0 1 1 1
3 P_5 53 53 0.5 0.5 0.5 1 1 1
3 P_5 54 54 0.5 0.5 0.5 1 1 1
3 P_5 55 55 0.5 0.5 0.5 1 1 1
3 P_5 56 56 0 0 0 1 1 1
3 P_5 57 57 0 0 0 1 1 1
3 P_5 58 58 0.5 0.5 0.5 1 1 1
3 P_5 59 59 0.5 0.5 0.5 1 1 1
3 P_5 60 60 0.5 0.5 0.5 1 1 1
3 P_5 61 61 0.5 0.5 0.5 1 1 1
3 P_5 62 62 0.5 0.5 0.5 1 1 1
3 P_5 63 63 0 0 0 1 1 1
3 P_5 64 64 0 0 0 1 1 1
3 P_5 65 65 0 0 0 1 1 1
3 P_5 66 66 0.5 0.5 0.5 1 1 1
3 P_5 67 67 0.5 0.5 0.5 1 1 1
3 P_5 68 68 0.5 0.5 0.5 1 1 1
3 P_5 69 69 0 0 0 1 1 1
3 P_5 70 70 0.5 0.5 0.5 1 1 1
3 P_5 71 71 0.5 0.5 0.5 1 1 1
3 P_5 72 72 0.5 0.5 0.5 1 1 1
3 P_5 73 73 0.5 0.5 0.5 1 1 1
3 P_5 74 74 0 0 0 1 1 1
3 P_5 75 75 0 0 0 1 1 1
3 P_5 76 76 0.5 0.5 0.5 1 1 1
3 P_5 77 77 0 0 0 1 1 1
3 P_5 78 78 0.5 0.5 0.5 1 1 1
3 P_5 79 79 0 0 0 1 1 1
3 P_5 80 80 0 0 0 1 1 1
3 P_5 81 81 0.5 0.5 0.5 1 1 1
3 P_5 82 82 0.5 0.5 0.5 1 1 1
3 P_5 83 83 0 0 0 1 1 1
3 P_5 84 84 0 0 0 1 1 1
3 P_5 85 85 0 0 0 1 1 1
3 P_5 86 86 0.5 0.5 0.5 1 1 1
3 P_5 87 87 0 0 0 1 1 1
3 P_5 88 88 0.5 0.5 0.5 1 1 1
3 P_5 89 89 0.5 0.5 0.5 1 1 1
3 P_5 90 90 0 0 0 1 1 1
3 P_5 91 91 0.5 0.5 0.5 1 1 1
3 P_5 92 92 0.5 0.5 0.5 1 1 1
3 P_5 93 93 0.5 0.5 0.5 1 1 1
3 P_5 94 94 0.5 0.5 0.5 1 1 1
3 P_5 95 95 0 0 0 1 1 1
3 P_5 96 96 0.5 0.5 0.5 1 1 1
3 P_5 97 97 0.5 0.5 0.5 1 1 1
3 P_5 98 98 0.5 0.5 0.5 1 1 1
3 P_5 99 99 0.5 0.5 0.5 1 1 1
4 P_0 0 0 0.1349815 0.1956521739130435 0.2628455 1 1 1
4 P_0 1 1 0.34363900000000003 0.4030612244897959 0.44522 1 1 1
4 P_0 2 2 0.0562 0.0942622950819672 0.146546 1 1 1
4 P_0 3 3 0.343611 0.4069767441860465 0.4502825 1 1 1
4 P_0 4 4 0.39266 0.45 0.4800535 1 1 1
4 P_0 5 5 0.3465705 0.40625 0.4479565 1 1 1
4 P_0 6 6 0 0 0 1 1 1
4 P_0 7 7 0.5 0.5 0.5 1 1 1
4 P_0 8 8 0.342734 0.39823008849557523 0.439147 1 1 1
4 P_0 9 9 0.5 0.5 0.5 1 1 1
4 P_0 10 10 0.3671465 0.42346938775510207 0.460244 1 1 1
4 P_0 11 11 0 0 0 1 1 1
4 P_0 12 12 0.34363900000000003 0.4030612244897959 0.44522 1 1 1
4 P_0 13 13 0.3309505 0.3888888888888889 0.432554 1 1 1
4 P_0 14 14 0.352522 0.4114583333333333 0.4518255 1 1 1
4 P_0 15 15 0.380402 0.43434343434343436 0.4677255 1 1 1
4 P_0 16 16 0.382597 0.43564356435643564 0.4683815 1 1 1
4 P_0 17 17 0.346497 0.405 0.4463575 1 1 1
4 P_0 18 18 0.384512 0.4342105263157895 0.465971 1 1 1
4 P_0 19 19 0.333739 0.3939393939393939 0.438058 1 1 1
4 P_0 20 20 0 0 0 1 1 1
4 P_0 21 21 0 0 0 1 1 1
4 P_0 22 22 0.5 0.5 0.5 1 1 1
4 P_0 23 23 0.361183 0.41836734693877553 0.4565735 1 1 1
4 P_0 24 24 0.04869985 0.08947368421052632 0.148896 1 1 1
4 P_0 25 25 0 0 0 1 1 1
4 P_0 26 26 0.3697305 0.4238095238095238 0.4595575 1 1 1
4 P_0 27 27 0.3356695 0.3942307692307692 0.437423 1 1 1
4 P_0 28 28 0.3885405 0.4421052631578947 0.4733965 1 1 1
4 P_0 29 29 0.3519135 0.40865384615384615 0.448496 1 1 1
4 P_0 30 30 0.3654315 0.4166666666666667 0.452443 1 1 1
4 P_0 31 31 0.1923515 0.2549019607843137 0.3169195 1 1 1
4 P_0 32 32 0.361183 0.41836734693877553 0.4565735 1 1 1
4 P_0 33 33 0 0 0 1 1 1
4 P_0 34 34 0.329352 0.39325842696629215 0.4394395 1 1 1
4 P_0 35 35 0.1296615 0.18571428571428572 0.2485615 1 1 1
4 P_0 36 36 0.3632955 0.42105263157894735 0.458948 1 1 1
4 P_0 37 37 0 0 0 1 1 1
4 P_0 38 38 0.345098 0.4052631578947368 0.4473875 1 1 1
4 P_0 39 39 0.354527 0.4225352112676056 0.464117 1 1 1
4 P_0 40 40 0 0 0 1 1 1
4 P_0 41 41 0.1732525 0.23684210526315788 0.301963 1 1 1
4 P_0 42 42 0.3836645 0.4362745098039216 0.4686995 1 1 1
4 P_0 43 43 0.402669 0.453125 0.4802945 1 1 1
4 P_0 44 44 0.363213 0.4276315789473684 0.4665485 1 1 1
4 P_0 45 45 0.3806085 0.4318181818181818 0.4647 1 1 1
4 P_0 46 46 0.358764 0.4230769230769231 0.463139 1 1 1
4 P_0 47 47 0.377819 0.436046511627907 0.47054 1 1 1
4 P_0 48 48 0.03853985 0.07425742574257425 0.1292125 1 1 1
4 P_0 49 49 0.024042 0.056962025316455694 0.1165585 1 1 1
4 P_0 50 50 0.4017145 0.45263157894736844 0.480083 1 1 1
4 P_0 51 51 0 0 0 1 1 1
4 P_0 52 52 0.03055355 0.06626506024096386 0.126226 1 1 1
4 P_0 53 53 0.412768 0.46 0.484104 1 1 1
4 P_0 54 54 0.3667045 0.42613636363636365 0.4635695 1 1 1
4 P_0 55 55 0.174298 0.24375 0.3140595 1 1 1
4 P_0 56 56 0.174533 0.23394495412844038 0.294994 1 1 1
4 P_0 57 57 0 0 0 1 1 1
4 P_0 58 58 0.368574 0.4230769230769231 0.4591565 1 1 1
4 P_0 59 59 0.375758 0.43157894736842106 0.466329 1 1 1
4 P_0 60 60 0.4096855 0.4567307692307692 0.481836 1 1 1
4 P_0 61 61 0.3518515 0.41379310344827586 0.4550395 1 1 1
4 P_0 62 62 0.361681 0.41517857142857145 0.452299 1 1 1
4 P_0 63 63 0.1620355 0.22277227722772278 0.286497 1 1 1
4 P_0 64 64 0.161369 0.22115384615384615 0.2840165 1 1 1
4 P_0 65 65 0 0 0 1 1 1
4 P_0 66 66 0.352933 0.40825688073394495 0.44747 1 1 1
4 P_0 67 67 0.3745405 0.4308510638297872 0.4659605 1 1 1
4 P_0 68 68 0.3832415 0.4375 0.470227 1 1 1
4 P_0 69 69 0 0 0 1 1 1
4 P_0 70 70 0.3372965 0.4 0.444345 1 1 1
4 P_0 71 71 0.35957 0.4117647058823529 0.4488305 1 1 1
4 P_0 72 72 0.385079 0.43577981651376146 0.467593 1 1 1
4 P_0 73 73 0.3646035 0.421875 0.459389 1 1 1
4 P_0 74 74 0 0 0 1 1 1
4 P_0 75 75 0.142796 0.203125 0.268855 1 1 1
4 P_0 76 76 0.387576 0.44 0.4714465 1 1 1
4 P_0 77 77 0.1434065 0.19827586206896552 0.2581115 1 1 1
4 P_0 78 78 0.32134 0.38095238095238093 0.426735 1 1 1
4 P_0 79 79 0 0 0 1 1 1
4 P_0 80 80 0 0 0 1 1 1
4 P_0 81 81 0.387008 0.4369369369369369 0.4681915 1 1 1
4 P_0 82 82 0.5 0.5 0.5 1 1 1
4 P_0 83 83 0.054607 0.09523809523809523 0.152204 1 1 1
4 P_0 84 84 0 0 0 1 1 1
4 P_0 85 85 0.0396639 0.07476635514018691 0.128016 1 1 1
4 P_0 86 86 0.3598945 0.41509433962264153 0.4530335 1 1 1
4 P_0 87 87 0 0 0 1 1 1
4 P_0 88 88 0.367983 0.42857142857142855 0.4658495 1 1 1
4 P_0 89 89 0.4017965 0.45098039215686275 0.4784165 1 1 1
4 P_0 90 90 0.0633815 0.10989010989010989 0.1733715 1 1 1
4 P_0 91 91 0.5 0.5 0.5 1 1 1
4 P_0 92 92 0.380947 0.43617021276595747 0.469577 1 1 1
4 P_0 93 93 0.3548505 0.4117647058823529 0.4511265 1 1 1
4 P_0 94 94 0.388874 0.43805309734513276 0.4687685 1 1 1
4 P_0 95 95 0.162136 0.22727272727272727 0.295256 1 1 1
4 P_0 96 96 0.1781005 0.2383177570093458 0.2997475 1 1 1
4 P_0 97 97 0.3438885 0.4 0.440971 1 1 1
4 P_0 98 98 0.3665175 0.4205607476635514 0.4569365 1 1 1
4 P_0 99 99 0.384356 0.4381443298969072 0.4705415 1 1 1
5 P_1 0 0 0 0 0 1 1 1
5 P_1 1 1 0.5 0.5 0.5 1 1 1
5 P_1 2 2 0 0 0 1 1 1
5 P_1 3 3 0.5 0.5 0.5 1 1 1
5 P_1 4 4 0.5 0.5 0.5 1 1 1
5 P_1 5 5 0.5 0.5 0.5 1 1 1
5 P_1 6 6 0 0 0 1 1 1
5 P_1 7 7 0.5 0.5 0.5 1 1 1
5 P_1 8 8 0.5 0.5 0.5 1 1 1
5 P_1 9 9 0.5 0.5 0.5 1 1 1
5 P_1 10 10 0.5 0.5 0.5 1 1 1
5 P_1 11 11 0 0 0 1 1 1
5 P_1 12 12 0.5 0.5 0.5 1 1 1
5 P_1 13 13 0.5 0.5 0.5 1 1 1
5 P_1 14 14 0.5 0.5 0.5 1 1 1
5 P_1 15 15 0.5 0.5 0.5 1 1 1
5 P_1 16 16 0.5 0.5 0.5 1 1 1
5 P_1 17 17 0.5 0.5 0.5 1 1 1
5 P_1 18 18 0.5 0.5 0.5 1 1 1
5 P_1 19 19 0.5 0.5 0.5 1 1 1
5 P_1 20 20 0 0 0 1 1 1
5 P_1 21 21 0 0 0 1 1 1
5 P_1 22 22 0.5 0.5 0.5 1 1 1
5 P_1 23 23 0.5 0.5 0.5 1 1 1
5 P_1 24 24 0 0 0 1 1 1
5 P_1 25 25 0 0 0 1 1 1
5 P_1 26 26 0.5 0.5 0.5 1 1 1
5 P_1 27 27 0.5 0.5 0.5 1 1 1
5 P_1 28 28 0.5 0.5 0.5 1 1 1
5 P_1 29 29 0.5 0.5 0.5 1 1 1
5 P_1 30 30 0.5 0.5 0.5 1 1 1
5 P_1 31 31 0.278788 0.35 0.4075015 1 1 1
5 P_1 32 32 0.5 0.5 0.5 1 1 1
5 P_1 33 33 0 0 0 1 1 1
5 P_1 34 34 0.5 0.5 0.5 1 1 1
5 P_1 35 35 0 0 0 1 1 1
5 P_1 36 36 0.5 0.5 0.5 1 1 1
5 P_1 37 37 0 0 0 1 1 1
5 P_1 38 38 0.5 0.5 0.5 1 1 1
5 P_1 39 39 0.5 0.5 0.5 1 1 1
5 P_1 40 40 0.3532085 0.4095238095238095 0.4490045 1 1 1
5 P_1 41 41 0 0 0 1 1 1
5 P_1 42 42 0.5 0.5 0.5 1 1 1
5 P_1 43 43 0.5 0.5 0.5 1 1 1
5 P_1 44 44 0.5 0.5 0.5 1 1 1
5 P_1 45 45 0.5 0.5 0.5 1 1 1
5 P_1 46 46 0.5 0.5 0.5 1 1 1
5 P_1 47 47 0.5 0.5 0.5 1 1 1
5 P_1 48 48 0 0 0 1 1 1
5 P_1 49 49 0 0 0 1 1 1
5 P_1 50 50 0.5 0.5 0.5 1 1 1
5 P_1 51 51 0 0 0 1 1 1
5 P_1 52 52 0 0 0 1 1 1
5 P_1 53 53 0.5 0.5 0.5 1 1 1
5 P_1 54 54 0.5 0.5 0.5 1 1 1
5 P_1 55 55 0.5 0.5 0.5 1 1 1
5 P_1 56 56 0 0 0 1 1 1
5 P_1 57 57 0 0 0 1 1 1
5 P_1 58 58 0.5 0.5 0.5 1 1 1
5 P_1 59 59 0.5 0.5 0.5 1 1 1
5 P_1 60 60 0.5 0.5 0.5 1 1 1
5 P_1 61 61 0.5 0.5 0.5 1 1 1
5 P_1 62 62 0.5 0.5 0.5 1 1 1
5 P_1 63 63 0 0 0 1 1 1
5 P_1 64 64 0 0 0 1 1 1
5 P_1 65 65 0 0 0 1 1 1
5 P_1 66 66 0.5 0.5 0.5 1 1 1
5 P_1 67 67 0.5 0.5 0.5 1 1 1
5 P_1 68 68 0.5 0.5 0.5 1 1 1
5 P_1 69 69 0 0 0 1 1 1
5 P_1 70 70 0.5 0.5 0.5 1 1 1
5 P_1 71 71 0.5 0.5 0.5 1 1 1
5 P_1 72 72 0.5 0.5 0.5 1 1 1
5 P_1 73 73 0.5 0.5 0.5 1 1 1
5 P_1 74 74 0 0 0 1 1 1
5 P_1 75 75 0 0 0 1 1 1
5 P_1 76 76 0.5 0.5 0.5 1 1 1
5 P_1 77 77 0 0 0 1 1 1
5 P_1 78 78 0.5 0.5 0.5 1 1 1
5 P_1 79 79 0 0 0 1 1 1
5 P_1 80 80 0 0 0 1 1 1
5 P_1 81 81 0.5 0.5 0.5 1 1 1
5 P_1 82 82 0.5 0.5 0.5 1 1 1
5 P_1 83 83 0 0 0 1 1 1
5 P_1 84 84 0 0 0 1 1 1
5 P_1 85 85 0 0 0 1 1 1
5 P_1 86 86 0.5 0.5 0.5 1 1 1
5 P_1 87 87 0 0 0 1 1 1
5 P_1 88 88 0.5 0.5 0.5 1 1 1
5 P_1 89 89 0.5 0.5 0.5 1 1 1
5 P_1 90 90 0 0 0 1 1 1
5 P_1 91 91 0.5 0.5 0.5 1 1 1
5 P_1 92 92 0.5 0.5 0.5 1 1 1
5 P_1 93 93 0.5 0.5 0.5 1 1 1
5 P_1 94 94 0.5 0.5 0.5 1 1 1
5 P_1 95 95 0 0 0 1 1 1
5 P_1 96 96 0.362288 0.4166666666666667 0.4539325 1 1 1
5 P_1 97 97 0.5 0.5 0.5 1 1 1
5 P_1 98 98 0.5 0.5 0.5 1 1 1
5 P_1 99 99 0.5 0.5 0.5 1 1 1
6 P_9 0 0 0 0 0 1 1 1
6 P_9 1 1 0.5 0.5 0.5 1 1 1
6 P_9 2 2 0 0 0 1 1 1
6 P_9 3 3 0.5 0.5 0.5 1 1 1
6 P_9 4 4 0.5 0.5 0.5 1 1 1
6 P_9 5 5 0.5 0.5 0.5 1 1 1
6 P_9 6 6 0 0 0 1 1 1
6 P_9 7 7 0.5 0.5 0.5 1 1 1
6 P_9 8 8 0.5 0.5 0.5 1 1 1
6 P_9 9 9 0.5 0.5 0.5 1 1 1
6 P_9 10 10 0.5 0.5 0.5 1 1 1
6 P_9 11 11 0 0 0 1 1 1
6 P_9 12 12 0.5 0.5 0.5 1 1 1
6 P_9 13 13 0.5 0.5 0.5 1 1 1
6 P_9 14 14 0.5 0.5 0.5 1 1 1
6 P_9 15 15 0.5 0.5 0.5 1 1 1
6 P_9 16 16 0.5 0.5 0.5 1 1 1
6 P_9 17 17 0.5 0.5 0.5 1 1 1
6 P_9 18 18 0.5 0.5 0.5 1 1 1
6 P_9 19 19 0.5 0.5 0.5 1 1 1
6 P_9 20 20 0 0 0 1 1 1
6 P_9 21 21 0 0 0 1 1 1
6 P_9 22 22 0.5 0.5 0.5 1 1 1
6 P_9 23 23 0.5 0.5 0.5 1 1 1
6 P_9 24 24 0 0 0 1 1 1
6 P_9 25 25 0 0 0 1 1 1
6 P_9 26 26 0.5 0.5 0.5 1 1 1
6 P_9 27 27 0.5 0.5 0.5 1 1 1
6 P_9 28 28 0.5 0.5 0.5 1 1 1
6 P_9 29 29 0.5 0.5 0.5 1 1 1
6 P_9 30 30 0.5 0.5 0.5 1 1 1
6 P_9 31 31 0 0 0 1 1 1
6 P_9 32 32 0.5 0.5 0.5 1 1 1
6 P_9 33 33 0 0 0 1 1 1
6 P_9 34 34 0.5 0.5 0.5 1 1 1
6 P_9 35 35 0 0 0 1 1 1
6 P_9 36 36 0.5 0.5 0.5 1 1 1
6 P_9 37 37 0 0 0 1 1 1
6 P_9 38 38 0.5 0.5 0.5 1 1 1
6 P_9 39 39 0.5 0.5 0.5 1 1 1
6 P_9 40 40 0 0 0 1 1 1
6 P_9 41 41 0 0 0 1 1 1
6 P_9 42 42 0.5 0.5 0.5 1 1 1
6 P_9 43 43 0.5 0.5 0.5 1 1 1
6 P_9 44 44 0.5 0.5 0.5 1 1 1
6 P_9 45 45 0.5 0.5 0.5 1 1 1
6 P_9 46 46 0.5 0.5 0.5 1 1 1
6 P_9 47 47 0.5 0.5 0.5 1 1 1
6 P_9 48 48 0 0 0 1 1 1
6 P_9 49 49 0 0 0 1 1 1
6 P_9 50 50 0.5 0.5 0.5 1 1 1
6 P_9 51 51 0 0 0 1 1 1
6 P_9 52 52 0 0 0 1 1 1
6 P_9 53 53 0.5 0.5 0.5 1 1 1
6 P_9 54 54 0.5 0.5 0.5 1 1 1
6 P_9 55 55 0 0 0 1 1 1
6 P_9 56 56 0 0 0 1 1 1
6 P_9 57 57 0 0 0 1 1 1
6 P_9 58 58 0.5 0.5 0.5 1 1 1
6 P_9 59 59 0.5 0.5 0.5 1 1 1
6 P_9 60 60 0.5 0.5 0.5 1 1 1
6 P_9 61 61 0.5 0.5 0.5 1 1 1
6 P_9 62 62 0.5 0.5 0.5 1 1 1
6 P_9 63 63 0 0 0 1 1 1
6 P_9 64 64 0 0 0 1 1 1
6 P_9 65 65 0 0 0 1 1 1
6 P_9 66 66 0.5 0.5 0.5 1 1 1
6 P_9 67 67 0.5 0.5 0.5 1 1 1
6 P_9 68 68 0.5 0.5 0.5 1 1 1
6 P_9 69 69 0 0 0 1 1 1
6 P_9 70 70 0.5 0.5 0.5 1 1 1
6 P_9 71 71 0.5 0.5 0.5 1 1 1
6 P_9 72 72 0.5 0.5 0.5 1 1 1
6 P_9 73 73 0.5 0.5 0.5 1 1 1
6 P_9 74 74 0 0 0 1 1 1
6 P_9 75 75 0.5 0.5 0.5 1 1 1
6 P_9 76 76 0.5 0.5 0.5 1 1 1
6 P_9 77 77 0 0 0 1 1 1
6 P_9 78 78 0.5 0.5 0.5 1 1 1
6 P_9 79 79 0 0 0 1 1 1
6 P_9 80 80 0 0 0 1 1 1
6 P_9 81 81 0.5 0.5 0.5 1 1 1
6 P_9 82 82 0.5 0.5 0.5 1 1 1
6 P_9 83 83 0 0 0 1 1 1
6 P_9 84 84 0 0 0 1 1 1
6 P_9 85 85 0 0 0 1 1 1
6 P_9 86 86 0.5 0.5 0.5 1 1 1
6 P_9 87 87 0 0 0 1 1 1
6 P_9 88 88 0.5 0.5 0.5 1 1 1
6 P_9 89 89 0.5 0.5 0.5 1 1 1
6 P_9 90 90 0 0 0 1 1 1
6 P_9 91 91 0.5 0.5 0.5 1 1 1
6 P_9 92 92 0.5 0.5 0.5 1 1 1
6 P_9 93 93 0.5 0.5 0.5 1 1 1
6 P_9 94 94 0.5 0.5 0.5 1 1 1
6 P_9 95 95 0 0 0 1 1 1
6 P_9 96 96 0 0 0 1 1 1
6 P_9 97 97 0.5 0.5 0.5 1 1 1
6 P_9 98 98 0.5 0.5 0.5 1 1 1
6 P_9 99 99 0.5 0.5 0.5 1 1 1
7 P_7 0 0 0.168684 0.22608695652173913 0.285805 1 1 1
7 P_7 1 1 0.5 0.5 0.5 1 1 1
7 P_7 2 2 0 0 0 1 1 1
7 P_7 3 3 0.5 0.5 0.5 1 1 1
7 P_7 4 4 0.5 0.5 0.5 1 1 1
7 P_7 5 5 0.5 0.5 0.5 1 1 1
7 P_7 6 6 0 0 0 1 1 1
7 P_7 7 7 0.5 0.5 0.5 1 1 1
7 P_7 8 8 0.5 0.5 0.5 1 1 1
7 P_7 9 9 0.5 0.5 0.5 1 1 1
7 P_7 10 10 0.5 0.5 0.5 1 1 1
7 P_7 11 11 0 0 0 1 1 1
7 P_7 12 12 0.5 0.5 0.5 1 1 1
7 P_7 13 13 0.5 0.5 0.5 1 1 1
7 P_7 14 14 0.5 0.5 0.5 1 1 1
7 P_7 15 15 0.5 0.5 0.5 1 1 1
7 P_7 16 16 0.5 0.5 0.5 1 1 1
7 P_7 17 17 0.5 0.5 0.5 1 1 1
7 P_7 18 18 0.5 0.5 0.5 1 1 1
7 P_7 19 19 0.5 0.5 0.5 1 1 1
7 P_7 20 20 0 0 0 1 1 1
7 P_7 21 21 0 0 0 1 1 1
7 P_7 22 22 0.5 0.5 0.5 1 1 1
7 P_7 23 23 0.5 0.5 0.5 1 1 1
7 P_7 24 24 0 0 0 1 1 1
7 P_7 25 25 0 0 0 1 1 1
7 P_7 26 26 0.5 0.5 0.5 1 1 1
7 P_7 27 27 0.5 0.5 0.5 1 1 1
7 P_7 28 28 0.5 0.5 0.5 1 1 1
7 P_7 29 29 0.5 0.5 0.5 1 1 1
7 P_7 30 30 0.5 0.5 0.5 1 1 1
7 P_7 31 31 0.2466695 0.30701754385964913 0.3617985 1 1 1
7 P_7 32 32 0.5 0.5 0.5 1 1 1
7 P_7 33 33 0 0 0 1 1 1
7 P_7 34 34 0.5 0.5 0.5 1 1 1
7 P_7 35 35 0.164586 0.2268041237113402 0.2916685 1 1 1
7 P_7 36 36 0.5 0.5 0.5 1 1 1
7 P_7 37 37 0 0 0 1 1 1
7 P_7 38 38 0.5 0.5 0.5 1 1 1
7 P_7 39 39 0.5 0.5 0.5 1 1 1
7 P_7 40 40 0.04039145 0.07954545454545454 0.1399955 1 1 1
7 P_7 41 41 0.0924045 0.14035087719298245 0.198998 1 1 1
7 P_7 42 42 0.5 0.5 0.5 1 1 1
7 P_7 43 43 0.5 0.5 0.5 1 1 1
7 P_7 44 44 0.5 0.5 0.5 1 1 1
7 P_7 45 45 0.5 0.5 0.5 1 1 1
7 P_7 46 46 0.5 0.5 0.5 1 1 1
7 P_7 47 47 0.5 0.5 0.5 1 1 1
7 P_7 48 48 0 0 0 1 1 1
7 P_7 49 49 0 0 0 1 1 1
7 P_7 50 50 0.5 0.5 0.5 1 1 1
7 P_7 51 51 0 0 0 1 1 1
7 P_7 52 52 0 0 0 1 1 1
7 P_7 53 53 0.5 0.5 0.5 1 1 1
7 P_7 54 54 0.5 0.5 0.5 1 1 1
7 P_7 55 55 0.264623 0.33152173913043476 0.3886385 1 1 1
7 P_7 56 56 0.169342 0.23195876288659795 0.2966335 1 1 1
7 P_7 57 57 0 0 0 1 1 1
7 P_7 58 58 0.5 0.5 0.5 1 1 1
7 P_7 59 59 0.5 0.5 0.5 1 1 1
7 P_7 60 60 0.5 0.5 0.5 1 1 1
7 P_7 61 61 0.5 0.5 0.5 1 1 1
7 P_7 62 62 0.5 0.5 0.5 1 1 1
7 P_7 63 63 0.1638015 0.225 0.2889685 1 1 1
7 P_7 64 64 0.211311 0.27403846153846156 0.3342015 1 1 1
7 P_7 65 65 0 0 0 1 1 1
7 P_7 66 66 0.5 0.5 0.5 1 1 1
7 P_7 67 67 0.5 0.5 0.5 1 1 1
7 P_7 68 68 0.5 0.5 0.5 1 1 1
7 P_7 69 69 0 0 0 1 1 1
7 P_7 70 70 0.5 0.5 0.5 1 1 1
7 P_7 71 71 0.5 0.5 0.5 1 1 1
7 P_7 72 72 0.5 0.5 0.5 1 1 1
7 P_7 73 73 0.5 0.5 0.5 1 1 1
7 P_7 74 74 0 0 0 1 1 1
7 P_7 75 75 0.0701055 0.11304347826086956 0.169229 1 1 1
7 P_7 76 76 0.5 0.5 0.5 1 1 1
7 P_7 77 77 0.064338 0.10619469026548672 0.162197 1 1 1
7 P_7 78 78 0.5 0.5 0.5 1 1 1
7 P_7 79 79 0 0 0 1 1 1
7 P_7 80 80 0 0 0 1 1 1
7 P_7 81 81 0.5 0.5 0.5 1 1 1
7 P_7 82 82 0.5 0.5 0.5 1 1 1
7 P_7 83 83 0 0 0 1 1 1
7 P_7 84 84 0 0 0 1 1 1
7 P_7 85 85 0 0 0 1 1 1
7 P_7 86 86 0.5 0.5 0.5 1 1 1
7 P_7 87 87 0 0 0 1 1 1
7 P_7 88 88 0.5 0.5 0.5 1 1 1
7 P_7 89 89 0.5 0.5 0.5 1 1 1
7 P_7 90 90 0 0 0 1 1 1
7 P_7 91 91 0.5 0.5 0.5 1 1 1
7 P_7 92 92 0.5 0.5 0.5 1 1 1
7 P_7 93 93 0.5 0.5 0.5 1 1 1
7 P_7 94 94 0.5 0.5 0.5 1 1 1
7 P_7 95 95 0.0727465 0.11711711711711711 0.1747895 1 1 1
7 P_7 96 96 0.2595285 0.3211009174311927 0.375425 1 1 1
7 P_7 97 97 0.5 0.5 0.5 1 1 1
7 P_7 98 98 0.5 0.5 0.5 1 1 1
7 P_7 99 99 0.5 0.5 0.5 1 1 1
8 P_3 0 0 0 0 0 1 1 1
8 P_3 1 1 0.0918545 0.14150943396226415 0.2025225 1 1 1
8 P_3 2 2 0.088615 0.14130434782608695 0.207032 1 1 1
8 P_3 3 3 0.109087 0.15948275862068967 0.2185665 1 1 1
8 P_3 4 4 0.102326 0.1590909090909091 0.227238 1 1 1
8 P_3 5 5 0.1014465 0.16049382716049382 0.2316705 1 1 1
8 P_3 6 6 0.199669 0.26666666666666666 0.331621 1 1 1
8 P_3 7 7 0.5 0.5 0.5 1 1 1
8 P_3 8 8 0.0941735 0.14835164835164835 0.2148525 1 1 1
8 P_3 9 9 0.5 0.5 0.5 1 1 1
8 P_3 10 10 0.077882 0.125 0.185443 1 1 1
8 P_3 11 11 0 0 0 1 1 1
8 P_3 12 12 0.0965645 0.14285714285714285 0.198641 1 1 1
8 P_3 13 13 0.0897145 0.13942307692307693 0.2009215 1 1 1
8 P_3 14 14 0.0976385 0.15104166666666666 0.2158425 1 1 1
8 P_3 15 15 0.081795 0.12980769230769232 0.1906345 1 1 1
8 P_3 16 16 0.088425 0.13861386138613863 0.2010185 1 1 1
8 P_3 17 17 0.091285 0.14285714285714285 0.206526 1 1 1
8 P_3 18 18 0.1117605 0.17567567567567569 0.250569 1 1 1
8 P_3 19 19 0.0940185 0.14942528735632185 0.217561 1 1 1
8 P_3 20 20 0.2060095 0.26495726495726496 0.3224805 1 1 1
8 P_3 21 21 0.188518 0.2556818181818182 0.322134 1 1 1
8 P_3 22 22 0.5 0.5 0.5 1 1 1
8 P_3 23 23 0.103566 0.15350877192982457 0.21287 1 1 1
8 P_3 24 24 0.0695465 0.11702127659574468 0.180115 1 1 1
8 P_3 25 25 0.188628 0.25257731958762886 0.3162325 1 1 1
8 P_3 26 26 0.084722 0.13541666666666666 0.1993055 1 1 1
8 P_3 27 27 0.0763085 0.12376237623762376 0.185057 1 1 1
8 P_3 28 28 0.0746625 0.12244897959183673 0.1846315 1 1 1
8 P_3 29 29 0.0956635 0.14705882352941177 0.209638 1 1 1
8 P_3 30 30 0.1076145 0.1631578947368421 0.2288055 1 1 1
8 P_3 31 31 0 0 0 1 1 1
8 P_3 32 32 0.0763085 0.12376237623762376 0.185057 1 1 1
8 P_3 33 33 0 0 0 1 1 1
8 P_3 34 34 0.083026 0.13690476190476192 0.205582 1 1 1
8 P_3 35 35 0 0 0 1 1 1
8 P_3 36 36 0.150711 0.20491803278688525 0.2632475 1 1 1
8 P_3 37 37 0 0 0 1 1 1
8 P_3 38 38 0.078676 0.1262135922330097 0.1870705 1 1 1
8 P_3 39 39 0.0646665 0.11052631578947368 0.1726 1 1 1
8 P_3 40 40 0 0 0 1 1 1
8 P_3 41 41 0.1135095 0.16831683168316833 0.2320855 1 1 1
8 P_3 42 42 0.1159595 0.16981132075471697 0.2320605 1 1 1
8 P_3 43 43 0.0838015 0.13402061855670103 0.197462 1 1 1
8 P_3 44 44 0.104571 0.16111111111111112 0.228544 1 1 1
8 P_3 45 45 0.096489 0.15053763440860216 0.216396 1 1 1
8 P_3 46 46 0.138124 0.19607843137254902 0.259894 1 1 1
8 P_3 47 47 0.0987975 0.14953271028037382 0.210692 1 1 1
8 P_3 48 48 0.0697865 0.11363636363636363 0.1712545 1 1 1
8 P_3 49 49 0.03686185 0.07471264367816093 0.134697 1 1 1
8 P_3 50 50 0.104113 0.15816326530612246 0.222584 1 1 1
8 P_3 51 51 0.1684825 0.22857142857142856 0.2909255 1 1 1
8 P_3 52 52 0.02473835 0.05392156862745098 0.104334 1 1 1
8 P_3 53 53 0.114064 0.17010309278350516 0.2352545 1 1 1
8 P_3 54 54 0.0998045 0.15306122448979592 0.217264 1 1 1
8 P_3 55 55 0 0 0 1 1 1
8 P_3 56 56 0 0 0 1 1 1
8 P_3 57 57 0 0 0 1 1 1
8 P_3 58 58 0.0727915 0.12222222222222222 0.1873015 1 1 1
8 P_3 59 59 0.121908 0.17372881355932204 0.232751 1 1 1
8 P_3 60 60 0.1050295 0.15841584158415842 0.2218485 1 1 1
8 P_3 61 61 0.091572 0.14215686274509803 0.204458 1 1 1
8 P_3 62 62 0.098736 0.15151515151515152 0.215307 1 1 1
8 P_3 63 63 0 0 0 1 1 1
8 P_3 64 64 0 0 0 1 1 1
8 P_3 65 65 0 0 0 1 1 1
8 P_3 66 66 0.1007905 0.1523809523809524 0.214286 1 1 1
8 P_3 67 67 0.0987975 0.14953271028037382 0.210692 1 1 1
8 P_3 68 68 0.097602 0.15217391304347827 0.218482 1 1 1
8 P_3 69 69 0.168378 0.23157894736842105 0.296924 1 1 1
8 P_3 70 70 0.088425 0.13861386138613863 0.2010185 1 1 1
8 P_3 71 71 0.1135095 0.16831683168316833 0.2320855 1 1 1
8 P_3 72 72 0.0779275 0.12626262626262627 0.1884285 1 1 1
8 P_3 73 73 0.091285 0.14285714285714285 0.206526 1 1 1
8 P_3 74 74 0 0 0 1 1 1
8 P_3 75 75 0.112823 0.16379310344827586 0.223038 1 1 1
8 P_3 76 76 0.096882 0.14678899082568808 0.207215 1 1 1
8 P_3 77 77 0.086616 0.13592233009708737 0.19750499999999999 1 1 1
8 P_3 78 78 0.1007905 0.1523809523809524 0.214286 1 1 1
8 P_3 79 79 0 0 0 1 1 1
8 P_3 80 80 0.2062505 0.2647058823529412 0.321784 1 1 1
8 P_3 81 81 0.0851575 0.13736263736263737 0.2032205 1 1 1
8 P_3 82 82 0.5 0.5 0.5 1 1 1
8 P_3 83 83 0.0542055 0.09595959595959595 0.154919 1 1 1
8 P_3 84 84 0.218468 0.2777777777777778 0.3344425 1 1 1
8 P_3 85 85 0.0644095 0.10747663551401869 0.165321 1 1 1
8 P_3 86 86 0.0898355 0.1349206349206349 0.190199 1 1 1
8 P_3 87 87 0 0 0 1 1 1
8 P_3 88 88 0.1197345 0.18421052631578946 0.2581615 1 1 1
8 P_3 89 89 0.1116075 0.16666666666666666 0.2310455 1 1 1
8 P_3 90 90 0.088615 0.14130434782608695 0.207032 1 1 1
8 P_3 91 91 0.5 0.5 0.5 1 1 1
8 P_3 92 92 0.105241 0.15416666666666667 0.2119935 1 1 1
8 P_3 93 93 0.1251075 0.18137254901960784 0.245096 1 1 1
8 P_3 94 94 0.0755945 0.12149532710280374 0.1807235 1 1 1
8 P_3 95 95 0.097755 0.14903846153846154 0.2110885 1 1 1
8 P_3 96 96 0 0 0 1 1 1
8 P_3 97 97 0.098736 0.15151515151515152 0.215307 1 1 1
8 P_3 98 98 0.092778 0.14285714285714285 0.2042565 1 1 1
8 P_3 99 99 0.1008965 0.15463917525773196 0.2192565 1 1 1
9 P_6 0 0 0 0 0 1 1 1
9 P_6 1 1 0.308311 0.3723404255319149 0.4219975 1 1 1
9 P_6 2 2 0.0540035 0.09883720930232558 0.1629925 1 1 1
9 P_6 3 3 0.277383 0.3346774193548387 0.384352 1 1 1
9 P_6 4 4 0.2294975 0.29775280898876405 0.360092 1 1 1
9 P_6 5 5 0.275793 0.3380952380952381 0.391088 1 1 1
9 P_6 6 6 0.074586 0.12365591397849462 0.187721 1 1 1
9 P_6 7 7 0.5 0.5 0.5 1 1 1
9 P_6 8 8 0.221159 0.28888888888888886 0.3518515 1 1 1
9 P_6 9 9 0.5 0.5 0.5 1 1 1
9 P_6 10 10 0.2753795 0.3402061855670103 0.3947455 1 1 1
9 P_6 11 11 0 0 0 1 1 1
9 P_6 12 12 0.265731 0.3352941176470588 0.393818 1 1 1
9 P_6 13 13 0.227853 0.2912621359223301 0.350228 1 1 1
9 P_6 14 14 0.294768 0.3611111111111111 0.413843 1 1 1
9 P_6 15 15 0.2619745 0.3333333333333333 0.393399 1 1 1
9 P_6 16 16 0.2632915 0.3333333333333333 0.3924665 1 1 1
9 P_6 17 17 0.2619515 0.32524271844660196 0.380433 1 1 1
9 P_6 18 18 0.2759705 0.3347457627118644 0.38552 1 1 1
9 P_6 19 19 0.2930775 0.35267857142857145 0.4020855 1 1 1
9 P_6 20 20 0.073872 0.12121212121212122 0.1829465 1 1 1
9 P_6 21 21 0.071606 0.12345679012345678 0.192445 1 1 1
9 P_6 22 22 0.5 0.5 0.5 1 1 1
9 P_6 23 23 0.2590625 0.32608695652173914 0.383981 1 1 1
9 P_6 24 24 0.0237172 0.053763440860215055 0.1070195 1 1 1
9 P_6 25 25 0.0715975 0.11764705882352941 0.1780695 1 1 1
9 P_6 26 26 0.3075435 0.36792452830188677 0.415962 1 1 1
9 P_6 27 27 0.331702 0.39759036144578314 0.443962 1 1 1
9 P_6 28 28 0.2619745 0.3333333333333333 0.393399 1 1 1
9 P_6 29 29 0.2292085 0.2967032967032967 0.3585335 1 1 1
9 P_6 30 30 0.2648975 0.3284313725490196 0.3834415 1 1 1
9 P_6 31 31 0 0 0 1 1 1
9 P_6 32 32 0.2717705 0.3333333333333333 0.386326 1 1 1
9 P_6 33 33 0 0 0 1 1 1
9 P_6 34 34 0.252811 0.3218390804597701 0.3817725 1 1 1
9 P_6 35 35 0 0 0 1 1 1
9 P_6 36 36 0.244402 0.3105263157894737 0.369607 1 1 1
9 P_6 37 37 0 0 0 1 1 1
9 P_6 38 38 0.2771475 0.3475609756097561 0.4049085 1 1 1
9 P_6 39 39 0.2268485 0.29545454545454547 0.3583675 1 1 1
9 P_6 40 40 0 0 0 1 1 1
9 P_6 41 41 0.03181175 0.06666666666666667 0.123922 1 1 1
9 P_6 42 42 0.294729 0.35398230088495575 0.4030005 1 1 1
9 P_6 43 43 0.2381075 0.3068181818181818 0.368413 1 1 1
9 P_6 44 44 0.3142075 0.37383177570093457 0.4206115 1 1 1
9 P_6 45 45 0.223273 0.2878787878787879 0.3482475 1 1 1
9 P_6 46 46 0.2632915 0.3333333333333333 0.3924665 1 1 1
9 P_6 47 47 0.3169115 0.375 0.420682 1 1 1
9 P_6 48 48 0.0263201 0.057291666666666664 0.1103825 1 1 1
9 P_6 49 49 0.0211607 0.04807692307692308 0.0964375 1 1 1
9 P_6 50 50 0.2681215 0.3372093023255814 0.3951355 1 1 1
9 P_6 51 51 0.077152 0.12173913043478261 0.1787345 1 1 1
9 P_6 52 52 0.02945995 0.06395348837209303 0.122181 1 1 1
9 P_6 53 53 0.256846 0.3181818181818182 0.3726275 1 1 1
9 P_6 54 54 0.247153 0.3080357142857143 0.3631545 1 1 1
9 P_6 55 55 0 0 0 1 1 1
9 P_6 56 56 0 0 0 1 1 1
9 P_6 57 57 0 0 0 1 1 1
9 P_6 58 58 0.2702185 0.33695652173913043 0.3932605 1 1 1
9 P_6 59 59 0.2371135 0.3 0.3576015 1 1 1
9 P_6 60 60 0.2700465 0.33505154639175255 0.3903565 1 1 1
9 P_6 61 61 0.257006 0.32038834951456313 0.3761925 1 1 1
9 P_6 62 62 0.2434465 0.3025210084033613 0.356676 1 1 1
9 P_6 63 63 0 0 0 1 1 1
9 P_6 64 64 0 0 0 1 1 1
9 P_6 65 65 0 0 0 1 1 1
9 P_6 66 66 0.267119 0.3274336283185841 0.3801245 1 1 1
9 P_6 67 67 0.2157285 0.2840909090909091 0.3481835 1 1 1
9 P_6 68 68 0.2238 0.29120879120879123 0.3536195 1 1 1
9 P_6 69 69 0.055343 0.10119047619047619 0.166492 1 1 1
9 P_6 70 70 0.248755 0.31666666666666665 0.3764075 1 1 1
9 P_6 71 71 0.2410145 0.30612244897959184 0.364891 1 1 1
9 P_6 72 72 0.2537065 0.3235294117647059 0.3838345 1 1 1
9 P_6 73 73 0.289308 0.35046728971962615 0.4012025 1 1 1
9 P_6 74 74 0 0 0 1 1 1
9 P_6 75 75 0.251986 0.3177083333333333 0.37563 1 1 1
9 P_6 76 76 0.294418 0.3630952380952381 0.416974 1 1 1
9 P_6 77 77 0.02542825 0.05357142857142857 0.101153 1 1 1
9 P_6 78 78 0.2276785 0.2904761904761905 0.3489955 1 1 1
9 P_6 79 79 0 0 0 1 1 1
9 P_6 80 80 0.060166 0.10185185185185185 0.158759 1 1 1
9 P_6 81 81 0.3056305 0.36324786324786323 0.410088 1 1 1
9 P_6 82 82 0.5 0.5 0.5 1 1 1
9 P_6 83 83 0.0271623 0.05714285714285714 0.107437 1 1 1
9 P_6 84 84 0.0551525 0.09615384615384616 0.153544 1 1 1
9 P_6 85 85 0.0201328 0.047872340425531915 0.0992585 1 1 1
9 P_6 86 86 0.245628 0.3131868131868132 0.3730825 1 1 1
9 P_6 87 87 0 0 0 1 1 1
9 P_6 88 88 0.2280405 0.29207920792079206 0.3515005 1 1 1
9 P_6 89 89 0.240632 0.30180180180180183 0.3577815 1 1 1
9 P_6 90 90 0.01692695 0.0425531914893617 0.0924285 1 1 1
9 P_6 91 91 0.5 0.5 0.5 1 1 1
9 P_6 92 92 0.234901 0.2980769230769231 0.356124 1 1 1
9 P_6 93 93 0.3049225 0.37209302325581395 0.4236455 1 1 1
9 P_6 94 94 0.251279 0.3246753246753247 0.3874505 1 1 1
9 P_6 95 95 0.02345955 0.05319148936170213 0.105963 1 1 1
9 P_6 96 96 0 0 0 1 1 1
9 P_6 97 97 0.25351 0.3160377358490566 0.371649 1 1 1
9 P_6 98 98 0.253007 0.3130434782608696 0.366977 1 1 1
9 P_6 99 99 0.2679395 0.330188679245283 0.3840405 1 1 1
