5 #m
46 #n
0 P_4 0 0 0 0 0 1 1 1
0 P_4 1 1 0.1164095 0.2 0.295348 1 1 1
0 P_4 2 2 0.5 0.5 0.5 1 1 1
0 P_4 3 3 0 0 0 1 1 1
0 P_4 4 4 0 0 0 1 1 1
0 P_4 5 5 0 0 0 1 1 1
0 P_4 6 6 0 0 0 1 1 1
0 P_4 7 7 0.276318 0.3673469387755102 0.432894 1 1 1
0 P_4 8 8 0 0 0 1 1 1
0 P_4 9 9 0.06596 0.12727272727272726 0.2125245 1 1 1
0 P_4 10 10 0 0 0 1 1 1
0 P_4 11 11 0 0 0 1 1 1
0 P_4 12 12 0 0 0 1 1 1
0 P_4 13 13 0 0 0 1 1 1
0 P_4 14 14 0 0 0 1 1 1
0 P_4 15 15 0 0 0 1 1 1
0 P_4 16 16 0.5 0.5 0.5 1 1 1
0 P_4 17 17 0.1287065 0.2159090909090909 0.3112965 1 1 1
0 P_4 18 18 0 0 0 1 1 1
0 P_4 19 19 0.244613 0.336734693877551 0.410008 1 1 1
0 P_4 20 20 0 0 0 1 1 1
0 P_4 21 21 0 0 0 1 1 1
0 P_4 22 22 0.5 0.5 0.5 1 1 1
0 P_4 23 23 0.5 0.5 0.5 1 1 1
0 P_4 24 24 0 0 0 1 1 1
0 P_4 25 25 0.096344 0.17391304347826086 0.269011 1 1 1
0 P_4 26 26 0.5 0.5 0.5 1 1 1
0 P_4 27 27 0 0 0 1 1 1
0 P_4 28 28 0 0 0 1 1 1
0 P_4 29 29 0 0 0 1 1 1
0 P_4 30 30 0.2755865 0.3695652173913043 0.4360275 1 1 1
0 P_4 31 31 0 0 0 1 1 1
0 P_4 32 32 0 0 0 1 1 1
0 P_4 33 33 0 0 0 1 1 1
0 P_4 34 34 0 0 0 1 1 1
0 P_4 35 35 0 0 0 1 1 1
0 P_4 36 36 0.5 0.5 0.5 1 1 1
0 P_4 37 37 0.25978 0.35555555555555557 0.426533 1 1 1
0 P_4 38 38 0 0 0 1 1 1
0 P_4 39 39 0 0 0 1 1 1
0 P_4 40 40 0.0837965 0.14754098360655737 0.2294375 1 1 1
0 P_4 41 41 0 0 0 1 1 1
0 P_4 42 42 0 0 0 1 1 1
0 P_4 43 43 0 0 0 1 1 1
0 P_4 44 44 0 0 0 1 1 1
0 P_4 45 45 0.112932 0.19767441860465115 0.2952445 1 1 1
1 P_8 0 0 0.059399 0.11818181818181818 0.2026695 1 1 1
1 P_8 1 1 0.0542145 0.10833333333333334 0.187913 1 1 1
1 P_8 2 2 0.5 0.5 0.5 1 1 1
1 P_8 3 3 0.0639725 0.13043478260869565 0.2244135 1 1 1
1 P_8 4 4 0.03967855 0.0975609756097561 0.1943475 1 1 1
1 P_8 5 5 0 0 0 1 1 1
1 P_8 6 6 0 0 0 1 1 1
1 P_8 7 7 0.13106400000000001 0.21153846153846154 0.2999275 1 1 1
1 P_8 8 8 0.0173733 0.05555555555555555 0.1391125 1 1 1
1 P_8 9 9 0 0 0 1 1 1
1 P_8 10 10 0 0 0 1 1 1
1 P_8 11 11 0.0104617 0.038461538461538464 0.1095225 1 1 1
1 P_8 12 12 0 0 0 1 1 1
1 P_8 13 13 0 0 0 1 1 1
1 P_8 14 14 0 0 0 1 1 1
1 P_8 15 15 0 0 0 1 1 1
1 P_8 16 16 0.5 0.5 0.5 1 1 1
1 P_8 17 17 0 0 0 1 1 1
1 P_8 18 18 0.0243796 0.06481481481481481 0.1418485 1 1 1
1 P_8 19 19 0.217066 0.3 0.373931 1 1 1
1 P_8 20 20 0.00661325 0.029411764705882353 0.097755 1 1 1
1 P_8 21 21 0.0070282 0.03125 0.103253 1 1 1
1 P_8 22 22 0.5 0.5 0.5 1 1 1
1 P_8 23 23 0.5 0.5 0.5 1 1 1
1 P_8 24 24 0.0630165 0.125 0.2126685 1 1 1
1 P_8 25 25 0 0 0 1 1 1
1 P_8 26 26 0.5 0.5 0.5 1 1 1
1 P_8 27 27 0 0 0 1 1 1
1 P_8 28 28 0.1109945 0.19148936170212766 0.285203 1 1 1
1 P_8 29 29 0.01852845 0.05357142857142857 0.1260865 1 1 1
1 P_8 30 30 0.159742 0.25 0.340258 1 1 1
1 P_8 31 31 0 0 0 1 1 1
1 P_8 32 32 0 0 0 1 1 1
1 P_8 33 33 0.0216869 0.0625 0.144607 1 1 1
1 P_8 34 34 0 0 0 1 1 1
1 P_8 35 35 0.01593145 0.05102040816326531 0.129025 1 1 1
1 P_8 36 36 0.4106235 0.46923076923076923 0.491647 1 1 1
1 P_8 37 37 0.1838125 0.26785714285714285 0.3484715 1 1 1
1 P_8 38 38 0 0 0 1 1 1
1 P_8 39 39 0 0 0 1 1 1
1 P_8 40 40 0 0 0 1 1 1
1 P_8 41 41 0 0 0 1 1 1
1 P_8 42 42 0.0243796 0.06481481481481481 0.1418485 1 1 1
1 P_8 43 43 0 0 0 1 1 1
1 P_8 44 44 0 0 0 1 1 1
1 P_8 45 45 0 0 0 1 1 1
2 P_3 0 0 0 0 0 1 1 1
2 P_3 1 1 0 0 0 1 1 1
2 P_3 2 2 0.5 0.5 0.5 1 1 1
2 P_3 3 3 0 0 0 1 1 1
2 P_3 4 4 0 0 0 1 1 1
2 P_3 5 5 0 0 0 1 1 1
2 P_3 6 6 0 0 0 1 1 1
2 P_3 7 7 0 0 0 1 1 1
2 P_3 8 8 0.0685965 0.1320754716981132 0.2193665 1 1 1
2 P_3 9 9 0 0 0 1 1 1
2 P_3 10 10 0 0 0 1 1 1
2 P_3 11 11 0.0761405 0.13709677419354838 0.217748 1 1 1
2 P_3 12 12 0 0 0 1 1 1
2 P_3 13 13 0 0 0 1 1 1
2 P_3 14 14 0 0 0 1 1 1
2 P_3 15 15 0 0 0 1 1 1
2 P_3 16 16 0.5 0.5 0.5 1 1 1
2 P_3 17 17 0 0 0 1 1 1
2 P_3 18 18 0 0 0 1 1 1
2 P_3 19 19 0 0 0 1 1 1
2 P_3 20 20 0.126069 0.2 0.282934 1 1 1
2 P_3 21 21 0.0635195 0.12280701754385964 0.206089 1 1 1
2 P_3 22 22 0.5 0.5 0.5 1 1 1
2 P_3 23 23 0.5 0.5 0.5 1 1 1
2 P_3 24 24 0 0 0 1 1 1
2 P_3 25 25 0 0 0 1 1 1
2 P_3 26 26 0.5 0.5 0.5 1 1 1
2 P_3 27 27 0 0 0 1 1 1
2 P_3 28 28 0 0 0 1 1 1
2 P_3 29 29 0.069996 0.1346153846153846 0.2229515 1 1 1
2 P_3 30 30 0 0 0 1 1 1
2 P_3 31 31 0 0 0 1 1 1
2 P_3 32 32 0 0 0 1 1 1
2 P_3 33 33 0.0900945 0.15789473684210525 0.243085 1 1 1
2 P_3 34 34 0 0 0 1 1 1
2 P_3 35 35 0.1103745 0.18518518518518517 0.2728715 1 1 1
2 P_3 36 36 0.2770485 0.36538461538461536 0.430004 1 1 1
2 P_3 37 37 0 0 0 1 1 1
2 P_3 38 38 0 0 0 1 1 1
2 P_3 39 39 0 0 0 1 1 1
2 P_3 40 40 0 0 0 1 1 1
2 P_3 41 41 0 0 0 1 1 1
2 P_3 42 42 0.1284065 0.2033898305084746 0.286899 1 1 1
2 P_3 43 43 0 0 0 1 1 1
2 P_3 44 44 0 0 0 1 1 1
2 P_3 45 45 0 0 0 1 1 1
3 P_2 0 0 0 0 0 1 1 1
3 P_2 1 1 0.0920135 0.16666666666666666 0.259778 1 1 1
3 P_2 2 2 0.5 0.5 0.5 1 1 1
3 P_2 3 3 0 0 0 1 1 1
3 P_2 4 4 0 0 0 1 1 1
3 P_2 5 5 0 0 0 1 1 1
3 P_2 6 6 0 0 0 1 1 1
3 P_2 7 7 0 0 0 1 1 1
3 P_2 8 8 0.0526665 0.11627906976744186 0.2126065 1 1 1
3 P_2 9 9 0.082192 0.15306122448979592 0.2449915 1 1 1
3 P_2 10 10 0 0 0 1 1 1
3 P_2 11 11 0.0542145 0.10833333333333334 0.187913 1 1 1
3 P_2 12 12 0.1335895 0.21296296296296297 0.2996955 1 1 1
3 P_2 13 13 0.2271285 0.3148148148148148 0.3896255 1 1 1
3 P_2 14 14 0 0 0 1 1 1
3 P_2 15 15 0 0 0 1 1 1
3 P_2 16 16 0.5 0.5 0.5 1 1 1
3 P_2 17 17 0.1092155 0.1951219512195122 0.2950785 1 1 1
3 P_2 18 18 0 0 0 1 1 1
3 P_2 19 19 0 0 0 1 1 1
3 P_2 20 20 0.243672 0.3409090909090909 0.416337 1 1 1
3 P_2 21 21 0.279612 0.3723404255319149 0.4374675 1 1 1
3 P_2 22 22 0.5 0.5 0.5 1 1 1
3 P_2 23 23 0.5 0.5 0.5 1 1 1
3 P_2 24 24 0 0 0 1 1 1
3 P_2 25 25 0.08595 0.1595744680851064 0.2536175 1 1 1
3 P_2 26 26 0.5 0.5 0.5 1 1 1
3 P_2 27 27 0 0 0 1 1 1
3 P_2 28 28 0 0 0 1 1 1
3 P_2 29 29 0.0248671 0.07142857142857142 0.162468 1 1 1
3 P_2 30 30 0 0 0 1 1 1
3 P_2 31 31 0 0 0 1 1 1
3 P_2 32 32 0 0 0 1 1 1
3 P_2 33 33 0.016269 0.052083333333333336 0.131408 1 1 1
3 P_2 34 34 0 0 0 1 1 1
3 P_2 35 35 0.268209 0.35454545454545455 0.420479 1 1 1
3 P_2 36 36 0.0623665 0.1206896551724138 0.2030125 1 1 1
3 P_2 37 37 0 0 0 1 1 1
3 P_2 38 38 0.18027 0.2708333333333333 0.356779 1 1 1
3 P_2 39 39 0 0 0 1 1 1
3 P_2 40 40 0.087962 0.16304347826086957 0.258154 1 1 1
3 P_2 41 41 0 0 0 1 1 1
3 P_2 42 42 0.03502315 0.09210526315789473 0.1923305 1 1 1
3 P_2 43 43 0 0 0 1 1 1
3 P_2 44 44 0.1335895 0.21296296296296297 0.2996955 1 1 1
3 P_2 45 45 0.090071 0.16666666666666666 0.2628495 1 1 1
4 P_7 0 0 0.156334 0.23684210526315788 0.3198365 1 1 1
4 P_7 1 1 0.2415965 0.330188679245283 0.4025755 1 1 1
4 P_7 2 2 0.5 0.5 0.5 1 1 1
4 P_7 3 3 0.2354585 0.3375 0.416643 1 1 1
4 P_7 4 4 0.1040945 0.17543859649122806 0.260864 1 1 1
4 P_7 5 5 0 0 0 1 1 1
4 P_7 6 6 0 0 0 1 1 1
4 P_7 7 7 0 0 0 1 1 1
4 P_7 8 8 0 0 0 1 1 1
4 P_7 9 9 0 0 0 1 1 1
4 P_7 10 10 0 0 0 1 1 1
4 P_7 11 11 0 0 0 1 1 1
4 P_7 12 12 0 0 0 1 1 1
4 P_7 13 13 0.0551375 0.11702127659574468 0.208894 1 1 1
4 P_7 14 14 0 0 0 1 1 1
4 P_7 15 15 0.0751535 0.13793103448275862 0.2215185 1 1 1
4 P_7 16 16 0.5 0.5 0.5 1 1 1
4 P_7 17 17 0 0 0 1 1 1
4 P_7 18 18 0.13749 0.22340425531914893 0.3153285 1 1 1
4 P_7 19 19 0 0 0 1 1 1
4 P_7 20 20 0.1149355 0.20833333333333334 0.313732 1 1 1
4 P_7 21 21 0.107178 0.17796610169491525 0.261927 1 1 1
4 P_7 22 22 0.5 0.5 0.5 1 1 1
4 P_7 23 23 0.5 0.5 0.5 1 1 1
4 P_7 24 24 0.175594 0.25892857142857145 0.340548 1 1 1
4 P_7 25 25 0 0 0 1 1 1
4 P_7 26 26 0.5 0.5 0.5 1 1 1
4 P_7 27 27 0.01819725 0.05263157894736842 0.124098 1 1 1
4 P_7 28 28 0.21051 0.30952380952380953 0.39363 1 1 1
4 P_7 29 29 0 0 0 1 1 1
4 P_7 30 30 0 0 0 1 1 1
4 P_7 31 31 0.02265905 0.0603448275862069 0.133086 1 1 1
4 P_7 32 32 0 0 0 1 1 1
4 P_7 33 33 0 0 0 1 1 1
4 P_7 34 34 0.030817 0.08139534883720931 0.1731255 1 1 1
4 P_7 35 35 0.0605625 0.12790697674418605 0.2251365 1 1 1
4 P_7 36 36 0.2403055 0.32727272727272727 0.399152 1 1 1
4 P_7 37 37 0 0 0 1 1 1
4 P_7 38 38 0.1594935 0.24509803921568626 0.3317295 1 1 1
4 P_7 39 39 0.0365792 0.08196721311475409 0.1570485 1 1 1
4 P_7 40 40 0 0 0 1 1 1
4 P_7 41 41 0.0177755 0.056818181818181816 0.141884 1 1 1
4 P_7 42 42 0 0 0 1 1 1
4 P_7 43 43 0 0 0 1 1 1
4 P_7 44 44 0.0710635 0.14864864864864866 0.2546835 1 1 1
4 P_7 45 45 0 0 0 1 1 1
