5 #m
6 #n
0 P_0 0 0 0.5 0.5 0.5 1 1 1
0 P_0 1 1 0.130595 0.18877551020408162 0.25387150000000003 1 1 1
0 P_0 2 2 0 0 0 1 1 1
0 P_0 3 3 0 0 0 1 1 1
0 P_0 4 4 0 0 0 1 1 1
0 P_0 5 5 0.03519415 0.07142857142857142 0.1292595 1 1 1
1 P_2 0 0 0.5 0.5 0.5 1 1 1
1 P_2 1 1 0.2795385 0.3411214953271028 0.393249 1 1 1
1 P_2 2 2 0 0 0 1 1 1
1 P_2 3 3 0 0 0 1 1 1
1 P_2 4 4 0 0 0 1 1 1
1 P_2 5 5 0.1007905 0.1523809523809524 0.214286 1 1 1
2 P_9 0 0 0.5 0.5 0.5 1 1 1
2 P_9 1 1 0.5 0.5 0.5 1 1 1
2 P_9 2 2 0.04584325 0.08602150537634409 0.1456385 1 1 1
2 P_9 3 3 0 0 0 1 1 1
2 P_9 4 4 0.073569 0.125 0.1927835 1 1 1
2 P_9 5 5 0 0 0 1 1 1
3 P_8 0 0 0.5 0.5 0.5 1 1 1
3 P_8 1 1 0.176116 0.23958333333333334 0.304251 1 1 1
3 P_8 2 2 0 0 0 1 1 1
3 P_8 3 3 0 0 0 1 1 1
3 P_8 4 4 0 0 0 1 1 1
3 P_8 5 5 0.059297 0.10309278350515463 0.163625 1 1 1
4 P_6 0 0 0.5 0.5 0.5 1 1 1
4 P_6 1 1 0.189114 0.25555555555555554 0.321316 1 1 1
4 P_6 2 2 0 0 0 1 1 1
4 P_6 3 3 0 0 0 1 1 1
4 P_6 4 4 0 0 0 1 1 1
4 P_6 5 5 0 0 0 1 1 1
