5 #m
491 #n
0 P_1 0 0 0 0 0 1 1 1
0 P_1 1 1 0 0 0 1 1 1
0 P_1 2 2 0.373277 0.3908908908908909 0.4068875 1 1 1
0 P_1 3 3 0 0 0 1 1 1
0 P_1 4 4 0 0 0 1 1 1
0 P_1 5 5 0 0 0 1 1 1
0 P_1 6 6 0.091698 0.10772357723577236 0.1254075 1 1 1
0 P_1 7 7 0.093128 0.1092479674796748 0.127008 1 1 1
0 P_1 8 8 0 0 0 1 1 1
0 P_1 9 9 0 0 0 1 1 1
0 P_1 10 10 0 0 0 1 1 1
0 P_1 11 11 0 0 0 1 1 1
0 P_1 12 12 0 0 0 1 1 1
0 P_1 13 13 0 0 0 1 1 1
0 P_1 14 14 0 0 0 1 1 1
0 P_1 15 15 0.3674025 0.3854378818737271 0.401892 1 1 1
0 P_1 16 16 0 0 0 1 1 1
0 P_1 17 17 0 0 0 1 1 1
0 P_1 18 18 0 0 0 1 1 1
0 P_1 19 19 0 0 0 1 1 1
0 P_1 20 20 0 0 0 1 1 1
0 P_1 21 21 0 0 0 1 1 1
0 P_1 22 22 0 0 0 1 1 1
0 P_1 23 23 0 0 0 1 1 1
0 P_1 24 24 0.5 0.5 0.5 1 1 1
0 P_1 25 25 0 0 0 1 1 1
0 P_1 26 26 0.0909725 0.10668633235004917 0.1240165 1 1 1
0 P_1 27 27 0 0 0 1 1 1
0 P_1 28 28 0 0 0 1 1 1
0 P_1 29 29 0.094436 0.1108786610878661 0.1289895 1 1 1
0 P_1 30 30 0.364322 0.38193116634799235 0.398094 1 1 1
0 P_1 31 31 0.376806 0.3943377148634985 0.410196 1 1 1
0 P_1 32 32 0 0 0 1 1 1
0 P_1 33 33 0 0 0 1 1 1
0 P_1 34 34 0.3659375 0.3840653728294178 0.400623 1 1 1
0 P_1 35 35 0 0 0 1 1 1
0 P_1 36 36 0 0 0 1 1 1
0 P_1 37 37 0 0 0 1 1 1
0 P_1 38 38 0 0 0 1 1 1
0 P_1 39 39 0 0 0 1 1 1
0 P_1 40 40 0 0 0 1 1 1
0 P_1 41 41 0 0 0 1 1 1
0 P_1 42 42 0.3730585 0.3907351460221551 0.406787 1 1 1
0 P_1 43 43 0.0973485 0.11361361361361362 0.1314445 1 1 1
0 P_1 44 44 0 0 0 1 1 1
0 P_1 45 45 0.5 0.5 0.5 1 1 1
0 P_1 46 46 0.5 0.5 0.5 1 1 1
0 P_1 47 47 0 0 0 1 1 1
0 P_1 48 48 0 0 0 1 1 1
0 P_1 49 49 0 0 0 1 1 1
0 P_1 50 50 0.5 0.5 0.5 1 1 1
0 P_1 51 51 0 0 0 1 1 1
0 P_1 52 52 0 0 0 1 1 1
0 P_1 53 53 0 0 0 1 1 1
0 P_1 54 54 0 0 0 1 1 1
0 P_1 55 55 0 0 0 1 1 1
0 P_1 56 56 0.092919 0.10884691848906561 0.1263835 1 1 1
0 P_1 57 57 0 0 0 1 1 1
0 P_1 58 58 0 0 0 1 1 1
0 P_1 59 59 0 0 0 1 1 1
0 P_1 60 60 0.3869605 0.4039235412474849 0.419111 1 1 1
0 P_1 61 61 0.1062285 0.12290227048371175 0.141015 1 1 1
0 P_1 62 62 0 0 0 1 1 1
0 P_1 63 63 0 0 0 1 1 1
0 P_1 64 64 0.093405 0.1094853683148335 0.127192 1 1 1
0 P_1 65 65 0.5 0.5 0.5 1 1 1
0 P_1 66 66 0 0 0 1 1 1
0 P_1 67 67 0.0942695 0.11008729388942774 0.1274615 1 1 1
0 P_1 68 68 0.3643945 0.38226600985221676 0.398643 1 1 1
0 P_1 69 69 0.094427 0.1105 0.128173 1 1 1
0 P_1 70 70 0 0 0 1 1 1
0 P_1 71 71 0 0 0 1 1 1
0 P_1 72 72 0 0 0 1 1 1
0 P_1 73 73 0 0 0 1 1 1
0 P_1 74 74 0 0 0 1 1 1
0 P_1 75 75 0 0 0 1 1 1
0 P_1 76 76 0 0 0 1 1 1
0 P_1 77 77 0 0 0 1 1 1
0 P_1 78 78 0 0 0 1 1 1
0 P_1 79 79 0 0 0 1 1 1
0 P_1 80 80 0 0 0 1 1 1
0 P_1 81 81 0 0 0 1 1 1
0 P_1 82 82 0 0 0 1 1 1
0 P_1 83 83 0.5 0.5 0.5 1 1 1
0 P_1 84 84 0 0 0 1 1 1
0 P_1 85 85 0.0941295 0.11011904761904762 0.1277 1 1 1
0 P_1 86 86 0.0918995 0.10755813953488372 0.1248 1 1 1
0 P_1 87 87 0 0 0 1 1 1
0 P_1 88 88 0 0 0 1 1 1
0 P_1 89 89 0.37178 0.38938492063492064 0.4054045 1 1 1
0 P_1 90 90 0 0 0 1 1 1
0 P_1 91 91 0 0 0 1 1 1
0 P_1 92 92 0.372488 0.3897978825794033 0.4055645 1 1 1
0 P_1 93 93 0 0 0 1 1 1
0 P_1 94 94 0 0 0 1 1 1
0 P_1 95 95 0 0 0 1 1 1
0 P_1 96 96 0 0 0 1 1 1
0 P_1 97 97 0.5 0.5 0.5 1 1 1
0 P_1 98 98 0 0 0 1 1 1
0 P_1 99 99 0 0 0 1 1 1
0 P_1 100 100 0 0 0 1 1 1
0 P_1 101 101 0.5 0.5 0.5 1 1 1
0 P_1 102 102 0.377264 0.3948170731707317 0.410683 1 1 1
0 P_1 103 103 0 0 0 1 1 1
0 P_1 104 104 0.0918865 0.10806618407445709 0.125929 1 1 1
0 P_1 105 105 0.5 0.5 0.5 1 1 1
0 P_1 106 106 0.380411 0.39769307923771313 0.4132765 1 1 1
0 P_1 107 107 0 0 0 1 1 1
0 P_1 108 108 0 0 0 1 1 1
0 P_1 109 109 0.5 0.5 0.5 1 1 1
0 P_1 110 110 0 0 0 1 1 1
0 P_1 111 111 0 0 0 1 1 1
0 P_1 112 112 0 0 0 1 1 1
0 P_1 113 113 0 0 0 1 1 1
0 P_1 114 114 0 0 0 1 1 1
0 P_1 115 115 0.084419 0.10010373443983403 0.1175715 1 1 1
0 P_1 116 116 0.096765 0.11330561330561331 0.1314755 1 1 1
0 P_1 117 117 0 0 0 1 1 1
0 P_1 118 118 0 0 0 1 1 1
0 P_1 119 119 0 0 0 1 1 1
0 P_1 120 120 0.5 0.5 0.5 1 1 1
0 P_1 121 121 0 0 0 1 1 1
0 P_1 122 122 0 0 0 1 1 1
0 P_1 123 123 0 0 0 1 1 1
0 P_1 124 124 0 0 0 1 1 1
0 P_1 125 125 0 0 0 1 1 1
0 P_1 126 126 0 0 0 1 1 1
0 P_1 127 127 0 0 0 1 1 1
0 P_1 128 128 0 0 0 1 1 1
0 P_1 129 129 0 0 0 1 1 1
0 P_1 130 130 0 0 0 1 1 1
0 P_1 131 131 0.103166 0.11960784313725491 0.137516 1 1 1
0 P_1 132 132 0.382078 0.39911417322834647 0.414467 1 1 1
0 P_1 133 133 0.3739915 0.39206349206349206 0.408412 1 1 1
0 P_1 134 134 0.0886175 0.10429141716566866 0.121633 1 1 1
0 P_1 135 135 0 0 0 1 1 1
0 P_1 136 136 0 0 0 1 1 1
0 P_1 137 137 0.5 0.5 0.5 1 1 1
0 P_1 138 138 0 0 0 1 1 1
0 P_1 139 139 0.5 0.5 0.5 1 1 1
0 P_1 140 140 0.086629 0.10249739854318418 0.1201255 1 1 1
0 P_1 141 141 0 0 0 1 1 1
0 P_1 142 142 0 0 0 1 1 1
0 P_1 143 143 0 0 0 1 1 1
0 P_1 144 144 0 0 0 1 1 1
0 P_1 145 145 0 0 0 1 1 1
0 P_1 146 146 0.5 0.5 0.5 1 1 1
0 P_1 147 147 0 0 0 1 1 1
0 P_1 148 148 0 0 0 1 1 1
0 P_1 149 149 0 0 0 1 1 1
0 P_1 150 150 0 0 0 1 1 1
0 P_1 151 151 0 0 0 1 1 1
0 P_1 152 152 0 0 0 1 1 1
0 P_1 153 153 0 0 0 1 1 1
0 P_1 154 154 0.0876175 0.10270774976657329 0.1193755 1 1 1
0 P_1 155 155 0 0 0 1 1 1
0 P_1 156 156 0 0 0 1 1 1
0 P_1 157 157 0 0 0 1 1 1
0 P_1 158 158 0 0 0 1 1 1
0 P_1 159 159 0 0 0 1 1 1
0 P_1 160 160 0 0 0 1 1 1
0 P_1 161 161 0 0 0 1 1 1
0 P_1 162 162 0 0 0 1 1 1
0 P_1 163 163 0 0 0 1 1 1
0 P_1 164 164 0 0 0 1 1 1
0 P_1 165 165 0 0 0 1 1 1
0 P_1 166 166 0 0 0 1 1 1
0 P_1 167 167 0 0 0 1 1 1
0 P_1 168 168 0.3723195 0.38940955951265227 0.405001 1 1 1
0 P_1 169 169 0.368694 0.3861244019138756 0.4020605 1 1 1
0 P_1 170 170 0.5 0.5 0.5 1 1 1
0 P_1 171 171 0 0 0 1 1 1
0 P_1 172 172 0 0 0 1 1 1
0 P_1 173 173 0 0 0 1 1 1
0 P_1 174 174 0.0897145 0.1052376333656644 0.122371 1 1 1
0 P_1 175 175 0 0 0 1 1 1
0 P_1 176 176 0 0 0 1 1 1
0 P_1 177 177 0.3683125 0.38670212765957446 0.4034245 1 1 1
0 P_1 178 178 0.0889805 0.10447035957240039 0.121582 1 1 1
0 P_1 179 179 0 0 0 1 1 1
0 P_1 180 180 0 0 0 1 1 1
0 P_1 181 181 0 0 0 1 1 1
0 P_1 182 182 0 0 0 1 1 1
0 P_1 183 183 0 0 0 1 1 1
0 P_1 184 184 0 0 0 1 1 1
0 P_1 185 185 0 0 0 1 1 1
0 P_1 186 186 0.371443 0.3889432485322896 0.4048845 1 1 1
0 P_1 187 187 0.106208 0.12310030395136778 0.141467 1 1 1
0 P_1 188 188 0 0 0 1 1 1
0 P_1 189 189 0 0 0 1 1 1
0 P_1 190 190 0 0 0 1 1 1
0 P_1 191 191 0 0 0 1 1 1
0 P_1 192 192 0 0 0 1 1 1
0 P_1 193 193 0 0 0 1 1 1
0 P_1 194 194 0 0 0 1 1 1
0 P_1 195 195 0 0 0 1 1 1
0 P_1 196 196 0.379044 0.39611650485436894 0.411562 1 1 1
0 P_1 197 197 0 0 0 1 1 1
0 P_1 198 198 0 0 0 1 1 1
0 P_1 199 199 0.363548 0.3812741312741313 0.397547 1 1 1
0 P_1 200 200 0.369434 0.38712871287128714 0.40326650000000003 1 1 1
0 P_1 201 201 0.5 0.5 0.5 1 1 1
0 P_1 202 202 0 0 0 1 1 1
0 P_1 203 203 0 0 0 1 1 1
0 P_1 204 204 0 0 0 1 1 1
0 P_1 205 205 0 0 0 1 1 1
0 P_1 206 206 0.5 0.5 0.5 1 1 1
0 P_1 207 207 0 0 0 1 1 1
0 P_1 208 208 0.0946915 0.11072492552135055 0.1283445 1 1 1
0 P_1 209 209 0 0 0 1 1 1
0 P_1 210 210 0 0 0 1 1 1
0 P_1 211 211 0 0 0 1 1 1
0 P_1 212 212 0.1020195 0.11852589641434264 0.136534 1 1 1
0 P_1 213 213 0.369921 0.387524557956778 0.403579 1 1 1
0 P_1 214 214 0 0 0 1 1 1
0 P_1 215 215 0.3702345 0.3882051282051282 0.4045505 1 1 1
0 P_1 216 216 0 0 0 1 1 1
0 P_1 217 217 0 0 0 1 1 1
0 P_1 218 218 0.0920795 0.1082051282051282 0.125998 1 1 1
0 P_1 219 219 0.5 0.5 0.5 1 1 1
0 P_1 220 220 0.3577025 0.3764458464773922 0.3936645 1 1 1
0 P_1 221 221 0 0 0 1 1 1
0 P_1 222 222 0 0 0 1 1 1
0 P_1 223 223 0.5 0.5 0.5 1 1 1
0 P_1 224 224 0 0 0 1 1 1
0 P_1 225 225 0.0927255 0.10854616895874264 0.12596 1 1 1
0 P_1 226 226 0 0 0 1 1 1
0 P_1 227 227 0 0 0 1 1 1
0 P_1 228 228 0 0 0 1 1 1
0 P_1 229 229 0 0 0 1 1 1
0 P_1 230 230 0 0 0 1 1 1
0 P_1 231 231 0 0 0 1 1 1
0 P_1 232 232 0 0 0 1 1 1
0 P_1 233 233 0 0 0 1 1 1
0 P_1 234 234 0.5 0.5 0.5 1 1 1
0 P_1 235 235 0 0 0 1 1 1
0 P_1 236 236 0.5 0.5 0.5 1 1 1
0 P_1 237 237 0 0 0 1 1 1
0 P_1 238 238 0.5 0.5 0.5 1 1 1
0 P_1 239 239 0.3732305 0.3904899135446686 0.4062015 1 1 1
0 P_1 240 240 0.3717985 0.3896236012207528 0.4058205 1 1 1
0 P_1 241 241 0 0 0 1 1 1
0 P_1 242 242 0 0 0 1 1 1
0 P_1 243 243 0 0 0 1 1 1
0 P_1 244 244 0.086311 0.10178748758689175 0.1189515 1 1 1
0 P_1 245 245 0 0 0 1 1 1
0 P_1 246 246 0.0877875 0.10375391032325339 0.121469 1 1 1
0 P_1 247 247 0 0 0 1 1 1
0 P_1 248 248 0.1052495 0.12208713272543059 0.140411 1 1 1
0 P_1 249 249 0 0 0 1 1 1
0 P_1 250 250 0 0 0 1 1 1
0 P_1 251 251 0.091238 0.10707171314741036 0.124538 1 1 1
0 P_1 252 252 0 0 0 1 1 1
0 P_1 253 253 0 0 0 1 1 1
0 P_1 254 254 0 0 0 1 1 1
0 P_1 255 255 0.3726875 0.3896044158233671 0.405048 1 1 1
0 P_1 256 256 0 0 0 1 1 1
0 P_1 257 257 0 0 0 1 1 1
0 P_1 258 258 0.0886415 0.10448521916411825 0.12203 1 1 1
0 P_1 259 259 0 0 0 1 1 1
0 P_1 260 260 0 0 0 1 1 1
0 P_1 261 261 0.0960365 0.11203522504892367 0.129582 1 1 1
0 P_1 262 262 0.0871875 0.10297131147540983 0.1204825 1 1 1
0 P_1 263 263 0 0 0 1 1 1
0 P_1 264 264 0 0 0 1 1 1
0 P_1 265 265 0 0 0 1 1 1
0 P_1 266 266 0 0 0 1 1 1
0 P_1 267 267 0 0 0 1 1 1
0 P_1 268 268 0 0 0 1 1 1
0 P_1 269 269 0.0846005 0.09980525803310614 0.116687 1 1 1
0 P_1 270 270 0.5 0.5 0.5 1 1 1
0 P_1 271 271 0 0 0 1 1 1
0 P_1 272 272 0.0902585 0.10582524271844661 0.1229975 1 1 1
0 P_1 273 273 0.0943305 0.11038961038961038 0.128048 1 1 1
0 P_1 274 274 0.104664 0.12095238095238095 0.1386505 1 1 1
0 P_1 275 275 0 0 0 1 1 1
0 P_1 276 276 0 0 0 1 1 1
0 P_1 277 277 0 0 0 1 1 1
0 P_1 278 278 0 0 0 1 1 1
0 P_1 279 279 0 0 0 1 1 1
0 P_1 280 280 0.5 0.5 0.5 1 1 1
0 P_1 281 281 0.3662115 0.3844953173777315 0.4011745 1 1 1
0 P_1 282 282 0.5 0.5 0.5 1 1 1
0 P_1 283 283 0 0 0 1 1 1
0 P_1 284 284 0 0 0 1 1 1
0 P_1 285 285 0 0 0 1 1 1
0 P_1 286 286 0 0 0 1 1 1
0 P_1 287 287 0 0 0 1 1 1
0 P_1 288 288 0 0 0 1 1 1
0 P_1 289 289 0.5 0.5 0.5 1 1 1
0 P_1 290 290 0 0 0 1 1 1
0 P_1 291 291 0 0 0 1 1 1
0 P_1 292 292 0 0 0 1 1 1
0 P_1 293 293 0 0 0 1 1 1
0 P_1 294 294 0.093774 0.10982948846539618 0.127497 1 1 1
0 P_1 295 295 0 0 0 1 1 1
0 P_1 296 296 0 0 0 1 1 1
0 P_1 297 297 0.5 0.5 0.5 1 1 1
0 P_1 298 298 0.0856265 0.1008729388942774 0.117778 1 1 1
0 P_1 299 299 0.0904175 0.10658307210031348 0.1244665 1 1 1
0 P_1 300 300 0 0 0 1 1 1
0 P_1 301 301 0 0 0 1 1 1
0 P_1 302 302 0.5 0.5 0.5 1 1 1
0 P_1 303 303 0 0 0 1 1 1
0 P_1 304 304 0 0 0 1 1 1
0 P_1 305 305 0 0 0 1 1 1
0 P_1 306 306 0.3799625 0.39678030303030304 0.4120035 1 1 1
0 P_1 307 307 0 0 0 1 1 1
0 P_1 308 308 0 0 0 1 1 1
0 P_1 309 309 0 0 0 1 1 1
0 P_1 310 310 0 0 0 1 1 1
0 P_1 311 311 0 0 0 1 1 1
0 P_1 312 312 0.5 0.5 0.5 1 1 1
0 P_1 313 313 0.08511 0.1006036217303823 0.1178205 1 1 1
0 P_1 314 314 0.367944 0.38599182004089977 0.402445 1 1 1
0 P_1 315 315 0 0 0 1 1 1
0 P_1 316 316 0 0 0 1 1 1
0 P_1 317 317 0 0 0 1 1 1
0 P_1 318 318 0 0 0 1 1 1
0 P_1 319 319 0 0 0 1 1 1
0 P_1 320 320 0 0 0 1 1 1
0 P_1 321 321 0 0 0 1 1 1
0 P_1 322 322 0.5 0.5 0.5 1 1 1
0 P_1 323 323 0.0927255 0.10854616895874264 0.12596 1 1 1
0 P_1 324 324 0 0 0 1 1 1
0 P_1 325 325 0 0 0 1 1 1
0 P_1 326 326 0 0 0 1 1 1
0 P_1 327 327 0.097099 0.11356628982528263 0.131641 1 1 1
0 P_1 328 328 0 0 0 1 1 1
0 P_1 329 329 0.3762995 0.39421052631578946 0.410381 1 1 1
0 P_1 330 330 0 0 0 1 1 1
0 P_1 331 331 0 0 0 1 1 1
0 P_1 332 332 0 0 0 1 1 1
0 P_1 333 333 0 0 0 1 1 1
0 P_1 334 334 0 0 0 1 1 1
0 P_1 335 335 0 0 0 1 1 1
0 P_1 336 336 0.5 0.5 0.5 1 1 1
0 P_1 337 337 0.1054845 0.12205882352941176 0.1400715 1 1 1
0 P_1 338 338 0 0 0 1 1 1
0 P_1 339 339 0.092358 0.10820158102766798 0.125652 1 1 1
0 P_1 340 340 0 0 0 1 1 1
0 P_1 341 341 0 0 0 1 1 1
0 P_1 342 342 0.5 0.5 0.5 1 1 1
0 P_1 343 343 0 0 0 1 1 1
0 P_1 344 344 0 0 0 1 1 1
0 P_1 345 345 0.091813 0.10738255033557047 0.1245205 1 1 1
0 P_1 346 346 0 0 0 1 1 1
0 P_1 347 347 0.09669 0.11274509803921569 0.1303435 1 1 1
0 P_1 348 348 0 0 0 1 1 1
0 P_1 349 349 0.0995395 0.11596385542168675 0.1339315 1 1 1
0 P_1 350 350 0 0 0 1 1 1
0 P_1 351 351 0.094436 0.1108786610878661 0.1289895 1 1 1
0 P_1 352 352 0 0 0 1 1 1
0 P_1 353 353 0 0 0 1 1 1
0 P_1 354 354 0 0 0 1 1 1
0 P_1 355 355 0 0 0 1 1 1
0 P_1 356 356 0 0 0 1 1 1
0 P_1 357 357 0.5 0.5 0.5 1 1 1
0 P_1 358 358 0.0996695 0.11603585657370517 0.1339325 1 1 1
0 P_1 359 359 0 0 0 1 1 1
0 P_1 360 360 0.0933685 0.10920666013712046 0.1266265 1 1 1
0 P_1 361 361 0 0 0 1 1 1
0 P_1 362 362 0 0 0 1 1 1
0 P_1 363 363 0 0 0 1 1 1
0 P_1 364 364 0.1023315 0.11888111888111888 0.136933 1 1 1
0 P_1 365 365 0 0 0 1 1 1
0 P_1 366 366 0 0 0 1 1 1
0 P_1 367 367 0.0822635 0.09781477627471384 0.1151815 1 1 1
0 P_1 368 368 0.5 0.5 0.5 1 1 1
0 P_1 369 369 0.5 0.5 0.5 1 1 1
0 P_1 370 370 0 0 0 1 1 1
0 P_1 371 371 0 0 0 1 1 1
0 P_1 372 372 0 0 0 1 1 1
0 P_1 373 373 0 0 0 1 1 1
0 P_1 374 374 0.5 0.5 0.5 1 1 1
0 P_1 375 375 0.094394 0.1103448275862069 0.1278735 1 1 1
0 P_1 376 376 0 0 0 1 1 1
0 P_1 377 377 0.0932025 0.10917248255234296 0.1267525 1 1 1
0 P_1 378 378 0 0 0 1 1 1
0 P_1 379 379 0 0 0 1 1 1
0 P_1 380 380 0 0 0 1 1 1
0 P_1 381 381 0 0 0 1 1 1
0 P_1 382 382 0 0 0 1 1 1
0 P_1 383 383 0.0877045 0.10327706057596822 0.1205205 1 1 1
0 P_1 384 384 0 0 0 1 1 1
0 P_1 385 385 0 0 0 1 1 1
0 P_1 386 386 0.5 0.5 0.5 1 1 1
0 P_1 387 387 0 0 0 1 1 1
0 P_1 388 388 0.5 0.5 0.5 1 1 1
0 P_1 389 389 0 0 0 1 1 1
0 P_1 390 390 0.09164 0.10710900473933649 0.1241315 1 1 1
0 P_1 391 391 0 0 0 1 1 1
0 P_1 392 392 0 0 0 1 1 1
0 P_1 393 393 0 0 0 1 1 1
0 P_1 394 394 0 0 0 1 1 1
0 P_1 395 395 0 0 0 1 1 1
0 P_1 396 396 0.09337 0.10982048574445617 0.127968 1 1 1
0 P_1 397 397 0 0 0 1 1 1
0 P_1 398 398 0 0 0 1 1 1
0 P_1 399 399 0.5 0.5 0.5 1 1 1
0 P_1 400 400 0 0 0 1 1 1
0 P_1 401 401 0 0 0 1 1 1
0 P_1 402 402 0.086655 0.10279870828848224 0.1207585 1 1 1
0 P_1 403 403 0.375362 0.39334741288278774 0.4095975 1 1 1
0 P_1 404 404 0 0 0 1 1 1
0 P_1 405 405 0 0 0 1 1 1
0 P_1 406 406 0.090632 0.10617760617760617 0.1233155 1 1 1
0 P_1 407 407 0 0 0 1 1 1
0 P_1 408 408 0 0 0 1 1 1
0 P_1 409 409 0 0 0 1 1 1
0 P_1 410 410 0.083774 0.09892787524366471 0.1157705 1 1 1
0 P_1 411 411 0 0 0 1 1 1
0 P_1 412 412 0.5 0.5 0.5 1 1 1
0 P_1 413 413 0 0 0 1 1 1
0 P_1 414 414 0 0 0 1 1 1
0 P_1 415 415 0.1036415 0.12025948103792415 0.138362 1 1 1
0 P_1 416 416 0.37629 0.3940809968847352 0.4101565 1 1 1
0 P_1 417 417 0 0 0 1 1 1
0 P_1 418 418 0.0792235 0.09421734795613161 0.1109925 1 1 1
0 P_1 419 419 0 0 0 1 1 1
0 P_1 420 420 0.3781675 0.39538310412573674 0.410961 1 1 1
0 P_1 421 421 0 0 0 1 1 1
0 P_1 422 422 0 0 0 1 1 1
0 P_1 423 423 0.0909445 0.10685483870967742 0.12442 1 1 1
0 P_1 424 424 0 0 0 1 1 1
0 P_1 425 425 0 0 0 1 1 1
0 P_1 426 426 0 0 0 1 1 1
0 P_1 427 427 0.5 0.5 0.5 1 1 1
0 P_1 428 428 0.086348 0.10204081632653061 0.1194645 1 1 1
0 P_1 429 429 0.5 0.5 0.5 1 1 1
0 P_1 430 430 0.5 0.5 0.5 1 1 1
0 P_1 431 431 0 0 0 1 1 1
0 P_1 432 432 0 0 0 1 1 1
0 P_1 433 433 0.5 0.5 0.5 1 1 1
0 P_1 434 434 0 0 0 1 1 1
0 P_1 435 435 0.1002735 0.1171218487394958 0.13557 1 1 1
0 P_1 436 436 0 0 0 1 1 1
0 P_1 437 437 0.37161 0.3891625615763547 0.405143 1 1 1
0 P_1 438 438 0 0 0 1 1 1
0 P_1 439 439 0 0 0 1 1 1
0 P_1 440 440 0 0 0 1 1 1
0 P_1 441 441 0 0 0 1 1 1
0 P_1 442 442 0 0 0 1 1 1
0 P_1 443 443 0 0 0 1 1 1
0 P_1 444 444 0 0 0 1 1 1
0 P_1 445 445 0 0 0 1 1 1
0 P_1 446 446 0 0 0 1 1 1
0 P_1 447 447 0 0 0 1 1 1
0 P_1 448 448 0 0 0 1 1 1
0 P_1 449 449 0 0 0 1 1 1
0 P_1 450 450 0.5 0.5 0.5 1 1 1
0 P_1 451 451 0 0 0 1 1 1
0 P_1 452 452 0.0998585 0.11644535240040858 0.1345965 1 1 1
0 P_1 453 453 0.0998725 0.11626746506986028 0.134193 1 1 1
0 P_1 454 454 0.084163 0.09989539748953975 0.117428 1 1 1
0 P_1 455 455 0 0 0 1 1 1
0 P_1 456 456 0 0 0 1 1 1
0 P_1 457 457 0 0 0 1 1 1
0 P_1 458 458 0 0 0 1 1 1
0 P_1 459 459 0 0 0 1 1 1
0 P_1 460 460 0 0 0 1 1 1
0 P_1 461 461 0.37188 0.38943731490621913 0.405416 1 1 1
0 P_1 462 462 0 0 0 1 1 1
0 P_1 463 463 0.5 0.5 0.5 1 1 1
0 P_1 464 464 0 0 0 1 1 1
0 P_1 465 465 0.1016065 0.11805555555555555 0.1360055 1 1 1
0 P_1 466 466 0.5 0.5 0.5 1 1 1
0 P_1 467 467 0.375544 0.3929633300297324 0.408758 1 1 1
0 P_1 468 468 0 0 0 1 1 1
0 P_1 469 469 0 0 0 1 1 1
0 P_1 470 470 0.3736505 0.3913705583756345 0.407445 1 1 1
0 P_1 471 471 0 0 0 1 1 1
0 P_1 472 472 0 0 0 1 1 1
0 P_1 473 473 0 0 0 1 1 1
0 P_1 474 474 0.5 0.5 0.5 1 1 1
0 P_1 475 475 0 0 0 1 1 1
0 P_1 476 476 0 0 0 1 1 1
0 P_1 477 477 0.37459 0.39201183431952663 0.407828 1 1 1
0 P_1 478 478 0 0 0 1 1 1
0 P_1 479 479 0 0 0 1 1 1
0 P_1 480 480 0 0 0 1 1 1
0 P_1 481 481 0 0 0 1 1 1
0 P_1 482 482 0.5 0.5 0.5 1 1 1
0 P_1 483 483 0.5 0.5 0.5 1 1 1
0 P_1 484 484 0 0 0 1 1 1
0 P_1 485 485 0 0 0 1 1 1
0 P_1 486 486 0 0 0 1 1 1
0 P_1 487 487 0.5 0.5 0.5 1 1 1
0 P_1 488 488 0 0 0 1 1 1
0 P_1 489 489 0 0 0 1 1 1
0 P_1 490 490 0.368427 0.3862725450901804 0.402552 1 1 1
1 P_8 0 0 0.5 0.5 0.5 1 1 1
1 P_8 1 1 0.3690545 0.3867924528301887 0.4029725 1 1 1
1 P_8 2 2 0 0 0 1 1 1
1 P_8 3 3 0 0 0 1 1 1
1 P_8 4 4 0 0 0 1 1 1
1 P_8 5 5 0 0 0 1 1 1
1 P_8 6 6 0 0 0 1 1 1
1 P_8 7 7 0 0 0 1 1 1
1 P_8 8 8 0 0 0 1 1 1
1 P_8 9 9 0 0 0 1 1 1
1 P_8 10 10 0 0 0 1 1 1
1 P_8 11 11 0 0 0 1 1 1
1 P_8 12 12 0.5 0.5 0.5 1 1 1
1 P_8 13 13 0.3628515 0.3807881773399015 0.397247 1 1 1
1 P_8 14 14 0 0 0 1 1 1
1 P_8 15 15 0 0 0 1 1 1
1 P_8 16 16 0 0 0 1 1 1
1 P_8 17 17 0 0 0 1 1 1
1 P_8 18 18 0 0 0 1 1 1
1 P_8 19 19 0 0 0 1 1 1
1 P_8 20 20 0 0 0 1 1 1
1 P_8 21 21 0 0 0 1 1 1
1 P_8 22 22 0.361162 0.3789778206364513 0.395367 1 1 1
1 P_8 23 23 0.365264 0.3835051546391753 0.400168 1 1 1
1 P_8 24 24 0.5 0.5 0.5 1 1 1
1 P_8 25 25 0 0 0 1 1 1
1 P_8 26 26 0 0 0 1 1 1
1 P_8 27 27 0 0 0 1 1 1
1 P_8 28 28 0 0 0 1 1 1
1 P_8 29 29 0 0 0 1 1 1
1 P_8 30 30 0 0 0 1 1 1
1 P_8 31 31 0 0 0 1 1 1
1 P_8 32 32 0.1024285 0.11914460285132383 0.1373885 1 1 1
1 P_8 33 33 0.3647005 0.3822688274547188 0.398391 1 1 1
1 P_8 34 34 0 0 0 1 1 1
1 P_8 35 35 0.358299 0.37679671457905545 0.3938015 1 1 1
1 P_8 36 36 0.3628515 0.3807881773399015 0.397247 1 1 1
1 P_8 37 37 0 0 0 1 1 1
1 P_8 38 38 0 0 0 1 1 1
1 P_8 39 39 0 0 0 1 1 1
1 P_8 40 40 0 0 0 1 1 1
1 P_8 41 41 0 0 0 1 1 1
1 P_8 42 42 0 0 0 1 1 1
1 P_8 43 43 0 0 0 1 1 1
1 P_8 44 44 0.3472545 0.3650865998176846 0.381715 1 1 1
1 P_8 45 45 0.5 0.5 0.5 1 1 1
1 P_8 46 46 0.5 0.5 0.5 1 1 1
1 P_8 47 47 0 0 0 1 1 1
1 P_8 48 48 0 0 0 1 1 1
1 P_8 49 49 0 0 0 1 1 1
1 P_8 50 50 0.5 0.5 0.5 1 1 1
1 P_8 51 51 0 0 0 1 1 1
1 P_8 52 52 0 0 0 1 1 1
1 P_8 53 53 0.5 0.5 0.5 1 1 1
1 P_8 54 54 0.3625565 0.38095238095238093 0.397794 1 1 1
1 P_8 55 55 0 0 0 1 1 1
1 P_8 56 56 0 0 0 1 1 1
1 P_8 57 57 0.354362 0.37295918367346936 0.3901175 1 1 1
1 P_8 58 58 0 0 0 1 1 1
1 P_8 59 59 0 0 0 1 1 1
1 P_8 60 60 0 0 0 1 1 1
1 P_8 61 61 0 0 0 1 1 1
1 P_8 62 62 0.5 0.5 0.5 1 1 1
1 P_8 63 63 0 0 0 1 1 1
1 P_8 64 64 0 0 0 1 1 1
1 P_8 65 65 0.5 0.5 0.5 1 1 1
1 P_8 66 66 0.1075865 0.12474120082815734 0.143383 1 1 1
1 P_8 67 67 0 0 0 1 1 1
1 P_8 68 68 0 0 0 1 1 1
1 P_8 69 69 0 0 0 1 1 1
1 P_8 70 70 0.114857 0.13221884498480244 0.1509495 1 1 1
1 P_8 71 71 0 0 0 1 1 1
1 P_8 72 72 0.5 0.5 0.5 1 1 1
1 P_8 73 73 0 0 0 1 1 1
1 P_8 74 74 0 0 0 1 1 1
1 P_8 75 75 0 0 0 1 1 1
1 P_8 76 76 0 0 0 1 1 1
1 P_8 77 77 0 0 0 1 1 1
1 P_8 78 78 0.106003 0.12246865959498554 0.140345 1 1 1
1 P_8 79 79 0.36989 0.3877139979859013 0.4039475 1 1 1
1 P_8 80 80 0 0 0 1 1 1
1 P_8 81 81 0 0 0 1 1 1
1 P_8 82 82 0 0 0 1 1 1
1 P_8 83 83 0 0 0 1 1 1
1 P_8 84 84 0 0 0 1 1 1
1 P_8 85 85 0 0 0 1 1 1
1 P_8 86 86 0 0 0 1 1 1
1 P_8 87 87 0 0 0 1 1 1
1 P_8 88 88 0 0 0 1 1 1
1 P_8 89 89 0 0 0 1 1 1
1 P_8 90 90 0 0 0 1 1 1
1 P_8 91 91 0.5 0.5 0.5 1 1 1
1 P_8 92 92 0 0 0 1 1 1
1 P_8 93 93 0.3537865 0.3723404255319149 0.3894725 1 1 1
1 P_8 94 94 0 0 0 1 1 1
1 P_8 95 95 0 0 0 1 1 1
1 P_8 96 96 0 0 0 1 1 1
1 P_8 97 97 0.5 0.5 0.5 1 1 1
1 P_8 98 98 0.5 0.5 0.5 1 1 1
1 P_8 99 99 0 0 0 1 1 1
1 P_8 100 100 0.3634865 0.3814229249011858 0.39787 1 1 1
1 P_8 101 101 0.5 0.5 0.5 1 1 1
1 P_8 102 102 0 0 0 1 1 1
1 P_8 103 103 0 0 0 1 1 1
1 P_8 104 104 0 0 0 1 1 1
1 P_8 105 105 0.5 0.5 0.5 1 1 1
1 P_8 106 106 0 0 0 1 1 1
1 P_8 107 107 0.1051255 0.12168792934249265 0.1396945 1 1 1
1 P_8 108 108 0 0 0 1 1 1
1 P_8 109 109 0.5 0.5 0.5 1 1 1
1 P_8 110 110 0 0 0 1 1 1
1 P_8 111 111 0.5 0.5 0.5 1 1 1
1 P_8 112 112 0 0 0 1 1 1
1 P_8 113 113 0.358177 0.37651209677419356 0.3933845 1 1 1
1 P_8 114 114 0.1148165 0.132429614181439 0.1514485 1 1 1
1 P_8 115 115 0 0 0 1 1 1
1 P_8 116 116 0 0 0 1 1 1
1 P_8 117 117 0.5 0.5 0.5 1 1 1
1 P_8 118 118 0.5 0.5 0.5 1 1 1
1 P_8 119 119 0 0 0 1 1 1
1 P_8 120 120 0.5 0.5 0.5 1 1 1
1 P_8 121 121 0.5 0.5 0.5 1 1 1
1 P_8 122 122 0.117142 0.1345766129032258 0.1533455 1 1 1
1 P_8 123 123 0 0 0 1 1 1
1 P_8 124 124 0 0 0 1 1 1
1 P_8 125 125 0.5 0.5 0.5 1 1 1
1 P_8 126 126 0 0 0 1 1 1
1 P_8 127 127 0.5 0.5 0.5 1 1 1
1 P_8 128 128 0.5 0.5 0.5 1 1 1
1 P_8 129 129 0.36533 0.3827977315689981 0.3988255 1 1 1
1 P_8 130 130 0 0 0 1 1 1
1 P_8 131 131 0 0 0 1 1 1
1 P_8 132 132 0 0 0 1 1 1
1 P_8 133 133 0 0 0 1 1 1
1 P_8 134 134 0 0 0 1 1 1
1 P_8 135 135 0 0 0 1 1 1
1 P_8 136 136 0.354457 0.3729757085020243 0.390067 1 1 1
1 P_8 137 137 0.5 0.5 0.5 1 1 1
1 P_8 138 138 0.5 0.5 0.5 1 1 1
1 P_8 139 139 0.5 0.5 0.5 1 1 1
1 P_8 140 140 0 0 0 1 1 1
1 P_8 141 141 0 0 0 1 1 1
1 P_8 142 142 0.5 0.5 0.5 1 1 1
1 P_8 143 143 0 0 0 1 1 1
1 P_8 144 144 0 0 0 1 1 1
1 P_8 145 145 0.5 0.5 0.5 1 1 1
1 P_8 146 146 0.5 0.5 0.5 1 1 1
1 P_8 147 147 0 0 0 1 1 1
1 P_8 148 148 0.356512 0.3751289989680083 0.3922655 1 1 1
1 P_8 149 149 0 0 0 1 1 1
1 P_8 150 150 0 0 0 1 1 1
1 P_8 151 151 0 0 0 1 1 1
1 P_8 152 152 0 0 0 1 1 1
1 P_8 153 153 0 0 0 1 1 1
1 P_8 154 154 0 0 0 1 1 1
1 P_8 155 155 0 0 0 1 1 1
1 P_8 156 156 0 0 0 1 1 1
1 P_8 157 157 0 0 0 1 1 1
1 P_8 158 158 0 0 0 1 1 1
1 P_8 159 159 0 0 0 1 1 1
1 P_8 160 160 0 0 0 1 1 1
1 P_8 161 161 0.35326 0.3718338399189463 0.388992 1 1 1
1 P_8 162 162 0.109845 0.1268882175226586 0.145353 1 1 1
1 P_8 163 163 0 0 0 1 1 1
1 P_8 164 164 0.099264 0.11545988258317025 0.1331655 1 1 1
1 P_8 165 165 0 0 0 1 1 1
1 P_8 166 166 0 0 0 1 1 1
1 P_8 167 167 0 0 0 1 1 1
1 P_8 168 168 0 0 0 1 1 1
1 P_8 169 169 0 0 0 1 1 1
1 P_8 170 170 0.5 0.5 0.5 1 1 1
1 P_8 171 171 0.1072875 0.12447916666666667 0.14317 1 1 1
1 P_8 172 172 0 0 0 1 1 1
1 P_8 173 173 0.3576265 0.3763048016701461 0.3934715 1 1 1
1 P_8 174 174 0 0 0 1 1 1
1 P_8 175 175 0 0 0 1 1 1
1 P_8 176 176 0.5 0.5 0.5 1 1 1
1 P_8 177 177 0 0 0 1 1 1
1 P_8 178 178 0 0 0 1 1 1
1 P_8 179 179 0.3473265 0.36606243705941593 0.383458 1 1 1
1 P_8 180 180 0 0 0 1 1 1
1 P_8 181 181 0 0 0 1 1 1
1 P_8 182 182 0 0 0 1 1 1
1 P_8 183 183 0 0 0 1 1 1
1 P_8 184 184 0 0 0 1 1 1
1 P_8 185 185 0 0 0 1 1 1
1 P_8 186 186 0 0 0 1 1 1
1 P_8 187 187 0 0 0 1 1 1
1 P_8 188 188 0.353818 0.3727560718057022 0.390208 1 1 1
1 P_8 189 189 0 0 0 1 1 1
1 P_8 190 190 0.5 0.5 0.5 1 1 1
1 P_8 191 191 0 0 0 1 1 1
1 P_8 192 192 0 0 0 1 1 1
1 P_8 193 193 0.35025 0.3689271255060729 0.386224 1 1 1
1 P_8 194 194 0 0 0 1 1 1
1 P_8 195 195 0.349496 0.3685594111461619 0.3861935 1 1 1
1 P_8 196 196 0 0 0 1 1 1
1 P_8 197 197 0.3562595 0.37416587225929454 0.390715 1 1 1
1 P_8 198 198 0.3600935 0.37843336724313326 0.395275 1 1 1
1 P_8 199 199 0 0 0 1 1 1
1 P_8 200 200 0 0 0 1 1 1
1 P_8 201 201 0.5 0.5 0.5 1 1 1
1 P_8 202 202 0.3641255 0.3820614469772052 0.398496 1 1 1
1 P_8 203 203 0 0 0 1 1 1
1 P_8 204 204 0 0 0 1 1 1
1 P_8 205 205 0 0 0 1 1 1
1 P_8 206 206 0 0 0 1 1 1
1 P_8 207 207 0 0 0 1 1 1
1 P_8 208 208 0 0 0 1 1 1
1 P_8 209 209 0 0 0 1 1 1
1 P_8 210 210 0.3518335 0.36981132075471695 0.386493 1 1 1
1 P_8 211 211 0 0 0 1 1 1
1 P_8 212 212 0 0 0 1 1 1
1 P_8 213 213 0 0 0 1 1 1
1 P_8 214 214 0.1198355 0.1378579003181336 0.1572435 1 1 1
1 P_8 215 215 0 0 0 1 1 1
1 P_8 216 216 0.342644 0.3611378977820636 0.3784025 1 1 1
1 P_8 217 217 0.105595 0.12236710130391174 0.140607 1 1 1
1 P_8 218 218 0 0 0 1 1 1
1 P_8 219 219 0 0 0 1 1 1
1 P_8 220 220 0 0 0 1 1 1
1 P_8 221 221 0 0 0 1 1 1
1 P_8 222 222 0 0 0 1 1 1
1 P_8 223 223 0.5 0.5 0.5 1 1 1
1 P_8 224 224 0.3610575 0.3792929292929293 0.396031 1 1 1
1 P_8 225 225 0 0 0 1 1 1
1 P_8 226 226 0 0 0 1 1 1
1 P_8 227 227 0 0 0 1 1 1
1 P_8 228 228 0 0 0 1 1 1
1 P_8 229 229 0.5 0.5 0.5 1 1 1
1 P_8 230 230 0 0 0 1 1 1
1 P_8 231 231 0 0 0 1 1 1
1 P_8 232 232 0.3644645 0.3826844262295082 0.3993455 1 1 1
1 P_8 233 233 0 0 0 1 1 1
1 P_8 234 234 0.5 0.5 0.5 1 1 1
1 P_8 235 235 0 0 0 1 1 1
1 P_8 236 236 0.5 0.5 0.5 1 1 1
1 P_8 237 237 0 0 0 1 1 1
1 P_8 238 238 0.5 0.5 0.5 1 1 1
1 P_8 239 239 0 0 0 1 1 1
1 P_8 240 240 0 0 0 1 1 1
1 P_8 241 241 0.5 0.5 0.5 1 1 1
1 P_8 242 242 0 0 0 1 1 1
1 P_8 243 243 0 0 0 1 1 1
1 P_8 244 244 0 0 0 1 1 1
1 P_8 245 245 0.3676045 0.38529411764705884 0.4014625 1 1 1
1 P_8 246 246 0 0 0 1 1 1
1 P_8 247 247 0 0 0 1 1 1
1 P_8 248 248 0 0 0 1 1 1
1 P_8 249 249 0.5 0.5 0.5 1 1 1
1 P_8 250 250 0.354593 0.3727008712487899 0.389446 1 1 1
1 P_8 251 251 0 0 0 1 1 1
1 P_8 252 252 0.5 0.5 0.5 1 1 1
1 P_8 253 253 0 0 0 1 1 1
1 P_8 254 254 0.356949 0.37488015340364333 0.391438 1 1 1
1 P_8 255 255 0 0 0 1 1 1
1 P_8 256 256 0 0 0 1 1 1
1 P_8 257 257 0.5 0.5 0.5 1 1 1
1 P_8 258 258 0 0 0 1 1 1
1 P_8 259 259 0 0 0 1 1 1
1 P_8 260 260 0 0 0 1 1 1
1 P_8 261 261 0 0 0 1 1 1
1 P_8 262 262 0 0 0 1 1 1
1 P_8 263 263 0 0 0 1 1 1
1 P_8 264 264 0 0 0 1 1 1
1 P_8 265 265 0 0 0 1 1 1
1 P_8 266 266 0.5 0.5 0.5 1 1 1
1 P_8 267 267 0 0 0 1 1 1
1 P_8 268 268 0.349803 0.3688352570828961 0.3864375 1 1 1
1 P_8 269 269 0 0 0 1 1 1
1 P_8 270 270 0.5 0.5 0.5 1 1 1
1 P_8 271 271 0 0 0 1 1 1
1 P_8 272 272 0 0 0 1 1 1
1 P_8 273 273 0 0 0 1 1 1
1 P_8 274 274 0 0 0 1 1 1
1 P_8 275 275 0 0 0 1 1 1
1 P_8 276 276 0.359879 0.37796442687747034 0.3946 1 1 1
1 P_8 277 277 0.1085755 0.12563580874872837 0.1441465 1 1 1
1 P_8 278 278 0.5 0.5 0.5 1 1 1
1 P_8 279 279 0 0 0 1 1 1
1 P_8 280 280 0.5 0.5 0.5 1 1 1
1 P_8 281 281 0 0 0 1 1 1
1 P_8 282 282 0.5 0.5 0.5 1 1 1
1 P_8 283 283 0 0 0 1 1 1
1 P_8 284 284 0 0 0 1 1 1
1 P_8 285 285 0 0 0 1 1 1
1 P_8 286 286 0.5 0.5 0.5 1 1 1
1 P_8 287 287 0.111694 0.12831439393939395 0.1462565 1 1 1
1 P_8 288 288 0 0 0 1 1 1
1 P_8 289 289 0.5 0.5 0.5 1 1 1
1 P_8 290 290 0 0 0 1 1 1
1 P_8 291 291 0 0 0 1 1 1
1 P_8 292 292 0 0 0 1 1 1
1 P_8 293 293 0.0961715 0.11207729468599034 0.129511 1 1 1
1 P_8 294 294 0 0 0 1 1 1
1 P_8 295 295 0 0 0 1 1 1
1 P_8 296 296 0 0 0 1 1 1
1 P_8 297 297 0.5 0.5 0.5 1 1 1
1 P_8 298 298 0 0 0 1 1 1
1 P_8 299 299 0 0 0 1 1 1
1 P_8 300 300 0.355806 0.3746065057712487 0.3919075 1 1 1
1 P_8 301 301 0 0 0 1 1 1
1 P_8 302 302 0.5 0.5 0.5 1 1 1
1 P_8 303 303 0.1103155 0.12795698924731183 0.147103 1 1 1
1 P_8 304 304 0.1007905 0.1171259842519685 0.1349615 1 1 1
1 P_8 305 305 0 0 0 1 1 1
1 P_8 306 306 0 0 0 1 1 1
1 P_8 307 307 0.5 0.5 0.5 1 1 1
1 P_8 308 308 0.1190515 0.13654618473895583 0.155347 1 1 1
1 P_8 309 309 0 0 0 1 1 1
1 P_8 310 310 0 0 0 1 1 1
1 P_8 311 311 0 0 0 1 1 1
1 P_8 312 312 0 0 0 1 1 1
1 P_8 313 313 0 0 0 1 1 1
1 P_8 314 314 0 0 0 1 1 1
1 P_8 315 315 0.3629535 0.38061127029608405 0.396838 1 1 1
1 P_8 316 316 0 0 0 1 1 1
1 P_8 317 317 0.353361 0.3714975845410628 0.3882875 1 1 1
1 P_8 318 318 0 0 0 1 1 1
1 P_8 319 319 0.1147315 0.13211382113821138 0.15087 1 1 1
1 P_8 320 320 0.5 0.5 0.5 1 1 1
1 P_8 321 321 0 0 0 1 1 1
1 P_8 322 322 0.5 0.5 0.5 1 1 1
1 P_8 323 323 0 0 0 1 1 1
1 P_8 324 324 0 0 0 1 1 1
1 P_8 325 325 0 0 0 1 1 1
1 P_8 326 326 0 0 0 1 1 1
1 P_8 327 327 0 0 0 1 1 1
1 P_8 328 328 0.3335485 0.3525073746312684 0.3703105 1 1 1
1 P_8 329 329 0 0 0 1 1 1
1 P_8 330 330 0.1233885 0.14066985645933014 0.159151 1 1 1
1 P_8 331 331 0 0 0 1 1 1
1 P_8 332 332 0.123802 0.1416243654822335 0.1607085 1 1 1
1 P_8 333 333 0.5 0.5 0.5 1 1 1
1 P_8 334 334 0 0 0 1 1 1
1 P_8 335 335 0.104511 0.12106299212598425 0.1390705 1 1 1
1 P_8 336 336 0 0 0 1 1 1
1 P_8 337 337 0 0 0 1 1 1
1 P_8 338 338 0 0 0 1 1 1
1 P_8 339 339 0 0 0 1 1 1
1 P_8 340 340 0.1109655 0.12819203268641471 0.146845 1 1 1
1 P_8 341 341 0 0 0 1 1 1
1 P_8 342 342 0.5 0.5 0.5 1 1 1
1 P_8 343 343 0 0 0 1 1 1
1 P_8 344 344 0 0 0 1 1 1
1 P_8 345 345 0 0 0 1 1 1
1 P_8 346 346 0 0 0 1 1 1
1 P_8 347 347 0 0 0 1 1 1
1 P_8 348 348 0 0 0 1 1 1
1 P_8 349 349 0 0 0 1 1 1
1 P_8 350 350 0.5 0.5 0.5 1 1 1
1 P_8 351 351 0 0 0 1 1 1
1 P_8 352 352 0 0 0 1 1 1
1 P_8 353 353 0 0 0 1 1 1
1 P_8 354 354 0 0 0 1 1 1
1 P_8 355 355 0.3547485 0.37334014300306434 0.390487 1 1 1
1 P_8 356 356 0 0 0 1 1 1
1 P_8 357 357 0.5 0.5 0.5 1 1 1
1 P_8 358 358 0 0 0 1 1 1
1 P_8 359 359 0 0 0 1 1 1
1 P_8 360 360 0 0 0 1 1 1
1 P_8 361 361 0.1061985 0.12320328542094455 0.141701 1 1 1
1 P_8 362 362 0 0 0 1 1 1
1 P_8 363 363 0.5 0.5 0.5 1 1 1
1 P_8 364 364 0 0 0 1 1 1
1 P_8 365 365 0.5 0.5 0.5 1 1 1
1 P_8 366 366 0 0 0 1 1 1
1 P_8 367 367 0 0 0 1 1 1
1 P_8 368 368 0.5 0.5 0.5 1 1 1
1 P_8 369 369 0.5 0.5 0.5 1 1 1
1 P_8 370 370 0 0 0 1 1 1
1 P_8 371 371 0 0 0 1 1 1
1 P_8 372 372 0 0 0 1 1 1
1 P_8 373 373 0 0 0 1 1 1
1 P_8 374 374 0.5 0.5 0.5 1 1 1
1 P_8 375 375 0 0 0 1 1 1
1 P_8 376 376 0.3667095 0.38446411012782694 0.4007025 1 1 1
1 P_8 377 377 0 0 0 1 1 1
1 P_8 378 378 0.356656 0.3752577319587629 0.392379 1 1 1
1 P_8 379 379 0 0 0 1 1 1
1 P_8 380 380 0 0 0 1 1 1
1 P_8 381 381 0 0 0 1 1 1
1 P_8 382 382 0 0 0 1 1 1
1 P_8 383 383 0 0 0 1 1 1
1 P_8 384 384 0 0 0 1 1 1
1 P_8 385 385 0.1040175 0.12072434607645875 0.1389225 1 1 1
1 P_8 386 386 0.5 0.5 0.5 1 1 1
1 P_8 387 387 0.5 0.5 0.5 1 1 1
1 P_8 388 388 0.5 0.5 0.5 1 1 1
1 P_8 389 389 0.343788 0.3622350674373796 0.379442 1 1 1
1 P_8 390 390 0 0 0 1 1 1
1 P_8 391 391 0 0 0 1 1 1
1 P_8 392 392 0 0 0 1 1 1
1 P_8 393 393 0.5 0.5 0.5 1 1 1
1 P_8 394 394 0 0 0 1 1 1
1 P_8 395 395 0 0 0 1 1 1
1 P_8 396 396 0 0 0 1 1 1
1 P_8 397 397 0.5 0.5 0.5 1 1 1
1 P_8 398 398 0.35582 0.37412935323383084 0.3910225 1 1 1
1 P_8 399 399 0.5 0.5 0.5 1 1 1
1 P_8 400 400 0 0 0 1 1 1
1 P_8 401 401 0.3497025 0.36863966770508827 0.3861645 1 1 1
1 P_8 402 402 0 0 0 1 1 1
1 P_8 403 403 0 0 0 1 1 1
1 P_8 404 404 0.344107 0.36299292214357937 0.3805685 1 1 1
1 P_8 405 405 0.5 0.5 0.5 1 1 1
1 P_8 406 406 0 0 0 1 1 1
1 P_8 407 407 0.115698 0.133130081300813 0.151924 1 1 1
1 P_8 408 408 0 0 0 1 1 1
1 P_8 409 409 0.3476995 0.36643145161290325 0.3838175 1 1 1
1 P_8 410 410 0 0 0 1 1 1
1 P_8 411 411 0 0 0 1 1 1
1 P_8 412 412 0.5 0.5 0.5 1 1 1
1 P_8 413 413 0 0 0 1 1 1
1 P_8 414 414 0.3525685 0.3712820512820513 0.3885695 1 1 1
1 P_8 415 415 0 0 0 1 1 1
1 P_8 416 416 0 0 0 1 1 1
1 P_8 417 417 0.3567915 0.375 0.391792 1 1 1
1 P_8 418 418 0 0 0 1 1 1
1 P_8 419 419 0.1039805 0.1203883495145631 0.1382395 1 1 1
1 P_8 420 420 0 0 0 1 1 1
1 P_8 421 421 0.3624265 0.3801732435033686 0.396483 1 1 1
1 P_8 422 422 0.3482105 0.36666666666666664 0.383811 1 1 1
1 P_8 423 423 0 0 0 1 1 1
1 P_8 424 424 0 0 0 1 1 1
1 P_8 425 425 0.367999 0.38571428571428573 0.401896 1 1 1
1 P_8 426 426 0.5 0.5 0.5 1 1 1
1 P_8 427 427 0.5 0.5 0.5 1 1 1
1 P_8 428 428 0 0 0 1 1 1
1 P_8 429 429 0.5 0.5 0.5 1 1 1
1 P_8 430 430 0 0 0 1 1 1
1 P_8 431 431 0.344285 0.3630892678034102 0.3805925 1 1 1
1 P_8 432 432 0.3485965 0.36730575176589303 0.3846575 1 1 1
1 P_8 433 433 0 0 0 1 1 1
1 P_8 434 434 0 0 0 1 1 1
1 P_8 435 435 0 0 0 1 1 1
1 P_8 436 436 0 0 0 1 1 1
1 P_8 437 437 0 0 0 1 1 1
1 P_8 438 438 0.3511905 0.3697394789579158 0.386913 1 1 1
1 P_8 439 439 0 0 0 1 1 1
1 P_8 440 440 0 0 0 1 1 1
1 P_8 441 441 0.350691 0.3693239152371342 0.386576 1 1 1
1 P_8 442 442 0.1064895 0.12368972746331237 0.142408 1 1 1
1 P_8 443 443 0 0 0 1 1 1
1 P_8 444 444 0 0 0 1 1 1
1 P_8 445 445 0.5 0.5 0.5 1 1 1
1 P_8 446 446 0 0 0 1 1 1
1 P_8 447 447 0 0 0 1 1 1
1 P_8 448 448 0 0 0 1 1 1
1 P_8 449 449 0 0 0 1 1 1
1 P_8 450 450 0.5 0.5 0.5 1 1 1
1 P_8 451 451 0 0 0 1 1 1
1 P_8 452 452 0 0 0 1 1 1
1 P_8 453 453 0 0 0 1 1 1
1 P_8 454 454 0 0 0 1 1 1
1 P_8 455 455 0 0 0 1 1 1
1 P_8 456 456 0 0 0 1 1 1
1 P_8 457 457 0 0 0 1 1 1
1 P_8 458 458 0 0 0 1 1 1
1 P_8 459 459 0 0 0 1 1 1
1 P_8 460 460 0.372728 0.39067357512953366 0.406948 1 1 1
1 P_8 461 461 0 0 0 1 1 1
1 P_8 462 462 0 0 0 1 1 1
1 P_8 463 463 0 0 0 1 1 1
1 P_8 464 464 0.3580855 0.3760932944606414 0.3926955 1 1 1
1 P_8 465 465 0 0 0 1 1 1
1 P_8 466 466 0.5 0.5 0.5 1 1 1
1 P_8 467 467 0 0 0 1 1 1
1 P_8 468 468 0.103121 0.1198179979777553 0.1380245 1 1 1
1 P_8 469 469 0 0 0 1 1 1
1 P_8 470 470 0 0 0 1 1 1
1 P_8 471 471 0 0 0 1 1 1
1 P_8 472 472 0 0 0 1 1 1
1 P_8 473 473 0.117617 0.1350401606425703 0.153787 1 1 1
1 P_8 474 474 0 0 0 1 1 1
1 P_8 475 475 0.5 0.5 0.5 1 1 1
1 P_8 476 476 0 0 0 1 1 1
1 P_8 477 477 0 0 0 1 1 1
1 P_8 478 478 0.3516215 0.37029501525940994 0.387565 1 1 1
1 P_8 479 479 0 0 0 1 1 1
1 P_8 480 480 0 0 0 1 1 1
1 P_8 481 481 0 0 0 1 1 1
1 P_8 482 482 0 0 0 1 1 1
1 P_8 483 483 0.5 0.5 0.5 1 1 1
1 P_8 484 484 0 0 0 1 1 1
1 P_8 485 485 0 0 0 1 1 1
1 P_8 486 486 0.355902 0.3741362290227048 0.390965 1 1 1
1 P_8 487 487 0.5 0.5 0.5 1 1 1
1 P_8 488 488 0 0 0 1 1 1
1 P_8 489 489 0 0 0 1 1 1
1 P_8 490 490 0 0 0 1 1 1
2 P_3 0 0 0.1438685 0.16224188790560473 0.181605 1 1 1
2 P_3 1 1 0.062959 0.07669021190716448 0.0924265 1 1 1
2 P_3 2 2 0 0 0 1 1 1
2 P_3 3 3 0 0 0 1 1 1
2 P_3 4 4 0 0 0 1 1 1
2 P_3 5 5 0 0 0 1 1 1
2 P_3 6 6 0.335083 0.35414585414585414 0.372016 1 1 1
2 P_3 7 7 0.3334775 0.35253227408143 0.370419 1 1 1
2 P_3 8 8 0 0 0 1 1 1
2 P_3 9 9 0 0 0 1 1 1
2 P_3 10 10 0 0 0 1 1 1
2 P_3 11 11 0 0 0 1 1 1
2 P_3 12 12 0.120659 0.13885898815931108 0.1584305 1 1 1
2 P_3 13 13 0.0503515 0.06274900398406374 0.0772845 1 1 1
2 P_3 14 14 0 0 0 1 1 1
2 P_3 15 15 0 0 0 1 1 1
2 P_3 16 16 0 0 0 1 1 1
2 P_3 17 17 0 0 0 1 1 1
2 P_3 18 18 0 0 0 1 1 1
2 P_3 19 19 0 0 0 1 1 1
2 P_3 20 20 0 0 0 1 1 1
2 P_3 21 21 0 0 0 1 1 1
2 P_3 22 22 0.0620235 0.0755182625863771 0.090988 1 1 1
2 P_3 23 23 0.062309 0.07616580310880829 0.0920875 1 1 1
2 P_3 24 24 0.5 0.5 0.5 1 1 1
2 P_3 25 25 0 0 0 1 1 1
2 P_3 26 26 0.335171 0.35444330949948927 0.3724925 1 1 1
2 P_3 27 27 0 0 0 1 1 1
2 P_3 28 28 0 0 0 1 1 1
2 P_3 29 29 0.327836 0.3466286799620133 0.364369 1 1 1
2 P_3 30 30 0 0 0 1 1 1
2 P_3 31 31 0 0 0 1 1 1
2 P_3 32 32 0.0553455 0.06853582554517133 0.083886 1 1 1
2 P_3 33 33 0.0658035 0.0797979797979798 0.0957635 1 1 1
2 P_3 34 34 0 0 0 1 1 1
2 P_3 35 35 0.0534835 0.06642636457260556 0.0815365 1 1 1
2 P_3 36 36 0.0527965 0.06564102564102564 0.080653 1 1 1
2 P_3 37 37 0 0 0 1 1 1
2 P_3 38 38 0 0 0 1 1 1
2 P_3 39 39 0 0 0 1 1 1
2 P_3 40 40 0 0 0 1 1 1
2 P_3 41 41 0 0 0 1 1 1
2 P_3 42 42 0 0 0 1 1 1
2 P_3 43 43 0.3296995 0.3490853658536585 0.3673165 1 1 1
2 P_3 44 44 0.065415 0.07882462686567164 0.0940655 1 1 1
2 P_3 45 45 0.5 0.5 0.5 1 1 1
2 P_3 46 46 0.5 0.5 0.5 1 1 1
2 P_3 47 47 0 0 0 1 1 1
2 P_3 48 48 0 0 0 1 1 1
2 P_3 49 49 0 0 0 1 1 1
2 P_3 50 50 0.5 0.5 0.5 1 1 1
2 P_3 51 51 0 0 0 1 1 1
2 P_3 52 52 0 0 0 1 1 1
2 P_3 53 53 0.1346025 0.15253411306042886 0.171555 1 1 1
2 P_3 54 54 0.054283 0.06657483930211203 0.0807985 1 1 1
2 P_3 55 55 0 0 0 1 1 1
2 P_3 56 56 0.3293095 0.3486377396569122 0.366825 1 1 1
2 P_3 57 57 0.0651125 0.07859848484848485 0.093946 1 1 1
2 P_3 58 58 0 0 0 1 1 1
2 P_3 59 59 0 0 0 1 1 1
2 P_3 60 60 0 0 0 1 1 1
2 P_3 61 61 0.3319445 0.3506679389312977 0.36829 1 1 1
2 P_3 62 62 0.127162 0.14490603363006924 0.1638425 1 1 1
2 P_3 63 63 0 0 0 1 1 1
2 P_3 64 64 0.328546 0.34776119402985073 0.365861 1 1 1
2 P_3 65 65 0.5 0.5 0.5 1 1 1
2 P_3 66 66 0.0567315 0.06979062811565304 0.0849095 1 1 1
2 P_3 67 67 0.340766 0.35993820803295573 0.377812 1 1 1
2 P_3 68 68 0 0 0 1 1 1
2 P_3 69 69 0.317771 0.3376421923474664 0.356474 1 1 1
2 P_3 70 70 0.062883 0.0766497461928934 0.092434 1 1 1
2 P_3 71 71 0 0 0 1 1 1
2 P_3 72 72 0.1357245 0.1536231884057971 0.1725895 1 1 1
2 P_3 73 73 0 0 0 1 1 1
2 P_3 74 74 0 0 0 1 1 1
2 P_3 75 75 0 0 0 1 1 1
2 P_3 76 76 0 0 0 1 1 1
2 P_3 77 77 0 0 0 1 1 1
2 P_3 78 78 0.0657795 0.07962413452027696 0.095401 1 1 1
2 P_3 79 79 0.0644775 0.07851239669421488 0.094578 1 1 1
2 P_3 80 80 0 0 0 1 1 1
2 P_3 81 81 0 0 0 1 1 1
2 P_3 82 82 0 0 0 1 1 1
2 P_3 83 83 0.325411 0.34434865900383144 0.36225 1 1 1
2 P_3 84 84 0 0 0 1 1 1
2 P_3 85 85 0.344311 0.3626794258373206 0.379811 1 1 1
2 P_3 86 86 0.323097 0.3423913043478261 0.3606385 1 1 1
2 P_3 87 87 0 0 0 1 1 1
2 P_3 88 88 0 0 0 1 1 1
2 P_3 89 89 0 0 0 1 1 1
2 P_3 90 90 0 0 0 1 1 1
2 P_3 91 91 0.128208 0.1461693548387097 0.165331 1 1 1
2 P_3 92 92 0 0 0 1 1 1
2 P_3 93 93 0.0672145 0.08138351983723296 0.097519 1 1 1
2 P_3 94 94 0 0 0 1 1 1
2 P_3 95 95 0 0 0 1 1 1
2 P_3 96 96 0 0 0 1 1 1
2 P_3 97 97 0.5 0.5 0.5 1 1 1
2 P_3 98 98 0.1241535 0.14142857142857143 0.1598895 1 1 1
2 P_3 99 99 0 0 0 1 1 1
2 P_3 100 100 0.052915 0.06540697674418605 0.07995 1 1 1
2 P_3 101 101 0.5 0.5 0.5 1 1 1
2 P_3 102 102 0 0 0 1 1 1
2 P_3 103 103 0 0 0 1 1 1
2 P_3 104 104 0.347199 0.3656280428432327 0.382766 1 1 1
2 P_3 105 105 0.5 0.5 0.5 1 1 1
2 P_3 106 106 0 0 0 1 1 1
2 P_3 107 107 0.066227 0.08066239316239317 0.0971715 1 1 1
2 P_3 108 108 0 0 0 1 1 1
2 P_3 109 109 0.5 0.5 0.5 1 1 1
2 P_3 110 110 0 0 0 1 1 1
2 P_3 111 111 0.1392105 0.15778688524590165 0.1774465 1 1 1
2 P_3 112 112 0 0 0 1 1 1
2 P_3 113 113 0.056825 0.0696999031945789 0.084576 1 1 1
2 P_3 114 114 0.0666955 0.08133187772925764 0.098079 1 1 1
2 P_3 115 115 0.305672 0.3253968253968254 0.344264 1 1 1
2 P_3 116 116 0.3189175 0.3385786802030457 0.357209 1 1 1
2 P_3 117 117 0.1268095 0.14464464464464463 0.163689 1 1 1
2 P_3 118 118 0.1437625 0.16209598432908912 0.1814165 1 1 1
2 P_3 119 119 0 0 0 1 1 1
2 P_3 120 120 0.5 0.5 0.5 1 1 1
2 P_3 121 121 0.1241625 0.14185814185814186 0.1607925 1 1 1
2 P_3 122 122 0.0608625 0.0743718592964824 0.089905 1 1 1
2 P_3 123 123 0 0 0 1 1 1
2 P_3 124 124 0 0 0 1 1 1
2 P_3 125 125 0.1244485 0.14221105527638192 0.161216 1 1 1
2 P_3 126 126 0 0 0 1 1 1
2 P_3 127 127 0.1272035 0.14498510427010924 0.1639625 1 1 1
2 P_3 128 128 0.134209 0.15234765234765235 0.171605 1 1 1
2 P_3 129 129 0.057708 0.07066795740561471 0.0856185 1 1 1
2 P_3 130 130 0 0 0 1 1 1
2 P_3 131 131 0.341372 0.36019900497512436 0.3777685 1 1 1
2 P_3 132 132 0 0 0 1 1 1
2 P_3 133 133 0 0 0 1 1 1
2 P_3 134 134 0.340751 0.35935984481086325 0.376752 1 1 1
2 P_3 135 135 0 0 0 1 1 1
2 P_3 136 136 0.0605345 0.07413087934560328 0.089789 1 1 1
2 P_3 137 137 0.5 0.5 0.5 1 1 1
2 P_3 138 138 0.1201295 0.1382636655948553 0.157771 1 1 1
2 P_3 139 139 0.5 0.5 0.5 1 1 1
2 P_3 140 140 0.314779 0.3347107438016529 0.353639 1 1 1
2 P_3 141 141 0 0 0 1 1 1
2 P_3 142 142 0.1282385 0.14603960396039603 0.165021 1 1 1
2 P_3 143 143 0 0 0 1 1 1
2 P_3 144 144 0 0 0 1 1 1
2 P_3 145 145 0.1318125 0.14985014985014986 0.169035 1 1 1
2 P_3 146 146 0.5 0.5 0.5 1 1 1
2 P_3 147 147 0 0 0 1 1 1
2 P_3 148 148 0.0623895 0.07621009268795056 0.0920825 1 1 1
2 P_3 149 149 0 0 0 1 1 1
2 P_3 150 150 0 0 0 1 1 1
2 P_3 151 151 0 0 0 1 1 1
2 P_3 152 152 0 0 0 1 1 1
2 P_3 153 153 0 0 0 1 1 1
2 P_3 154 154 0.324419 0.3432483474976393 0.3610675 1 1 1
2 P_3 155 155 0 0 0 1 1 1
2 P_3 156 156 0 0 0 1 1 1
2 P_3 157 157 0 0 0 1 1 1
2 P_3 158 158 0 0 0 1 1 1
2 P_3 159 159 0 0 0 1 1 1
2 P_3 160 160 0 0 0 1 1 1
2 P_3 161 161 0.065468 0.07939698492462312 0.095292 1 1 1
2 P_3 162 162 0.060822 0.07393364928909953 0.088959 1 1 1
2 P_3 163 163 0 0 0 1 1 1
2 P_3 164 164 0.0582605 0.07109227871939737 0.085856 1 1 1
2 P_3 165 165 0 0 0 1 1 1
2 P_3 166 166 0 0 0 1 1 1
2 P_3 167 167 0 0 0 1 1 1
2 P_3 168 168 0 0 0 1 1 1
2 P_3 169 169 0 0 0 1 1 1
2 P_3 170 170 0.5 0.5 0.5 1 1 1
2 P_3 171 171 0.0694845 0.08384146341463415 0.1001345 1 1 1
2 P_3 172 172 0 0 0 1 1 1
2 P_3 173 173 0.060815 0.07416502946954813 0.0894955 1 1 1
2 P_3 174 174 0.314641 0.3341584158415842 0.35272 1 1 1
2 P_3 175 175 0 0 0 1 1 1
2 P_3 176 176 0.1389255 0.15800865800865802 0.178233 1 1 1
2 P_3 177 177 0 0 0 1 1 1
2 P_3 178 178 0.336747 0.35572139303482586 0.3734895 1 1 1
2 P_3 179 179 0.058122 0.07121807465618861 0.0863275 1 1 1
2 P_3 180 180 0 0 0 1 1 1
2 P_3 181 181 0 0 0 1 1 1
2 P_3 182 182 0 0 0 1 1 1
2 P_3 183 183 0 0 0 1 1 1
2 P_3 184 184 0 0 0 1 1 1
2 P_3 185 185 0 0 0 1 1 1
2 P_3 186 186 0 0 0 1 1 1
2 P_3 187 187 0.3321565 0.35129740518962077 0.369279 1 1 1
2 P_3 188 188 0.057086 0.07027300303336703 0.0855435 1 1 1
2 P_3 189 189 0 0 0 1 1 1
2 P_3 190 190 0.1367755 0.15555555555555556 0.1754815 1 1 1
2 P_3 191 191 0 0 0 1 1 1
2 P_3 192 192 0 0 0 1 1 1
2 P_3 193 193 0.06066 0.07428278688524591 0.0899695 1 1 1
2 P_3 194 194 0 0 0 1 1 1
2 P_3 195 195 0.060006 0.07333994053518335 0.0886815 1 1 1
2 P_3 196 196 0 0 0 1 1 1
2 P_3 197 197 0.0733325 0.08774509803921568 0.103982 1 1 1
2 P_3 198 198 0.0566135 0.06959526159921027 0.084619 1 1 1
2 P_3 199 199 0 0 0 1 1 1
2 P_3 200 200 0 0 0 1 1 1
2 P_3 201 201 0.5 0.5 0.5 1 1 1
2 P_3 202 202 0.063782 0.07733463035019456 0.0928135 1 1 1
2 P_3 203 203 0 0 0 1 1 1
2 P_3 204 204 0 0 0 1 1 1
2 P_3 205 205 0 0 0 1 1 1
2 P_3 206 206 0.3236085 0.34342379958246344 0.3621205 1 1 1
2 P_3 207 207 0 0 0 1 1 1
2 P_3 208 208 0.324552 0.34473398479913137 0.363737 1 1 1
2 P_3 209 209 0 0 0 1 1 1
2 P_3 210 210 0.061169 0.07489669421487603 0.090698 1 1 1
2 P_3 211 211 0 0 0 1 1 1
2 P_3 212 212 0.33698 0.35660980810234544 0.3749365 1 1 1
2 P_3 213 213 0 0 0 1 1 1
2 P_3 214 214 0.0599745 0.0734549138804458 0.0889865 1 1 1
2 P_3 215 215 0 0 0 1 1 1
2 P_3 216 216 0.0637125 0.07729941291585127 0.092824 1 1 1
2 P_3 217 217 0.0722255 0.08635496183206107 0.102275 1 1 1
2 P_3 218 218 0.3416675 0.36037364798426746 0.377835 1 1 1
2 P_3 219 219 0.336268 0.35540950455005055 0.3733285 1 1 1
2 P_3 220 220 0 0 0 1 1 1
2 P_3 221 221 0 0 0 1 1 1
2 P_3 222 222 0 0 0 1 1 1
2 P_3 223 223 0.5 0.5 0.5 1 1 1
2 P_3 224 224 0.0572295 0.06989748369058714 0.0844905 1 1 1
2 P_3 225 225 0.32514 0.3444666001994018 0.3627135 1 1 1
2 P_3 226 226 0 0 0 1 1 1
2 P_3 227 227 0 0 0 1 1 1
2 P_3 228 228 0 0 0 1 1 1
2 P_3 229 229 0.1335305 0.1514705882352941 0.1705185 1 1 1
2 P_3 230 230 0 0 0 1 1 1
2 P_3 231 231 0 0 0 1 1 1
2 P_3 232 232 0.0563875 0.06932153392330384 0.0842925 1 1 1
2 P_3 233 233 0 0 0 1 1 1
2 P_3 234 234 0.5 0.5 0.5 1 1 1
2 P_3 235 235 0 0 0 1 1 1
2 P_3 236 236 0.5 0.5 0.5 1 1 1
2 P_3 237 237 0 0 0 1 1 1
2 P_3 238 238 0.5 0.5 0.5 1 1 1
2 P_3 239 239 0 0 0 1 1 1
2 P_3 240 240 0 0 0 1 1 1
2 P_3 241 241 0.1408835 0.15922619047619047 0.1786015 1 1 1
2 P_3 242 242 0 0 0 1 1 1
2 P_3 243 243 0 0 0 1 1 1
2 P_3 244 244 0.341778 0.36125933831376733 0.379379 1 1 1
2 P_3 245 245 0.0673935 0.08169596690796277 0.097994 1 1 1
2 P_3 246 246 0.338313 0.35758513931888547 0.375584 1 1 1
2 P_3 247 247 0 0 0 1 1 1
2 P_3 248 248 0.3179975 0.3374751491053678 0.355956 1 1 1
2 P_3 249 249 0.135561 0.15365612648221344 0.172843 1 1 1
2 P_3 250 250 0.06079 0.07418397626112759 0.089572 1 1 1
2 P_3 251 251 0.333608 0.3526211671612265 0.37047 1 1 1
2 P_3 252 252 0.147937 0.166189111747851 0.1853595 1 1 1
2 P_3 253 253 0 0 0 1 1 1
2 P_3 254 254 0.0539205 0.06663376110562685 0.0814225 1 1 1
2 P_3 255 255 0 0 0 1 1 1
2 P_3 256 256 0 0 0 1 1 1
2 P_3 257 257 0.136003 0.1536654135338346 0.1723665 1 1 1
2 P_3 258 258 0.332399 0.3517948717948718 0.3699935 1 1 1
2 P_3 259 259 0 0 0 1 1 1
2 P_3 260 260 0 0 0 1 1 1
2 P_3 261 261 0.343339 0.36213786213786214 0.379652 1 1 1
2 P_3 262 262 0.3163845 0.33537158984007526 0.3534375 1 1 1
2 P_3 263 263 0 0 0 1 1 1
2 P_3 264 264 0 0 0 1 1 1
2 P_3 265 265 0 0 0 1 1 1
2 P_3 266 266 0.127066 0.14503042596348883 0.164216 1 1 1
2 P_3 267 267 0 0 0 1 1 1
2 P_3 268 268 0.0658455 0.0797029702970297 0.0954935 1 1 1
2 P_3 269 269 0.3173185 0.33707865168539325 0.355819 1 1 1
2 P_3 270 270 0.5 0.5 0.5 1 1 1
2 P_3 271 271 0 0 0 1 1 1
2 P_3 272 272 0.3282005 0.3474155069582505 0.36552 1 1 1
2 P_3 273 273 0.331175 0.35040160642570284 0.3684725 1 1 1
2 P_3 274 274 0.3209065 0.34023668639053256 0.3585465 1 1 1
2 P_3 275 275 0 0 0 1 1 1
2 P_3 276 276 0.063381 0.0769990128331688 0.092575 1 1 1
2 P_3 277 277 0.0640945 0.07775590551181102 0.0933615 1 1 1
2 P_3 278 278 0.1348265 0.153 0.172286 1 1 1
2 P_3 279 279 0 0 0 1 1 1
2 P_3 280 280 0.5 0.5 0.5 1 1 1
2 P_3 281 281 0 0 0 1 1 1
2 P_3 282 282 0.5 0.5 0.5 1 1 1
2 P_3 283 283 0 0 0 1 1 1
2 P_3 284 284 0 0 0 1 1 1
2 P_3 285 285 0 0 0 1 1 1
2 P_3 286 286 0.1315435 0.14955134596211367 0.1687075 1 1 1
2 P_3 287 287 0.054827 0.06758080313418217 0.0823835 1 1 1
2 P_3 288 288 0 0 0 1 1 1
2 P_3 289 289 0.5 0.5 0.5 1 1 1
2 P_3 290 290 0 0 0 1 1 1
2 P_3 291 291 0 0 0 1 1 1
2 P_3 292 292 0 0 0 1 1 1
2 P_3 293 293 0.0661655 0.08032955715756952 0.096497 1 1 1
2 P_3 294 294 0.3336295 0.3528225806451613 0.370827 1 1 1
2 P_3 295 295 0 0 0 1 1 1
2 P_3 296 296 0 0 0 1 1 1
2 P_3 297 297 0.5 0.5 0.5 1 1 1
2 P_3 298 298 0.3321565 0.35129740518962077 0.369279 1 1 1
2 P_3 299 299 0.332623 0.3520618556701031 0.370294 1 1 1
2 P_3 300 300 0.0573015 0.07042957042957043 0.0856145 1 1 1
2 P_3 301 301 0 0 0 1 1 1
2 P_3 302 302 0.5 0.5 0.5 1 1 1
2 P_3 303 303 0.055994 0.06932773109243698 0.0848365 1 1 1
2 P_3 304 304 0.0593255 0.07247081712062257 0.0875965 1 1 1
2 P_3 305 305 0 0 0 1 1 1
2 P_3 306 306 0 0 0 1 1 1
2 P_3 307 307 0.1348265 0.153 0.172286 1 1 1
2 P_3 308 308 0.062058 0.07546251217137293 0.0908155 1 1 1
2 P_3 309 309 0 0 0 1 1 1
2 P_3 310 310 0 0 0 1 1 1
2 P_3 311 311 0 0 0 1 1 1
2 P_3 312 312 0.325841 0.34522613065326635 0.363514 1 1 1
2 P_3 313 313 0.325001 0.34454638124362896 0.3629865 1 1 1
2 P_3 314 314 0 0 0 1 1 1
2 P_3 315 315 0.065184 0.0788201160541586 0.094355 1 1 1
2 P_3 316 316 0 0 0 1 1 1
2 P_3 317 317 0.058628 0.07193158953722334 0.0872895 1 1 1
2 P_3 318 318 0 0 0 1 1 1
2 P_3 319 319 0.0623985 0.0759682224428997 0.0915195 1 1 1
2 P_3 320 320 0.131517 0.1493633692458374 0.16834 1 1 1
2 P_3 321 321 0 0 0 1 1 1
2 P_3 322 322 0.5 0.5 0.5 1 1 1
2 P_3 323 323 0.316635 0.3363914373088685 0.355138 1 1 1
2 P_3 324 324 0 0 0 1 1 1
2 P_3 325 325 0 0 0 1 1 1
2 P_3 326 326 0 0 0 1 1 1
2 P_3 327 327 0.3379745 0.35692921236291125 0.3746615 1 1 1
2 P_3 328 328 0.066732 0.08080808080808081 0.0968435 1 1 1
2 P_3 329 329 0 0 0 1 1 1
2 P_3 330 330 0.060313 0.07381193124368049 0.0893535 1 1 1
2 P_3 331 331 0 0 0 1 1 1
2 P_3 332 332 0.0696265 0.08410732714138287 0.100551 1 1 1
2 P_3 333 333 0.1252925 0.14322120285423037 0.1623985 1 1 1
2 P_3 334 334 0 0 0 1 1 1
2 P_3 335 335 0.062615 0.07612966601178782 0.091603 1 1 1
2 P_3 336 336 0.3302955 0.34904761904761905 0.366718 1 1 1
2 P_3 337 337 0.338561 0.3576494427558257 0.375487 1 1 1
2 P_3 338 338 0 0 0 1 1 1
2 P_3 339 339 0.321263 0.3405088062622309 0.358739 1 1 1
2 P_3 340 340 0.050648 0.06305858987090368 0.0775975 1 1 1
2 P_3 341 341 0 0 0 1 1 1
2 P_3 342 342 0.5 0.5 0.5 1 1 1
2 P_3 343 343 0 0 0 1 1 1
2 P_3 344 344 0 0 0 1 1 1
2 P_3 345 345 0.3320555 0.35207423580786024 0.3708155 1 1 1
2 P_3 346 346 0 0 0 1 1 1
2 P_3 347 347 0.3328325 0.35194416749750745 0.36989 1 1 1
2 P_3 348 348 0 0 0 1 1 1
2 P_3 349 349 0.329588 0.34880239520958084 0.366886 1 1 1
2 P_3 350 350 0.14505 0.16378433367243134 0.1835245 1 1 1
2 P_3 351 351 0.3318685 0.35088582677165353 0.3687645 1 1 1
2 P_3 352 352 0 0 0 1 1 1
2 P_3 353 353 0 0 0 1 1 1
2 P_3 354 354 0 0 0 1 1 1
2 P_3 355 355 0.0555355 0.06854838709677419 0.083658 1 1 1
2 P_3 356 356 0 0 0 1 1 1
2 P_3 357 357 0.5 0.5 0.5 1 1 1
2 P_3 358 358 0.330352 0.34918347742555234 0.366922 1 1 1
2 P_3 359 359 0 0 0 1 1 1
2 P_3 360 360 0.336431 0.35543369890329013 0.373231 1 1 1
2 P_3 361 361 0.058843 0.07198824681684624 0.0871325 1 1 1
2 P_3 362 362 0 0 0 1 1 1
2 P_3 363 363 0.132059 0.150253807106599 0.16961 1 1 1
2 P_3 364 364 0.323604 0.3429423459244533 0.361221 1 1 1
2 P_3 365 365 0.136938 0.15556711758584807 0.175323 1 1 1
2 P_3 366 366 0 0 0 1 1 1
2 P_3 367 367 0.3203515 0.33983983983983984 0.358297 1 1 1
2 P_3 368 368 0.5 0.5 0.5 1 1 1
2 P_3 369 369 0.5 0.5 0.5 1 1 1
2 P_3 370 370 0 0 0 1 1 1
2 P_3 371 371 0 0 0 1 1 1
2 P_3 372 372 0 0 0 1 1 1
2 P_3 373 373 0 0 0 1 1 1
2 P_3 374 374 0.5 0.5 0.5 1 1 1
2 P_3 375 375 0.3288225 0.34822335025380713 0.3664805 1 1 1
2 P_3 376 376 0.058568 0.07185929648241206 0.087203 1 1 1
2 P_3 377 377 0.3361645 0.35498046875 0.3726205 1 1 1
2 P_3 378 378 0.0545645 0.06747230614300101 0.0824875 1 1 1
2 P_3 379 379 0 0 0 1 1 1
2 P_3 380 380 0 0 0 1 1 1
2 P_3 381 381 0 0 0 1 1 1
2 P_3 382 382 0 0 0 1 1 1
2 P_3 383 383 0.335548 0.3546922300706357 0.372625 1 1 1
2 P_3 384 384 0 0 0 1 1 1
2 P_3 385 385 0.064427 0.0778727445394112 0.093193 1 1 1
2 P_3 386 386 0.5 0.5 0.5 1 1 1
2 P_3 387 387 0.116053 0.13386243386243385 0.1530805 1 1 1
2 P_3 388 388 0.5 0.5 0.5 1 1 1
2 P_3 389 389 0.0580065 0.07107843137254902 0.0861615 1 1 1
2 P_3 390 390 0.332615 0.35150925024342744 0.3692695 1 1 1
2 P_3 391 391 0 0 0 1 1 1
2 P_3 392 392 0 0 0 1 1 1
2 P_3 393 393 0.1340735 0.15226130653266332 0.171576 1 1 1
2 P_3 394 394 0 0 0 1 1 1
2 P_3 395 395 0 0 0 1 1 1
2 P_3 396 396 0.334549 0.35390946502057613 0.3720445 1 1 1
2 P_3 397 397 0.130436 0.14792060491493383 0.1665115 1 1 1
2 P_3 398 398 0.0581375 0.07128712871287128 0.0864655 1 1 1
2 P_3 399 399 0.5 0.5 0.5 1 1 1
2 P_3 400 400 0 0 0 1 1 1
2 P_3 401 401 0.0647395 0.07838364167478092 0.093944 1 1 1
2 P_3 402 402 0.321311 0.3410732714138287 0.359758 1 1 1
2 P_3 403 403 0 0 0 1 1 1
2 P_3 404 404 0.069146 0.0832512315270936 0.0992405 1 1 1
2 P_3 405 405 0.1344685 0.15238558909444985 0.171393 1 1 1
2 P_3 406 406 0.3321825 0.35135135135135137 0.3693565 1 1 1
2 P_3 407 407 0.055718 0.06856023506366307 0.0834405 1 1 1
2 P_3 408 408 0 0 0 1 1 1
2 P_3 409 409 0.06967 0.08382642998027613 0.099862 1 1 1
2 P_3 410 410 0.330482 0.348816029143898 0.366118 1 1 1
2 P_3 411 411 0 0 0 1 1 1
2 P_3 412 412 0.5 0.5 0.5 1 1 1
2 P_3 413 413 0 0 0 1 1 1
2 P_3 414 414 0.056727 0.06973293768545995 0.0847835 1 1 1
2 P_3 415 415 0.329588 0.34880239520958084 0.366886 1 1 1
2 P_3 416 416 0 0 0 1 1 1
2 P_3 417 417 0.066676 0.08055009823182711 0.096333 1 1 1
2 P_3 418 418 0.324458 0.343812375249501 0.362093 1 1 1
2 P_3 419 419 0.061532 0.07478427612655801 0.089963 1 1 1
2 P_3 420 420 0 0 0 1 1 1
2 P_3 421 421 0.059271 0.07180851063829788 0.0861585 1 1 1
2 P_3 422 422 0.0599745 0.0734549138804458 0.0889865 1 1 1
2 P_3 423 423 0.3225565 0.3421859039836568 0.3607355 1 1 1
2 P_3 424 424 0 0 0 1 1 1
2 P_3 425 425 0.0627415 0.07653061224489796 0.092349 1 1 1
2 P_3 426 426 0.1333165 0.1514543630892678 0.170726 1 1 1
2 P_3 427 427 0.5 0.5 0.5 1 1 1
2 P_3 428 428 0.325652 0.34496510468594216 0.3631925 1 1 1
2 P_3 429 429 0.5 0.5 0.5 1 1 1
2 P_3 430 430 0.3200565 0.3394268774703557 0.357784 1 1 1
2 P_3 431 431 0.0631485 0.07662463627546072 0.0920295 1 1 1
2 P_3 432 432 0.0600665 0.07331378299120235 0.0885415 1 1 1
2 P_3 433 433 0.337845 0.35729275970619095 0.3754495 1 1 1
2 P_3 434 434 0 0 0 1 1 1
2 P_3 435 435 0.337344 0.3563563563563564 0.374148 1 1 1
2 P_3 436 436 0 0 0 1 1 1
2 P_3 437 437 0 0 0 1 1 1
2 P_3 438 438 0.058485 0.0720250521920668 0.087695 1 1 1
2 P_3 439 439 0 0 0 1 1 1
2 P_3 440 440 0 0 0 1 1 1
2 P_3 441 441 0.057665 0.07042253521126761 0.0851135 1 1 1
2 P_3 442 442 0.0640345 0.07763671875 0.093169 1 1 1
2 P_3 443 443 0 0 0 1 1 1
2 P_3 444 444 0 0 0 1 1 1
2 P_3 445 445 0.1416575 0.16014056224899598 0.1796585 1 1 1
2 P_3 446 446 0 0 0 1 1 1
2 P_3 447 447 0 0 0 1 1 1
2 P_3 448 448 0 0 0 1 1 1
2 P_3 449 449 0 0 0 1 1 1
2 P_3 450 450 0.5 0.5 0.5 1 1 1
2 P_3 451 451 0 0 0 1 1 1
2 P_3 452 452 0.3246655 0.3443298969072165 0.362879 1 1 1
2 P_3 453 453 0.332953 0.35167464114832536 0.36928 1 1 1
2 P_3 454 454 0.331897 0.3513374485596708 0.3695825 1 1 1
2 P_3 455 455 0 0 0 1 1 1
2 P_3 456 456 0 0 0 1 1 1
2 P_3 457 457 0 0 0 1 1 1
2 P_3 458 458 0 0 0 1 1 1
2 P_3 459 459 0 0 0 1 1 1
2 P_3 460 460 0.061944 0.07547169811320754 0.090987 1 1 1
2 P_3 461 461 0 0 0 1 1 1
2 P_3 462 462 0 0 0 1 1 1
2 P_3 463 463 0.3358605 0.3551020408163265 0.3731135 1 1 1
2 P_3 464 464 0.0728705 0.0878594249201278 0.104828 1 1 1
2 P_3 465 465 0.333714 0.35331230283911674 0.371665 1 1 1
2 P_3 466 466 0.5 0.5 0.5 1 1 1
2 P_3 467 467 0 0 0 1 1 1
2 P_3 468 468 0.0642805 0.078125 0.093956 1 1 1
2 P_3 469 469 0 0 0 1 1 1
2 P_3 470 470 0 0 0 1 1 1
2 P_3 471 471 0 0 0 1 1 1
2 P_3 472 472 0 0 0 1 1 1
2 P_3 473 473 0.062065 0.07581967213114754 0.0916205 1 1 1
2 P_3 474 474 0.3273785 0.34626436781609193 0.3640925 1 1 1
2 P_3 475 475 0.132059 0.14990234375 0.1688665 1 1 1
2 P_3 476 476 0 0 0 1 1 1
2 P_3 477 477 0 0 0 1 1 1
2 P_3 478 478 0.058169 0.07142857142857142 0.0867475 1 1 1
2 P_3 479 479 0 0 0 1 1 1
2 P_3 480 480 0 0 0 1 1 1
2 P_3 481 481 0 0 0 1 1 1
2 P_3 482 482 0.33840750000000003 0.357736240913811 0.3757825 1 1 1
2 P_3 483 483 0.5 0.5 0.5 1 1 1
2 P_3 484 484 0 0 0 1 1 1
2 P_3 485 485 0 0 0 1 1 1
2 P_3 486 486 0.0698485 0.08381226053639847 0.099602 1 1 1
2 P_3 487 487 0.5 0.5 0.5 1 1 1
2 P_3 488 488 0 0 0 1 1 1
2 P_3 489 489 0 0 0 1 1 1
2 P_3 490 490 0 0 0 1 1 1
3 P_0 0 0 0.3385305 0.3572825024437928 0.3748315 1 1 1
3 P_0 1 1 0.293742 0.31389452332657203 0.333304 1 1 1
3 P_0 2 2 0 0 0 1 1 1
3 P_0 3 3 0 0 0 1 1 1
3 P_0 4 4 0 0 0 1 1 1
3 P_0 5 5 0 0 0 1 1 1
3 P_0 6 6 0 0 0 1 1 1
3 P_0 7 7 0.0475777 0.05977710233029382 0.074186 1 1 1
3 P_0 8 8 0.0555925 0.06861755802219979 0.083741 1 1 1
3 P_0 9 9 0.0731455 0.08784473953013279 0.104443 1 1 1
3 P_0 10 10 0.04989845 0.06219151036525173 0.07661 1 1 1
3 P_0 11 11 0.0540325 0.06715634837355719 0.0824795 1 1 1
3 P_0 12 12 0.342633 0.36153071500503525 0.3791405 1 1 1
3 P_0 13 13 0.2904575 0.31082474226804124 0.330473 1 1 1
3 P_0 14 14 0 0 0 1 1 1
3 P_0 15 15 0 0 0 1 1 1
3 P_0 16 16 0 0 0 1 1 1
3 P_0 17 17 0.058707 0.07192460317460317 0.0871675 1 1 1
3 P_0 18 18 0.0585345 0.07156673114119923 0.0865775 1 1 1
3 P_0 19 19 0.056392 0.06943056943056942 0.0845375 1 1 1
3 P_0 20 20 0 0 0 1 1 1
3 P_0 21 21 0 0 0 1 1 1
3 P_0 22 22 0.2854 0.3059313215400624 0.3257955 1 1 1
3 P_0 23 23 0.2917425 0.3116947472745292 0.3309455 1 1 1
3 P_0 24 24 0.5 0.5 0.5 1 1 1
3 P_0 25 25 0.0479127 0.06001984126984127 0.074288 1 1 1
3 P_0 26 26 0 0 0 1 1 1
3 P_0 27 27 0.04986635 0.06243550051599587 0.0772235 1 1 1
3 P_0 28 28 0 0 0 1 1 1
3 P_0 29 29 0 0 0 1 1 1
3 P_0 30 30 0 0 0 1 1 1
3 P_0 31 31 0 0 0 1 1 1
3 P_0 32 32 0.0510205 0.06357214934409687 0.07828 1 1 1
3 P_0 33 33 0.2805715 0.30069582504970177 0.320242 1 1 1
3 P_0 34 34 0 0 0 1 1 1
3 P_0 35 35 0.276255 0.29620622568093385 0.315642 1 1 1
3 P_0 36 36 0.29417 0.31411530815109345 0.3333295 1 1 1
3 P_0 37 37 0 0 0 1 1 1
3 P_0 38 38 0.0565765 0.06981519507186858 0.0851745 1 1 1
3 P_0 39 39 0 0 0 1 1 1
3 P_0 40 40 0.04052165 0.05172413793103448 0.065166 1 1 1
3 P_0 41 41 0.068844 0.0826251180358829 0.098219 1 1 1
3 P_0 42 42 0 0 0 1 1 1
3 P_0 43 43 0 0 0 1 1 1
3 P_0 44 44 0.2720415 0.2922465208747515 0.31197 1 1 1
3 P_0 45 45 0.5 0.5 0.5 1 1 1
3 P_0 46 46 0.5 0.5 0.5 1 1 1
3 P_0 47 47 0 0 0 1 1 1
3 P_0 48 48 0 0 0 1 1 1
3 P_0 49 49 0.0535455 0.0661764705882353 0.0808735 1 1 1
3 P_0 50 50 0.5 0.5 0.5 1 1 1
3 P_0 51 51 0.0524155 0.06517311608961303 0.080088500000000007 1 1 1
3 P_0 52 52 0.0627715 0.0767223382045929 0.092747 1 1 1
3 P_0 53 53 0.35582 0.37412935323383084 0.3910225 1 1 1
3 P_0 54 54 0.2938575 0.3135265700483092 0.3324915 1 1 1
3 P_0 55 55 0.0653395 0.07929292929292929 0.095223 1 1 1
3 P_0 56 56 0.0471622 0.059203980099502486 0.073422 1 1 1
3 P_0 57 57 0.2929305 0.31313645621181263 0.3326055 1 1 1
3 P_0 58 58 0.04669135 0.058734939759036146 0.07298 1 1 1
3 P_0 59 59 0.0680805 0.08231707317073171 0.0985075 1 1 1
3 P_0 60 60 0 0 0 1 1 1
3 P_0 61 61 0.054013 0.06679960119641076 0.0816805 1 1 1
3 P_0 62 62 0.3501675 0.36881937436932394 0.3860965 1 1 1
3 P_0 63 63 0 0 0 1 1 1
3 P_0 64 64 0.046808 0.05870841487279843 0.072755 1 1 1
3 P_0 65 65 0.5 0.5 0.5 1 1 1
3 P_0 66 66 0.04136085 0.052845528455284556 0.066627 1 1 1
3 P_0 67 67 0 0 0 1 1 1
3 P_0 68 68 0 0 0 1 1 1
3 P_0 69 69 0 0 0 1 1 1
3 P_0 70 70 0.0463879 0.058300395256917 0.0723845 1 1 1
3 P_0 71 71 0 0 0 1 1 1
3 P_0 72 72 0.3459935 0.36472945891783565 0.382147 1 1 1
3 P_0 73 73 0.04609955 0.0583596214511041 0.0729295 1 1 1
3 P_0 74 74 0 0 0 1 1 1
3 P_0 75 75 0 0 0 1 1 1
3 P_0 76 76 0 0 0 1 1 1
3 P_0 77 77 0 0 0 1 1 1
3 P_0 78 78 0.0485888 0.06091370558375635 0.075439 1 1 1
3 P_0 79 79 0.283132 0.3037775445960126 0.323776 1 1 1
3 P_0 80 80 0 0 0 1 1 1
3 P_0 81 81 0 0 0 1 1 1
3 P_0 82 82 0.0531835 0.06611570247933884 0.0812255 1 1 1
3 P_0 83 83 0.1212745 0.1385658914728682 0.157096 1 1 1
3 P_0 84 84 0 0 0 1 1 1
3 P_0 85 85 0.0520785 0.0645956607495069 0.0792095 1 1 1
3 P_0 86 86 0.04403635 0.05577889447236181 0.069759 1 1 1
3 P_0 87 87 0.0604515 0.0741901776384535 0.090035 1 1 1
3 P_0 88 88 0 0 0 1 1 1
3 P_0 89 89 0 0 0 1 1 1
3 P_0 90 90 0.0581355 0.07108549471661864 0.0860065 1 1 1
3 P_0 91 91 0.3389935 0.35833333333333334 0.376379 1 1 1
3 P_0 92 92 0 0 0 1 1 1
3 P_0 93 93 0.2854 0.3059313215400624 0.3257955 1 1 1
3 P_0 94 94 0 0 0 1 1 1
3 P_0 95 95 0.0571775 0.0702274975272008 0.0853165 1 1 1
3 P_0 96 96 0.04930325 0.06156901688182721 0.07598 1 1 1
3 P_0 97 97 0.5 0.5 0.5 1 1 1
3 P_0 98 98 0.356805 0.37453183520599254 0.390921 1 1 1
3 P_0 99 99 0 0 0 1 1 1
3 P_0 100 100 0.2813645 0.3016112789526687 0.321262 1 1 1
3 P_0 101 101 0.5 0.5 0.5 1 1 1
3 P_0 102 102 0 0 0 1 1 1
3 P_0 103 103 0 0 0 1 1 1
3 P_0 104 104 0 0 0 1 1 1
3 P_0 105 105 0.5 0.5 0.5 1 1 1
3 P_0 106 106 0 0 0 1 1 1
3 P_0 107 107 0.0426165 0.05430327868852459 0.0682885 1 1 1
3 P_0 108 108 0 0 0 1 1 1
3 P_0 109 109 0.5 0.5 0.5 1 1 1
3 P_0 110 110 0.056789 0.06986027944111776 0.0849925 1 1 1
3 P_0 111 111 0.3357465 0.35490394337714865 0.372845 1 1 1
3 P_0 112 112 0.0497416 0.0616822429906542 0.075641 1 1 1
3 P_0 113 113 0.296087 0.31616161616161614 0.33547 1 1 1
3 P_0 114 114 0.0295591 0.03939393939393939 0.051667 1 1 1
3 P_0 115 115 0 0 0 1 1 1
3 P_0 116 116 0 0 0 1 1 1
3 P_0 117 117 0.34491 0.3631628787878788 0.3801865 1 1 1
3 P_0 118 118 0.3477815 0.3659112370160529 0.3827855 1 1 1
3 P_0 119 119 0 0 0 1 1 1
3 P_0 120 120 0.5 0.5 0.5 1 1 1
3 P_0 121 121 0.348808 0.3673978065802592 0.3846455 1 1 1
3 P_0 122 122 0.04060935 0.05189620758483034 0.0654495 1 1 1
3 P_0 123 123 0 0 0 1 1 1
3 P_0 124 124 0 0 0 1 1 1
3 P_0 125 125 0.3393945 0.35907127429805613 0.3773975 1 1 1
3 P_0 126 126 0.0618535 0.07561728395061729 0.0914375 1 1 1
3 P_0 127 127 0.3486245 0.367601246105919 0.385178 1 1 1
3 P_0 128 128 0.3463965 0.36542443064182195 0.3830825 1 1 1
3 P_0 129 129 0.2860845 0.3061938061938062 0.325659 1 1 1
3 P_0 130 130 0.04864195 0.06059160305343511 0.0746135 1 1 1
3 P_0 131 131 0 0 0 1 1 1
3 P_0 132 132 0 0 0 1 1 1
3 P_0 133 133 0 0 0 1 1 1
3 P_0 134 134 0.0474069 0.05933852140077821 0.0733965 1 1 1
3 P_0 135 135 0.059519 0.07285429141716566 0.0882165 1 1 1
3 P_0 136 136 0.2868915 0.307 0.326455 1 1 1
3 P_0 137 137 0.5 0.5 0.5 1 1 1
3 P_0 138 138 0.347421 0.36573628488931664 0.3827735 1 1 1
3 P_0 139 139 0.5 0.5 0.5 1 1 1
3 P_0 140 140 0 0 0 1 1 1
3 P_0 141 141 0.04920685 0.061394891944990176 0.075707 1 1 1
3 P_0 142 142 0.336468 0.3557494866529774 0.373786 1 1 1
3 P_0 143 143 0.04897885 0.061636556854410204 0.0765885 1 1 1
3 P_0 144 144 0.06189 0.0755578093306288 0.091254 1 1 1
3 P_0 145 145 0.340987 0.3602711157455683 0.3782365 1 1 1
3 P_0 146 146 0.5 0.5 0.5 1 1 1
3 P_0 147 147 0 0 0 1 1 1
3 P_0 148 148 0.2941235 0.31419939577039274 0.3335335 1 1 1
3 P_0 149 149 0.0442181 0.05571565802113353 0.069353 1 1 1
3 P_0 150 150 0.0572525 0.07042253521126761 0.085664 1 1 1
3 P_0 151 151 0.0514945 0.06415478615071284 0.0789845 1 1 1
3 P_0 152 152 0 0 0 1 1 1
3 P_0 153 153 0.0579325 0.07114228456913828 0.0864065 1 1 1
3 P_0 154 154 0.0453179 0.0568075117370892 0.0703775 1 1 1
3 P_0 155 155 0 0 0 1 1 1
3 P_0 156 156 0.03720175 0.048205128205128206 0.0615805 1 1 1
3 P_0 157 157 0.0559945 0.069 0.084081 1 1 1
3 P_0 158 158 0 0 0 1 1 1
3 P_0 159 159 0.0555795 0.06882168925964546 0.0842295 1 1 1
3 P_0 160 160 0.0641495 0.07796780684104627 0.0937705 1 1 1
3 P_0 161 161 0.2901335 0.31008902077151335 0.3293625 1 1 1
3 P_0 162 162 0.04759695 0.0594106463878327 0.0733015 1 1 1
3 P_0 163 163 0 0 0 1 1 1
3 P_0 164 164 0.037631 0.0487551867219917 0.062272 1 1 1
3 P_0 165 165 0 0 0 1 1 1
3 P_0 166 166 0.04598275 0.058151609553478714 0.072604 1 1 1
3 P_0 167 167 0.04426055 0.05594059405940594 0.0698235 1 1 1
3 P_0 168 168 0 0 0 1 1 1
3 P_0 169 169 0 0 0 1 1 1
3 P_0 170 170 0.5 0.5 0.5 1 1 1
3 P_0 171 171 0.04421665 0.05582761998041136 0.069619 1 1 1
3 P_0 172 172 0.04654715 0.058673469387755105 0.0730375 1 1 1
3 P_0 173 173 0.3133325 0.3328402366863905 0.351411 1 1 1
3 P_0 174 174 0 0 0 1 1 1
3 P_0 175 175 0.057487 0.0707070707070707 0.0860035 1 1 1
3 P_0 176 176 0.3484255 0.3668292682926829 0.383926 1 1 1
3 P_0 177 177 0 0 0 1 1 1
3 P_0 178 178 0 0 0 1 1 1
3 P_0 179 179 0.2817505 0.30214723926380366 0.3219325 1 1 1
3 P_0 180 180 0.071305 0.0855327468230694 0.101604 1 1 1
3 P_0 181 181 0.057376 0.07089947089947089 0.0865955 1 1 1
3 P_0 182 182 0.0480985 0.060542797494780795 0.075254 1 1 1
3 P_0 183 183 0 0 0 1 1 1
3 P_0 184 184 0 0 0 1 1 1
3 P_0 185 185 0 0 0 1 1 1
3 P_0 186 186 0 0 0 1 1 1
3 P_0 187 187 0 0 0 1 1 1
3 P_0 188 188 0.2829125 0.30357142857142855 0.3235855 1 1 1
3 P_0 189 189 0.0463489 0.05813953488372093 0.0720615 1 1 1
3 P_0 190 190 0.3422865 0.361546499477534 0.37947 1 1 1
3 P_0 191 191 0 0 0 1 1 1
3 P_0 192 192 0 0 0 1 1 1
3 P_0 193 193 0.290431 0.31029411764705883 0.3294795 1 1 1
3 P_0 194 194 0 0 0 1 1 1
3 P_0 195 195 0.2953695 0.3147279549718574 0.33339 1 1 1
3 P_0 196 196 0 0 0 1 1 1
3 P_0 197 197 0.2805035 0.30049019607843136 0.319909 1 1 1
3 P_0 198 198 0.2744265 0.29443359375 0.313943 1 1 1
3 P_0 199 199 0 0 0 1 1 1
3 P_0 200 200 0 0 0 1 1 1
3 P_0 201 201 0.5 0.5 0.5 1 1 1
3 P_0 202 202 0.3000015 0.3200202224469161 0.339227 1 1 1
3 P_0 203 203 0.064676 0.07845084409136048 0.094179 1 1 1
3 P_0 204 204 0 0 0 1 1 1
3 P_0 205 205 0 0 0 1 1 1
3 P_0 206 206 0.1128145 0.13006072874493926 0.148699 1 1 1
3 P_0 207 207 0.055204 0.06809145129224652 0.0830525 1 1 1
3 P_0 208 208 0.0557615 0.06887755102040816 0.0841125 1 1 1
3 P_0 209 209 0.0471117 0.05943691345151199 0.07404 1 1 1
3 P_0 210 210 0.291608 0.3113482056256062 0.330406 1 1 1
3 P_0 211 211 0 0 0 1 1 1
3 P_0 212 212 0 0 0 1 1 1
3 P_0 213 213 0 0 0 1 1 1
3 P_0 214 214 0.0382266 0.04938271604938271 0.0629045 1 1 1
3 P_0 215 215 0 0 0 1 1 1
3 P_0 216 216 0.2879495 0.30900109769484085 0.3293105 1 1 1
3 P_0 217 217 0.04249685 0.054279749478079335 0.068404 1 1 1
3 P_0 218 218 0 0 0 1 1 1
3 P_0 219 219 0.115014 0.13214990138067062 0.1506185 1 1 1
3 P_0 220 220 0 0 0 1 1 1
3 P_0 221 221 0.0482799 0.06009389671361502 0.0739525 1 1 1
3 P_0 222 222 0.0483594 0.060515873015873016 0.0748275 1 1 1
3 P_0 223 223 0.5 0.5 0.5 1 1 1
3 P_0 224 224 0.28869 0.3089887640449438 0.3285965 1 1 1
3 P_0 225 225 0.0628185 0.07657200811359026 0.092342 1 1 1
3 P_0 226 226 0.068101 0.08210422812192723 0.0980005 1 1 1
3 P_0 227 227 0.04915495 0.061386138613861385 0.0757585 1 1 1
3 P_0 228 228 0 0 0 1 1 1
3 P_0 229 229 0.332488 0.3521647307286167 0.3706045 1 1 1
3 P_0 230 230 0.04547805 0.05717054263565891 0.0710055 1 1 1
3 P_0 231 231 0 0 0 1 1 1
3 P_0 232 232 0.2974825 0.3170849420849421 0.3359445 1 1 1
3 P_0 233 233 0 0 0 1 1 1
3 P_0 234 234 0.5 0.5 0.5 1 1 1
3 P_0 235 235 0 0 0 1 1 1
3 P_0 236 236 0.5 0.5 0.5 1 1 1
3 P_0 237 237 0 0 0 1 1 1
3 P_0 238 238 0.5 0.5 0.5 1 1 1
3 P_0 239 239 0 0 0 1 1 1
3 P_0 240 240 0 0 0 1 1 1
3 P_0 241 241 0.3493595 0.3681262729124236 0.3855135 1 1 1
3 P_0 242 242 0.0457437 0.057673019057171516 0.071814 1 1 1
3 P_0 243 243 0.0635935 0.07710960232783705 0.0925485 1 1 1
3 P_0 244 244 0.0468544 0.058765915768854066 0.072825 1 1 1
3 P_0 245 245 0.29439 0.3143712574850299 0.333616 1 1 1
3 P_0 246 246 0 0 0 1 1 1
3 P_0 247 247 0.063316 0.07732497387669801 0.0934025 1 1 1
3 P_0 248 248 0.052978 0.06569709127382146 0.0805355 1 1 1
3 P_0 249 249 0.341481 0.36036036036036034 0.377973 1 1 1
3 P_0 250 250 0.2816705 0.3023012552301255 0.3223045 1 1 1
3 P_0 251 251 0.04969965 0.061946902654867256 0.076314 1 1 1
3 P_0 252 252 0.341252 0.35984481086323955 0.3772155 1 1 1
3 P_0 253 253 0 0 0 1 1 1
3 P_0 254 254 0.289 0.30930470347648265 0.328914 1 1 1
3 P_0 255 255 0 0 0 1 1 1
3 P_0 256 256 0.069159 0.0835030549898167 0.099791 1 1 1
3 P_0 257 257 0.3344115 0.35365853658536583 0.3716975 1 1 1
3 P_0 258 258 0 0 0 1 1 1
3 P_0 259 259 0.060504 0.07359924026590693 0.0886155 1 1 1
3 P_0 260 260 0 0 0 1 1 1
3 P_0 261 261 0.0501095 0.06256306760847628 0.077185 1 1 1
3 P_0 262 262 0 0 0 1 1 1
3 P_0 263 263 0.04919765 0.06160896130346232 0.0762195 1 1 1
3 P_0 264 264 0.0473052 0.0593812375249501 0.073638 1 1 1
3 P_0 265 265 0.04630795 0.0583756345177665 0.0726735 1 1 1
3 P_0 266 266 0.350013 0.3692390139335477 0.387 1 1 1
3 P_0 267 267 0 0 0 1 1 1
3 P_0 268 268 0.280677 0.3005836575875486 0.319926 1 1 1
3 P_0 269 269 0.051111 0.06362725450901803 0.0782845 1 1 1
3 P_0 270 270 0.5 0.5 0.5 1 1 1
3 P_0 271 271 0.0396422 0.05079681274900399 0.064226 1 1 1
3 P_0 272 272 0 0 0 1 1 1
3 P_0 273 273 0 0 0 1 1 1
3 P_0 274 274 0 0 0 1 1 1
3 P_0 275 275 0 0 0 1 1 1
3 P_0 276 276 0.289316 0.30952380952380953 0.32904 1 1 1
3 P_0 277 277 0.035925 0.046700507614213196 0.0598415 1 1 1
3 P_0 278 278 0.3383335 0.3570731707317073 0.374615 1 1 1
3 P_0 279 279 0 0 0 1 1 1
3 P_0 280 280 0.5 0.5 0.5 1 1 1
3 P_0 281 281 0 0 0 1 1 1
3 P_0 282 282 0.5 0.5 0.5 1 1 1
3 P_0 283 283 0 0 0 1 1 1
3 P_0 284 284 0 0 0 1 1 1
3 P_0 285 285 0.04848095 0.06083844580777096 0.075413 1 1 1
3 P_0 286 286 0.3424025 0.3614519427402863 0.3791945 1 1 1
3 P_0 287 287 0.0573405 0.0703740157480315 0.0854345 1 1 1
3 P_0 288 288 0 0 0 1 1 1
3 P_0 289 289 0.5 0.5 0.5 1 1 1
3 P_0 290 290 0.0653505 0.07940573770491803 0.0954645 1 1 1
3 P_0 291 291 0.056221 0.06922310756972111 0.0842895 1 1 1
3 P_0 292 292 0.0646145 0.07805108798486282 0.093353 1 1 1
3 P_0 293 293 0.0421103 0.0534838076545633 0.0670685 1 1 1
3 P_0 294 294 0 0 0 1 1 1
3 P_0 295 295 0 0 0 1 1 1
3 P_0 296 296 0 0 0 1 1 1
3 P_0 297 297 0.5 0.5 0.5 1 1 1
3 P_0 298 298 0.0561085 0.0691919191919192 0.084369 1 1 1
3 P_0 299 299 0 0 0 1 1 1
3 P_0 300 300 0.283554 0.3032473734479465 0.3223575 1 1 1
3 P_0 301 301 0 0 0 1 1 1
3 P_0 302 302 0.5 0.5 0.5 1 1 1
3 P_0 303 303 0.04469245 0.05625 0.0699435 1 1 1
3 P_0 304 304 0.0426831 0.05380333951762523 0.0670105 1 1 1
3 P_0 305 305 0 0 0 1 1 1
3 P_0 306 306 0 0 0 1 1 1
3 P_0 307 307 0.350296 0.3688688688688689 0.3860775 1 1 1
3 P_0 308 308 0.0550485 0.06822916666666666 0.08358 1 1 1
3 P_0 309 309 0 0 0 1 1 1
3 P_0 310 310 0 0 0 1 1 1
3 P_0 311 311 0 0 0 1 1 1
3 P_0 312 312 0.116179 0.1338174273858921 0.1528375 1 1 1
3 P_0 313 313 0 0 0 1 1 1
3 P_0 314 314 0 0 0 1 1 1
3 P_0 315 315 0.289535 0.3094302554027505 0.328656 1 1 1
3 P_0 316 316 0 0 0 1 1 1
3 P_0 317 317 0.282644 0.3025291828793774 0.321828 1 1 1
3 P_0 318 318 0 0 0 1 1 1
3 P_0 319 319 0.0453353 0.056937799043062204 0.0706585 1 1 1
3 P_0 320 320 0.3348305 0.3539778449144008 0.371924 1 1 1
3 P_0 321 321 0 0 0 1 1 1
3 P_0 322 322 0.5 0.5 0.5 1 1 1
3 P_0 323 323 0.057953 0.07165948275862069 0.087569 1 1 1
3 P_0 324 324 0 0 0 1 1 1
3 P_0 325 325 0.0457902 0.05773092369477912 0.0718845 1 1 1
3 P_0 326 326 0 0 0 1 1 1
3 P_0 327 327 0.0468093 0.058823529411764705 0.073023 1 1 1
3 P_0 328 328 0.306419 0.3265835929387331 0.345836 1 1 1
3 P_0 329 329 0 0 0 1 1 1
3 P_0 330 330 0.04723845 0.059356136820925554 0.0736725 1 1 1
3 P_0 331 331 0 0 0 1 1 1
3 P_0 332 332 0.04503005 0.05655893536121673 0.070196 1 1 1
3 P_0 333 333 0.3465835 0.36532663316582914 0.382741 1 1 1
3 P_0 334 334 0 0 0 1 1 1
3 P_0 335 335 0.04349165 0.05486641221374046 0.068376 1 1 1
3 P_0 336 336 0.1215535 0.13894324853228962 0.157579 1 1 1
3 P_0 337 337 0 0 0 1 1 1
3 P_0 338 338 0.0531315 0.06577645895153314 0.080511 1 1 1
3 P_0 339 339 0 0 0 1 1 1
3 P_0 340 340 0.0399238 0.05109126984126984 0.064521 1 1 1
3 P_0 341 341 0 0 0 1 1 1
3 P_0 342 342 0.5 0.5 0.5 1 1 1
3 P_0 343 343 0.0563475 0.06964656964656965 0.0850945 1 1 1
3 P_0 344 344 0.0454667 0.05732801595214357 0.0713915 1 1 1
3 P_0 345 345 0.0514075 0.06393606393606394 0.078596 1 1 1
3 P_0 346 346 0.0652515 0.07894736842105263 0.094555 1 1 1
3 P_0 347 347 0.0504565 0.06322444678609063 0.078248 1 1 1
3 P_0 348 348 0.0589445 0.07221115537848606 0.0875085 1 1 1
3 P_0 349 349 0.04647685 0.05852674066599395 0.0727915 1 1 1
3 P_0 350 350 0.359575 0.3773946360153257 0.393815 1 1 1
3 P_0 351 351 0.04398805 0.05584016393442623 0.069972500000000007 1 1 1
3 P_0 352 352 0.04664415 0.058915537017726796 0.073471 1 1 1
3 P_0 353 353 0.03495455 0.04532304725168756 0.057954 1 1 1
3 P_0 354 354 0 0 0 1 1 1
3 P_0 355 355 0.2920465 0.31200396825396826 0.331256 1 1 1
3 P_0 356 356 0.0527925 0.0655241935483871 0.080388 1 1 1
3 P_0 357 357 0.5 0.5 0.5 1 1 1
3 P_0 358 358 0 0 0 1 1 1
3 P_0 359 359 0.0484308 0.06077630234933606 0.0753375 1 1 1
3 P_0 360 360 0.045389 0.05705996131528046 0.0708705 1 1 1
3 P_0 361 361 0.04678515 0.05873642645607108 0.0728525 1 1 1
3 P_0 362 362 0.054054 0.06653992395437262 0.0810255 1 1 1
3 P_0 363 363 0.3468645 0.36577868852459017 0.3833325 1 1 1
3 P_0 364 364 0 0 0 1 1 1
3 P_0 365 365 0.3431785 0.36231884057971014 0.380126 1 1 1
3 P_0 366 366 0 0 0 1 1 1
3 P_0 367 367 0.0537255 0.06666666666666667 0.0817635 1 1 1
3 P_0 368 368 0.5 0.5 0.5 1 1 1
3 P_0 369 369 0.5 0.5 0.5 1 1 1
3 P_0 370 370 0 0 0 1 1 1
3 P_0 371 371 0 0 0 1 1 1
3 P_0 372 372 0.051865 0.06502732240437159 0.0805065 1 1 1
3 P_0 373 373 0.0553155 0.06822709163346613 0.0832145 1 1 1
3 P_0 374 374 0.5 0.5 0.5 1 1 1
3 P_0 375 375 0.046065300000000003 0.05789990186457311 0.071896 1 1 1
3 P_0 376 376 0.27671 0.2969849246231156 0.316718 1 1 1
3 P_0 377 377 0.053652 0.06630648330058939 0.0810295 1 1 1
3 P_0 378 378 0.2801365 0.30009775171065495 0.3194975 1 1 1
3 P_0 379 379 0 0 0 1 1 1
3 P_0 380 380 0.058567 0.0720164609053498 0.087565 1 1 1
3 P_0 381 381 0.0512795 0.0640625 0.0790655 1 1 1
3 P_0 382 382 0 0 0 1 1 1
3 P_0 383 383 0.056054 0.06881616939364774 0.083578 1 1 1
3 P_0 384 384 0.050323 0.06288343558282208 0.077637 1 1 1
3 P_0 385 385 0.0356408 0.04626865671641791 0.05922 1 1 1
3 P_0 386 386 0.5 0.5 0.5 1 1 1
3 P_0 387 387 0.350138 0.36896197327852004 0.386384 1 1 1
3 P_0 388 388 0.5 0.5 0.5 1 1 1
3 P_0 389 389 0.2950865 0.31522842639593907 0.334611 1 1 1
3 P_0 390 390 0 0 0 1 1 1
3 P_0 391 391 0 0 0 1 1 1
3 P_0 392 392 0 0 0 1 1 1
3 P_0 393 393 0.350244 0.3686274509803922 0.385677 1 1 1
3 P_0 394 394 0.0536335 0.06633663366336634 0.0811245 1 1 1
3 P_0 395 395 0.0469446 0.05876685934489403 0.0727015 1 1 1
3 P_0 396 396 0.04174455 0.05345911949685535 0.067535 1 1 1
3 P_0 397 397 0.346087 0.3647175421209118 0.3820445 1 1 1
3 P_0 398 398 0.2908135 0.31046065259117084 0.3294425 1 1 1
3 P_0 399 399 0.5 0.5 0.5 1 1 1
3 P_0 400 400 0 0 0 1 1 1
3 P_0 401 401 0.296011 0.3156370656370656 0.3345365 1 1 1
3 P_0 402 402 0 0 0 1 1 1
3 P_0 403 403 0 0 0 1 1 1
3 P_0 404 404 0.293982 0.313715953307393 0.332739 1 1 1
3 P_0 405 405 0.349672 0.368474923234391 0.3858875 1 1 1
3 P_0 406 406 0 0 0 1 1 1
3 P_0 407 407 0.04426235 0.05612244897959184 0.0702505 1 1 1
3 P_0 408 408 0 0 0 1 1 1
3 P_0 409 409 0.276936 0.2972699696663296 0.317056 1 1 1
3 P_0 410 410 0.0537955 0.06653426017874876 0.081362 1 1 1
3 P_0 411 411 0 0 0 1 1 1
3 P_0 412 412 0.5 0.5 0.5 1 1 1
3 P_0 413 413 0.0543295 0.0672396359959555 0.0822685 1 1 1
3 P_0 414 414 0.295346 0.3153923541247485 0.3346845 1 1 1
3 P_0 415 415 0 0 0 1 1 1
3 P_0 416 416 0 0 0 1 1 1
3 P_0 417 417 0.2871825 0.3069835111542192 0.3261505 1 1 1
3 P_0 418 418 0 0 0 1 1 1
3 P_0 419 419 0.04308855 0.05502645502645503 0.069329 1 1 1
3 P_0 420 420 0 0 0 1 1 1
3 P_0 421 421 0.2883215 0.3083416087388282 0.327697 1 1 1
3 P_0 422 422 0.2902735 0.3110871905274489 0.331147 1 1 1
3 P_0 423 423 0 0 0 1 1 1
3 P_0 424 424 0 0 0 1 1 1
3 P_0 425 425 0.284309 0.30472764645426514 0.324501 1 1 1
3 P_0 426 426 0.3510455 0.370020964360587 0.387554 1 1 1
3 P_0 427 427 0.5 0.5 0.5 1 1 1
3 P_0 428 428 0 0 0 1 1 1
3 P_0 429 429 0.5 0.5 0.5 1 1 1
3 P_0 430 430 0.1241985 0.141798418972332 0.160625 1 1 1
3 P_0 431 431 0.2902355 0.3102589641434263 0.329594 1 1 1
3 P_0 432 432 0.2811445 0.30165289256198347 0.3215495 1 1 1
3 P_0 433 433 0.127465 0.14568158168574402 0.165143 1 1 1
3 P_0 434 434 0.062906 0.07657657657657657 0.092238 1 1 1
3 P_0 435 435 0 0 0 1 1 1
3 P_0 436 436 0.04296335 0.05455455455455455 0.0683885 1 1 1
3 P_0 437 437 0 0 0 1 1 1
3 P_0 438 438 0.280763 0.301119023397762 0.3208785 1 1 1
3 P_0 439 439 0 0 0 1 1 1
3 P_0 440 440 0 0 0 1 1 1
3 P_0 441 441 0.2769125 0.2975941422594142 0.317705 1 1 1
3 P_0 442 442 0.03885405 0.05005107252298264 0.063589 1 1 1
3 P_0 443 443 0.0526845 0.06539235412474849 0.0802295 1 1 1
3 P_0 444 444 0.0528665 0.0654527559055118 0.080122 1 1 1
3 P_0 445 445 0.3396745 0.35856573705179284 0.376217 1 1 1
3 P_0 446 446 0 0 0 1 1 1
3 P_0 447 447 0 0 0 1 1 1
3 P_0 448 448 0 0 0 1 1 1
3 P_0 449 449 0 0 0 1 1 1
3 P_0 450 450 0.5 0.5 0.5 1 1 1
3 P_0 451 451 0 0 0 1 1 1
3 P_0 452 452 0 0 0 1 1 1
3 P_0 453 453 0 0 0 1 1 1
3 P_0 454 454 0.055532 0.06859756097560976 0.083777 1 1 1
3 P_0 455 455 0.04268945 0.054271356783919596 0.068108 1 1 1
3 P_0 456 456 0 0 0 1 1 1
3 P_0 457 457 0 0 0 1 1 1
3 P_0 458 458 0 0 0 1 1 1
3 P_0 459 459 0.05424 0.06666666666666667 0.0810675 1 1 1
3 P_0 460 460 0.2873465 0.3076530612244898 0.327285 1 1 1
3 P_0 461 461 0 0 0 1 1 1
3 P_0 462 462 0 0 0 1 1 1
3 P_0 463 463 0.115265 0.13229571984435798 0.1506395 1 1 1
3 P_0 464 464 0.288577 0.30824544582933844 0.3272735 1 1 1
3 P_0 465 465 0 0 0 1 1 1
3 P_0 466 466 0.5 0.5 0.5 1 1 1
3 P_0 467 467 0 0 0 1 1 1
3 P_0 468 468 0.0439986 0.05555555555555555 0.0692855 1 1 1
3 P_0 469 469 0 0 0 1 1 1
3 P_0 470 470 0 0 0 1 1 1
3 P_0 471 471 0 0 0 1 1 1
3 P_0 472 472 0.0689155 0.08316532258064516 0.0993435 1 1 1
3 P_0 473 473 0.04507345 0.056612749762131306 0.070262 1 1 1
3 P_0 474 474 0.121439 0.13969795037756202 0.159321 1 1 1
3 P_0 475 475 0.33945 0.35851926977687626 0.3763265 1 1 1
3 P_0 476 476 0 0 0 1 1 1
3 P_0 477 477 0 0 0 1 1 1
3 P_0 478 478 0.3020685 0.3218905472636816 0.3408925 1 1 1
3 P_0 479 479 0.04031755 0.051982851018220796 0.0660805 1 1 1
3 P_0 480 480 0 0 0 1 1 1
3 P_0 481 481 0.0606955 0.07465091299677766 0.090765 1 1 1
3 P_0 482 482 0.1023415 0.11874386653581943 0.1366235 1 1 1
3 P_0 483 483 0.5 0.5 0.5 1 1 1
3 P_0 484 484 0.04880645 0.06101190476190476 0.075367 1 1 1
3 P_0 485 485 0.04110725 0.052525252525252523 0.0662295 1 1 1
3 P_0 486 486 0.2952975 0.3150684931506849 0.3341095 1 1 1
3 P_0 487 487 0.5 0.5 0.5 1 1 1
3 P_0 488 488 0 0 0 1 1 1
3 P_0 489 489 0.0554325 0.06831683168316832 0.083264 1 1 1
3 P_0 490 490 0 0 0 1 1 1
4 P_9 0 0 0.4037605 0.4197969543147208 0.433857 1 1 1
4 P_9 1 1 0 0 0 1 1 1
4 P_9 2 2 0 0 0 1 1 1
4 P_9 3 3 0 0 0 1 1 1
4 P_9 4 4 0.3998985 0.41632231404958675 0.4307765 1 1 1
4 P_9 5 5 0 0 0 1 1 1
4 P_9 6 6 0 0 0 1 1 1
4 P_9 7 7 0.0657445 0.07977642276422764 0.095792 1 1 1
4 P_9 8 8 0.065451 0.07923228346456693 0.094941 1 1 1
4 P_9 9 9 0 0 0 1 1 1
4 P_9 10 10 0.067446 0.08137254901960785 0.097195 1 1 1
4 P_9 11 11 0 0 0 1 1 1
4 P_9 12 12 0.4092905 0.4249492900608519 0.438574 1 1 1
4 P_9 13 13 0 0 0 1 1 1
4 P_9 14 14 0.4063845 0.4222560975609756 0.436121 1 1 1
4 P_9 15 15 0 0 0 1 1 1
4 P_9 16 16 0 0 0 1 1 1
4 P_9 17 17 0.06189 0.0755578093306288 0.091254 1 1 1
4 P_9 18 18 0 0 0 1 1 1
4 P_9 19 19 0 0 0 1 1 1
4 P_9 20 20 0.399834 0.41570327552986513 0.4297415 1 1 1
4 P_9 21 21 0.402805 0.41862745098039217 0.432554 1 1 1
4 P_9 22 22 0 0 0 1 1 1
4 P_9 23 23 0 0 0 1 1 1
4 P_9 24 24 0.5 0.5 0.5 1 1 1
4 P_9 25 25 0.060432 0.07433155080213903 0.0903845 1 1 1
4 P_9 26 26 0 0 0 1 1 1
4 P_9 27 27 0.074059 0.08864541832669323 0.1050745 1 1 1
4 P_9 28 28 0.398039 0.4140776699029126 0.4282895 1 1 1
4 P_9 29 29 0 0 0 1 1 1
4 P_9 30 30 0 0 0 1 1 1
4 P_9 31 31 0 0 0 1 1 1
4 P_9 32 32 0 0 0 1 1 1
4 P_9 33 33 0 0 0 1 1 1
4 P_9 34 34 0 0 0 1 1 1
4 P_9 35 35 0 0 0 1 1 1
4 P_9 36 36 0 0 0 1 1 1
4 P_9 37 37 0.391752 0.408203125 0.4228825 1 1 1
4 P_9 38 38 0.0637 0.07738095238095238 0.0930255 1 1 1
4 P_9 39 39 0 0 0 1 1 1
4 P_9 40 40 0.0667035 0.08067729083665338 0.096585 1 1 1
4 P_9 41 41 0 0 0 1 1 1
4 P_9 42 42 0 0 0 1 1 1
4 P_9 43 43 0 0 0 1 1 1
4 P_9 44 44 0 0 0 1 1 1
4 P_9 45 45 0.5 0.5 0.5 1 1 1
4 P_9 46 46 0.5 0.5 0.5 1 1 1
4 P_9 47 47 0.4015985 0.41786447638603696 0.4321545 1 1 1
4 P_9 48 48 0 0 0 1 1 1
4 P_9 49 49 0.0636165 0.07742914979757085 0.093244 1 1 1
4 P_9 50 50 0.5 0.5 0.5 1 1 1
4 P_9 51 51 0.0671485 0.08150470219435736 0.0978795 1 1 1
4 P_9 52 52 0 0 0 1 1 1
4 P_9 53 53 0 0 0 1 1 1
4 P_9 54 54 0 0 0 1 1 1
4 P_9 55 55 0 0 0 1 1 1
4 P_9 56 56 0.068851 0.08333333333333333 0.099806 1 1 1
4 P_9 57 57 0 0 0 1 1 1
4 P_9 58 58 0.065616 0.07967313585291114 0.0957245 1 1 1
4 P_9 59 59 0 0 0 1 1 1
4 P_9 60 60 0 0 0 1 1 1
4 P_9 61 61 0.062561 0.07626262626262627 0.0919765 1 1 1
4 P_9 62 62 0.413648 0.42885572139303485 0.442023 1 1 1
4 P_9 63 63 0.408485 0.4239450441609421 0.4374475 1 1 1
4 P_9 64 64 0.068719 0.08307692307692308 0.099398 1 1 1
4 P_9 65 65 0.5 0.5 0.5 1 1 1
4 P_9 66 66 0 0 0 1 1 1
4 P_9 67 67 0 0 0 1 1 1
4 P_9 68 68 0 0 0 1 1 1
4 P_9 69 69 0 0 0 1 1 1
4 P_9 70 70 0 0 0 1 1 1
4 P_9 71 71 0.399185 0.41571279916753384 0.430264 1 1 1
4 P_9 72 72 0.41699 0.43214285714285716 0.445165 1 1 1
4 P_9 73 73 0.0663165 0.08056133056133057 0.096825 1 1 1
4 P_9 74 74 0.401285 0.41724137931034483 0.4313085 1 1 1
4 P_9 75 75 0 0 0 1 1 1
4 P_9 76 76 0 0 0 1 1 1
4 P_9 77 77 0.394698 0.4113729508196721 0.426152 1 1 1
4 P_9 78 78 0 0 0 1 1 1
4 P_9 79 79 0 0 0 1 1 1
4 P_9 80 80 0.399283 0.4155712841253792 0.42994 1 1 1
4 P_9 81 81 0.3944555 0.4110772357723577 0.425822 1 1 1
4 P_9 82 82 0 0 0 1 1 1
4 P_9 83 83 0.075824 0.09076923076923077 0.107587 1 1 1
4 P_9 84 84 0.407427 0.42352320675105487 0.437521 1 1 1
4 P_9 85 85 0.0709495 0.0853413654618474 0.101629 1 1 1
4 P_9 86 86 0.0678515 0.08185404339250493 0.0977585 1 1 1
4 P_9 87 87 0 0 0 1 1 1
4 P_9 88 88 0.407032 0.42244701348747593 0.435957 1 1 1
4 P_9 89 89 0 0 0 1 1 1
4 P_9 90 90 0 0 0 1 1 1
4 P_9 91 91 0.414201 0.4295131845841785 0.442738 1 1 1
4 P_9 92 92 0 0 0 1 1 1
4 P_9 93 93 0 0 0 1 1 1
4 P_9 94 94 0.3936815 0.4102822580645161 0.42503 1 1 1
4 P_9 95 95 0 0 0 1 1 1
4 P_9 96 96 0.06258 0.07599225556631171 0.091336 1 1 1
4 P_9 97 97 0.5 0.5 0.5 1 1 1
4 P_9 98 98 0.4152565 0.43034825870646765 0.443383 1 1 1
4 P_9 99 99 0 0 0 1 1 1
4 P_9 100 100 0 0 0 1 1 1
4 P_9 101 101 0.5 0.5 0.5 1 1 1
4 P_9 102 102 0 0 0 1 1 1
4 P_9 103 103 0 0 0 1 1 1
4 P_9 104 104 0 0 0 1 1 1
4 P_9 105 105 0.5 0.5 0.5 1 1 1
4 P_9 106 106 0 0 0 1 1 1
4 P_9 107 107 0 0 0 1 1 1
4 P_9 108 108 0 0 0 1 1 1
4 P_9 109 109 0.5 0.5 0.5 1 1 1
4 P_9 110 110 0.075371 0.09000989119683482 0.1064635 1 1 1
4 P_9 111 111 0 0 0 1 1 1
4 P_9 112 112 0.075192 0.09007164790174002 0.106828 1 1 1
4 P_9 113 113 0 0 0 1 1 1
4 P_9 114 114 0 0 0 1 1 1
4 P_9 115 115 0 0 0 1 1 1
4 P_9 116 116 0 0 0 1 1 1
4 P_9 117 117 0.4067765 0.4228751311647429 0.4368945 1 1 1
4 P_9 118 118 0.412411 0.4279141104294479 0.4413315 1 1 1
4 P_9 119 119 0.3924035 0.40913705583756343 0.424018 1 1 1
4 P_9 120 120 0.5 0.5 0.5 1 1 1
4 P_9 121 121 0.399482 0.4157416750756811 0.4300835 1 1 1
4 P_9 122 122 0 0 0 1 1 1
4 P_9 123 123 0 0 0 1 1 1
4 P_9 124 124 0 0 0 1 1 1
4 P_9 125 125 0.3990875 0.4151873767258383 0.4294195 1 1 1
4 P_9 126 126 0 0 0 1 1 1
4 P_9 127 127 0 0 0 1 1 1
4 P_9 128 128 0 0 0 1 1 1
4 P_9 129 129 0 0 0 1 1 1
4 P_9 130 130 0.064808 0.07865731462925851 0.094475 1 1 1
4 P_9 131 131 0 0 0 1 1 1
4 P_9 132 132 0 0 0 1 1 1
4 P_9 133 133 0 0 0 1 1 1
4 P_9 134 134 0.066485 0.08009478672985781 0.0955515 1 1 1
4 P_9 135 135 0 0 0 1 1 1
4 P_9 136 136 0 0 0 1 1 1
4 P_9 137 137 0.5 0.5 0.5 1 1 1
4 P_9 138 138 0.402215 0.4182547642928786 0.4323595 1 1 1
4 P_9 139 139 0.5 0.5 0.5 1 1 1
4 P_9 140 140 0 0 0 1 1 1
4 P_9 141 141 0.073374 0.08811475409836066 0.104757 1 1 1
4 P_9 142 142 0.3906795 0.40752032520325204 0.4225255 1 1 1
4 P_9 143 143 0.060437 0.07396149949341439 0.089531 1 1 1
4 P_9 144 144 0 0 0 1 1 1
4 P_9 145 145 0.411593 0.4269383697813121 0.440267 1 1 1
4 P_9 146 146 0.5 0.5 0.5 1 1 1
4 P_9 147 147 0.40539 0.4213197969543147 0.4352555 1 1 1
4 P_9 148 148 0 0 0 1 1 1
4 P_9 149 149 0.065308 0.07892204042348412 0.094424 1 1 1
4 P_9 150 150 0 0 0 1 1 1
4 P_9 151 151 0 0 0 1 1 1
4 P_9 152 152 0.4126155 0.42779960707269155 0.440981 1 1 1
4 P_9 153 153 0.066245 0.0801792828685259 0.096053 1 1 1
4 P_9 154 154 0.0656485 0.07991587802313355 0.0962335 1 1 1
4 P_9 155 155 0.404076 0.4200201207243461 0.43400300000000003 1 1 1
4 P_9 156 156 0.0637875 0.07729468599033816 0.092715 1 1 1
4 P_9 157 157 0 0 0 1 1 1
4 P_9 158 158 0 0 0 1 1 1
4 P_9 159 159 0.063856 0.07732949087415947 0.092705 1 1 1
4 P_9 160 160 0 0 0 1 1 1
4 P_9 161 161 0 0 0 1 1 1
4 P_9 162 162 0 0 0 1 1 1
4 P_9 163 163 0.407078 0.422316384180791 0.435694 1 1 1
4 P_9 164 164 0 0 0 1 1 1
4 P_9 165 165 0 0 0 1 1 1
4 P_9 166 166 0.064679 0.07865168539325842 0.094631 1 1 1
4 P_9 167 167 0.062612 0.07637474541751528 0.0921645 1 1 1
4 P_9 168 168 0 0 0 1 1 1
4 P_9 169 169 0 0 0 1 1 1
4 P_9 170 170 0.5 0.5 0.5 1 1 1
4 P_9 171 171 0 0 0 1 1 1
4 P_9 172 172 0.063421 0.07719475277497477 0.0929675 1 1 1
4 P_9 173 173 0 0 0 1 1 1
4 P_9 174 174 0 0 0 1 1 1
4 P_9 175 175 0.0624965 0.07618567103935418 0.0918855 1 1 1
4 P_9 176 176 0.40244 0.41886195995785036 0.433244 1 1 1
4 P_9 177 177 0 0 0 1 1 1
4 P_9 178 178 0 0 0 1 1 1
4 P_9 179 179 0 0 0 1 1 1
4 P_9 180 180 0 0 0 1 1 1
4 P_9 181 181 0 0 0 1 1 1
4 P_9 182 182 0.0692305 0.0835881753312946 0.0998905 1 1 1
4 P_9 183 183 0.399556 0.4156746031746032 0.4299085 1 1 1
4 P_9 184 184 0.4104045 0.42648648648648646 0.440382 1 1 1
4 P_9 185 185 0.399751 0.4158415841584158 0.4300495 1 1 1
4 P_9 186 186 0 0 0 1 1 1
4 P_9 187 187 0 0 0 1 1 1
4 P_9 188 188 0 0 0 1 1 1
4 P_9 189 189 0.064416 0.0781404549950544 0.093814 1 1 1
4 P_9 190 190 0.4059345 0.42117537313432835 0.434585 1 1 1
4 P_9 191 191 0.4167995 0.431640625 0.4444475 1 1 1
4 P_9 192 192 0.404041 0.4199004975124378 0.4338215 1 1 1
4 P_9 193 193 0 0 0 1 1 1
4 P_9 194 194 0.4110455 0.42638339920948615 0.439723 1 1 1
4 P_9 195 195 0 0 0 1 1 1
4 P_9 196 196 0 0 0 1 1 1
4 P_9 197 197 0 0 0 1 1 1
4 P_9 198 198 0 0 0 1 1 1
4 P_9 199 199 0 0 0 1 1 1
4 P_9 200 200 0 0 0 1 1 1
4 P_9 201 201 0.5 0.5 0.5 1 1 1
4 P_9 202 202 0 0 0 1 1 1
4 P_9 203 203 0 0 0 1 1 1
4 P_9 204 204 0 0 0 1 1 1
4 P_9 205 205 0 0 0 1 1 1
4 P_9 206 206 0.0662225 0.08034800409416581 0.096464 1 1 1
4 P_9 207 207 0 0 0 1 1 1
4 P_9 208 208 0.064742 0.07857857857857858 0.0943825 1 1 1
4 P_9 209 209 0.063134 0.07700205338809035 0.0929065 1 1 1
4 P_9 210 210 0 0 0 1 1 1
4 P_9 211 211 0 0 0 1 1 1
4 P_9 212 212 0 0 0 1 1 1
4 P_9 213 213 0 0 0 1 1 1
4 P_9 214 214 0 0 0 1 1 1
4 P_9 215 215 0 0 0 1 1 1
4 P_9 216 216 0 0 0 1 1 1
4 P_9 217 217 0 0 0 1 1 1
4 P_9 218 218 0 0 0 1 1 1
4 P_9 219 219 0.074183 0.0883177570093458 0.1041855 1 1 1
4 P_9 220 220 0 0 0 1 1 1
4 P_9 221 221 0.0619715 0.07560483870967742 0.091254 1 1 1
4 P_9 222 222 0.0632545 0.07684729064039408 0.0923965 1 1 1
4 P_9 223 223 0.5 0.5 0.5 1 1 1
4 P_9 224 224 0 0 0 1 1 1
4 P_9 225 225 0.0646935 0.0790899241603467 0.095609 1 1 1
4 P_9 226 226 0 0 0 1 1 1
4 P_9 227 227 0.061426 0.07505070993914807 0.0907095 1 1 1
4 P_9 228 228 0 0 0 1 1 1
4 P_9 229 229 0.4086625 0.4240506329113924 0.4374955 1 1 1
4 P_9 230 230 0.069662 0.08440170940170941 0.1011695 1 1 1
4 P_9 231 231 0.4001285 0.41625124626121635 0.4304735 1 1 1
4 P_9 232 232 0 0 0 1 1 1
4 P_9 233 233 0 0 0 1 1 1
4 P_9 234 234 0.5 0.5 0.5 1 1 1
4 P_9 235 235 0 0 0 1 1 1
4 P_9 236 236 0.5 0.5 0.5 1 1 1
4 P_9 237 237 0 0 0 1 1 1
4 P_9 238 238 0.5 0.5 0.5 1 1 1
4 P_9 239 239 0 0 0 1 1 1
4 P_9 240 240 0 0 0 1 1 1
4 P_9 241 241 0.4035785 0.4192456479690522 0.4330355 1 1 1
4 P_9 242 242 0.0628065 0.07660878447395301 0.0924415 1 1 1
4 P_9 243 243 0 0 0 1 1 1
4 P_9 244 244 0.0639865 0.07829373650107992 0.0947265 1 1 1
4 P_9 245 245 0 0 0 1 1 1
4 P_9 246 246 0 0 0 1 1 1
4 P_9 247 247 0 0 0 1 1 1
4 P_9 248 248 0.0661115 0.08001988071570576 0.0958655 1 1 1
4 P_9 249 249 0 0 0 1 1 1
4 P_9 250 250 0 0 0 1 1 1
4 P_9 251 251 0.0640345 0.07763671875 0.093169 1 1 1
4 P_9 252 252 0.4039815 0.4199395770392749 0.4339355 1 1 1
4 P_9 253 253 0 0 0 1 1 1
4 P_9 254 254 0 0 0 1 1 1
4 P_9 255 255 0 0 0 1 1 1
4 P_9 256 256 0 0 0 1 1 1
4 P_9 257 257 0.4120825 0.42749244712990936 0.440853 1 1 1
4 P_9 258 258 0 0 0 1 1 1
4 P_9 259 259 0 0 0 1 1 1
4 P_9 260 260 0 0 0 1 1 1
4 P_9 261 261 0.0615155 0.07542194092827004 0.0914395 1 1 1
4 P_9 262 262 0 0 0 1 1 1
4 P_9 263 263 0.063191 0.07677165354330709 0.092307 1 1 1
4 P_9 264 264 0.0688395 0.08342133051742344 0.1000195 1 1 1
4 P_9 265 265 0.064853 0.07950727883538634 0.0963495 1 1 1
4 P_9 266 266 0 0 0 1 1 1
4 P_9 267 267 0.399842 0.41632016632016633 0.430816 1 1 1
4 P_9 268 268 0 0 0 1 1 1
4 P_9 269 269 0.0671965 0.08131313131313131 0.0973835 1 1 1
4 P_9 270 270 0.5 0.5 0.5 1 1 1
4 P_9 271 271 0.0560515 0.06923076923076923 0.0845355 1 1 1
4 P_9 272 272 0 0 0 1 1 1
4 P_9 273 273 0 0 0 1 1 1
4 P_9 274 274 0 0 0 1 1 1
4 P_9 275 275 0 0 0 1 1 1
4 P_9 276 276 0 0 0 1 1 1
4 P_9 277 277 0 0 0 1 1 1
4 P_9 278 278 0.412125 0.427624872579001 0.441049 1 1 1
4 P_9 279 279 0.406044 0.421875 0.4357195 1 1 1
4 P_9 280 280 0.5 0.5 0.5 1 1 1
4 P_9 281 281 0 0 0 1 1 1
4 P_9 282 282 0.5 0.5 0.5 1 1 1
4 P_9 283 283 0 0 0 1 1 1
4 P_9 284 284 0 0 0 1 1 1
4 P_9 285 285 0.060705 0.07379375591296121 0.088794 1 1 1
4 P_9 286 286 0 0 0 1 1 1
4 P_9 287 287 0 0 0 1 1 1
4 P_9 288 288 0.4045355 0.42059426229508196 0.4346495 1 1 1
4 P_9 289 289 0.5 0.5 0.5 1 1 1
4 P_9 290 290 0 0 0 1 1 1
4 P_9 291 291 0.06249 0.07598039215686274 0.091427 1 1 1
4 P_9 292 292 0 0 0 1 1 1
4 P_9 293 293 0 0 0 1 1 1
4 P_9 294 294 0 0 0 1 1 1
4 P_9 295 295 0 0 0 1 1 1
4 P_9 296 296 0 0 0 1 1 1
4 P_9 297 297 0.5 0.5 0.5 1 1 1
4 P_9 298 298 0.0667565 0.0806930693069307 0.096552 1 1 1
4 P_9 299 299 0 0 0 1 1 1
4 P_9 300 300 0 0 0 1 1 1
4 P_9 301 301 0.4033955 0.41908914728682173 0.432904 1 1 1
4 P_9 302 302 0.5 0.5 0.5 1 1 1
4 P_9 303 303 0 0 0 1 1 1
4 P_9 304 304 0 0 0 1 1 1
4 P_9 305 305 0.4011575 0.4176285414480588 0.432083 1 1 1
4 P_9 306 306 0 0 0 1 1 1
4 P_9 307 307 0.3917565 0.4084934277047523 0.423393 1 1 1
4 P_9 308 308 0 0 0 1 1 1
4 P_9 309 309 0.4079125 0.42383419689119173 0.437691 1 1 1
4 P_9 310 310 0.3990275 0.41517857142857145 0.4294505 1 1 1
4 P_9 311 311 0 0 0 1 1 1
4 P_9 312 312 0.0748655 0.08928571428571429 0.105485 1 1 1
4 P_9 313 313 0 0 0 1 1 1
4 P_9 314 314 0 0 0 1 1 1
4 P_9 315 315 0 0 0 1 1 1
4 P_9 316 316 0 0 0 1 1 1
4 P_9 317 317 0 0 0 1 1 1
4 P_9 318 318 0 0 0 1 1 1
4 P_9 319 319 0 0 0 1 1 1
4 P_9 320 320 0 0 0 1 1 1
4 P_9 321 321 0 0 0 1 1 1
4 P_9 322 322 0.5 0.5 0.5 1 1 1
4 P_9 323 323 0.0597935 0.07313432835820896 0.088493 1 1 1
4 P_9 324 324 0 0 0 1 1 1
4 P_9 325 325 0.067648 0.08161258603736479 0.0974755 1 1 1
4 P_9 326 326 0.400618 0.41658488714425906 0.430677 1 1 1
4 P_9 327 327 0.064813 0.07881269191402251 0.094821 1 1 1
4 P_9 328 328 0 0 0 1 1 1
4 P_9 329 329 0 0 0 1 1 1
4 P_9 330 330 0 0 0 1 1 1
4 P_9 331 331 0 0 0 1 1 1
4 P_9 332 332 0 0 0 1 1 1
4 P_9 333 333 0.404588 0.42054655870445345 0.434526 1 1 1
4 P_9 334 334 0 0 0 1 1 1
4 P_9 335 335 0 0 0 1 1 1
4 P_9 336 336 0.0752955 0.08992094861660078 0.1063605 1 1 1
4 P_9 337 337 0 0 0 1 1 1
4 P_9 338 338 0 0 0 1 1 1
4 P_9 339 339 0 0 0 1 1 1
4 P_9 340 340 0 0 0 1 1 1
4 P_9 341 341 0.408312 0.4237536656891496 0.4372475 1 1 1
4 P_9 342 342 0.5 0.5 0.5 1 1 1
4 P_9 343 343 0.067856 0.08172147001934237 0.0974535 1 1 1
4 P_9 344 344 0.071278 0.0855457227138643 0.101668 1 1 1
4 P_9 345 345 0.0659525 0.07968901846452867 0.0953235 1 1 1
4 P_9 346 346 0 0 0 1 1 1
4 P_9 347 347 0.064479 0.07872340425531915 0.0950565 1 1 1
4 P_9 348 348 0 0 0 1 1 1
4 P_9 349 349 0.0625525 0.0760549558390579 0.091515 1 1 1
4 P_9 350 350 0 0 0 1 1 1
4 P_9 351 351 0.068904000000000007 0.08324821246169561 0.0995455 1 1 1
4 P_9 352 352 0.0657885 0.07926829268292683 0.094585 1 1 1
4 P_9 353 353 0.0592905 0.07247796278158668 0.087659 1 1 1
4 P_9 354 354 0 0 0 1 1 1
4 P_9 355 355 0 0 0 1 1 1
4 P_9 356 356 0.072769 0.08759124087591241 0.104355 1 1 1
4 P_9 357 357 0.5 0.5 0.5 1 1 1
4 P_9 358 358 0 0 0 1 1 1
4 P_9 359 359 0.0615715 0.07502467917077986 0.0904585 1 1 1
4 P_9 360 360 0.065903 0.08043478260869565 0.097079 1 1 1
4 P_9 361 361 0 0 0 1 1 1
4 P_9 362 362 0 0 0 1 1 1
4 P_9 363 363 0 0 0 1 1 1
4 P_9 364 364 0 0 0 1 1 1
4 P_9 365 365 0.406212 0.4215779467680608 0.4350735 1 1 1
4 P_9 366 366 0.4036065 0.41935483870967744 0.433205 1 1 1
4 P_9 367 367 0.0634765 0.07692307692307693 0.092278 1 1 1
4 P_9 368 368 0.5 0.5 0.5 1 1 1
4 P_9 369 369 0.5 0.5 0.5 1 1 1
4 P_9 370 370 0 0 0 1 1 1
4 P_9 371 371 0 0 0 1 1 1
4 P_9 372 372 0.073466 0.08772770853307767 0.103774 1 1 1
4 P_9 373 373 0 0 0 1 1 1
4 P_9 374 374 0.5 0.5 0.5 1 1 1
4 P_9 375 375 0.073039 0.08722592945662536 0.1031925 1 1 1
4 P_9 376 376 0 0 0 1 1 1
4 P_9 377 377 0.061406 0.07492507492507493 0.0904495 1 1 1
4 P_9 378 378 0 0 0 1 1 1
4 P_9 379 379 0.4072495 0.4224624060150376 0.4358165 1 1 1
4 P_9 380 380 0 0 0 1 1 1
4 P_9 381 381 0.0701925 0.08430799220272904 0.1002755 1 1 1
4 P_9 382 382 0 0 0 1 1 1
4 P_9 383 383 0.059553 0.07284440039643211 0.088149 1 1 1
4 P_9 384 384 0.0696135 0.08349146110056926 0.099181 1 1 1
4 P_9 385 385 0 0 0 1 1 1
4 P_9 386 386 0.5 0.5 0.5 1 1 1
4 P_9 387 387 0.4025465 0.4182785299806576 0.432144 1 1 1
4 P_9 388 388 0.5 0.5 0.5 1 1 1
4 P_9 389 389 0 0 0 1 1 1
4 P_9 390 390 0 0 0 1 1 1
4 P_9 391 391 0 0 0 1 1 1
4 P_9 392 392 0.4136785 0.4289289289289289 0.442126 1 1 1
4 P_9 393 393 0.4029775 0.41890547263681593 0.4329065 1 1 1
4 P_9 394 394 0 0 0 1 1 1
4 P_9 395 395 0.065215 0.07924335378323108 0.0952735 1 1 1
4 P_9 396 396 0.0641525 0.07792207792207792 0.093663 1 1 1
4 P_9 397 397 0.409616 0.4249031007751938 0.438247 1 1 1
4 P_9 398 398 0 0 0 1 1 1
4 P_9 399 399 0.5 0.5 0.5 1 1 1
4 P_9 400 400 0 0 0 1 1 1
4 P_9 401 401 0 0 0 1 1 1
4 P_9 402 402 0 0 0 1 1 1
4 P_9 403 403 0 0 0 1 1 1
4 P_9 404 404 0 0 0 1 1 1
4 P_9 405 405 0.4121075 0.42737154150197626 0.440626 1 1 1
4 P_9 406 406 0 0 0 1 1 1
4 P_9 407 407 0 0 0 1 1 1
4 P_9 408 408 0.401338 0.4174174174174174 0.431575 1 1 1
4 P_9 409 409 0 0 0 1 1 1
4 P_9 410 410 0.058281 0.0717234262125903 0.087275 1 1 1
4 P_9 411 411 0 0 0 1 1 1
4 P_9 412 412 0.5 0.5 0.5 1 1 1
4 P_9 413 413 0.0655885 0.07944389275074479 0.0952415 1 1 1
4 P_9 414 414 0 0 0 1 1 1
4 P_9 415 415 0 0 0 1 1 1
4 P_9 416 416 0 0 0 1 1 1
4 P_9 417 417 0 0 0 1 1 1
4 P_9 418 418 0 0 0 1 1 1
4 P_9 419 419 0 0 0 1 1 1
4 P_9 420 420 0 0 0 1 1 1
4 P_9 421 421 0 0 0 1 1 1
4 P_9 422 422 0 0 0 1 1 1
4 P_9 423 423 0 0 0 1 1 1
4 P_9 424 424 0.4028595 0.41830065359477125 0.4319395 1 1 1
4 P_9 425 425 0 0 0 1 1 1
4 P_9 426 426 0.4071865 0.42266536964980544 0.436218 1 1 1
4 P_9 427 427 0.5 0.5 0.5 1 1 1
4 P_9 428 428 0 0 0 1 1 1
4 P_9 429 429 0.5 0.5 0.5 1 1 1
4 P_9 430 430 0.0660745 0.08012170385395538 0.096144 1 1 1
4 P_9 431 431 0 0 0 1 1 1
4 P_9 432 432 0 0 0 1 1 1
4 P_9 433 433 0.0762885 0.09099901088031652 0.1075125 1 1 1
4 P_9 434 434 0 0 0 1 1 1
4 P_9 435 435 0 0 0 1 1 1
4 P_9 436 436 0.064489 0.0779467680608365 0.09328 1 1 1
4 P_9 437 437 0 0 0 1 1 1
4 P_9 438 438 0 0 0 1 1 1
4 P_9 439 439 0 0 0 1 1 1
4 P_9 440 440 0.4079215 0.4230769230769231 0.43637 1 1 1
4 P_9 441 441 0 0 0 1 1 1
4 P_9 442 442 0 0 0 1 1 1
4 P_9 443 443 0.0761355 0.09052132701421801 0.106641 1 1 1
4 P_9 444 444 0.0736995 0.08817733990147783 0.10448350000000001 1 1 1
4 P_9 445 445 0.3931545 0.40926275992438566 0.4236445 1 1 1
4 P_9 446 446 0.411175 0.42663316582914573 0.440056 1 1 1
4 P_9 447 447 0 0 0 1 1 1
4 P_9 448 448 0 0 0 1 1 1
4 P_9 449 449 0 0 0 1 1 1
4 P_9 450 450 0.5 0.5 0.5 1 1 1
4 P_9 451 451 0.399282 0.4153543307086614 0.4295605 1 1 1
4 P_9 452 452 0 0 0 1 1 1
4 P_9 453 453 0 0 0 1 1 1
4 P_9 454 454 0.0683995 0.08250497017892644 0.09852 1 1 1
4 P_9 455 455 0.0668535 0.08090452261306533 0.096904 1 1 1
4 P_9 456 456 0 0 0 1 1 1
4 P_9 457 457 0 0 0 1 1 1
4 P_9 458 458 0.408127 0.4236868186323092 0.4372725 1 1 1
4 P_9 459 459 0.064611 0.07847082494969819 0.094309 1 1 1
4 P_9 460 460 0 0 0 1 1 1
4 P_9 461 461 0 0 0 1 1 1
4 P_9 462 462 0.4005225 0.4165029469548134 0.430608 1 1 1
4 P_9 463 463 0.068937 0.08369330453563716 0.1005085 1 1 1
4 P_9 464 464 0 0 0 1 1 1
4 P_9 465 465 0 0 0 1 1 1
4 P_9 466 466 0.5 0.5 0.5 1 1 1
4 P_9 467 467 0 0 0 1 1 1
4 P_9 468 468 0 0 0 1 1 1
4 P_9 469 469 0.3957285 0.41243523316062175 0.427212 1 1 1
4 P_9 470 470 0 0 0 1 1 1
4 P_9 471 471 0 0 0 1 1 1
4 P_9 472 472 0 0 0 1 1 1
4 P_9 473 473 0 0 0 1 1 1
4 P_9 474 474 0.067026 0.08101391650099403 0.096928 1 1 1
4 P_9 475 475 0.3935875 0.41024340770791073 0.425036 1 1 1
4 P_9 476 476 0.404708 0.4206030150753769 0.434532 1 1 1
4 P_9 477 477 0 0 0 1 1 1
4 P_9 478 478 0 0 0 1 1 1
4 P_9 479 479 0.055159 0.06842105263157895 0.083874 1 1 1
4 P_9 480 480 0 0 0 1 1 1
4 P_9 481 481 0 0 0 1 1 1
4 P_9 482 482 0.06588 0.079938900203666 0.095983 1 1 1
4 P_9 483 483 0.5 0.5 0.5 1 1 1
4 P_9 484 484 0.0716945 0.0856873822975518 0.1014545 1 1 1
4 P_9 485 485 0.0805035 0.09566968781470292 0.112618 1 1 1
4 P_9 486 486 0 0 0 1 1 1
4 P_9 487 487 0.5 0.5 0.5 1 1 1
4 P_9 488 488 0.3994655 0.41581632653061223 0.4302275 1 1 1
4 P_9 489 489 0.0695155 0.08402489626556017 0.100508 1 1 1
4 P_9 490 490 0 0 0 1 1 1
