2 #m
60 #n
0 P_3 0 0 0.216316 0.2227 0.229115 1 1 1
0 P_3 1 1 0 0 0 1 1 1
0 P_3 2 2 0 0 0 1 1 1
0 P_3 3 3 0.270935 0.27735 0.2837335 1 1 1
0 P_3 4 4 0 0 0 1 1 1
0 P_3 5 5 0.216316 0.2227 0.229115 1 1 1
0 P_3 6 6 0 0 0 1 1 1
0 P_3 7 7 0 0 0 1 1 1
0 P_3 8 8 0.270935 0.27735 0.2837335 1 1 1
0 P_3 9 9 0.270935 0.27735 0.2837335 1 1 1
0 P_3 10 10 0 0 0 1 1 1
0 P_3 11 11 0 0 0 1 1 1
0 P_3 12 12 0 0 0 1 1 1
0 P_3 13 13 0.5 0.5 0.5 1 1 1
0 P_3 14 14 0 0 0 1 1 1
0 P_3 15 15 0.270935 0.27735 0.2837335 1 1 1
0 P_3 16 16 0.5 0.5 0.5 1 1 1
0 P_3 17 17 0 0 0 1 1 1
0 P_3 18 18 0 0 0 1 1 1
0 P_3 19 19 0 0 0 1 1 1
0 P_3 20 20 0 0 0 1 1 1
0 P_3 21 21 0 0 0 1 1 1
0 P_3 22 22 0.5 0.5 0.5 1 1 1
0 P_3 23 23 0 0 0 1 1 1
0 P_3 24 24 0.216316 0.2227 0.229115 1 1 1
0 P_3 25 25 0 0 0 1 1 1
0 P_3 26 26 0.5 0.5 0.5 1 1 1
0 P_3 27 27 0 0 0 1 1 1
0 P_3 28 28 0.270935 0.27735 0.2837335 1 1 1
0 P_3 29 29 0 0 0 1 1 1
0 P_3 30 30 0.270935 0.27735 0.2837335 1 1 1
0 P_3 31 31 0.216316 0.2227 0.229115 1 1 1
0 P_3 32 32 0 0 0 1 1 1
0 P_3 33 33 0 0 0 1 1 1
0 P_3 34 34 0 0 0 1 1 1
0 P_3 35 35 0.216316 0.2227 0.229115 1 1 1
0 P_3 36 36 0 0 0 1 1 1
0 P_3 37 37 0 0 0 1 1 1
0 P_3 38 38 0 0 0 1 1 1
0 P_3 39 39 0 0 0 1 1 1
0 P_3 40 40 0 0 0 1 1 1
0 P_3 41 41 0 0 0 1 1 1
0 P_3 42 42 0.270935 0.27735 0.2837335 1 1 1
0 P_3 43 43 0 0 0 1 1 1
0 P_3 44 44 0.216316 0.2227 0.229115 1 1 1
0 P_3 45 45 0 0 0 1 1 1
0 P_3 46 46 0.216316 0.2227 0.229115 1 1 1
0 P_3 47 47 0 0 0 1 1 1
0 P_3 48 48 0.270935 0.27735 0.2837335 1 1 1
0 P_3 49 49 0 0 0 1 1 1
0 P_3 50 50 0 0 0 1 1 1
0 P_3 51 51 0.216316 0.2227 0.229115 1 1 1
0 P_3 52 52 0 0 0 1 1 1
0 P_3 53 53 0 0 0 1 1 1
0 P_3 54 54 0 0 0 1 1 1
0 P_3 55 55 0.270935 0.27735 0.2837335 1 1 1
0 P_3 56 56 0 0 0 1 1 1
0 P_3 57 57 0 0 0 1 1 1
0 P_3 58 58 0 0 0 1 1 1
0 P_3 59 59 0 0 0 1 1 1
1 P_9 0 0 0 0 0 1 1 1
1 P_9 1 1 0.061795 0.06605 0.0705165 1 1 1
1 P_9 2 2 0 0 0 1 1 1
1 P_9 3 3 0 0 0 1 1 1
1 P_9 4 4 0 0 0 1 1 1
1 P_9 5 5 0 0 0 1 1 1
1 P_9 6 6 0 0 0 1 1 1
1 P_9 7 7 0 0 0 1 1 1
1 P_9 8 8 0 0 0 1 1 1
1 P_9 9 9 0 0 0 1 1 1
1 P_9 10 10 0.4295345 0.434 0.4382535 1 1 1
1 P_9 11 11 0.4295345 0.434 0.4382535 1 1 1
1 P_9 12 12 0 0 0 1 1 1
1 P_9 13 13 0.5 0.5 0.5 1 1 1
1 P_9 14 14 0 0 0 1 1 1
1 P_9 15 15 0 0 0 1 1 1
1 P_9 16 16 0.5 0.5 0.5 1 1 1
1 P_9 17 17 0.061795 0.06605 0.0705165 1 1 1
1 P_9 18 18 0 0 0 1 1 1
1 P_9 19 19 0.061795 0.06605 0.0705165 1 1 1
1 P_9 20 20 0 0 0 1 1 1
1 P_9 21 21 0 0 0 1 1 1
1 P_9 22 22 0.5 0.5 0.5 1 1 1
1 P_9 23 23 0 0 0 1 1 1
1 P_9 24 24 0.4295345 0.434 0.4382535 1 1 1
1 P_9 25 25 0 0 0 1 1 1
1 P_9 26 26 0.5 0.5 0.5 1 1 1
1 P_9 27 27 0 0 0 1 1 1
1 P_9 28 28 0 0 0 1 1 1
1 P_9 29 29 0 0 0 1 1 1
1 P_9 30 30 0 0 0 1 1 1
1 P_9 31 31 0.5 0.5 0.5 1 1 1
1 P_9 32 32 0.061795 0.06605 0.0705165 1 1 1
1 P_9 33 33 0 0 0 1 1 1
1 P_9 34 34 0 0 0 1 1 1
1 P_9 35 35 0 0 0 1 1 1
1 P_9 36 36 0.4295345 0.434 0.4382535 1 1 1
1 P_9 37 37 0 0 0 1 1 1
1 P_9 38 38 0 0 0 1 1 1
1 P_9 39 39 0.061795 0.06605 0.0705165 1 1 1
1 P_9 40 40 0 0 0 1 1 1
1 P_9 41 41 0 0 0 1 1 1
1 P_9 42 42 0 0 0 1 1 1
1 P_9 43 43 0 0 0 1 1 1
1 P_9 44 44 0.4295345 0.434 0.4382535 1 1 1
1 P_9 45 45 0 0 0 1 1 1
1 P_9 46 46 0 0 0 1 1 1
1 P_9 47 47 0 0 0 1 1 1
1 P_9 48 48 0 0 0 1 1 1
1 P_9 49 49 0.061795 0.06605 0.0705165 1 1 1
1 P_9 50 50 0.4295345 0.434 0.4382535 1 1 1
1 P_9 51 51 0.5 0.5 0.5 1 1 1
1 P_9 52 52 0 0 0 1 1 1
1 P_9 53 53 0 0 0 1 1 1
1 P_9 54 54 0 0 0 1 1 1
1 P_9 55 55 0 0 0 1 1 1
1 P_9 56 56 0 0 0 1 1 1
1 P_9 57 57 0 0 0 1 1 1
1 P_9 58 58 0.061795 0.06605 0.0705165 1 1 1
1 P_9 59 59 0 0 0 1 1 1
