10 #m
10 #n
0 P_7 0 0 0.5 0.5 0.5 1 1 1
0 P_7 1 1 0.0453386 0.0851063829787234 0.1442215 1 1 1
0 P_7 2 2 0.0439647 0.07964601769911504 0.13207 1 1 1
0 P_7 3 3 0 0 0 1 1 1
0 P_7 4 4 0.069475 0.11206896551724138 0.1678935 1 1 1
0 P_7 5 5 0 0 0 1 1 1
0 P_7 6 6 0.0225804 0.05357142857142857 0.110161 1 1 1
0 P_7 7 7 0.046181 0.085 0.1420635 1 1 1
0 P_7 8 8 0.107287 0.16161616161616163 0.2258295 1 1 1
0 P_7 9 9 0.028442 0.06179775280898876 0.118386 1 1 1
1 P_5 0 0 0.5 0.5 0.5 1 1 1
1 P_5 1 1 0.096341 0.15432098765432098 0.2252655 1 1 1
1 P_5 2 2 0.0998045 0.15306122448979592 0.217264 1 1 1
1 P_5 3 3 0 0 0 1 1 1
1 P_5 4 4 0.0700605 0.11931818181818182 0.184926 1 1 1
1 P_5 5 5 0 0 0 1 1 1
1 P_5 6 6 0.093506 0.14102564102564102 0.1989165 1 1 1
1 P_5 7 7 0.110026 0.16346153846153846 0.226127 1 1 1
1 P_5 8 8 0.0594385 0.10194174757281553 0.160367 1 1 1
1 P_5 9 9 0.0802865 0.13414634146341464 0.203517 1 1 1
2 P_9 0 0 0.5 0.5 0.5 1 1 1
2 P_9 1 1 0.056276 0.09803921568627451 0.1562965 1 1 1
2 P_9 2 2 0 0 0 1 1 1
2 P_9 3 3 0 0 0 1 1 1
2 P_9 4 4 0.055367 0.0979381443298969 0.1578305 1 1 1
2 P_9 5 5 0.0964205 0.15168539325842698 0.219126 1 1 1
2 P_9 6 6 0.0755945 0.12149532710280374 0.1807235 1 1 1
2 P_9 7 7 0.0660265 0.10775862068965517 0.1631335 1 1 1
2 P_9 8 8 0.0785675 0.1228813559322034 0.179191 1 1 1
2 P_9 9 9 0.0276685 0.0625 0.1229505 1 1 1
3 P_2 0 0 0.5 0.5 0.5 1 1 1
3 P_2 1 1 0 0 0 1 1 1
3 P_2 2 2 0 0 0 1 1 1
3 P_2 3 3 0 0 0 1 1 1
3 P_2 4 4 0 0 0 1 1 1
3 P_2 5 5 0 0 0 1 1 1
3 P_2 6 6 0 0 0 1 1 1
3 P_2 7 7 0 0 0 1 1 1
3 P_2 8 8 0 0 0 1 1 1
3 P_2 9 9 0 0 0 1 1 1
4 P_1 0 0 0.5 0.5 0.5 1 1 1
4 P_1 1 1 0.1673815 0.23118279569892472 0.2972195 1 1 1
4 P_1 2 2 0.1674295 0.23717948717948717 0.3087315 1 1 1
4 P_1 3 3 0 0 0 1 1 1
4 P_1 4 4 0.188035 0.24774774774774774 0.307686 1 1 1
4 P_1 5 5 0 0 0 1 1 1
4 P_1 6 6 0.18113 0.24271844660194175 0.3050915 1 1 1
4 P_1 7 7 0.1861955 0.24553571428571427 0.3053195 1 1 1
4 P_1 8 8 0.218503 0.2773109243697479 0.3335605 1 1 1
4 P_1 9 9 0.1804195 0.24257425742574257 0.305544 1 1 1
5 P_3 0 0 0.5 0.5 0.5 1 1 1
5 P_3 1 1 0.389685 0.4398148148148148 0.4704805 1 1 1
5 P_3 2 2 0.340392 0.39565217391304347 0.4368265 1 1 1
5 P_3 3 3 0.0875515 0.13333333333333333 0.189949 1 1 1
5 P_3 4 4 0.280874 0.34831460674157305 0.4035795 1 1 1
5 P_3 5 5 0 0 0 1 1 1
5 P_3 6 6 0.319782 0.3798076923076923 0.425997 1 1 1
5 P_3 7 7 0.283114 0.3418803418803419 0.3919005 1 1 1
5 P_3 8 8 0.2833135 0.3465346534653465 0.399167 1 1 1
5 P_3 9 9 0.3098395 0.37244897959183676 0.421237 1 1 1
6 P_6 0 0 0.5 0.5 0.5 1 1 1
6 P_6 1 1 0.0612965 0.105 0.1647475 1 1 1
6 P_6 2 2 0.099784 0.1509433962264151 0.2124745 1 1 1
6 P_6 3 3 0 0 0 1 1 1
6 P_6 4 4 0.04434635 0.08173076923076923 0.1370305 1 1 1
6 P_6 5 5 0.061504 0.1016949152542373 0.1558745 1 1 1
6 P_6 6 6 0.105525 0.15625 0.2162835 1 1 1
6 P_6 7 7 0.1036665 0.15454545454545454 0.215068 1 1 1
6 P_6 8 8 0.0713635 0.11855670103092783 0.180731 1 1 1
6 P_6 9 9 0.0666245 0.10869565217391304 0.1644335 1 1 1
7 P_0 0 0 0.5 0.5 0.5 1 1 1
7 P_0 1 1 0 0 0 1 1 1
7 P_0 2 2 0 0 0 1 1 1
7 P_0 3 3 0 0 0 1 1 1
7 P_0 4 4 0 0 0 1 1 1
7 P_0 5 5 0 0 0 1 1 1
7 P_0 6 6 0 0 0 1 1 1
7 P_0 7 7 0 0 0 1 1 1
7 P_0 8 8 0.1818195 0.24285714285714285 0.30465 1 1 1
7 P_0 9 9 0 0 0 1 1 1
8 P_8 0 0 0.5 0.5 0.5 1 1 1
8 P_8 1 1 0.091531 0.14705882352941177 0.2159075 1 1 1
8 P_8 2 2 0.1229565 0.17757009345794392 0.239701 1 1 1
8 P_8 3 3 0 0 0 1 1 1
8 P_8 4 4 0.089358 0.14 0.202822 1 1 1
8 P_8 5 5 0.184119 0.25301204819277107 0.3215065 1 1 1
8 P_8 6 6 0.126109 0.1836734693877551 0.248729 1 1 1
8 P_8 7 7 0.0754705 0.12371134020618557 0.186347 1 1 1
8 P_8 8 8 0.123763 0.17699115044247787 0.2374075 1 1 1
8 P_8 9 9 0.07234 0.1188118811881188 0.1796665 1 1 1
9 P_4 0 0 0.5 0.5 0.5 1 1 1
9 P_4 1 1 0.3832415 0.4375 0.470227 1 1 1
9 P_4 2 2 0.1673575 0.23493975903614459 0.3045165 1 1 1
9 P_4 3 3 0 0 0 1 1 1
9 P_4 4 4 0.3440015 0.3991228070175439 0.4397015 1 1 1
9 P_4 5 5 0 0 0 1 1 1
9 P_4 6 6 0.3563595 0.4166666666666667 0.4565895 1 1 1
9 P_4 7 7 0.3836645 0.4362745098039216 0.4686995 1 1 1
9 P_4 8 8 0.3788765 0.4320388349514563 0.4656535 1 1 1
9 P_4 9 9 0.363926 0.4166666666666667 0.4531635 1 1 1
