5 #m
106 #n
0 P_2 0 0 0.5 0.5 0.5 1 1 1
0 P_2 1 1 0.5 0.5 0.5 1 1 1
0 P_2 2 2 0.5 0.5 0.5 1 1 1
0 P_2 3 3 0 0 0 1 1 1
0 P_2 4 4 0.5 0.5 0.5 1 1 1
0 P_2 5 5 0.5 0.5 0.5 1 1 1
0 P_2 6 6 0.5 0.5 0.5 1 1 1
0 P_2 7 7 0.5 0.5 0.5 1 1 1
0 P_2 8 8 0.5 0.5 0.5 1 1 1
0 P_2 9 9 0.5 0.5 0.5 1 1 1
0 P_2 10 10 0.5 0.5 0.5 1 1 1
0 P_2 11 11 0.5 0.5 0.5 1 1 1
0 P_2 12 12 0 0 0 1 1 1
0 P_2 13 13 0.5 0.5 0.5 1 1 1
0 P_2 14 14 0.5 0.5 0.5 1 1 1
0 P_2 15 15 0.0937425 0.14049586776859505 0.1973375 1 1 1
0 P_2 16 16 0.5 0.5 0.5 1 1 1
0 P_2 17 17 0.5 0.5 0.5 1 1 1
0 P_2 18 18 0 0 0 1 1 1
0 P_2 19 19 0.3219305 0.38235294117647056 0.4284025 1 1 1
0 P_2 20 20 0.5 0.5 0.5 1 1 1
0 P_2 21 21 0.5 0.5 0.5 1 1 1
0 P_2 22 22 0.5 0.5 0.5 1 1 1
0 P_2 23 23 0.5 0.5 0.5 1 1 1
0 P_2 24 24 0.5 0.5 0.5 1 1 1
0 P_2 25 25 0.5 0.5 0.5 1 1 1
0 P_2 26 26 0 0 0 1 1 1
0 P_2 27 27 0.5 0.5 0.5 1 1 1
0 P_2 28 28 0.5 0.5 0.5 1 1 1
0 P_2 29 29 0.5 0.5 0.5 1 1 1
0 P_2 30 30 0.069809 0.1115702479338843 0.166079 1 1 1
0 P_2 31 31 0.5 0.5 0.5 1 1 1
0 P_2 32 32 0.04887335 0.08823529411764706 0.1451495 1 1 1
0 P_2 33 33 0.5 0.5 0.5 1 1 1
0 P_2 34 34 0.348015 0.4072164948453608 0.448513 1 1 1
0 P_2 35 35 0.5 0.5 0.5 1 1 1
0 P_2 36 36 0 0 0 1 1 1
0 P_2 37 37 0.5 0.5 0.5 1 1 1
0 P_2 38 38 0.5 0.5 0.5 1 1 1
0 P_2 39 39 0 0 0 1 1 1
0 P_2 40 40 0.5 0.5 0.5 1 1 1
0 P_2 41 41 0.5 0.5 0.5 1 1 1
0 P_2 42 42 0.0764405 0.12962962962962962 0.199122 1 1 1
0 P_2 43 43 0.5 0.5 0.5 1 1 1
0 P_2 44 44 0.5 0.5 0.5 1 1 1
0 P_2 45 45 0.0511695 0.08823529411764706 0.14043 1 1 1
0 P_2 46 46 0.5 0.5 0.5 1 1 1
0 P_2 47 47 0.5 0.5 0.5 1 1 1
0 P_2 48 48 0 0 0 1 1 1
0 P_2 49 49 0.5 0.5 0.5 1 1 1
0 P_2 50 50 0.5 0.5 0.5 1 1 1
0 P_2 51 51 0.5 0.5 0.5 1 1 1
0 P_2 52 52 0.5 0.5 0.5 1 1 1
0 P_2 53 53 0 0 0 1 1 1
0 P_2 54 54 0.5 0.5 0.5 1 1 1
0 P_2 55 55 0.5 0.5 0.5 1 1 1
0 P_2 56 56 0.5 0.5 0.5 1 1 1
0 P_2 57 57 0.5 0.5 0.5 1 1 1
0 P_2 58 58 0 0 0 1 1 1
0 P_2 59 59 0.5 0.5 0.5 1 1 1
0 P_2 60 60 0.334679 0.3925233644859813 0.4355905 1 1 1
0 P_2 61 61 0.5 0.5 0.5 1 1 1
0 P_2 62 62 0.5 0.5 0.5 1 1 1
0 P_2 63 63 0.5 0.5 0.5 1 1 1
0 P_2 64 64 0.5 0.5 0.5 1 1 1
0 P_2 65 65 0.5 0.5 0.5 1 1 1
0 P_2 66 66 0 0 0 1 1 1
0 P_2 67 67 0.5 0.5 0.5 1 1 1
0 P_2 68 68 0 0 0 1 1 1
0 P_2 69 69 0.5 0.5 0.5 1 1 1
0 P_2 70 70 0.5 0.5 0.5 1 1 1
0 P_2 71 71 0.5 0.5 0.5 1 1 1
0 P_2 72 72 0.055655 0.1 0.1627035 1 1 1
0 P_2 73 73 0.5 0.5 0.5 1 1 1
0 P_2 74 74 0.5 0.5 0.5 1 1 1
0 P_2 75 75 0.5 0.5 0.5 1 1 1
0 P_2 76 76 0.5 0.5 0.5 1 1 1
0 P_2 77 77 0.5 0.5 0.5 1 1 1
0 P_2 78 78 0 0 0 1 1 1
0 P_2 79 79 0.5 0.5 0.5 1 1 1
0 P_2 80 80 0.5 0.5 0.5 1 1 1
0 P_2 81 81 0.5 0.5 0.5 1 1 1
0 P_2 82 82 0.5 0.5 0.5 1 1 1
0 P_2 83 83 0.5 0.5 0.5 1 1 1
0 P_2 84 84 0.5 0.5 0.5 1 1 1
0 P_2 85 85 0.5 0.5 0.5 1 1 1
0 P_2 86 86 0.5 0.5 0.5 1 1 1
0 P_2 87 87 0.5 0.5 0.5 1 1 1
0 P_2 88 88 0 0 0 1 1 1
0 P_2 89 89 0 0 0 1 1 1
0 P_2 90 90 0.5 0.5 0.5 1 1 1
0 P_2 91 91 0.5 0.5 0.5 1 1 1
0 P_2 92 92 0 0 0 1 1 1
0 P_2 93 93 0.5 0.5 0.5 1 1 1
0 P_2 94 94 0.5 0.5 0.5 1 1 1
0 P_2 95 95 0.5 0.5 0.5 1 1 1
0 P_2 96 96 0.5 0.5 0.5 1 1 1
0 P_2 97 97 0.5 0.5 0.5 1 1 1
0 P_2 98 98 0.5 0.5 0.5 1 1 1
0 P_2 99 99 0.5 0.5 0.5 1 1 1
0 P_2 100 100 0.5 0.5 0.5 1 1 1
0 P_2 101 101 0.5 0.5 0.5 1 1 1
0 P_2 102 102 0 0 0 1 1 1
0 P_2 103 103 0.5 0.5 0.5 1 1 1
0 P_2 104 104 0 0 0 1 1 1
0 P_2 105 105 0.5 0.5 0.5 1 1 1
1 P_6 0 0 0.2514385 0.3142857142857143 0.3703385 1 1 1
1 P_6 1 1 0.272402 0.3387096774193548 0.394483 1 1 1
1 P_6 2 2 0.257203 0.3273809523809524 0.387429 1 1 1
1 P_6 3 3 0 0 0 1 1 1
1 P_6 4 4 0.250027 0.3093220338983051 0.3630155 1 1 1
1 P_6 5 5 0.2842515 0.34347826086956523 0.3936575 1 1 1
1 P_6 6 6 0.2470045 0.3160919540229885 0.376812 1 1 1
1 P_6 7 7 0.213503 0.27722772277227725 0.3379645 1 1 1
1 P_6 8 8 0.292488 0.35377358490566035 0.4041945 1 1 1
1 P_6 9 9 0.265773 0.33157894736842103 0.387893 1 1 1
1 P_6 10 10 0.3006995 0.36666666666666664 0.418343 1 1 1
1 P_6 11 11 0.5 0.5 0.5 1 1 1
1 P_6 12 12 0.099904 0.14754098360655737 0.204543 1 1 1
1 P_6 13 13 0.2431685 0.3111111111111111 0.3715635 1 1 1
1 P_6 14 14 0.238684 0.30412371134020616 0.3633895 1 1 1
1 P_6 15 15 0.03313415 0.0641025641025641 0.1127235 1 1 1
1 P_6 16 16 0.2410145 0.30612244897959184 0.364891 1 1 1
1 P_6 17 17 0.231463 0.2920353982300885 0.348468 1 1 1
1 P_6 18 18 0 0 0 1 1 1
1 P_6 19 19 0.155823 0.21568627450980393 0.2792795 1 1 1
1 P_6 20 20 0.273674 0.34065934065934067 0.3966525 1 1 1
1 P_6 21 21 0.2719205 0.33495145631067963 0.388837 1 1 1
1 P_6 22 22 0.5 0.5 0.5 1 1 1
1 P_6 23 23 0.26164 0.32653061224489793 0.3827775 1 1 1
1 P_6 24 24 0.283163 0.3440366972477064 0.3953255 1 1 1
1 P_6 25 25 0.270787 0.33181818181818185 0.384582 1 1 1
1 P_6 26 26 0 0 0 1 1 1
1 P_6 27 27 0.311007 0.37142857142857144 0.4190235 1 1 1
1 P_6 28 28 0.3093655 0.3701923076923077 0.418205 1 1 1
1 P_6 29 29 0.261471 0.32272727272727275 0.3766345 1 1 1
1 P_6 30 30 0.0684085 0.11386138613861387 0.174238 1 1 1
1 P_6 31 31 0.5 0.5 0.5 1 1 1
1 P_6 32 32 0.04550215 0.0872093023255814 0.149714 1 1 1
1 P_6 33 33 0.5 0.5 0.5 1 1 1
1 P_6 34 34 0.152052 0.2066115702479339 0.26517 1 1 1
1 P_6 35 35 0.2699345 0.3333333333333333 0.3876765 1 1 1
1 P_6 36 36 0 0 0 1 1 1
1 P_6 37 37 0.233715 0.3048780487804878 0.368689 1 1 1
1 P_6 38 38 0.2825905 0.3443396226415094 0.396211 1 1 1
1 P_6 39 39 0 0 0 1 1 1
1 P_6 40 40 0.2766495 0.34210526315789475 0.396845 1 1 1
1 P_6 41 41 0.258296 0.32075471698113206 0.3758035 1 1 1
1 P_6 42 42 0 0 0 1 1 1
1 P_6 43 43 0.194376 0.2611111111111111 0.326484 1 1 1
1 P_6 44 44 0.267119 0.3274336283185841 0.3801245 1 1 1
1 P_6 45 45 0.04391515 0.08426966292134831 0.145113 1 1 1
1 P_6 46 46 0.22824150000000001 0.29292929292929293 0.3528145 1 1 1
1 P_6 47 47 0.2520585 0.3231707317073171 0.384481 1 1 1
1 P_6 48 48 0 0 0 1 1 1
1 P_6 49 49 0.254376 0.32222222222222224 0.381217 1 1 1
1 P_6 50 50 0.2717705 0.3333333333333333 0.386326 1 1 1
1 P_6 51 51 0.258656 0.3275862068965517 0.3866945 1 1 1
1 P_6 52 52 0.2967795 0.3626373626373626 0.4148425 1 1 1
1 P_6 53 53 0 0 0 1 1 1
1 P_6 54 54 0.2487475 0.3113207547169811 0.3674715 1 1 1
1 P_6 55 55 0.184379 0.24528301886792453 0.306681 1 1 1
1 P_6 56 56 0.5 0.5 0.5 1 1 1
1 P_6 57 57 0.273674 0.34065934065934067 0.3966525 1 1 1
1 P_6 58 58 0 0 0 1 1 1
1 P_6 59 59 0.283163 0.3440366972477064 0.3953255 1 1 1
1 P_6 60 60 0.164364 0.22272727272727272 0.283847 1 1 1
1 P_6 61 61 0.27669 0.3347107438016529 0.384926 1 1 1
1 P_6 62 62 0.2880885 0.3520408163265306 0.4044715 1 1 1
1 P_6 63 63 0.3043485 0.3673469387755102 0.4170985 1 1 1
1 P_6 64 64 0.2577885 0.3217821782178218 0.3779 1 1 1
1 P_6 65 65 0.2586105 0.32323232323232326 0.3796635 1 1 1
1 P_6 66 66 0 0 0 1 1 1
1 P_6 67 67 0.5 0.5 0.5 1 1 1
1 P_6 68 68 0.0515865 0.0963855421686747 0.161494 1 1 1
1 P_6 69 69 0.251986 0.3177083333333333 0.37563 1 1 1
1 P_6 70 70 0.286141 0.35051546391752575 0.4034285 1 1 1
1 P_6 71 71 0.2621955 0.32083333333333336 0.3728905 1 1 1
1 P_6 72 72 0.0535485 0.09345794392523364 0.1495915 1 1 1
1 P_6 73 73 0.2613405 0.3279569892473118 0.385315 1 1 1
1 P_6 74 74 0.2679395 0.330188679245283 0.3840405 1 1 1
1 P_6 75 75 0.30917 0.3691588785046729 0.4167875 1 1 1
1 P_6 76 76 0.2749985 0.3382352941176471 0.3918835 1 1 1
1 P_6 77 77 0.316584 0.37745098039215685 0.424476 1 1 1
1 P_6 78 78 0 0 0 1 1 1
1 P_6 79 79 0.289308 0.35046728971962615 0.4012025 1 1 1
1 P_6 80 80 0.267929 0.3333333333333333 0.3891385 1 1 1
1 P_6 81 81 0.3006995 0.36666666666666664 0.418343 1 1 1
1 P_6 82 82 0.2896945 0.35 0.400203 1 1 1
1 P_6 83 83 0.2410225 0.30275229357798167 0.3591035 1 1 1
1 P_6 84 84 0.272762 0.3409090909090909 0.397674 1 1 1
1 P_6 85 85 0.2555205 0.3157894736842105 0.3696355 1 1 1
1 P_6 86 86 0.315922 0.371900826446281 0.416651 1 1 1
1 P_6 87 87 0.248755 0.31666666666666665 0.3764075 1 1 1
1 P_6 88 88 0.0510735 0.08928571428571429 0.143435 1 1 1
1 P_6 89 89 0.0431764 0.0782608695652174 0.12994 1 1 1
1 P_6 90 90 0.27669 0.3347107438016529 0.384926 1 1 1
1 P_6 91 91 0.5 0.5 0.5 1 1 1
1 P_6 92 92 0 0 0 1 1 1
1 P_6 93 93 0.267929 0.3333333333333333 0.3891385 1 1 1
1 P_6 94 94 0.260802 0.3313253012048193 0.39108 1 1 1
1 P_6 95 95 0.2389415 0.2975206611570248 0.35172 1 1 1
1 P_6 96 96 0.2481905 0.3101851851851852 0.365989 1 1 1
1 P_6 97 97 0.2287565 0.3026315789473684 0.368926 1 1 1
1 P_6 98 98 0.266854 0.3333333333333333 0.389916 1 1 1
1 P_6 99 99 0.2835405 0.35365853658536583 0.4098955 1 1 1
1 P_6 100 100 0.2756015 0.34523809523809523 0.4024095 1 1 1
1 P_6 101 101 0.2455565 0.31 0.3677965 1 1 1
1 P_6 102 102 0 0 0 1 1 1
1 P_6 103 103 0.5 0.5 0.5 1 1 1
1 P_6 104 104 0 0 0 1 1 1
1 P_6 105 105 0.213323 0.27835051546391754 0.3401435 1 1 1
2 P_3 0 0 0.5 0.5 0.5 1 1 1
2 P_3 1 1 0.5 0.5 0.5 1 1 1
2 P_3 2 2 0.5 0.5 0.5 1 1 1
2 P_3 3 3 0 0 0 1 1 1
2 P_3 4 4 0.5 0.5 0.5 1 1 1
2 P_3 5 5 0.5 0.5 0.5 1 1 1
2 P_3 6 6 0.5 0.5 0.5 1 1 1
2 P_3 7 7 0.5 0.5 0.5 1 1 1
2 P_3 8 8 0.5 0.5 0.5 1 1 1
2 P_3 9 9 0.5 0.5 0.5 1 1 1
2 P_3 10 10 0.5 0.5 0.5 1 1 1
2 P_3 11 11 0.5 0.5 0.5 1 1 1
2 P_3 12 12 0 0 0 1 1 1
2 P_3 13 13 0.5 0.5 0.5 1 1 1
2 P_3 14 14 0.5 0.5 0.5 1 1 1
2 P_3 15 15 0 0 0 1 1 1
2 P_3 16 16 0.5 0.5 0.5 1 1 1
2 P_3 17 17 0.5 0.5 0.5 1 1 1
2 P_3 18 18 0 0 0 1 1 1
2 P_3 19 19 0.5 0.5 0.5 1 1 1
2 P_3 20 20 0.5 0.5 0.5 1 1 1
2 P_3 21 21 0.5 0.5 0.5 1 1 1
2 P_3 22 22 0.5 0.5 0.5 1 1 1
2 P_3 23 23 0.5 0.5 0.5 1 1 1
2 P_3 24 24 0.5 0.5 0.5 1 1 1
2 P_3 25 25 0.5 0.5 0.5 1 1 1
2 P_3 26 26 0 0 0 1 1 1
2 P_3 27 27 0.5 0.5 0.5 1 1 1
2 P_3 28 28 0.5 0.5 0.5 1 1 1
2 P_3 29 29 0.5 0.5 0.5 1 1 1
2 P_3 30 30 0 0 0 1 1 1
2 P_3 31 31 0.5 0.5 0.5 1 1 1
2 P_3 32 32 0 0 0 1 1 1
2 P_3 33 33 0.5 0.5 0.5 1 1 1
2 P_3 34 34 0.5 0.5 0.5 1 1 1
2 P_3 35 35 0.5 0.5 0.5 1 1 1
2 P_3 36 36 0 0 0 1 1 1
2 P_3 37 37 0.5 0.5 0.5 1 1 1
2 P_3 38 38 0.5 0.5 0.5 1 1 1
2 P_3 39 39 0 0 0 1 1 1
2 P_3 40 40 0.5 0.5 0.5 1 1 1
2 P_3 41 41 0.5 0.5 0.5 1 1 1
2 P_3 42 42 0 0 0 1 1 1
2 P_3 43 43 0.5 0.5 0.5 1 1 1
2 P_3 44 44 0.5 0.5 0.5 1 1 1
2 P_3 45 45 0 0 0 1 1 1
2 P_3 46 46 0.5 0.5 0.5 1 1 1
2 P_3 47 47 0.5 0.5 0.5 1 1 1
2 P_3 48 48 0 0 0 1 1 1
2 P_3 49 49 0.5 0.5 0.5 1 1 1
2 P_3 50 50 0.5 0.5 0.5 1 1 1
2 P_3 51 51 0.5 0.5 0.5 1 1 1
2 P_3 52 52 0.5 0.5 0.5 1 1 1
2 P_3 53 53 0 0 0 1 1 1
2 P_3 54 54 0.5 0.5 0.5 1 1 1
2 P_3 55 55 0.5 0.5 0.5 1 1 1
2 P_3 56 56 0.5 0.5 0.5 1 1 1
2 P_3 57 57 0.5 0.5 0.5 1 1 1
2 P_3 58 58 0 0 0 1 1 1
2 P_3 59 59 0.5 0.5 0.5 1 1 1
2 P_3 60 60 0.5 0.5 0.5 1 1 1
2 P_3 61 61 0.5 0.5 0.5 1 1 1
2 P_3 62 62 0.5 0.5 0.5 1 1 1
2 P_3 63 63 0.5 0.5 0.5 1 1 1
2 P_3 64 64 0.5 0.5 0.5 1 1 1
2 P_3 65 65 0.5 0.5 0.5 1 1 1
2 P_3 66 66 0 0 0 1 1 1
2 P_3 67 67 0.5 0.5 0.5 1 1 1
2 P_3 68 68 0 0 0 1 1 1
2 P_3 69 69 0.5 0.5 0.5 1 1 1
2 P_3 70 70 0.5 0.5 0.5 1 1 1
2 P_3 71 71 0.5 0.5 0.5 1 1 1
2 P_3 72 72 0 0 0 1 1 1
2 P_3 73 73 0.5 0.5 0.5 1 1 1
2 P_3 74 74 0.5 0.5 0.5 1 1 1
2 P_3 75 75 0.5 0.5 0.5 1 1 1
2 P_3 76 76 0.5 0.5 0.5 1 1 1
2 P_3 77 77 0.5 0.5 0.5 1 1 1
2 P_3 78 78 0 0 0 1 1 1
2 P_3 79 79 0.5 0.5 0.5 1 1 1
2 P_3 80 80 0.5 0.5 0.5 1 1 1
2 P_3 81 81 0.5 0.5 0.5 1 1 1
2 P_3 82 82 0.5 0.5 0.5 1 1 1
2 P_3 83 83 0.5 0.5 0.5 1 1 1
2 P_3 84 84 0.5 0.5 0.5 1 1 1
2 P_3 85 85 0.5 0.5 0.5 1 1 1
2 P_3 86 86 0.5 0.5 0.5 1 1 1
2 P_3 87 87 0.5 0.5 0.5 1 1 1
2 P_3 88 88 0 0 0 1 1 1
2 P_3 89 89 0 0 0 1 1 1
2 P_3 90 90 0.5 0.5 0.5 1 1 1
2 P_3 91 91 0.5 0.5 0.5 1 1 1
2 P_3 92 92 0 0 0 1 1 1
2 P_3 93 93 0.5 0.5 0.5 1 1 1
2 P_3 94 94 0.5 0.5 0.5 1 1 1
2 P_3 95 95 0.5 0.5 0.5 1 1 1
2 P_3 96 96 0.5 0.5 0.5 1 1 1
2 P_3 97 97 0.5 0.5 0.5 1 1 1
2 P_3 98 98 0.5 0.5 0.5 1 1 1
2 P_3 99 99 0.5 0.5 0.5 1 1 1
2 P_3 100 100 0.5 0.5 0.5 1 1 1
2 P_3 101 101 0.5 0.5 0.5 1 1 1
2 P_3 102 102 0 0 0 1 1 1
2 P_3 103 103 0.5 0.5 0.5 1 1 1
2 P_3 104 104 0 0 0 1 1 1
2 P_3 105 105 0.5 0.5 0.5 1 1 1
3 P_5 0 0 0.2594745 0.3247422680412371 0.381485 1 1 1
3 P_5 1 1 0.2577885 0.3217821782178218 0.3779 1 1 1
3 P_5 2 2 0.267249 0.326271186440678 0.378092 1 1 1
3 P_5 3 3 0 0 0 1 1 1
3 P_5 4 4 0.234262 0.3010752688172043 0.361822 1 1 1
3 P_5 5 5 0.259975 0.3201754385964912 0.373525 1 1 1
3 P_5 6 6 0.2522425 0.31363636363636366 0.3685995 1 1 1
3 P_5 7 7 0.266923 0.3300970873786408 0.3846485 1 1 1
3 P_5 8 8 0.2455565 0.31 0.3677965 1 1 1
3 P_5 9 9 0.2321335 0.29439252336448596 0.3520435 1 1 1
3 P_5 10 10 0.254904 0.31862745098039214 0.3748925 1 1 1
3 P_5 11 11 0.5 0.5 0.5 1 1 1
3 P_5 12 12 0 0 0 1 1 1
3 P_5 13 13 0.3795915 0.43119266055045874 0.464367 1 1 1
3 P_5 14 14 0.2542205 0.3153153153153153 0.369867 1 1 1
3 P_5 15 15 0.0780025 0.1276595744680851 0.191689 1 1 1
3 P_5 16 16 0.2258345 0.29081632653061223 0.3511875 1 1 1
3 P_5 17 17 0.288505 0.35148514851485146 0.403334 1 1 1
3 P_5 18 18 0.0304229 0.06382978723404255 0.119053 1 1 1
3 P_5 19 19 0.135185 0.19306930693069307 0.2572005 1 1 1
3 P_5 20 20 0.243542 0.3055555555555556 0.3618545 1 1 1
3 P_5 21 21 0.2567645 0.3162393162393162 0.3694075 1 1 1
3 P_5 22 22 0.5 0.5 0.5 1 1 1
3 P_5 23 23 0.25351 0.3160377358490566 0.371649 1 1 1
3 P_5 24 24 0.24777 0.3118811881188119 0.3692025 1 1 1
3 P_5 25 25 0.246732 0.3125 0.371067 1 1 1
3 P_5 26 26 0.0988465 0.14864864864864866 0.2086005 1 1 1
3 P_5 27 27 0.2679935 0.33516483516483514 0.3920095 1 1 1
3 P_5 28 28 0.2726315 0.3333333333333333 0.385688 1 1 1
3 P_5 29 29 0.2699345 0.3333333333333333 0.3876765 1 1 1
3 P_5 30 30 0.107001 0.16019417475728157 0.223055 1 1 1
3 P_5 31 31 0.5 0.5 0.5 1 1 1
3 P_5 32 32 0.083616 0.13636363636363635 0.203334 1 1 1
3 P_5 33 33 0.5 0.5 0.5 1 1 1
3 P_5 34 34 0.114685 0.17204301075268819 0.2386595 1 1 1
3 P_5 35 35 0.223386 0.28865979381443296 0.349523 1 1 1
3 P_5 36 36 0 0 0 1 1 1
3 P_5 37 37 0.2280405 0.29207920792079206 0.3515005 1 1 1
3 P_5 38 38 0.291731 0.3508771929824561 0.4001775 1 1 1
3 P_5 39 39 0.084077 0.12916666666666668 0.185476 1 1 1
3 P_5 40 40 0.2697505 0.34177215189873417 0.401058 1 1 1
3 P_5 41 41 0.2332365 0.29797979797979796 0.357356 1 1 1
3 P_5 42 42 0 0 0 1 1 1
3 P_5 43 43 0.2541905 0.3173076923076923 0.3732455 1 1 1
3 P_5 44 44 0.2188785 0.2911392405063291 0.3576885 1 1 1
3 P_5 45 45 0.131599 0.18584070796460178 0.2463995 1 1 1
3 P_5 46 46 0.234649 0.3021978021978022 0.3634155 1 1 1
3 P_5 47 47 0.2556535 0.32 0.3765925 1 1 1
3 P_5 48 48 0.09769 0.15 0.213384 1 1 1
3 P_5 49 49 0.230143 0.3 0.3633835 1 1 1
3 P_5 50 50 0.2549 0.3146551724137931 0.3682035 1 1 1
3 P_5 51 51 0.2207205 0.28431372549019607 0.344177 1 1 1
3 P_5 52 52 0.2702185 0.33695652173913043 0.3932605 1 1 1
3 P_5 53 53 0.01639515 0.041237113402061855 0.089755 1 1 1
3 P_5 54 54 0.2367205 0.30319148936170215 0.363409 1 1 1
3 P_5 55 55 0.226192 0.2925531914893617 0.3539115 1 1 1
3 P_5 56 56 0.5 0.5 0.5 1 1 1
3 P_5 57 57 0.2776815 0.33962264150943394 0.3921795 1 1 1
3 P_5 58 58 0 0 0 1 1 1
3 P_5 59 59 0.270872 0.3333333333333333 0.386988 1 1 1
3 P_5 60 60 0.133884 0.19047619047619047 0.25336 1 1 1
3 P_5 61 61 0.2455565 0.31 0.3677965 1 1 1
3 P_5 62 62 0.2844105 0.34579439252336447 0.3972385 1 1 1
3 P_5 63 63 0.218341 0.28350515463917525 0.3448465 1 1 1
3 P_5 64 64 0.224349 0.29411764705882354 0.358174 1 1 1
3 P_5 65 65 0.2833135 0.3465346534653465 0.399167 1 1 1
3 P_5 66 66 0 0 0 1 1 1
3 P_5 67 67 0.5 0.5 0.5 1 1 1
3 P_5 68 68 0.0912575 0.13963963963963963 0.199073 1 1 1
3 P_5 69 69 0.3741605 0.42660550458715596 0.4610855 1 1 1
3 P_5 70 70 0.357417 0.41346153846153844 0.452099 1 1 1
3 P_5 71 71 0.2184235 0.2857142857142857 0.3486735 1 1 1
3 P_5 72 72 0.126617 0.1875 0.25621 1 1 1
3 P_5 73 73 0.207382 0.27586206896551724 0.341067 1 1 1
3 P_5 74 74 0.285714 0.3476190476190476 0.3992095 1 1 1
3 P_5 75 75 0.2496985 0.3157894736842105 0.3742245 1 1 1
3 P_5 76 76 0.5 0.5 0.5 1 1 1
3 P_5 77 77 0.2286905 0.29473684210526313 0.3555765 1 1 1
3 P_5 78 78 0 0 0 1 1 1
3 P_5 79 79 0.261835 0.3217391304347826 0.374699 1 1 1
3 P_5 80 80 0.261106 0.3238095238095238 0.3787125 1 1 1
3 P_5 81 81 0.270872 0.3333333333333333 0.386988 1 1 1
3 P_5 82 82 0.25404 0.3269230769230769 0.3889995 1 1 1
3 P_5 83 83 0.218593 0.28823529411764703 0.3529275 1 1 1
3 P_5 84 84 0.2801935 0.3409090909090909 0.3924395 1 1 1
3 P_5 85 85 0.249946 0.3137254901960784 0.370579 1 1 1
3 P_5 86 86 0.2487475 0.3113207547169811 0.3674715 1 1 1
3 P_5 87 87 0.267929 0.3333333333333333 0.3891385 1 1 1
3 P_5 88 88 0.1447475 0.2 0.2600935 1 1 1
3 P_5 89 89 0.1067395 0.16304347826086957 0.2297815 1 1 1
3 P_5 90 90 0.24777 0.3118811881188119 0.3692025 1 1 1
3 P_5 91 91 0.5 0.5 0.5 1 1 1
3 P_5 92 92 0.01332535 0.03361344537815126 0.0740435 1 1 1
3 P_5 93 93 0.3906285 0.44036697247706424 0.470758 1 1 1
3 P_5 94 94 0.236312 0.3020833333333333 0.3618535 1 1 1
3 P_5 95 95 0.2700465 0.33505154639175255 0.3903565 1 1 1
3 P_5 96 96 0.24379 0.3125 0.373383 1 1 1
3 P_5 97 97 0.238684 0.30412371134020616 0.3633895 1 1 1
3 P_5 98 98 0.2697505 0.34177215189873417 0.401058 1 1 1
3 P_5 99 99 0.231758 0.29891304347826086 0.360197 1 1 1
3 P_5 100 100 0.234901 0.2980769230769231 0.356124 1 1 1
3 P_5 101 101 0.2668685 0.33163265306122447 0.3871775 1 1 1
3 P_5 102 102 0 0 0 1 1 1
3 P_5 103 103 0.5 0.5 0.5 1 1 1
3 P_5 104 104 0 0 0 1 1 1
3 P_5 105 105 0.24150750000000001 0.3072916666666667 0.366475 1 1 1
4 P_1 0 0 0.0530915 0.09405940594059406 0.1521125 1 1 1
4 P_1 1 1 0.0551525 0.09615384615384616 0.153544 1 1 1
4 P_1 2 2 0.063788 0.10648148148148148 0.163922 1 1 1
4 P_1 3 3 0 0 0 1 1 1
4 P_1 4 4 0.04688705 0.08791208791208792 0.1485575 1 1 1
4 P_1 5 5 0.056276 0.09803921568627451 0.1562965 1 1 1
4 P_1 6 6 0.0396639 0.07476635514018691 0.128016 1 1 1
4 P_1 7 7 0.0614185 0.10267857142857142 0.158554 1 1 1
4 P_1 8 8 0.0422486 0.0779816513761468 0.131217 1 1 1
4 P_1 9 9 0.051504 0.09134615384615384 0.1480865 1 1 1
4 P_1 10 10 0.0525515 0.09313725490196079 0.1507465 1 1 1
4 P_1 11 11 0.5 0.5 0.5 1 1 1
4 P_1 12 12 0 0 0 1 1 1
4 P_1 13 13 0.1968075 0.2640449438202247 0.329542 1 1 1
4 P_1 14 14 0.065643 0.11363636363636363 0.178689 1 1 1
4 P_1 15 15 0.04925255 0.08620689655172414 0.138861 1 1 1
4 P_1 16 16 0.03686185 0.07471264367816093 0.134697 1 1 1
4 P_1 17 17 0.0361498 0.07142857142857142 0.126825 1 1 1
4 P_1 18 18 0.193784 0.25462962962962965 0.314999 1 1 1
4 P_1 19 19 0 0 0 1 1 1
4 P_1 20 20 0.063963 0.109375 0.170971 1 1 1
4 P_1 21 21 0.03075865 0.06451612903225806 0.120234 1 1 1
4 P_1 22 22 0.5 0.5 0.5 1 1 1
4 P_1 23 23 0.03293965 0.06896551724137931 0.127842 1 1 1
4 P_1 24 24 0.03519415 0.07142857142857142 0.1292595 1 1 1
4 P_1 25 25 0.0533575 0.09770114942528736 0.161297 1 1 1
4 P_1 26 26 0.0988465 0.14864864864864866 0.2086005 1 1 1
4 P_1 27 27 0.0578475 0.10215053763440861 0.1639915 1 1 1
4 P_1 28 28 0.046057 0.08823529411764706 0.151313 1 1 1
4 P_1 29 29 0.0786175 0.125 0.184232 1 1 1
4 P_1 30 30 0.078676 0.1262135922330097 0.1870705 1 1 1
4 P_1 31 31 0.5 0.5 0.5 1 1 1
4 P_1 32 32 0.03217905 0.06741573033707865 0.1252015 1 1 1
4 P_1 33 33 0.5 0.5 0.5 1 1 1
4 P_1 34 34 0 0 0 1 1 1
4 P_1 35 35 0.0424353 0.08152173913043478 0.140784 1 1 1
4 P_1 36 36 0 0 0 1 1 1
4 P_1 37 37 0.040179 0.07731958762886598 0.134113 1 1 1
4 P_1 38 38 0.0485452 0.09090909090909091 0.15316 1 1 1
4 P_1 39 39 0.106146 0.16 0.2238215 1 1 1
4 P_1 40 40 0.051504 0.09134615384615384 0.1480865 1 1 1
4 P_1 41 41 0.0495293 0.08796296296296297 0.1430375 1 1 1
4 P_1 42 42 0 0 0 1 1 1
4 P_1 43 43 0.053194 0.09574468085106383 0.156402 1 1 1
4 P_1 44 44 0.05151 0.09444444444444444 0.1564135 1 1 1
4 P_1 45 45 0.0344157 0.06989247311827956 0.1267015 1 1 1
4 P_1 46 46 0.055967 0.09895833333333333 0.159327 1 1 1
4 P_1 47 47 0.058693 0.09829059829059829 0.152315 1 1 1
4 P_1 48 48 0.115418 0.16818181818181818 0.229213 1 1 1
4 P_1 49 49 0.03400745 0.0673076923076923 0.120044 1 1 1
4 P_1 50 50 0.07276 0.1141732283464567 0.167522 1 1 1
4 P_1 51 51 0.063542 0.11176470588235295 0.177862 1 1 1
4 P_1 52 52 0.04181685 0.08441558441558442 0.1505115 1 1 1
4 P_1 53 53 0.2044915 0.27325581395348836 0.3390425 1 1 1
4 P_1 54 54 0.055967 0.09895833333333333 0.159327 1 1 1
4 P_1 55 55 0.04606765 0.08333333333333333 0.137712 1 1 1
4 P_1 56 56 0.5 0.5 0.5 1 1 1
4 P_1 57 57 0.04766 0.08762886597938144 0.146086 1 1 1
4 P_1 58 58 0 0 0 1 1 1
4 P_1 59 59 0.03161855 0.06435643564356436 0.117403 1 1 1
4 P_1 60 60 0 0 0 1 1 1
4 P_1 61 61 0.04524505 0.08333333333333333 0.139502 1 1 1
4 P_1 62 62 0.0447912 0.0825242718446602 0.1382555 1 1 1
4 P_1 63 63 0.04570825 0.08415841584158416 0.140771 1 1 1
4 P_1 64 64 0.04925255 0.08620689655172414 0.138861 1 1 1
4 P_1 65 65 0.0506055 0.08849557522123894 0.142264 1 1 1
4 P_1 66 66 0 0 0 1 1 1
4 P_1 67 67 0.5 0.5 0.5 1 1 1
4 P_1 68 68 0.03408675 0.06451612903225806 0.111598 1 1 1
4 P_1 69 69 0.2138895 0.27522935779816515 0.3339965 1 1 1
4 P_1 70 70 0.211451 0.27358490566037735 0.3332485 1 1 1
4 P_1 71 71 0.04903835 0.0846774193548387 0.135173 1 1 1
4 P_1 72 72 0.073753 0.12234042553191489 0.1859235 1 1 1
4 P_1 73 73 0.0412524 0.07766990291262135 0.132603 1 1 1
4 P_1 74 74 0.0566815 0.09504132231404959 0.1476645 1 1 1
4 P_1 75 75 0.0631785 0.10550458715596331 0.1625465 1 1 1
4 P_1 76 76 0.5 0.5 0.5 1 1 1
4 P_1 77 77 0.0377565 0.07647058823529412 0.13759 1 1 1
4 P_1 78 78 0 0 0 1 1 1
4 P_1 79 79 0.06321 0.10679611650485436 0.1657845 1 1 1
4 P_1 80 80 0.04238105 0.08333333333333333 0.1460575 1 1 1
4 P_1 81 81 0.04766525 0.09333333333333334 0.161805 1 1 1
4 P_1 82 82 0.0530915 0.09405940594059406 0.1521125 1 1 1
4 P_1 83 83 0.0642945 0.10504201680672269 0.159353 1 1 1
4 P_1 84 84 0.06658 0.11224489795918367 0.173454 1 1 1
4 P_1 85 85 0.0653855 0.11170212765957446 0.1742605 1 1 1
4 P_1 86 86 0.03643025 0.07386363636363637 0.1332955 1 1 1
4 P_1 87 87 0.0529125 0.09876543209876543 0.1650845 1 1 1
4 P_1 88 88 0.0329578 0.06701030927835051 0.121876 1 1 1
4 P_1 89 89 0.041503 0.0797872340425532 0.138038 1 1 1
4 P_1 90 90 0.04584325 0.08602150537634409 0.1456385 1 1 1
4 P_1 91 91 0.5 0.5 0.5 1 1 1
4 P_1 92 92 0.206487 0.2644628099173554 0.3211055 1 1 1
4 P_1 93 93 0.2042075 0.2669902912621359 0.3279435 1 1 1
4 P_1 94 94 0.0396639 0.07476635514018691 0.128016 1 1 1
4 P_1 95 95 0.0613475 0.10377358490566038 0.161497 1 1 1
4 P_1 96 96 0.0373038 0.0755813953488372 0.1361285 1 1 1
4 P_1 97 97 0.068104 0.11214953271028037 0.1704895 1 1 1
4 P_1 98 98 0.0525515 0.09313725490196079 0.1507465 1 1 1
4 P_1 99 99 0.05478 0.09693877551020408 0.156361 1 1 1
4 P_1 100 100 0.05478 0.09693877551020408 0.156361 1 1 1
4 P_1 101 101 0.04869985 0.08947368421052632 0.148896 1 1 1
4 P_1 102 102 0 0 0 1 1 1
4 P_1 103 103 0.5 0.5 0.5 1 1 1
4 P_1 104 104 0 0 0 1 1 1
4 P_1 105 105 0.073515 0.12658227848101267 0.1967675 1 1 1
