5 #m
106 #n
0 P_2 0 0 0.5 0.5 0.5 1 1 1
0 P_2 1 1 0.5 0.5 0.5 1 1 1
0 P_2 2 2 0.5 0.5 0.5 1 1 1
0 P_2 3 3 0 0 0 1 1 1
0 P_2 4 4 0.5 0.5 0.5 1 1 1
0 P_2 5 5 0.5 0.5 0.5 1 1 1
0 P_2 6 6 0.5 0.5 0.5 1 1 1
0 P_2 7 7 0.5 0.5 0.5 1 1 1
0 P_2 8 8 0.5 0.5 0.5 1 1 1
0 P_2 9 9 0.5 0.5 0.5 1 1 1
0 P_2 10 10 0.5 0.5 0.5 1 1 1
0 P_2 11 11 0.5 0.5 0.5 1 1 1
0 P_2 12 12 0 0 0 1 1 1
0 P_2 13 13 0.5 0.5 0.5 1 1 1
0 P_2 14 14 0.5 0.5 0.5 1 1 1
0 P_2 15 15 0.0754245 0.09039256198347108 0.107251 1 1 1
0 P_2 16 16 0.5 0.5 0.5 1 1 1
0 P_2 17 17 0.5 0.5 0.5 1 1 1
0 P_2 18 18 0 0 0 1 1 1
0 P_2 19 19 0.385301 0.4024390243902439 0.417801 1 1 1
0 P_2 20 20 0.5 0.5 0.5 1 1 1
0 P_2 21 21 0.5 0.5 0.5 1 1 1
0 P_2 22 22 0.5 0.5 0.5 1 1 1
0 P_2 23 23 0.5 0.5 0.5 1 1 1
0 P_2 24 24 0.5 0.5 0.5 1 1 1
0 P_2 25 25 0.5 0.5 0.5 1 1 1
0 P_2 26 26 0 0 0 1 1 1
0 P_2 27 27 0.5 0.5 0.5 1 1 1
0 P_2 28 28 0.5 0.5 0.5 1 1 1
0 P_2 29 29 0.5 0.5 0.5 1 1 1
0 P_2 30 30 0.0898225 0.10598111227701994 0.1238725 1 1 1
0 P_2 31 31 0.5 0.5 0.5 1 1 1
0 P_2 32 32 0.0878395 0.10390295358649788 0.121733 1 1 1
0 P_2 33 33 0.5 0.5 0.5 1 1 1
0 P_2 34 34 0.371872 0.3890462700661001 0.404715 1 1 1
0 P_2 35 35 0.5 0.5 0.5 1 1 1
0 P_2 36 36 0 0 0 1 1 1
0 P_2 37 37 0.5 0.5 0.5 1 1 1
0 P_2 38 38 0.5 0.5 0.5 1 1 1
0 P_2 39 39 0 0 0 1 1 1
0 P_2 40 40 0.5 0.5 0.5 1 1 1
0 P_2 41 41 0.5 0.5 0.5 1 1 1
0 P_2 42 42 0.099846 0.1163141993957704 0.134326 1 1 1
0 P_2 43 43 0.5 0.5 0.5 1 1 1
0 P_2 44 44 0.5 0.5 0.5 1 1 1
0 P_2 45 45 0.0813265 0.0965 0.1134335 1 1 1
0 P_2 46 46 0.5 0.5 0.5 1 1 1
0 P_2 47 47 0.5 0.5 0.5 1 1 1
0 P_2 48 48 0 0 0 1 1 1
0 P_2 49 49 0.5 0.5 0.5 1 1 1
0 P_2 50 50 0.5 0.5 0.5 1 1 1
0 P_2 51 51 0.5 0.5 0.5 1 1 1
0 P_2 52 52 0.5 0.5 0.5 1 1 1
0 P_2 53 53 0 0 0 1 1 1
0 P_2 54 54 0.5 0.5 0.5 1 1 1
0 P_2 55 55 0.5 0.5 0.5 1 1 1
0 P_2 56 56 0.5 0.5 0.5 1 1 1
0 P_2 57 57 0.5 0.5 0.5 1 1 1
0 P_2 58 58 0 0 0 1 1 1
0 P_2 59 59 0.5 0.5 0.5 1 1 1
0 P_2 60 60 0.3694445 0.38782051282051283 0.4045085 1 1 1
0 P_2 61 61 0.5 0.5 0.5 1 1 1
0 P_2 62 62 0.5 0.5 0.5 1 1 1
0 P_2 63 63 0.5 0.5 0.5 1 1 1
0 P_2 64 64 0.5 0.5 0.5 1 1 1
0 P_2 65 65 0.5 0.5 0.5 1 1 1
0 P_2 66 66 0 0 0 1 1 1
0 P_2 67 67 0.5 0.5 0.5 1 1 1
0 P_2 68 68 0 0 0 1 1 1
0 P_2 69 69 0.5 0.5 0.5 1 1 1
0 P_2 70 70 0.5 0.5 0.5 1 1 1
0 P_2 71 71 0.5 0.5 0.5 1 1 1
0 P_2 72 72 0.087371 0.10301507537688442 0.120353 1 1 1
0 P_2 73 73 0.5 0.5 0.5 1 1 1
0 P_2 74 74 0.5 0.5 0.5 1 1 1
0 P_2 75 75 0.5 0.5 0.5 1 1 1
0 P_2 76 76 0.5 0.5 0.5 1 1 1
0 P_2 77 77 0.5 0.5 0.5 1 1 1
0 P_2 78 78 0 0 0 1 1 1
0 P_2 79 79 0.5 0.5 0.5 1 1 1
0 P_2 80 80 0.5 0.5 0.5 1 1 1
0 P_2 81 81 0.5 0.5 0.5 1 1 1
0 P_2 82 82 0.5 0.5 0.5 1 1 1
0 P_2 83 83 0.5 0.5 0.5 1 1 1
0 P_2 84 84 0.5 0.5 0.5 1 1 1
0 P_2 85 85 0.5 0.5 0.5 1 1 1
0 P_2 86 86 0.5 0.5 0.5 1 1 1
0 P_2 87 87 0.5 0.5 0.5 1 1 1
0 P_2 88 88 0 0 0 1 1 1
0 P_2 89 89 0 0 0 1 1 1
0 P_2 90 90 0.5 0.5 0.5 1 1 1
0 P_2 91 91 0.5 0.5 0.5 1 1 1
0 P_2 92 92 0 0 0 1 1 1
0 P_2 93 93 0.5 0.5 0.5 1 1 1
0 P_2 94 94 0.5 0.5 0.5 1 1 1
0 P_2 95 95 0.5 0.5 0.5 1 1 1
0 P_2 96 96 0.5 0.5 0.5 1 1 1
0 P_2 97 97 0.5 0.5 0.5 1 1 1
0 P_2 98 98 0.5 0.5 0.5 1 1 1
0 P_2 99 99 0.5 0.5 0.5 1 1 1
0 P_2 100 100 0.5 0.5 0.5 1 1 1
0 P_2 101 101 0.5 0.5 0.5 1 1 1
0 P_2 102 102 0 0 0 1 1 1
0 P_2 103 103 0.5 0.5 0.5 1 1 1
0 P_2 104 104 0 0 0 1 1 1
0 P_2 105 105 0.5 0.5 0.5 1 1 1
1 P_6 0 0 0.3008365 0.3208502024291498 0.3400415 1 1 1
1 P_6 1 1 0.298669 0.3188331627430911 0.3381895 1 1 1
1 P_6 2 2 0.298512 0.3175985334555454 0.335974 1 1 1
1 P_6 3 3 0 0 0 1 1 1
1 P_6 4 4 0.302023 0.3215667311411992 0.3403165 1 1 1
1 P_6 5 5 0.3160265 0.33506616257088845 0.3531835 1 1 1
1 P_6 6 6 0.3096005 0.3296988577362409 0.3488485 1 1 1
1 P_6 7 7 0.2930405 0.31326530612244896 0.33275 1 1 1
1 P_6 8 8 0.309805 0.32938856015779094 0.348074 1 1 1
1 P_6 9 9 0.305328 0.32563025210084034 0.3450215 1 1 1
1 P_6 10 10 0.3049985 0.32482482482482483 0.3437925 1 1 1
1 P_6 11 11 0.5 0.5 0.5 1 1 1
1 P_6 12 12 0.147012 0.16537342386032977 0.184676 1 1 1
1 P_6 13 13 0.304521 0.32451678535096645 0.3436435 1 1 1
1 P_6 14 14 0.31923 0.33858267716535434 0.356935 1 1 1
1 P_6 15 15 0.084831 0.10040774719673802 0.117733 1 1 1
1 P_6 16 16 0.3049615 0.32437619961612285 0.342972 1 1 1
1 P_6 17 17 0.304751 0.32489669421487605 0.344155 1 1 1
1 P_6 18 18 0 0 0 1 1 1
1 P_6 19 19 0.2271345 0.24769230769230768 0.2682775 1 1 1
1 P_6 20 20 0.3205815 0.33988212180746563 0.35817 1 1 1
1 P_6 21 21 0.3146215 0.3345360824742268 0.3534515 1 1 1
1 P_6 22 22 0.5 0.5 0.5 1 1 1
1 P_6 23 23 0.3094815 0.3286252354048964 0.3469195 1 1 1
1 P_6 24 24 0.306819 0.3265407554671968 0.34539 1 1 1
1 P_6 25 25 0.3147205 0.3349256900212314 0.3540975 1 1 1
1 P_6 26 26 0 0 0 1 1 1
1 P_6 27 27 0.313628 0.33350409836065575 0.3523995 1 1 1
1 P_6 28 28 0.306401 0.32571428571428573 0.3442005 1 1 1
1 P_6 29 29 0.3071805 0.3265895953757225 0.3451525 1 1 1
1 P_6 30 30 0.0752445 0.08964525407478427 0.105809 1 1 1
1 P_6 31 31 0.5 0.5 0.5 1 1 1
1 P_6 32 32 0.073937 0.08868501529051988 0.1053185 1 1 1
1 P_6 33 33 0.5 0.5 0.5 1 1 1
1 P_6 34 34 0.2264155 0.24674022066198595 0.2671025 1 1 1
1 P_6 35 35 0.3138175 0.3338541666666667 0.352889 1 1 1
1 P_6 36 36 0 0 0 1 1 1
1 P_6 37 37 0.307104 0.32675222112537017 0.3455315 1 1 1
1 P_6 38 38 0.3015615 0.32139303482587067 0.3404095 1 1 1
1 P_6 39 39 0 0 0 1 1 1
1 P_6 40 40 0.313568 0.3331673306772908 0.3518165 1 1 1
1 P_6 41 41 0.321545 0.3410230692076229 0.359454 1 1 1
1 P_6 42 42 0 0 0 1 1 1
1 P_6 43 43 0.302385 0.32221115537848605 0.3412125 1 1 1
1 P_6 44 44 0.28821600000000003 0.30826693227091634 0.3276525 1 1 1
1 P_6 45 45 0.075517 0.09027081243731194 0.1068615 1 1 1
1 P_6 46 46 0.298705 0.3184494602551521 0.3374235 1 1 1
1 P_6 47 47 0.3022485 0.3227176220806794 0.342302 1 1 1
1 P_6 48 48 0 0 0 1 1 1
1 P_6 49 49 0.3028225 0.32221163012392756 0.3408115 1 1 1
1 P_6 50 50 0.302835 0.32284263959390863 0.3420025 1 1 1
1 P_6 51 51 0.3125495 0.33217131474103584 0.3508545 1 1 1
1 P_6 52 52 0.2986235 0.31873727087576376 0.3380485 1 1 1
1 P_6 53 53 0 0 0 1 1 1
1 P_6 54 54 0.3002315 0.3203684749232344 0.3396795 1 1 1
1 P_6 55 55 0.293134 0.3133265513733469 0.3327805 1 1 1
1 P_6 56 56 0.5 0.5 0.5 1 1 1
1 P_6 57 57 0.2981055 0.3182281059063136 0.337554 1 1 1
1 P_6 58 58 0 0 0 1 1 1
1 P_6 59 59 0.3089235 0.3290155440414508 0.3481685 1 1 1
1 P_6 60 60 0.2089555 0.22955974842767296 0.2504095 1 1 1
1 P_6 61 61 0.3093365 0.3292558613659531 0.3482485 1 1 1
1 P_6 62 62 0.307732 0.3276036400404449 0.3465755 1 1 1
1 P_6 63 63 0.3176615 0.3374233128834356 0.35616 1 1 1
1 P_6 64 64 0.302182 0.3225130890052356 0.3419735 1 1 1
1 P_6 65 65 0.2988385 0.3190721649484536 0.3384895 1 1 1
1 P_6 66 66 0 0 0 1 1 1
1 P_6 67 67 0.5 0.5 0.5 1 1 1
1 P_6 68 68 0.0772995 0.09218436873747494 0.1088825 1 1 1
1 P_6 69 69 0.3115745 0.33175604626708727 0.350952 1 1 1
1 P_6 70 70 0.2983815 0.3184584178498986 0.3377395 1 1 1
1 P_6 71 71 0.3194785 0.3386473429951691 0.3568335 1 1 1
1 P_6 72 72 0.0784415 0.09334657398212512 0.1100355 1 1 1
1 P_6 73 73 0.2973955 0.317279046673287 0.3363965 1 1 1
1 P_6 74 74 0.31922 0.33897435897435896 0.357682 1 1 1
1 P_6 75 75 0.3077185 0.3270893371757925 0.3456105 1 1 1
1 P_6 76 76 0.3106725 0.330603889457523 0.3495895 1 1 1
1 P_6 77 77 0.297667 0.3177664974619289 0.337077 1 1 1
1 P_6 78 78 0 0 0 1 1 1
1 P_6 79 79 0.308764 0.32861476238624876 0.347554 1 1 1
1 P_6 80 80 0.309128 0.32884231536926145 0.347654 1 1 1
1 P_6 81 81 0.299488 0.3193069306930693 0.3383385 1 1 1
1 P_6 82 82 0.3000535 0.3201219512195122 0.339373 1 1 1
1 P_6 83 83 0.313505 0.33368532206969376 0.3528525 1 1 1
1 P_6 84 84 0.2878335 0.3082901554404145 0.3280545 1 1 1
1 P_6 85 85 0.3144765 0.3341733870967742 0.352897 1 1 1
1 P_6 86 86 0.3028925 0.32270916334661354 0.3416955 1 1 1
1 P_6 87 87 0.3017955 0.3219037871033777 0.3411685 1 1 1
1 P_6 88 88 0.077008 0.09137769447047797 0.1074525 1 1 1
1 P_6 89 89 0.067613 0.08180894308943089 0.097965 1 1 1
1 P_6 90 90 0.3093645 0.3295099061522419 0.3487045 1 1 1
1 P_6 91 91 0.5 0.5 0.5 1 1 1
1 P_6 92 92 0 0 0 1 1 1
1 P_6 93 93 0.321897 0.3413173652694611 0.359693 1 1 1
1 P_6 94 94 0.31045 0.3300395256916996 0.348722 1 1 1
1 P_6 95 95 0.304043 0.32429614181439 0.343661 1 1 1
1 P_6 96 96 0.30166 0.3211538461538462 0.339863 1 1 1
1 P_6 97 97 0.3025115 0.3223552894211577 0.3413705 1 1 1
1 P_6 98 98 0.300571 0.320630081300813 0.339866 1 1 1
1 P_6 99 99 0.316647 0.3361469712015889 0.354666 1 1 1
1 P_6 100 100 0.3093675 0.32914572864321606 0.348012 1 1 1
1 P_6 101 101 0.3126355 0.3320350535540409 0.3505185 1 1 1
1 P_6 102 102 0 0 0 1 1 1
1 P_6 103 103 0.5 0.5 0.5 1 1 1
1 P_6 104 104 0 0 0 1 1 1
1 P_6 105 105 0.32119 0.3407258064516129 0.359213 1 1 1
2 P_3 0 0 0.5 0.5 0.5 1 1 1
2 P_3 1 1 0.5 0.5 0.5 1 1 1
2 P_3 2 2 0.5 0.5 0.5 1 1 1
2 P_3 3 3 0 0 0 1 1 1
2 P_3 4 4 0.5 0.5 0.5 1 1 1
2 P_3 5 5 0.5 0.5 0.5 1 1 1
2 P_3 6 6 0.5 0.5 0.5 1 1 1
2 P_3 7 7 0.5 0.5 0.5 1 1 1
2 P_3 8 8 0.5 0.5 0.5 1 1 1
2 P_3 9 9 0.5 0.5 0.5 1 1 1
2 P_3 10 10 0.5 0.5 0.5 1 1 1
2 P_3 11 11 0.5 0.5 0.5 1 1 1
2 P_3 12 12 0 0 0 1 1 1
2 P_3 13 13 0.5 0.5 0.5 1 1 1
2 P_3 14 14 0.5 0.5 0.5 1 1 1
2 P_3 15 15 0 0 0 1 1 1
2 P_3 16 16 0.5 0.5 0.5 1 1 1
2 P_3 17 17 0.5 0.5 0.5 1 1 1
2 P_3 18 18 0 0 0 1 1 1
2 P_3 19 19 0.5 0.5 0.5 1 1 1
2 P_3 20 20 0.5 0.5 0.5 1 1 1
2 P_3 21 21 0.5 0.5 0.5 1 1 1
2 P_3 22 22 0.5 0.5 0.5 1 1 1
2 P_3 23 23 0.5 0.5 0.5 1 1 1
2 P_3 24 24 0.5 0.5 0.5 1 1 1
2 P_3 25 25 0.5 0.5 0.5 1 1 1
2 P_3 26 26 0 0 0 1 1 1
2 P_3 27 27 0.5 0.5 0.5 1 1 1
2 P_3 28 28 0.5 0.5 0.5 1 1 1
2 P_3 29 29 0.5 0.5 0.5 1 1 1
2 P_3 30 30 0 0 0 1 1 1
2 P_3 31 31 0.5 0.5 0.5 1 1 1
2 P_3 32 32 0 0 0 1 1 1
2 P_3 33 33 0.5 0.5 0.5 1 1 1
2 P_3 34 34 0.5 0.5 0.5 1 1 1
2 P_3 35 35 0.5 0.5 0.5 1 1 1
2 P_3 36 36 0 0 0 1 1 1
2 P_3 37 37 0.5 0.5 0.5 1 1 1
2 P_3 38 38 0.5 0.5 0.5 1 1 1
2 P_3 39 39 0 0 0 1 1 1
2 P_3 40 40 0.5 0.5 0.5 1 1 1
2 P_3 41 41 0.5 0.5 0.5 1 1 1
2 P_3 42 42 0 0 0 1 1 1
2 P_3 43 43 0.5 0.5 0.5 1 1 1
2 P_3 44 44 0.5 0.5 0.5 1 1 1
2 P_3 45 45 0 0 0 1 1 1
2 P_3 46 46 0.5 0.5 0.5 1 1 1
2 P_3 47 47 0.5 0.5 0.5 1 1 1
2 P_3 48 48 0 0 0 1 1 1
2 P_3 49 49 0.5 0.5 0.5 1 1 1
2 P_3 50 50 0.5 0.5 0.5 1 1 1
2 P_3 51 51 0.5 0.5 0.5 1 1 1
2 P_3 52 52 0.5 0.5 0.5 1 1 1
2 P_3 53 53 0 0 0 1 1 1
2 P_3 54 54 0.5 0.5 0.5 1 1 1
2 P_3 55 55 0.5 0.5 0.5 1 1 1
2 P_3 56 56 0.5 0.5 0.5 1 1 1
2 P_3 57 57 0.5 0.5 0.5 1 1 1
2 P_3 58 58 0 0 0 1 1 1
2 P_3 59 59 0.5 0.5 0.5 1 1 1
2 P_3 60 60 0.5 0.5 0.5 1 1 1
2 P_3 61 61 0.5 0.5 0.5 1 1 1
2 P_3 62 62 0.5 0.5 0.5 1 1 1
2 P_3 63 63 0.5 0.5 0.5 1 1 1
2 P_3 64 64 0.5 0.5 0.5 1 1 1
2 P_3 65 65 0.5 0.5 0.5 1 1 1
2 P_3 66 66 0 0 0 1 1 1
2 P_3 67 67 0.5 0.5 0.5 1 1 1
2 P_3 68 68 0 0 0 1 1 1
2 P_3 69 69 0.5 0.5 0.5 1 1 1
2 P_3 70 70 0.5 0.5 0.5 1 1 1
2 P_3 71 71 0.5 0.5 0.5 1 1 1
2 P_3 72 72 0 0 0 1 1 1
2 P_3 73 73 0.5 0.5 0.5 1 1 1
2 P_3 74 74 0.5 0.5 0.5 1 1 1
2 P_3 75 75 0.5 0.5 0.5 1 1 1
2 P_3 76 76 0.5 0.5 0.5 1 1 1
2 P_3 77 77 0.5 0.5 0.5 1 1 1
2 P_3 78 78 0 0 0 1 1 1
2 P_3 79 79 0.5 0.5 0.5 1 1 1
2 P_3 80 80 0.5 0.5 0.5 1 1 1
2 P_3 81 81 0.5 0.5 0.5 1 1 1
2 P_3 82 82 0.5 0.5 0.5 1 1 1
2 P_3 83 83 0.5 0.5 0.5 1 1 1
2 P_3 84 84 0.5 0.5 0.5 1 1 1
2 P_3 85 85 0.5 0.5 0.5 1 1 1
2 P_3 86 86 0.5 0.5 0.5 1 1 1
2 P_3 87 87 0.5 0.5 0.5 1 1 1
2 P_3 88 88 0 0 0 1 1 1
2 P_3 89 89 0 0 0 1 1 1
2 P_3 90 90 0.5 0.5 0.5 1 1 1
2 P_3 91 91 0.5 0.5 0.5 1 1 1
2 P_3 92 92 0 0 0 1 1 1
2 P_3 93 93 0.5 0.5 0.5 1 1 1
2 P_3 94 94 0.5 0.5 0.5 1 1 1
2 P_3 95 95 0.5 0.5 0.5 1 1 1
2 P_3 96 96 0.5 0.5 0.5 1 1 1
2 P_3 97 97 0.5 0.5 0.5 1 1 1
2 P_3 98 98 0.5 0.5 0.5 1 1 1
2 P_3 99 99 0.5 0.5 0.5 1 1 1
2 P_3 100 100 0.5 0.5 0.5 1 1 1
2 P_3 101 101 0.5 0.5 0.5 1 1 1
2 P_3 102 102 0 0 0 1 1 1
2 P_3 103 103 0.5 0.5 0.5 1 1 1
2 P_3 104 104 0 0 0 1 1 1
2 P_3 105 105 0.5 0.5 0.5 1 1 1
3 P_5 0 0 0.3016485 0.3219895287958115 0.341466 1 1 1
3 P_5 1 1 0.293252 0.313181367690783 0.332393 1 1 1
3 P_5 2 2 0.305858 0.32575757575757575 0.3447795 1 1 1
3 P_5 3 3 0 0 0 1 1 1
3 P_5 4 4 0.29526 0.31533804238143287 0.33466 1 1 1
3 P_5 5 5 0.2826755 0.3032191069574247 0.323129 1 1 1
3 P_5 6 6 0.305654 0.3251207729468599 0.343755 1 1 1
3 P_5 7 7 0.2901325 0.3099902056807052 0.329174 1 1 1
3 P_5 8 8 0.305198 0.3240909090909091 0.342211 1 1 1
3 P_5 9 9 0.2894135 0.30974358974358973 0.329371 1 1 1
3 P_5 10 10 0.297745 0.3176823176823177 0.336844 1 1 1
3 P_5 11 11 0.5 0.5 0.5 1 1 1
3 P_5 12 12 0 0 0 1 1 1
3 P_5 13 13 0.4245355 0.43901209677419356 0.4513045 1 1 1
3 P_5 14 14 0.296926 0.31644359464627153 0.3352325 1 1 1
3 P_5 15 15 0.141207 0.1591123701605288 0.1780025 1 1 1
3 P_5 16 16 0.285361 0.306243272335845 0.3264315 1 1 1
3 P_5 17 17 0.294413 0.3139980824544583 0.3328795 1 1 1
3 P_5 18 18 0.04310485 0.05467196819085487 0.068465 1 1 1
3 P_5 19 19 0.151879 0.17064676616915422 0.19032 1 1 1
3 P_5 20 20 0.3037465 0.32425213675213677 0.3438485 1 1 1
3 P_5 21 21 0.2992385 0.3194444444444444 0.338831 1 1 1
3 P_5 22 22 0.5 0.5 0.5 1 1 1
3 P_5 23 23 0.299563 0.319773429454171 0.33916 1 1 1
3 P_5 24 24 0.301643 0.3220696937697994 0.341624 1 1 1
3 P_5 25 25 0.298232 0.3176638176638177 0.3363585 1 1 1
3 P_5 26 26 0.103498 0.12028542303771661 0.1385895 1 1 1
3 P_5 27 27 0.301569 0.32082551594746717 0.33932 1 1 1
3 P_5 28 28 0.2945835 0.31432748538011696 0.333352 1 1 1
3 P_5 29 29 0.289237 0.30912659470068693 0.3283505 1 1 1
3 P_5 30 30 0.142084 0.16051844466600199 0.179976 1 1 1
3 P_5 31 31 0.5 0.5 0.5 1 1 1
3 P_5 32 32 0.1420395 0.1605 0.179987 1 1 1
3 P_5 33 33 0.5 0.5 0.5 1 1 1
3 P_5 34 34 0.1316185 0.14989733059548255 0.1693545 1 1 1
3 P_5 35 35 0.304313 0.3242424242424242 0.3433115 1 1 1
3 P_5 36 36 0 0 0 1 1 1
3 P_5 37 37 0.2881985 0.3083501006036217 0.3278285 1 1 1
3 P_5 38 38 0.300429 0.3205521472392638 0.339848 1 1 1
3 P_5 39 39 0.105115 0.12142857142857143 0.1391465 1 1 1
3 P_5 40 40 0.2971725 0.31689453125 0.335867 1 1 1
3 P_5 41 41 0.3037375 0.32370820668693007 0.3428225 1 1 1
3 P_5 42 42 0 0 0 1 1 1
3 P_5 43 43 0.2997715 0.32018927444794953 0.339761 1 1 1
3 P_5 44 44 0.2920905 0.31177606177606176 0.330778 1 1 1
3 P_5 45 45 0.149888 0.16846758349705304 0.1879655 1 1 1
3 P_5 46 46 0.3051105 0.32487562189054725 0.3437865 1 1 1
3 P_5 47 47 0.307288 0.3269230769230769 0.345688 1 1 1
3 P_5 48 48 0.0982 0.11478800413650465 0.13297900000000001 1 1 1
3 P_5 49 49 0.2933545 0.3138801261829653 0.3336355 1 1 1
3 P_5 50 50 0.292836 0.31307456588355465 0.332574 1 1 1
3 P_5 51 51 0.2998715 0.31966403162055335 0.338667 1 1 1
3 P_5 52 52 0.3082565 0.32748815165876777 0.345877 1 1 1
3 P_5 53 53 0.04634155 0.05824284304047384 0.0723145 1 1 1
3 P_5 54 54 0.2922345 0.3121301775147929 0.331323 1 1 1
3 P_5 55 55 0.2967235 0.31637596899224807 0.335291 1 1 1
3 P_5 56 56 0.5 0.5 0.5 1 1 1
3 P_5 57 57 0.2908165 0.3105110896817743 0.3295365 1 1 1
3 P_5 58 58 0 0 0 1 1 1
3 P_5 59 59 0.2999365 0.3194980694980695 0.33829 1 1 1
3 P_5 60 60 0.141551 0.1599009900990099 0.179274 1 1 1
3 P_5 61 61 0.2924825 0.312957157784744 0.3326775 1 1 1
3 P_5 62 62 0.2981705 0.318001978239367 0.337062 1 1 1
3 P_5 63 63 0.3044295 0.3239573229873909 0.3426625 1 1 1
3 P_5 64 64 0.299865 0.3192599620493359 0.3379015 1 1 1
3 P_5 65 65 0.2826075 0.30254154447702836 0.3218865 1 1 1
3 P_5 66 66 0 0 0 1 1 1
3 P_5 67 67 0.5 0.5 0.5 1 1 1
3 P_5 68 68 0.155146 0.17455310199789695 0.19487 1 1 1
3 P_5 69 69 0.4278475 0.44238900634249473 0.4545995 1 1 1
3 P_5 70 70 0.4296355 0.44356435643564357 0.455296 1 1 1
3 P_5 71 71 0.291608 0.3113482056256062 0.330406 1 1 1
3 P_5 72 72 0.1351505 0.15320197044334977 0.172347 1 1 1
3 P_5 73 73 0.301316 0.321652719665272 0.34113 1 1 1
3 P_5 74 74 0.298984 0.3184865900383142 0.3372365 1 1 1
3 P_5 75 75 0.297825 0.31786074672048437 0.3371115 1 1 1
3 P_5 76 76 0.5 0.5 0.5 1 1 1
3 P_5 77 77 0.2881845 0.3078770413064361 0.326932 1 1 1
3 P_5 78 78 0 0 0 1 1 1
3 P_5 79 79 0.299706 0.3196392785571142 0.3387725 1 1 1
3 P_5 80 80 0.292841 0.31274703557312256 0.331942 1 1 1
3 P_5 81 81 0.287874 0.3081218274111675 0.327693 1 1 1
3 P_5 82 82 0.3006965 0.32077393075356414 0.340025 1 1 1
3 P_5 83 83 0.287897 0.30858960763520676 0.32857 1 1 1
3 P_5 84 84 0.2992695 0.3191808191808192 0.3382995 1 1 1
3 P_5 85 85 0.284992 0.3048780487804878 0.32415 1 1 1
3 P_5 86 86 0.3016665 0.32175689479060265 0.341007 1 1 1
3 P_5 87 87 0.298148 0.31832139201637666 0.3376925 1 1 1
3 P_5 88 88 0.132563 0.15065065065065064 0.169879 1 1 1
3 P_5 89 89 0.152897 0.1719387755102041 0.191894 1 1 1
3 P_5 90 90 0.295154 0.31503461918892184 0.3341775 1 1 1
3 P_5 91 91 0.5 0.5 0.5 1 1 1
3 P_5 92 92 0.0389046 0.050050556117290194 0.063514 1 1 1
3 P_5 93 93 0.4293415 0.4430622009569378 0.4546645 1 1 1
3 P_5 94 94 0.3002135 0.3204334365325077 0.33982 1 1 1
3 P_5 95 95 0.297592 0.31733594515181196 0.3363235 1 1 1
3 P_5 96 96 0.301236 0.3211422845691383 0.340231 1 1 1
3 P_5 97 97 0.297667 0.3177664974619289 0.337077 1 1 1
3 P_5 98 98 0.312516 0.3321678321678322 0.3508785 1 1 1
3 P_5 99 99 0.2859865 0.30635245901639346 0.326056 1 1 1
3 P_5 100 100 0.299441 0.3192118226600985 0.3382005 1 1 1
3 P_5 101 101 0.302187 0.322267620020429 0.34150199999999997 1 1 1
3 P_5 102 102 0 0 0 1 1 1
3 P_5 103 103 0.5 0.5 0.5 1 1 1
3 P_5 104 104 0 0 0 1 1 1
3 P_5 105 105 0.304462 0.32448979591836735 0.343646 1 1 1
4 P_1 0 0 0.0720895 0.08693361433087461 0.1037475 1 1 1
4 P_1 1 1 0.078282 0.09395604395604396 0.1115955 1 1 1
4 P_1 2 2 0.0752825 0.09004024144869216 0.106643 1 1 1
4 P_1 3 3 0 0 0 1 1 1
4 P_1 4 4 0.0736675 0.08800773694390715 0.1041445 1 1 1
4 P_1 5 5 0.089357 0.10510510510510511 0.122516 1 1 1
4 P_1 6 6 0.0896075 0.10547667342799188 0.1230265 1 1 1
4 P_1 7 7 0.0812525 0.09654471544715447 0.113625 1 1 1
4 P_1 8 8 0.0836535 0.09891196834817013 0.115884 1 1 1
4 P_1 9 9 0.07501 0.09009483667017913 0.1071115 1 1 1
4 P_1 10 10 0.079407 0.09503239740820735 0.112576 1 1 1
4 P_1 11 11 0.5 0.5 0.5 1 1 1
4 P_1 12 12 0 0 0 1 1 1
4 P_1 13 13 0.230483 0.250484496124031 0.2704805 1 1 1
4 P_1 14 14 0.066348 0.08044806517311609 0.0965275 1 1 1
4 P_1 15 15 0.0824305 0.09732824427480916 0.113897 1 1 1
4 P_1 16 16 0.070389 0.08486707566462168 0.101281 1 1 1
4 P_1 17 17 0.0770635 0.0919080919080919 0.1085635 1 1 1
4 P_1 18 18 0.2498415 0.26966824644549764 0.289281 1 1 1
4 P_1 19 19 0 0 0 1 1 1
4 P_1 20 20 0.0825925 0.09857612267250822 0.116461 1 1 1
4 P_1 21 21 0.0809435 0.0960960960960961 0.1130155 1 1 1
4 P_1 22 22 0.5 0.5 0.5 1 1 1
4 P_1 23 23 0.0840625 0.09922178988326848 0.1160635 1 1 1
4 P_1 24 24 0.092654 0.10878447395301327 0.1265685 1 1 1
4 P_1 25 25 0.0784325 0.09355828220858896 0.110518 1 1 1
4 P_1 26 26 0.1356745 0.15365853658536585 0.1727205 1 1 1
4 P_1 27 27 0.0746795 0.08928571428571429 0.1057205 1 1 1
4 P_1 28 28 0.0788235 0.09375 0.110454 1 1 1
4 P_1 29 29 0.079074 0.0938715953307393 0.110411 1 1 1
4 P_1 30 30 0.0790905 0.09432989690721649 0.111409 1 1 1
4 P_1 31 31 0.5 0.5 0.5 1 1 1
4 P_1 32 32 0.073628 0.08860759493670886 0.105539 1 1 1
4 P_1 33 33 0.5 0.5 0.5 1 1 1
4 P_1 34 34 0 0 0 1 1 1
4 P_1 35 35 0.0740685 0.0889348500517063 0.105711 1 1 1
4 P_1 36 36 0 0 0 1 1 1
4 P_1 37 37 0.075242 0.09051724137931035 0.1077625 1 1 1
4 P_1 38 38 0.07907 0.09366130558183539 0.109949 1 1 1
4 P_1 39 39 0.1350865 0.15316205533596838 0.172335 1 1 1
4 P_1 40 40 0.08261 0.09774066797642436 0.1145865 1 1 1
4 P_1 41 41 0.066693 0.08085977482088025 0.0970115 1 1 1
4 P_1 42 42 0 0 0 1 1 1
4 P_1 43 43 0.074633 0.08950617283950617 0.1062725 1 1 1
4 P_1 44 44 0.0699165 0.08425832492431887 0.100518 1 1 1
4 P_1 45 45 0.073771 0.08853633572159672 0.1051965 1 1 1
4 P_1 46 46 0.0777445 0.09257425742574257 0.109191 1 1 1
4 P_1 47 47 0.071286 0.08578680203045685 0.102199 1 1 1
4 P_1 48 48 0.1355965 0.15388496468213925 0.1732855 1 1 1
4 P_1 49 49 0.0705345 0.08462282398452611 0.1005455 1 1 1
4 P_1 50 50 0.083447 0.09888438133874239 0.116079 1 1 1
4 P_1 51 51 0.0856805 0.10097560975609757 0.117938 1 1 1
4 P_1 52 52 0.0859915 0.1015 0.1187115 1 1 1
4 P_1 53 53 0.2436835 0.26417004048583 0.2844925 1 1 1
4 P_1 54 54 0.076062 0.09104938271604938 0.1079115 1 1 1
4 P_1 55 55 0.077823 0.09266600594648167 0.109297 1 1 1
4 P_1 56 56 0.5 0.5 0.5 1 1 1
4 P_1 57 57 0.070063 0.08452868852459017 0.100938 1 1 1
4 P_1 58 58 0 0 0 1 1 1
4 P_1 59 59 0.0656285 0.07930367504835589 0.094872 1 1 1
4 P_1 60 60 0 0 0 1 1 1
4 P_1 61 61 0.085161 0.10105820105820106 0.1187625 1 1 1
4 P_1 62 62 0.0765465 0.09166666666666666 0.108678 1 1 1
4 P_1 63 63 0.0739725 0.08858858858858859 0.1050575 1 1 1
4 P_1 64 64 0.082246 0.09727626459143969 0.11401 1 1 1
4 P_1 65 65 0.076135 0.0906886517943744 0.1070145 1 1 1
4 P_1 66 66 0 0 0 1 1 1
4 P_1 67 67 0.5 0.5 0.5 1 1 1
4 P_1 68 68 0.074425 0.08847926267281106 0.104241 1 1 1
4 P_1 69 69 0.2294115 0.24928229665071772 0.269161 1 1 1
4 P_1 70 70 0.2327435 0.25263157894736843 0.2724905 1 1 1
4 P_1 71 71 0.073937 0.08868501529051988 0.1053185 1 1 1
4 P_1 72 72 0.0888255 0.10469867211440245 0.1222735 1 1 1
4 P_1 73 73 0.075909 0.09046692607003891 0.1068045 1 1 1
4 P_1 74 74 0.0790575 0.09381044487427466 0.110296 1 1 1
4 P_1 75 75 0.0777155 0.09276248725790011 0.1096475 1 1 1
4 P_1 76 76 0.5 0.5 0.5 1 1 1
4 P_1 77 77 0.0791795 0.09425403225806452 0.1111285 1 1 1
4 P_1 78 78 0 0 0 1 1 1
4 P_1 79 79 0.072456 0.08689175769612711 0.1031845 1 1 1
4 P_1 80 80 0.0697805 0.08373205741626795 0.0995085 1 1 1
4 P_1 81 81 0.080753 0.09609455292908531 0.1132495 1 1 1
4 P_1 82 82 0.078925 0.0941358024691358 0.111185 1 1 1
4 P_1 83 83 0.0716555 0.08622448979591837 0.1027095 1 1 1
4 P_1 84 84 0.078095 0.0931174089068826 0.1099605 1 1 1
4 P_1 85 85 0.08605 0.10148514851485149 0.1186065 1 1 1
4 P_1 86 86 0.0824355 0.09762140733399405 0.114539 1 1 1
4 P_1 87 87 0.0639195 0.07815845824411134 0.094506 1 1 1
4 P_1 88 88 0.084419 0.10010373443983403 0.1175715 1 1 1
4 P_1 89 89 0.0853395 0.10091277890466531 0.1182195 1 1 1
4 P_1 90 90 0.0746375 0.08906098741529525 0.105271 1 1 1
4 P_1 91 91 0.5 0.5 0.5 1 1 1
4 P_1 92 92 0.251307 0.27159880834160877 0.291645 1 1 1
4 P_1 93 93 0.2270995 0.2474798387096774 0.2678895 1 1 1
4 P_1 94 94 0.0876875 0.1034658511722732 0.1209565 1 1 1
4 P_1 95 95 0.091251 0.1069676153091266 0.124294 1 1 1
4 P_1 96 96 0.0791795 0.09425403225806452 0.1111285 1 1 1
4 P_1 97 97 0.070805 0.08517034068136273 0.1014295 1 1 1
4 P_1 98 98 0.080537 0.09549461312438785 0.1121875 1 1 1
4 P_1 99 99 0.081085 0.09634888438133875 0.1133995 1 1 1
4 P_1 100 100 0.075481 0.08975563909774437 0.1057575 1 1 1
4 P_1 101 101 0.0762915 0.09109109109109109 0.1077145 1 1 1
4 P_1 102 102 0 0 0 1 1 1
4 P_1 103 103 0.5 0.5 0.5 1 1 1
4 P_1 104 104 0 0 0 1 1 1
4 P_1 105 105 0.0826265 0.09759615384615385 0.1142465 1 1 1
