2 #m
601 #n
0 P_7 0 0 0 0 0 1 1 1
0 P_7 1 1 0.02821975 0.07017543859649122 0.1459505 1 1 1
0 P_7 2 2 0.5 0.5 0.5 1 1 1
0 P_7 3 3 0.0520065 0.10714285714285714 0.189661 1 1 1
0 P_7 4 4 0 0 0 1 1 1
0 P_7 5 5 0.0234878 0.0625 0.1373285 1 1 1
0 P_7 6 6 0 0 0 1 1 1
0 P_7 7 7 0.5 0.5 0.5 1 1 1
0 P_7 8 8 0 0 0 1 1 1
0 P_7 9 9 0.02638325 0.07 0.151835 1 1 1
0 P_7 10 10 0 0 0 1 1 1
0 P_7 11 11 0.0215201 0.05737704918032787 0.127189 1 1 1
0 P_7 12 12 0 0 0 1 1 1
0 P_7 13 13 0.261489 0.3541666666666667 0.423782 1 1 1
0 P_7 14 14 0 0 0 1 1 1
0 P_7 15 15 0.296203 0.39285714285714285 0.453821 1 1 1
0 P_7 16 16 0.0483891 0.1 0.1785595 1 1 1
0 P_7 17 17 0.0294049 0.07777777777777778 0.1664635 1 1 1
0 P_7 18 18 0.0340923 0.08974358974358974 0.1881615 1 1 1
0 P_7 19 19 0 0 0 1 1 1
0 P_7 20 20 0 0 0 1 1 1
0 P_7 21 21 0 0 0 1 1 1
0 P_7 22 22 0 0 0 1 1 1
0 P_7 23 23 0.02549025 0.07317073170731707 0.1658775 1 1 1
0 P_7 24 24 0.5 0.5 0.5 1 1 1
0 P_7 25 25 0.0362485 0.08490566037735849 0.166825 1 1 1
0 P_7 26 26 0 0 0 1 1 1
0 P_7 27 27 0 0 0 1 1 1
0 P_7 28 28 0.0095359 0.03508771929824561 0.1007885 1 1 1
0 P_7 29 29 0.240222 0.3333333333333333 0.4079865 1 1 1
0 P_7 30 30 0.0111089 0.04081632653061224 0.1155255 1 1 1
0 P_7 31 31 0.2908665 0.3709677419354839 0.4299715 1 1 1
0 P_7 32 32 0.2143725 0.30612244897959184 0.3856715 1 1 1
0 P_7 33 33 0.0115868 0.0425531914893617 0.119905 1 1 1
0 P_7 34 34 0.220312 0.31521739130434784 0.3950955 1 1 1
0 P_7 35 35 0.01529675 0.049019607843137254 0.1245075 1 1 1
0 P_7 36 36 0 0 0 1 1 1
0 P_7 37 37 0 0 0 1 1 1
0 P_7 38 38 0 0 0 1 1 1
0 P_7 39 39 0 0 0 1 1 1
0 P_7 40 40 0.0113428 0.041666666666666664 0.1176745 1 1 1
0 P_7 41 41 0 0 0 1 1 1
0 P_7 42 42 0.244613 0.336734693877551 0.410008 1 1 1
0 P_7 43 43 0.0126776 0.046511627906976744 0.1297345 1 1 1
0 P_7 44 44 0.240684 0.3225806451612903 0.391808 1 1 1
0 P_7 45 45 0.5 0.5 0.5 1 1 1
0 P_7 46 46 0.5 0.5 0.5 1 1 1
0 P_7 47 47 0.276318 0.3673469387755102 0.432894 1 1 1
0 P_7 48 48 0 0 0 1 1 1
0 P_7 49 49 0 0 0 1 1 1
0 P_7 50 50 0.5 0.5 0.5 1 1 1
0 P_7 51 51 0 0 0 1 1 1
0 P_7 52 52 0.5 0.5 0.5 1 1 1
0 P_7 53 53 0.0248671 0.07142857142857142 0.162468 1 1 1
0 P_7 54 54 0.04314055 0.08955223880597014 0.161939 1 1 1
0 P_7 55 55 0.04958905 0.10576923076923077 0.191563 1 1 1
0 P_7 56 56 0 0 0 1 1 1
0 P_7 57 57 0.0237081 0.06818181818181818 0.156048 1 1 1
0 P_7 58 58 0.5 0.5 0.5 1 1 1
0 P_7 59 59 0.065392 0.1375 0.2390285 1 1 1
0 P_7 60 60 0.02316825 0.06666666666666667 0.153023 1 1 1
0 P_7 61 61 0.311375 0.40217391304347827 0.458006 1 1 1
0 P_7 62 62 0 0 0 1 1 1
0 P_7 63 63 0 0 0 1 1 1
0 P_7 64 64 0 0 0 1 1 1
0 P_7 65 65 0.5 0.5 0.5 1 1 1
0 P_7 66 66 0 0 0 1 1 1
0 P_7 67 67 0 0 0 1 1 1
0 P_7 68 68 0.0630165 0.125 0.2126685 1 1 1
0 P_7 69 69 0 0 0 1 1 1
0 P_7 70 70 0 0 0 1 1 1
0 P_7 71 71 0.5 0.5 0.5 1 1 1
0 P_7 72 72 0 0 0 1 1 1
0 P_7 73 73 0 0 0 1 1 1
0 P_7 74 74 0 0 0 1 1 1
0 P_7 75 75 0 0 0 1 1 1
0 P_7 76 76 0.035553800000000003 0.08333333333333333 0.1641105 1 1 1
0 P_7 77 77 0 0 0 1 1 1
0 P_7 78 78 0 0 0 1 1 1
0 P_7 79 79 0.5 0.5 0.5 1 1 1
0 P_7 80 80 0.244613 0.336734693877551 0.410008 1 1 1
0 P_7 81 81 0.291106 0.3829787234042553 0.4448625 1 1 1
0 P_7 82 82 0 0 0 1 1 1
0 P_7 83 83 0.0074988 0.03333333333333333 0.109404 1 1 1
0 P_7 84 84 0.5 0.5 0.5 1 1 1
0 P_7 85 85 0 0 0 1 1 1
0 P_7 86 86 0.2298435 0.3229166666666667 0.3998365 1 1 1
0 P_7 87 87 0.0401742 0.09375 0.1818435 1 1 1
0 P_7 88 88 0 0 0 1 1 1
0 P_7 89 89 0 0 0 1 1 1
0 P_7 90 90 0 0 0 1 1 1
0 P_7 91 91 0.5 0.5 0.5 1 1 1
0 P_7 92 92 0.02265245 0.06521739130434782 0.1501115 1 1 1
0 P_7 93 93 0.2733475 0.3627450980392157 0.4285465 1 1 1
0 P_7 94 94 0 0 0 1 1 1
0 P_7 95 95 0.01476255 0.05405405405405406 0.1478935 1 1 1
0 P_7 96 96 0 0 0 1 1 1
0 P_7 97 97 0.2552685 0.3522727272727273 0.4247485 1 1 1
0 P_7 98 98 0 0 0 1 1 1
0 P_7 99 99 0 0 0 1 1 1
0 P_7 100 100 0 0 0 1 1 1
0 P_7 101 101 0 0 0 1 1 1
0 P_7 102 102 0 0 0 1 1 1
0 P_7 103 103 0 0 0 1 1 1
0 P_7 104 104 0.226133 0.32222222222222224 0.4013325 1 1 1
0 P_7 105 105 0.03101795 0.07692307692307693 0.158295 1 1 1
0 P_7 106 106 0.069996 0.1346153846153846 0.2229515 1 1 1
0 P_7 107 107 0.294814 0.3854166666666667 0.4460695 1 1 1
0 P_7 108 108 0.0291424 0.08333333333333333 0.185289 1 1 1
0 P_7 109 109 0.5 0.5 0.5 1 1 1
0 P_7 110 110 0 0 0 1 1 1
0 P_7 111 111 0.5 0.5 0.5 1 1 1
0 P_7 112 112 0.31324 0.39473684210526316 0.448948 1 1 1
0 P_7 113 113 0 0 0 1 1 1
0 P_7 114 114 0 0 0 1 1 1
0 P_7 115 115 0 0 0 1 1 1
0 P_7 116 116 0 0 0 1 1 1
0 P_7 117 117 0 0 0 1 1 1
0 P_7 118 118 0.5 0.5 0.5 1 1 1
0 P_7 119 119 0.241846 0.33695652173913043 0.412038 1 1 1
0 P_7 120 120 0.5 0.5 0.5 1 1 1
0 P_7 121 121 0.5 0.5 0.5 1 1 1
0 P_7 122 122 0 0 0 1 1 1
0 P_7 123 123 0 0 0 1 1 1
0 P_7 124 124 0 0 0 1 1 1
0 P_7 125 125 0.0287382 0.07142857142857142 0.148264 1 1 1
0 P_7 126 126 0.02585205 0.06862745098039216 0.14921 1 1 1
0 P_7 127 127 0.0304147 0.07547169811320754 0.1556635 1 1 1
0 P_7 128 128 0.01662115 0.05319148936170213 0.1338805 1 1 1
0 P_7 129 129 0.232288 0.32954545454545453 0.4077155 1 1 1
0 P_7 130 130 0.003436245 0.02040816326530612 0.086251 1 1 1
0 P_7 131 131 0.2572635 0.35106382978723405 0.4220485 1 1 1
0 P_7 132 132 0.5 0.5 0.5 1 1 1
0 P_7 133 133 0.0625325 0.1276595744680851 0.220388 1 1 1
0 P_7 134 134 0 0 0 1 1 1
0 P_7 135 135 0 0 0 1 1 1
0 P_7 136 136 0.343531 0.42105263157894735 0.466379 1 1 1
0 P_7 137 137 0.5 0.5 0.5 1 1 1
0 P_7 138 138 0 0 0 1 1 1
0 P_7 139 139 0.5 0.5 0.5 1 1 1
0 P_7 140 140 0.2251565 0.3191489361702128 0.3975215 1 1 1
0 P_7 141 141 0.02215915 0.06382978723404255 0.1473085 1 1 1
0 P_7 142 142 0 0 0 1 1 1
0 P_7 143 143 0 0 0 1 1 1
0 P_7 144 144 0.0169889 0.05434782608695652 0.1364465 1 1 1
0 P_7 145 145 0 0 0 1 1 1
0 P_7 146 146 0.5 0.5 0.5 1 1 1
0 P_7 147 147 0 0 0 1 1 1
0 P_7 148 148 0.2914725 0.38636363636363635 0.448591 1 1 1
0 P_7 149 149 0.01998355 0.057692307692307696 0.1347175 1 1 1
0 P_7 150 150 0 0 0 1 1 1
0 P_7 151 151 0.0392412 0.08771929824561403 0.166761 1 1 1
0 P_7 152 152 0.2848485 0.36666666666666664 0.4275 1 1 1
0 P_7 153 153 0 0 0 1 1 1
0 P_7 154 154 0.2572635 0.35106382978723405 0.4220485 1 1 1
0 P_7 155 155 0 0 0 1 1 1
0 P_7 156 156 0.5 0.5 0.5 1 1 1
0 P_7 157 157 0.0126776 0.046511627906976744 0.1297345 1 1 1
0 P_7 158 158 0 0 0 1 1 1
0 P_7 159 159 0.0216869 0.0625 0.144607 1 1 1
0 P_7 160 160 0.00717835 0.031914893617021274 0.1052255 1 1 1
0 P_7 161 161 0 0 0 1 1 1
0 P_7 162 162 0 0 0 1 1 1
0 P_7 163 163 0 0 0 1 1 1
0 P_7 164 164 0.5 0.5 0.5 1 1 1
0 P_7 165 165 0 0 0 1 1 1
0 P_7 166 166 0.03157525 0.08333333333333333 0.176658 1 1 1
0 P_7 167 167 0.299298 0.3769230769230769 0.433377 1 1 1
0 P_7 168 168 0.217354 0.3017241379310345 0.376481 1 1 1
0 P_7 169 169 0.253253 0.3392857142857143 0.408179 1 1 1
0 P_7 170 170 0.5 0.5 0.5 1 1 1
0 P_7 171 171 0 0 0 1 1 1
0 P_7 172 172 0.014168 0.045454545454545456 0.1163545 1 1 1
0 P_7 173 173 0 0 0 1 1 1
0 P_7 174 174 0.5 0.5 0.5 1 1 1
0 P_7 175 175 0.0385059 0.09 0.175527 1 1 1
0 P_7 176 176 0.5 0.5 0.5 1 1 1
0 P_7 177 177 0 0 0 1 1 1
0 P_7 178 178 0.5 0.5 0.5 1 1 1
0 P_7 179 179 0.301368 0.375 0.4297 1 1 1
0 P_7 180 180 0.03602015 0.08888888888888889 0.179507 1 1 1
0 P_7 181 181 0.0291424 0.08333333333333333 0.185289 1 1 1
0 P_7 182 182 0.0469294 0.10416666666666667 0.193641 1 1 1
0 P_7 183 183 0 0 0 1 1 1
0 P_7 184 184 0.5 0.5 0.5 1 1 1
0 P_7 185 185 0.0365792 0.08196721311475409 0.1570485 1 1 1
0 P_7 186 186 0.03302275 0.07758620689655173 0.154076 1 1 1
0 P_7 187 187 0 0 0 1 1 1
0 P_7 188 188 0.01560765 0.05 0.126726 1 1 1
0 P_7 189 189 0 0 0 1 1 1
0 P_7 190 190 0.5 0.5 0.5 1 1 1
0 P_7 191 191 0 0 0 1 1 1
0 P_7 192 192 0.3073475 0.39090909090909093 0.447003 1 1 1
0 P_7 193 193 0.01391135 0.044642857142857144 0.11448 1 1 1
0 P_7 194 194 0 0 0 1 1 1
0 P_7 195 195 0 0 0 1 1 1
0 P_7 196 196 0.0248514 0.0660377358490566 0.144221 1 1 1
0 P_7 197 197 0.5 0.5 0.5 1 1 1
0 P_7 198 198 0.00784915 0.03488372093023256 0.113926 1 1 1
0 P_7 199 199 0.2343795 0.32653061224489793 0.402048 1 1 1
0 P_7 200 200 0 0 0 1 1 1
0 P_7 201 201 0.5 0.5 0.5 1 1 1
0 P_7 202 202 0.287254 0.37755102040816324 0.4401605 1 1 1
0 P_7 203 203 0 0 0 1 1 1
0 P_7 204 204 0 0 0 1 1 1
0 P_7 205 205 0.5 0.5 0.5 1 1 1
0 P_7 206 206 0.0418022 0.10256410256410256 0.2027095 1 1 1
0 P_7 207 207 0 0 0 1 1 1
0 P_7 208 208 0.1994725 0.29347826086956524 0.3774635 1 1 1
0 P_7 209 209 0.0281167 0.07446808510638298 0.16029 1 1 1
0 P_7 210 210 0.0324454 0.07627118644067797 0.1517545 1 1 1
0 P_7 211 211 0 0 0 1 1 1
0 P_7 212 212 0.2878995 0.36885245901639346 0.428757 1 1 1
0 P_7 213 213 0.2937535 0.373015873015873 0.431145 1 1 1
0 P_7 214 214 0.5 0.5 0.5 1 1 1
0 P_7 215 215 0.0831475 0.16666666666666666 0.2741725 1 1 1
0 P_7 216 216 0.265337 0.3467741935483871 0.4113245 1 1 1
0 P_7 217 217 0 0 0 1 1 1
0 P_7 218 218 0.0239254 0.06363636363636363 0.139552 1 1 1
0 P_7 219 219 0.0104617 0.038461538461538464 0.1095225 1 1 1
0 P_7 220 220 0 0 0 1 1 1
0 P_7 221 221 0 0 0 1 1 1
0 P_7 222 222 0.04548675 0.09154929577464789 0.161901 1 1 1
0 P_7 223 223 0.5 0.5 0.5 1 1 1
0 P_7 224 224 0.01727105 0.05 0.1184895 1 1 1
0 P_7 225 225 0.2430255 0.3333333333333333 0.406189 1 1 1
0 P_7 226 226 0.0369709 0.08653846153846154 0.169629 1 1 1
0 P_7 227 227 0 0 0 1 1 1
0 P_7 228 228 0 0 0 1 1 1
0 P_7 229 229 0 0 0 1 1 1
0 P_7 230 230 0.0434692 0.09322033898305085 0.171574 1 1 1
0 P_7 231 231 0 0 0 1 1 1
0 P_7 232 232 0 0 0 1 1 1
0 P_7 233 233 0 0 0 1 1 1
0 P_7 234 234 0.5 0.5 0.5 1 1 1
0 P_7 235 235 0.03932235 0.09183673469387756 0.17863 1 1 1
0 P_7 236 236 0.5 0.5 0.5 1 1 1
0 P_7 237 237 0 0 0 1 1 1
0 P_7 238 238 0.5 0.5 0.5 1 1 1
0 P_7 239 239 0.5 0.5 0.5 1 1 1
0 P_7 240 240 0.086206 0.1568627450980392 0.247021 1 1 1
0 P_7 241 241 0.5 0.5 0.5 1 1 1
0 P_7 242 242 0 0 0 1 1 1
0 P_7 243 243 0.0377228 0.08823529411764706 0.172528 1 1 1
0 P_7 244 244 0 0 0 1 1 1
0 P_7 245 245 0.2488105 0.33064516129032256 0.398404 1 1 1
0 P_7 246 246 0 0 0 1 1 1
0 P_7 247 247 0.003825365 0.022727272727272728 0.095068 1 1 1
0 P_7 248 248 0.320493 0.4111111111111111 0.46398 1 1 1
0 P_7 249 249 0.5 0.5 0.5 1 1 1
0 P_7 250 250 0.5 0.5 0.5 1 1 1
0 P_7 251 251 0 0 0 1 1 1
0 P_7 252 252 0.5 0.5 0.5 1 1 1
0 P_7 253 253 0 0 0 1 1 1
0 P_7 254 254 0.02534185 0.0673076923076923 0.1466735 1 1 1
0 P_7 255 255 0.3382395 0.4152542372881356 0.4621365 1 1 1
0 P_7 256 256 0.01088445 0.04 0.113453 1 1 1
0 P_7 257 257 0 0 0 1 1 1
0 P_7 258 258 0 0 0 1 1 1
0 P_7 259 259 0 0 0 1 1 1
0 P_7 260 260 0 0 0 1 1 1
0 P_7 261 261 0.0571765 0.1111111111111111 0.1888935 1 1 1
0 P_7 262 262 0.2047555 0.3023255813953488 0.387068 1 1 1
0 P_7 263 263 0 0 0 1 1 1
0 P_7 264 264 0 0 0 1 1 1
0 P_7 265 265 0 0 0 1 1 1
0 P_7 266 266 0.0342415 0.08035714285714286 0.1589365 1 1 1
0 P_7 267 267 0 0 0 1 1 1
0 P_7 268 268 0 0 0 1 1 1
0 P_7 269 269 0.05721 0.11403508771929824 0.1965015 1 1 1
0 P_7 270 270 0.0195898 0.0625 0.154157 1 1 1
0 P_7 271 271 0.03932235 0.09183673469387756 0.17863 1 1 1
0 P_7 272 272 0.0212344 0.061224489795918366 0.142002 1 1 1
0 P_7 273 273 0 0 0 1 1 1
0 P_7 274 274 0.2457345 0.34523809523809523 0.4209045 1 1 1
0 P_7 275 275 0.5 0.5 0.5 1 1 1
0 P_7 276 276 0.314788 0.39344262295081966 0.4467155 1 1 1
0 P_7 277 277 0 0 0 1 1 1
0 P_7 278 278 0 0 0 1 1 1
0 P_7 279 279 0.5 0.5 0.5 1 1 1
0 P_7 280 280 0.5 0.5 0.5 1 1 1
0 P_7 281 281 0.5 0.5 0.5 1 1 1
0 P_7 282 282 0 0 0 1 1 1
0 P_7 283 283 0.304077 0.3977272727272727 0.456013 1 1 1
0 P_7 284 284 0.01959875 0.05660377358490566 0.1324515 1 1 1
0 P_7 285 285 0.00661325 0.029411764705882353 0.097755 1 1 1
0 P_7 286 286 0.0348853 0.08181818181818182 0.1614825 1 1 1
0 P_7 287 287 0.5 0.5 0.5 1 1 1
0 P_7 288 288 0.2751575 0.35964912280701755 0.423445 1 1 1
0 P_7 289 289 0.5 0.5 0.5 1 1 1
0 P_7 290 290 0 0 0 1 1 1
0 P_7 291 291 0 0 0 1 1 1
0 P_7 292 292 0 0 0 1 1 1
0 P_7 293 293 0.2943935 0.38235294117647056 0.44263 1 1 1
0 P_7 294 294 0.2705625 0.3524590163934426 0.4162035 1 1 1
0 P_7 295 295 0 0 0 1 1 1
0 P_7 296 296 0 0 0 1 1 1
0 P_7 297 297 0.5 0.5 0.5 1 1 1
0 P_7 298 298 0.2552685 0.3522727272727273 0.4247485 1 1 1
0 P_7 299 299 0.2417495 0.325 0.39475 1 1 1
0 P_7 300 300 0.01852845 0.05357142857142857 0.1260865 1 1 1
0 P_7 301 301 0.5 0.5 0.5 1 1 1
0 P_7 302 302 0.5 0.5 0.5 1 1 1
0 P_7 303 303 0.2604725 0.3448275862068966 0.4115675 1 1 1
0 P_7 304 304 0 0 0 1 1 1
0 P_7 305 305 0.0699705 0.13157894736842105 0.215533 1 1 1
0 P_7 306 306 0 0 0 1 1 1
0 P_7 307 307 0.5 0.5 0.5 1 1 1
0 P_7 308 308 0 0 0 1 1 1
0 P_7 309 309 0.0415072 0.09259259259259259 0.1748625 1 1 1
0 P_7 310 310 0 0 0 1 1 1
0 P_7 311 311 0 0 0 1 1 1
0 P_7 312 312 0.04188905 0.109375 0.221713 1 1 1
0 P_7 313 313 0.2211065 0.3181818181818182 0.3988935 1 1 1
0 P_7 314 314 0.311569 0.39622641509433965 0.451389 1 1 1
0 P_7 315 315 0.255021 0.3425925925925926 0.4117785 1 1 1
0 P_7 316 316 0 0 0 1 1 1
0 P_7 317 317 0.3158335 0.4125 0.4667905 1 1 1
0 P_7 318 318 0.0336211 0.07894736842105263 0.156469 1 1 1
0 P_7 319 319 0 0 0 1 1 1
0 P_7 320 320 0.02265905 0.0603448275862069 0.133086 1 1 1
0 P_7 321 321 0.0203838 0.058823529411764705 0.137062 1 1 1
0 P_7 322 322 0.5 0.5 0.5 1 1 1
0 P_7 323 323 0.2166135 0.3170731707317073 0.400363 1 1 1
0 P_7 324 324 0 0 0 1 1 1
0 P_7 325 325 0.006746 0.03 0.0995215 1 1 1
0 P_7 326 326 0 0 0 1 1 1
0 P_7 327 327 0 0 0 1 1 1
0 P_7 328 328 0.2288295 0.32 0.3962365 1 1 1
0 P_7 329 329 0.0502105 0.1111111111111111 0.2045995 1 1 1
0 P_7 330 330 0.2140155 0.30392156862745096 0.3825305 1 1 1
0 P_7 331 331 0.01787765 0.05172413793103448 0.122171 1 1 1
0 P_7 332 332 0.248363 0.34444444444444444 0.4183325 1 1 1
0 P_7 333 333 0.5 0.5 0.5 1 1 1
0 P_7 334 334 0 0 0 1 1 1
0 P_7 335 335 0 0 0 1 1 1
0 P_7 336 336 0 0 0 1 1 1
0 P_7 337 337 0.061254 0.11864406779661017 0.200025 1 1 1
0 P_7 338 338 0 0 0 1 1 1
0 P_7 339 339 0.5 0.5 0.5 1 1 1
0 P_7 340 340 0.298395 0.3877551020408163 0.447225 1 1 1
0 P_7 341 341 0.0598395 0.12244897959183673 0.212746 1 1 1
0 P_7 342 342 0.5 0.5 0.5 1 1 1
0 P_7 343 343 0 0 0 1 1 1
0 P_7 344 344 0 0 0 1 1 1
0 P_7 345 345 0.5 0.5 0.5 1 1 1
0 P_7 346 346 0.04906695 0.10869565217391304 0.200814 1 1 1
0 P_7 347 347 0.03229925 0.08 0.163832 1 1 1
0 P_7 348 348 0.05721 0.11403508771929824 0.1965015 1 1 1
0 P_7 349 349 0.5 0.5 0.5 1 1 1
0 P_7 350 350 0.02874635 0.07608695652173914 0.163319 1 1 1
0 P_7 351 351 0.079521 0.14545454545454545 0.231791 1 1 1
0 P_7 352 352 0 0 0 1 1 1
0 P_7 353 353 0 0.013513513513513514 0 1 1 1
0 P_7 354 354 0.0377228 0.08823529411764706 0.172528 1 1 1
0 P_7 355 355 0 0 0 1 1 1
0 P_7 356 356 0.0419892 0.09016393442622951 0.1665985 1 1 1
0 P_7 357 357 0 0 0 1 1 1
0 P_7 358 358 0.0118415 0.043478260869565216 0.1222205 1 1 1
0 P_7 359 359 0 0 0 1 1 1
0 P_7 360 360 0 0 0 1 1 1
0 P_7 361 361 0 0 0 1 1 1
0 P_7 362 362 0.0308286 0.07258064516129033 0.1451885 1 1 1
0 P_7 363 363 0 0 0 1 1 1
0 P_7 364 364 0 0 0 1 1 1
0 P_7 365 365 0 0 0 1 1 1
0 P_7 366 366 0.2441695 0.3253968253968254 0.39366 1 1 1
0 P_7 367 367 0.02534185 0.0673076923076923 0.1466735 1 1 1
0 P_7 368 368 0.5 0.5 0.5 1 1 1
0 P_7 369 369 0.5 0.5 0.5 1 1 1
0 P_7 370 370 0.5 0.5 0.5 1 1 1
0 P_7 371 371 0 0 0 1 1 1
0 P_7 372 372 0 0 0 1 1 1
0 P_7 373 373 0.02874635 0.07608695652173914 0.163319 1 1 1
0 P_7 374 374 0.5 0.5 0.5 1 1 1
0 P_7 375 375 0.2430255 0.3333333333333333 0.406189 1 1 1
0 P_7 376 376 0.5 0.5 0.5 1 1 1
0 P_7 377 377 0.257944 0.35714285714285715 0.4295335 1 1 1
0 P_7 378 378 0.235683 0.32978723404255317 0.4058715 1 1 1
0 P_7 379 379 0 0 0 1 1 1
0 P_7 380 380 0.298395 0.3877551020408163 0.447225 1 1 1
0 P_7 381 381 0.2608295 0.3490566037735849 0.417272 1 1 1
0 P_7 382 382 0 0 0 1 1 1
0 P_7 383 383 0.03229925 0.08 0.163832 1 1 1
0 P_7 384 384 0.5 0.5 0.5 1 1 1
0 P_7 385 385 0 0 0 1 1 1
0 P_7 386 386 0.5 0.5 0.5 1 1 1
0 P_7 387 387 0.2806335 0.36792452830188677 0.4314035 1 1 1
0 P_7 388 388 0 0 0 1 1 1
0 P_7 389 389 0 0 0 1 1 1
0 P_7 390 390 0.0216869 0.0625 0.144607 1 1 1
0 P_7 391 391 0 0 0 1 1 1
0 P_7 392 392 0 0 0 1 1 1
0 P_7 393 393 0.5 0.5 0.5 1 1 1
0 P_7 394 394 0.0454526 0.1111111111111111 0.2166625 1 1 1
0 P_7 395 395 0 0 0 1 1 1
0 P_7 396 396 0.5 0.5 0.5 1 1 1
0 P_7 397 397 0.0523865 0.10483870967741936 0.182587 1 1 1
0 P_7 398 398 0.324473 0.41 0.461494 1 1 1
0 P_7 399 399 0.5 0.5 0.5 1 1 1
0 P_7 400 400 0 0 0 1 1 1
0 P_7 401 401 0.2695245 0.36 0.427026 1 1 1
0 P_7 402 402 0.03229925 0.08 0.163832 1 1 1
0 P_7 403 403 0.2479695 0.3333333333333333 0.4029605 1 1 1
0 P_7 404 404 0 0 0 1 1 1
0 P_7 405 405 0 0 0 1 1 1
0 P_7 406 406 0.0195898 0.0625 0.154157 1 1 1
0 P_7 407 407 0.2972905 0.3974358974358974 0.458198 1 1 1
0 P_7 408 408 0.302837 0.39361702127659576 0.4520255 1 1 1
0 P_7 409 409 0.2670895 0.36363636363636365 0.4329385 1 1 1
0 P_7 410 410 0.5 0.5 0.5 1 1 1
0 P_7 411 411 0 0 0 1 1 1
0 P_7 412 412 0.5 0.5 0.5 1 1 1
0 P_7 413 413 0 0 0 1 1 1
0 P_7 414 414 0.26666 0.34615384615384615 0.409598 1 1 1
0 P_7 415 415 0.04316945 0.09615384615384616 0.1807095 1 1 1
0 P_7 416 416 0 0 0 1 1 1
0 P_7 417 417 0 0 0 1 1 1
0 P_7 418 418 0 0 0 1 1 1
0 P_7 419 419 0 0 0 1 1 1
0 P_7 420 420 0.078838 0.14166666666666666 0.223985 1 1 1
0 P_7 421 421 0.2332175 0.3235294117647059 0.39844 1 1 1
0 P_7 422 422 0.02614545 0.075 0.169432 1 1 1
0 P_7 423 423 0 0 0 1 1 1
0 P_7 424 424 0.023065950000000002 0.06140350877192982 0.135174 1 1 1
0 P_7 425 425 0.0526665 0.11627906976744186 0.2126065 1 1 1
0 P_7 426 426 0.5 0.5 0.5 1 1 1
0 P_7 427 427 0.2831555 0.38095238095238093 0.4460125 1 1 1
0 P_7 428 428 0 0 0 1 1 1
0 P_7 429 429 0.5 0.5 0.5 1 1 1
0 P_7 430 430 0.0195898 0.0625 0.154157 1 1 1
0 P_7 431 431 0 0 0 1 1 1
0 P_7 432 432 0 0 0 1 1 1
0 P_7 433 433 0.5 0.5 0.5 1 1 1
0 P_7 434 434 0.5 0.5 0.5 1 1 1
0 P_7 435 435 0 0 0 1 1 1
0 P_7 436 436 0.2101195 0.3068181818181818 0.3898785 1 1 1
0 P_7 437 437 0.0620905 0.13095238095238096 0.229589 1 1 1
0 P_7 438 438 0.5 0.5 0.5 1 1 1
0 P_7 439 439 0 0 0 1 1 1
0 P_7 440 440 0.0365792 0.08196721311475409 0.1570485 1 1 1
0 P_7 441 441 0.3093075 0.3898305084745763 0.4448225 1 1 1
0 P_7 442 442 0 0 0 1 1 1
0 P_7 443 443 0.255021 0.3425925925925926 0.4117785 1 1 1
0 P_7 444 444 0.0239254 0.06363636363636363 0.139552 1 1 1
0 P_7 445 445 0 0 0 1 1 1
0 P_7 446 446 0 0 0 1 1 1
0 P_7 447 447 0.5 0.5 0.5 1 1 1
0 P_7 448 448 0 0 0 1 1 1
0 P_7 449 449 0 0 0 1 1 1
0 P_7 450 450 0.5 0.5 0.5 1 1 1
0 P_7 451 451 0 0 0 1 1 1
0 P_7 452 452 0 0 0 1 1 1
0 P_7 453 453 0 0 0 1 1 1
0 P_7 454 454 0.05621 0.11538461538461539 0.20221 1 1 1
0 P_7 455 455 0.2741655 0.375 0.4431615 1 1 1
0 P_7 456 456 0 0 0 1 1 1
0 P_7 457 457 0 0 0 1 1 1
0 P_7 458 458 0 0 0 1 1 1
0 P_7 459 459 0 0 0 1 1 1
0 P_7 460 460 0.2374025 0.34210526315789475 0.4215615 1 1 1
0 P_7 461 461 0.2354585 0.3375 0.416643 1 1 1
0 P_7 462 462 0 0 0 1 1 1
0 P_7 463 463 0.02215915 0.06382978723404255 0.1473085 1 1 1
0 P_7 464 464 0.0212344 0.061224489795918366 0.142002 1 1 1
0 P_7 465 465 0 0 0 1 1 1
0 P_7 466 466 0.5 0.5 0.5 1 1 1
0 P_7 467 467 0.061254 0.11864406779661017 0.200025 1 1 1
0 P_7 468 468 0.293911 0.37719298245614036 0.4364805 1 1 1
0 P_7 469 469 0.0630165 0.125 0.2126685 1 1 1
0 P_7 470 470 0.014168 0.045454545454545456 0.1163545 1 1 1
0 P_7 471 471 0 0 0 1 1 1
0 P_7 472 472 0.047671 0.10185185185185185 0.185398 1 1 1
0 P_7 473 473 0.252891 0.34782608695652173 0.420234 1 1 1
0 P_7 474 474 0.5 0.5 0.5 1 1 1
0 P_7 475 475 0.5 0.5 0.5 1 1 1
0 P_7 476 476 0.224301 0.3163265306122449 0.393934 1 1 1
0 P_7 477 477 0.0605575 0.12037037037037036 0.2058985 1 1 1
0 P_7 478 478 0.5 0.5 0.5 1 1 1
0 P_7 479 479 0 0 0 1 1 1
0 P_7 480 480 0 0 0 1 1 1
0 P_7 481 481 0.5 0.5 0.5 1 1 1
0 P_7 482 482 0.0100706 0.037037037037037035 0.105854 1 1 1
0 P_7 483 483 0.5 0.5 0.5 1 1 1
0 P_7 484 484 0.004671895 0.027777777777777776 0.113635 1 1 1
0 P_7 485 485 0 0 0 1 1 1
0 P_7 486 486 0.0520065 0.10714285714285714 0.189661 1 1 1
0 P_7 487 487 0.5 0.5 0.5 1 1 1
0 P_7 488 488 0.2641335 0.358695652173913 0.4282345 1 1 1
0 P_7 489 489 0.0340923 0.08974358974358974 0.1881615 1 1 1
0 P_7 490 490 0 0 0 1 1 1
0 P_7 491 491 0.01727105 0.05 0.1184895 1 1 1
0 P_7 492 492 0.5 0.5 0.5 1 1 1
0 P_7 493 493 0 0 0 1 1 1
0 P_7 494 494 0 0 0 1 1 1
0 P_7 495 495 0.0526665 0.11627906976744186 0.2126065 1 1 1
0 P_7 496 496 0.5 0.5 0.5 1 1 1
0 P_7 497 497 0 0 0 1 1 1
0 P_7 498 498 0.04316945 0.09615384615384616 0.1807095 1 1 1
0 P_7 499 499 0.0372102 0.08333333333333333 0.15937 1 1 1
0 P_7 500 500 0.5 0.5 0.5 1 1 1
0 P_7 501 501 0 0 0 1 1 1
0 P_7 502 502 0.0068842 0.030612244897959183 0.101353 1 1 1
0 P_7 503 503 0 0 0 1 1 1
0 P_7 504 504 0.03320975 0.0875 0.1841665 1 1 1
0 P_7 505 505 0 0 0 1 1 1
0 P_7 506 506 0.0516685 0.11 0.1981445 1 1 1
0 P_7 507 507 0.04592915 0.10204081632653061 0.19024 1 1 1
0 P_7 508 508 0.04958905 0.10576923076923077 0.191563 1 1 1
0 P_7 509 509 0 0 0 1 1 1
0 P_7 510 510 0.02316825 0.06666666666666667 0.153023 1 1 1
0 P_7 511 511 0.0920135 0.16666666666666666 0.259778 1 1 1
0 P_7 512 512 0.00912885 0.04054054054054054 0.130037 1 1 1
0 P_7 513 513 0.5 0.5 0.5 1 1 1
0 P_7 514 514 0.035553800000000003 0.08333333333333333 0.1641105 1 1 1
0 P_7 515 515 0 0 0 1 1 1
0 P_7 516 516 0 0 0 1 1 1
0 P_7 517 517 0 0 0 1 1 1
0 P_7 518 518 0 0 0 1 1 1
0 P_7 519 519 0.0123461 0.03968253968253968 0.1028705 1 1 1
0 P_7 520 520 0.0206435 0.06578947368421052 0.161117 1 1 1
0 P_7 521 521 0.0292761 0.07272727272727272 0.150652 1 1 1
0 P_7 522 522 0.0269368 0.07142857142857142 0.1545535 1 1 1
0 P_7 523 523 0.0399685 0.08928571428571429 0.169378 1 1 1
0 P_7 524 524 0.00571365 0.025423728813559324 0.0855925 1 1 1
0 P_7 525 525 0.2572635 0.35106382978723405 0.4220485 1 1 1
0 P_7 526 526 0.5 0.5 0.5 1 1 1
0 P_7 527 527 0 0 0 1 1 1
0 P_7 528 528 0 0 0 1 1 1
0 P_7 529 529 0.268336 0.3617021276595745 0.4298585 1 1 1
0 P_7 530 530 0.3010775 0.3867924528301887 0.4449035 1 1 1
0 P_7 531 531 0.03157525 0.08333333333333333 0.176658 1 1 1
0 P_7 532 532 0 0 0 1 1 1
0 P_7 533 533 0.01998355 0.057692307692307696 0.1347175 1 1 1
0 P_7 534 534 0.0212141 0.06756756756756757 0.164835 1 1 1
0 P_7 535 535 0.2908835 0.38 0.4414215 1 1 1
0 P_7 536 536 0 0 0 1 1 1
0 P_7 537 537 0.0369709 0.08653846153846154 0.169629 1 1 1
0 P_7 538 538 0.03443325 0.0851063829787234 0.1728945 1 1 1
0 P_7 539 539 0.0539305 0.11458333333333333 0.205186 1 1 1
0 P_7 540 540 0 0 0 1 1 1
0 P_7 541 541 0 0 0 1 1 1
0 P_7 542 542 0.5 0.5 0.5 1 1 1
0 P_7 543 543 0 0 0 1 1 1
0 P_7 544 544 0 0 0 1 1 1
0 P_7 545 545 0 0 0 1 1 1
0 P_7 546 546 0 0 0 1 1 1
0 P_7 547 547 0 0 0 1 1 1
0 P_7 548 548 0.0136408 0.05 0.138225 1 1 1
0 P_7 549 549 0.0294049 0.07777777777777778 0.1664635 1 1 1
0 P_7 550 550 0.257383 0.36764705882352944 0.4423095 1 1 1
0 P_7 551 551 0 0 0 1 1 1
0 P_7 552 552 0.2343795 0.32653061224489793 0.402048 1 1 1
0 P_7 553 553 0.5 0.5 0.5 1 1 1
0 P_7 554 554 0.5 0.5 0.5 1 1 1
0 P_7 555 555 0.2505895 0.3488372093023256 0.4228745 1 1 1
0 P_7 556 556 0.5 0.5 0.5 1 1 1
0 P_7 557 557 0 0 0 1 1 1
0 P_7 558 558 0.02245555 0.07142857142857142 0.172804 1 1 1
0 P_7 559 559 0 0 0 1 1 1
0 P_7 560 560 0 0 0 1 1 1
0 P_7 561 561 0.2874755 0.37272727272727274 0.43404 1 1 1
0 P_7 562 562 0 0 0 1 1 1
0 P_7 563 563 0.5 0.5 0.5 1 1 1
0 P_7 564 564 0.5 0.5 0.5 1 1 1
0 P_7 565 565 0.01662115 0.05319148936170213 0.1338805 1 1 1
0 P_7 566 566 0.5 0.5 0.5 1 1 1
0 P_7 567 567 0.00259243 0.015384615384615385 0.0664975 1 1 1
0 P_7 568 568 0.0674655 0.1271186440677966 0.2092215 1 1 1
0 P_7 569 569 0 0 0 1 1 1
0 P_7 570 570 0 0 0 1 1 1
0 P_7 571 571 0.3093075 0.3898305084745763 0.4448225 1 1 1
0 P_7 572 572 0 0 0 1 1 1
0 P_7 573 573 0 0 0 1 1 1
0 P_7 574 574 0.2196255 0.3125 0.3915265 1 1 1
0 P_7 575 575 0 0 0 1 1 1
0 P_7 576 576 0.5 0.5 0.5 1 1 1
0 P_7 577 577 0 0 0 1 1 1
0 P_7 578 578 0.2609715 0.3625 0.434608 1 1 1
0 P_7 579 579 0 0 0 1 1 1
0 P_7 580 580 0 0 0 1 1 1
0 P_7 581 581 0.5 0.5 0.5 1 1 1
0 P_7 582 582 0.0281167 0.07446808510638298 0.16029 1 1 1
0 P_7 583 583 0 0 0 1 1 1
0 P_7 584 584 0.01787765 0.05172413793103448 0.122171 1 1 1
0 P_7 585 585 0.0399685 0.08928571428571429 0.169378 1 1 1
0 P_7 586 586 0.0392412 0.08771929824561403 0.166761 1 1 1
0 P_7 587 587 0.333239 0.41228070175438597 0.460759 1 1 1
0 P_7 588 588 0.5 0.5 0.5 1 1 1
0 P_7 589 589 0.0362485 0.08490566037735849 0.166825 1 1 1
0 P_7 590 590 0.335777 0.41379310344827586 0.46146 1 1 1
0 P_7 591 591 0 0 0 1 1 1
0 P_7 592 592 0 0 0 1 1 1
0 P_7 593 593 0.2531055 0.35365853658536583 0.4276975 1 1 1
0 P_7 594 594 0 0 0 1 1 1
0 P_7 595 595 0 0 0 1 1 1
0 P_7 596 596 0 0 0 1 1 1
0 P_7 597 597 0.5 0.5 0.5 1 1 1
0 P_7 598 598 0 0 0 1 1 1
0 P_7 599 599 0.0458962 0.09821428571428571 0.179613 1 1 1
0 P_7 600 600 0.02549025 0.07317073170731707 0.1658775 1 1 1
1 P_5 0 0 0 0 0 1 1 1
1 P_5 1 1 0.0539305 0.11458333333333333 0.205186 1 1 1
1 P_5 2 2 0.5 0.5 0.5 1 1 1
1 P_5 3 3 0.0248671 0.07142857142857142 0.162468 1 1 1
1 P_5 4 4 0 0 0 1 1 1
1 P_5 5 5 0.0385059 0.09 0.175527 1 1 1
1 P_5 6 6 0.195735 0.2830188679245283 0.363627 1 1 1
1 P_5 7 7 0.5 0.5 0.5 1 1 1
1 P_5 8 8 0 0 0 1 1 1
1 P_5 9 9 0.0239254 0.06363636363636363 0.139552 1 1 1
1 P_5 10 10 0 0 0 1 1 1
1 P_5 11 11 0.0208224 0.05555555555555555 0.123538 1 1 1
1 P_5 12 12 0.1801635 0.2631578947368421 0.343666 1 1 1
1 P_5 13 13 0 0 0 1 1 1
1 P_5 14 14 0 0 0 1 1 1
1 P_5 15 15 0 0 0 1 1 1
1 P_5 16 16 0.01998355 0.057692307692307696 0.1347175 1 1 1
1 P_5 17 17 0.0831475 0.16666666666666666 0.2741725 1 1 1
1 P_5 18 18 0.03298055 0.08163265306122448 0.166747 1 1 1
1 P_5 19 19 0 0 0 1 1 1
1 P_5 20 20 0.217354 0.3017241379310345 0.376481 1 1 1
1 P_5 21 21 0.186877 0.2894736842105263 0.381241 1 1 1
1 P_5 22 22 0 0 0 1 1 1
1 P_5 23 23 0.0239254 0.06363636363636363 0.139552 1 1 1
1 P_5 24 24 0.5 0.5 0.5 1 1 1
1 P_5 25 25 0.097952 0.17346938775510204 0.2656205 1 1 1
1 P_5 26 26 0 0 0 1 1 1
1 P_5 27 27 0 0 0 1 1 1
1 P_5 28 28 0.01787765 0.05172413793103448 0.122171 1 1 1
1 P_5 29 29 0 0 0 1 1 1
1 P_5 30 30 0.00844075 0.0375 0.1214525 1 1 1
1 P_5 31 31 0 0 0 1 1 1
1 P_5 32 32 0 0 0 1 1 1
1 P_5 33 33 0.026771 0.06666666666666667 0.13942 1 1 1
1 P_5 34 34 0 0 0 1 1 1
1 P_5 35 35 0.0410639 0.09574468085106383 0.185173 1 1 1
1 P_5 36 36 0 0 0 1 1 1
1 P_5 37 37 0.243672 0.3409090909090909 0.416337 1 1 1
1 P_5 38 38 0.1961295 0.2818181818181818 0.361292 1 1 1
1 P_5 39 39 0 0 0 1 1 1
1 P_5 40 40 0.08595 0.1595744680851064 0.2536175 1 1 1
1 P_5 41 41 0 0 0 1 1 1
1 P_5 42 42 0 0 0 1 1 1
1 P_5 43 43 0.03298055 0.08163265306122448 0.166747 1 1 1
1 P_5 44 44 0 0 0 1 1 1
1 P_5 45 45 0.5 0.5 0.5 1 1 1
1 P_5 46 46 0.5 0.5 0.5 1 1 1
1 P_5 47 47 0 0 0 1 1 1
1 P_5 48 48 0.2140155 0.30392156862745096 0.3825305 1 1 1
1 P_5 49 49 0.235248 0.32142857142857145 0.393894 1 1 1
1 P_5 50 50 0.5 0.5 0.5 1 1 1
1 P_5 51 51 0.128345 0.20754716981132076 0.295332 1 1 1
1 P_5 52 52 0.5 0.5 0.5 1 1 1
1 P_5 53 53 0.0986675 0.17777777777777778 0.273867 1 1 1
1 P_5 54 54 0.0922845 0.17045454545454544 0.267712 1 1 1
1 P_5 55 55 0.0434692 0.09322033898305085 0.171574 1 1 1
1 P_5 56 56 0 0 0 1 1 1
1 P_5 57 57 0.0726705 0.13636363636363635 0.222229 1 1 1
1 P_5 58 58 0.5 0.5 0.5 1 1 1
1 P_5 59 59 0.016269 0.052083333333333336 0.131408 1 1 1
1 P_5 60 60 0.0203838 0.058823529411764705 0.137062 1 1 1
1 P_5 61 61 0 0 0 1 1 1
1 P_5 62 62 0 0 0 1 1 1
1 P_5 63 63 0.168005 0.26136363636363635 0.351994 1 1 1
1 P_5 64 64 0 0 0 1 1 1
1 P_5 65 65 0.5 0.5 0.5 1 1 1
1 P_5 66 66 0.18027 0.2708333333333333 0.356779 1 1 1
1 P_5 67 67 0 0 0 1 1 1
1 P_5 68 68 0.5 0.5 0.5 1 1 1
1 P_5 69 69 0.148006 0.23863636363636365 0.331995 1 1 1
1 P_5 70 70 0.204599 0.2978723404255319 0.380329 1 1 1
1 P_5 71 71 0.5 0.5 0.5 1 1 1
1 P_5 72 72 0 0 0 1 1 1
1 P_5 73 73 0 0 0 1 1 1
1 P_5 74 74 0 0 0 1 1 1
1 P_5 75 75 0 0 0 1 1 1
1 P_5 76 76 0.035553800000000003 0.08333333333333333 0.1641105 1 1 1
1 P_5 77 77 0 0 0 1 1 1
1 P_5 78 78 0 0 0 1 1 1
1 P_5 79 79 0.5 0.5 0.5 1 1 1
1 P_5 80 80 0 0 0 1 1 1
1 P_5 81 81 0 0 0 1 1 1
1 P_5 82 82 0 0 0 1 1 1
1 P_5 83 83 0.03229925 0.08 0.163832 1 1 1
1 P_5 84 84 0.5 0.5 0.5 1 1 1
1 P_5 85 85 0 0 0 1 1 1
1 P_5 86 86 0 0 0 1 1 1
1 P_5 87 87 0.0539305 0.11458333333333333 0.205186 1 1 1
1 P_5 88 88 0 0 0 1 1 1
1 P_5 89 89 0 0 0 1 1 1
1 P_5 90 90 0 0 0 1 1 1
1 P_5 91 91 0.5 0.5 0.5 1 1 1
1 P_5 92 92 0.5 0.5 0.5 1 1 1
1 P_5 93 93 0 0 0 1 1 1
1 P_5 94 94 0.1664905 0.2619047619047619 0.354336 1 1 1
1 P_5 95 95 0.0598395 0.12244897959183673 0.212746 1 1 1
1 P_5 96 96 0.2196255 0.3125 0.3915265 1 1 1
1 P_5 97 97 0 0 0 1 1 1
1 P_5 98 98 0.1910325 0.27884615384615385 0.360723 1 1 1
1 P_5 99 99 0 0 0 1 1 1
1 P_5 100 100 0 0 0 1 1 1
1 P_5 101 101 0 0 0 1 1 1
1 P_5 102 102 0 0 0 1 1 1
1 P_5 103 103 0.172386 0.27941176470588236 0.37752 1 1 1
1 P_5 104 104 0 0 0 1 1 1
1 P_5 105 105 0.0442491 0.09482758620689655 0.1741735 1 1 1
1 P_5 106 106 0.5 0.5 0.5 1 1 1
1 P_5 107 107 0 0 0 1 1 1
1 P_5 108 108 0.0418022 0.10256410256410256 0.2027095 1 1 1
1 P_5 109 109 0.5 0.5 0.5 1 1 1
1 P_5 110 110 0.172475 0.26744186046511625 0.358132 1 1 1
1 P_5 111 111 0.5 0.5 0.5 1 1 1
1 P_5 112 112 0 0 0 1 1 1
1 P_5 113 113 0 0 0 1 1 1
1 P_5 114 114 0.213718 0.3018867924528302 0.379566 1 1 1
1 P_5 115 115 0.2046135 0.29411764705882354 0.374378 1 1 1
1 P_5 116 116 0.233767 0.3333333333333333 0.41203650000000003 1 1 1
1 P_5 117 117 0.218073 0.3055555555555556 0.382001 1 1 1
1 P_5 118 118 0.5 0.5 0.5 1 1 1
1 P_5 119 119 0 0 0 1 1 1
1 P_5 120 120 0.5 0.5 0.5 1 1 1
1 P_5 121 121 0.5 0.5 0.5 1 1 1
1 P_5 122 122 0 0 0 1 1 1
1 P_5 123 123 0.1910325 0.27884615384615385 0.360723 1 1 1
1 P_5 124 124 0 0 0 1 1 1
1 P_5 125 125 0.0115868 0.0425531914893617 0.119905 1 1 1
1 P_5 126 126 0.052775 0.11224489795918367 0.201605 1 1 1
1 P_5 127 127 0.0385059 0.09 0.175527 1 1 1
1 P_5 128 128 0.082728 0.1509433962264151 0.2391705 1 1 1
1 P_5 129 129 0 0 0 1 1 1
1 P_5 130 130 0.0640275 0.12096774193548387 0.2004065 1 1 1
1 P_5 131 131 0 0 0 1 1 1
1 P_5 132 132 0.5 0.5 0.5 1 1 1
1 P_5 133 133 0.5 0.5 0.5 1 1 1
1 P_5 134 134 0 0 0 1 1 1
1 P_5 135 135 0 0 0 1 1 1
1 P_5 136 136 0 0 0 1 1 1
1 P_5 137 137 0.5 0.5 0.5 1 1 1
1 P_5 138 138 0 0 0 1 1 1
1 P_5 139 139 0.5 0.5 0.5 1 1 1
1 P_5 140 140 0 0 0 1 1 1
1 P_5 141 141 0.04861105 0.10377358490566038 0.188431 1 1 1
1 P_5 142 142 0 0 0 1 1 1
1 P_5 143 143 0.1697435 0.2692307692307692 0.3635645 1 1 1
1 P_5 144 144 0.0248671 0.07142857142857142 0.162468 1 1 1
1 P_5 145 145 0.143017 0.22033898305084745 0.303087 1 1 1
1 P_5 146 146 0.5 0.5 0.5 1 1 1
1 P_5 147 147 0 0 0 1 1 1
1 P_5 148 148 0 0 0 1 1 1
1 P_5 149 149 0.0362485 0.08490566037735849 0.166825 1 1 1
1 P_5 150 150 0 0 0 1 1 1
1 P_5 151 151 0.06596 0.12727272727272726 0.2125245 1 1 1
1 P_5 152 152 0 0 0 1 1 1
1 P_5 153 153 0 0 0 1 1 1
1 P_5 154 154 0 0 0 1 1 1
1 P_5 155 155 0 0 0 1 1 1
1 P_5 156 156 0.5 0.5 0.5 1 1 1
1 P_5 157 157 0.00336773 0.02 0.0846795 1 1 1
1 P_5 158 158 0.175594 0.25892857142857145 0.340548 1 1 1
1 P_5 159 159 0.0865045 0.15454545454545454 0.2412185 1 1 1
1 P_5 160 160 0.0362485 0.08490566037735849 0.166825 1 1 1
1 P_5 161 161 0 0 0 1 1 1
1 P_5 162 162 0 0 0 1 1 1
1 P_5 163 163 0 0 0 1 1 1
1 P_5 164 164 0.5 0.5 0.5 1 1 1
1 P_5 165 165 0.2507675 0.34375 0.415971 1 1 1
1 P_5 166 166 0.086831 0.15254237288135594 0.2360695 1 1 1
1 P_5 167 167 0 0 0 1 1 1
1 P_5 168 168 0 0 0 1 1 1
1 P_5 169 169 0 0 0 1 1 1
1 P_5 170 170 0.5 0.5 0.5 1 1 1
1 P_5 171 171 0.204652 0.3 0.3835905 1 1 1
1 P_5 172 172 0.0751535 0.13793103448275862 0.2215185 1 1 1
1 P_5 173 173 0 0 0 1 1 1
1 P_5 174 174 0.5 0.5 0.5 1 1 1
1 P_5 175 175 0.0591085 0.125 0.220849 1 1 1
1 P_5 176 176 0.5 0.5 0.5 1 1 1
1 P_5 177 177 0 0 0 1 1 1
1 P_5 178 178 0.5 0.5 0.5 1 1 1
1 P_5 179 179 0 0 0 1 1 1
1 P_5 180 180 0.0492453 0.1016949152542373 0.1812125 1 1 1
1 P_5 181 181 0.03932235 0.09183673469387756 0.17863 1 1 1
1 P_5 182 182 0.0832645 0.14912280701754385 0.2340245 1 1 1
1 P_5 183 183 0.178266 0.2727272727272727 0.3617315 1 1 1
1 P_5 184 184 0.5 0.5 0.5 1 1 1
1 P_5 185 185 0.0369709 0.08653846153846154 0.169629 1 1 1
1 P_5 186 186 0.0336912 0.08333333333333333 0.1697655 1 1 1
1 P_5 187 187 0 0 0 1 1 1
1 P_5 188 188 0.0670615 0.13636363636363635 0.2329105 1 1 1
1 P_5 189 189 0.2090175 0.2916666666666667 0.366813 1 1 1
1 P_5 190 190 0.5 0.5 0.5 1 1 1
1 P_5 191 191 0.195735 0.2830188679245283 0.363627 1 1 1
1 P_5 192 192 0 0 0 1 1 1
1 P_5 193 193 0.06859 0.13541666666666666 0.2276045 1 1 1
1 P_5 194 194 0 0 0 1 1 1
1 P_5 195 195 0 0 0 1 1 1
1 P_5 196 196 0.02427375 0.06976744186046512 0.159194 1 1 1
1 P_5 197 197 0.5 0.5 0.5 1 1 1
1 P_5 198 198 0.084029 0.15625 0.2492325 1 1 1
1 P_5 199 199 0 0 0 1 1 1
1 P_5 200 200 0 0 0 1 1 1
1 P_5 201 201 0.5 0.5 0.5 1 1 1
1 P_5 202 202 0 0 0 1 1 1
1 P_5 203 203 0 0 0 1 1 1
1 P_5 204 204 0.1830465 0.27906976744186046 0.3679655 1 1 1
1 P_5 205 205 0.5 0.5 0.5 1 1 1
1 P_5 206 206 0.04861105 0.10377358490566038 0.188431 1 1 1
1 P_5 207 207 0 0 0 1 1 1
1 P_5 208 208 0 0 0 1 1 1
1 P_5 209 209 0.0804345 0.15 0.2408885 1 1 1
1 P_5 210 210 0.067106 0.1326530612244898 0.223682 1 1 1
1 P_5 211 211 0 0 0 1 1 1
1 P_5 212 212 0 0 0 1 1 1
1 P_5 213 213 0 0 0 1 1 1
1 P_5 214 214 0.5 0.5 0.5 1 1 1
1 P_5 215 215 0.5 0.5 0.5 1 1 1
1 P_5 216 216 0 0 0 1 1 1
1 P_5 217 217 0 0 0 1 1 1
1 P_5 218 218 0 0.011363636363636364 0 1 1 1
1 P_5 219 219 0.004006865 0.023809523809523808 0.099119 1 1 1
1 P_5 220 220 0 0 0 1 1 1
1 P_5 221 221 0 0 0 1 1 1
1 P_5 222 222 0.1408225 0.22826086956521738 0.32071 1 1 1
1 P_5 223 223 0.5 0.5 0.5 1 1 1
1 P_5 224 224 0.0564005 0.11956521739130435 0.2127355 1 1 1
1 P_5 225 225 0 0 0 1 1 1
1 P_5 226 226 0.03776075 0.09302325581395349 0.186637 1 1 1
1 P_5 227 227 0.1620885 0.2558139534883721 0.348114 1 1 1
1 P_5 228 228 0 0 0 1 1 1
1 P_5 229 229 0 0 0 1 1 1
1 P_5 230 230 0.0710635 0.14864864864864866 0.2546835 1 1 1
1 P_5 231 231 0 0 0 1 1 1
1 P_5 232 232 0 0 0 1 1 1
1 P_5 233 233 0 0 0 1 1 1
1 P_5 234 234 0.5 0.5 0.5 1 1 1
1 P_5 235 235 0.03967855 0.0975609756097561 0.1943475 1 1 1
1 P_5 236 236 0.5 0.5 0.5 1 1 1
1 P_5 237 237 0.220312 0.31521739130434784 0.3950955 1 1 1
1 P_5 238 238 0.5 0.5 0.5 1 1 1
1 P_5 239 239 0.5 0.5 0.5 1 1 1
1 P_5 240 240 0.5 0.5 0.5 1 1 1
1 P_5 241 241 0.5 0.5 0.5 1 1 1
1 P_5 242 242 0.2827905 0.36153846153846153 0.4216745 1 1 1
1 P_5 243 243 0.0520065 0.10714285714285714 0.189661 1 1 1
1 P_5 244 244 0 0 0 1 1 1
1 P_5 245 245 0 0 0 1 1 1
1 P_5 246 246 0.1945585 0.2872340425531915 0.371496 1 1 1
1 P_5 247 247 0.0754285 0.15714285714285714 0.2662625 1 1 1
1 P_5 248 248 0 0 0 1 1 1
1 P_5 249 249 0.5 0.5 0.5 1 1 1
1 P_5 250 250 0.5 0.5 0.5 1 1 1
1 P_5 251 251 0 0 0 1 1 1
1 P_5 252 252 0.5 0.5 0.5 1 1 1
1 P_5 253 253 0 0 0 1 1 1
1 P_5 254 254 0.04676675 0.1 0.18246 1 1 1
1 P_5 255 255 0 0 0 1 1 1
1 P_5 256 256 0.04497075 0.1 0.186955 1 1 1
1 P_5 257 257 0 0 0 1 1 1
1 P_5 258 258 0 0 0 1 1 1
1 P_5 259 259 0 0 0 1 1 1
1 P_5 260 260 0.195735 0.2830188679245283 0.363627 1 1 1
1 P_5 261 261 0.0630165 0.125 0.2126685 1 1 1
1 P_5 262 262 0 0 0 1 1 1
1 P_5 263 263 0.204652 0.3 0.3835905 1 1 1
1 P_5 264 264 0.2388095 0.3372093023255814 0.414241 1 1 1
1 P_5 265 265 0.2053885 0.2846153846153846 0.3580605 1 1 1
1 P_5 266 266 0.101596 0.1693548387096774 0.2511895 1 1 1
1 P_5 267 267 0.1830465 0.27906976744186046 0.3679655 1 1 1
1 P_5 268 268 0 0 0 1 1 1
1 P_5 269 269 0.0958365 0.17 0.2612285 1 1 1
1 P_5 270 270 0.02215915 0.06382978723404255 0.1473085 1 1 1
1 P_5 271 271 0.03101795 0.07692307692307693 0.158295 1 1 1
1 P_5 272 272 0.0342415 0.08035714285714286 0.1589365 1 1 1
1 P_5 273 273 0 0 0 1 1 1
1 P_5 274 274 0 0 0 1 1 1
1 P_5 275 275 0.5 0.5 0.5 1 1 1
1 P_5 276 276 0 0 0 1 1 1
1 P_5 277 277 0 0 0 1 1 1
1 P_5 278 278 0 0 0 1 1 1
1 P_5 279 279 0.5 0.5 0.5 1 1 1
1 P_5 280 280 0.5 0.5 0.5 1 1 1
1 P_5 281 281 0.5 0.5 0.5 1 1 1
1 P_5 282 282 0 0 0 1 1 1
1 P_5 283 283 0 0 0 1 1 1
1 P_5 284 284 0.0234878 0.0625 0.1373285 1 1 1
1 P_5 285 285 0.06859 0.13541666666666666 0.2276045 1 1 1
1 P_5 286 286 0.0790955 0.15476190476190477 0.2542655 1 1 1
1 P_5 287 287 0.5 0.5 0.5 1 1 1
1 P_5 288 288 0 0 0 1 1 1
1 P_5 289 289 0.5 0.5 0.5 1 1 1
1 P_5 290 290 0 0 0 1 1 1
1 P_5 291 291 0.2363025 0.32407407407407407 0.3971325 1 1 1
1 P_5 292 292 0 0 0 1 1 1
1 P_5 293 293 0 0 0 1 1 1
1 P_5 294 294 0 0 0 1 1 1
1 P_5 295 295 0.19534 0.28431372549019607 0.3660975 1 1 1
1 P_5 296 296 0 0 0 1 1 1
1 P_5 297 297 0.5 0.5 0.5 1 1 1
1 P_5 298 298 0 0 0 1 1 1
1 P_5 299 299 0 0 0 1 1 1
1 P_5 300 300 0.0340193 0.0967741935483871 0.209739 1 1 1
1 P_5 301 301 0.5 0.5 0.5 1 1 1
1 P_5 302 302 0.5 0.5 0.5 1 1 1
1 P_5 303 303 0 0 0 1 1 1
1 P_5 304 304 0.2000725 0.28846153846153844 0.368936 1 1 1
1 P_5 305 305 0.0263206 0.06557377049180328 0.13737 1 1 1
1 P_5 306 306 0 0 0 1 1 1
1 P_5 307 307 0.5 0.5 0.5 1 1 1
1 P_5 308 308 0 0 0 1 1 1
1 P_5 309 309 0.02215915 0.06382978723404255 0.1473085 1 1 1
1 P_5 310 310 0 0 0 1 1 1
1 P_5 311 311 0.2095635 0.3020833333333333 0.383062 1 1 1
1 P_5 312 312 0.058381 0.1282051282051282 0.2306075 1 1 1
1 P_5 313 313 0 0 0 1 1 1
1 P_5 314 314 0 0 0 1 1 1
1 P_5 315 315 0 0 0 1 1 1
1 P_5 316 316 0.2093745 0.3 0.3799555 1 1 1
1 P_5 317 317 0 0 0 1 1 1
1 P_5 318 318 0.0269368 0.07142857142857142 0.1545535 1 1 1
1 P_5 319 319 0.1898885 0.28125 0.3656855 1 1 1
1 P_5 320 320 0.071295 0.13392857142857142 0.218831 1 1 1
1 P_5 321 321 0.03443325 0.0851063829787234 0.1728945 1 1 1
1 P_5 322 322 0.5 0.5 0.5 1 1 1
1 P_5 323 323 0 0 0 1 1 1
1 P_5 324 324 0 0 0 1 1 1
1 P_5 325 325 0.065685 0.13 0.219889 1 1 1
1 P_5 326 326 0 0 0 1 1 1
1 P_5 327 327 0 0 0 1 1 1
1 P_5 328 328 0 0 0 1 1 1
1 P_5 329 329 0.0362485 0.08490566037735849 0.166825 1 1 1
1 P_5 330 330 0 0 0 1 1 1
1 P_5 331 331 0.02010285 0.0641025641025641 0.157561 1 1 1
1 P_5 332 332 0 0 0 1 1 1
1 P_5 333 333 0.5 0.5 0.5 1 1 1
1 P_5 334 334 0 0 0 1 1 1
1 P_5 335 335 0 0 0 1 1 1
1 P_5 336 336 0.1682705 0.2549019607843137 0.3405065 1 1 1
1 P_5 337 337 0.03932235 0.09183673469387756 0.17863 1 1 1
1 P_5 338 338 0 0 0 1 1 1
1 P_5 339 339 0.5 0.5 0.5 1 1 1
1 P_5 340 340 0 0 0 1 1 1
1 P_5 341 341 0.0313493 0.07377049180327869 0.14731349999999999 1 1 1
1 P_5 342 342 0.5 0.5 0.5 1 1 1
1 P_5 343 343 0.2093745 0.3 0.3799555 1 1 1
1 P_5 344 344 0.2090175 0.2916666666666667 0.366813 1 1 1
1 P_5 345 345 0.5 0.5 0.5 1 1 1
1 P_5 346 346 0.0074988 0.03333333333333333 0.109404 1 1 1
1 P_5 347 347 0.0900945 0.15789473684210525 0.243085 1 1 1
1 P_5 348 348 0.002807895 0.016666666666666666 0.0716255 1 1 1
1 P_5 349 349 0.5 0.5 0.5 1 1 1
1 P_5 350 350 0.0516685 0.11 0.1981445 1 1 1
1 P_5 351 351 0.016269 0.052083333333333336 0.131408 1 1 1
1 P_5 352 352 0.235683 0.32978723404255317 0.4058715 1 1 1
1 P_5 353 353 0.052997 0.10909090909090909 0.1926525 1 1 1
1 P_5 354 354 0.0492453 0.1016949152542373 0.1812125 1 1 1
1 P_5 355 355 0 0 0 1 1 1
1 P_5 356 356 0.0399685 0.08928571428571429 0.169378 1 1 1
1 P_5 357 357 0 0 0 1 1 1
1 P_5 358 358 0.023065950000000002 0.06140350877192982 0.135174 1 1 1
1 P_5 359 359 0.248863 0.34 0.411942 1 1 1
1 P_5 360 360 0 0 0 1 1 1
1 P_5 361 361 0 0 0 1 1 1
1 P_5 362 362 0.0965705 0.16153846153846155 0.2412735 1 1 1
1 P_5 363 363 0 0 0 1 1 1
1 P_5 364 364 0.1898885 0.28125 0.3656855 1 1 1
1 P_5 365 365 0 0 0 1 1 1
1 P_5 366 366 0 0 0 1 1 1
1 P_5 367 367 0.08595 0.1595744680851064 0.2536175 1 1 1
1 P_5 368 368 0.5 0.5 0.5 1 1 1
1 P_5 369 369 0.5 0.5 0.5 1 1 1
1 P_5 370 370 0.5 0.5 0.5 1 1 1
1 P_5 371 371 0.1694375 0.2608695652173913 0.3497965 1 1 1
1 P_5 372 372 0.2047465 0.2909090909090909 0.369081 1 1 1
1 P_5 373 373 0.0126776 0.046511627906976744 0.1297345 1 1 1
1 P_5 374 374 0.5 0.5 0.5 1 1 1
1 P_5 375 375 0 0 0 1 1 1
1 P_5 376 376 0.5 0.5 0.5 1 1 1
1 P_5 377 377 0 0 0 1 1 1
1 P_5 378 378 0 0 0 1 1 1
1 P_5 379 379 0.1998535 0.29 0.37161 1 1 1
1 P_5 380 380 0 0 0 1 1 1
1 P_5 381 381 0 0 0 1 1 1
1 P_5 382 382 0.2000725 0.28846153846153844 0.368936 1 1 1
1 P_5 383 383 0.0623665 0.1206896551724138 0.2030125 1 1 1
1 P_5 384 384 0.5 0.5 0.5 1 1 1
1 P_5 385 385 0.219032 0.31 0.3881655 1 1 1
1 P_5 386 386 0.5 0.5 0.5 1 1 1
1 P_5 387 387 0 0 0 1 1 1
1 P_5 388 388 0 0 0 1 1 1
1 P_5 389 389 0 0 0 1 1 1
1 P_5 390 390 0.01330385 0.04878048780487805 0.1352745 1 1 1
1 P_5 391 391 0.1998535 0.29 0.37161 1 1 1
1 P_5 392 392 0 0 0 1 1 1
1 P_5 393 393 0.5 0.5 0.5 1 1 1
1 P_5 394 394 0.0452434 0.09375 0.1686715 1 1 1
1 P_5 395 395 0 0 0 1 1 1
1 P_5 396 396 0.5 0.5 0.5 1 1 1
1 P_5 397 397 0.0283304 0.08108108108108109 0.181057 1 1 1
1 P_5 398 398 0 0 0 1 1 1
1 P_5 399 399 0.5 0.5 0.5 1 1 1
1 P_5 400 400 0.2251565 0.3191489361702128 0.3975215 1 1 1
1 P_5 401 401 0 0 0 1 1 1
1 P_5 402 402 0.0516685 0.11 0.1981445 1 1 1
1 P_5 403 403 0 0 0 1 1 1
1 P_5 404 404 0 0 0 1 1 1
1 P_5 405 405 0.190466 0.28 0.363131 1 1 1
1 P_5 406 406 0.0512945 0.11842105263157894 0.2215625 1 1 1
1 P_5 407 407 0 0 0 1 1 1
1 P_5 408 408 0 0 0 1 1 1
1 P_5 409 409 0 0 0 1 1 1
1 P_5 410 410 0.5 0.5 0.5 1 1 1
1 P_5 411 411 0 0 0 1 1 1
1 P_5 412 412 0.5 0.5 0.5 1 1 1
1 P_5 413 413 0 0 0 1 1 1
1 P_5 414 414 0 0 0 1 1 1
1 P_5 415 415 0.0392412 0.08771929824561403 0.166761 1 1 1
1 P_5 416 416 0 0 0 1 1 1
1 P_5 417 417 0 0 0 1 1 1
1 P_5 418 418 0.21051 0.30952380952380953 0.39363 1 1 1
1 P_5 419 419 0.2279295 0.3173076923076923 0.3928385 1 1 1
1 P_5 420 420 0.5 0.5 0.5 1 1 1
1 P_5 421 421 0 0 0 1 1 1
1 P_5 422 422 0.120434 0.19811320754716982 0.286282 1 1 1
1 P_5 423 423 0 0 0 1 1 1
1 P_5 424 424 0.01662115 0.05319148936170213 0.1338805 1 1 1
1 P_5 425 425 0.065685 0.13 0.219889 1 1 1
1 P_5 426 426 0.5 0.5 0.5 1 1 1
1 P_5 427 427 0 0 0 1 1 1
1 P_5 428 428 0.2176875 0.30357142857142855 0.379167 1 1 1
1 P_5 429 429 0.5 0.5 0.5 1 1 1
1 P_5 430 430 0.027618 0.06521739130434782 0.131862 1 1 1
1 P_5 431 431 0 0 0 1 1 1
1 P_5 432 432 0 0 0 1 1 1
1 P_5 433 433 0.5 0.5 0.5 1 1 1
1 P_5 434 434 0.5 0.5 0.5 1 1 1
1 P_5 435 435 0.270411 0.36904761904761907 0.4379095 1 1 1
1 P_5 436 436 0 0 0 1 1 1
1 P_5 437 437 0.5 0.5 0.5 1 1 1
1 P_5 438 438 0.5 0.5 0.5 1 1 1
1 P_5 439 439 0 0 0 1 1 1
1 P_5 440 440 0.0392412 0.08771929824561403 0.166761 1 1 1
1 P_5 441 441 0 0 0 1 1 1
1 P_5 442 442 0 0 0 1 1 1
1 P_5 443 443 0 0 0 1 1 1
1 P_5 444 444 0.02316825 0.06666666666666667 0.153023 1 1 1
1 P_5 445 445 0.1915875 0.2777777777777778 0.3584485 1 1 1
1 P_5 446 446 0 0 0 1 1 1
1 P_5 447 447 0.5 0.5 0.5 1 1 1
1 P_5 448 448 0.2213315 0.3050847457627119 0.378763 1 1 1
1 P_5 449 449 0.2279295 0.3173076923076923 0.3928385 1 1 1
1 P_5 450 450 0.5 0.5 0.5 1 1 1
1 P_5 451 451 0 0 0 1 1 1
1 P_5 452 452 0 0 0 1 1 1
1 P_5 453 453 0 0 0 1 1 1
1 P_5 454 454 0.0506075 0.10784313725490197 0.194799 1 1 1
1 P_5 455 455 0 0 0 1 1 1
1 P_5 456 456 0 0 0 1 1 1
1 P_5 457 457 0.2488105 0.33064516129032256 0.398404 1 1 1
1 P_5 458 458 0 0 0 1 1 1
1 P_5 459 459 0.182979 0.26851851851851855 0.350378 1 1 1
1 P_5 460 460 0 0 0 1 1 1
1 P_5 461 461 0 0 0 1 1 1
1 P_5 462 462 0.243672 0.3409090909090909 0.416337 1 1 1
1 P_5 463 463 0.0316456 0.0784313725490196 0.1610165 1 1 1
1 P_5 464 464 0.0699705 0.13157894736842105 0.215533 1 1 1
1 P_5 465 465 0 0 0 1 1 1
1 P_5 466 466 0.5 0.5 0.5 1 1 1
1 P_5 467 467 0.0479743 0.10638297872340426 0.197163 1 1 1
1 P_5 468 468 0 0 0 1 1 1
1 P_5 469 469 0.02316825 0.06666666666666667 0.153023 1 1 1
1 P_5 470 470 0.0751535 0.13793103448275862 0.2215185 1 1 1
1 P_5 471 471 0 0 0 1 1 1
1 P_5 472 472 0.0433049 0.11290322580645161 0.2274815 1 1 1
1 P_5 473 473 0 0 0 1 1 1
1 P_5 474 474 0.5 0.5 0.5 1 1 1
1 P_5 475 475 0.5 0.5 0.5 1 1 1
1 P_5 476 476 0 0 0 1 1 1
1 P_5 477 477 0.5 0.5 0.5 1 1 1
1 P_5 478 478 0.5 0.5 0.5 1 1 1
1 P_5 479 479 0 0 0 1 1 1
1 P_5 480 480 0 0 0 1 1 1
1 P_5 481 481 0.5 0.5 0.5 1 1 1
1 P_5 482 482 0.03994935 0.0859375 0.159649 1 1 1
1 P_5 483 483 0.5 0.5 0.5 1 1 1
1 P_5 484 484 0.055376 0.12195121951219512 0.2212505 1 1 1
1 P_5 485 485 0 0 0 1 1 1
1 P_5 486 486 0.03229925 0.08 0.163832 1 1 1
1 P_5 487 487 0.5 0.5 0.5 1 1 1
1 P_5 488 488 0 0 0 1 1 1
1 P_5 489 489 0.051214 0.1 0.172099 1 1 1
1 P_5 490 490 0 0 0 1 1 1
1 P_5 491 491 0.003740645 0.022222222222222223 0.0931635 1 1 1
1 P_5 492 492 0.5 0.5 0.5 1 1 1
1 P_5 493 493 0 0 0 1 1 1
1 P_5 494 494 0 0 0 1 1 1
1 P_5 495 495 0.0113428 0.041666666666666664 0.1176745 1 1 1
1 P_5 496 496 0.5 0.5 0.5 1 1 1
1 P_5 497 497 0 0 0 1 1 1
1 P_5 498 498 0.0303249 0.07142857142857142 0.143123 1 1 1
1 P_5 499 499 0.05737 0.11764705882352941 0.2056065 1 1 1
1 P_5 500 500 0.5 0.5 0.5 1 1 1
1 P_5 501 501 0.181311 0.28205128205128205 0.3742025 1 1 1
1 P_5 502 502 0.0752515 0.14772727272727273 0.2447315 1 1 1
1 P_5 503 503 0.1760795 0.2653061224489796 0.3512045 1 1 1
1 P_5 504 504 0.0292761 0.07272727272727272 0.150652 1 1 1
1 P_5 505 505 0 0 0 1 1 1
1 P_5 506 506 0.03932235 0.09183673469387756 0.17863 1 1 1
1 P_5 507 507 0.0208004 0.06 0.1394885 1 1 1
1 P_5 508 508 0.03776075 0.09302325581395349 0.186637 1 1 1
1 P_5 509 509 0 0 0 1 1 1
1 P_5 510 510 0.0672525 0.12962962962962962 0.2158925 1 1 1
1 P_5 511 511 0.5 0.5 0.5 1 1 1
1 P_5 512 512 0.03101795 0.07692307692307693 0.158295 1 1 1
1 P_5 513 513 0.5 0.5 0.5 1 1 1
1 P_5 514 514 0.0598395 0.12244897959183673 0.212746 1 1 1
1 P_5 515 515 0 0 0 1 1 1
1 P_5 516 516 0 0 0 1 1 1
1 P_5 517 517 0 0 0 1 1 1
1 P_5 518 518 0.13749 0.22340425531914893 0.3153285 1 1 1
1 P_5 519 519 0.01529675 0.049019607843137254 0.1245075 1 1 1
1 P_5 520 520 0.05721 0.11403508771929824 0.1965015 1 1 1
1 P_5 521 521 0.0215201 0.05737704918032787 0.127189 1 1 1
1 P_5 522 522 0.04505635 0.10465116279069768 0.199784 1 1 1
1 P_5 523 523 0.0410639 0.09574468085106383 0.185173 1 1 1
1 P_5 524 524 0.04861105 0.10377358490566038 0.188431 1 1 1
1 P_5 525 525 0 0 0 1 1 1
1 P_5 526 526 0.5 0.5 0.5 1 1 1
1 P_5 527 527 0 0 0 1 1 1
1 P_5 528 528 0 0 0 1 1 1
1 P_5 529 529 0 0 0 1 1 1
1 P_5 530 530 0 0 0 1 1 1
1 P_5 531 531 0.06859 0.13541666666666666 0.2276045 1 1 1
1 P_5 532 532 0 0 0 1 1 1
1 P_5 533 533 0.0377228 0.08823529411764706 0.172528 1 1 1
1 P_5 534 534 0.01529675 0.049019607843137254 0.1245075 1 1 1
1 P_5 535 535 0 0 0 1 1 1
1 P_5 536 536 0.1473065 0.24358974358974358 0.341591 1 1 1
1 P_5 537 537 0.0263206 0.06557377049180328 0.13737 1 1 1
1 P_5 538 538 0.085759 0.16279069767441862 0.2611905 1 1 1
1 P_5 539 539 0.01319445 0.0423728813559322 0.1091995 1 1 1
1 P_5 540 540 0 0 0 1 1 1
1 P_5 541 541 0 0 0 1 1 1
1 P_5 542 542 0.5 0.5 0.5 1 1 1
1 P_5 543 543 0 0 0 1 1 1
1 P_5 544 544 0 0 0 1 1 1
1 P_5 545 545 0 0 0 1 1 1
1 P_5 546 546 0 0 0 1 1 1
1 P_5 547 547 0 0 0 1 1 1
1 P_5 548 548 0.067106 0.1326530612244898 0.223682 1 1 1
1 P_5 549 549 0.055376 0.12195121951219512 0.2212505 1 1 1
1 P_5 550 550 0 0 0 1 1 1
1 P_5 551 551 0 0 0 1 1 1
1 P_5 552 552 0 0 0 1 1 1
1 P_5 553 553 0.5 0.5 0.5 1 1 1
1 P_5 554 554 0.5 0.5 0.5 1 1 1
1 P_5 555 555 0 0 0 1 1 1
1 P_5 556 556 0.5 0.5 0.5 1 1 1
1 P_5 557 557 0 0 0 1 1 1
1 P_5 558 558 0.0475623 0.09836065573770492 0.1759815 1 1 1
1 P_5 559 559 0 0 0 1 1 1
1 P_5 560 560 0 0 0 1 1 1
1 P_5 561 561 0 0 0 1 1 1
1 P_5 562 562 0.178212 0.2641509433962264 0.347229 1 1 1
1 P_5 563 563 0.5 0.5 0.5 1 1 1
1 P_5 564 564 0.5 0.5 0.5 1 1 1
1 P_5 565 565 0.06596 0.12727272727272726 0.2125245 1 1 1
1 P_5 566 566 0.5 0.5 0.5 1 1 1
1 P_5 567 567 0.0419892 0.09016393442622951 0.1665985 1 1 1
1 P_5 568 568 0.01593145 0.05102040816326531 0.129025 1 1 1
1 P_5 569 569 0 0 0 1 1 1
1 P_5 570 570 0 0 0 1 1 1
1 P_5 571 571 0 0 0 1 1 1
1 P_5 572 572 0 0 0 1 1 1
1 P_5 573 573 0 0 0 1 1 1
1 P_5 574 574 0 0 0 1 1 1
1 P_5 575 575 0 0 0 1 1 1
1 P_5 576 576 0.5 0.5 0.5 1 1 1
1 P_5 577 577 0.2279295 0.3173076923076923 0.3928385 1 1 1
1 P_5 578 578 0 0 0 1 1 1
1 P_5 579 579 0.189301 0.2826086956521739 0.3684005 1 1 1
1 P_5 580 580 0.1801635 0.2631578947368421 0.343666 1 1 1
1 P_5 581 581 0.5 0.5 0.5 1 1 1
1 P_5 582 582 0.0118415 0.043478260869565216 0.1222205 1 1 1
1 P_5 583 583 0 0 0 1 1 1
1 P_5 584 584 0.0790955 0.15476190476190477 0.2542655 1 1 1
1 P_5 585 585 0.0177755 0.056818181818181816 0.141884 1 1 1
1 P_5 586 586 0.0336912 0.08333333333333333 0.1697655 1 1 1
1 P_5 587 587 0 0 0 1 1 1
1 P_5 588 588 0.5 0.5 0.5 1 1 1
1 P_5 589 589 0.04592915 0.10204081632653061 0.19024 1 1 1
1 P_5 590 590 0 0 0 1 1 1
1 P_5 591 591 0 0 0 1 1 1
1 P_5 592 592 0 0 0 1 1 1
1 P_5 593 593 0 0 0 1 1 1
1 P_5 594 594 0.217354 0.3017241379310345 0.376481 1 1 1
1 P_5 595 595 0 0 0 1 1 1
1 P_5 596 596 0 0 0 1 1 1
1 P_5 597 597 0.5 0.5 0.5 1 1 1
1 P_5 598 598 0 0 0 1 1 1
1 P_5 599 599 0.0281167 0.07446808510638298 0.16029 1 1 1
1 P_5 600 600 0.03188795 0.075 0.149501 1 1 1
