10 #m
10 #n
0 P_7 0 0 0.5 0.5 0.5 1 1 1
0 P_7 1 1 0.0823095 0.0871 0.092078 1 1 1
0 P_7 2 2 0.0823095 0.0871 0.092078 1 1 1
0 P_7 3 3 0 0 0 1 1 1
0 P_7 4 4 0.0823095 0.0871 0.092078 1 1 1
0 P_7 5 5 0 0 0 1 1 1
0 P_7 6 6 0.0823095 0.0871 0.092078 1 1 1
0 P_7 7 7 0.0823095 0.0871 0.092078 1 1 1
0 P_7 8 8 0.1649865 0.17105 0.177204 1 1 1
0 P_7 9 9 0.0823095 0.0871 0.092078 1 1 1
1 P_5 0 0 0.5 0.5 0.5 1 1 1
1 P_5 1 1 0.1342815 0.14 0.145845 1 1 1
1 P_5 2 2 0.1342815 0.14 0.145845 1 1 1
1 P_5 3 3 0 0 0 1 1 1
1 P_5 4 4 0.1342815 0.14 0.145845 1 1 1
1 P_5 5 5 0 0 0 1 1 1
1 P_5 6 6 0.1342815 0.14 0.145845 1 1 1
1 P_5 7 7 0.1342815 0.14 0.145845 1 1 1
1 P_5 8 8 0.1342815 0.14 0.145845 1 1 1
1 P_5 9 9 0.1342815 0.14 0.145845 1 1 1
2 P_9 0 0 0.5 0.5 0.5 1 1 1
2 P_9 1 1 0.100525 0.1057 0.111041 1 1 1
2 P_9 2 2 0 0 0 1 1 1
2 P_9 3 3 0 0 0 1 1 1
2 P_9 4 4 0.100525 0.1057 0.111041 1 1 1
2 P_9 5 5 0.1437615 0.1496 0.155554 1 1 1
2 P_9 6 6 0.100525 0.1057 0.111041 1 1 1
2 P_9 7 7 0.100525 0.1057 0.111041 1 1 1
2 P_9 8 8 0.100525 0.1057 0.111041 1 1 1
2 P_9 9 9 0.100525 0.1057 0.111041 1 1 1
3 P_2 0 0 0.5 0.5 0.5 1 1 1
3 P_2 1 1 0 0 0 1 1 1
3 P_2 2 2 0 0 0 1 1 1
3 P_2 3 3 0 0 0 1 1 1
3 P_2 4 4 0 0 0 1 1 1
3 P_2 5 5 0 0 0 1 1 1
3 P_2 6 6 0 0 0 1 1 1
3 P_2 7 7 0 0 0 1 1 1
3 P_2 8 8 0 0 0 1 1 1
3 P_2 9 9 0 0 0 1 1 1
4 P_1 0 0 0.5 0.5 0.5 1 1 1
4 P_1 1 1 0.238916 0.24535 0.2517895 1 1 1
4 P_1 2 2 0.238916 0.24535 0.2517895 1 1 1
4 P_1 3 3 0 0 0 1 1 1
4 P_1 4 4 0.238916 0.24535 0.2517895 1 1 1
4 P_1 5 5 0 0 0 1 1 1
4 P_1 6 6 0.238916 0.24535 0.2517895 1 1 1
4 P_1 7 7 0.238916 0.24535 0.2517895 1 1 1
4 P_1 8 8 0.238916 0.24535 0.2517895 1 1 1
4 P_1 9 9 0.238916 0.24535 0.2517895 1 1 1
5 P_3 0 0 0.5 0.5 0.5 1 1 1
5 P_3 1 1 0.3707215 0.37635 0.381833 1 1 1
5 P_3 2 2 0.3707215 0.37635 0.381833 1 1 1
5 P_3 3 3 0.1182165 0.1237 0.129329 1 1 1
5 P_3 4 4 0.3707215 0.37635 0.381833 1 1 1
5 P_3 5 5 0 0 0 1 1 1
5 P_3 6 6 0.3707215 0.37635 0.381833 1 1 1
5 P_3 7 7 0.3707215 0.37635 0.381833 1 1 1
5 P_3 8 8 0.3707215 0.37635 0.381833 1 1 1
5 P_3 9 9 0.3707215 0.37635 0.381833 1 1 1
6 P_6 0 0 0.5 0.5 0.5 1 1 1
6 P_6 1 1 0.116494 0.12195 0.1275535 1 1 1
6 P_6 2 2 0.116494 0.12195 0.1275535 1 1 1
6 P_6 3 3 0 0 0 1 1 1
6 P_6 4 4 0.116494 0.12195 0.1275535 1 1 1
6 P_6 5 5 0.0976805 0.1028 0.108089 1 1 1
6 P_6 6 6 0.116494 0.12195 0.1275535 1 1 1
6 P_6 7 7 0.116494 0.12195 0.1275535 1 1 1
6 P_6 8 8 0.116494 0.12195 0.1275535 1 1 1
6 P_6 9 9 0.116494 0.12195 0.1275535 1 1 1
7 P_0 0 0 0.5 0.5 0.5 1 1 1
7 P_0 1 1 0 0 0 1 1 1
7 P_0 2 2 0 0 0 1 1 1
7 P_0 3 3 0 0 0 1 1 1
7 P_0 4 4 0 0 0 1 1 1
7 P_0 5 5 0 0 0 1 1 1
7 P_0 6 6 0 0 0 1 1 1
7 P_0 7 7 0 0 0 1 1 1
7 P_0 8 8 0.205758 0.2121 0.2184855 1 1 1
7 P_0 9 9 0 0 0 1 1 1
8 P_8 0 0 0.5 0.5 0.5 1 1 1
8 P_8 1 1 0.152017 0.15795 0.163989 1 1 1
8 P_8 2 2 0.152017 0.15795 0.163989 1 1 1
8 P_8 3 3 0 0 0 1 1 1
8 P_8 4 4 0.152017 0.15795 0.163989 1 1 1
8 P_8 5 5 0.2074505 0.2138 0.220191 1 1 1
8 P_8 6 6 0.152017 0.15795 0.163989 1 1 1
8 P_8 7 7 0.152017 0.15795 0.163989 1 1 1
8 P_8 8 8 0.152017 0.15795 0.163989 1 1 1
8 P_8 9 9 0.152017 0.15795 0.163989 1 1 1
9 P_4 0 0 0.5 0.5 0.5 1 1 1
9 P_4 1 1 0.4109365 0.41585 0.4205725 1 1 1
9 P_4 2 2 0.231776 0.2382 0.2446375 1 1 1
9 P_4 3 3 0 0 0 1 1 1
9 P_4 4 4 0.4109365 0.41585 0.4205725 1 1 1
9 P_4 5 5 0 0 0 1 1 1
9 P_4 6 6 0.4109365 0.41585 0.4205725 1 1 1
9 P_4 7 7 0.4109365 0.41585 0.4205725 1 1 1
9 P_4 8 8 0.4109365 0.41585 0.4205725 1 1 1
9 P_4 9 9 0.4109365 0.41585 0.4205725 1 1 1
