10 #m
73 #n
0 P_2 0 0 0.4136465 0.4185 0.42316 1 1 1
0 P_2 1 1 0.4136465 0.4185 0.42316 1 1 1
0 P_2 2 2 0 0 0 1 1 1
0 P_2 3 3 0.1599845 0.166 0.172112 1 1 1
0 P_2 4 4 0.1599845 0.166 0.172112 1 1 1
0 P_2 5 5 0.4136465 0.4185 0.42316 1 1 1
0 P_2 6 6 0.4136465 0.4185 0.42316 1 1 1
0 P_2 7 7 0.4136465 0.4185 0.42316 1 1 1
0 P_2 8 8 0.1599845 0.166 0.172112 1 1 1
0 P_2 9 9 0 0 0 1 1 1
0 P_2 10 10 0.1599845 0.166 0.172112 1 1 1
0 P_2 11 11 0.4136465 0.4185 0.42316 1 1 1
0 P_2 12 12 0 0 0 1 1 1
0 P_2 13 13 0.5 0.5 0.5 1 1 1
0 P_2 14 14 0.4136465 0.4185 0.42316 1 1 1
0 P_2 15 15 0.1599845 0.166 0.172112 1 1 1
0 P_2 16 16 0.4136465 0.4185 0.42316 1 1 1
0 P_2 17 17 0 0 0 1 1 1
0 P_2 18 18 0 0 0 1 1 1
0 P_2 19 19 0.1599845 0.166 0.172112 1 1 1
0 P_2 20 20 0.4136465 0.4185 0.42316 1 1 1
0 P_2 21 21 0 0 0 1 1 1
0 P_2 22 22 0 0 0 1 1 1
0 P_2 23 23 0.4136465 0.4185 0.42316 1 1 1
0 P_2 24 24 0.4136465 0.4185 0.42316 1 1 1
0 P_2 25 25 0.076889 0.08155 0.086405 1 1 1
0 P_2 26 26 0 0 0 1 1 1
0 P_2 27 27 0.1599845 0.166 0.172112 1 1 1
0 P_2 28 28 0.4136465 0.4185 0.42316 1 1 1
0 P_2 29 29 0.4136465 0.4185 0.42316 1 1 1
0 P_2 30 30 0.4136465 0.4185 0.42316 1 1 1
0 P_2 31 31 0 0 0 1 1 1
0 P_2 32 32 0.5 0.5 0.5 1 1 1
0 P_2 33 33 0.5 0.5 0.5 1 1 1
0 P_2 34 34 0 0 0 1 1 1
0 P_2 35 35 0.4136465 0.4185 0.42316 1 1 1
0 P_2 36 36 0.4136465 0.4185 0.42316 1 1 1
0 P_2 37 37 0.4136465 0.4185 0.42316 1 1 1
0 P_2 38 38 0.4136465 0.4185 0.42316 1 1 1
0 P_2 39 39 0.4136465 0.4185 0.42316 1 1 1
0 P_2 40 40 0.4136465 0.4185 0.42316 1 1 1
0 P_2 41 41 0.4136465 0.4185 0.42316 1 1 1
0 P_2 42 42 0.246111 0.25255 0.258986 1 1 1
0 P_2 43 43 0.4136465 0.4185 0.42316 1 1 1
0 P_2 44 44 0.4136465 0.4185 0.42316 1 1 1
0 P_2 45 45 0.076889 0.08155 0.086405 1 1 1
0 P_2 46 46 0.4136465 0.4185 0.42316 1 1 1
0 P_2 47 47 0 0 0 1 1 1
0 P_2 48 48 0 0 0 1 1 1
0 P_2 49 49 0.4136465 0.4185 0.42316 1 1 1
0 P_2 50 50 0.4136465 0.4185 0.42316 1 1 1
0 P_2 51 51 0.4136465 0.4185 0.42316 1 1 1
0 P_2 52 52 0.4136465 0.4185 0.42316 1 1 1
0 P_2 53 53 0 0 0 1 1 1
0 P_2 54 54 0.4136465 0.4185 0.42316 1 1 1
0 P_2 55 55 0 0 0 1 1 1
0 P_2 56 56 0.4136465 0.4185 0.42316 1 1 1
0 P_2 57 57 0.4136465 0.4185 0.42316 1 1 1
0 P_2 58 58 0 0 0 1 1 1
0 P_2 59 59 0.4136465 0.4185 0.42316 1 1 1
0 P_2 60 60 0.246111 0.25255 0.258986 1 1 1
0 P_2 61 61 0.5 0.5 0.5 1 1 1
0 P_2 62 62 0 0 0 1 1 1
0 P_2 63 63 0.4136465 0.4185 0.42316 1 1 1
0 P_2 64 64 0 0 0 1 1 1
0 P_2 65 65 0 0 0 1 1 1
0 P_2 66 66 0 0 0 1 1 1
0 P_2 67 67 0 0 0 1 1 1
0 P_2 68 68 0 0 0 1 1 1
0 P_2 69 69 0.5 0.5 0.5 1 1 1
0 P_2 70 70 0.1599845 0.166 0.172112 1 1 1
0 P_2 71 71 0 0 0 1 1 1
0 P_2 72 72 0 0 0 1 1 1
1 P_4 0 0 0 0 0 1 1 1
1 P_4 1 1 0 0 0 1 1 1
1 P_4 2 2 0.11319799999999999 0.1186 0.124153 1 1 1
1 P_4 3 3 0 0 0 1 1 1
1 P_4 4 4 0 0 0 1 1 1
1 P_4 5 5 0 0 0 1 1 1
1 P_4 6 6 0 0 0 1 1 1
1 P_4 7 7 0 0 0 1 1 1
1 P_4 8 8 0 0 0 1 1 1
1 P_4 9 9 0 0 0 1 1 1
1 P_4 10 10 0 0 0 1 1 1
1 P_4 11 11 0 0 0 1 1 1
1 P_4 12 12 0.11319799999999999 0.1186 0.124153 1 1 1
1 P_4 13 13 0 0 0 1 1 1
1 P_4 14 14 0 0 0 1 1 1
1 P_4 15 15 0 0 0 1 1 1
1 P_4 16 16 0 0 0 1 1 1
1 P_4 17 17 0.11319799999999999 0.1186 0.124153 1 1 1
1 P_4 18 18 0.3758975 0.38145 0.386851 1 1 1
1 P_4 19 19 0 0 0 1 1 1
1 P_4 20 20 0 0 0 1 1 1
1 P_4 21 21 0 0 0 1 1 1
1 P_4 22 22 0.5 0.5 0.5 1 1 1
1 P_4 23 23 0 0 0 1 1 1
1 P_4 24 24 0 0 0 1 1 1
1 P_4 25 25 0 0 0 1 1 1
1 P_4 26 26 0 0 0 1 1 1
1 P_4 27 27 0 0 0 1 1 1
1 P_4 28 28 0 0 0 1 1 1
1 P_4 29 29 0 0 0 1 1 1
1 P_4 30 30 0 0 0 1 1 1
1 P_4 31 31 0 0 0 1 1 1
1 P_4 32 32 0 0 0 1 1 1
1 P_4 33 33 0 0 0 1 1 1
1 P_4 34 34 0.3758975 0.38145 0.386851 1 1 1
1 P_4 35 35 0 0 0 1 1 1
1 P_4 36 36 0 0 0 1 1 1
1 P_4 37 37 0 0 0 1 1 1
1 P_4 38 38 0 0 0 1 1 1
1 P_4 39 39 0 0 0 1 1 1
1 P_4 40 40 0 0 0 1 1 1
1 P_4 41 41 0 0 0 1 1 1
1 P_4 42 42 0 0 0 1 1 1
1 P_4 43 43 0 0 0 1 1 1
1 P_4 44 44 0 0 0 1 1 1
1 P_4 45 45 0 0 0 1 1 1
1 P_4 46 46 0 0 0 1 1 1
1 P_4 47 47 0 0 0 1 1 1
1 P_4 48 48 0.3758975 0.38145 0.386851 1 1 1
1 P_4 49 49 0 0 0 1 1 1
1 P_4 50 50 0 0 0 1 1 1
1 P_4 51 51 0 0 0 1 1 1
1 P_4 52 52 0 0 0 1 1 1
1 P_4 53 53 0.3758975 0.38145 0.386851 1 1 1
1 P_4 54 54 0 0 0 1 1 1
1 P_4 55 55 0.11319799999999999 0.1186 0.124153 1 1 1
1 P_4 56 56 0 0 0 1 1 1
1 P_4 57 57 0 0 0 1 1 1
1 P_4 58 58 0.11319799999999999 0.1186 0.124153 1 1 1
1 P_4 59 59 0 0 0 1 1 1
1 P_4 60 60 0 0 0 1 1 1
1 P_4 61 61 0.5 0.5 0.5 1 1 1
1 P_4 62 62 0 0 0 1 1 1
1 P_4 63 63 0 0 0 1 1 1
1 P_4 64 64 0.11319799999999999 0.1186 0.124153 1 1 1
1 P_4 65 65 0.3758975 0.38145 0.386851 1 1 1
1 P_4 66 66 0.11319799999999999 0.1186 0.124153 1 1 1
1 P_4 67 67 0 0 0 1 1 1
1 P_4 68 68 0.11319799999999999 0.1186 0.124153 1 1 1
1 P_4 69 69 0 0 0 1 1 1
1 P_4 70 70 0 0 0 1 1 1
1 P_4 71 71 0 0 0 1 1 1
1 P_4 72 72 0.11319799999999999 0.1186 0.124153 1 1 1
2 P_3 0 0 0.177332 0.1835 0.1897445 1 1 1
2 P_3 1 1 0.177332 0.1835 0.1897445 1 1 1
2 P_3 2 2 0 0 0 1 1 1
2 P_3 3 3 0 0 0 1 1 1
2 P_3 4 4 0 0 0 1 1 1
2 P_3 5 5 0.177332 0.1835 0.1897445 1 1 1
2 P_3 6 6 0.177332 0.1835 0.1897445 1 1 1
2 P_3 7 7 0.177332 0.1835 0.1897445 1 1 1
2 P_3 8 8 0 0 0 1 1 1
2 P_3 9 9 0 0 0 1 1 1
2 P_3 10 10 0 0 0 1 1 1
2 P_3 11 11 0.177332 0.1835 0.1897445 1 1 1
2 P_3 12 12 0 0 0 1 1 1
2 P_3 13 13 0.177332 0.1835 0.1897445 1 1 1
2 P_3 14 14 0.177332 0.1835 0.1897445 1 1 1
2 P_3 15 15 0 0 0 1 1 1
2 P_3 16 16 0.177332 0.1835 0.1897445 1 1 1
2 P_3 17 17 0 0 0 1 1 1
2 P_3 18 18 0.2100395 0.2164 0.222799 1 1 1
2 P_3 19 19 0 0 0 1 1 1
2 P_3 20 20 0.177332 0.1835 0.1897445 1 1 1
2 P_3 21 21 0.0951315 0.1002 0.10544100000000001 1 1 1
2 P_3 22 22 0.2100395 0.2164 0.222799 1 1 1
2 P_3 23 23 0.177332 0.1835 0.1897445 1 1 1
2 P_3 24 24 0.177332 0.1835 0.1897445 1 1 1
2 P_3 25 25 0 0 0 1 1 1
2 P_3 26 26 0 0 0 1 1 1
2 P_3 27 27 0 0 0 1 1 1
2 P_3 28 28 0.177332 0.1835 0.1897445 1 1 1
2 P_3 29 29 0.177332 0.1835 0.1897445 1 1 1
2 P_3 30 30 0.177332 0.1835 0.1897445 1 1 1
2 P_3 31 31 0 0 0 1 1 1
2 P_3 32 32 0.177332 0.1835 0.1897445 1 1 1
2 P_3 33 33 0.177332 0.1835 0.1897445 1 1 1
2 P_3 34 34 0.2100395 0.2164 0.222799 1 1 1
2 P_3 35 35 0.177332 0.1835 0.1897445 1 1 1
2 P_3 36 36 0.177332 0.1835 0.1897445 1 1 1
2 P_3 37 37 0.177332 0.1835 0.1897445 1 1 1
2 P_3 38 38 0.177332 0.1835 0.1897445 1 1 1
2 P_3 39 39 0.177332 0.1835 0.1897445 1 1 1
2 P_3 40 40 0.177332 0.1835 0.1897445 1 1 1
2 P_3 41 41 0.177332 0.1835 0.1897445 1 1 1
2 P_3 42 42 0 0 0 1 1 1
2 P_3 43 43 0.177332 0.1835 0.1897445 1 1 1
2 P_3 44 44 0.177332 0.1835 0.1897445 1 1 1
2 P_3 45 45 0 0 0 1 1 1
2 P_3 46 46 0.177332 0.1835 0.1897445 1 1 1
2 P_3 47 47 0.0951315 0.1002 0.10544100000000001 1 1 1
2 P_3 48 48 0.2100395 0.2164 0.222799 1 1 1
2 P_3 49 49 0.177332 0.1835 0.1897445 1 1 1
2 P_3 50 50 0.177332 0.1835 0.1897445 1 1 1
2 P_3 51 51 0.177332 0.1835 0.1897445 1 1 1
2 P_3 52 52 0.177332 0.1835 0.1897445 1 1 1
2 P_3 53 53 0.2100395 0.2164 0.222799 1 1 1
2 P_3 54 54 0.177332 0.1835 0.1897445 1 1 1
2 P_3 55 55 0 0 0 1 1 1
2 P_3 56 56 0.177332 0.1835 0.1897445 1 1 1
2 P_3 57 57 0.177332 0.1835 0.1897445 1 1 1
2 P_3 58 58 0 0 0 1 1 1
2 P_3 59 59 0.177332 0.1835 0.1897445 1 1 1
2 P_3 60 60 0 0 0 1 1 1
2 P_3 61 61 0.5 0.5 0.5 1 1 1
2 P_3 62 62 0 0 0 1 1 1
2 P_3 63 63 0.177332 0.1835 0.1897445 1 1 1
2 P_3 64 64 0 0 0 1 1 1
2 P_3 65 65 0.2100395 0.2164 0.222799 1 1 1
2 P_3 66 66 0 0 0 1 1 1
2 P_3 67 67 0 0 0 1 1 1
2 P_3 68 68 0 0 0 1 1 1
2 P_3 69 69 0.177332 0.1835 0.1897445 1 1 1
2 P_3 70 70 0 0 0 1 1 1
2 P_3 71 71 0.177332 0.1835 0.1897445 1 1 1
2 P_3 72 72 0 0 0 1 1 1
3 P_9 0 0 0 0 0 1 1 1
3 P_9 1 1 0 0 0 1 1 1
3 P_9 2 2 0 0 0 1 1 1
3 P_9 3 3 0 0 0 1 1 1
3 P_9 4 4 0 0 0 1 1 1
3 P_9 5 5 0 0 0 1 1 1
3 P_9 6 6 0 0 0 1 1 1
3 P_9 7 7 0 0 0 1 1 1
3 P_9 8 8 0 0 0 1 1 1
3 P_9 9 9 0.1195455 0.12505 0.1306985 1 1 1
3 P_9 10 10 0 0 0 1 1 1
3 P_9 11 11 0 0 0 1 1 1
3 P_9 12 12 0 0 0 1 1 1
3 P_9 13 13 0 0 0 1 1 1
3 P_9 14 14 0 0 0 1 1 1
3 P_9 15 15 0 0 0 1 1 1
3 P_9 16 16 0 0 0 1 1 1
3 P_9 17 17 0 0 0 1 1 1
3 P_9 18 18 0 0 0 1 1 1
3 P_9 19 19 0 0 0 1 1 1
3 P_9 20 20 0 0 0 1 1 1
3 P_9 21 21 0.369352 0.375 0.380504 1 1 1
3 P_9 22 22 0.1195455 0.12505 0.1306985 1 1 1
3 P_9 23 23 0 0 0 1 1 1
3 P_9 24 24 0 0 0 1 1 1
3 P_9 25 25 0 0 0 1 1 1
3 P_9 26 26 0.0569905 0.0611 0.065427 1 1 1
3 P_9 27 27 0 0 0 1 1 1
3 P_9 28 28 0 0 0 1 1 1
3 P_9 29 29 0 0 0 1 1 1
3 P_9 30 30 0 0 0 1 1 1
3 P_9 31 31 0.0569905 0.0611 0.065427 1 1 1
3 P_9 32 32 0 0 0 1 1 1
3 P_9 33 33 0 0 0 1 1 1
3 P_9 34 34 0 0 0 1 1 1
3 P_9 35 35 0 0 0 1 1 1
3 P_9 36 36 0 0 0 1 1 1
3 P_9 37 37 0 0 0 1 1 1
3 P_9 38 38 0 0 0 1 1 1
3 P_9 39 39 0 0 0 1 1 1
3 P_9 40 40 0 0 0 1 1 1
3 P_9 41 41 0 0 0 1 1 1
3 P_9 42 42 0 0 0 1 1 1
3 P_9 43 43 0 0 0 1 1 1
3 P_9 44 44 0 0 0 1 1 1
3 P_9 45 45 0 0 0 1 1 1
3 P_9 46 46 0 0 0 1 1 1
3 P_9 47 47 0.369352 0.375 0.380504 1 1 1
3 P_9 48 48 0 0 0 1 1 1
3 P_9 49 49 0 0 0 1 1 1
3 P_9 50 50 0 0 0 1 1 1
3 P_9 51 51 0 0 0 1 1 1
3 P_9 52 52 0 0 0 1 1 1
3 P_9 53 53 0 0 0 1 1 1
3 P_9 54 54 0 0 0 1 1 1
3 P_9 55 55 0 0 0 1 1 1
3 P_9 56 56 0 0 0 1 1 1
3 P_9 57 57 0 0 0 1 1 1
3 P_9 58 58 0 0 0 1 1 1
3 P_9 59 59 0 0 0 1 1 1
3 P_9 60 60 0 0 0 1 1 1
3 P_9 61 61 0.5 0.5 0.5 1 1 1
3 P_9 62 62 0.0569905 0.0611 0.065427 1 1 1
3 P_9 63 63 0 0 0 1 1 1
3 P_9 64 64 0 0 0 1 1 1
3 P_9 65 65 0 0 0 1 1 1
3 P_9 66 66 0 0 0 1 1 1
3 P_9 67 67 0.0569905 0.0611 0.065427 1 1 1
3 P_9 68 68 0 0 0 1 1 1
3 P_9 69 69 0 0 0 1 1 1
3 P_9 70 70 0 0 0 1 1 1
3 P_9 71 71 0 0 0 1 1 1
3 P_9 72 72 0.1195455 0.12505 0.1306985 1 1 1
4 P_8 0 0 0.3272825 0.3334 0.3394215 1 1 1
4 P_8 1 1 0.3272825 0.3334 0.3394215 1 1 1
4 P_8 2 2 0 0 0 1 1 1
4 P_8 3 3 0 0 0 1 1 1
4 P_8 4 4 0 0 0 1 1 1
4 P_8 5 5 0.3272825 0.3334 0.3394215 1 1 1
4 P_8 6 6 0.3272825 0.3334 0.3394215 1 1 1
4 P_8 7 7 0.3272825 0.3334 0.3394215 1 1 1
4 P_8 8 8 0 0 0 1 1 1
4 P_8 9 9 0.0585425 0.0627 0.067073 1 1 1
4 P_8 10 10 0 0 0 1 1 1
4 P_8 11 11 0.3272825 0.3334 0.3394215 1 1 1
4 P_8 12 12 0 0 0 1 1 1
4 P_8 13 13 0.3272825 0.3334 0.3394215 1 1 1
4 P_8 14 14 0.3272825 0.3334 0.3394215 1 1 1
4 P_8 15 15 0 0 0 1 1 1
4 P_8 16 16 0.3272825 0.3334 0.3394215 1 1 1
4 P_8 17 17 0 0 0 1 1 1
4 P_8 18 18 0 0 0 1 1 1
4 P_8 19 19 0 0 0 1 1 1
4 P_8 20 20 0.3272825 0.3334 0.3394215 1 1 1
4 P_8 21 21 0.0988085 0.10395 0.1092595 1 1 1
4 P_8 22 22 0.0585425 0.0627 0.067073 1 1 1
4 P_8 23 23 0.3272825 0.3334 0.3394215 1 1 1
4 P_8 24 24 0.3272825 0.3334 0.3394215 1 1 1
4 P_8 25 25 0 0 0 1 1 1
4 P_8 26 26 0.0988085 0.10395 0.1092595 1 1 1
4 P_8 27 27 0 0 0 1 1 1
4 P_8 28 28 0.3272825 0.3334 0.3394215 1 1 1
4 P_8 29 29 0.3272825 0.3334 0.3394215 1 1 1
4 P_8 30 30 0.3272825 0.3334 0.3394215 1 1 1
4 P_8 31 31 0.0988085 0.10395 0.1092595 1 1 1
4 P_8 32 32 0.3272825 0.3334 0.3394215 1 1 1
4 P_8 33 33 0.3272825 0.3334 0.3394215 1 1 1
4 P_8 34 34 0 0 0 1 1 1
4 P_8 35 35 0.3272825 0.3334 0.3394215 1 1 1
4 P_8 36 36 0.3272825 0.3334 0.3394215 1 1 1
4 P_8 37 37 0.3272825 0.3334 0.3394215 1 1 1
4 P_8 38 38 0.3272825 0.3334 0.3394215 1 1 1
4 P_8 39 39 0.3272825 0.3334 0.3394215 1 1 1
4 P_8 40 40 0.3272825 0.3334 0.3394215 1 1 1
4 P_8 41 41 0.3272825 0.3334 0.3394215 1 1 1
4 P_8 42 42 0 0 0 1 1 1
4 P_8 43 43 0.3272825 0.3334 0.3394215 1 1 1
4 P_8 44 44 0.3272825 0.3334 0.3394215 1 1 1
4 P_8 45 45 0 0 0 1 1 1
4 P_8 46 46 0.3272825 0.3334 0.3394215 1 1 1
4 P_8 47 47 0.0988085 0.10395 0.1092595 1 1 1
4 P_8 48 48 0 0 0 1 1 1
4 P_8 49 49 0.3272825 0.3334 0.3394215 1 1 1
4 P_8 50 50 0.3272825 0.3334 0.3394215 1 1 1
4 P_8 51 51 0.3272825 0.3334 0.3394215 1 1 1
4 P_8 52 52 0.3272825 0.3334 0.3394215 1 1 1
4 P_8 53 53 0 0 0 1 1 1
4 P_8 54 54 0.3272825 0.3334 0.3394215 1 1 1
4 P_8 55 55 0 0 0 1 1 1
4 P_8 56 56 0.3272825 0.3334 0.3394215 1 1 1
4 P_8 57 57 0.3272825 0.3334 0.3394215 1 1 1
4 P_8 58 58 0 0 0 1 1 1
4 P_8 59 59 0.3272825 0.3334 0.3394215 1 1 1
4 P_8 60 60 0 0 0 1 1 1
4 P_8 61 61 0.5 0.5 0.5 1 1 1
4 P_8 62 62 0.0988085 0.10395 0.1092595 1 1 1
4 P_8 63 63 0.3272825 0.3334 0.3394215 1 1 1
4 P_8 64 64 0 0 0 1 1 1
4 P_8 65 65 0 0 0 1 1 1
4 P_8 66 66 0 0 0 1 1 1
4 P_8 67 67 0.0988085 0.10395 0.1092595 1 1 1
4 P_8 68 68 0 0 0 1 1 1
4 P_8 69 69 0.3272825 0.3334 0.3394215 1 1 1
4 P_8 70 70 0 0 0 1 1 1
4 P_8 71 71 0.3272825 0.3334 0.3394215 1 1 1
4 P_8 72 72 0.0585425 0.0627 0.067073 1 1 1
5 P_7 0 0 0.1440085 0.14985 0.1558065 1 1 1
5 P_7 1 1 0.1440085 0.14985 0.1558065 1 1 1
5 P_7 2 2 0 0 0 1 1 1
5 P_7 3 3 0 0 0 1 1 1
5 P_7 4 4 0 0 0 1 1 1
5 P_7 5 5 0.1440085 0.14985 0.1558065 1 1 1
5 P_7 6 6 0.1440085 0.14985 0.1558065 1 1 1
5 P_7 7 7 0.1440085 0.14985 0.1558065 1 1 1
5 P_7 8 8 0 0 0 1 1 1
5 P_7 9 9 0.0549065 0.05895 0.0632135 1 1 1
5 P_7 10 10 0 0 0 1 1 1
5 P_7 11 11 0.1440085 0.14985 0.1558065 1 1 1
5 P_7 12 12 0 0 0 1 1 1
5 P_7 13 13 0.2039665 0.2103 0.216679 1 1 1
5 P_7 14 14 0.1440085 0.14985 0.1558065 1 1 1
5 P_7 15 15 0 0 0 1 1 1
5 P_7 16 16 0.1440085 0.14985 0.1558065 1 1 1
5 P_7 17 17 0 0 0 1 1 1
5 P_7 18 18 0 0 0 1 1 1
5 P_7 19 19 0 0 0 1 1 1
5 P_7 20 20 0.1440085 0.14985 0.1558065 1 1 1
5 P_7 21 21 0.224442 0.23085 0.23728 1 1 1
5 P_7 22 22 0.0549065 0.05895 0.0632135 1 1 1
5 P_7 23 23 0.1440085 0.14985 0.1558065 1 1 1
5 P_7 24 24 0.1440085 0.14985 0.1558065 1 1 1
5 P_7 25 25 0.05636 0.06045 0.064758 1 1 1
5 P_7 26 26 0.224442 0.23085 0.23728 1 1 1
5 P_7 27 27 0 0 0 1 1 1
5 P_7 28 28 0.1440085 0.14985 0.1558065 1 1 1
5 P_7 29 29 0.1440085 0.14985 0.1558065 1 1 1
5 P_7 30 30 0.1440085 0.14985 0.1558065 1 1 1
5 P_7 31 31 0.224442 0.23085 0.23728 1 1 1
5 P_7 32 32 0.2039665 0.2103 0.216679 1 1 1
5 P_7 33 33 0.2039665 0.2103 0.216679 1 1 1
5 P_7 34 34 0 0 0 1 1 1
5 P_7 35 35 0.1440085 0.14985 0.1558065 1 1 1
5 P_7 36 36 0.1440085 0.14985 0.1558065 1 1 1
5 P_7 37 37 0.1440085 0.14985 0.1558065 1 1 1
5 P_7 38 38 0.1440085 0.14985 0.1558065 1 1 1
5 P_7 39 39 0.1440085 0.14985 0.1558065 1 1 1
5 P_7 40 40 0.1440085 0.14985 0.1558065 1 1 1
5 P_7 41 41 0.1440085 0.14985 0.1558065 1 1 1
5 P_7 42 42 0.1440085 0.14985 0.1558065 1 1 1
5 P_7 43 43 0.1440085 0.14985 0.1558065 1 1 1
5 P_7 44 44 0.1440085 0.14985 0.1558065 1 1 1
5 P_7 45 45 0.05636 0.06045 0.064758 1 1 1
5 P_7 46 46 0.1440085 0.14985 0.1558065 1 1 1
5 P_7 47 47 0.224442 0.23085 0.23728 1 1 1
5 P_7 48 48 0 0 0 1 1 1
5 P_7 49 49 0.1440085 0.14985 0.1558065 1 1 1
5 P_7 50 50 0.1440085 0.14985 0.1558065 1 1 1
5 P_7 51 51 0.1440085 0.14985 0.1558065 1 1 1
5 P_7 52 52 0.1440085 0.14985 0.1558065 1 1 1
5 P_7 53 53 0 0 0 1 1 1
5 P_7 54 54 0.1440085 0.14985 0.1558065 1 1 1
5 P_7 55 55 0 0 0 1 1 1
5 P_7 56 56 0.1440085 0.14985 0.1558065 1 1 1
5 P_7 57 57 0.1440085 0.14985 0.1558065 1 1 1
5 P_7 58 58 0 0 0 1 1 1
5 P_7 59 59 0.1440085 0.14985 0.1558065 1 1 1
5 P_7 60 60 0.1440085 0.14985 0.1558065 1 1 1
5 P_7 61 61 0.5 0.5 0.5 1 1 1
5 P_7 62 62 0.224442 0.23085 0.23728 1 1 1
5 P_7 63 63 0.1440085 0.14985 0.1558065 1 1 1
5 P_7 64 64 0 0 0 1 1 1
5 P_7 65 65 0 0 0 1 1 1
5 P_7 66 66 0 0 0 1 1 1
5 P_7 67 67 0.224442 0.23085 0.23728 1 1 1
5 P_7 68 68 0 0 0 1 1 1
5 P_7 69 69 0.2039665 0.2103 0.216679 1 1 1
5 P_7 70 70 0 0 0 1 1 1
5 P_7 71 71 0 0 0 1 1 1
5 P_7 72 72 0.0549065 0.05895 0.0632135 1 1 1
6 P_6 0 0 0 0 0 1 1 1
6 P_6 1 1 0 0 0 1 1 1
6 P_6 2 2 0 0 0 1 1 1
6 P_6 3 3 0 0 0 1 1 1
6 P_6 4 4 0 0 0 1 1 1
6 P_6 5 5 0 0 0 1 1 1
6 P_6 6 6 0 0 0 1 1 1
6 P_6 7 7 0 0 0 1 1 1
6 P_6 8 8 0 0 0 1 1 1
6 P_6 9 9 0.5 0.5 0.5 1 1 1
6 P_6 10 10 0 0 0 1 1 1
6 P_6 11 11 0 0 0 1 1 1
6 P_6 12 12 0 0 0 1 1 1
6 P_6 13 13 0 0 0 1 1 1
6 P_6 14 14 0 0 0 1 1 1
6 P_6 15 15 0 0 0 1 1 1
6 P_6 16 16 0 0 0 1 1 1
6 P_6 17 17 0 0 0 1 1 1
6 P_6 18 18 0 0 0 1 1 1
6 P_6 19 19 0 0 0 1 1 1
6 P_6 20 20 0 0 0 1 1 1
6 P_6 21 21 0 0 0 1 1 1
6 P_6 22 22 0.5 0.5 0.5 1 1 1
6 P_6 23 23 0 0 0 1 1 1
6 P_6 24 24 0 0 0 1 1 1
6 P_6 25 25 0 0 0 1 1 1
6 P_6 26 26 0 0 0 1 1 1
6 P_6 27 27 0 0 0 1 1 1
6 P_6 28 28 0 0 0 1 1 1
6 P_6 29 29 0 0 0 1 1 1
6 P_6 30 30 0 0 0 1 1 1
6 P_6 31 31 0 0 0 1 1 1
6 P_6 32 32 0 0 0 1 1 1
6 P_6 33 33 0 0 0 1 1 1
6 P_6 34 34 0 0 0 1 1 1
6 P_6 35 35 0 0 0 1 1 1
6 P_6 36 36 0 0 0 1 1 1
6 P_6 37 37 0 0 0 1 1 1
6 P_6 38 38 0 0 0 1 1 1
6 P_6 39 39 0 0 0 1 1 1
6 P_6 40 40 0 0 0 1 1 1
6 P_6 41 41 0 0 0 1 1 1
6 P_6 42 42 0 0 0 1 1 1
6 P_6 43 43 0 0 0 1 1 1
6 P_6 44 44 0 0 0 1 1 1
6 P_6 45 45 0 0 0 1 1 1
6 P_6 46 46 0 0 0 1 1 1
6 P_6 47 47 0 0 0 1 1 1
6 P_6 48 48 0 0 0 1 1 1
6 P_6 49 49 0 0 0 1 1 1
6 P_6 50 50 0 0 0 1 1 1
6 P_6 51 51 0 0 0 1 1 1
6 P_6 52 52 0 0 0 1 1 1
6 P_6 53 53 0 0 0 1 1 1
6 P_6 54 54 0 0 0 1 1 1
6 P_6 55 55 0 0 0 1 1 1
6 P_6 56 56 0 0 0 1 1 1
6 P_6 57 57 0 0 0 1 1 1
6 P_6 58 58 0 0 0 1 1 1
6 P_6 59 59 0 0 0 1 1 1
6 P_6 60 60 0 0 0 1 1 1
6 P_6 61 61 0.5 0.5 0.5 1 1 1
6 P_6 62 62 0 0 0 1 1 1
6 P_6 63 63 0 0 0 1 1 1
6 P_6 64 64 0 0 0 1 1 1
6 P_6 65 65 0 0 0 1 1 1
6 P_6 66 66 0 0 0 1 1 1
6 P_6 67 67 0 0 0 1 1 1
6 P_6 68 68 0 0 0 1 1 1
6 P_6 69 69 0 0 0 1 1 1
6 P_6 70 70 0 0 0 1 1 1
6 P_6 71 71 0 0 0 1 1 1
6 P_6 72 72 0.5 0.5 0.5 1 1 1
7 P_5 0 0 0 0 0 1 1 1
7 P_5 1 1 0 0 0 1 1 1
7 P_5 2 2 0 0 0 1 1 1
7 P_5 3 3 0 0 0 1 1 1
7 P_5 4 4 0 0 0 1 1 1
7 P_5 5 5 0 0 0 1 1 1
7 P_5 6 6 0 0 0 1 1 1
7 P_5 7 7 0 0 0 1 1 1
7 P_5 8 8 0 0 0 1 1 1
7 P_5 9 9 0.331469 0.33755 0.34353 1 1 1
7 P_5 10 10 0 0 0 1 1 1
7 P_5 11 11 0 0 0 1 1 1
7 P_5 12 12 0 0 0 1 1 1
7 P_5 13 13 0 0 0 1 1 1
7 P_5 14 14 0 0 0 1 1 1
7 P_5 15 15 0 0 0 1 1 1
7 P_5 16 16 0 0 0 1 1 1
7 P_5 17 17 0 0 0 1 1 1
7 P_5 18 18 0 0 0 1 1 1
7 P_5 19 19 0 0 0 1 1 1
7 P_5 20 20 0 0 0 1 1 1
7 P_5 21 21 0.1565195 0.1625 0.1685815 1 1 1
7 P_5 22 22 0.331469 0.33755 0.34353 1 1 1
7 P_5 23 23 0 0 0 1 1 1
7 P_5 24 24 0 0 0 1 1 1
7 P_5 25 25 0 0 0 1 1 1
7 P_5 26 26 0 0 0 1 1 1
7 P_5 27 27 0 0 0 1 1 1
7 P_5 28 28 0 0 0 1 1 1
7 P_5 29 29 0 0 0 1 1 1
7 P_5 30 30 0 0 0 1 1 1
7 P_5 31 31 0 0 0 1 1 1
7 P_5 32 32 0 0 0 1 1 1
7 P_5 33 33 0 0 0 1 1 1
7 P_5 34 34 0 0 0 1 1 1
7 P_5 35 35 0 0 0 1 1 1
7 P_5 36 36 0 0 0 1 1 1
7 P_5 37 37 0 0 0 1 1 1
7 P_5 38 38 0 0 0 1 1 1
7 P_5 39 39 0 0 0 1 1 1
7 P_5 40 40 0 0 0 1 1 1
7 P_5 41 41 0 0 0 1 1 1
7 P_5 42 42 0 0 0 1 1 1
7 P_5 43 43 0 0 0 1 1 1
7 P_5 44 44 0 0 0 1 1 1
7 P_5 45 45 0 0 0 1 1 1
7 P_5 46 46 0 0 0 1 1 1
7 P_5 47 47 0.1565195 0.1625 0.1685815 1 1 1
7 P_5 48 48 0 0 0 1 1 1
7 P_5 49 49 0 0 0 1 1 1
7 P_5 50 50 0 0 0 1 1 1
7 P_5 51 51 0 0 0 1 1 1
7 P_5 52 52 0 0 0 1 1 1
7 P_5 53 53 0 0 0 1 1 1
7 P_5 54 54 0 0 0 1 1 1
7 P_5 55 55 0 0 0 1 1 1
7 P_5 56 56 0 0 0 1 1 1
7 P_5 57 57 0 0 0 1 1 1
7 P_5 58 58 0 0 0 1 1 1
7 P_5 59 59 0 0 0 1 1 1
7 P_5 60 60 0 0 0 1 1 1
7 P_5 61 61 0.5 0.5 0.5 1 1 1
7 P_5 62 62 0 0 0 1 1 1
7 P_5 63 63 0 0 0 1 1 1
7 P_5 64 64 0 0 0 1 1 1
7 P_5 65 65 0 0 0 1 1 1
7 P_5 66 66 0 0 0 1 1 1
7 P_5 67 67 0 0 0 1 1 1
7 P_5 68 68 0 0 0 1 1 1
7 P_5 69 69 0 0 0 1 1 1
7 P_5 70 70 0 0 0 1 1 1
7 P_5 71 71 0 0 0 1 1 1
7 P_5 72 72 0.331469 0.33755 0.34353 1 1 1
8 P_1 0 0 0 0 0 1 1 1
8 P_1 1 1 0 0 0 1 1 1
8 P_1 2 2 0 0 0 1 1 1
8 P_1 3 3 0 0 0 1 1 1
8 P_1 4 4 0 0 0 1 1 1
8 P_1 5 5 0 0 0 1 1 1
8 P_1 6 6 0 0 0 1 1 1
8 P_1 7 7 0 0 0 1 1 1
8 P_1 8 8 0 0 0 1 1 1
8 P_1 9 9 0.136848 0.1426 0.1484755 1 1 1
8 P_1 10 10 0 0 0 1 1 1
8 P_1 11 11 0 0 0 1 1 1
8 P_1 12 12 0 0 0 1 1 1
8 P_1 13 13 0 0 0 1 1 1
8 P_1 14 14 0 0 0 1 1 1
8 P_1 15 15 0 0 0 1 1 1
8 P_1 16 16 0 0 0 1 1 1
8 P_1 17 17 0 0 0 1 1 1
8 P_1 18 18 0.217562 0.22395 0.230368 1 1 1
8 P_1 19 19 0 0 0 1 1 1
8 P_1 20 20 0 0 0 1 1 1
8 P_1 21 21 0.12792 0.13355 0.1393145 1 1 1
8 P_1 22 22 0.3607365 0.3665 0.3721295 1 1 1
8 P_1 23 23 0 0 0 1 1 1
8 P_1 24 24 0 0 0 1 1 1
8 P_1 25 25 0 0 0 1 1 1
8 P_1 26 26 0 0 0 1 1 1
8 P_1 27 27 0 0 0 1 1 1
8 P_1 28 28 0 0 0 1 1 1
8 P_1 29 29 0 0 0 1 1 1
8 P_1 30 30 0 0 0 1 1 1
8 P_1 31 31 0 0 0 1 1 1
8 P_1 32 32 0 0 0 1 1 1
8 P_1 33 33 0 0 0 1 1 1
8 P_1 34 34 0.217562 0.22395 0.230368 1 1 1
8 P_1 35 35 0 0 0 1 1 1
8 P_1 36 36 0 0 0 1 1 1
8 P_1 37 37 0 0 0 1 1 1
8 P_1 38 38 0 0 0 1 1 1
8 P_1 39 39 0 0 0 1 1 1
8 P_1 40 40 0 0 0 1 1 1
8 P_1 41 41 0 0 0 1 1 1
8 P_1 42 42 0 0 0 1 1 1
8 P_1 43 43 0 0 0 1 1 1
8 P_1 44 44 0 0 0 1 1 1
8 P_1 45 45 0 0 0 1 1 1
8 P_1 46 46 0 0 0 1 1 1
8 P_1 47 47 0.12792 0.13355 0.1393145 1 1 1
8 P_1 48 48 0.217562 0.22395 0.230368 1 1 1
8 P_1 49 49 0 0 0 1 1 1
8 P_1 50 50 0 0 0 1 1 1
8 P_1 51 51 0 0 0 1 1 1
8 P_1 52 52 0 0 0 1 1 1
8 P_1 53 53 0.217562 0.22395 0.230368 1 1 1
8 P_1 54 54 0 0 0 1 1 1
8 P_1 55 55 0 0 0 1 1 1
8 P_1 56 56 0 0 0 1 1 1
8 P_1 57 57 0 0 0 1 1 1
8 P_1 58 58 0 0 0 1 1 1
8 P_1 59 59 0 0 0 1 1 1
8 P_1 60 60 0 0 0 1 1 1
8 P_1 61 61 0.5 0.5 0.5 1 1 1
8 P_1 62 62 0 0 0 1 1 1
8 P_1 63 63 0 0 0 1 1 1
8 P_1 64 64 0 0 0 1 1 1
8 P_1 65 65 0.217562 0.22395 0.230368 1 1 1
8 P_1 66 66 0 0 0 1 1 1
8 P_1 67 67 0 0 0 1 1 1
8 P_1 68 68 0 0 0 1 1 1
8 P_1 69 69 0 0 0 1 1 1
8 P_1 70 70 0 0 0 1 1 1
8 P_1 71 71 0 0 0 1 1 1
8 P_1 72 72 0.136848 0.1426 0.1484755 1 1 1
9 P_0 0 0 0.15177 0.1577 0.1637365 1 1 1
9 P_0 1 1 0.15177 0.1577 0.1637365 1 1 1
9 P_0 2 2 0 0 0 1 1 1
9 P_0 3 3 0.15177 0.1577 0.1637365 1 1 1
9 P_0 4 4 0.15177 0.1577 0.1637365 1 1 1
9 P_0 5 5 0.15177 0.1577 0.1637365 1 1 1
9 P_0 6 6 0.15177 0.1577 0.1637365 1 1 1
9 P_0 7 7 0.15177 0.1577 0.1637365 1 1 1
9 P_0 8 8 0.15177 0.1577 0.1637365 1 1 1
9 P_0 9 9 0 0 0 1 1 1
9 P_0 10 10 0.15177 0.1577 0.1637365 1 1 1
9 P_0 11 11 0.15177 0.1577 0.1637365 1 1 1
9 P_0 12 12 0 0 0 1 1 1
9 P_0 13 13 0.15177 0.1577 0.1637365 1 1 1
9 P_0 14 14 0.15177 0.1577 0.1637365 1 1 1
9 P_0 15 15 0.15177 0.1577 0.1637365 1 1 1
9 P_0 16 16 0.15177 0.1577 0.1637365 1 1 1
9 P_0 17 17 0 0 0 1 1 1
9 P_0 18 18 0.1373415 0.1431 0.1489815 1 1 1
9 P_0 19 19 0.15177 0.1577 0.1637365 1 1 1
9 P_0 20 20 0.15177 0.1577 0.1637365 1 1 1
9 P_0 21 21 0.193025 0.1993 0.2056335 1 1 1
9 P_0 22 22 0.1373415 0.1431 0.1489815 1 1 1
9 P_0 23 23 0.15177 0.1577 0.1637365 1 1 1
9 P_0 24 24 0.15177 0.1577 0.1637365 1 1 1
9 P_0 25 25 0 0 0 1 1 1
9 P_0 26 26 0.0847045 0.08955 0.09458 1 1 1
9 P_0 27 27 0.15177 0.1577 0.1637365 1 1 1
9 P_0 28 28 0.15177 0.1577 0.1637365 1 1 1
9 P_0 29 29 0.15177 0.1577 0.1637365 1 1 1
9 P_0 30 30 0.15177 0.1577 0.1637365 1 1 1
9 P_0 31 31 0.0847045 0.08955 0.09458 1 1 1
9 P_0 32 32 0.15177 0.1577 0.1637365 1 1 1
9 P_0 33 33 0.15177 0.1577 0.1637365 1 1 1
9 P_0 34 34 0.1373415 0.1431 0.1489815 1 1 1
9 P_0 35 35 0.15177 0.1577 0.1637365 1 1 1
9 P_0 36 36 0.15177 0.1577 0.1637365 1 1 1
9 P_0 37 37 0.15177 0.1577 0.1637365 1 1 1
9 P_0 38 38 0.15177 0.1577 0.1637365 1 1 1
9 P_0 39 39 0.15177 0.1577 0.1637365 1 1 1
9 P_0 40 40 0.15177 0.1577 0.1637365 1 1 1
9 P_0 41 41 0.15177 0.1577 0.1637365 1 1 1
9 P_0 42 42 0 0 0 1 1 1
9 P_0 43 43 0.15177 0.1577 0.1637365 1 1 1
9 P_0 44 44 0.15177 0.1577 0.1637365 1 1 1
9 P_0 45 45 0 0 0 1 1 1
9 P_0 46 46 0.15177 0.1577 0.1637365 1 1 1
9 P_0 47 47 0.193025 0.1993 0.2056335 1 1 1
9 P_0 48 48 0.1373415 0.1431 0.1489815 1 1 1
9 P_0 49 49 0.15177 0.1577 0.1637365 1 1 1
9 P_0 50 50 0.15177 0.1577 0.1637365 1 1 1
9 P_0 51 51 0.15177 0.1577 0.1637365 1 1 1
9 P_0 52 52 0.15177 0.1577 0.1637365 1 1 1
9 P_0 53 53 0.1373415 0.1431 0.1489815 1 1 1
9 P_0 54 54 0.15177 0.1577 0.1637365 1 1 1
9 P_0 55 55 0 0 0 1 1 1
9 P_0 56 56 0.15177 0.1577 0.1637365 1 1 1
9 P_0 57 57 0.15177 0.1577 0.1637365 1 1 1
9 P_0 58 58 0 0 0 1 1 1
9 P_0 59 59 0.15177 0.1577 0.1637365 1 1 1
9 P_0 60 60 0 0 0 1 1 1
9 P_0 61 61 0.5 0.5 0.5 1 1 1
9 P_0 62 62 0.0847045 0.08955 0.09458 1 1 1
9 P_0 63 63 0.15177 0.1577 0.1637365 1 1 1
9 P_0 64 64 0 0 0 1 1 1
9 P_0 65 65 0.1373415 0.1431 0.1489815 1 1 1
9 P_0 66 66 0 0 0 1 1 1
9 P_0 67 67 0.0847045 0.08955 0.09458 1 1 1
9 P_0 68 68 0 0 0 1 1 1
9 P_0 69 69 0.15177 0.1577 0.1637365 1 1 1
9 P_0 70 70 0.15177 0.1577 0.1637365 1 1 1
9 P_0 71 71 0 0 0 1 1 1
9 P_0 72 72 0 0 0 1 1 1
