5 #m
49 #n
0 P_5 0 0 0 0 0 1 1 1
0 P_5 1 1 0 0 0 1 1 1
0 P_5 2 2 0 0 0 1 1 1
0 P_5 3 3 0 0 0 1 1 1
0 P_5 4 4 0 0 0 1 1 1
0 P_5 5 5 0 0 0 1 1 1
0 P_5 6 6 0 0 0 1 1 1
0 P_5 7 7 0 0 0 1 1 1
0 P_5 8 8 0 0 0 1 1 1
0 P_5 9 9 0 0 0 1 1 1
0 P_5 10 10 0 0 0 1 1 1
0 P_5 11 11 0 0 0 1 1 1
0 P_5 12 12 0 0 0 1 1 1
0 P_5 13 13 0 0 0 1 1 1
0 P_5 14 14 0 0 0 1 1 1
0 P_5 15 15 0.5 0.5 0.5 1 1 1
0 P_5 16 16 0.5 0.5 0.5 1 1 1
0 P_5 17 17 0 0 0 1 1 1
0 P_5 18 18 0 0 0 1 1 1
0 P_5 19 19 0 0 0 1 1 1
0 P_5 20 20 0 0 0 1 1 1
0 P_5 21 21 0.5 0.5 0.5 1 1 1
0 P_5 22 22 0.5 0.5 0.5 1 1 1
0 P_5 23 23 0 0 0 1 1 1
0 P_5 24 24 0 0 0 1 1 1
0 P_5 25 25 0 0 0 1 1 1
0 P_5 26 26 0 0 0 1 1 1
0 P_5 27 27 0 0 0 1 1 1
0 P_5 28 28 0 0 0 1 1 1
0 P_5 29 29 0 0 0 1 1 1
0 P_5 30 30 0 0 0 1 1 1
0 P_5 31 31 0 0 0 1 1 1
0 P_5 32 32 0 0 0 1 1 1
0 P_5 33 33 0 0 0 1 1 1
0 P_5 34 34 0 0 0 1 1 1
0 P_5 35 35 0 0 0 1 1 1
0 P_5 36 36 0 0 0 1 1 1
0 P_5 37 37 0 0 0 1 1 1
0 P_5 38 38 0 0 0 1 1 1
0 P_5 39 39 0 0 0 1 1 1
0 P_5 40 40 0 0 0 1 1 1
0 P_5 41 41 0 0 0 1 1 1
0 P_5 42 42 0 0 0 1 1 1
0 P_5 43 43 0 0 0 1 1 1
0 P_5 44 44 0 0 0 1 1 1
0 P_5 45 45 0.5 0.5 0.5 1 1 1
0 P_5 46 46 0 0 0 1 1 1
0 P_5 47 47 0 0 0 1 1 1
0 P_5 48 48 0 0 0 1 1 1
1 P_0 0 0 0 0 0 1 1 1
1 P_0 1 1 0.2531055 0.35365853658536583 0.4276975 1 1 1
1 P_0 2 2 0 0 0 1 1 1
1 P_0 3 3 0.2833375 0.3888888888888889 0.4545475 1 1 1
1 P_0 4 4 0.2954005 0.3888888888888889 0.4497895 1 1 1
1 P_0 5 5 0 0 0 1 1 1
1 P_0 6 6 0.277771 0.36363636363636365 0.4273295 1 1 1
1 P_0 7 7 0.3073475 0.39090909090909093 0.447003 1 1 1
1 P_0 8 8 0.3268605 0.4230769230769231 0.4731645 1 1 1
1 P_0 9 9 0.313363 0.4069767441860465 0.462239 1 1 1
1 P_0 10 10 0 0 0 1 1 1
1 P_0 11 11 0.358469 0.4322033898305085 0.472763 1 1 1
1 P_0 12 12 0 0 0 1 1 1
1 P_0 13 13 0.404932 0.4772727272727273 0.4961745 1 1 1
1 P_0 14 14 0.2695245 0.36 0.427026 1 1 1
1 P_0 15 15 0.0651335 0.12295081967213115 0.2032625 1 1 1
1 P_0 16 16 0.5 0.5 0.5 1 1 1
1 P_0 17 17 0.302837 0.39361702127659576 0.4520255 1 1 1
1 P_0 18 18 0.314602 0.39814814814814814 0.452329 1 1 1
1 P_0 19 19 0.356293 0.43103448275862066 0.4722805 1 1 1
1 P_0 20 20 0 0 0 1 1 1
1 P_0 21 21 0 0 0 1 1 1
1 P_0 22 22 0.5 0.5 0.5 1 1 1
1 P_0 23 23 0.3073475 0.39090909090909093 0.447003 1 1 1
1 P_0 24 24 0.2569655 0.34615384615384615 0.415569 1 1 1
1 P_0 25 25 0.31622 0.4019607843137255 0.4559485 1 1 1
1 P_0 26 26 0.2831555 0.38095238095238093 0.4460125 1 1 1
1 P_0 27 27 0.280111 0.37 0.434315 1 1 1
1 P_0 28 28 0.294814 0.3854166666666667 0.4460695 1 1 1
1 P_0 29 29 0 0 0 1 1 1
1 P_0 30 30 0.324865 0.4 0.4501355 1 1 1
1 P_0 31 31 0.298395 0.3877551020408163 0.447225 1 1 1
1 P_0 32 32 0.3776355 0.4519230769230769 0.485002 1 1 1
1 P_0 33 33 0.2693925 0.3717948717948718 0.441619 1 1 1
1 P_0 34 34 0.2837805 0.37254901960784315 0.435677 1 1 1
1 P_0 35 35 0 0 0 1 1 1
1 P_0 36 36 0 0 0 1 1 1
1 P_0 37 37 0.3271055 0.4148936170212766 0.4655665 1 1 1
1 P_0 38 38 0.2873315 0.375 0.4369835 1 1 1
1 P_0 39 39 0.30976 0.3979591836734694 0.454071 1 1 1
1 P_0 40 40 0.327472 0.4117647058823529 0.462277 1 1 1
1 P_0 41 41 0 0 0 1 1 1
1 P_0 42 42 0.3073475 0.39090909090909093 0.447003 1 1 1
1 P_0 43 43 0.29779 0.38461538461538464 0.44379 1 1 1
1 P_0 44 44 0.306359 0.3958333333333333 0.4530705 1 1 1
1 P_0 45 45 0 0 0 1 1 1
1 P_0 46 46 0 0 0 1 1 1
1 P_0 47 47 0 0 0 1 1 1
1 P_0 48 48 0.2841075 0.37037037037037035 0.4327475 1 1 1
2 P_4 0 0 0 0 0 1 1 1
2 P_4 1 1 0.5 0.5 0.5 1 1 1
2 P_4 2 2 0 0 0 1 1 1
2 P_4 3 3 0.5 0.5 0.5 1 1 1
2 P_4 4 4 0.5 0.5 0.5 1 1 1
2 P_4 5 5 0.5 0.5 0.5 1 1 1
2 P_4 6 6 0.5 0.5 0.5 1 1 1
2 P_4 7 7 0.5 0.5 0.5 1 1 1
2 P_4 8 8 0.5 0.5 0.5 1 1 1
2 P_4 9 9 0.5 0.5 0.5 1 1 1
2 P_4 10 10 0 0 0 1 1 1
2 P_4 11 11 0.5 0.5 0.5 1 1 1
2 P_4 12 12 0 0 0 1 1 1
2 P_4 13 13 0.5 0.5 0.5 1 1 1
2 P_4 14 14 0.5 0.5 0.5 1 1 1
2 P_4 15 15 0 0 0 1 1 1
2 P_4 16 16 0.5 0.5 0.5 1 1 1
2 P_4 17 17 0.5 0.5 0.5 1 1 1
2 P_4 18 18 0.5 0.5 0.5 1 1 1
2 P_4 19 19 0.5 0.5 0.5 1 1 1
2 P_4 20 20 0 0 0 1 1 1
2 P_4 21 21 0 0 0 1 1 1
2 P_4 22 22 0.5 0.5 0.5 1 1 1
2 P_4 23 23 0.5 0.5 0.5 1 1 1
2 P_4 24 24 0.5 0.5 0.5 1 1 1
2 P_4 25 25 0.5 0.5 0.5 1 1 1
2 P_4 26 26 0.5 0.5 0.5 1 1 1
2 P_4 27 27 0.5 0.5 0.5 1 1 1
2 P_4 28 28 0.5 0.5 0.5 1 1 1
2 P_4 29 29 0 0 0 1 1 1
2 P_4 30 30 0.5 0.5 0.5 1 1 1
2 P_4 31 31 0 0 0 1 1 1
2 P_4 32 32 0.5 0.5 0.5 1 1 1
2 P_4 33 33 0.5 0.5 0.5 1 1 1
2 P_4 34 34 0 0 0 1 1 1
2 P_4 35 35 0.5 0.5 0.5 1 1 1
2 P_4 36 36 0.5 0.5 0.5 1 1 1
2 P_4 37 37 0.5 0.5 0.5 1 1 1
2 P_4 38 38 0.5 0.5 0.5 1 1 1
2 P_4 39 39 0.5 0.5 0.5 1 1 1
2 P_4 40 40 0 0 0 1 1 1
2 P_4 41 41 0 0 0 1 1 1
2 P_4 42 42 0.5 0.5 0.5 1 1 1
2 P_4 43 43 0.5 0.5 0.5 1 1 1
2 P_4 44 44 0.5 0.5 0.5 1 1 1
2 P_4 45 45 0 0 0 1 1 1
2 P_4 46 46 0 0 0 1 1 1
2 P_4 47 47 0 0 0 1 1 1
2 P_4 48 48 0.5 0.5 0.5 1 1 1
3 P_6 0 0 0.159452 0.24107142857142858 0.32440600000000003 1 1 1
3 P_6 1 1 0.5 0.5 0.5 1 1 1
3 P_6 2 2 0 0 0 1 1 1
3 P_6 3 3 0.5 0.5 0.5 1 1 1
3 P_6 4 4 0.5 0.5 0.5 1 1 1
3 P_6 5 5 0 0 0 1 1 1
3 P_6 6 6 0.5 0.5 0.5 1 1 1
3 P_6 7 7 0.5 0.5 0.5 1 1 1
3 P_6 8 8 0.5 0.5 0.5 1 1 1
3 P_6 9 9 0.5 0.5 0.5 1 1 1
3 P_6 10 10 0 0 0 1 1 1
3 P_6 11 11 0.5 0.5 0.5 1 1 1
3 P_6 12 12 0 0 0 1 1 1
3 P_6 13 13 0.5 0.5 0.5 1 1 1
3 P_6 14 14 0.5 0.5 0.5 1 1 1
3 P_6 15 15 0 0 0 1 1 1
3 P_6 16 16 0.5 0.5 0.5 1 1 1
3 P_6 17 17 0.5 0.5 0.5 1 1 1
3 P_6 18 18 0.5 0.5 0.5 1 1 1
3 P_6 19 19 0.5 0.5 0.5 1 1 1
3 P_6 20 20 0.0771255 0.1511627906976744 0.2494105 1 1 1
3 P_6 21 21 0 0 0 1 1 1
3 P_6 22 22 0.5 0.5 0.5 1 1 1
3 P_6 23 23 0.5 0.5 0.5 1 1 1
3 P_6 24 24 0.5 0.5 0.5 1 1 1
3 P_6 25 25 0.1611395 0.24528301886792453 0.3303805 1 1 1
3 P_6 26 26 0.5 0.5 0.5 1 1 1
3 P_6 27 27 0.5 0.5 0.5 1 1 1
3 P_6 28 28 0.5 0.5 0.5 1 1 1
3 P_6 29 29 0.0203838 0.058823529411764705 0.137062 1 1 1
3 P_6 30 30 0.5 0.5 0.5 1 1 1
3 P_6 31 31 0.156384 0.25675675675675674 0.3552305 1 1 1
3 P_6 32 32 0.5 0.5 0.5 1 1 1
3 P_6 33 33 0.5 0.5 0.5 1 1 1
3 P_6 34 34 0.1515285 0.23214285714285715 0.3161875 1 1 1
3 P_6 35 35 0 0 0 1 1 1
3 P_6 36 36 0 0 0 1 1 1
3 P_6 37 37 0.5 0.5 0.5 1 1 1
3 P_6 38 38 0.5 0.5 0.5 1 1 1
3 P_6 39 39 0.5 0.5 0.5 1 1 1
3 P_6 40 40 0.086831 0.15254237288135594 0.2360695 1 1 1
3 P_6 41 41 0 0 0 1 1 1
3 P_6 42 42 0.5 0.5 0.5 1 1 1
3 P_6 43 43 0.5 0.5 0.5 1 1 1
3 P_6 44 44 0.5 0.5 0.5 1 1 1
3 P_6 45 45 0 0 0 1 1 1
3 P_6 46 46 0 0 0 1 1 1
3 P_6 47 47 0 0 0 1 1 1
3 P_6 48 48 0.5 0.5 0.5 1 1 1
4 P_3 0 0 0.0779515 0.14893617021276595 0.2427365 1 1 1
4 P_3 1 1 0.5 0.5 0.5 1 1 1
4 P_3 2 2 0.079766 0.15217391304347827 0.247109 1 1 1
4 P_3 3 3 0.5 0.5 0.5 1 1 1
4 P_3 4 4 0.5 0.5 0.5 1 1 1
4 P_3 5 5 0 0 0 1 1 1
4 P_3 6 6 0.5 0.5 0.5 1 1 1
4 P_3 7 7 0.5 0.5 0.5 1 1 1
4 P_3 8 8 0.5 0.5 0.5 1 1 1
4 P_3 9 9 0.5 0.5 0.5 1 1 1
4 P_3 10 10 0 0 0 1 1 1
4 P_3 11 11 0.5 0.5 0.5 1 1 1
4 P_3 12 12 0 0 0 1 1 1
4 P_3 13 13 0.5 0.5 0.5 1 1 1
4 P_3 14 14 0.5 0.5 0.5 1 1 1
4 P_3 15 15 0 0 0 1 1 1
4 P_3 16 16 0.5 0.5 0.5 1 1 1
4 P_3 17 17 0.5 0.5 0.5 1 1 1
4 P_3 18 18 0.5 0.5 0.5 1 1 1
4 P_3 19 19 0.5 0.5 0.5 1 1 1
4 P_3 20 20 0.01238605 0.045454545454545456 0.12713 1 1 1
4 P_3 21 21 0 0 0 1 1 1
4 P_3 22 22 0.5 0.5 0.5 1 1 1
4 P_3 23 23 0.5 0.5 0.5 1 1 1
4 P_3 24 24 0.5 0.5 0.5 1 1 1
4 P_3 25 25 0.2465895 0.3305084745762712 0.399706 1 1 1
4 P_3 26 26 0.5 0.5 0.5 1 1 1
4 P_3 27 27 0.5 0.5 0.5 1 1 1
4 P_3 28 28 0.5 0.5 0.5 1 1 1
4 P_3 29 29 0.0630165 0.125 0.2126685 1 1 1
4 P_3 30 30 0.5 0.5 0.5 1 1 1
4 P_3 31 31 0.0784385 0.15789473684210525 0.2625975 1 1 1
4 P_3 32 32 0.5 0.5 0.5 1 1 1
4 P_3 33 33 0.5 0.5 0.5 1 1 1
4 P_3 34 34 0.103671 0.18604651162790697 0.284098 1 1 1
4 P_3 35 35 0 0 0 1 1 1
4 P_3 36 36 0 0 0 1 1 1
4 P_3 37 37 0.5 0.5 0.5 1 1 1
4 P_3 38 38 0.5 0.5 0.5 1 1 1
4 P_3 39 39 0.5 0.5 0.5 1 1 1
4 P_3 40 40 0.125622 0.20588235294117646 0.2953865 1 1 1
4 P_3 41 41 0.0520065 0.10714285714285714 0.189661 1 1 1
4 P_3 42 42 0.5 0.5 0.5 1 1 1
4 P_3 43 43 0.5 0.5 0.5 1 1 1
4 P_3 44 44 0.5 0.5 0.5 1 1 1
4 P_3 45 45 0 0 0 1 1 1
4 P_3 46 46 0 0 0 1 1 1
4 P_3 47 47 0.106106 0.17857142857142858 0.264752 1 1 1
4 P_3 48 48 0.5 0.5 0.5 1 1 1
