5 #m
9 #n
0 P_8 0 0 0.5 0.5 0.5 1 1 1
0 P_8 1 1 0.123096 0.14107883817427386 0.1603575 1 1 1
0 P_8 2 2 0.1033225 0.11982248520710059 0.137795 1 1 1
0 P_8 3 3 0.130408 0.1484848484848485 0.1677375 1 1 1
0 P_8 4 4 0.065732 0.07924528301886792 0.094606 1 1 1
0 P_8 5 5 0.5 0.5 0.5 1 1 1
0 P_8 6 6 0.1837465 0.20385818561001043 0.2245215 1 1 1
0 P_8 7 7 0.1203345 0.13809034907597537 0.157164 1 1 1
0 P_8 8 8 0.124997 0.14285714285714285 0.1619625 1 1 1
1 P_4 0 0 0.5 0.5 0.5 1 1 1
1 P_4 1 1 0.1618395 0.18125643666323377 0.2014855 1 1 1
1 P_4 2 2 0.162472 0.18125 0.200786 1 1 1
1 P_4 3 3 0.1689165 0.18818272095332672 0.208153 1 1 1
1 P_4 4 4 0.080584 0.09603340292275574 0.1133255 1 1 1
1 P_4 5 5 0.5 0.5 0.5 1 1 1
1 P_4 6 6 0 0 0 1 1 1
1 P_4 7 7 0.1667875 0.1857976653696498 0.205524 1 1 1
1 P_4 8 8 0.1560755 0.1748046875 0.194376 1 1 1
2 P_6 0 0 0.5 0.5 0.5 1 1 1
2 P_6 1 1 0.395897 0.412109375 0.4265065 1 1 1
2 P_6 2 2 0.409195 0.4247743229689067 0.438344 1 1 1
2 P_6 3 3 0.254928 0.2749757516973812 0.2947455 1 1 1
2 P_6 4 4 0.0707035 0.08477842003853564 0.1006785 1 1 1
2 P_6 5 5 0.5 0.5 0.5 1 1 1
2 P_6 6 6 0 0 0 1 1 1
2 P_6 7 7 0.4025465 0.4182785299806576 0.432144 1 1 1
2 P_6 8 8 0.405359 0.42157894736842105 0.4357285 1 1 1
3 P_0 0 0 0.5 0.5 0.5 1 1 1
3 P_0 1 1 0.290568 0.3110072689511942 0.3307205 1 1 1
3 P_0 2 2 0.2859315 0.3061740890688259 0.325765 1 1 1
3 P_0 3 3 0.2941495 0.31404549950544014 0.333215 1 1 1
3 P_0 4 4 0 0 0 1 1 1
3 P_0 5 5 0.5 0.5 0.5 1 1 1
3 P_0 6 6 0 0 0 1 1 1
3 P_0 7 7 0.294212 0.31449126413155193 0.3340105 1 1 1
3 P_0 8 8 0.3016205 0.3215 0.3405595 1 1 1
4 P_2 0 0 0.5 0.5 0.5 1 1 1
4 P_2 1 1 0.1503955 0.16916916916916916 0.188871 1 1 1
4 P_2 2 2 0.165512 0.18484848484848485 0.20494 1 1 1
4 P_2 3 3 0 0 0 1 1 1
4 P_2 4 4 0 0 0 1 1 1
4 P_2 5 5 0.5 0.5 0.5 1 1 1
4 P_2 6 6 0.1725175 0.19170731707317074 0.211549 1 1 1
4 P_2 7 7 0.154295 0.17311507936507936 0.19281 1 1 1
4 P_2 8 8 0.1553715 0.17446592065106817 0.1944415 1 1 1
