2 #m
106 #n
0 P_2 0 0 0.5 0.5 0.5 1 1 1
0 P_2 1 1 0.5 0.5 0.5 1 1 1
0 P_2 2 2 0.5 0.5 0.5 1 1 1
0 P_2 3 3 0 0 0 1 1 1
0 P_2 4 4 0.5 0.5 0.5 1 1 1
0 P_2 5 5 0.5 0.5 0.5 1 1 1
0 P_2 6 6 0.5 0.5 0.5 1 1 1
0 P_2 7 7 0.5 0.5 0.5 1 1 1
0 P_2 8 8 0.5 0.5 0.5 1 1 1
0 P_2 9 9 0.5 0.5 0.5 1 1 1
0 P_2 10 10 0.5 0.5 0.5 1 1 1
0 P_2 11 11 0.5 0.5 0.5 1 1 1
0 P_2 12 12 0 0 0 1 1 1
0 P_2 13 13 0.5 0.5 0.5 1 1 1
0 P_2 14 14 0.5 0.5 0.5 1 1 1
0 P_2 15 15 0.0542145 0.10833333333333334 0.187913 1 1 1
0 P_2 16 16 0.5 0.5 0.5 1 1 1
0 P_2 17 17 0.5 0.5 0.5 1 1 1
0 P_2 18 18 0 0 0 1 1 1
0 P_2 19 19 0.294814 0.3854166666666667 0.4460695 1 1 1
0 P_2 20 20 0.5 0.5 0.5 1 1 1
0 P_2 21 21 0.5 0.5 0.5 1 1 1
0 P_2 22 22 0.5 0.5 0.5 1 1 1
0 P_2 23 23 0.5 0.5 0.5 1 1 1
0 P_2 24 24 0.5 0.5 0.5 1 1 1
0 P_2 25 25 0.5 0.5 0.5 1 1 1
0 P_2 26 26 0 0 0 1 1 1
0 P_2 27 27 0.5 0.5 0.5 1 1 1
0 P_2 28 28 0.5 0.5 0.5 1 1 1
0 P_2 29 29 0.5 0.5 0.5 1 1 1
0 P_2 30 30 0.067106 0.1326530612244898 0.223682 1 1 1
0 P_2 31 31 0.5 0.5 0.5 1 1 1
0 P_2 32 32 0.0585785 0.12 0.2091165 1 1 1
0 P_2 33 33 0.5 0.5 0.5 1 1 1
0 P_2 34 34 0.279612 0.3723404255319149 0.4374675 1 1 1
0 P_2 35 35 0.5 0.5 0.5 1 1 1
0 P_2 36 36 0 0 0 1 1 1
0 P_2 37 37 0.5 0.5 0.5 1 1 1
0 P_2 38 38 0.5 0.5 0.5 1 1 1
0 P_2 39 39 0 0 0 1 1 1
0 P_2 40 40 0.5 0.5 0.5 1 1 1
0 P_2 41 41 0.5 0.5 0.5 1 1 1
0 P_2 42 42 0.0407233 0.09090909090909091 0.172077 1 1 1
0 P_2 43 43 0.5 0.5 0.5 1 1 1
0 P_2 44 44 0.5 0.5 0.5 1 1 1
0 P_2 45 45 0.0291424 0.08333333333333333 0.185289 1 1 1
0 P_2 46 46 0.5 0.5 0.5 1 1 1
0 P_2 47 47 0.5 0.5 0.5 1 1 1
0 P_2 48 48 0 0 0 1 1 1
0 P_2 49 49 0.5 0.5 0.5 1 1 1
0 P_2 50 50 0.5 0.5 0.5 1 1 1
0 P_2 51 51 0.5 0.5 0.5 1 1 1
0 P_2 52 52 0.5 0.5 0.5 1 1 1
0 P_2 53 53 0 0 0 1 1 1
0 P_2 54 54 0.5 0.5 0.5 1 1 1
0 P_2 55 55 0.5 0.5 0.5 1 1 1
0 P_2 56 56 0.5 0.5 0.5 1 1 1
0 P_2 57 57 0.5 0.5 0.5 1 1 1
0 P_2 58 58 0 0 0 1 1 1
0 P_2 59 59 0.5 0.5 0.5 1 1 1
0 P_2 60 60 0.357998 0.4387755102040816 0.4787655 1 1 1
0 P_2 61 61 0.5 0.5 0.5 1 1 1
0 P_2 62 62 0.5 0.5 0.5 1 1 1
0 P_2 63 63 0.5 0.5 0.5 1 1 1
0 P_2 64 64 0.5 0.5 0.5 1 1 1
0 P_2 65 65 0.5 0.5 0.5 1 1 1
0 P_2 66 66 0 0 0 1 1 1
0 P_2 67 67 0.5 0.5 0.5 1 1 1
0 P_2 68 68 0 0 0 1 1 1
0 P_2 69 69 0.5 0.5 0.5 1 1 1
0 P_2 70 70 0.5 0.5 0.5 1 1 1
0 P_2 71 71 0.5 0.5 0.5 1 1 1
0 P_2 72 72 0.0399685 0.08928571428571429 0.169378 1 1 1
0 P_2 73 73 0.5 0.5 0.5 1 1 1
0 P_2 74 74 0.5 0.5 0.5 1 1 1
0 P_2 75 75 0.5 0.5 0.5 1 1 1
0 P_2 76 76 0.5 0.5 0.5 1 1 1
0 P_2 77 77 0.5 0.5 0.5 1 1 1
0 P_2 78 78 0 0 0 1 1 1
0 P_2 79 79 0.5 0.5 0.5 1 1 1
0 P_2 80 80 0.5 0.5 0.5 1 1 1
0 P_2 81 81 0.5 0.5 0.5 1 1 1
0 P_2 82 82 0.5 0.5 0.5 1 1 1
0 P_2 83 83 0.5 0.5 0.5 1 1 1
0 P_2 84 84 0.5 0.5 0.5 1 1 1
0 P_2 85 85 0.5 0.5 0.5 1 1 1
0 P_2 86 86 0.5 0.5 0.5 1 1 1
0 P_2 87 87 0.5 0.5 0.5 1 1 1
0 P_2 88 88 0 0 0 1 1 1
0 P_2 89 89 0 0 0 1 1 1
0 P_2 90 90 0.5 0.5 0.5 1 1 1
0 P_2 91 91 0.5 0.5 0.5 1 1 1
0 P_2 92 92 0 0 0 1 1 1
0 P_2 93 93 0.5 0.5 0.5 1 1 1
0 P_2 94 94 0.5 0.5 0.5 1 1 1
0 P_2 95 95 0.5 0.5 0.5 1 1 1
0 P_2 96 96 0.5 0.5 0.5 1 1 1
0 P_2 97 97 0.5 0.5 0.5 1 1 1
0 P_2 98 98 0.5 0.5 0.5 1 1 1
0 P_2 99 99 0.5 0.5 0.5 1 1 1
0 P_2 100 100 0.5 0.5 0.5 1 1 1
0 P_2 101 101 0.5 0.5 0.5 1 1 1
0 P_2 102 102 0 0 0 1 1 1
0 P_2 103 103 0.5 0.5 0.5 1 1 1
0 P_2 104 104 0 0 0 1 1 1
0 P_2 105 105 0.5 0.5 0.5 1 1 1
1 P_6 0 0 0.2833375 0.3888888888888889 0.4545475 1 1 1
1 P_6 1 1 0.2748635 0.37209302325581395 0.4394375 1 1 1
1 P_6 2 2 0.218073 0.3055555555555556 0.382001 1 1 1
1 P_6 3 3 0 0 0 1 1 1
1 P_6 4 4 0.2670895 0.36363636363636365 0.4329385 1 1 1
1 P_6 5 5 0.252891 0.34782608695652173 0.420234 1 1 1
1 P_6 6 6 0.2134705 0.3 0.376764 1 1 1
1 P_6 7 7 0.1949475 0.2857142857142857 0.3687155 1 1 1
1 P_6 8 8 0.243105 0.3230769230769231 0.390847 1 1 1
1 P_6 9 9 0.186877 0.2894736842105263 0.381241 1 1 1
1 P_6 10 10 0.283499 0.375 0.438844 1 1 1
1 P_6 11 11 0.5 0.5 0.5 1 1 1
1 P_6 12 12 0.076218 0.14583333333333334 0.238511 1 1 1
1 P_6 13 13 0.223549 0.3137254901960784 0.3905525 1 1 1
1 P_6 14 14 0.305201 0.39215686274509803 0.4493925 1 1 1
1 P_6 15 15 0.065685 0.13 0.219889 1 1 1
1 P_6 16 16 0.2415965 0.330188679245283 0.4025755 1 1 1
1 P_6 17 17 0.277771 0.36363636363636365 0.4273295 1 1 1
1 P_6 18 18 0 0 0 1 1 1
1 P_6 19 19 0.1024785 0.18085106382978725 0.2748435 1 1 1
1 P_6 20 20 0.2705625 0.3524590163934426 0.4162035 1 1 1
1 P_6 21 21 0.2806335 0.36792452830188677 0.4314035 1 1 1
1 P_6 22 22 0.5 0.5 0.5 1 1 1
1 P_6 23 23 0.261489 0.3541666666666667 0.423782 1 1 1
1 P_6 24 24 0.2552075 0.3389830508474576 0.40649 1 1 1
1 P_6 25 25 0.230016 0.3333333333333333 0.414334 1 1 1
1 P_6 26 26 0 0 0 1 1 1
1 P_6 27 27 0.220312 0.31521739130434784 0.3950955 1 1 1
1 P_6 28 28 0.304262 0.3888888888888889 0.4459735 1 1 1
1 P_6 29 29 0.311569 0.39622641509433965 0.451389 1 1 1
1 P_6 30 30 0.0506075 0.10784313725490197 0.194799 1 1 1
1 P_6 31 31 0.5 0.5 0.5 1 1 1
1 P_6 32 32 0.02265905 0.0603448275862069 0.133086 1 1 1
1 P_6 33 33 0.5 0.5 0.5 1 1 1
1 P_6 34 34 0.1838125 0.26785714285714285 0.3484715 1 1 1
1 P_6 35 35 0.1991505 0.3055555555555556 0.3959615 1 1 1
1 P_6 36 36 0 0 0 1 1 1
1 P_6 37 37 0.228356 0.30952380952380953 0.380455 1 1 1
1 P_6 38 38 0.2134705 0.3 0.376764 1 1 1
1 P_6 39 39 0 0 0 1 1 1
1 P_6 40 40 0.2298435 0.3229166666666667 0.3998365 1 1 1
1 P_6 41 41 0.26693 0.3557692307692308 0.422863 1 1 1
1 P_6 42 42 0 0 0 1 1 1
1 P_6 43 43 0.155915 0.24468085106382978 0.334649 1 1 1
1 P_6 44 44 0.2176875 0.30357142857142855 0.379167 1 1 1
1 P_6 45 45 0.0385059 0.09 0.175527 1 1 1
1 P_6 46 46 0.240684 0.3225806451612903 0.391808 1 1 1
1 P_6 47 47 0.25164 0.33620689655172414 0.404758 1 1 1
1 P_6 48 48 0 0 0 1 1 1
1 P_6 49 49 0.2363025 0.32407407407407407 0.3971325 1 1 1
1 P_6 50 50 0.2655735 0.35714285714285715 0.4254395 1 1 1
1 P_6 51 51 0.2733475 0.3627450980392157 0.4285465 1 1 1
1 P_6 52 52 0.195735 0.2830188679245283 0.363627 1 1 1
1 P_6 53 53 0 0 0 1 1 1
1 P_6 54 54 0.204846 0.2894736842105263 0.366644 1 1 1
1 P_6 55 55 0.214797 0.30851063829787234 0.3890055 1 1 1
1 P_6 56 56 0.5 0.5 0.5 1 1 1
1 P_6 57 57 0.2213315 0.3050847457627119 0.378763 1 1 1
1 P_6 58 58 0 0 0 1 1 1
1 P_6 59 59 0.2531055 0.35365853658536583 0.4276975 1 1 1
1 P_6 60 60 0.116938 0.19791666666666666 0.2904365 1 1 1
1 P_6 61 61 0.294814 0.3854166666666667 0.4460695 1 1 1
1 P_6 62 62 0.223549 0.3137254901960784 0.3905525 1 1 1
1 P_6 63 63 0.2288295 0.32 0.3962365 1 1 1
1 P_6 64 64 0.204599 0.2978723404255319 0.380329 1 1 1
1 P_6 65 65 0.1945585 0.2872340425531915 0.371496 1 1 1
1 P_6 66 66 0 0 0 1 1 1
1 P_6 67 67 0.5 0.5 0.5 1 1 1
1 P_6 68 68 0.0342415 0.08035714285714286 0.1589365 1 1 1
1 P_6 69 69 0.253253 0.3392857142857143 0.408179 1 1 1
1 P_6 70 70 0.248363 0.34444444444444444 0.4183325 1 1 1
1 P_6 71 71 0.235683 0.32978723404255317 0.4058715 1 1 1
1 P_6 72 72 0.0419892 0.09016393442622951 0.1665985 1 1 1
1 P_6 73 73 0.223549 0.3137254901960784 0.3905525 1 1 1
1 P_6 74 74 0.3231485 0.40350877192982454 0.4549425 1 1 1
1 P_6 75 75 0.2742685 0.3611111111111111 0.4258995 1 1 1
1 P_6 76 76 0.220928 0.30327868852459017 0.3761845 1 1 1
1 P_6 77 77 0.223549 0.3137254901960784 0.3905525 1 1 1
1 P_6 78 78 0 0 0 1 1 1
1 P_6 79 79 0.1682705 0.2549019607843137 0.3405065 1 1 1
1 P_6 80 80 0.2272505 0.32558139534883723 0.4053895 1 1 1
1 P_6 81 81 0.257944 0.35714285714285715 0.4295335 1 1 1
1 P_6 82 82 0.226133 0.32222222222222224 0.4013325 1 1 1
1 P_6 83 83 0.2837805 0.37254901960784315 0.435677 1 1 1
1 P_6 84 84 0.1737365 0.26666666666666666 0.355677 1 1 1
1 P_6 85 85 0.26693 0.3557692307692308 0.422863 1 1 1
1 P_6 86 86 0.249482 0.33636363636363636 0.4063845 1 1 1
1 P_6 87 87 0.2591115 0.35 0.4195655 1 1 1
1 P_6 88 88 0.0410639 0.09574468085106383 0.185173 1 1 1
1 P_6 89 89 0.02756255 0.07894736842105263 0.177011 1 1 1
1 P_6 90 90 0.214797 0.30851063829787234 0.3890055 1 1 1
1 P_6 91 91 0.5 0.5 0.5 1 1 1
1 P_6 92 92 0 0 0 1 1 1
1 P_6 93 93 0.2559645 0.358974358974359 0.4328215 1 1 1
1 P_6 94 94 0.240222 0.3333333333333333 0.4079865 1 1 1
1 P_6 95 95 0.2806335 0.36792452830188677 0.4314035 1 1 1
1 P_6 96 96 0.1898885 0.28125 0.3656855 1 1 1
1 P_6 97 97 0.2837805 0.37254901960784315 0.435677 1 1 1
1 P_6 98 98 0.2507675 0.34375 0.415971 1 1 1
1 P_6 99 99 0.2211065 0.3181818181818182 0.3988935 1 1 1
1 P_6 100 100 0.2289725 0.3114754098360656 0.3830805 1 1 1
1 P_6 101 101 0.2572635 0.35106382978723405 0.4220485 1 1 1
1 P_6 102 102 0 0 0 1 1 1
1 P_6 103 103 0.5 0.5 0.5 1 1 1
1 P_6 104 104 0 0 0 1 1 1
1 P_6 105 105 0.2288295 0.32 0.3962365 1 1 1
