2 #m
45 #n
0 P_5 0 0 0 0 0 1 1 1
0 P_5 1 1 0.024617 0.078125 0.18629 1 1 1
0 P_5 2 2 0 0 0 1 1 1
0 P_5 3 3 0.2920285 0.3902439024390244 0.4526405 1 1 1
0 P_5 4 4 0.304077 0.3977272727272727 0.456013 1 1 1
0 P_5 5 5 0.341705 0.4230769230769231 0.468982 1 1 1
0 P_5 6 6 0.02316825 0.06666666666666667 0.153023 1 1 1
0 P_5 7 7 0 0 0 1 1 1
0 P_5 8 8 0 0 0 1 1 1
0 P_5 9 9 0 0 0 1 1 1
0 P_5 10 10 0.0287382 0.07142857142857142 0.148264 1 1 1
0 P_5 11 11 0 0 0 1 1 1
0 P_5 12 12 0 0 0 1 1 1
0 P_5 13 13 0 0 0 1 1 1
0 P_5 14 14 0.04861105 0.10377358490566038 0.188431 1 1 1
0 P_5 15 15 0.5 0.5 0.5 1 1 1
0 P_5 16 16 0.5 0.5 0.5 1 1 1
0 P_5 17 17 0.30976 0.3979591836734694 0.454071 1 1 1
0 P_5 18 18 0 0 0 1 1 1
0 P_5 19 19 0 0 0 1 1 1
0 P_5 20 20 0.00938385 0.041666666666666664 0.1331725 1 1 1
0 P_5 21 21 0 0 0 1 1 1
0 P_5 22 22 0.5 0.5 0.5 1 1 1
0 P_5 23 23 0.278261 0.38571428571428573 0.453184 1 1 1
0 P_5 24 24 0 0 0 1 1 1
0 P_5 25 25 0.3222615 0.4056603773584906 0.457678 1 1 1
0 P_5 26 26 0 0 0 1 1 1
0 P_5 27 27 0 0 0 1 1 1
0 P_5 28 28 0 0 0 1 1 1
0 P_5 29 29 0.360448 0.43636363636363634 0.4760745 1 1 1
0 P_5 30 30 0 0 0 1 1 1
0 P_5 31 31 0 0 0 1 1 1
0 P_5 32 32 0.02265245 0.06521739130434782 0.1501115 1 1 1
0 P_5 33 33 0 0 0 1 1 1
0 P_5 34 34 0 0 0 1 1 1
0 P_5 35 35 0.0287382 0.07142857142857142 0.148264 1 1 1
0 P_5 36 36 0.0539305 0.11458333333333333 0.205186 1 1 1
0 P_5 37 37 0 0 0 1 1 1
0 P_5 38 38 0 0 0 1 1 1
0 P_5 39 39 0.357998 0.4387755102040816 0.4787655 1 1 1
0 P_5 40 40 0.323342 0.4166666666666667 0.468425 1 1 1
0 P_5 41 41 0.0308286 0.07258064516129033 0.1451885 1 1 1
0 P_5 42 42 0 0 0 1 1 1
0 P_5 43 43 0 0 0 1 1 1
0 P_5 44 44 0 0 0 1 1 1
1 P_9 0 0 0 0 0 1 1 1
1 P_9 1 1 0.34263 0.4270833333333333 0.472486 1 1 1
1 P_9 2 2 0 0 0 1 1 1
1 P_9 3 3 0 0 0 1 1 1
1 P_9 4 4 0 0 0 1 1 1
1 P_9 5 5 0 0 0 1 1 1
1 P_9 6 6 0.349104 0.43902439024390244 0.4808975 1 1 1
1 P_9 7 7 0 0 0 1 1 1
1 P_9 8 8 0.02585205 0.06862745098039216 0.14921 1 1 1
1 P_9 9 9 0 0 0 1 1 1
1 P_9 10 10 0.388547 0.46078431372549017 0.489331 1 1 1
1 P_9 11 11 0 0 0 1 1 1
1 P_9 12 12 0 0 0 1 1 1
1 P_9 13 13 0.0419892 0.09016393442622951 0.1665985 1 1 1
1 P_9 14 14 0.377097 0.4420289855072464 0.476801 1 1 1
1 P_9 15 15 0.5 0.5 0.5 1 1 1
1 P_9 16 16 0.5 0.5 0.5 1 1 1
1 P_9 17 17 0.0352088 0.08695652173913043 0.1761395 1 1 1
1 P_9 18 18 0 0 0 1 1 1
1 P_9 19 19 0 0 0 1 1 1
1 P_9 20 20 0.3739135 0.44642857142857145 0.4814715 1 1 1
1 P_9 21 21 0.0068842 0.030612244897959183 0.101353 1 1 1
1 P_9 22 22 0.5 0.5 0.5 1 1 1
1 P_9 23 23 0 0 0 1 1 1
1 P_9 24 24 0 0 0 1 1 1
1 P_9 25 25 0 0 0 1 1 1
1 P_9 26 26 0 0 0 1 1 1
1 P_9 27 27 0 0 0 1 1 1
1 P_9 28 28 0 0 0 1 1 1
1 P_9 29 29 0 0 0 1 1 1
1 P_9 30 30 0 0 0 1 1 1
1 P_9 31 31 0 0 0 1 1 1
1 P_9 32 32 0.355475 0.4473684210526316 0.4856315 1 1 1
1 P_9 33 33 0.01998355 0.057692307692307696 0.1347175 1 1 1
1 P_9 34 34 0 0 0 1 1 1
1 P_9 35 35 0.370975 0.4489795918367347 0.4840685 1 1 1
1 P_9 36 36 0.320493 0.4111111111111111 0.46398 1 1 1
1 P_9 37 37 0 0 0 1 1 1
1 P_9 38 38 0.03869585 0.09523809523809523 0.1904155 1 1 1
1 P_9 39 39 0 0 0 1 1 1
1 P_9 40 40 0.0726705 0.13636363636363635 0.222229 1 1 1
1 P_9 41 41 0.360448 0.43636363636363634 0.4760745 1 1 1
1 P_9 42 42 0 0 0 1 1 1
1 P_9 43 43 0 0 0 1 1 1
1 P_9 44 44 0 0 0 1 1 1
