10 #m
8 #n
0 P_9 0 0 0.5 0.5 0.5 1 1 1
0 P_9 1 1 0.5 0.5 0.5 1 1 1
0 P_9 2 2 0.5 0.5 0.5 1 1 1
0 P_9 3 3 0 0 0 1 1 1
0 P_9 4 4 0 0 0 1 1 1
0 P_9 5 5 0 0 0 1 1 1
0 P_9 6 6 0.2689545 0.3333333333333333 0.3883925 1 1 1
0 P_9 7 7 0.2698705 0.3317757009345794 0.3851945 1 1 1
1 P_2 0 0 0.5 0.5 0.5 1 1 1
1 P_2 1 1 0.2231705 0.2871287128712871 0.347013 1 1 1
1 P_2 2 2 0.271666 0.33185840707964603 0.3839915 1 1 1
1 P_2 3 3 0 0 0 1 1 1
1 P_2 4 4 0 0 0 1 1 1
1 P_2 5 5 0 0 0 1 1 1
1 P_2 6 6 0 0 0 1 1 1
1 P_2 7 7 0 0 0 1 1 1
2 P_7 0 0 0.5 0.5 0.5 1 1 1
2 P_7 1 1 0.2555205 0.3157894736842105 0.3696355 1 1 1
2 P_7 2 2 0.3126985 0.37777777777777777 0.4272085 1 1 1
2 P_7 3 3 0.1660035 0.22477064220183487 0.2861105 1 1 1
2 P_7 4 4 0.100296 0.16025641025641027 0.232823 1 1 1
2 P_7 5 5 0 0 0 1 1 1
2 P_7 6 6 0.03975625 0.07653061224489796 0.1328535 1 1 1
2 P_7 7 7 0.04039145 0.07954545454545454 0.1399955 1 1 1
3 P_6 0 0 0.5 0.5 0.5 1 1 1
3 P_6 1 1 0.5 0.5 0.5 1 1 1
3 P_6 2 2 0.5 0.5 0.5 1 1 1
3 P_6 3 3 0 0 0 1 1 1
3 P_6 4 4 0 0 0 1 1 1
3 P_6 5 5 0 0 0 1 1 1
3 P_6 6 6 0 0 0 1 1 1
3 P_6 7 7 0 0 0 1 1 1
4 P_1 0 0 0.5 0.5 0.5 1 1 1
4 P_1 1 1 0.316157 0.3761904761904762 0.4228955 1 1 1
4 P_1 2 2 0.3332565 0.3915094339622642 0.434957 1 1 1
4 P_1 3 3 0.133884 0.19047619047619047 0.25336 1 1 1
4 P_1 4 4 0.05713 0.09813084112149532 0.154874 1 1 1
4 P_1 5 5 0.073753 0.12234042553191489 0.1859235 1 1 1
4 P_1 6 6 0 0 0 1 1 1
4 P_1 7 7 0 0 0 1 1 1
5 P_3 0 0 0.5 0.5 0.5 1 1 1
5 P_3 1 1 0.3478875 0.40594059405940597 0.4469085 1 1 1
5 P_3 2 2 0.319885 0.3829787234042553 0.4304535 1 1 1
5 P_3 3 3 0.050348 0.09239130434782608 0.153318 1 1 1
5 P_3 4 4 0 0 0 1 1 1
5 P_3 5 5 0 0 0 1 1 1
5 P_3 6 6 0.202032 0.2644230769230769 0.3252755 1 1 1
5 P_3 7 7 0.183084 0.24736842105263157 0.311959 1 1 1
6 P_4 0 0 0.5 0.5 0.5 1 1 1
6 P_4 1 1 0.188566 0.25949367088607594 0.329103 1 1 1
6 P_4 2 2 0.1649375 0.22083333333333333 0.279439 1 1 1
6 P_4 3 3 0 0 0 1 1 1
6 P_4 4 4 0 0 0 1 1 1
6 P_4 5 5 0 0 0 1 1 1
6 P_4 6 6 0 0 0 1 1 1
6 P_4 7 7 0 0 0 1 1 1
7 P_5 0 0 0.5 0.5 0.5 1 1 1
7 P_5 1 1 0.291259 0.35638297872340424 0.409006 1 1 1
7 P_5 2 2 0.3273755 0.38362068965517243 0.427048 1 1 1
7 P_5 3 3 0 0 0 1 1 1
7 P_5 4 4 0 0 0 1 1 1
7 P_5 5 5 0 0 0 1 1 1
7 P_5 6 6 0 0 0 1 1 1
7 P_5 7 7 0 0 0 1 1 1
8 P_8 0 0 0.5 0.5 0.5 1 1 1
8 P_8 1 1 0.5 0.5 0.5 1 1 1
8 P_8 2 2 0.5 0.5 0.5 1 1 1
8 P_8 3 3 0.149184 0.20642201834862386 0.2681035 1 1 1
8 P_8 4 4 0.1908185 0.2523809523809524 0.3136915 1 1 1
8 P_8 5 5 0 0 0 1 1 1
8 P_8 6 6 0.1161655 0.17647058823529413 0.2462935 1 1 1
8 P_8 7 7 0.1365845 0.1978021978021978 0.265351 1 1 1
9 P_0 0 0 0.5 0.5 0.5 1 1 1
9 P_0 1 1 0.2988165 0.3631578947368421 0.4143375 1 1 1
9 P_0 2 2 0.263415 0.33146067415730335 0.3894165 1 1 1
9 P_0 3 3 0.0273184 0.06172839506172839 0.121559 1 1 1
9 P_0 4 4 0.0658775 0.1111111111111111 0.1718645 1 1 1
9 P_0 5 5 0 0 0 1 1 1
9 P_0 6 6 0 0 0 1 1 1
9 P_0 7 7 0 0 0 1 1 1
