10 #m
3 #n
0 P_0 0 0 0.5 0.5 0.5 1 1 1
0 P_0 1 1 0 0 0 1 1 1
0 P_0 2 2 0.2472105 0.25365 0.260085 1 1 1
1 P_1 0 0 0.5 0.5 0.5 1 1 1
1 P_1 1 1 0 0 0 1 1 1
1 P_1 2 2 0.2556125 0.26205 0.2684735 1 1 1
2 P_3 0 0 0.5 0.5 0.5 1 1 1
2 P_3 1 1 0 0 0 1 1 1
2 P_3 2 2 0.5 0.5 0.5 1 1 1
3 P_7 0 0 0.5 0.5 0.5 1 1 1
3 P_7 1 1 0 0 0 1 1 1
3 P_7 2 2 0.5 0.5 0.5 1 1 1
4 P_4 0 0 0.5 0.5 0.5 1 1 1
4 P_4 1 1 0 0 0 1 1 1
4 P_4 2 2 0.373766 0.37935 0.3847855 1 1 1
5 P_8 0 0 0.5 0.5 0.5 1 1 1
5 P_8 1 1 0 0 0 1 1 1
5 P_8 2 2 0.348338 0.35425 0.360042 1 1 1
6 P_9 0 0 0.5 0.5 0.5 1 1 1
6 P_9 1 1 0 0 0 1 1 1
6 P_9 2 2 0.3413135 0.3473 0.3531745 1 1 1
7 P_5 0 0 0.5 0.5 0.5 1 1 1
7 P_5 1 1 0 0 0 1 1 1
7 P_5 2 2 0.102439 0.10765 0.113025 1 1 1
8 P_6 0 0 0.5 0.5 0.5 1 1 1
8 P_6 1 1 0.196853 0.20315 0.209501 1 1 1
8 P_6 2 2 0.290549 0.2969 0.303197 1 1 1
9 P_2 0 0 0.5 0.5 0.5 1 1 1
9 P_2 1 1 0 0 0 1 1 1
9 P_2 2 2 0.406645 0.41165 0.416469 1 1 1
