5 #m
431 #n
0 P_0 0 0 0.0817345 0.14655172413793102 0.230582 1 1 1
0 P_0 1 1 0 0 0 1 1 1
0 P_0 2 2 0.1733105 0.25961538461538464 0.3439415 1 1 1
0 P_0 3 3 0 0 0 1 1 1
0 P_0 4 4 0 0 0 1 1 1
0 P_0 5 5 0 0 0 1 1 1
0 P_0 6 6 0 0 0 1 1 1
0 P_0 7 7 0.1001635 0.17708333333333334 0.2701565 1 1 1
0 P_0 8 8 0.148579 0.22807017543859648 0.3117045 1 1 1
0 P_0 9 9 0.5 0.5 0.5 1 1 1
0 P_0 10 10 0.5 0.5 0.5 1 1 1
0 P_0 11 11 0 0 0 1 1 1
0 P_0 12 12 0 0 0 1 1 1
0 P_0 13 13 0.0723025 0.14634146341463414 0.2468945 1 1 1
0 P_0 14 14 0.03443325 0.0851063829787234 0.1728945 1 1 1
0 P_0 15 15 0 0 0 1 1 1
0 P_0 16 16 0 0 0 1 1 1
0 P_0 17 17 0.0672525 0.12962962962962962 0.2158925 1 1 1
0 P_0 18 18 0 0 0 1 1 1
0 P_0 19 19 0.0783255 0.13846153846153847 0.2172095 1 1 1
0 P_0 20 20 0.0741005 0.1388888888888889 0.2257315 1 1 1
0 P_0 21 21 0.0848535 0.15178571428571427 0.2375685 1 1 1
0 P_0 22 22 0.5 0.5 0.5 1 1 1
0 P_0 23 23 0.5 0.5 0.5 1 1 1
0 P_0 24 24 0 0 0 1 1 1
0 P_0 25 25 0.1339025 0.21568627450980393 0.30466 1 1 1
0 P_0 26 26 0.5 0.5 0.5 1 1 1
0 P_0 27 27 0.5 0.5 0.5 1 1 1
0 P_0 28 28 0.1229725 0.20192307692307693 0.2907665 1 1 1
0 P_0 29 29 0 0 0 1 1 1
0 P_0 30 30 0 0 0 1 1 1
0 P_0 31 31 0.1887035 0.2840909090909091 0.3712935 1 1 1
0 P_0 32 32 0.0486021 0.1125 0.212317 1 1 1
0 P_0 33 33 0.5 0.5 0.5 1 1 1
0 P_0 34 34 0 0 0 1 1 1
0 P_0 35 35 0 0 0 1 1 1
0 P_0 36 36 0 0 0 1 1 1
0 P_0 37 37 0.0804345 0.15 0.2408885 1 1 1
0 P_0 38 38 0.0918705 0.16346153846153846 0.2528515 1 1 1
0 P_0 39 39 0 0 0 1 1 1
0 P_0 40 40 0.100959 0.1891891891891892 0.2945045 1 1 1
0 P_0 41 41 0.082192 0.15306122448979592 0.2449915 1 1 1
0 P_0 42 42 0 0 0 1 1 1
0 P_0 43 43 0.108198 0.18181818181818182 0.268753 1 1 1
0 P_0 44 44 0.115004 0.19230769230769232 0.281482 1 1 1
0 P_0 45 45 0 0 0 1 1 1
0 P_0 46 46 0 0 0 1 1 1
0 P_0 47 47 0.1760795 0.2653061224489796 0.3512045 1 1 1
0 P_0 48 48 0.119671 0.20212765957446807 0.295401 1 1 1
0 P_0 49 49 0 0 0 1 1 1
0 P_0 50 50 0 0 0 1 1 1
0 P_0 51 51 0 0 0 1 1 1
0 P_0 52 52 0 0 0 1 1 1
0 P_0 53 53 0.1001635 0.17708333333333334 0.2701565 1 1 1
0 P_0 54 54 0 0 0 1 1 1
0 P_0 55 55 0.5 0.5 0.5 1 1 1
0 P_0 56 56 0.0336912 0.08333333333333333 0.1697655 1 1 1
0 P_0 57 57 0.02821975 0.07017543859649122 0.1459505 1 1 1
0 P_0 58 58 0.209028 0.2903225806451613 0.3645765 1 1 1
0 P_0 59 59 0 0 0 1 1 1
0 P_0 60 60 0 0 0 1 1 1
0 P_0 61 61 0.0598395 0.12244897959183673 0.212746 1 1 1
0 P_0 62 62 0 0 0 1 1 1
0 P_0 63 63 0.1040945 0.17543859649122806 0.260864 1 1 1
0 P_0 64 64 0 0 0 1 1 1
0 P_0 65 65 0 0 0 1 1 1
0 P_0 66 66 0.084029 0.15625 0.2492325 1 1 1
0 P_0 67 67 0.10156 0.17647058823529413 0.2667825 1 1 1
0 P_0 68 68 0 0 0 1 1 1
0 P_0 69 69 0 0 0 1 1 1
0 P_0 70 70 0.095242 0.16379310344827586 0.24836 1 1 1
0 P_0 71 71 0.5 0.5 0.5 1 1 1
0 P_0 72 72 0 0 0 1 1 1
0 P_0 73 73 0 0 0 1 1 1
0 P_0 74 74 0 0 0 1 1 1
0 P_0 75 75 0 0 0 1 1 1
0 P_0 76 76 0 0 0 1 1 1
0 P_0 77 77 0 0 0 1 1 1
0 P_0 78 78 0 0 0 1 1 1
0 P_0 79 79 0 0 0 1 1 1
0 P_0 80 80 0.5 0.5 0.5 1 1 1
0 P_0 81 81 0.5 0.5 0.5 1 1 1
0 P_0 82 82 0.0499118 0.11538461538461539 0.2168435 1 1 1
0 P_0 83 83 0 0 0 1 1 1
0 P_0 84 84 0.5 0.5 0.5 1 1 1
0 P_0 85 85 0.5 0.5 0.5 1 1 1
0 P_0 86 86 0.065685 0.13 0.219889 1 1 1
0 P_0 87 87 0 0 0 1 1 1
0 P_0 88 88 0.0212141 0.06756756756756757 0.164835 1 1 1
0 P_0 89 89 0.5 0.5 0.5 1 1 1
0 P_0 90 90 0 0 0 1 1 1
0 P_0 91 91 0.242915 0.3275862068965517 0.3978415 1 1 1
0 P_0 92 92 0 0 0 1 1 1
0 P_0 93 93 0.0181968 0.05813953488372093 0.144767 1 1 1
0 P_0 94 94 0.0516685 0.11 0.1981445 1 1 1
0 P_0 95 95 0 0 0 1 1 1
0 P_0 96 96 0 0 0 1 1 1
0 P_0 97 97 0.180401 0.28378378378378377 0.377672 1 1 1
0 P_0 98 98 0.2005475 0.2857142857142857 0.3640215 1 1 1
0 P_0 99 99 0 0 0 1 1 1
0 P_0 100 100 0.5 0.5 0.5 1 1 1
0 P_0 101 101 0 0 0 1 1 1
0 P_0 102 102 0.058284 0.11607142857142858 0.1995385 1 1 1
0 P_0 103 103 0 0 0 1 1 1
0 P_0 104 104 0 0 0 1 1 1
0 P_0 105 105 0.5 0.5 0.5 1 1 1
0 P_0 106 106 0 0 0 1 1 1
0 P_0 107 107 0.03869585 0.09523809523809523 0.1904155 1 1 1
0 P_0 108 108 0 0 0 1 1 1
0 P_0 109 109 0.5 0.5 0.5 1 1 1
0 P_0 110 110 0 0 0 1 1 1
0 P_0 111 111 0.1620885 0.2558139534883721 0.348114 1 1 1
0 P_0 112 112 0.222303 0.3090909090909091 0.3843385 1 1 1
0 P_0 113 113 0 0 0 1 1 1
0 P_0 114 114 0.0817345 0.14655172413793102 0.230582 1 1 1
0 P_0 115 115 0 0 0 1 1 1
0 P_0 116 116 0 0 0 1 1 1
0 P_0 117 117 0.2140155 0.30392156862745096 0.3825305 1 1 1
0 P_0 118 118 0.5 0.5 0.5 1 1 1
0 P_0 119 119 0 0 0 1 1 1
0 P_0 120 120 0 0 0 1 1 1
0 P_0 121 121 0 0 0 1 1 1
0 P_0 122 122 0 0 0 1 1 1
0 P_0 123 123 0.5 0.5 0.5 1 1 1
0 P_0 124 124 0.5 0.5 0.5 1 1 1
0 P_0 125 125 0 0 0 1 1 1
0 P_0 126 126 0 0 0 1 1 1
0 P_0 127 127 0.1339025 0.21568627450980393 0.30466 1 1 1
0 P_0 128 128 0.0953215 0.1794871794871795 0.28254050000000003 1 1 1
0 P_0 129 129 0.0752515 0.14772727272727273 0.2447315 1 1 1
0 P_0 130 130 0.04676675 0.1 0.18246 1 1 1
0 P_0 131 131 0 0 0 1 1 1
0 P_0 132 132 0 0 0 1 1 1
0 P_0 133 133 0 0 0 1 1 1
0 P_0 134 134 0 0 0 1 1 1
0 P_0 135 135 0.04592915 0.10204081632653061 0.19024 1 1 1
0 P_0 136 136 0 0 0 1 1 1
0 P_0 137 137 0.0502105 0.1111111111111111 0.2045995 1 1 1
0 P_0 138 138 0 0 0 1 1 1
0 P_0 139 139 0 0 0 1 1 1
0 P_0 140 140 0 0 0 1 1 1
0 P_0 141 141 0.079521 0.14545454545454545 0.231791 1 1 1
0 P_0 142 142 0.03157525 0.08333333333333333 0.176658 1 1 1
0 P_0 143 143 0 0 0 1 1 1
0 P_0 144 144 0 0 0 1 1 1
0 P_0 145 145 0.0506775 0.1015625 0.177551 1 1 1
0 P_0 146 146 0 0 0 1 1 1
0 P_0 147 147 0 0 0 1 1 1
0 P_0 148 148 0.05737 0.11764705882352941 0.2056065 1 1 1
0 P_0 149 149 0.1011065 0.18181818181818182 0.2788935 1 1 1
0 P_0 150 150 0.5 0.5 0.5 1 1 1
0 P_0 151 151 0.04735955 0.10975609756097561 0.2079715 1 1 1
0 P_0 152 152 0.5 0.5 0.5 1 1 1
0 P_0 153 153 0 0 0 1 1 1
0 P_0 154 154 0.04958905 0.10576923076923077 0.191563 1 1 1
0 P_0 155 155 0.0479743 0.10638297872340426 0.197163 1 1 1
0 P_0 156 156 0 0 0 1 1 1
0 P_0 157 157 0 0 0 1 1 1
0 P_0 158 158 0.0936155 0.16363636363636364 0.250518 1 1 1
0 P_0 159 159 0.0287382 0.07142857142857142 0.148264 1 1 1
0 P_0 160 160 0 0 0 1 1 1
0 P_0 161 161 0.5 0.5 0.5 1 1 1
0 P_0 162 162 0 0 0 1 1 1
0 P_0 163 163 0.0639725 0.13043478260869565 0.2244135 1 1 1
0 P_0 164 164 0.078751 0.14705882352941177 0.2369165 1 1 1
0 P_0 165 165 0 0 0 1 1 1
0 P_0 166 166 0.058284 0.11607142857142858 0.1995385 1 1 1
0 P_0 167 167 0 0 0 1 1 1
0 P_0 168 168 0.2279295 0.3173076923076923 0.3928385 1 1 1
0 P_0 169 169 0.174479 0.25925925925925924 0.3421995 1 1 1
0 P_0 170 170 0 0 0 1 1 1
0 P_0 171 171 0.15084 0.23529411764705882 0.32283 1 1 1
0 P_0 172 172 0.0771255 0.1511627906976744 0.2494105 1 1 1
0 P_0 173 173 0.5 0.5 0.5 1 1 1
0 P_0 174 174 0.101596 0.1693548387096774 0.2511895 1 1 1
0 P_0 175 175 0.0385059 0.09 0.175527 1 1 1
0 P_0 176 176 0.5 0.5 0.5 1 1 1
0 P_0 177 177 0.1028675 0.17592592592592593 0.2636975 1 1 1
0 P_0 178 178 0 0 0 1 1 1
0 P_0 179 179 0.093811 0.16666666666666666 0.2569745 1 1 1
0 P_0 180 180 0 0 0 1 1 1
0 P_0 181 181 0 0 0 1 1 1
0 P_0 182 182 0.086831 0.15254237288135594 0.2360695 1 1 1
0 P_0 183 183 0.0502105 0.1111111111111111 0.2045995 1 1 1
0 P_0 184 184 0 0 0 1 1 1
0 P_0 185 185 0.170903 0.2545454545454545 0.3373 1 1 1
0 P_0 186 186 0 0 0 1 1 1
0 P_0 187 187 0.042322 0.09433962264150944 0.1777385 1 1 1
0 P_0 188 188 0.5 0.5 0.5 1 1 1
0 P_0 189 189 0 0 0 1 1 1
0 P_0 190 190 0 0 0 1 1 1
0 P_0 191 191 0.0780095 0.14285714285714285 0.228265 1 1 1
0 P_0 192 192 0.5 0.5 0.5 1 1 1
0 P_0 193 193 0.268209 0.35454545454545455 0.420479 1 1 1
0 P_0 194 194 0.1399715 0.22448979591836735 0.314555 1 1 1
0 P_0 195 195 0 0 0 1 1 1
0 P_0 196 196 0 0 0 1 1 1
0 P_0 197 197 0 0 0 1 1 1
0 P_0 198 198 0.18121 0.27 0.354521 1 1 1
0 P_0 199 199 0.2005475 0.2857142857142857 0.3640215 1 1 1
0 P_0 200 200 0 0 0 1 1 1
0 P_0 201 201 0 0 0 1 1 1
0 P_0 202 202 0.03443325 0.0851063829787234 0.1728945 1 1 1
0 P_0 203 203 0.1049045 0.18478260869565216 0.279688 1 1 1
0 P_0 204 204 0 0 0 1 1 1
0 P_0 205 205 0 0 0 1 1 1
0 P_0 206 206 0.04592915 0.10204081632653061 0.19024 1 1 1
0 P_0 207 207 0.076555 0.14035087719298245 0.2248425 1 1 1
0 P_0 208 208 0.0687215 0.13953488372093023 0.237398 1 1 1
0 P_0 209 209 0.0499118 0.11538461538461539 0.2168435 1 1 1
0 P_0 210 210 0 0 0 1 1 1
0 P_0 211 211 0.5 0.5 0.5 1 1 1
0 P_0 212 212 0 0 0 1 1 1
0 P_0 213 213 0.2546045 0.33098591549295775 0.394928 1 1 1
0 P_0 214 214 0 0 0 1 1 1
0 P_0 215 215 0 0 0 1 1 1
0 P_0 216 216 0.067106 0.1326530612244898 0.223682 1 1 1
0 P_0 217 217 0 0 0 1 1 1
0 P_0 218 218 0.0974245 0.16981132075471697 0.2584035 1 1 1
0 P_0 219 219 0.04316945 0.09615384615384616 0.1807095 1 1 1
0 P_0 220 220 0.068695 0.12931034482758622 0.212331 1 1 1
0 P_0 221 221 0 0 0 1 1 1
0 P_0 222 222 0.064717 0.125 0.2092585 1 1 1
0 P_0 223 223 0 0 0 1 1 1
0 P_0 224 224 0.5 0.5 0.5 1 1 1
0 P_0 225 225 0.076218 0.14583333333333334 0.238511 1 1 1
0 P_0 226 226 0 0 0 1 1 1
0 P_0 227 227 0 0 0 1 1 1
0 P_0 228 228 0 0 0 1 1 1
0 P_0 229 229 0.161347 0.2328767123287671 0.3069695 1 1 1
0 P_0 230 230 0.5 0.5 0.5 1 1 1
0 P_0 231 231 0.047671 0.10185185185185185 0.185398 1 1 1
0 P_0 232 232 0 0 0 1 1 1
0 P_0 233 233 0 0 0 1 1 1
0 P_0 234 234 0 0 0 1 1 1
0 P_0 235 235 0 0 0 1 1 1
0 P_0 236 236 0 0 0 1 1 1
0 P_0 237 237 0.1011065 0.18181818181818182 0.2788935 1 1 1
0 P_0 238 238 0 0 0 1 1 1
0 P_0 239 239 0 0 0 1 1 1
0 P_0 240 240 0 0 0 1 1 1
0 P_0 241 241 0.5 0.5 0.5 1 1 1
0 P_0 242 242 0.1287065 0.2159090909090909 0.3112965 1 1 1
0 P_0 243 243 0 0 0 1 1 1
0 P_0 244 244 0.04416675 0.10810810810810811 0.2118075 1 1 1
0 P_0 245 245 0.03000235 0.08571428571428572 0.1897205 1 1 1
0 P_0 246 246 0 0 0 1 1 1
0 P_0 247 247 0 0 0 1 1 1
0 P_0 248 248 0.0723025 0.14634146341463414 0.2468945 1 1 1
0 P_0 249 249 0.130834 0.20689655172413793 0.290971 1 1 1
0 P_0 250 250 0 0 0 1 1 1
0 P_0 251 251 0 0 0 1 1 1
0 P_0 252 252 0 0 0 1 1 1
0 P_0 253 253 0 0 0 1 1 1
0 P_0 254 254 0.5 0.5 0.5 1 1 1
0 P_0 255 255 0.2047465 0.2909090909090909 0.369081 1 1 1
0 P_0 256 256 0.5 0.5 0.5 1 1 1
0 P_0 257 257 0 0 0 1 1 1
0 P_0 258 258 0.0882215 0.1574074074074074 0.244979 1 1 1
0 P_0 259 259 0.079766 0.15217391304347827 0.247109 1 1 1
0 P_0 260 260 0.0585785 0.12 0.2091165 1 1 1
0 P_0 261 261 0.0502105 0.1111111111111111 0.2045995 1 1 1
0 P_0 262 262 0.0920135 0.16666666666666666 0.259778 1 1 1
0 P_0 263 263 0 0 0 1 1 1
0 P_0 264 264 0.078751 0.14705882352941177 0.2369165 1 1 1
0 P_0 265 265 0 0 0 1 1 1
0 P_0 266 266 0.145479 0.23 0.31879 1 1 1
0 P_0 267 267 0.1011065 0.18181818181818182 0.2788935 1 1 1
0 P_0 268 268 0.5 0.5 0.5 1 1 1
0 P_0 269 269 0.0674655 0.1271186440677966 0.2092215 1 1 1
0 P_0 270 270 0.0852865 0.15 0.2327075 1 1 1
0 P_0 271 271 0.00336773 0.02 0.0846795 1 1 1
0 P_0 272 272 0 0 0 1 1 1
0 P_0 273 273 0.0790955 0.15476190476190477 0.2542655 1 1 1
0 P_0 274 274 0 0 0 1 1 1
0 P_0 275 275 0.5 0.5 0.5 1 1 1
0 P_0 276 276 0 0 0 1 1 1
0 P_0 277 277 0 0 0 1 1 1
0 P_0 278 278 0.0248514 0.0660377358490566 0.144221 1 1 1
0 P_0 279 279 0 0 0 1 1 1
0 P_0 280 280 0 0 0 1 1 1
0 P_0 281 281 0.5 0.5 0.5 1 1 1
0 P_0 282 282 0.2441695 0.3253968253968254 0.39366 1 1 1
0 P_0 283 283 0 0 0 1 1 1
0 P_0 284 284 0 0 0 1 1 1
0 P_0 285 285 0.130919 0.20909090909090908 0.2952535 1 1 1
0 P_0 286 286 0.1335895 0.21296296296296297 0.2996955 1 1 1
0 P_0 287 287 0.10156 0.17647058823529413 0.2667825 1 1 1
0 P_0 288 288 0.5 0.5 0.5 1 1 1
0 P_0 289 289 0 0 0 1 1 1
0 P_0 290 290 0.0486021 0.1125 0.212317 1 1 1
0 P_0 291 291 0 0 0 1 1 1
0 P_0 292 292 0.02215915 0.06382978723404255 0.1473085 1 1 1
0 P_0 293 293 0.0717655 0.14130434782608695 0.2358665 1 1 1
0 P_0 294 294 0 0 0 1 1 1
0 P_0 295 295 0.113637 0.1956521739130435 0.2901915 1 1 1
0 P_0 296 296 0 0 0 1 1 1
0 P_0 297 297 0 0 0 1 1 1
0 P_0 298 298 0.0542145 0.10833333333333334 0.187913 1 1 1
0 P_0 299 299 0 0 0 1 1 1
0 P_0 300 300 0.5 0.5 0.5 1 1 1
0 P_0 301 301 0.106066 0.1836734693877551 0.275699 1 1 1
0 P_0 302 302 0 0 0 1 1 1
0 P_0 303 303 0 0 0 1 1 1
0 P_0 304 304 0.1290245 0.21951219512195122 0.3178075 1 1 1
0 P_0 305 305 0.122736 0.20408163265306123 0.295411 1 1 1
0 P_0 306 306 0 0 0 1 1 1
0 P_0 307 307 0.5 0.5 0.5 1 1 1
0 P_0 308 308 0 0 0 1 1 1
0 P_0 309 309 0.1399715 0.22448979591836735 0.314555 1 1 1
0 P_0 310 310 0.0857225 0.1484375 0.228352 1 1 1
0 P_0 311 311 0 0 0 1 1 1
0 P_0 312 312 0.0936155 0.16363636363636364 0.250518 1 1 1
0 P_0 313 313 0 0 0 1 1 1
0 P_0 314 314 0.1945585 0.2872340425531915 0.371496 1 1 1
0 P_0 315 315 0 0 0 1 1 1
0 P_0 316 316 0 0 0 1 1 1
0 P_0 317 317 0.1024785 0.18085106382978725 0.2748435 1 1 1
0 P_0 318 318 0 0 0 1 1 1
0 P_0 319 319 0.091821 0.16071428571428573 0.246747 1 1 1
0 P_0 320 320 0.0918405 0.15833333333333333 0.2413225 1 1 1
0 P_0 321 321 0 0 0 1 1 1
0 P_0 322 322 0 0 0 1 1 1
0 P_0 323 323 0.0561755 0.11206896551724138 0.193554 1 1 1
0 P_0 324 324 0 0 0 1 1 1
0 P_0 325 325 0.04314055 0.08955223880597014 0.161939 1 1 1
0 P_0 326 326 0.0712665 0.12878787878787878 0.2062425 1 1 1
0 P_0 327 327 0 0 0 1 1 1
0 P_0 328 328 0 0 0 1 1 1
0 P_0 329 329 0 0 0 1 1 1
0 P_0 330 330 0 0 0 1 1 1
0 P_0 331 331 0 0 0 1 1 1
0 P_0 332 332 0 0 0 1 1 1
0 P_0 333 333 0.052756 0.12162162162162163 0.2264855 1 1 1
0 P_0 334 334 0 0 0 1 1 1
0 P_0 335 335 0 0 0 1 1 1
0 P_0 336 336 0 0 0 1 1 1
0 P_0 337 337 0.1355425 0.2261904761904762 0.3228035 1 1 1
0 P_0 338 338 0.01910235 0.06097560975609756 0.150896 1 1 1
0 P_0 339 339 0.0779515 0.14893617021276595 0.2427365 1 1 1
0 P_0 340 340 0.02638325 0.07 0.151835 1 1 1
0 P_0 341 341 0.156384 0.25675675675675674 0.3552305 1 1 1
0 P_0 342 342 0.0810925 0.14814814814814814 0.2354245 1 1 1
0 P_0 343 343 0 0 0 1 1 1
0 P_0 344 344 0 0 0 1 1 1
0 P_0 345 345 0 0 0 1 1 1
0 P_0 346 346 0 0 0 1 1 1
0 P_0 347 347 0.0407233 0.09090909090909091 0.172077 1 1 1
0 P_0 348 348 0 0 0 1 1 1
0 P_0 349 349 0.0620905 0.13095238095238096 0.229589 1 1 1
0 P_0 350 350 0.0865045 0.15454545454545454 0.2412185 1 1 1
0 P_0 351 351 0 0 0 1 1 1
0 P_0 352 352 0 0 0 1 1 1
0 P_0 353 353 0.0539875 0.11904761904761904 0.2168445 1 1 1
0 P_0 354 354 0 0 0 1 1 1
0 P_0 355 355 0 0 0 1 1 1
0 P_0 356 356 0.0954815 0.16666666666666666 0.2544015 1 1 1
0 P_0 357 357 0 0 0 1 1 1
0 P_0 358 358 0.0598395 0.12244897959183673 0.212746 1 1 1
0 P_0 359 359 0 0 0 1 1 1
0 P_0 360 360 0 0 0 1 1 1
0 P_0 361 361 0 0 0 1 1 1
0 P_0 362 362 0 0 0 1 1 1
0 P_0 363 363 0.1229725 0.20192307692307693 0.2907665 1 1 1
0 P_0 364 364 0 0 0 1 1 1
0 P_0 365 365 0 0 0 1 1 1
0 P_0 366 366 0.5 0.5 0.5 1 1 1
0 P_0 367 367 0.0577225 0.12222222222222222 0.216718 1 1 1
0 P_0 368 368 0 0 0 1 1 1
0 P_0 369 369 0.5 0.5 0.5 1 1 1
0 P_0 370 370 0.0936155 0.16363636363636364 0.250518 1 1 1
0 P_0 371 371 0 0 0 1 1 1
0 P_0 372 372 0.0970395 0.16666666666666666 0.2520305 1 1 1
0 P_0 373 373 0 0 0 1 1 1
0 P_0 374 374 0.093811 0.16666666666666666 0.2569745 1 1 1
0 P_0 375 375 0.0654805 0.13333333333333333 0.228585 1 1 1
0 P_0 376 376 0.5 0.5 0.5 1 1 1
0 P_0 377 377 0.0745605 0.14285714285714285 0.2344265 1 1 1
0 P_0 378 378 0 0 0 1 1 1
0 P_0 379 379 0.0672525 0.12962962962962962 0.2158925 1 1 1
0 P_0 380 380 0 0 0 1 1 1
0 P_0 381 381 0.5 0.5 0.5 1 1 1
0 P_0 382 382 0 0 0 1 1 1
0 P_0 383 383 0.0816675 0.15555555555555556 0.251637 1 1 1
0 P_0 384 384 0.0654805 0.13333333333333333 0.228585 1 1 1
0 P_0 385 385 0.0807235 0.16216216216216217 0.268266 1 1 1
0 P_0 386 386 0 0 0 1 1 1
0 P_0 387 387 0.230989 0.32608695652173914 0.403656 1 1 1
0 P_0 388 388 0 0 0 1 1 1
0 P_0 389 389 0 0 0 1 1 1
0 P_0 390 390 0.0941285 0.1702127659574468 0.264317 1 1 1
0 P_0 391 391 0 0 0 1 1 1
0 P_0 392 392 0.5 0.5 0.5 1 1 1
0 P_0 393 393 0 0 0 1 1 1
0 P_0 394 394 0 0 0 1 1 1
0 P_0 395 395 0 0 0 1 1 1
0 P_0 396 396 0.0605625 0.12790697674418605 0.2251365 1 1 1
0 P_0 397 397 0 0 0 1 1 1
0 P_0 398 398 0.065685 0.13 0.219889 1 1 1
0 P_0 399 399 0.5 0.5 0.5 1 1 1
0 P_0 400 400 0.03814875 0.1 0.2060015 1 1 1
0 P_0 401 401 0.0516685 0.11 0.1981445 1 1 1
0 P_0 402 402 0.076218 0.14583333333333334 0.238511 1 1 1
0 P_0 403 403 0.189301 0.2826086956521739 0.3684005 1 1 1
0 P_0 404 404 0 0 0 1 1 1
0 P_0 405 405 0 0 0 1 1 1
0 P_0 406 406 0.065685 0.13 0.219889 1 1 1
0 P_0 407 407 0.04617915 0.10714285714285714 0.203797 1 1 1
0 P_0 408 408 0.5 0.5 0.5 1 1 1
0 P_0 409 409 0 0 0 1 1 1
0 P_0 410 410 0.1946655 0.2727272727272727 0.3470475 1 1 1
0 P_0 411 411 0.5 0.5 0.5 1 1 1
0 P_0 412 412 0.0879635 0.16666666666666666 0.266233 1 1 1
0 P_0 413 413 0 0 0 1 1 1
0 P_0 414 414 0.04958905 0.10576923076923077 0.191563 1 1 1
0 P_0 415 415 0.051409 0.11363636363636363 0.2085275 1 1 1
0 P_0 416 416 0 0 0 1 1 1
0 P_0 417 417 0.5 0.5 0.5 1 1 1
0 P_0 418 418 0 0 0 1 1 1
0 P_0 419 419 0.084431 0.15384615384615385 0.2430345 1 1 1
0 P_0 420 420 0 0 0 1 1 1
0 P_0 421 421 0 0 0 1 1 1
0 P_0 422 422 0.5 0.5 0.5 1 1 1
0 P_0 423 423 0.0848535 0.15178571428571427 0.2375685 1 1 1
0 P_0 424 424 0.119671 0.20212765957446807 0.295401 1 1 1
0 P_0 425 425 0.5 0.5 0.5 1 1 1
0 P_0 426 426 0 0 0 1 1 1
0 P_0 427 427 0.5 0.5 0.5 1 1 1
0 P_0 428 428 0 0 0 1 1 1
0 P_0 429 429 0 0 0 1 1 1
0 P_0 430 430 0.0551375 0.11702127659574468 0.208894 1 1 1
1 P_3 0 0 0 0 0 1 1 1
1 P_3 1 1 0 0 0 1 1 1
1 P_3 2 2 0.3076695 0.40789473684210525 0.464977 1 1 1
1 P_3 3 3 0 0 0 1 1 1
1 P_3 4 4 0 0 0 1 1 1
1 P_3 5 5 0 0 0 1 1 1
1 P_3 6 6 0 0 0 1 1 1
1 P_3 7 7 0.230989 0.32608695652173914 0.403656 1 1 1
1 P_3 8 8 0.4197835 0.4880952380952381 0.498784 1 1 1
1 P_3 9 9 0.5 0.5 0.5 1 1 1
1 P_3 10 10 0.5 0.5 0.5 1 1 1
1 P_3 11 11 0 0 0 1 1 1
1 P_3 12 12 0 0 0 1 1 1
1 P_3 13 13 0.051409 0.11363636363636363 0.2085275 1 1 1
1 P_3 14 14 0 0 0 1 1 1
1 P_3 15 15 0 0 0 1 1 1
1 P_3 16 16 0 0 0 1 1 1
1 P_3 17 17 0.0492453 0.1016949152542373 0.1812125 1 1 1
1 P_3 18 18 0 0 0 1 1 1
1 P_3 19 19 0 0 0 1 1 1
1 P_3 20 20 0.235248 0.32142857142857145 0.393894 1 1 1
1 P_3 21 21 0.19534 0.28431372549019607 0.3660975 1 1 1
1 P_3 22 22 0.5 0.5 0.5 1 1 1
1 P_3 23 23 0.5 0.5 0.5 1 1 1
1 P_3 24 24 0 0 0 1 1 1
1 P_3 25 25 0.0672525 0.12962962962962962 0.2158925 1 1 1
1 P_3 26 26 0.5 0.5 0.5 1 1 1
1 P_3 27 27 0.5 0.5 0.5 1 1 1
1 P_3 28 28 0.04617915 0.10714285714285714 0.203797 1 1 1
1 P_3 29 29 0 0 0 1 1 1
1 P_3 30 30 0 0 0 1 1 1
1 P_3 31 31 0.3947745 0.46808510638297873 0.4928215 1 1 1
1 P_3 32 32 0 0 0 1 1 1
1 P_3 33 33 0.5 0.5 0.5 1 1 1
1 P_3 34 34 0 0 0 1 1 1
1 P_3 35 35 0 0 0 1 1 1
1 P_3 36 36 0 0 0 1 1 1
1 P_3 37 37 0.1697435 0.2692307692307692 0.3635645 1 1 1
1 P_3 38 38 0.04405165 0.09803921568627451 0.18378 1 1 1
1 P_3 39 39 0 0 0 1 1 1
1 P_3 40 40 0.059399 0.11818181818181818 0.2026695 1 1 1
1 P_3 41 41 0 0 0 1 1 1
1 P_3 42 42 0 0 0 1 1 1
1 P_3 43 43 0.03869585 0.09523809523809523 0.1904155 1 1 1
1 P_3 44 44 0.0479743 0.10638297872340426 0.197163 1 1 1
1 P_3 45 45 0 0 0 1 1 1
1 P_3 46 46 0 0 0 1 1 1
1 P_3 47 47 0.059399 0.11818181818181818 0.2026695 1 1 1
1 P_3 48 48 0.04861105 0.10377358490566038 0.188431 1 1 1
1 P_3 49 49 0 0 0 1 1 1
1 P_3 50 50 0 0 0 1 1 1
1 P_3 51 51 0 0 0 1 1 1
1 P_3 52 52 0 0 0 1 1 1
1 P_3 53 53 0.0292761 0.07272727272727272 0.150652 1 1 1
1 P_3 54 54 0 0 0 1 1 1
1 P_3 55 55 0.5 0.5 0.5 1 1 1
1 P_3 56 56 0.04416675 0.10810810810810811 0.2118075 1 1 1
1 P_3 57 57 0 0 0 1 1 1
1 P_3 58 58 0.311375 0.40217391304347827 0.458006 1 1 1
1 P_3 59 59 0 0 0 1 1 1
1 P_3 60 60 0 0 0 1 1 1
1 P_3 61 61 0 0 0 1 1 1
1 P_3 62 62 0 0 0 1 1 1
1 P_3 63 63 0.19534 0.28431372549019607 0.3660975 1 1 1
1 P_3 64 64 0 0 0 1 1 1
1 P_3 65 65 0 0 0 1 1 1
1 P_3 66 66 0.04958905 0.10576923076923077 0.191563 1 1 1
1 P_3 67 67 0.051409 0.11363636363636363 0.2085275 1 1 1
1 P_3 68 68 0 0 0 1 1 1
1 P_3 69 69 0 0 0 1 1 1
1 P_3 70 70 0.03425595 0.07692307692307693 0.1483965 1 1 1
1 P_3 71 71 0.5 0.5 0.5 1 1 1
1 P_3 72 72 0 0 0 1 1 1
1 P_3 73 73 0 0 0 1 1 1
1 P_3 74 74 0 0 0 1 1 1
1 P_3 75 75 0 0 0 1 1 1
1 P_3 76 76 0 0 0 1 1 1
1 P_3 77 77 0 0 0 1 1 1
1 P_3 78 78 0 0 0 1 1 1
1 P_3 79 79 0 0 0 1 1 1
1 P_3 80 80 0.5 0.5 0.5 1 1 1
1 P_3 81 81 0.5 0.5 0.5 1 1 1
1 P_3 82 82 0 0 0 1 1 1
1 P_3 83 83 0 0 0 1 1 1
1 P_3 84 84 0.5 0.5 0.5 1 1 1
1 P_3 85 85 0.5 0.5 0.5 1 1 1
1 P_3 86 86 0 0 0 1 1 1
1 P_3 87 87 0 0 0 1 1 1
1 P_3 88 88 0 0 0 1 1 1
1 P_3 89 89 0.5 0.5 0.5 1 1 1
1 P_3 90 90 0 0 0 1 1 1
1 P_3 91 91 0.3498885 0.43478260869565216 0.4773475 1 1 1
1 P_3 92 92 0 0 0 1 1 1
1 P_3 93 93 0.0540265 0.1111111111111111 0.195738 1 1 1
1 P_3 94 94 0.2463825 0.3404255319148936 0.41405 1 1 1
1 P_3 95 95 0 0 0 1 1 1
1 P_3 96 96 0 0 0 1 1 1
1 P_3 97 97 0.02427375 0.06976744186046512 0.159194 1 1 1
1 P_3 98 98 0.3118385 0.41025641025641024 0.4659075 1 1 1
1 P_3 99 99 0 0 0 1 1 1
1 P_3 100 100 0.5 0.5 0.5 1 1 1
1 P_3 101 101 0 0 0 1 1 1
1 P_3 102 102 0 0 0 1 1 1
1 P_3 103 103 0 0 0 1 1 1
1 P_3 104 104 0 0 0 1 1 1
1 P_3 105 105 0.5 0.5 0.5 1 1 1
1 P_3 106 106 0 0 0 1 1 1
1 P_3 107 107 0 0 0 1 1 1
1 P_3 108 108 0 0 0 1 1 1
1 P_3 109 109 0.5 0.5 0.5 1 1 1
1 P_3 110 110 0 0 0 1 1 1
1 P_3 111 111 0.01560765 0.05 0.126726 1 1 1
1 P_3 112 112 0.3010775 0.3867924528301887 0.4449035 1 1 1
1 P_3 113 113 0 0 0 1 1 1
1 P_3 114 114 0.0879635 0.16666666666666666 0.266233 1 1 1
1 P_3 115 115 0 0 0 1 1 1
1 P_3 116 116 0 0 0 1 1 1
1 P_3 117 117 0.3947745 0.46808510638297873 0.4928215 1 1 1
1 P_3 118 118 0.5 0.5 0.5 1 1 1
1 P_3 119 119 0 0 0 1 1 1
1 P_3 120 120 0 0 0 1 1 1
1 P_3 121 121 0 0 0 1 1 1
1 P_3 122 122 0 0 0 1 1 1
1 P_3 123 123 0.5 0.5 0.5 1 1 1
1 P_3 124 124 0.5 0.5 0.5 1 1 1
1 P_3 125 125 0 0 0 1 1 1
1 P_3 126 126 0 0 0 1 1 1
1 P_3 127 127 0.01517865 0.05555555555555555 0.1514215 1 1 1
1 P_3 128 128 0.02010285 0.0641025641025641 0.157561 1 1 1
1 P_3 129 129 0.0100706 0.037037037037037035 0.105854 1 1 1
1 P_3 130 130 0.0526665 0.11627906976744186 0.2126065 1 1 1
1 P_3 131 131 0 0 0 1 1 1
1 P_3 132 132 0 0 0 1 1 1
1 P_3 133 133 0 0 0 1 1 1
1 P_3 134 134 0 0 0 1 1 1
1 P_3 135 135 0 0 0 1 1 1
1 P_3 136 136 0 0 0 1 1 1
1 P_3 137 137 0 0 0 1 1 1
1 P_3 138 138 0 0 0 1 1 1
1 P_3 139 139 0 0 0 1 1 1
1 P_3 140 140 0 0 0 1 1 1
1 P_3 141 141 0.0275141 0.07291666666666667 0.15737 1 1 1
1 P_3 142 142 0.0475623 0.09836065573770492 0.1759815 1 1 1
1 P_3 143 143 0 0 0 1 1 1
1 P_3 144 144 0 0 0 1 1 1
1 P_3 145 145 0.218518 0.3076923076923077 0.384996 1 1 1
1 P_3 146 146 0 0 0 1 1 1
1 P_3 147 147 0 0 0 1 1 1
1 P_3 148 148 0.0298345 0.07407407407407407 0.153117 1 1 1
1 P_3 149 149 0.03967855 0.0975609756097561 0.1943475 1 1 1
1 P_3 150 150 0.5 0.5 0.5 1 1 1
1 P_3 151 151 0 0 0 1 1 1
1 P_3 152 152 0.5 0.5 0.5 1 1 1
1 P_3 153 153 0 0 0 1 1 1
1 P_3 154 154 0 0 0 1 1 1
1 P_3 155 155 0.01561895 0.05714285714285714 0.15512 1 1 1
1 P_3 156 156 0 0 0 1 1 1
1 P_3 157 157 0 0 0 1 1 1
1 P_3 158 158 0.0434692 0.09322033898305085 0.171574 1 1 1
1 P_3 159 159 0.0112736 0.05 0.1556585 1 1 1
1 P_3 160 160 0 0 0 1 1 1
1 P_3 161 161 0.5 0.5 0.5 1 1 1
1 P_3 162 162 0 0 0 1 1 1
1 P_3 163 163 0 0 0 1 1 1
1 P_3 164 164 0 0 0 1 1 1
1 P_3 165 165 0 0 0 1 1 1
1 P_3 166 166 0 0 0 1 1 1
1 P_3 167 167 0 0 0 1 1 1
1 P_3 168 168 0.336168 0.42 0.4677005 1 1 1
1 P_3 169 169 0.333175 0.41509433962264153 0.4637515 1 1 1
1 P_3 170 170 0 0 0 1 1 1
1 P_3 171 171 0.051409 0.11363636363636363 0.2085275 1 1 1
1 P_3 172 172 0.068695 0.12931034482758622 0.212331 1 1 1
1 P_3 173 173 0.5 0.5 0.5 1 1 1
1 P_3 174 174 0.084431 0.15384615384615385 0.2430345 1 1 1
1 P_3 175 175 0.0275141 0.07291666666666667 0.15737 1 1 1
1 P_3 176 176 0.5 0.5 0.5 1 1 1
1 P_3 177 177 0.0771255 0.1511627906976744 0.2494105 1 1 1
1 P_3 178 178 0 0 0 1 1 1
1 P_3 179 179 0.02215915 0.06382978723404255 0.1473085 1 1 1
1 P_3 180 180 0 0 0 1 1 1
1 P_3 181 181 0 0 0 1 1 1
1 P_3 182 182 0.0559455 0.12857142857142856 0.236998 1 1 1
1 P_3 183 183 0.209029 0.29310344827586204 0.369166 1 1 1
1 P_3 184 184 0 0 0 1 1 1
1 P_3 185 185 0.0316456 0.0784313725490196 0.1610165 1 1 1
1 P_3 186 186 0 0 0 1 1 1
1 P_3 187 187 0 0 0 1 1 1
1 P_3 188 188 0.5 0.5 0.5 1 1 1
1 P_3 189 189 0 0 0 1 1 1
1 P_3 190 190 0 0 0 1 1 1
1 P_3 191 191 0.17717 0.2647058823529412 0.34916 1 1 1
1 P_3 192 192 0.5 0.5 0.5 1 1 1
1 P_3 193 193 0.349348 0.42727272727272725 0.470724 1 1 1
1 P_3 194 194 0.04405165 0.09803921568627451 0.18378 1 1 1
1 P_3 195 195 0 0 0 1 1 1
1 P_3 196 196 0 0 0 1 1 1
1 P_3 197 197 0 0 0 1 1 1
1 P_3 198 198 0.400881 0.47619047619047616 0.495993 1 1 1
1 P_3 199 199 0.364826 0.43859649122807015 0.476934 1 1 1
1 P_3 200 200 0 0 0 1 1 1
1 P_3 201 201 0 0 0 1 1 1
1 P_3 202 202 0.03298055 0.08163265306122448 0.166747 1 1 1
1 P_3 203 203 0 0 0 1 1 1
1 P_3 204 204 0 0 0 1 1 1
1 P_3 205 205 0 0 0 1 1 1
1 P_3 206 206 0 0 0 1 1 1
1 P_3 207 207 0 0 0 1 1 1
1 P_3 208 208 0 0 0 1 1 1
1 P_3 209 209 0 0 0 1 1 1
1 P_3 210 210 0 0 0 1 1 1
1 P_3 211 211 0.5 0.5 0.5 1 1 1
1 P_3 212 212 0 0 0 1 1 1
1 P_3 213 213 0.3661195 0.44680851063829785 0.483379 1 1 1
1 P_3 214 214 0 0 0 1 1 1
1 P_3 215 215 0 0 0 1 1 1
1 P_3 216 216 0.0454526 0.1111111111111111 0.2166625 1 1 1
1 P_3 217 217 0 0 0 1 1 1
1 P_3 218 218 0.0934735 0.15873015873015872 0.239677 1 1 1
1 P_3 219 219 0.2727635 0.3559322033898305 0.41974 1 1 1
1 P_3 220 220 0.02874635 0.07608695652173914 0.163319 1 1 1
1 P_3 221 221 0 0 0 1 1 1
1 P_3 222 222 0.0281167 0.07446808510638298 0.16029 1 1 1
1 P_3 223 223 0 0 0 1 1 1
1 P_3 224 224 0.5 0.5 0.5 1 1 1
1 P_3 225 225 0 0 0 1 1 1
1 P_3 226 226 0 0 0 1 1 1
1 P_3 227 227 0 0 0 1 1 1
1 P_3 228 228 0 0 0 1 1 1
1 P_3 229 229 0.00717835 0.031914893617021274 0.1052255 1 1 1
1 P_3 230 230 0.5 0.5 0.5 1 1 1
1 P_3 231 231 0 0 0 1 1 1
1 P_3 232 232 0 0 0 1 1 1
1 P_3 233 233 0 0 0 1 1 1
1 P_3 234 234 0 0 0 1 1 1
1 P_3 235 235 0 0 0 1 1 1
1 P_3 236 236 0 0 0 1 1 1
1 P_3 237 237 0.0551775 0.11016949152542373 0.1906925 1 1 1
1 P_3 238 238 0 0 0 1 1 1
1 P_3 239 239 0 0 0 1 1 1
1 P_3 240 240 0 0 0 1 1 1
1 P_3 241 241 0.5 0.5 0.5 1 1 1
1 P_3 242 242 0.06859 0.13541666666666666 0.2276045 1 1 1
1 P_3 243 243 0 0 0 1 1 1
1 P_3 244 244 0.2196255 0.3125 0.3915265 1 1 1
1 P_3 245 245 0.02427375 0.06976744186046512 0.159194 1 1 1
1 P_3 246 246 0 0 0 1 1 1
1 P_3 247 247 0 0 0 1 1 1
1 P_3 248 248 0 0 0 1 1 1
1 P_3 249 249 0.01998355 0.057692307692307696 0.1347175 1 1 1
1 P_3 250 250 0 0 0 1 1 1
1 P_3 251 251 0 0 0 1 1 1
1 P_3 252 252 0 0 0 1 1 1
1 P_3 253 253 0 0 0 1 1 1
1 P_3 254 254 0.5 0.5 0.5 1 1 1
1 P_3 255 255 0.380095 0.4574468085106383 0.488413 1 1 1
1 P_3 256 256 0.5 0.5 0.5 1 1 1
1 P_3 257 257 0 0 0 1 1 1
1 P_3 258 258 0 0 0 1 1 1
1 P_3 259 259 0 0 0 1 1 1
1 P_3 260 260 0.0324454 0.07627118644067797 0.1517545 1 1 1
1 P_3 261 261 0.25164 0.33620689655172414 0.404758 1 1 1
1 P_3 262 262 0.0410639 0.09574468085106383 0.185173 1 1 1
1 P_3 263 263 0 0 0 1 1 1
1 P_3 264 264 0.064323 0.12745098039215685 0.2162195 1 1 1
1 P_3 265 265 0 0 0 1 1 1
1 P_3 266 266 0.0368699 0.09090909090909091 0.1830035 1 1 1
1 P_3 267 267 0.3222615 0.4056603773584906 0.457678 1 1 1
1 P_3 268 268 0.5 0.5 0.5 1 1 1
1 P_3 269 269 0.2604725 0.3448275862068966 0.4115675 1 1 1
1 P_3 270 270 0.0520065 0.10714285714285714 0.189661 1 1 1
1 P_3 271 271 0.01662115 0.05319148936170213 0.1338805 1 1 1
1 P_3 272 272 0 0 0 1 1 1
1 P_3 273 273 0 0 0 1 1 1
1 P_3 274 274 0 0 0 1 1 1
1 P_3 275 275 0.5 0.5 0.5 1 1 1
1 P_3 276 276 0 0 0 1 1 1
1 P_3 277 277 0 0 0 1 1 1
1 P_3 278 278 0.02549025 0.07317073170731707 0.1658775 1 1 1
1 P_3 279 279 0 0 0 1 1 1
1 P_3 280 280 0 0 0 1 1 1
1 P_3 281 281 0.5 0.5 0.5 1 1 1
1 P_3 282 282 0.3454465 0.42857142857142855 0.473063 1 1 1
1 P_3 283 283 0 0 0 1 1 1
1 P_3 284 284 0 0 0 1 1 1
1 P_3 285 285 0.0551775 0.11016949152542373 0.1906925 1 1 1
1 P_3 286 286 0.0272371 0.06779661016949153 0.141531 1 1 1
1 P_3 287 287 0.03188795 0.075 0.149501 1 1 1
1 P_3 288 288 0.5 0.5 0.5 1 1 1
1 P_3 289 289 0 0 0 1 1 1
1 P_3 290 290 0 0 0 1 1 1
1 P_3 291 291 0 0 0 1 1 1
1 P_3 292 292 0 0 0 1 1 1
1 P_3 293 293 0 0 0 1 1 1
1 P_3 294 294 0 0 0 1 1 1
1 P_3 295 295 0.06859 0.13541666666666666 0.2276045 1 1 1
1 P_3 296 296 0 0 0 1 1 1
1 P_3 297 297 0 0 0 1 1 1
1 P_3 298 298 0 0 0 1 1 1
1 P_3 299 299 0 0 0 1 1 1
1 P_3 300 300 0.5 0.5 0.5 1 1 1
1 P_3 301 301 0 0 0 1 1 1
1 P_3 302 302 0 0 0 1 1 1
1 P_3 303 303 0 0 0 1 1 1
1 P_3 304 304 0.0585785 0.12 0.2091165 1 1 1
1 P_3 305 305 0.00938385 0.041666666666666664 0.1331725 1 1 1
1 P_3 306 306 0 0 0 1 1 1
1 P_3 307 307 0.5 0.5 0.5 1 1 1
1 P_3 308 308 0 0 0 1 1 1
1 P_3 309 309 0.0352088 0.08695652173913043 0.1761395 1 1 1
1 P_3 310 310 0 0 0 1 1 1
1 P_3 311 311 0 0 0 1 1 1
1 P_3 312 312 0 0 0 1 1 1
1 P_3 313 313 0 0 0 1 1 1
1 P_3 314 314 0.3335365 0.4222222222222222 0.470595 1 1 1
1 P_3 315 315 0 0 0 1 1 1
1 P_3 316 316 0 0 0 1 1 1
1 P_3 317 317 0.052775 0.11224489795918367 0.201605 1 1 1
1 P_3 318 318 0 0 0 1 1 1
1 P_3 319 319 0.0745605 0.14285714285714285 0.2344265 1 1 1
1 P_3 320 320 0.03101795 0.07692307692307693 0.158295 1 1 1
1 P_3 321 321 0 0 0 1 1 1
1 P_3 322 322 0 0 0 1 1 1
1 P_3 323 323 0 0 0 1 1 1
1 P_3 324 324 0 0 0 1 1 1
1 P_3 325 325 0.00766995 0.03409090909090909 0.1116195 1 1 1
1 P_3 326 326 0 0 0 1 1 1
1 P_3 327 327 0 0 0 1 1 1
1 P_3 328 328 0 0 0 1 1 1
1 P_3 329 329 0 0 0 1 1 1
1 P_3 330 330 0 0 0 1 1 1
1 P_3 331 331 0 0 0 1 1 1
1 P_3 332 332 0 0 0 1 1 1
1 P_3 333 333 0 0 0 1 1 1
1 P_3 334 334 0 0 0 1 1 1
1 P_3 335 335 0 0 0 1 1 1
1 P_3 336 336 0 0 0 1 1 1
1 P_3 337 337 0.051409 0.11363636363636363 0.2085275 1 1 1
1 P_3 338 338 0 0 0 1 1 1
1 P_3 339 339 0 0 0 1 1 1
1 P_3 340 340 0 0 0 1 1 1
1 P_3 341 341 0.0281167 0.07446808510638298 0.16029 1 1 1
1 P_3 342 342 0 0 0 1 1 1
1 P_3 343 343 0 0 0 1 1 1
1 P_3 344 344 0 0 0 1 1 1
1 P_3 345 345 0 0 0 1 1 1
1 P_3 346 346 0 0 0 1 1 1
1 P_3 347 347 0.2176875 0.30357142857142855 0.379167 1 1 1
1 P_3 348 348 0 0 0 1 1 1
1 P_3 349 349 0.248076 0.35 0.4257625 1 1 1
1 P_3 350 350 0.04958905 0.10576923076923077 0.191563 1 1 1
1 P_3 351 351 0 0 0 1 1 1
1 P_3 352 352 0 0 0 1 1 1
1 P_3 353 353 0.0111089 0.04081632653061224 0.1155255 1 1 1
1 P_3 354 354 0 0 0 1 1 1
1 P_3 355 355 0 0 0 1 1 1
1 P_3 356 356 0.087174 0.15079365079365079 0.2314655 1 1 1
1 P_3 357 357 0 0 0 1 1 1
1 P_3 358 358 0.0418022 0.10256410256410256 0.2027095 1 1 1
1 P_3 359 359 0 0 0 1 1 1
1 P_3 360 360 0 0 0 1 1 1
1 P_3 361 361 0 0 0 1 1 1
1 P_3 362 362 0 0 0 1 1 1
1 P_3 363 363 0.01436865 0.05263157894736842 0.144525 1 1 1
1 P_3 364 364 0 0 0 1 1 1
1 P_3 365 365 0 0 0 1 1 1
1 P_3 366 366 0.5 0.5 0.5 1 1 1
1 P_3 367 367 0.186268 0.2916666666666667 0.3850645 1 1 1
1 P_3 368 368 0 0 0 1 1 1
1 P_3 369 369 0.5 0.5 0.5 1 1 1
1 P_3 370 370 0.0269368 0.07142857142857142 0.1545535 1 1 1
1 P_3 371 371 0 0 0 1 1 1
1 P_3 372 372 0.04296735 0.1 0.192206 1 1 1
1 P_3 373 373 0 0 0 1 1 1
1 P_3 374 374 0 0 0 1 1 1
1 P_3 375 375 0 0 0 1 1 1
1 P_3 376 376 0.5 0.5 0.5 1 1 1
1 P_3 377 377 0 0 0 1 1 1
1 P_3 378 378 0 0 0 1 1 1
1 P_3 379 379 0.1838725 0.2777777777777778 0.36515 1 1 1
1 P_3 380 380 0 0 0 1 1 1
1 P_3 381 381 0.5 0.5 0.5 1 1 1
1 P_3 382 382 0 0 0 1 1 1
1 P_3 383 383 0.2827905 0.36153846153846153 0.4216745 1 1 1
1 P_3 384 384 0.04906695 0.10869565217391304 0.200814 1 1 1
1 P_3 385 385 0.04295185 0.10526315789473684 0.207161 1 1 1
1 P_3 386 386 0 0 0 1 1 1
1 P_3 387 387 0.350499 0.425 0.468112 1 1 1
1 P_3 388 388 0 0 0 1 1 1
1 P_3 389 389 0 0 0 1 1 1
1 P_3 390 390 0.0672525 0.12962962962962962 0.2158925 1 1 1
1 P_3 391 391 0 0 0 1 1 1
1 P_3 392 392 0.5 0.5 0.5 1 1 1
1 P_3 393 393 0 0 0 1 1 1
1 P_3 394 394 0 0 0 1 1 1
1 P_3 395 395 0 0 0 1 1 1
1 P_3 396 396 0.213101 0.2966101694915254 0.3715935 1 1 1
1 P_3 397 397 0 0 0 1 1 1
1 P_3 398 398 0.0625325 0.1276595744680851 0.220388 1 1 1
1 P_3 399 399 0.5 0.5 0.5 1 1 1
1 P_3 400 400 0.041994 0.09782608695652174 0.188625 1 1 1
1 P_3 401 401 0.0237081 0.06818181818181818 0.156048 1 1 1
1 P_3 402 402 0.0600095 0.13157894736842105 0.2355805 1 1 1
1 P_3 403 403 0.314711 0.4166666666666667 0.4708575 1 1 1
1 P_3 404 404 0 0 0 1 1 1
1 P_3 405 405 0 0 0 1 1 1
1 P_3 406 406 0.030817 0.08139534883720931 0.1731255 1 1 1
1 P_3 407 407 0 0 0 1 1 1
1 P_3 408 408 0.5 0.5 0.5 1 1 1
1 P_3 409 409 0 0 0 1 1 1
1 P_3 410 410 0.3777795 0.45652173913043476 0.4881585 1 1 1
1 P_3 411 411 0.5 0.5 0.5 1 1 1
1 P_3 412 412 0.064323 0.12745098039215685 0.2162195 1 1 1
1 P_3 413 413 0 0 0 1 1 1
1 P_3 414 414 0.0605625 0.12790697674418605 0.2251365 1 1 1
1 P_3 415 415 0.0591085 0.125 0.220849 1 1 1
1 P_3 416 416 0 0 0 1 1 1
1 P_3 417 417 0.5 0.5 0.5 1 1 1
1 P_3 418 418 0 0 0 1 1 1
1 P_3 419 419 0.086206 0.1568627450980392 0.247021 1 1 1
1 P_3 420 420 0 0 0 1 1 1
1 P_3 421 421 0 0 0 1 1 1
1 P_3 422 422 0.5 0.5 0.5 1 1 1
1 P_3 423 423 0 0 0 1 1 1
1 P_3 424 424 0.03537945 0.07936507936507936 0.152601 1 1 1
1 P_3 425 425 0.5 0.5 0.5 1 1 1
1 P_3 426 426 0 0 0 1 1 1
1 P_3 427 427 0.5 0.5 0.5 1 1 1
1 P_3 428 428 0 0 0 1 1 1
1 P_3 429 429 0 0 0 1 1 1
1 P_3 430 430 0.0857225 0.17142857142857143 0.280332 1 1 1
2 P_8 0 0 0 0 0 1 1 1
2 P_8 1 1 0 0 0 1 1 1
2 P_8 2 2 0.0636985 0.13414634146341464 0.2342165 1 1 1
2 P_8 3 3 0 0 0 1 1 1
2 P_8 4 4 0 0 0 1 1 1
2 P_8 5 5 0 0 0 1 1 1
2 P_8 6 6 0 0 0 1 1 1
2 P_8 7 7 0 0 0 1 1 1
2 P_8 8 8 0.04617915 0.10714285714285714 0.203797 1 1 1
2 P_8 9 9 0.04617915 0.10714285714285714 0.203797 1 1 1
2 P_8 10 10 0.5 0.5 0.5 1 1 1
2 P_8 11 11 0.277771 0.36363636363636365 0.4273295 1 1 1
2 P_8 12 12 0.3181565 0.40625 0.459826 1 1 1
2 P_8 13 13 0 0 0 1 1 1
2 P_8 14 14 0 0 0 1 1 1
2 P_8 15 15 0.3482455 0.423728813559322 0.4675545 1 1 1
2 P_8 16 16 0 0 0 1 1 1
2 P_8 17 17 0 0 0 1 1 1
2 P_8 18 18 0.35079 0.43137254901960786 0.474148 1 1 1
2 P_8 19 19 0 0 0 1 1 1
2 P_8 20 20 0 0 0 1 1 1
2 P_8 21 21 0 0 0 1 1 1
2 P_8 22 22 0.5 0.5 0.5 1 1 1
2 P_8 23 23 0.0369709 0.08653846153846154 0.169629 1 1 1
2 P_8 24 24 0 0 0 1 1 1
2 P_8 25 25 0 0 0 1 1 1
2 P_8 26 26 0.004206455 0.025 0.103529 1 1 1
2 P_8 27 27 0.0479743 0.10638297872340426 0.197163 1 1 1
2 P_8 28 28 0 0 0 1 1 1
2 P_8 29 29 0.34063 0.4166666666666667 0.46279 1 1 1
2 P_8 30 30 0.304077 0.3977272727272727 0.456013 1 1 1
2 P_8 31 31 0.030817 0.08139534883720931 0.1731255 1 1 1
2 P_8 32 32 0 0 0 1 1 1
2 P_8 33 33 0.0605575 0.12037037037037036 0.2058985 1 1 1
2 P_8 34 34 0.362938 0.4411764705882353 0.479616 1 1 1
2 P_8 35 35 0.3181565 0.40625 0.459826 1 1 1
2 P_8 36 36 0 0 0 1 1 1
2 P_8 37 37 0 0 0 1 1 1
2 P_8 38 38 0 0 0 1 1 1
2 P_8 39 39 0 0 0 1 1 1
2 P_8 40 40 0 0 0 1 1 1
2 P_8 41 41 0 0 0 1 1 1
2 P_8 42 42 0.3718605 0.44545454545454544 0.481128 1 1 1
2 P_8 43 43 0 0 0 1 1 1
2 P_8 44 44 0 0 0 1 1 1
2 P_8 45 45 0 0 0 1 1 1
2 P_8 46 46 0.31754 0.4 0.4532335 1 1 1
2 P_8 47 47 0 0 0 1 1 1
2 P_8 48 48 0 0 0 1 1 1
2 P_8 49 49 0 0 0 1 1 1
2 P_8 50 50 0 0 0 1 1 1
2 P_8 51 51 0 0 0 1 1 1
2 P_8 52 52 0 0 0 1 1 1
2 P_8 53 53 0 0 0 1 1 1
2 P_8 54 54 0 0 0 1 1 1
2 P_8 55 55 0.5 0.5 0.5 1 1 1
2 P_8 56 56 0 0 0 1 1 1
2 P_8 57 57 0 0 0 1 1 1
2 P_8 58 58 0.0804345 0.15 0.2408885 1 1 1
2 P_8 59 59 0.2969875 0.3793103448275862 0.4376335 1 1 1
2 P_8 60 60 0.222029 0.32142857142857145 0.4029415 1 1 1
2 P_8 61 61 0 0 0 1 1 1
2 P_8 62 62 0 0 0 1 1 1
2 P_8 63 63 0 0 0 1 1 1
2 P_8 64 64 0.341705 0.4230769230769231 0.468982 1 1 1
2 P_8 65 65 0.35079 0.43137254901960786 0.474148 1 1 1
2 P_8 66 66 0 0 0 1 1 1
2 P_8 67 67 0 0 0 1 1 1
2 P_8 68 68 0.3626715 0.4375 0.476512 1 1 1
2 P_8 69 69 0 0 0 1 1 1
2 P_8 70 70 0 0 0 1 1 1
2 P_8 71 71 0.0385059 0.09 0.175527 1 1 1
2 P_8 72 72 0.351736 0.42857142857142855 0.471262 1 1 1
2 P_8 73 73 0.3209995 0.3918918918918919 0.4418545 1 1 1
2 P_8 74 74 0 0 0 1 1 1
2 P_8 75 75 0.320493 0.4111111111111111 0.46398 1 1 1
2 P_8 76 76 0 0 0 1 1 1
2 P_8 77 77 0 0 0 1 1 1
2 P_8 78 78 0 0 0 1 1 1
2 P_8 79 79 0 0 0 1 1 1
2 P_8 80 80 0.0401742 0.09375 0.1818435 1 1 1
2 P_8 81 81 0.0248514 0.0660377358490566 0.144221 1 1 1
2 P_8 82 82 0 0 0 1 1 1
2 P_8 83 83 0.072974 0.14 0.2304755 1 1 1
2 P_8 84 84 0.01499805 0.04807692307692308 0.1223645 1 1 1
2 P_8 85 85 0.0399685 0.08928571428571429 0.169378 1 1 1
2 P_8 86 86 0 0 0 1 1 1
2 P_8 87 87 0.36974 0.4444444444444444 0.4807715 1 1 1
2 P_8 88 88 0 0 0 1 1 1
2 P_8 89 89 0.04861105 0.10377358490566038 0.188431 1 1 1
2 P_8 90 90 0 0 0 1 1 1
2 P_8 91 91 0.018269 0.06666666666666667 0.1766545 1 1 1
2 P_8 92 92 0.304262 0.3888888888888889 0.4459735 1 1 1
2 P_8 93 93 0 0 0 1 1 1
2 P_8 94 94 0 0 0 1 1 1
2 P_8 95 95 0 0 0 1 1 1
2 P_8 96 96 0.367553 0.4523809523809524 0.487017 1 1 1
2 P_8 97 97 0 0 0 1 1 1
2 P_8 98 98 0.04296735 0.1 0.192206 1 1 1
2 P_8 99 99 0.3187875 0.3983050847457627 0.4507545 1 1 1
2 P_8 100 100 0.02683525 0.07692307692307693 0.1731395 1 1 1
2 P_8 101 101 0.327472 0.4117647058823529 0.462277 1 1 1
2 P_8 102 102 0 0 0 1 1 1
2 P_8 103 103 0.0741005 0.1388888888888889 0.2257315 1 1 1
2 P_8 104 104 0.3238605 0.41304347826086957 0.464791 1 1 1
2 P_8 105 105 0.0620905 0.13095238095238096 0.229589 1 1 1
2 P_8 106 106 0.3192905 0.40384615384615385 0.4568305 1 1 1
2 P_8 107 107 0 0 0 1 1 1
2 P_8 108 108 0.0377228 0.08823529411764706 0.172528 1 1 1
2 P_8 109 109 0.5 0.5 0.5 1 1 1
2 P_8 110 110 0.3443365 0.42452830188679247 0.4695855 1 1 1
2 P_8 111 111 0 0 0 1 1 1
2 P_8 112 112 0.04505755 0.09649122807017543 0.1768515 1 1 1
2 P_8 113 113 0 0 0 1 1 1
2 P_8 114 114 0 0 0 1 1 1
2 P_8 115 115 0 0 0 1 1 1
2 P_8 116 116 0 0 0 1 1 1
2 P_8 117 117 0.0884325 0.15517241379310345 0.2395275 1 1 1
2 P_8 118 118 0.04497075 0.1 0.186955 1 1 1
2 P_8 119 119 0 0 0 1 1 1
2 P_8 120 120 0 0 0 1 1 1
2 P_8 121 121 0 0 0 1 1 1
2 P_8 122 122 0 0 0 1 1 1
2 P_8 123 123 0.0243796 0.06481481481481481 0.1418485 1 1 1
2 P_8 124 124 0.03101795 0.07692307692307693 0.158295 1 1 1
2 P_8 125 125 0.3222615 0.4056603773584906 0.457678 1 1 1
2 P_8 126 126 0 0 0 1 1 1
2 P_8 127 127 0 0 0 1 1 1
2 P_8 128 128 0 0 0 1 1 1
2 P_8 129 129 0 0 0 1 1 1
2 P_8 130 130 0 0 0 1 1 1
2 P_8 131 131 0.311569 0.39622641509433965 0.451389 1 1 1
2 P_8 132 132 0.2995935 0.3790322580645161 0.4359725 1 1 1
2 P_8 133 133 0.2848485 0.36666666666666664 0.4275 1 1 1
2 P_8 134 134 0 0 0 1 1 1
2 P_8 135 135 0 0 0 1 1 1
2 P_8 136 136 0 0 0 1 1 1
2 P_8 137 137 0 0 0 1 1 1
2 P_8 138 138 0 0 0 1 1 1
2 P_8 139 139 0.3095845 0.40476190476190477 0.461304 1 1 1
2 P_8 140 140 0 0 0 1 1 1
2 P_8 141 141 0 0 0 1 1 1
2 P_8 142 142 0 0 0 1 1 1
2 P_8 143 143 0.3142995 0.3873239436619718 0.43928 1 1 1
2 P_8 144 144 0.347399 0.42063492063492064 0.4646205 1 1 1
2 P_8 145 145 0 0 0 1 1 1
2 P_8 146 146 0 0 0 1 1 1
2 P_8 147 147 0.3169965 0.4090909090909091 0.46313 1 1 1
2 P_8 148 148 0 0 0 1 1 1
2 P_8 149 149 0 0 0 1 1 1
2 P_8 150 150 0.0056181 0.025 0.0842815 1 1 1
2 P_8 151 151 0 0 0 1 1 1
2 P_8 152 152 0.0385059 0.09 0.175527 1 1 1
2 P_8 153 153 0.294814 0.3854166666666667 0.4460695 1 1 1
2 P_8 154 154 0 0 0 1 1 1
2 P_8 155 155 0 0 0 1 1 1
2 P_8 156 156 0 0 0 1 1 1
2 P_8 157 157 0 0 0 1 1 1
2 P_8 158 158 0 0 0 1 1 1
2 P_8 159 159 0 0 0 1 1 1
2 P_8 160 160 0 0 0 1 1 1
2 P_8 161 161 0.0369709 0.08653846153846154 0.169629 1 1 1
2 P_8 162 162 0 0 0 1 1 1
2 P_8 163 163 0 0 0 1 1 1
2 P_8 164 164 0 0 0 1 1 1
2 P_8 165 165 0.0539875 0.11904761904761904 0.2168445 1 1 1
2 P_8 166 166 0 0 0 1 1 1
2 P_8 167 167 0 0 0 1 1 1
2 P_8 168 168 0.0275141 0.07291666666666667 0.15737 1 1 1
2 P_8 169 169 0.065685 0.13 0.219889 1 1 1
2 P_8 170 170 0 0 0 1 1 1
2 P_8 171 171 0 0 0 1 1 1
2 P_8 172 172 0 0 0 1 1 1
2 P_8 173 173 0.03298055 0.08163265306122448 0.166747 1 1 1
2 P_8 174 174 0 0 0 1 1 1
2 P_8 175 175 0 0 0 1 1 1
2 P_8 176 176 0.0316456 0.0784313725490196 0.1610165 1 1 1
2 P_8 177 177 0 0 0 1 1 1
2 P_8 178 178 0.306446 0.3879310344827586 0.4438245 1 1 1
2 P_8 179 179 0 0 0 1 1 1
2 P_8 180 180 0 0 0 1 1 1
2 P_8 181 181 0.3214405 0.4 0.451611 1 1 1
2 P_8 182 182 0 0 0 1 1 1
2 P_8 183 183 0 0 0 1 1 1
2 P_8 184 184 0 0 0 1 1 1
2 P_8 185 185 0 0 0 1 1 1
2 P_8 186 186 0.3522315 0.44047619047619047 0.4813615 1 1 1
2 P_8 187 187 0 0 0 1 1 1
2 P_8 188 188 0.03101795 0.07692307692307693 0.158295 1 1 1
2 P_8 189 189 0.3762585 0.4391891891891892 0.474294 1 1 1
2 P_8 190 190 0.2907705 0.37735849056603776 0.4382375 1 1 1
2 P_8 191 191 0 0 0 1 1 1
2 P_8 192 192 0.0173733 0.05555555555555555 0.1391125 1 1 1
2 P_8 193 193 0.054737 0.10416666666666667 0.1756695 1 1 1
2 P_8 194 194 0 0 0 1 1 1
2 P_8 195 195 0.3034985 0.38596491228070173 0.44279 1 1 1
2 P_8 196 196 0.2624315 0.3482142857142857 0.4151465 1 1 1
2 P_8 197 197 0 0 0 1 1 1
2 P_8 198 198 0.02215915 0.06382978723404255 0.1473085 1 1 1
2 P_8 199 199 0.0342415 0.08035714285714286 0.1589365 1 1 1
2 P_8 200 200 0.2755865 0.3695652173913043 0.4360275 1 1 1
2 P_8 201 201 0.3229195 0.4264705882352941 0.4768675 1 1 1
2 P_8 202 202 0 0 0 1 1 1
2 P_8 203 203 0 0 0 1 1 1
2 P_8 204 204 0.03302275 0.07758620689655173 0.154076 1 1 1
2 P_8 205 205 0.2907705 0.37735849056603776 0.4382375 1 1 1
2 P_8 206 206 0 0 0 1 1 1
2 P_8 207 207 0 0 0 1 1 1
2 P_8 208 208 0 0 0 1 1 1
2 P_8 209 209 0 0 0 1 1 1
2 P_8 210 210 0 0 0 1 1 1
2 P_8 211 211 0.0239254 0.06363636363636363 0.139552 1 1 1
2 P_8 212 212 0.3526865 0.4262295081967213 0.4686505 1 1 1
2 P_8 213 213 0.03157525 0.08333333333333333 0.176658 1 1 1
2 P_8 214 214 0.2298435 0.3229166666666667 0.3998365 1 1 1
2 P_8 215 215 0.2641335 0.358695652173913 0.4282345 1 1 1
2 P_8 216 216 0 0 0 1 1 1
2 P_8 217 217 0.2874755 0.37272727272727274 0.43404 1 1 1
2 P_8 218 218 0 0 0 1 1 1
2 P_8 219 219 0 0 0 1 1 1
2 P_8 220 220 0 0 0 1 1 1
2 P_8 221 221 0.3268605 0.4230769230769231 0.4731645 1 1 1
2 P_8 222 222 0 0 0 1 1 1
2 P_8 223 223 0.3975775 0.4642857142857143 0.4902925 1 1 1
2 P_8 224 224 0.03101795 0.07692307692307693 0.158295 1 1 1
2 P_8 225 225 0 0 0 1 1 1
2 P_8 226 226 0.2972905 0.3974358974358974 0.458198 1 1 1
2 P_8 227 227 0.37287 0.45454545454545453 0.487614 1 1 1
2 P_8 228 228 0.3382395 0.4152542372881356 0.4621365 1 1 1
2 P_8 229 229 0 0 0 1 1 1
2 P_8 230 230 0.0118415 0.043478260869565216 0.1222205 1 1 1
2 P_8 231 231 0 0 0 1 1 1
2 P_8 232 232 0 0 0 1 1 1
2 P_8 233 233 0.287683 0.3875 0.451398 1 1 1
2 P_8 234 234 0.2817105 0.3644067796610169 0.426197 1 1 1
2 P_8 235 235 0 0 0 1 1 1
2 P_8 236 236 0.31622 0.4019607843137255 0.4559485 1 1 1
2 P_8 237 237 0 0 0 1 1 1
2 P_8 238 238 0.299186 0.391304347826087 0.450933 1 1 1
2 P_8 239 239 0.3652825 0.4423076923076923 0.4800165 1 1 1
2 P_8 240 240 0.324473 0.41 0.461494 1 1 1
2 P_8 241 241 0.0410639 0.09574468085106383 0.185173 1 1 1
2 P_8 242 242 0 0 0 1 1 1
2 P_8 243 243 0 0 0 1 1 1
2 P_8 244 244 0 0 0 1 1 1
2 P_8 245 245 0 0 0 1 1 1
2 P_8 246 246 0 0 0 1 1 1
2 P_8 247 247 0 0 0 1 1 1
2 P_8 248 248 0 0 0 1 1 1
2 P_8 249 249 0 0 0 1 1 1
2 P_8 250 250 0 0 0 1 1 1
2 P_8 251 251 0.336168 0.42 0.4677005 1 1 1
2 P_8 252 252 0.299186 0.391304347826087 0.450933 1 1 1
2 P_8 253 253 0.2841075 0.37037037037037035 0.4327475 1 1 1
2 P_8 254 254 0.04617915 0.10714285714285714 0.203797 1 1 1
2 P_8 255 255 0.03298055 0.08163265306122448 0.166747 1 1 1
2 P_8 256 256 0.5 0.5 0.5 1 1 1
2 P_8 257 257 0.3540495 0.4298245614035088 0.47178 1 1 1
2 P_8 258 258 0 0 0 1 1 1
2 P_8 259 259 0 0 0 1 1 1
2 P_8 260 260 0 0 0 1 1 1
2 P_8 261 261 0 0 0 1 1 1
2 P_8 262 262 0 0 0 1 1 1
2 P_8 263 263 0 0 0 1 1 1
2 P_8 264 264 0 0 0 1 1 1
2 P_8 265 265 0.346977 0.43333333333333335 0.4768315 1 1 1
2 P_8 266 266 0 0 0 1 1 1
2 P_8 267 267 0 0 0 1 1 1
2 P_8 268 268 0.035553800000000003 0.08333333333333333 0.1641105 1 1 1
2 P_8 269 269 0 0 0 1 1 1
2 P_8 270 270 0 0 0 1 1 1
2 P_8 271 271 0 0 0 1 1 1
2 P_8 272 272 0.312087 0.39166666666666666 0.4457855 1 1 1
2 P_8 273 273 0 0 0 1 1 1
2 P_8 274 274 0 0 0 1 1 1
2 P_8 275 275 0.04497075 0.1 0.186955 1 1 1
2 P_8 276 276 0 0 0 1 1 1
2 P_8 277 277 0 0 0 1 1 1
2 P_8 278 278 0 0 0 1 1 1
2 P_8 279 279 0 0 0 1 1 1
2 P_8 280 280 0.3258265 0.4051724137931034 0.455751 1 1 1
2 P_8 281 281 0.0304147 0.07547169811320754 0.1556635 1 1 1
2 P_8 282 282 0.04497075 0.1 0.186955 1 1 1
2 P_8 283 283 0.3454465 0.42857142857142855 0.473063 1 1 1
2 P_8 284 284 0.338099 0.4126984126984127 0.459393 1 1 1
2 P_8 285 285 0 0 0 1 1 1
2 P_8 286 286 0 0 0 1 1 1
2 P_8 287 287 0 0 0 1 1 1
2 P_8 288 288 0.0486021 0.1125 0.212317 1 1 1
2 P_8 289 289 0.2641335 0.358695652173913 0.4282345 1 1 1
2 P_8 290 290 0 0 0 1 1 1
2 P_8 291 291 0.279151 0.375 0.4408915 1 1 1
2 P_8 292 292 0 0 0 1 1 1
2 P_8 293 293 0 0 0 1 1 1
2 P_8 294 294 0.268336 0.3617021276595745 0.4298585 1 1 1
2 P_8 295 295 0 0 0 1 1 1
2 P_8 296 296 0 0 0 1 1 1
2 P_8 297 297 0.2624315 0.3482142857142857 0.4151465 1 1 1
2 P_8 298 298 0 0 0 1 1 1
2 P_8 299 299 0 0 0 1 1 1
2 P_8 300 300 0.5 0.5 0.5 1 1 1
2 P_8 301 301 0 0 0 1 1 1
2 P_8 302 302 0.3238605 0.41304347826086957 0.464791 1 1 1
2 P_8 303 303 0.333175 0.41509433962264153 0.4637515 1 1 1
2 P_8 304 304 0 0 0 1 1 1
2 P_8 305 305 0 0 0 1 1 1
2 P_8 306 306 0.3238605 0.41304347826086957 0.464791 1 1 1
2 P_8 307 307 0.0369709 0.08653846153846154 0.169629 1 1 1
2 P_8 308 308 0.302837 0.39361702127659576 0.4520255 1 1 1
2 P_8 309 309 0 0 0 1 1 1
2 P_8 310 310 0 0 0 1 1 1
2 P_8 311 311 0.0336912 0.08333333333333333 0.1697655 1 1 1
2 P_8 312 312 0 0 0 1 1 1
2 P_8 313 313 0 0 0 1 1 1
2 P_8 314 314 0.06859 0.13541666666666666 0.2276045 1 1 1
2 P_8 315 315 0 0 0 1 1 1
2 P_8 316 316 0.04958905 0.10576923076923077 0.191563 1 1 1
2 P_8 317 317 0 0 0 1 1 1
2 P_8 318 318 0 0 0 1 1 1
2 P_8 319 319 0 0 0 1 1 1
2 P_8 320 320 0 0 0 1 1 1
2 P_8 321 321 0.3522315 0.44047619047619047 0.4813615 1 1 1
2 P_8 322 322 0 0 0 1 1 1
2 P_8 323 323 0 0 0 1 1 1
2 P_8 324 324 0.311375 0.40217391304347827 0.458006 1 1 1
2 P_8 325 325 0 0 0 1 1 1
2 P_8 326 326 0 0 0 1 1 1
2 P_8 327 327 0 0 0 1 1 1
2 P_8 328 328 0 0 0 1 1 1
2 P_8 329 329 0.3385175 0.41818181818181815 0.4651145 1 1 1
2 P_8 330 330 0.3169965 0.4090909090909091 0.46313 1 1 1
2 P_8 331 331 0 0 0 1 1 1
2 P_8 332 332 0 0 0 1 1 1
2 P_8 333 333 0 0 0 1 1 1
2 P_8 334 334 0.336681 0.42391304347826086 0.4712535 1 1 1
2 P_8 335 335 0.270411 0.36904761904761907 0.4379095 1 1 1
2 P_8 336 336 0.368592 0.4479166666666667 0.483731 1 1 1
2 P_8 337 337 0 0 0 1 1 1
2 P_8 338 338 0 0 0 1 1 1
2 P_8 339 339 0 0 0 1 1 1
2 P_8 340 340 0 0 0 1 1 1
2 P_8 341 341 0 0 0 1 1 1
2 P_8 342 342 0 0 0 1 1 1
2 P_8 343 343 0.305201 0.39215686274509803 0.4493925 1 1 1
2 P_8 344 344 0.2873935 0.38372093023255816 0.4473335 1 1 1
2 P_8 345 345 0.314788 0.39344262295081966 0.4467155 1 1 1
2 P_8 346 346 0 0 0 1 1 1
2 P_8 347 347 0 0 0 1 1 1
2 P_8 348 348 0 0 0 1 1 1
2 P_8 349 349 0 0 0 1 1 1
2 P_8 350 350 0 0 0 1 1 1
2 P_8 351 351 0.3360325 0.40714285714285714 0.453838 1 1 1
2 P_8 352 352 0.320387 0.4017857142857143 0.454104 1 1 1
2 P_8 353 353 0 0 0 1 1 1
2 P_8 354 354 0 0 0 1 1 1
2 P_8 355 355 0.298762 0.4027777777777778 0.4629535 1 1 1
2 P_8 356 356 0 0 0 1 1 1
2 P_8 357 357 0 0 0 1 1 1
2 P_8 358 358 0 0 0 1 1 1
2 P_8 359 359 0 0 0 1 1 1
2 P_8 360 360 0 0 0 1 1 1
2 P_8 361 361 0 0 0 1 1 1
2 P_8 362 362 0 0 0 1 1 1
2 P_8 363 363 0 0 0 1 1 1
2 P_8 364 364 0 0 0 1 1 1
2 P_8 365 365 0.3222615 0.4056603773584906 0.457678 1 1 1
2 P_8 366 366 0.5 0.5 0.5 1 1 1
2 P_8 367 367 0 0 0 1 1 1
2 P_8 368 368 0 0 0 1 1 1
2 P_8 369 369 0.5 0.5 0.5 1 1 1
2 P_8 370 370 0 0 0 1 1 1
2 P_8 371 371 0.0492453 0.1016949152542373 0.1812125 1 1 1
2 P_8 372 372 0 0 0 1 1 1
2 P_8 373 373 0 0 0 1 1 1
2 P_8 374 374 0 0 0 1 1 1
2 P_8 375 375 0 0 0 1 1 1
2 P_8 376 376 0.0516685 0.11 0.1981445 1 1 1
2 P_8 377 377 0 0 0 1 1 1
2 P_8 378 378 0 0 0 1 1 1
2 P_8 379 379 0 0 0 1 1 1
2 P_8 380 380 0.333253 0.41836734693877553 0.4670195 1 1 1
2 P_8 381 381 0.0237081 0.06818181818181818 0.156048 1 1 1
2 P_8 382 382 0.03101795 0.07692307692307693 0.158295 1 1 1
2 P_8 383 383 0 0 0 1 1 1
2 P_8 384 384 0 0 0 1 1 1
2 P_8 385 385 0 0 0 1 1 1
2 P_8 386 386 0 0 0 1 1 1
2 P_8 387 387 0.0222662 0.059322033898305086 0.131061 1 1 1
2 P_8 388 388 0.2641335 0.358695652173913 0.4282345 1 1 1
2 P_8 389 389 0 0 0 1 1 1
2 P_8 390 390 0 0 0 1 1 1
2 P_8 391 391 0 0 0 1 1 1
2 P_8 392 392 0.0401742 0.09375 0.1818435 1 1 1
2 P_8 393 393 0 0 0 1 1 1
2 P_8 394 394 0 0 0 1 1 1
2 P_8 395 395 0.304262 0.3888888888888889 0.4459735 1 1 1
2 P_8 396 396 0 0 0 1 1 1
2 P_8 397 397 0.02585205 0.06862745098039216 0.14921 1 1 1
2 P_8 398 398 0 0 0 1 1 1
2 P_8 399 399 0.5 0.5 0.5 1 1 1
2 P_8 400 400 0 0 0 1 1 1
2 P_8 401 401 0 0 0 1 1 1
2 P_8 402 402 0 0 0 1 1 1
2 P_8 403 403 0.0774655 0.13934426229508196 0.2208235 1 1 1
2 P_8 404 404 0 0 0 1 1 1
2 P_8 405 405 0 0 0 1 1 1
2 P_8 406 406 0 0 0 1 1 1
2 P_8 407 407 0 0 0 1 1 1
2 P_8 408 408 0.0399685 0.08928571428571429 0.169378 1 1 1
2 P_8 409 409 0.313045 0.4 0.455029 1 1 1
2 P_8 410 410 0.0372102 0.08333333333333333 0.15937 1 1 1
2 P_8 411 411 0.5 0.5 0.5 1 1 1
2 P_8 412 412 0 0 0 1 1 1
2 P_8 413 413 0.287683 0.3875 0.451398 1 1 1
2 P_8 414 414 0 0 0 1 1 1
2 P_8 415 415 0 0 0 1 1 1
2 P_8 416 416 0.2791765 0.36065573770491804 0.4225345 1 1 1
2 P_8 417 417 0.0551775 0.11016949152542373 0.1906925 1 1 1
2 P_8 418 418 0 0 0 1 1 1
2 P_8 419 419 0 0 0 1 1 1
2 P_8 420 420 0.279612 0.3723404255319149 0.4374675 1 1 1
2 P_8 421 421 0 0 0 1 1 1
2 P_8 422 422 0.0369709 0.08653846153846154 0.169629 1 1 1
2 P_8 423 423 0 0 0 1 1 1
2 P_8 424 424 0 0 0 1 1 1
2 P_8 425 425 0.035553800000000003 0.08333333333333333 0.1641105 1 1 1
2 P_8 426 426 0.3214405 0.4 0.451611 1 1 1
2 P_8 427 427 0.5 0.5 0.5 1 1 1
2 P_8 428 428 0 0 0 1 1 1
2 P_8 429 429 0.330568 0.425 0.4738545 1 1 1
2 P_8 430 430 0 0 0 1 1 1
3 P_1 0 0 0 0 0 1 1 1
3 P_1 1 1 0.122388 0.20930232558139536 0.3061945 1 1 1
3 P_1 2 2 0.1283545 0.20535714285714285 0.290934 1 1 1
3 P_1 3 3 0 0 0 1 1 1
3 P_1 4 4 0.0964445 0.15942028985507245 0.236688 1 1 1
3 P_1 5 5 0 0 0 1 1 1
3 P_1 6 6 0 0 0 1 1 1
3 P_1 7 7 0 0 0 1 1 1
3 P_1 8 8 0.1420405 0.24285714285714285 0.3457845 1 1 1
3 P_1 9 9 0.1415515 0.2222222222222222 0.3084125 1 1 1
3 P_1 10 10 0.5 0.5 0.5 1 1 1
3 P_1 11 11 0 0 0 1 1 1
3 P_1 12 12 0 0 0 1 1 1
3 P_1 13 13 0.0520065 0.10714285714285714 0.189661 1 1 1
3 P_1 14 14 0 0 0 1 1 1
3 P_1 15 15 0 0 0 1 1 1
3 P_1 16 16 0 0 0 1 1 1
3 P_1 17 17 0.138708 0.21818181818181817 0.3038705 1 1 1
3 P_1 18 18 0.1887035 0.2840909090909091 0.3712935 1 1 1
3 P_1 19 19 0 0 0 1 1 1
3 P_1 20 20 0 0 0 1 1 1
3 P_1 21 21 0 0 0 1 1 1
3 P_1 22 22 0.5 0.5 0.5 1 1 1
3 P_1 23 23 0.1415515 0.2222222222222222 0.3084125 1 1 1
3 P_1 24 24 0 0 0 1 1 1
3 P_1 25 25 0.1101215 0.19318181818181818 0.2898805 1 1 1
3 P_1 26 26 0.189301 0.2826086956521739 0.3684005 1 1 1
3 P_1 27 27 0.1359785 0.21428571428571427 0.2994525 1 1 1
3 P_1 28 28 0.018872 0.05454545454545454 0.1281395 1 1 1
3 P_1 29 29 0 0 0 1 1 1
3 P_1 30 30 0 0 0 1 1 1
3 P_1 31 31 0.1094475 0.18627450980392157 0.276451 1 1 1
3 P_1 32 32 0 0 0 1 1 1
3 P_1 33 33 0.1694375 0.2608695652173913 0.3497965 1 1 1
3 P_1 34 34 0 0 0 1 1 1
3 P_1 35 35 0.1882955 0.2719298245614035 0.351421 1 1 1
3 P_1 36 36 0 0 0 1 1 1
3 P_1 37 37 0 0 0 1 1 1
3 P_1 38 38 0 0 0 1 1 1
3 P_1 39 39 0 0 0 1 1 1
3 P_1 40 40 0.0989065 0.16964285714285715 0.255807 1 1 1
3 P_1 41 41 0 0 0 1 1 1
3 P_1 42 42 0.097952 0.17346938775510204 0.2656205 1 1 1
3 P_1 43 43 0 0 0 1 1 1
3 P_1 44 44 0 0 0 1 1 1
3 P_1 45 45 0.0958365 0.17 0.2612285 1 1 1
3 P_1 46 46 0.1560585 0.2403846153846154 0.3266895 1 1 1
3 P_1 47 47 0.01529675 0.049019607843137254 0.1245075 1 1 1
3 P_1 48 48 0 0 0 1 1 1
3 P_1 49 49 0.1164095 0.2 0.295348 1 1 1
3 P_1 50 50 0.120833 0.19642857142857142 0.2823125 1 1 1
3 P_1 51 51 0.10497 0.1792452830188679 0.267821 1 1 1
3 P_1 52 52 0.0884325 0.15517241379310345 0.2395275 1 1 1
3 P_1 53 53 0.01998355 0.057692307692307696 0.1347175 1 1 1
3 P_1 54 54 0.1033905 0.1721311475409836 0.2546725 1 1 1
3 P_1 55 55 0.5 0.5 0.5 1 1 1
3 P_1 56 56 0.0304147 0.07547169811320754 0.1556635 1 1 1
3 P_1 57 57 0 0 0 1 1 1
3 P_1 58 58 0.099449 0.17307692307692307 0.2625285 1 1 1
3 P_1 59 59 0 0 0 1 1 1
3 P_1 60 60 0 0 0 1 1 1
3 P_1 61 61 0 0 0 1 1 1
3 P_1 62 62 0 0 0 1 1 1
3 P_1 63 63 0 0 0 1 1 1
3 P_1 64 64 0.0970585 0.17857142857142858 0.277971 1 1 1
3 P_1 65 65 0.1560585 0.2403846153846154 0.3266895 1 1 1
3 P_1 66 66 0.097952 0.17346938775510204 0.2656205 1 1 1
3 P_1 67 67 0 0 0 1 1 1
3 P_1 68 68 0.122736 0.20408163265306123 0.295411 1 1 1
3 P_1 69 69 0 0 0 1 1 1
3 P_1 70 70 0.0881075 0.17105263157894737 0.275644 1 1 1
3 P_1 71 71 0.15084 0.23529411764705882 0.32283 1 1 1
3 P_1 72 72 0 0 0 1 1 1
3 P_1 73 73 0.1287065 0.2159090909090909 0.3112965 1 1 1
3 P_1 74 74 0.165351 0.2553191489361702 0.344085 1 1 1
3 P_1 75 75 0 0 0 1 1 1
3 P_1 76 76 0 0 0 1 1 1
3 P_1 77 77 0.1164095 0.2 0.295348 1 1 1
3 P_1 78 78 0 0 0 1 1 1
3 P_1 79 79 0 0 0 1 1 1
3 P_1 80 80 0.2090175 0.2916666666666667 0.366813 1 1 1
3 P_1 81 81 0.2101195 0.3068181818181818 0.3898785 1 1 1
3 P_1 82 82 0 0 0 1 1 1
3 P_1 83 83 0 0 0 1 1 1
3 P_1 84 84 0.155915 0.24468085106382978 0.334649 1 1 1
3 P_1 85 85 0.1515285 0.23214285714285715 0.3161875 1 1 1
3 P_1 86 86 0 0 0 1 1 1
3 P_1 87 87 0.142309 0.22549019607843138 0.313807 1 1 1
3 P_1 88 88 0 0 0 1 1 1
3 P_1 89 89 0.2000725 0.28846153846153844 0.368936 1 1 1
3 P_1 90 90 0.0625325 0.1276595744680851 0.220388 1 1 1
3 P_1 91 91 0.1174695 0.19607843137254902 0.2859845 1 1 1
3 P_1 92 92 0.1682705 0.2549019607843137 0.3405065 1 1 1
3 P_1 93 93 0.0342415 0.08035714285714286 0.1589365 1 1 1
3 P_1 94 94 0 0 0 1 1 1
3 P_1 95 95 0 0 0 1 1 1
3 P_1 96 96 0.1408225 0.22826086956521738 0.32071 1 1 1
3 P_1 97 97 0.0136408 0.05 0.138225 1 1 1
3 P_1 98 98 0.0879635 0.16666666666666666 0.266233 1 1 1
3 P_1 99 99 0 0 0 1 1 1
3 P_1 100 100 0.186193 0.27450980392156865 0.357691 1 1 1
3 P_1 101 101 0.146602 0.22727272727272727 0.312383 1 1 1
3 P_1 102 102 0 0 0 1 1 1
3 P_1 103 103 0 0 0 1 1 1
3 P_1 104 104 0.128504 0.2127659574468085 0.3054415 1 1 1
3 P_1 105 105 0.204652 0.3 0.3835905 1 1 1
3 P_1 106 106 0.2090175 0.2916666666666667 0.366813 1 1 1
3 P_1 107 107 0 0 0 1 1 1
3 P_1 108 108 0 0 0 1 1 1
3 P_1 109 109 0.5 0.5 0.5 1 1 1
3 P_1 110 110 0 0 0 1 1 1
3 P_1 111 111 0.0111089 0.04081632653061224 0.1155255 1 1 1
3 P_1 112 112 0.088058 0.16 0.251137 1 1 1
3 P_1 113 113 0 0 0 1 1 1
3 P_1 114 114 0.16685 0.25510204081632654 0.342245 1 1 1
3 P_1 115 115 0 0 0 1 1 1
3 P_1 116 116 0 0 0 1 1 1
3 P_1 117 117 0.0752515 0.14772727272727273 0.2447315 1 1 1
3 P_1 118 118 0.1846715 0.2765957446808511 0.36251 1 1 1
3 P_1 119 119 0.0810925 0.14814814814814814 0.2354245 1 1 1
3 P_1 120 120 0 0 0 1 1 1
3 P_1 121 121 0.1200405 0.1893939393939394 0.268723 1 1 1
3 P_1 122 122 0 0 0 1 1 1
3 P_1 123 123 0.16685 0.25510204081632654 0.342245 1 1 1
3 P_1 124 124 0.1476085 0.23076923076923078 0.3178875 1 1 1
3 P_1 125 125 0.172475 0.26744186046511625 0.358132 1 1 1
3 P_1 126 126 0.069996 0.1346153846153846 0.2229515 1 1 1
3 P_1 127 127 0.003740645 0.022222222222222223 0.0931635 1 1 1
3 P_1 128 128 0.01210765 0.044444444444444446 0.124627 1 1 1
3 P_1 129 129 0 0 0 1 1 1
3 P_1 130 130 0.04405165 0.09803921568627451 0.18378 1 1 1
3 P_1 131 131 0 0 0 1 1 1
3 P_1 132 132 0.128345 0.20754716981132076 0.295332 1 1 1
3 P_1 133 133 0.1153955 0.20512820512820512 0.3068845 1 1 1
3 P_1 134 134 0.1185225 0.19298245614035087 0.2782125 1 1 1
3 P_1 135 135 0 0 0 1 1 1
3 P_1 136 136 0 0 0 1 1 1
3 P_1 137 137 0 0 0 1 1 1
3 P_1 138 138 0.086206 0.1568627450980392 0.247021 1 1 1
3 P_1 139 139 0.1682705 0.2549019607843137 0.3405065 1 1 1
3 P_1 140 140 0.1339025 0.21568627450980393 0.30466 1 1 1
3 P_1 141 141 0.02585205 0.06862745098039216 0.14921 1 1 1
3 P_1 142 142 0.0248514 0.0660377358490566 0.144221 1 1 1
3 P_1 143 143 0 0 0 1 1 1
3 P_1 144 144 0.1949475 0.2857142857142857 0.3687155 1 1 1
3 P_1 145 145 0 0 0 1 1 1
3 P_1 146 146 0 0 0 1 1 1
3 P_1 147 147 0 0 0 1 1 1
3 P_1 148 148 0.006746 0.03 0.0995215 1 1 1
3 P_1 149 149 0.119671 0.20212765957446807 0.295401 1 1 1
3 P_1 150 150 0.166086 0.25 0.333914 1 1 1
3 P_1 151 151 0 0 0 1 1 1
3 P_1 152 152 0.1229725 0.20192307692307693 0.2907665 1 1 1
3 P_1 153 153 0.156334 0.23684210526315788 0.3198365 1 1 1
3 P_1 154 154 0 0 0 1 1 1
3 P_1 155 155 0.02265245 0.06521739130434782 0.1501115 1 1 1
3 P_1 156 156 0.1682705 0.2549019607843137 0.3405065 1 1 1
3 P_1 157 157 0 0 0 1 1 1
3 P_1 158 158 0 0 0 1 1 1
3 P_1 159 159 0.01238605 0.045454545454545456 0.12713 1 1 1
3 P_1 160 160 0 0 0 1 1 1
3 P_1 161 161 0.1733105 0.25961538461538464 0.3439415 1 1 1
3 P_1 162 162 0 0 0 1 1 1
3 P_1 163 163 0 0 0 1 1 1
3 P_1 164 164 0 0 0 1 1 1
3 P_1 165 165 0 0 0 1 1 1
3 P_1 166 166 0 0 0 1 1 1
3 P_1 167 167 0 0 0 1 1 1
3 P_1 168 168 0.1696195 0.25471698113207547 0.3388605 1 1 1
3 P_1 169 169 0.0526665 0.11627906976744186 0.2126065 1 1 1
3 P_1 170 170 0.1445155 0.22641509433962265 0.3130835 1 1 1
3 P_1 171 171 0.0635575 0.1388888888888889 0.2461765 1 1 1
3 P_1 172 172 0.149622 0.23148148148148148 0.317021 1 1 1
3 P_1 173 173 0.179595 0.2578125 0.334706 1 1 1
3 P_1 174 174 0 0 0 1 1 1
3 P_1 175 175 0.02874635 0.07608695652173914 0.163319 1 1 1
3 P_1 176 176 0.1934495 0.2926829268292683 0.380987 1 1 1
3 P_1 177 177 0.0790955 0.15476190476190477 0.2542655 1 1 1
3 P_1 178 178 0.1650205 0.2727272727272727 0.373357 1 1 1
3 P_1 179 179 0 0 0 1 1 1
3 P_1 180 180 0 0 0 1 1 1
3 P_1 181 181 0 0 0 1 1 1
3 P_1 182 182 0.10634 0.1746031746031746 0.2558305 1 1 1
3 P_1 183 183 0 0 0 1 1 1
3 P_1 184 184 0.0946105 0.1744186046511628 0.2727495 1 1 1
3 P_1 185 185 0.01863855 0.05952380952380952 0.1477685 1 1 1
3 P_1 186 186 0 0 0 1 1 1
3 P_1 187 187 0 0 0 1 1 1
3 P_1 188 188 0.1976835 0.2777777777777778 0.353094 1 1 1
3 P_1 189 189 0.1487955 0.23469387755102042 0.3239205 1 1 1
3 P_1 190 190 0.1801635 0.2631578947368421 0.343666 1 1 1
3 P_1 191 191 0 0 0 1 1 1
3 P_1 192 192 0.163767 0.25555555555555554 0.3460375 1 1 1
3 P_1 193 193 0.0941285 0.1702127659574468 0.264317 1 1 1
3 P_1 194 194 0.0056181 0.025 0.0842815 1 1 1
3 P_1 195 195 0.217354 0.3017241379310345 0.376481 1 1 1
3 P_1 196 196 0 0 0 1 1 1
3 P_1 197 197 0.156334 0.23684210526315788 0.3198365 1 1 1
3 P_1 198 198 0.10156 0.17647058823529413 0.2667825 1 1 1
3 P_1 199 199 0.082192 0.15306122448979592 0.2449915 1 1 1
3 P_1 200 200 0 0 0 1 1 1
3 P_1 201 201 0.112641 0.18867924528301888 0.277113 1 1 1
3 P_1 202 202 0.02821975 0.07017543859649122 0.1459505 1 1 1
3 P_1 203 203 0 0 0 1 1 1
3 P_1 204 204 0 0 0 1 1 1
3 P_1 205 205 0 0 0 1 1 1
3 P_1 206 206 0 0 0 1 1 1
3 P_1 207 207 0 0 0 1 1 1
3 P_1 208 208 0 0 0 1 1 1
3 P_1 209 209 0 0 0 1 1 1
3 P_1 210 210 0.1109955 0.1796875 0.2602925 1 1 1
3 P_1 211 211 0.1994725 0.29347826086956524 0.3774635 1 1 1
3 P_1 212 212 0 0 0 1 1 1
3 P_1 213 213 0.1257975 0.21794871794871795 0.318689 1 1 1
3 P_1 214 214 0 0 0 1 1 1
3 P_1 215 215 0.1487955 0.23469387755102042 0.3239205 1 1 1
3 P_1 216 216 0.01026245 0.03773584905660377 0.107657 1 1 1
3 P_1 217 217 0 0 0 1 1 1
3 P_1 218 218 0 0 0 1 1 1
3 P_1 219 219 0 0 0 1 1 1
3 P_1 220 220 0 0 0 1 1 1
3 P_1 221 221 0.1882955 0.2719298245614035 0.351421 1 1 1
3 P_1 222 222 0.0970585 0.17857142857142858 0.277971 1 1 1
3 P_1 223 223 0.125738 0.2037037037037037 0.2908675 1 1 1
3 P_1 224 224 0.1256175 0.21428571428571427 0.311901 1 1 1
3 P_1 225 225 0 0 0 1 1 1
3 P_1 226 226 0 0 0 1 1 1
3 P_1 227 227 0 0 0 1 1 1
3 P_1 228 228 0 0 0 1 1 1
3 P_1 229 229 0.0113428 0.041666666666666664 0.1176745 1 1 1
3 P_1 230 230 0.1255445 0.2111111111111111 0.3058235 1 1 1
3 P_1 231 231 0 0 0 1 1 1
3 P_1 232 232 0 0 0 1 1 1
3 P_1 233 233 0 0 0 1 1 1
3 P_1 234 234 0.17717 0.2647058823529412 0.34916 1 1 1
3 P_1 235 235 0 0 0 1 1 1
3 P_1 236 236 0.122388 0.20930232558139536 0.3061945 1 1 1
3 P_1 237 237 0 0 0 1 1 1
3 P_1 238 238 0 0 0 1 1 1
3 P_1 239 239 0 0 0 1 1 1
3 P_1 240 240 0.1869165 0.27358490566037735 0.3554845 1 1 1
3 P_1 241 241 0.163087 0.25 0.336913 1 1 1
3 P_1 242 242 0 0 0 1 1 1
3 P_1 243 243 0.1838725 0.2777777777777778 0.36515 1 1 1
3 P_1 244 244 0 0 0 1 1 1
3 P_1 245 245 0.0442491 0.09482758620689655 0.1741735 1 1 1
3 P_1 246 246 0 0 0 1 1 1
3 P_1 247 247 0.1515285 0.23214285714285715 0.3161875 1 1 1
3 P_1 248 248 0 0 0 1 1 1
3 P_1 249 249 0.0104617 0.038461538461538464 0.1095225 1 1 1
3 P_1 250 250 0.1071615 0.18269230769230768 0.2720705 1 1 1
3 P_1 251 251 0.230989 0.32608695652173914 0.403656 1 1 1
3 P_1 252 252 0 0 0 1 1 1
3 P_1 253 253 0 0 0 1 1 1
3 P_1 254 254 0.13485 0.2222222222222222 0.3161275 1 1 1
3 P_1 255 255 0.082192 0.15306122448979592 0.2449915 1 1 1
3 P_1 256 256 0.5 0.5 0.5 1 1 1
3 P_1 257 257 0.220928 0.30327868852459017 0.3761845 1 1 1
3 P_1 258 258 0 0 0 1 1 1
3 P_1 259 259 0 0 0 1 1 1
3 P_1 260 260 0 0 0 1 1 1
3 P_1 261 261 0 0 0 1 1 1
3 P_1 262 262 0 0 0 1 1 1
3 P_1 263 263 0.119671 0.20212765957446807 0.295401 1 1 1
3 P_1 264 264 0 0 0 1 1 1
3 P_1 265 265 0 0 0 1 1 1
3 P_1 266 266 0.02181715 0.06944444444444445 0.1687265 1 1 1
3 P_1 267 267 0 0 0 1 1 1
3 P_1 268 268 0.1555555 0.23076923076923078 0.309195 1 1 1
3 P_1 269 269 0 0 0 1 1 1
3 P_1 270 270 0 0 0 1 1 1
3 P_1 271 271 0.0165809 0.06060606060606061 0.1630795 1 1 1
3 P_1 272 272 0 0 0 1 1 1
3 P_1 273 273 0 0 0 1 1 1
3 P_1 274 274 0.15598 0.25 0.34402 1 1 1
3 P_1 275 275 0.149673 0.24390243902439024 0.3396935 1 1 1
3 P_1 276 276 0.133356 0.21052631578947367 0.295154 1 1 1
3 P_1 277 277 0 0 0 1 1 1
3 P_1 278 278 0.02265245 0.06521739130434782 0.1501115 1 1 1
3 P_1 279 279 0.093811 0.16666666666666666 0.2569745 1 1 1
3 P_1 280 280 0.1156615 0.19090909090909092 0.277697 1 1 1
3 P_1 281 281 0.218073 0.3055555555555556 0.382001 1 1 1
3 P_1 282 282 0.129493 0.2236842105263158 0.3250955 1 1 1
3 P_1 283 283 0 0 0 1 1 1
3 P_1 284 284 0.2166135 0.3170731707317073 0.400363 1 1 1
3 P_1 285 285 0.086206 0.1568627450980392 0.247021 1 1 1
3 P_1 286 286 0.0175691 0.05084745762711865 0.1203025 1 1 1
3 P_1 287 287 0.1024785 0.18085106382978725 0.2748435 1 1 1
3 P_1 288 288 0.2049625 0.288135593220339 0.364333 1 1 1
3 P_1 289 289 0.1620885 0.2558139534883721 0.348114 1 1 1
3 P_1 290 290 0 0 0 1 1 1
3 P_1 291 291 0 0 0 1 1 1
3 P_1 292 292 0 0 0 1 1 1
3 P_1 293 293 0 0 0 1 1 1
3 P_1 294 294 0 0 0 1 1 1
3 P_1 295 295 0 0 0 1 1 1
3 P_1 296 296 0 0 0 1 1 1
3 P_1 297 297 0.189301 0.2826086956521739 0.3684005 1 1 1
3 P_1 298 298 0 0 0 1 1 1
3 P_1 299 299 0.139277 0.22115384615384615 0.3089675 1 1 1
3 P_1 300 300 0.5 0.5 0.5 1 1 1
3 P_1 301 301 0 0 0 1 1 1
3 P_1 302 302 0.2049625 0.288135593220339 0.364333 1 1 1
3 P_1 303 303 0.1665915 0.24242424242424243 0.3195045 1 1 1
3 P_1 304 304 0.1021585 0.1724137931034483 0.257085 1 1 1
3 P_1 305 305 0.0073351 0.03260869565217391 0.107274 1 1 1
3 P_1 306 306 0 0 0 1 1 1
3 P_1 307 307 0.122388 0.20930232558139536 0.3061945 1 1 1
3 P_1 308 308 0.1225365 0.20652173913043478 0.3005275 1 1 1
3 P_1 309 309 0.0392412 0.08771929824561403 0.166761 1 1 1
3 P_1 310 310 0 0 0 1 1 1
3 P_1 311 311 0 0 0 1 1 1
3 P_1 312 312 0 0 0 1 1 1
3 P_1 313 313 0.1255445 0.2111111111111111 0.3058235 1 1 1
3 P_1 314 314 0.1103745 0.18518518518518517 0.2728715 1 1 1
3 P_1 315 315 0 0 0 1 1 1
3 P_1 316 316 0 0 0 1 1 1
3 P_1 317 317 0 0 0 1 1 1
3 P_1 318 318 0 0 0 1 1 1
3 P_1 319 319 0.0635575 0.1388888888888889 0.2461765 1 1 1
3 P_1 320 320 0.0118415 0.043478260869565216 0.1222205 1 1 1
3 P_1 321 321 0.217066 0.3 0.373931 1 1 1
3 P_1 322 322 0 0 0 1 1 1
3 P_1 323 323 0 0 0 1 1 1
3 P_1 324 324 0 0 0 1 1 1
3 P_1 325 325 0.0159206 0.046153846153846156 0.1101855 1 1 1
3 P_1 326 326 0 0 0 1 1 1
3 P_1 327 327 0 0 0 1 1 1
3 P_1 328 328 0 0 0 1 1 1
3 P_1 329 329 0 0 0 1 1 1
3 P_1 330 330 0 0 0 1 1 1
3 P_1 331 331 0 0 0 1 1 1
3 P_1 332 332 0.1283545 0.20535714285714285 0.290934 1 1 1
3 P_1 333 333 0 0 0 1 1 1
3 P_1 334 334 0 0 0 1 1 1
3 P_1 335 335 0.1382425 0.21551724137931033 0.2992015 1 1 1
3 P_1 336 336 0 0 0 1 1 1
3 P_1 337 337 0 0 0 1 1 1
3 P_1 338 338 0 0 0 1 1 1
3 P_1 339 339 0 0 0 1 1 1
3 P_1 340 340 0 0 0 1 1 1
3 P_1 341 341 0.0415072 0.09259259259259259 0.1748625 1 1 1
3 P_1 342 342 0 0 0 1 1 1
3 P_1 343 343 0.1255445 0.2111111111111111 0.3058235 1 1 1
3 P_1 344 344 0 0 0 1 1 1
3 P_1 345 345 0 0 0 1 1 1
3 P_1 346 346 0 0 0 1 1 1
3 P_1 347 347 0 0 0 1 1 1
3 P_1 348 348 0.071295 0.13392857142857142 0.218831 1 1 1
3 P_1 349 349 0 0 0 1 1 1
3 P_1 350 350 0.006746 0.03 0.0995215 1 1 1
3 P_1 351 351 0.1732935 0.2542372881355932 0.334406 1 1 1
3 P_1 352 352 0 0 0 1 1 1
3 P_1 353 353 0.0216869 0.0625 0.144607 1 1 1
3 P_1 354 354 0 0 0 1 1 1
3 P_1 355 355 0.0771255 0.1511627906976744 0.2494105 1 1 1
3 P_1 356 356 0.13106400000000001 0.21153846153846154 0.2999275 1 1 1
3 P_1 357 357 0 0 0 1 1 1
3 P_1 358 358 0 0 0 1 1 1
3 P_1 359 359 0.0974245 0.16981132075471697 0.2584035 1 1 1
3 P_1 360 360 0 0 0 1 1 1
3 P_1 361 361 0 0 0 1 1 1
3 P_1 362 362 0 0 0 1 1 1
3 P_1 363 363 0.0362485 0.08490566037735849 0.166825 1 1 1
3 P_1 364 364 0 0 0 1 1 1
3 P_1 365 365 0 0 0 1 1 1
3 P_1 366 366 0.5 0.5 0.5 1 1 1
3 P_1 367 367 0 0 0 1 1 1
3 P_1 368 368 0 0 0 1 1 1
3 P_1 369 369 0.5 0.5 0.5 1 1 1
3 P_1 370 370 0 0 0 1 1 1
3 P_1 371 371 0 0 0 1 1 1
3 P_1 372 372 0 0 0 1 1 1
3 P_1 373 373 0.1084735 0.1875 0.2803745 1 1 1
3 P_1 374 374 0 0 0 1 1 1
3 P_1 375 375 0 0 0 1 1 1
3 P_1 376 376 0.201056 0.2833333333333333 0.3596085 1 1 1
3 P_1 377 377 0 0 0 1 1 1
3 P_1 378 378 0.151886 0.2441860465116279 0.3379115 1 1 1
3 P_1 379 379 0 0 0 1 1 1
3 P_1 380 380 0 0 0 1 1 1
3 P_1 381 381 0.170795 0.2604166666666667 0.3477295 1 1 1
3 P_1 382 382 0 0 0 1 1 1
3 P_1 383 383 0 0 0 1 1 1
3 P_1 384 384 0.1037635 0.18 0.2711705 1 1 1
3 P_1 385 385 0.106066 0.1836734693877551 0.275699 1 1 1
3 P_1 386 386 0.145664 0.23809523809523808 0.3335095 1 1 1
3 P_1 387 387 0.087962 0.16304347826086957 0.258154 1 1 1
3 P_1 388 388 0 0 0 1 1 1
3 P_1 389 389 0.1103745 0.18518518518518517 0.2728715 1 1 1
3 P_1 390 390 0 0 0 1 1 1
3 P_1 391 391 0.1359785 0.21428571428571427 0.2994525 1 1 1
3 P_1 392 392 0.2641335 0.358695652173913 0.4282345 1 1 1
3 P_1 393 393 0 0 0 1 1 1
3 P_1 394 394 0 0 0 1 1 1
3 P_1 395 395 0.1487955 0.23469387755102042 0.3239205 1 1 1
3 P_1 396 396 0 0 0 1 1 1
3 P_1 397 397 0 0 0 1 1 1
3 P_1 398 398 0 0 0 1 1 1
3 P_1 399 399 0.5 0.5 0.5 1 1 1
3 P_1 400 400 0 0 0 1 1 1
3 P_1 401 401 0.0277197 0.06896551724137931 0.143707 1 1 1
3 P_1 402 402 0 0 0 1 1 1
3 P_1 403 403 0.1399715 0.22448979591836735 0.314555 1 1 1
3 P_1 404 404 0.123236 0.2 0.2865295 1 1 1
3 P_1 405 405 0 0 0 1 1 1
3 P_1 406 406 0 0 0 1 1 1
3 P_1 407 407 0 0 0 1 1 1
3 P_1 408 408 0.164183 0.24561403508771928 0.327874 1 1 1
3 P_1 409 409 0.1749365 0.26595744680851063 0.3533725 1 1 1
3 P_1 410 410 0.1620885 0.2558139534883721 0.348114 1 1 1
3 P_1 411 411 0.5 0.5 0.5 1 1 1
3 P_1 412 412 0 0 0 1 1 1
3 P_1 413 413 0.1229725 0.20192307692307693 0.2907665 1 1 1
3 P_1 414 414 0.04592915 0.10204081632653061 0.19024 1 1 1
3 P_1 415 415 0 0 0 1 1 1
3 P_1 416 416 0 0 0 1 1 1
3 P_1 417 417 0.164626 0.25 0.335374 1 1 1
3 P_1 418 418 0 0 0 1 1 1
3 P_1 419 419 0.116858 0.18309859154929578 0.259617 1 1 1
3 P_1 420 420 0.1445155 0.22641509433962265 0.3130835 1 1 1
3 P_1 421 421 0 0 0 1 1 1
3 P_1 422 422 0.187489 0.2875 0.37769 1 1 1
3 P_1 423 423 0 0 0 1 1 1
3 P_1 424 424 0.0030079 0.017857142857142856 0.0763335 1 1 1
3 P_1 425 425 0.1257975 0.21794871794871795 0.318689 1 1 1
3 P_1 426 426 0 0 0 1 1 1
3 P_1 427 427 0.5 0.5 0.5 1 1 1
3 P_1 428 428 0 0 0 1 1 1
3 P_1 429 429 0.1792085 0.2636363636363636 0.3454005 1 1 1
3 P_1 430 430 0.01210765 0.044444444444444446 0.124627 1 1 1
4 P_7 0 0 0 0 0 1 1 1
4 P_7 1 1 0 0 0 1 1 1
4 P_7 2 2 0.2572635 0.35106382978723405 0.4220485 1 1 1
4 P_7 3 3 0 0 0 1 1 1
4 P_7 4 4 0 0 0 1 1 1
4 P_7 5 5 0 0 0 1 1 1
4 P_7 6 6 0 0 0 1 1 1
4 P_7 7 7 0 0 0 1 1 1
4 P_7 8 8 0.392726 0.4673913043478261 0.492665 1 1 1
4 P_7 9 9 0.5 0.5 0.5 1 1 1
4 P_7 10 10 0.5 0.5 0.5 1 1 1
4 P_7 11 11 0 0 0 1 1 1
4 P_7 12 12 0 0 0 1 1 1
4 P_7 13 13 0 0 0 1 1 1
4 P_7 14 14 0.0369709 0.08653846153846154 0.169629 1 1 1
4 P_7 15 15 0 0 0 1 1 1
4 P_7 16 16 0 0 0 1 1 1
4 P_7 17 17 0.33971 0.425531914893617 0.4718835 1 1 1
4 P_7 18 18 0 0 0 1 1 1
4 P_7 19 19 0 0 0 1 1 1
4 P_7 20 20 0 0 0 1 1 1
4 P_7 21 21 0 0 0 1 1 1
4 P_7 22 22 0.5 0.5 0.5 1 1 1
4 P_7 23 23 0.5 0.5 0.5 1 1 1
4 P_7 24 24 0 0 0 1 1 1
4 P_7 25 25 0.310339 0.39285714285714285 0.4479935 1 1 1
4 P_7 26 26 0.5 0.5 0.5 1 1 1
4 P_7 27 27 0.5 0.5 0.5 1 1 1
4 P_7 28 28 0.0526665 0.11627906976744186 0.2126065 1 1 1
4 P_7 29 29 0 0 0 1 1 1
4 P_7 30 30 0 0 0 1 1 1
4 P_7 31 31 0.2873935 0.38372093023255816 0.4473335 1 1 1
4 P_7 32 32 0 0 0 1 1 1
4 P_7 33 33 0.5 0.5 0.5 1 1 1
4 P_7 34 34 0 0 0 1 1 1
4 P_7 35 35 0 0 0 1 1 1
4 P_7 36 36 0 0 0 1 1 1
4 P_7 37 37 0 0 0 1 1 1
4 P_7 38 38 0.2463825 0.3404255319148936 0.41405 1 1 1
4 P_7 39 39 0 0 0 1 1 1
4 P_7 40 40 0.3018555 0.39 0.4483315 1 1 1
4 P_7 41 41 0 0 0 1 1 1
4 P_7 42 42 0 0 0 1 1 1
4 P_7 43 43 0.333253 0.41836734693877553 0.4670195 1 1 1
4 P_7 44 44 0.3385175 0.41818181818181815 0.4651145 1 1 1
4 P_7 45 45 0 0 0 1 1 1
4 P_7 46 46 0 0 0 1 1 1
4 P_7 47 47 0.03994935 0.0859375 0.159649 1 1 1
4 P_7 48 48 0.306359 0.3958333333333333 0.4530705 1 1 1
4 P_7 49 49 0 0 0 1 1 1
4 P_7 50 50 0 0 0 1 1 1
4 P_7 51 51 0 0 0 1 1 1
4 P_7 52 52 0 0 0 1 1 1
4 P_7 53 53 0.08595 0.1595744680851064 0.2536175 1 1 1
4 P_7 54 54 0 0 0 1 1 1
4 P_7 55 55 0.5 0.5 0.5 1 1 1
4 P_7 56 56 0 0 0 1 1 1
4 P_7 57 57 0.03298055 0.08163265306122448 0.166747 1 1 1
4 P_7 58 58 0.330371 0.41346153846153844 0.463029 1 1 1
4 P_7 59 59 0 0 0 1 1 1
4 P_7 60 60 0 0 0 1 1 1
4 P_7 61 61 0 0 0 1 1 1
4 P_7 62 62 0 0 0 1 1 1
4 P_7 63 63 0 0 0 1 1 1
4 P_7 64 64 0 0 0 1 1 1
4 P_7 65 65 0 0 0 1 1 1
4 P_7 66 66 0.3258265 0.4051724137931034 0.455751 1 1 1
4 P_7 67 67 0.348165 0.43 0.4736165 1 1 1
4 P_7 68 68 0 0 0 1 1 1
4 P_7 69 69 0 0 0 1 1 1
4 P_7 70 70 0.348165 0.43 0.4736165 1 1 1
4 P_7 71 71 0.5 0.5 0.5 1 1 1
4 P_7 72 72 0 0 0 1 1 1
4 P_7 73 73 0 0 0 1 1 1
4 P_7 74 74 0 0 0 1 1 1
4 P_7 75 75 0 0 0 1 1 1
4 P_7 76 76 0 0 0 1 1 1
4 P_7 77 77 0 0 0 1 1 1
4 P_7 78 78 0 0 0 1 1 1
4 P_7 79 79 0 0 0 1 1 1
4 P_7 80 80 0.5 0.5 0.5 1 1 1
4 P_7 81 81 0.5 0.5 0.5 1 1 1
4 P_7 82 82 0 0 0 1 1 1
4 P_7 83 83 0 0 0 1 1 1
4 P_7 84 84 0.5 0.5 0.5 1 1 1
4 P_7 85 85 0.5 0.5 0.5 1 1 1
4 P_7 86 86 0 0 0 1 1 1
4 P_7 87 87 0 0 0 1 1 1
4 P_7 88 88 0.0551375 0.11702127659574468 0.208894 1 1 1
4 P_7 89 89 0.5 0.5 0.5 1 1 1
4 P_7 90 90 0 0 0 1 1 1
4 P_7 91 91 0.3668275 0.4583333333333333 0.490616 1 1 1
4 P_7 92 92 0 0 0 1 1 1
4 P_7 93 93 0 0 0 1 1 1
4 P_7 94 94 0 0 0 1 1 1
4 P_7 95 95 0 0 0 1 1 1
4 P_7 96 96 0 0 0 1 1 1
4 P_7 97 97 0.073467 0.14444444444444443 0.24022 1 1 1
4 P_7 98 98 0.308437 0.3942307692307692 0.450411 1 1 1
4 P_7 99 99 0 0 0 1 1 1
4 P_7 100 100 0.5 0.5 0.5 1 1 1
4 P_7 101 101 0 0 0 1 1 1
4 P_7 102 102 0.035553800000000003 0.08333333333333333 0.1641105 1 1 1
4 P_7 103 103 0 0 0 1 1 1
4 P_7 104 104 0 0 0 1 1 1
4 P_7 105 105 0.5 0.5 0.5 1 1 1
4 P_7 106 106 0 0 0 1 1 1
4 P_7 107 107 0 0 0 1 1 1
4 P_7 108 108 0 0 0 1 1 1
4 P_7 109 109 0.5 0.5 0.5 1 1 1
4 P_7 110 110 0 0 0 1 1 1
4 P_7 111 111 0.03101795 0.07692307692307693 0.158295 1 1 1
4 P_7 112 112 0.319665 0.4146341463414634 0.467628 1 1 1
4 P_7 113 113 0 0 0 1 1 1
4 P_7 114 114 0.361775 0.45 0.486359 1 1 1
4 P_7 115 115 0 0 0 1 1 1
4 P_7 116 116 0 0 0 1 1 1
4 P_7 117 117 0.324473 0.41 0.461494 1 1 1
4 P_7 118 118 0.5 0.5 0.5 1 1 1
4 P_7 119 119 0 0 0 1 1 1
4 P_7 120 120 0 0 0 1 1 1
4 P_7 121 121 0 0 0 1 1 1
4 P_7 122 122 0 0 0 1 1 1
4 P_7 123 123 0.5 0.5 0.5 1 1 1
4 P_7 124 124 0.5 0.5 0.5 1 1 1
4 P_7 125 125 0 0 0 1 1 1
4 P_7 126 126 0 0 0 1 1 1
4 P_7 127 127 0.088058 0.16 0.251137 1 1 1
4 P_7 128 128 0.0687215 0.13953488372093023 0.237398 1 1 1
4 P_7 129 129 0.3533265 0.4326923076923077 0.474658 1 1 1
4 P_7 130 130 0 0 0 1 1 1
4 P_7 131 131 0 0 0 1 1 1
4 P_7 132 132 0 0 0 1 1 1
4 P_7 133 133 0 0 0 1 1 1
4 P_7 134 134 0 0 0 1 1 1
4 P_7 135 135 0 0 0 1 1 1
4 P_7 136 136 0 0 0 1 1 1
4 P_7 137 137 0 0 0 1 1 1
4 P_7 138 138 0 0 0 1 1 1
4 P_7 139 139 0 0 0 1 1 1
4 P_7 140 140 0 0 0 1 1 1
4 P_7 141 141 0 0 0 1 1 1
4 P_7 142 142 0 0 0 1 1 1
4 P_7 143 143 0 0 0 1 1 1
4 P_7 144 144 0 0 0 1 1 1
4 P_7 145 145 0 0 0 1 1 1
4 P_7 146 146 0 0 0 1 1 1
4 P_7 147 147 0 0 0 1 1 1
4 P_7 148 148 0 0 0 1 1 1
4 P_7 149 149 0.2723955 0.3645833333333333 0.43141 1 1 1
4 P_7 150 150 0.5 0.5 0.5 1 1 1
4 P_7 151 151 0 0 0 1 1 1
4 P_7 152 152 0.5 0.5 0.5 1 1 1
4 P_7 153 153 0 0 0 1 1 1
4 P_7 154 154 0 0 0 1 1 1
4 P_7 155 155 0 0 0 1 1 1
4 P_7 156 156 0 0 0 1 1 1
4 P_7 157 157 0 0 0 1 1 1
4 P_7 158 158 0.3454465 0.42857142857142855 0.473063 1 1 1
4 P_7 159 159 0 0 0 1 1 1
4 P_7 160 160 0 0 0 1 1 1
4 P_7 161 161 0.5 0.5 0.5 1 1 1
4 P_7 162 162 0 0 0 1 1 1
4 P_7 163 163 0.02534185 0.0673076923076923 0.1466735 1 1 1
4 P_7 164 164 0 0 0 1 1 1
4 P_7 165 165 0 0 0 1 1 1
4 P_7 166 166 0 0 0 1 1 1
4 P_7 167 167 0 0 0 1 1 1
4 P_7 168 168 0.355393 0.4375 0.478313 1 1 1
4 P_7 169 169 0.340351 0.4140625 0.4600505 1 1 1
4 P_7 170 170 0 0 0 1 1 1
4 P_7 171 171 0.324473 0.41 0.461494 1 1 1
4 P_7 172 172 0.294814 0.3854166666666667 0.4460695 1 1 1
4 P_7 173 173 0.5 0.5 0.5 1 1 1
4 P_7 174 174 0.3335365 0.4222222222222222 0.470595 1 1 1
4 P_7 175 175 0 0 0 1 1 1
4 P_7 176 176 0.5 0.5 0.5 1 1 1
4 P_7 177 177 0.374663 0.4435483870967742 0.4788345 1 1 1
4 P_7 178 178 0 0 0 1 1 1
4 P_7 179 179 0.2872645 0.3804347826086957 0.4435995 1 1 1
4 P_7 180 180 0 0 0 1 1 1
4 P_7 181 181 0 0 0 1 1 1
4 P_7 182 182 0.3076695 0.40789473684210525 0.464977 1 1 1
4 P_7 183 183 0 0 0 1 1 1
4 P_7 184 184 0 0 0 1 1 1
4 P_7 185 185 0.02983745 0.0703125 0.1411155 1 1 1
4 P_7 186 186 0 0 0 1 1 1
4 P_7 187 187 0 0 0 1 1 1
4 P_7 188 188 0.5 0.5 0.5 1 1 1
4 P_7 189 189 0 0 0 1 1 1
4 P_7 190 190 0 0 0 1 1 1
4 P_7 191 191 0 0 0 1 1 1
4 P_7 192 192 0.5 0.5 0.5 1 1 1
4 P_7 193 193 0.30656 0.38028169014084506 0.434011 1 1 1
4 P_7 194 194 0.077137 0.14423076923076922 0.23307 1 1 1
4 P_7 195 195 0 0 0 1 1 1
4 P_7 196 196 0 0 0 1 1 1
4 P_7 197 197 0 0 0 1 1 1
4 P_7 198 198 0.322449 0.3984375 0.4493225 1 1 1
4 P_7 199 199 0.324865 0.4 0.4501355 1 1 1
4 P_7 200 200 0 0 0 1 1 1
4 P_7 201 201 0 0 0 1 1 1
4 P_7 202 202 0 0 0 1 1 1
4 P_7 203 203 0 0 0 1 1 1
4 P_7 204 204 0 0 0 1 1 1
4 P_7 205 205 0 0 0 1 1 1
4 P_7 206 206 0 0 0 1 1 1
4 P_7 207 207 0 0 0 1 1 1
4 P_7 208 208 0 0 0 1 1 1
4 P_7 209 209 0 0 0 1 1 1
4 P_7 210 210 0 0 0 1 1 1
4 P_7 211 211 0.5 0.5 0.5 1 1 1
4 P_7 212 212 0 0 0 1 1 1
4 P_7 213 213 0.353621 0.42424242424242425 0.4662795 1 1 1
4 P_7 214 214 0 0 0 1 1 1
4 P_7 215 215 0 0 0 1 1 1
4 P_7 216 216 0 0 0 1 1 1
4 P_7 217 217 0 0 0 1 1 1
4 P_7 218 218 0.306359 0.3958333333333333 0.4530705 1 1 1
4 P_7 219 219 0 0 0 1 1 1
4 P_7 220 220 0.357998 0.4387755102040816 0.4787655 1 1 1
4 P_7 221 221 0 0 0 1 1 1
4 P_7 222 222 0.340806 0.43023255813953487 0.475726 1 1 1
4 P_7 223 223 0 0 0 1 1 1
4 P_7 224 224 0.5 0.5 0.5 1 1 1
4 P_7 225 225 0 0 0 1 1 1
4 P_7 226 226 0 0 0 1 1 1
4 P_7 227 227 0 0 0 1 1 1
4 P_7 228 228 0 0 0 1 1 1
4 P_7 229 229 0.01529675 0.049019607843137254 0.1245075 1 1 1
4 P_7 230 230 0.5 0.5 0.5 1 1 1
4 P_7 231 231 0.04497075 0.1 0.186955 1 1 1
4 P_7 232 232 0 0 0 1 1 1
4 P_7 233 233 0 0 0 1 1 1
4 P_7 234 234 0 0 0 1 1 1
4 P_7 235 235 0 0 0 1 1 1
4 P_7 236 236 0 0 0 1 1 1
4 P_7 237 237 0.2641335 0.358695652173913 0.4282345 1 1 1
4 P_7 238 238 0 0 0 1 1 1
4 P_7 239 239 0 0 0 1 1 1
4 P_7 240 240 0 0 0 1 1 1
4 P_7 241 241 0.5 0.5 0.5 1 1 1
4 P_7 242 242 0.3605115 0.44 0.4791995 1 1 1
4 P_7 243 243 0 0 0 1 1 1
4 P_7 244 244 0 0 0 1 1 1
4 P_7 245 245 0 0 0 1 1 1
4 P_7 246 246 0 0 0 1 1 1
4 P_7 247 247 0 0 0 1 1 1
4 P_7 248 248 0 0 0 1 1 1
4 P_7 249 249 0.0526665 0.11627906976744186 0.2126065 1 1 1
4 P_7 250 250 0 0 0 1 1 1
4 P_7 251 251 0 0 0 1 1 1
4 P_7 252 252 0 0 0 1 1 1
4 P_7 253 253 0 0 0 1 1 1
4 P_7 254 254 0.5 0.5 0.5 1 1 1
4 P_7 255 255 0.3302345 0.4166666666666667 0.466309 1 1 1
4 P_7 256 256 0.5 0.5 0.5 1 1 1
4 P_7 257 257 0 0 0 1 1 1
4 P_7 258 258 0 0 0 1 1 1
4 P_7 259 259 0 0 0 1 1 1
4 P_7 260 260 0.3231485 0.40350877192982454 0.4549425 1 1 1
4 P_7 261 261 0 0 0 1 1 1
4 P_7 262 262 0.3271055 0.4148936170212766 0.4655665 1 1 1
4 P_7 263 263 0 0 0 1 1 1
4 P_7 264 264 0.340806 0.43023255813953487 0.475726 1 1 1
4 P_7 265 265 0 0 0 1 1 1
4 P_7 266 266 0.0336912 0.08333333333333333 0.1697655 1 1 1
4 P_7 267 267 0 0 0 1 1 1
4 P_7 268 268 0.5 0.5 0.5 1 1 1
4 P_7 269 269 0 0 0 1 1 1
4 P_7 270 270 0.3222615 0.4056603773584906 0.457678 1 1 1
4 P_7 271 271 0 0 0 1 1 1
4 P_7 272 272 0 0 0 1 1 1
4 P_7 273 273 0 0 0 1 1 1
4 P_7 274 274 0 0 0 1 1 1
4 P_7 275 275 0.5 0.5 0.5 1 1 1
4 P_7 276 276 0 0 0 1 1 1
4 P_7 277 277 0 0 0 1 1 1
4 P_7 278 278 0 0 0 1 1 1
4 P_7 279 279 0 0 0 1 1 1
4 P_7 280 280 0 0 0 1 1 1
4 P_7 281 281 0.5 0.5 0.5 1 1 1
4 P_7 282 282 0.3335365 0.4222222222222222 0.470595 1 1 1
4 P_7 283 283 0 0 0 1 1 1
4 P_7 284 284 0 0 0 1 1 1
4 P_7 285 285 0.305201 0.39215686274509803 0.4493925 1 1 1
4 P_7 286 286 0.0639725 0.13043478260869565 0.2244135 1 1 1
4 P_7 287 287 0.2608295 0.3490566037735849 0.417272 1 1 1
4 P_7 288 288 0.5 0.5 0.5 1 1 1
4 P_7 289 289 0 0 0 1 1 1
4 P_7 290 290 0 0 0 1 1 1
4 P_7 291 291 0 0 0 1 1 1
4 P_7 292 292 0 0 0 1 1 1
4 P_7 293 293 0 0 0 1 1 1
4 P_7 294 294 0 0 0 1 1 1
4 P_7 295 295 0.34063 0.4166666666666667 0.46279 1 1 1
4 P_7 296 296 0 0 0 1 1 1
4 P_7 297 297 0 0 0 1 1 1
4 P_7 298 298 0 0 0 1 1 1
4 P_7 299 299 0 0 0 1 1 1
4 P_7 300 300 0.5 0.5 0.5 1 1 1
4 P_7 301 301 0.04497075 0.1 0.186955 1 1 1
4 P_7 302 302 0 0 0 1 1 1
4 P_7 303 303 0 0 0 1 1 1
4 P_7 304 304 0.345843 0.4375 0.48041 1 1 1
4 P_7 305 305 0.0269368 0.07142857142857142 0.1545535 1 1 1
4 P_7 306 306 0 0 0 1 1 1
4 P_7 307 307 0.5 0.5 0.5 1 1 1
4 P_7 308 308 0 0 0 1 1 1
4 P_7 309 309 0.0198568 0.05303030303030303 0.118437 1 1 1
4 P_7 310 310 0.0469294 0.10416666666666667 0.193641 1 1 1
4 P_7 311 311 0 0 0 1 1 1
4 P_7 312 312 0 0 0 1 1 1
4 P_7 313 313 0 0 0 1 1 1
4 P_7 314 314 0.3222615 0.4056603773584906 0.457678 1 1 1
4 P_7 315 315 0 0 0 1 1 1
4 P_7 316 316 0 0 0 1 1 1
4 P_7 317 317 0.302877 0.38333333333333336 0.439819 1 1 1
4 P_7 318 318 0 0 0 1 1 1
4 P_7 319 319 0.2748635 0.37209302325581395 0.4394375 1 1 1
4 P_7 320 320 0.0458962 0.09821428571428571 0.179613 1 1 1
4 P_7 321 321 0 0 0 1 1 1
4 P_7 322 322 0 0 0 1 1 1
4 P_7 323 323 0 0 0 1 1 1
4 P_7 324 324 0 0 0 1 1 1
4 P_7 325 325 0 0 0 1 1 1
4 P_7 326 326 0.02215915 0.06382978723404255 0.1473085 1 1 1
4 P_7 327 327 0 0 0 1 1 1
4 P_7 328 328 0 0 0 1 1 1
4 P_7 329 329 0 0 0 1 1 1
4 P_7 330 330 0 0 0 1 1 1
4 P_7 331 331 0 0 0 1 1 1
4 P_7 332 332 0 0 0 1 1 1
4 P_7 333 333 0 0 0 1 1 1
4 P_7 334 334 0 0 0 1 1 1
4 P_7 335 335 0 0 0 1 1 1
4 P_7 336 336 0 0 0 1 1 1
4 P_7 337 337 0.3526865 0.4262295081967213 0.4686505 1 1 1
4 P_7 338 338 0 0 0 1 1 1
4 P_7 339 339 0 0 0 1 1 1
4 P_7 340 340 0 0 0 1 1 1
4 P_7 341 341 0.0192285 0.05555555555555555 0.13026 1 1 1
4 P_7 342 342 0.0324454 0.07627118644067797 0.1517545 1 1 1
4 P_7 343 343 0 0 0 1 1 1
4 P_7 344 344 0 0 0 1 1 1
4 P_7 345 345 0 0 0 1 1 1
4 P_7 346 346 0 0 0 1 1 1
4 P_7 347 347 0 0 0 1 1 1
4 P_7 348 348 0 0 0 1 1 1
4 P_7 349 349 0 0 0 1 1 1
4 P_7 350 350 0.0804345 0.15 0.2408885 1 1 1
4 P_7 351 351 0 0 0 1 1 1
4 P_7 352 352 0 0 0 1 1 1
4 P_7 353 353 0 0 0 1 1 1
4 P_7 354 354 0 0 0 1 1 1
4 P_7 355 355 0 0 0 1 1 1
4 P_7 356 356 0.3181565 0.40625 0.459826 1 1 1
4 P_7 357 357 0 0 0 1 1 1
4 P_7 358 358 0.35079 0.43137254901960786 0.474148 1 1 1
4 P_7 359 359 0 0 0 1 1 1
4 P_7 360 360 0 0 0 1 1 1
4 P_7 361 361 0 0 0 1 1 1
4 P_7 362 362 0 0 0 1 1 1
4 P_7 363 363 0.058284 0.11607142857142858 0.1995385 1 1 1
4 P_7 364 364 0 0 0 1 1 1
4 P_7 365 365 0 0 0 1 1 1
4 P_7 366 366 0.5 0.5 0.5 1 1 1
4 P_7 367 367 0 0 0 1 1 1
4 P_7 368 368 0 0 0 1 1 1
4 P_7 369 369 0.5 0.5 0.5 1 1 1
4 P_7 370 370 0.3010775 0.3867924528301887 0.4449035 1 1 1
4 P_7 371 371 0 0 0 1 1 1
4 P_7 372 372 0.3635535 0.44565217391304346 0.483011 1 1 1
4 P_7 373 373 0 0 0 1 1 1
4 P_7 374 374 0 0 0 1 1 1
4 P_7 375 375 0 0 0 1 1 1
4 P_7 376 376 0.5 0.5 0.5 1 1 1
4 P_7 377 377 0 0 0 1 1 1
4 P_7 378 378 0 0 0 1 1 1
4 P_7 379 379 0 0 0 1 1 1
4 P_7 380 380 0 0 0 1 1 1
4 P_7 381 381 0.5 0.5 0.5 1 1 1
4 P_7 382 382 0 0 0 1 1 1
4 P_7 383 383 0 0 0 1 1 1
4 P_7 384 384 0.2941015 0.37962962962962965 0.4394425 1 1 1
4 P_7 385 385 0.305635 0.4117647058823529 0.469085 1 1 1
4 P_7 386 386 0 0 0 1 1 1
4 P_7 387 387 0.330622 0.4107142857142857 0.4600315 1 1 1
4 P_7 388 388 0 0 0 1 1 1
4 P_7 389 389 0 0 0 1 1 1
4 P_7 390 390 0.280111 0.37 0.434315 1 1 1
4 P_7 391 391 0 0 0 1 1 1
4 P_7 392 392 0.5 0.5 0.5 1 1 1
4 P_7 393 393 0 0 0 1 1 1
4 P_7 394 394 0 0 0 1 1 1
4 P_7 395 395 0 0 0 1 1 1
4 P_7 396 396 0 0 0 1 1 1
4 P_7 397 397 0 0 0 1 1 1
4 P_7 398 398 0.3010775 0.3867924528301887 0.4449035 1 1 1
4 P_7 399 399 0.5 0.5 0.5 1 1 1
4 P_7 400 400 0.2841075 0.37037037037037035 0.4327475 1 1 1
4 P_7 401 401 0 0 0 1 1 1
4 P_7 402 402 0.2908835 0.38 0.4414215 1 1 1
4 P_7 403 403 0.2748635 0.37209302325581395 0.4394375 1 1 1
4 P_7 404 404 0 0 0 1 1 1
4 P_7 405 405 0 0 0 1 1 1
4 P_7 406 406 0.3018555 0.39 0.4483315 1 1 1
4 P_7 407 407 0 0 0 1 1 1
4 P_7 408 408 0.5 0.5 0.5 1 1 1
4 P_7 409 409 0 0 0 1 1 1
4 P_7 410 410 0.3540495 0.4298245614035088 0.47178 1 1 1
4 P_7 411 411 0.5 0.5 0.5 1 1 1
4 P_7 412 412 0.330371 0.41346153846153844 0.463029 1 1 1
4 P_7 413 413 0 0 0 1 1 1
4 P_7 414 414 0 0 0 1 1 1
4 P_7 415 415 0.2872645 0.3804347826086957 0.4435995 1 1 1
4 P_7 416 416 0 0 0 1 1 1
4 P_7 417 417 0.5 0.5 0.5 1 1 1
4 P_7 418 418 0 0 0 1 1 1
4 P_7 419 419 0.342439 0.4358974358974359 0.479897 1 1 1
4 P_7 420 420 0 0 0 1 1 1
4 P_7 421 421 0 0 0 1 1 1
4 P_7 422 422 0.5 0.5 0.5 1 1 1
4 P_7 423 423 0 0 0 1 1 1
4 P_7 424 424 0.0362485 0.08490566037735849 0.166825 1 1 1
4 P_7 425 425 0.5 0.5 0.5 1 1 1
4 P_7 426 426 0 0 0 1 1 1
4 P_7 427 427 0.5 0.5 0.5 1 1 1
4 P_7 428 428 0 0 0 1 1 1
4 P_7 429 429 0 0 0 1 1 1
4 P_7 430 430 0 0 0 1 1 1
