10 #m
7 #n
0 P_0 0 0 0.5 0.5 0.5 1 1 1
0 P_0 1 1 0 0 0 1 1 1
0 P_0 2 2 0 0 0 1 1 1
0 P_0 3 3 0.3533265 0.4326923076923077 0.474658 1 1 1
0 P_0 4 4 0.279151 0.375 0.4408915 1 1 1
0 P_0 5 5 0 0 0 1 1 1
0 P_0 6 6 0 0 0 1 1 1
1 P_3 0 0 0.5 0.5 0.5 1 1 1
1 P_3 1 1 0 0 0 1 1 1
1 P_3 2 2 0 0 0 1 1 1
1 P_3 3 3 0.3425415 0.4153846153846154 0.460687 1 1 1
1 P_3 4 4 0.367553 0.4523809523809524 0.487017 1 1 1
1 P_3 5 5 0 0 0 1 1 1
1 P_3 6 6 0 0 0 1 1 1
2 P_8 0 0 0.5 0.5 0.5 1 1 1
2 P_8 1 1 0 0 0 1 1 1
2 P_8 2 2 0 0 0 1 1 1
2 P_8 3 3 0.5 0.5 0.5 1 1 1
2 P_8 4 4 0.5 0.5 0.5 1 1 1
2 P_8 5 5 0 0 0 1 1 1
2 P_8 6 6 0 0 0 1 1 1
3 P_7 0 0 0.5 0.5 0.5 1 1 1
3 P_7 1 1 0 0 0 1 1 1
3 P_7 2 2 0 0 0 1 1 1
3 P_7 3 3 0.1529525 0.22727272727272727 0.3053345 1 1 1
3 P_7 4 4 0.0591085 0.125 0.220849 1 1 1
3 P_7 5 5 0 0 0 1 1 1
3 P_7 6 6 0 0 0 1 1 1
4 P_1 0 0 0.5 0.5 0.5 1 1 1
4 P_1 1 1 0.01160035 0.03731343283582089 0.0972325 1 1 1
4 P_1 2 2 0.00844075 0.0375 0.1214525 1 1 1
4 P_1 3 3 0.3238605 0.41304347826086957 0.464791 1 1 1
4 P_1 4 4 0.2569655 0.34615384615384615 0.415569 1 1 1
4 P_1 5 5 0.004104235 0.024390243902439025 0.101276 1 1 1
4 P_1 6 6 0 0 0 1 1 1
5 P_4 0 0 0.5 0.5 0.5 1 1 1
5 P_4 1 1 0 0 0 1 1 1
5 P_4 2 2 0 0 0 1 1 1
5 P_4 3 3 0.5 0.5 0.5 1 1 1
5 P_4 4 4 0.5 0.5 0.5 1 1 1
5 P_4 5 5 0 0 0 1 1 1
5 P_4 6 6 0 0 0 1 1 1
6 P_2 0 0 0.5 0.5 0.5 1 1 1
6 P_2 1 1 0 0 0 1 1 1
6 P_2 2 2 0 0 0 1 1 1
6 P_2 3 3 0.5 0.5 0.5 1 1 1
6 P_2 4 4 0.5 0.5 0.5 1 1 1
6 P_2 5 5 0 0 0 1 1 1
6 P_2 6 6 0.0726705 0.13636363636363635 0.222229 1 1 1
7 P_5 0 0 0.5 0.5 0.5 1 1 1
7 P_5 1 1 0 0 0 1 1 1
7 P_5 2 2 0 0 0 1 1 1
7 P_5 3 3 0.2342945 0.31896551724137934 0.390821 1 1 1
7 P_5 4 4 0.2217875 0.30701754385964913 0.3814775 1 1 1
7 P_5 5 5 0 0 0 1 1 1
7 P_5 6 6 0.0308286 0.07258064516129033 0.1451885 1 1 1
8 P_9 0 0 0.5 0.5 0.5 1 1 1
8 P_9 1 1 0 0 0 1 1 1
8 P_9 2 2 0 0 0 1 1 1
8 P_9 3 3 0.5 0.5 0.5 1 1 1
8 P_9 4 4 0.5 0.5 0.5 1 1 1
8 P_9 5 5 0 0 0 1 1 1
8 P_9 6 6 0 0 0 1 1 1
9 P_6 0 0 0.5 0.5 0.5 1 1 1
9 P_6 1 1 0 0 0 1 1 1
9 P_6 2 2 0 0 0 1 1 1
9 P_6 3 3 0.0970395 0.16666666666666666 0.2520305 1 1 1
9 P_6 4 4 0.12839 0.21 0.3001465 1 1 1
9 P_6 5 5 0 0 0 1 1 1
9 P_6 6 6 0.03600635 0.0945945945945946 0.1966855 1 1 1
