5 #m
601 #n
0 P_7 0 0 0.5 0.5 0.5 1 1 1
0 P_7 1 1 0.5 0.5 0.5 1 1 1
0 P_7 2 2 0.5 0.5 0.5 1 1 1
0 P_7 3 3 0 0 0 1 1 1
0 P_7 4 4 0 0 0 1 1 1
0 P_7 5 5 0 0 0 1 1 1
0 P_7 6 6 0.0631555 0.06745 0.0719545 1 1 1
0 P_7 7 7 0 0 0 1 1 1
0 P_7 8 8 0 0 0 1 1 1
0 P_7 9 9 0 0 0 1 1 1
0 P_7 10 10 0 0 0 1 1 1
0 P_7 11 11 0 0 0 1 1 1
0 P_7 12 12 0 0 0 1 1 1
0 P_7 13 13 0.0631555 0.06745 0.0719545 1 1 1
0 P_7 14 14 0 0 0 1 1 1
0 P_7 15 15 0 0 0 1 1 1
0 P_7 16 16 0.226786 0.2332 0.239633 1 1 1
0 P_7 17 17 0 0 0 1 1 1
0 P_7 18 18 0 0 0 1 1 1
0 P_7 19 19 0 0 0 1 1 1
0 P_7 20 20 0 0 0 1 1 1
0 P_7 21 21 0 0 0 1 1 1
0 P_7 22 22 0 0 0 1 1 1
0 P_7 23 23 0.1931245 0.1994 0.205734 1 1 1
0 P_7 24 24 0.0631555 0.06745 0.0719545 1 1 1
0 P_7 25 25 0 0 0 1 1 1
0 P_7 26 26 0.226786 0.2332 0.239633 1 1 1
0 P_7 27 27 0.0631555 0.06745 0.0719545 1 1 1
0 P_7 28 28 0 0 0 1 1 1
0 P_7 29 29 0.5 0.5 0.5 1 1 1
0 P_7 30 30 0.0631555 0.06745 0.0719545 1 1 1
0 P_7 31 31 0.226786 0.2332 0.239633 1 1 1
0 P_7 32 32 0.5 0.5 0.5 1 1 1
0 P_7 33 33 0 0 0 1 1 1
0 P_7 34 34 0.1931245 0.1994 0.205734 1 1 1
0 P_7 35 35 0 0 0 1 1 1
0 P_7 36 36 0.0631555 0.06745 0.0719545 1 1 1
0 P_7 37 37 0 0 0 1 1 1
0 P_7 38 38 0.0631555 0.06745 0.0719545 1 1 1
0 P_7 39 39 0 0 0 1 1 1
0 P_7 40 40 0 0 0 1 1 1
0 P_7 41 41 0 0 0 1 1 1
0 P_7 42 42 0.5 0.5 0.5 1 1 1
0 P_7 43 43 0.0631555 0.06745 0.0719545 1 1 1
0 P_7 44 44 0.0631555 0.06745 0.0719545 1 1 1
0 P_7 45 45 0 0 0 1 1 1
0 P_7 46 46 0.0631555 0.06745 0.0719545 1 1 1
0 P_7 47 47 0 0 0 1 1 1
0 P_7 48 48 0.5 0.5 0.5 1 1 1
0 P_7 49 49 0 0 0 1 1 1
0 P_7 50 50 0 0 0 1 1 1
0 P_7 51 51 0.0631555 0.06745 0.0719545 1 1 1
0 P_7 52 52 0.1931245 0.1994 0.205734 1 1 1
0 P_7 53 53 0.260417 0.26685 0.2732635 1 1 1
0 P_7 54 54 0 0 0 1 1 1
0 P_7 55 55 0.1931245 0.1994 0.205734 1 1 1
0 P_7 56 56 0 0 0 1 1 1
0 P_7 57 57 0 0 0 1 1 1
0 P_7 58 58 0.260417 0.26685 0.2732635 1 1 1
0 P_7 59 59 0 0 0 1 1 1
0 P_7 60 60 0.0631555 0.06745 0.0719545 1 1 1
0 P_7 61 61 0 0 0 1 1 1
0 P_7 62 62 0 0 0 1 1 1
0 P_7 63 63 0 0 0 1 1 1
0 P_7 64 64 0 0 0 1 1 1
0 P_7 65 65 0.5 0.5 0.5 1 1 1
0 P_7 66 66 0.5 0.5 0.5 1 1 1
0 P_7 67 67 0.226786 0.2332 0.239633 1 1 1
0 P_7 68 68 0.226786 0.2332 0.239633 1 1 1
0 P_7 69 69 0.0631555 0.06745 0.0719545 1 1 1
0 P_7 70 70 0 0 0 1 1 1
0 P_7 71 71 0.5 0.5 0.5 1 1 1
0 P_7 72 72 0 0 0 1 1 1
0 P_7 73 73 0 0 0 1 1 1
0 P_7 74 74 0 0 0 1 1 1
0 P_7 75 75 0 0 0 1 1 1
0 P_7 76 76 0 0 0 1 1 1
0 P_7 77 77 0 0 0 1 1 1
0 P_7 78 78 0.5 0.5 0.5 1 1 1
0 P_7 79 79 0.5 0.5 0.5 1 1 1
0 P_7 80 80 0.1931245 0.1994 0.205734 1 1 1
0 P_7 81 81 0.1931245 0.1994 0.205734 1 1 1
0 P_7 82 82 0 0 0 1 1 1
0 P_7 83 83 0 0 0 1 1 1
0 P_7 84 84 0.5 0.5 0.5 1 1 1
0 P_7 85 85 0.5 0.5 0.5 1 1 1
0 P_7 86 86 0 0 0 1 1 1
0 P_7 87 87 0 0 0 1 1 1
0 P_7 88 88 0 0 0 1 1 1
0 P_7 89 89 0 0 0 1 1 1
0 P_7 90 90 0 0 0 1 1 1
0 P_7 91 91 0 0 0 1 1 1
0 P_7 92 92 0.226786 0.2332 0.239633 1 1 1
0 P_7 93 93 0.5 0.5 0.5 1 1 1
0 P_7 94 94 0 0 0 1 1 1
0 P_7 95 95 0.0631555 0.06745 0.0719545 1 1 1
0 P_7 96 96 0 0 0 1 1 1
0 P_7 97 97 0.1931245 0.1994 0.205734 1 1 1
0 P_7 98 98 0.1931245 0.1994 0.205734 1 1 1
0 P_7 99 99 0 0 0 1 1 1
0 P_7 100 100 0 0 0 1 1 1
0 P_7 101 101 0 0 0 1 1 1
0 P_7 102 102 0.5 0.5 0.5 1 1 1
0 P_7 103 103 0.226786 0.2332 0.239633 1 1 1
0 P_7 104 104 0 0 0 1 1 1
0 P_7 105 105 0.1931245 0.1994 0.205734 1 1 1
0 P_7 106 106 0.226786 0.2332 0.239633 1 1 1
0 P_7 107 107 0.5 0.5 0.5 1 1 1
0 P_7 108 108 0.1931245 0.1994 0.205734 1 1 1
0 P_7 109 109 0 0 0 1 1 1
0 P_7 110 110 0.5 0.5 0.5 1 1 1
0 P_7 111 111 0.5 0.5 0.5 1 1 1
0 P_7 112 112 0 0 0 1 1 1
0 P_7 113 113 0.0631555 0.06745 0.0719545 1 1 1
0 P_7 114 114 0.0631555 0.06745 0.0719545 1 1 1
0 P_7 115 115 0 0 0 1 1 1
0 P_7 116 116 0.0631555 0.06745 0.0719545 1 1 1
0 P_7 117 117 0.1931245 0.1994 0.205734 1 1 1
0 P_7 118 118 0.1931245 0.1994 0.205734 1 1 1
0 P_7 119 119 0.1931245 0.1994 0.205734 1 1 1
0 P_7 120 120 0 0 0 1 1 1
0 P_7 121 121 0 0 0 1 1 1
0 P_7 122 122 0 0 0 1 1 1
0 P_7 123 123 0.0631555 0.06745 0.0719545 1 1 1
0 P_7 124 124 0 0 0 1 1 1
0 P_7 125 125 0.1931245 0.1994 0.205734 1 1 1
0 P_7 126 126 0.0631555 0.06745 0.0719545 1 1 1
0 P_7 127 127 0.1931245 0.1994 0.205734 1 1 1
0 P_7 128 128 0.260417 0.26685 0.2732635 1 1 1
0 P_7 129 129 0.5 0.5 0.5 1 1 1
0 P_7 130 130 0 0 0 1 1 1
0 P_7 131 131 0 0 0 1 1 1
0 P_7 132 132 0.5 0.5 0.5 1 1 1
0 P_7 133 133 0.226786 0.2332 0.239633 1 1 1
0 P_7 134 134 0 0 0 1 1 1
0 P_7 135 135 0 0 0 1 1 1
0 P_7 136 136 0.226786 0.2332 0.239633 1 1 1
0 P_7 137 137 0 0 0 1 1 1
0 P_7 138 138 0 0 0 1 1 1
0 P_7 139 139 0 0 0 1 1 1
0 P_7 140 140 0 0 0 1 1 1
0 P_7 141 141 0 0 0 1 1 1
0 P_7 142 142 0 0 0 1 1 1
0 P_7 143 143 0 0 0 1 1 1
0 P_7 144 144 0.1931245 0.1994 0.205734 1 1 1
0 P_7 145 145 0.1931245 0.1994 0.205734 1 1 1
0 P_7 146 146 0.226786 0.2332 0.239633 1 1 1
0 P_7 147 147 0 0 0 1 1 1
0 P_7 148 148 0.0631555 0.06745 0.0719545 1 1 1
0 P_7 149 149 0.1931245 0.1994 0.205734 1 1 1
0 P_7 150 150 0.5 0.5 0.5 1 1 1
0 P_7 151 151 0.1931245 0.1994 0.205734 1 1 1
0 P_7 152 152 0.1931245 0.1994 0.205734 1 1 1
0 P_7 153 153 0 0 0 1 1 1
0 P_7 154 154 0 0 0 1 1 1
0 P_7 155 155 0.5 0.5 0.5 1 1 1
0 P_7 156 156 0.5 0.5 0.5 1 1 1
0 P_7 157 157 0.0631555 0.06745 0.0719545 1 1 1
0 P_7 158 158 0.226786 0.2332 0.239633 1 1 1
0 P_7 159 159 0 0 0 1 1 1
0 P_7 160 160 0.0631555 0.06745 0.0719545 1 1 1
0 P_7 161 161 0.5 0.5 0.5 1 1 1
0 P_7 162 162 0.0631555 0.06745 0.0719545 1 1 1
0 P_7 163 163 0 0 0 1 1 1
0 P_7 164 164 0 0 0 1 1 1
0 P_7 165 165 0.226786 0.2332 0.239633 1 1 1
0 P_7 166 166 0.5 0.5 0.5 1 1 1
0 P_7 167 167 0 0 0 1 1 1
0 P_7 168 168 0.226786 0.2332 0.239633 1 1 1
0 P_7 169 169 0.226786 0.2332 0.239633 1 1 1
0 P_7 170 170 0 0 0 1 1 1
0 P_7 171 171 0.5 0.5 0.5 1 1 1
0 P_7 172 172 0 0 0 1 1 1
0 P_7 173 173 0 0 0 1 1 1
0 P_7 174 174 0.5 0.5 0.5 1 1 1
0 P_7 175 175 0 0 0 1 1 1
0 P_7 176 176 0 0 0 1 1 1
0 P_7 177 177 0 0 0 1 1 1
0 P_7 178 178 0.5 0.5 0.5 1 1 1
0 P_7 179 179 0.0631555 0.06745 0.0719545 1 1 1
0 P_7 180 180 0 0 0 1 1 1
0 P_7 181 181 0.5 0.5 0.5 1 1 1
0 P_7 182 182 0 0 0 1 1 1
0 P_7 183 183 0 0 0 1 1 1
0 P_7 184 184 0.1931245 0.1994 0.205734 1 1 1
0 P_7 185 185 0 0 0 1 1 1
0 P_7 186 186 0.0631555 0.06745 0.0719545 1 1 1
0 P_7 187 187 0.226786 0.2332 0.239633 1 1 1
0 P_7 188 188 0.0631555 0.06745 0.0719545 1 1 1
0 P_7 189 189 0 0 0 1 1 1
0 P_7 190 190 0 0 0 1 1 1
0 P_7 191 191 0 0 0 1 1 1
0 P_7 192 192 0 0 0 1 1 1
0 P_7 193 193 0 0 0 1 1 1
0 P_7 194 194 0 0 0 1 1 1
0 P_7 195 195 0 0 0 1 1 1
0 P_7 196 196 0.0631555 0.06745 0.0719545 1 1 1
0 P_7 197 197 0.5 0.5 0.5 1 1 1
0 P_7 198 198 0 0 0 1 1 1
0 P_7 199 199 0.226786 0.2332 0.239633 1 1 1
0 P_7 200 200 0 0 0 1 1 1
0 P_7 201 201 0.5 0.5 0.5 1 1 1
0 P_7 202 202 0 0 0 1 1 1
0 P_7 203 203 0 0 0 1 1 1
0 P_7 204 204 0.226786 0.2332 0.239633 1 1 1
0 P_7 205 205 0.260417 0.26685 0.2732635 1 1 1
0 P_7 206 206 0 0 0 1 1 1
0 P_7 207 207 0 0 0 1 1 1
0 P_7 208 208 0 0 0 1 1 1
0 P_7 209 209 0 0 0 1 1 1
0 P_7 210 210 0 0 0 1 1 1
0 P_7 211 211 0.1931245 0.1994 0.205734 1 1 1
0 P_7 212 212 0 0 0 1 1 1
0 P_7 213 213 0.226786 0.2332 0.239633 1 1 1
0 P_7 214 214 0.5 0.5 0.5 1 1 1
0 P_7 215 215 0.226786 0.2332 0.239633 1 1 1
0 P_7 216 216 0.0631555 0.06745 0.0719545 1 1 1
0 P_7 217 217 0 0 0 1 1 1
0 P_7 218 218 0.5 0.5 0.5 1 1 1
0 P_7 219 219 0 0 0 1 1 1
0 P_7 220 220 0 0 0 1 1 1
0 P_7 221 221 0.5 0.5 0.5 1 1 1
0 P_7 222 222 0 0 0 1 1 1
0 P_7 223 223 0.5 0.5 0.5 1 1 1
0 P_7 224 224 0.0631555 0.06745 0.0719545 1 1 1
0 P_7 225 225 0 0 0 1 1 1
0 P_7 226 226 0 0 0 1 1 1
0 P_7 227 227 0 0 0 1 1 1
0 P_7 228 228 0 0 0 1 1 1
0 P_7 229 229 0 0 0 1 1 1
0 P_7 230 230 0 0 0 1 1 1
0 P_7 231 231 0 0 0 1 1 1
0 P_7 232 232 0.0631555 0.06745 0.0719545 1 1 1
0 P_7 233 233 0 0 0 1 1 1
0 P_7 234 234 0.0631555 0.06745 0.0719545 1 1 1
0 P_7 235 235 0.226786 0.2332 0.239633 1 1 1
0 P_7 236 236 0.5 0.5 0.5 1 1 1
0 P_7 237 237 0.226786 0.2332 0.239633 1 1 1
0 P_7 238 238 0 0 0 1 1 1
0 P_7 239 239 0.5 0.5 0.5 1 1 1
0 P_7 240 240 0.226786 0.2332 0.239633 1 1 1
0 P_7 241 241 0.260417 0.26685 0.2732635 1 1 1
0 P_7 242 242 0.0631555 0.06745 0.0719545 1 1 1
0 P_7 243 243 0.0631555 0.06745 0.0719545 1 1 1
0 P_7 244 244 0.5 0.5 0.5 1 1 1
0 P_7 245 245 0.0631555 0.06745 0.0719545 1 1 1
0 P_7 246 246 0 0 0 1 1 1
0 P_7 247 247 0.0631555 0.06745 0.0719545 1 1 1
0 P_7 248 248 0 0 0 1 1 1
0 P_7 249 249 0.1931245 0.1994 0.205734 1 1 1
0 P_7 250 250 0.5 0.5 0.5 1 1 1
0 P_7 251 251 0 0 0 1 1 1
0 P_7 252 252 0 0 0 1 1 1
0 P_7 253 253 0 0 0 1 1 1
0 P_7 254 254 0.0631555 0.06745 0.0719545 1 1 1
0 P_7 255 255 0.226786 0.2332 0.239633 1 1 1
0 P_7 256 256 0 0 0 1 1 1
0 P_7 257 257 0 0 0 1 1 1
0 P_7 258 258 0 0 0 1 1 1
0 P_7 259 259 0 0 0 1 1 1
0 P_7 260 260 0.226786 0.2332 0.239633 1 1 1
0 P_7 261 261 0.260417 0.26685 0.2732635 1 1 1
0 P_7 262 262 0.1931245 0.1994 0.205734 1 1 1
0 P_7 263 263 0 0 0 1 1 1
0 P_7 264 264 0.0631555 0.06745 0.0719545 1 1 1
0 P_7 265 265 0 0 0 1 1 1
0 P_7 266 266 0.260417 0.26685 0.2732635 1 1 1
0 P_7 267 267 0 0 0 1 1 1
0 P_7 268 268 0 0 0 1 1 1
0 P_7 269 269 0.260417 0.26685 0.2732635 1 1 1
0 P_7 270 270 0.1931245 0.1994 0.205734 1 1 1
0 P_7 271 271 0 0 0 1 1 1
0 P_7 272 272 0.1931245 0.1994 0.205734 1 1 1
0 P_7 273 273 0 0 0 1 1 1
0 P_7 274 274 0 0 0 1 1 1
0 P_7 275 275 0.5 0.5 0.5 1 1 1
0 P_7 276 276 0.1931245 0.1994 0.205734 1 1 1
0 P_7 277 277 0.0631555 0.06745 0.0719545 1 1 1
0 P_7 278 278 0 0 0 1 1 1
0 P_7 279 279 0 0 0 1 1 1
0 P_7 280 280 0.5 0.5 0.5 1 1 1
0 P_7 281 281 0 0 0 1 1 1
0 P_7 282 282 0 0 0 1 1 1
0 P_7 283 283 0.1931245 0.1994 0.205734 1 1 1
0 P_7 284 284 0 0 0 1 1 1
0 P_7 285 285 0 0 0 1 1 1
0 P_7 286 286 0.260417 0.26685 0.2732635 1 1 1
0 P_7 287 287 0.5 0.5 0.5 1 1 1
0 P_7 288 288 0 0 0 1 1 1
0 P_7 289 289 0.5 0.5 0.5 1 1 1
0 P_7 290 290 0 0 0 1 1 1
0 P_7 291 291 0 0 0 1 1 1
0 P_7 292 292 0 0 0 1 1 1
0 P_7 293 293 0.1931245 0.1994 0.205734 1 1 1
0 P_7 294 294 0 0 0 1 1 1
0 P_7 295 295 0.226786 0.2332 0.239633 1 1 1
0 P_7 296 296 0.5 0.5 0.5 1 1 1
0 P_7 297 297 0 0 0 1 1 1
0 P_7 298 298 0 0 0 1 1 1
0 P_7 299 299 0 0 0 1 1 1
0 P_7 300 300 0.5 0.5 0.5 1 1 1
0 P_7 301 301 0.5 0.5 0.5 1 1 1
0 P_7 302 302 0.5 0.5 0.5 1 1 1
0 P_7 303 303 0.5 0.5 0.5 1 1 1
0 P_7 304 304 0 0 0 1 1 1
0 P_7 305 305 0 0 0 1 1 1
0 P_7 306 306 0 0 0 1 1 1
0 P_7 307 307 0.0631555 0.06745 0.0719545 1 1 1
0 P_7 308 308 0.0631555 0.06745 0.0719545 1 1 1
0 P_7 309 309 0 0 0 1 1 1
0 P_7 310 310 0 0 0 1 1 1
0 P_7 311 311 0.226786 0.2332 0.239633 1 1 1
0 P_7 312 312 0.5 0.5 0.5 1 1 1
0 P_7 313 313 0 0 0 1 1 1
0 P_7 314 314 0.1931245 0.1994 0.205734 1 1 1
0 P_7 315 315 0.226786 0.2332 0.239633 1 1 1
0 P_7 316 316 0.226786 0.2332 0.239633 1 1 1
0 P_7 317 317 0.0631555 0.06745 0.0719545 1 1 1
0 P_7 318 318 0 0 0 1 1 1
0 P_7 319 319 0 0 0 1 1 1
0 P_7 320 320 0.260417 0.26685 0.2732635 1 1 1
0 P_7 321 321 0.226786 0.2332 0.239633 1 1 1
0 P_7 322 322 0 0 0 1 1 1
0 P_7 323 323 0 0 0 1 1 1
0 P_7 324 324 0 0 0 1 1 1
0 P_7 325 325 0 0 0 1 1 1
0 P_7 326 326 0 0 0 1 1 1
0 P_7 327 327 0 0 0 1 1 1
0 P_7 328 328 0.226786 0.2332 0.239633 1 1 1
0 P_7 329 329 0.5 0.5 0.5 1 1 1
0 P_7 330 330 0.5 0.5 0.5 1 1 1
0 P_7 331 331 0.226786 0.2332 0.239633 1 1 1
0 P_7 332 332 0 0 0 1 1 1
0 P_7 333 333 0 0 0 1 1 1
0 P_7 334 334 0 0 0 1 1 1
0 P_7 335 335 0 0 0 1 1 1
0 P_7 336 336 0.1931245 0.1994 0.205734 1 1 1
0 P_7 337 337 0.0631555 0.06745 0.0719545 1 1 1
0 P_7 338 338 0 0 0 1 1 1
0 P_7 339 339 0.260417 0.26685 0.2732635 1 1 1
0 P_7 340 340 0.1931245 0.1994 0.205734 1 1 1
0 P_7 341 341 0 0 0 1 1 1
0 P_7 342 342 0 0 0 1 1 1
0 P_7 343 343 0.0631555 0.06745 0.0719545 1 1 1
0 P_7 344 344 0 0 0 1 1 1
0 P_7 345 345 0 0 0 1 1 1
0 P_7 346 346 0 0 0 1 1 1
0 P_7 347 347 0.260417 0.26685 0.2732635 1 1 1
0 P_7 348 348 0.5 0.5 0.5 1 1 1
0 P_7 349 349 0 0 0 1 1 1
0 P_7 350 350 0.260417 0.26685 0.2732635 1 1 1
0 P_7 351 351 0 0 0 1 1 1
0 P_7 352 352 0.0631555 0.06745 0.0719545 1 1 1
0 P_7 353 353 0 0 0 1 1 1
0 P_7 354 354 0.5 0.5 0.5 1 1 1
0 P_7 355 355 0 0 0 1 1 1
0 P_7 356 356 0 0 0 1 1 1
0 P_7 357 357 0 0 0 1 1 1
0 P_7 358 358 0.0631555 0.06745 0.0719545 1 1 1
0 P_7 359 359 0 0 0 1 1 1
0 P_7 360 360 0 0 0 1 1 1
0 P_7 361 361 0.0631555 0.06745 0.0719545 1 1 1
0 P_7 362 362 0 0 0 1 1 1
0 P_7 363 363 0 0 0 1 1 1
0 P_7 364 364 0.0631555 0.06745 0.0719545 1 1 1
0 P_7 365 365 0 0 0 1 1 1
0 P_7 366 366 0.5 0.5 0.5 1 1 1
0 P_7 367 367 0.260417 0.26685 0.2732635 1 1 1
0 P_7 368 368 0 0 0 1 1 1
0 P_7 369 369 0.5 0.5 0.5 1 1 1
0 P_7 370 370 0.5 0.5 0.5 1 1 1
0 P_7 371 371 0.226786 0.2332 0.239633 1 1 1
0 P_7 372 372 0.0631555 0.06745 0.0719545 1 1 1
0 P_7 373 373 0.1931245 0.1994 0.205734 1 1 1
0 P_7 374 374 0.1931245 0.1994 0.205734 1 1 1
0 P_7 375 375 0 0 0 1 1 1
0 P_7 376 376 0 0 0 1 1 1
0 P_7 377 377 0 0 0 1 1 1
0 P_7 378 378 0 0 0 1 1 1
0 P_7 379 379 0 0 0 1 1 1
0 P_7 380 380 0 0 0 1 1 1
0 P_7 381 381 0 0 0 1 1 1
0 P_7 382 382 0.226786 0.2332 0.239633 1 1 1
0 P_7 383 383 0.260417 0.26685 0.2732635 1 1 1
0 P_7 384 384 0 0 0 1 1 1
0 P_7 385 385 0 0 0 1 1 1
0 P_7 386 386 0.0631555 0.06745 0.0719545 1 1 1
0 P_7 387 387 0 0 0 1 1 1
0 P_7 388 388 0 0 0 1 1 1
0 P_7 389 389 0 0 0 1 1 1
0 P_7 390 390 0.0631555 0.06745 0.0719545 1 1 1
0 P_7 391 391 0.0631555 0.06745 0.0719545 1 1 1
0 P_7 392 392 0 0 0 1 1 1
0 P_7 393 393 0 0 0 1 1 1
0 P_7 394 394 0 0 0 1 1 1
0 P_7 395 395 0 0 0 1 1 1
0 P_7 396 396 0 0 0 1 1 1
0 P_7 397 397 0.1931245 0.1994 0.205734 1 1 1
0 P_7 398 398 0.226786 0.2332 0.239633 1 1 1
0 P_7 399 399 0.5 0.5 0.5 1 1 1
0 P_7 400 400 0.0631555 0.06745 0.0719545 1 1 1
0 P_7 401 401 0.0631555 0.06745 0.0719545 1 1 1
0 P_7 402 402 0.0631555 0.06745 0.0719545 1 1 1
0 P_7 403 403 0.226786 0.2332 0.239633 1 1 1
0 P_7 404 404 0 0 0 1 1 1
0 P_7 405 405 0.1931245 0.1994 0.205734 1 1 1
0 P_7 406 406 0.5 0.5 0.5 1 1 1
0 P_7 407 407 0.1931245 0.1994 0.205734 1 1 1
0 P_7 408 408 0 0 0 1 1 1
0 P_7 409 409 0.0631555 0.06745 0.0719545 1 1 1
0 P_7 410 410 0.260417 0.26685 0.2732635 1 1 1
0 P_7 411 411 0 0 0 1 1 1
0 P_7 412 412 0.226786 0.2332 0.239633 1 1 1
0 P_7 413 413 0 0 0 1 1 1
0 P_7 414 414 0.0631555 0.06745 0.0719545 1 1 1
0 P_7 415 415 0.0631555 0.06745 0.0719545 1 1 1
0 P_7 416 416 0 0 0 1 1 1
0 P_7 417 417 0 0 0 1 1 1
0 P_7 418 418 0 0 0 1 1 1
0 P_7 419 419 0 0 0 1 1 1
0 P_7 420 420 0.226786 0.2332 0.239633 1 1 1
0 P_7 421 421 0.226786 0.2332 0.239633 1 1 1
0 P_7 422 422 0.0631555 0.06745 0.0719545 1 1 1
0 P_7 423 423 0 0 0 1 1 1
0 P_7 424 424 0 0 0 1 1 1
0 P_7 425 425 0.0631555 0.06745 0.0719545 1 1 1
0 P_7 426 426 0 0 0 1 1 1
0 P_7 427 427 0.1931245 0.1994 0.205734 1 1 1
0 P_7 428 428 0.5 0.5 0.5 1 1 1
0 P_7 429 429 0.0631555 0.06745 0.0719545 1 1 1
0 P_7 430 430 0 0 0 1 1 1
0 P_7 431 431 0.0631555 0.06745 0.0719545 1 1 1
0 P_7 432 432 0 0 0 1 1 1
0 P_7 433 433 0.1931245 0.1994 0.205734 1 1 1
0 P_7 434 434 0.5 0.5 0.5 1 1 1
0 P_7 435 435 0.0631555 0.06745 0.0719545 1 1 1
0 P_7 436 436 0 0 0 1 1 1
0 P_7 437 437 0.226786 0.2332 0.239633 1 1 1
0 P_7 438 438 0.5 0.5 0.5 1 1 1
0 P_7 439 439 0.1931245 0.1994 0.205734 1 1 1
0 P_7 440 440 0 0 0 1 1 1
0 P_7 441 441 0.0631555 0.06745 0.0719545 1 1 1
0 P_7 442 442 0 0 0 1 1 1
0 P_7 443 443 0 0 0 1 1 1
0 P_7 444 444 0.5 0.5 0.5 1 1 1
0 P_7 445 445 0.5 0.5 0.5 1 1 1
0 P_7 446 446 0 0 0 1 1 1
0 P_7 447 447 0.5 0.5 0.5 1 1 1
0 P_7 448 448 0.226786 0.2332 0.239633 1 1 1
0 P_7 449 449 0.226786 0.2332 0.239633 1 1 1
0 P_7 450 450 0 0 0 1 1 1
0 P_7 451 451 0 0 0 1 1 1
0 P_7 452 452 0 0 0 1 1 1
0 P_7 453 453 0 0 0 1 1 1
0 P_7 454 454 0.260417 0.26685 0.2732635 1 1 1
0 P_7 455 455 0 0 0 1 1 1
0 P_7 456 456 0 0 0 1 1 1
0 P_7 457 457 0.0631555 0.06745 0.0719545 1 1 1
0 P_7 458 458 0 0 0 1 1 1
0 P_7 459 459 0 0 0 1 1 1
0 P_7 460 460 0 0 0 1 1 1
0 P_7 461 461 0.226786 0.2332 0.239633 1 1 1
0 P_7 462 462 0 0 0 1 1 1
0 P_7 463 463 0.1931245 0.1994 0.205734 1 1 1
0 P_7 464 464 0 0 0 1 1 1
0 P_7 465 465 0.5 0.5 0.5 1 1 1
0 P_7 466 466 0.226786 0.2332 0.239633 1 1 1
0 P_7 467 467 0.0631555 0.06745 0.0719545 1 1 1
0 P_7 468 468 0 0 0 1 1 1
0 P_7 469 469 0 0 0 1 1 1
0 P_7 470 470 0.0631555 0.06745 0.0719545 1 1 1
0 P_7 471 471 0.5 0.5 0.5 1 1 1
0 P_7 472 472 0 0 0 1 1 1
0 P_7 473 473 0 0 0 1 1 1
0 P_7 474 474 0.260417 0.26685 0.2732635 1 1 1
0 P_7 475 475 0 0 0 1 1 1
0 P_7 476 476 0.1931245 0.1994 0.205734 1 1 1
0 P_7 477 477 0.226786 0.2332 0.239633 1 1 1
0 P_7 478 478 0 0 0 1 1 1
0 P_7 479 479 0.0631555 0.06745 0.0719545 1 1 1
0 P_7 480 480 0.1931245 0.1994 0.205734 1 1 1
0 P_7 481 481 0.5 0.5 0.5 1 1 1
0 P_7 482 482 0.1931245 0.1994 0.205734 1 1 1
0 P_7 483 483 0 0 0 1 1 1
0 P_7 484 484 0.1931245 0.1994 0.205734 1 1 1
0 P_7 485 485 0 0 0 1 1 1
0 P_7 486 486 0 0 0 1 1 1
0 P_7 487 487 0.5 0.5 0.5 1 1 1
0 P_7 488 488 0.5 0.5 0.5 1 1 1
0 P_7 489 489 0 0 0 1 1 1
0 P_7 490 490 0 0 0 1 1 1
0 P_7 491 491 0 0 0 1 1 1
0 P_7 492 492 0.5 0.5 0.5 1 1 1
0 P_7 493 493 0 0 0 1 1 1
0 P_7 494 494 0 0 0 1 1 1
0 P_7 495 495 0.0631555 0.06745 0.0719545 1 1 1
0 P_7 496 496 0.5 0.5 0.5 1 1 1
0 P_7 497 497 0 0 0 1 1 1
0 P_7 498 498 0.1931245 0.1994 0.205734 1 1 1
0 P_7 499 499 0.260417 0.26685 0.2732635 1 1 1
0 P_7 500 500 0.0631555 0.06745 0.0719545 1 1 1
0 P_7 501 501 0.5 0.5 0.5 1 1 1
0 P_7 502 502 0.260417 0.26685 0.2732635 1 1 1
0 P_7 503 503 0 0 0 1 1 1
0 P_7 504 504 0.5 0.5 0.5 1 1 1
0 P_7 505 505 0 0 0 1 1 1
0 P_7 506 506 0 0 0 1 1 1
0 P_7 507 507 0 0 0 1 1 1
0 P_7 508 508 0 0 0 1 1 1
0 P_7 509 509 0.0631555 0.06745 0.0719545 1 1 1
0 P_7 510 510 0.260417 0.26685 0.2732635 1 1 1
0 P_7 511 511 0.226786 0.2332 0.239633 1 1 1
0 P_7 512 512 0.5 0.5 0.5 1 1 1
0 P_7 513 513 0.260417 0.26685 0.2732635 1 1 1
0 P_7 514 514 0.0631555 0.06745 0.0719545 1 1 1
0 P_7 515 515 0.5 0.5 0.5 1 1 1
0 P_7 516 516 0.5 0.5 0.5 1 1 1
0 P_7 517 517 0.5 0.5 0.5 1 1 1
0 P_7 518 518 0.226786 0.2332 0.239633 1 1 1
0 P_7 519 519 0.1931245 0.1994 0.205734 1 1 1
0 P_7 520 520 0 0 0 1 1 1
0 P_7 521 521 0.1931245 0.1994 0.205734 1 1 1
0 P_7 522 522 0.5 0.5 0.5 1 1 1
0 P_7 523 523 0.0631555 0.06745 0.0719545 1 1 1
0 P_7 524 524 0.1931245 0.1994 0.205734 1 1 1
0 P_7 525 525 0 0 0 1 1 1
0 P_7 526 526 0.1931245 0.1994 0.205734 1 1 1
0 P_7 527 527 0 0 0 1 1 1
0 P_7 528 528 0 0 0 1 1 1
0 P_7 529 529 0.1931245 0.1994 0.205734 1 1 1
0 P_7 530 530 0.1931245 0.1994 0.205734 1 1 1
0 P_7 531 531 0.0631555 0.06745 0.0719545 1 1 1
0 P_7 532 532 0 0 0 1 1 1
0 P_7 533 533 0.5 0.5 0.5 1 1 1
0 P_7 534 534 0.1931245 0.1994 0.205734 1 1 1
0 P_7 535 535 0.226786 0.2332 0.239633 1 1 1
0 P_7 536 536 0 0 0 1 1 1
0 P_7 537 537 0.0631555 0.06745 0.0719545 1 1 1
0 P_7 538 538 0 0 0 1 1 1
0 P_7 539 539 0.0631555 0.06745 0.0719545 1 1 1
0 P_7 540 540 0.1931245 0.1994 0.205734 1 1 1
0 P_7 541 541 0 0 0 1 1 1
0 P_7 542 542 0 0 0 1 1 1
0 P_7 543 543 0 0 0 1 1 1
0 P_7 544 544 0 0 0 1 1 1
0 P_7 545 545 0 0 0 1 1 1
0 P_7 546 546 0 0 0 1 1 1
0 P_7 547 547 0 0 0 1 1 1
0 P_7 548 548 0.260417 0.26685 0.2732635 1 1 1
0 P_7 549 549 0.260417 0.26685 0.2732635 1 1 1
0 P_7 550 550 0.5 0.5 0.5 1 1 1
0 P_7 551 551 0 0 0 1 1 1
0 P_7 552 552 0.5 0.5 0.5 1 1 1
0 P_7 553 553 0 0 0 1 1 1
0 P_7 554 554 0.5 0.5 0.5 1 1 1
0 P_7 555 555 0 0 0 1 1 1
0 P_7 556 556 0.0631555 0.06745 0.0719545 1 1 1
0 P_7 557 557 0 0 0 1 1 1
0 P_7 558 558 0.260417 0.26685 0.2732635 1 1 1
0 P_7 559 559 0.5 0.5 0.5 1 1 1
0 P_7 560 560 0 0 0 1 1 1
0 P_7 561 561 0.1931245 0.1994 0.205734 1 1 1
0 P_7 562 562 0.5 0.5 0.5 1 1 1
0 P_7 563 563 0.5 0.5 0.5 1 1 1
0 P_7 564 564 0.5 0.5 0.5 1 1 1
0 P_7 565 565 0.260417 0.26685 0.2732635 1 1 1
0 P_7 566 566 0.5 0.5 0.5 1 1 1
0 P_7 567 567 0.260417 0.26685 0.2732635 1 1 1
0 P_7 568 568 0 0 0 1 1 1
0 P_7 569 569 0 0 0 1 1 1
0 P_7 570 570 0 0 0 1 1 1
0 P_7 571 571 0.5 0.5 0.5 1 1 1
0 P_7 572 572 0 0 0 1 1 1
0 P_7 573 573 0 0 0 1 1 1
0 P_7 574 574 0.0631555 0.06745 0.0719545 1 1 1
0 P_7 575 575 0.1931245 0.1994 0.205734 1 1 1
0 P_7 576 576 0.260417 0.26685 0.2732635 1 1 1
0 P_7 577 577 0 0 0 1 1 1
0 P_7 578 578 0.226786 0.2332 0.239633 1 1 1
0 P_7 579 579 0.226786 0.2332 0.239633 1 1 1
0 P_7 580 580 0.5 0.5 0.5 1 1 1
0 P_7 581 581 0.260417 0.26685 0.2732635 1 1 1
0 P_7 582 582 0.0631555 0.06745 0.0719545 1 1 1
0 P_7 583 583 0.0631555 0.06745 0.0719545 1 1 1
0 P_7 584 584 0 0 0 1 1 1
0 P_7 585 585 0 0 0 1 1 1
0 P_7 586 586 0.0631555 0.06745 0.0719545 1 1 1
0 P_7 587 587 0 0 0 1 1 1
0 P_7 588 588 0 0 0 1 1 1
0 P_7 589 589 0.1931245 0.1994 0.205734 1 1 1
0 P_7 590 590 0.1931245 0.1994 0.205734 1 1 1
0 P_7 591 591 0.5 0.5 0.5 1 1 1
0 P_7 592 592 0 0 0 1 1 1
0 P_7 593 593 0 0 0 1 1 1
0 P_7 594 594 0.1931245 0.1994 0.205734 1 1 1
0 P_7 595 595 0.1931245 0.1994 0.205734 1 1 1
0 P_7 596 596 0 0 0 1 1 1
0 P_7 597 597 0.260417 0.26685 0.2732635 1 1 1
0 P_7 598 598 0 0 0 1 1 1
0 P_7 599 599 0 0 0 1 1 1
0 P_7 600 600 0 0 0 1 1 1
1 P_5 0 0 0.5 0.5 0.5 1 1 1
1 P_5 1 1 0.5 0.5 0.5 1 1 1
1 P_5 2 2 0.5 0.5 0.5 1 1 1
1 P_5 3 3 0 0 0 1 1 1
1 P_5 4 4 0 0 0 1 1 1
1 P_5 5 5 0 0 0 1 1 1
1 P_5 6 6 0.228283 0.2347 0.241135 1 1 1
1 P_5 7 7 0 0 0 1 1 1
1 P_5 8 8 0 0 0 1 1 1
1 P_5 9 9 0 0 0 1 1 1
1 P_5 10 10 0 0 0 1 1 1
1 P_5 11 11 0 0 0 1 1 1
1 P_5 12 12 0 0 0 1 1 1
1 P_5 13 13 0.228283 0.2347 0.241135 1 1 1
1 P_5 14 14 0 0 0 1 1 1
1 P_5 15 15 0 0 0 1 1 1
1 P_5 16 16 0.2589155 0.26535 0.271767 1 1 1
1 P_5 17 17 0 0 0 1 1 1
1 P_5 18 18 0 0 0 1 1 1
1 P_5 19 19 0 0 0 1 1 1
1 P_5 20 20 0 0 0 1 1 1
1 P_5 21 21 0 0 0 1 1 1
1 P_5 22 22 0 0 0 1 1 1
1 P_5 23 23 0 0 0 1 1 1
1 P_5 24 24 0.228283 0.2347 0.241135 1 1 1
1 P_5 25 25 0 0 0 1 1 1
1 P_5 26 26 0.2589155 0.26535 0.271767 1 1 1
1 P_5 27 27 0.228283 0.2347 0.241135 1 1 1
1 P_5 28 28 0 0 0 1 1 1
1 P_5 29 29 0.5 0.5 0.5 1 1 1
1 P_5 30 30 0.228283 0.2347 0.241135 1 1 1
1 P_5 31 31 0.2589155 0.26535 0.271767 1 1 1
1 P_5 32 32 0.5 0.5 0.5 1 1 1
1 P_5 33 33 0 0 0 1 1 1
1 P_5 34 34 0 0 0 1 1 1
1 P_5 35 35 0 0 0 1 1 1
1 P_5 36 36 0.228283 0.2347 0.241135 1 1 1
1 P_5 37 37 0 0 0 1 1 1
1 P_5 38 38 0.228283 0.2347 0.241135 1 1 1
1 P_5 39 39 0 0 0 1 1 1
1 P_5 40 40 0 0 0 1 1 1
1 P_5 41 41 0 0 0 1 1 1
1 P_5 42 42 0.5 0.5 0.5 1 1 1
1 P_5 43 43 0.228283 0.2347 0.241135 1 1 1
1 P_5 44 44 0.228283 0.2347 0.241135 1 1 1
1 P_5 45 45 0 0 0 1 1 1
1 P_5 46 46 0.228283 0.2347 0.241135 1 1 1
1 P_5 47 47 0 0 0 1 1 1
1 P_5 48 48 0.5 0.5 0.5 1 1 1
1 P_5 49 49 0 0 0 1 1 1
1 P_5 50 50 0 0 0 1 1 1
1 P_5 51 51 0.228283 0.2347 0.241135 1 1 1
1 P_5 52 52 0 0 0 1 1 1
1 P_5 53 53 0.228283 0.2347 0.241135 1 1 1
1 P_5 54 54 0 0 0 1 1 1
1 P_5 55 55 0 0 0 1 1 1
1 P_5 56 56 0 0 0 1 1 1
1 P_5 57 57 0 0 0 1 1 1
1 P_5 58 58 0.228283 0.2347 0.241135 1 1 1
1 P_5 59 59 0 0 0 1 1 1
1 P_5 60 60 0.228283 0.2347 0.241135 1 1 1
1 P_5 61 61 0 0 0 1 1 1
1 P_5 62 62 0 0 0 1 1 1
1 P_5 63 63 0 0 0 1 1 1
1 P_5 64 64 0 0 0 1 1 1
1 P_5 65 65 0.5 0.5 0.5 1 1 1
1 P_5 66 66 0.5 0.5 0.5 1 1 1
1 P_5 67 67 0.2589155 0.26535 0.271767 1 1 1
1 P_5 68 68 0.2589155 0.26535 0.271767 1 1 1
1 P_5 69 69 0.228283 0.2347 0.241135 1 1 1
1 P_5 70 70 0 0 0 1 1 1
1 P_5 71 71 0.5 0.5 0.5 1 1 1
1 P_5 72 72 0 0 0 1 1 1
1 P_5 73 73 0 0 0 1 1 1
1 P_5 74 74 0 0 0 1 1 1
1 P_5 75 75 0 0 0 1 1 1
1 P_5 76 76 0 0 0 1 1 1
1 P_5 77 77 0 0 0 1 1 1
1 P_5 78 78 0.5 0.5 0.5 1 1 1
1 P_5 79 79 0.5 0.5 0.5 1 1 1
1 P_5 80 80 0 0 0 1 1 1
1 P_5 81 81 0 0 0 1 1 1
1 P_5 82 82 0 0 0 1 1 1
1 P_5 83 83 0 0 0 1 1 1
1 P_5 84 84 0.5 0.5 0.5 1 1 1
1 P_5 85 85 0.5 0.5 0.5 1 1 1
1 P_5 86 86 0 0 0 1 1 1
1 P_5 87 87 0 0 0 1 1 1
1 P_5 88 88 0 0 0 1 1 1
1 P_5 89 89 0 0 0 1 1 1
1 P_5 90 90 0 0 0 1 1 1
1 P_5 91 91 0 0 0 1 1 1
1 P_5 92 92 0.2589155 0.26535 0.271767 1 1 1
1 P_5 93 93 0.5 0.5 0.5 1 1 1
1 P_5 94 94 0 0 0 1 1 1
1 P_5 95 95 0.228283 0.2347 0.241135 1 1 1
1 P_5 96 96 0 0 0 1 1 1
1 P_5 97 97 0 0 0 1 1 1
1 P_5 98 98 0 0 0 1 1 1
1 P_5 99 99 0 0 0 1 1 1
1 P_5 100 100 0 0 0 1 1 1
1 P_5 101 101 0 0 0 1 1 1
1 P_5 102 102 0.5 0.5 0.5 1 1 1
1 P_5 103 103 0.2589155 0.26535 0.271767 1 1 1
1 P_5 104 104 0 0 0 1 1 1
1 P_5 105 105 0 0 0 1 1 1
1 P_5 106 106 0.2589155 0.26535 0.271767 1 1 1
1 P_5 107 107 0.5 0.5 0.5 1 1 1
1 P_5 108 108 0 0 0 1 1 1
1 P_5 109 109 0 0 0 1 1 1
1 P_5 110 110 0.5 0.5 0.5 1 1 1
1 P_5 111 111 0.5 0.5 0.5 1 1 1
1 P_5 112 112 0 0 0 1 1 1
1 P_5 113 113 0.228283 0.2347 0.241135 1 1 1
1 P_5 114 114 0.228283 0.2347 0.241135 1 1 1
1 P_5 115 115 0 0 0 1 1 1
1 P_5 116 116 0.228283 0.2347 0.241135 1 1 1
1 P_5 117 117 0 0 0 1 1 1
1 P_5 118 118 0 0 0 1 1 1
1 P_5 119 119 0 0 0 1 1 1
1 P_5 120 120 0 0 0 1 1 1
1 P_5 121 121 0 0 0 1 1 1
1 P_5 122 122 0 0 0 1 1 1
1 P_5 123 123 0.228283 0.2347 0.241135 1 1 1
1 P_5 124 124 0 0 0 1 1 1
1 P_5 125 125 0 0 0 1 1 1
1 P_5 126 126 0.228283 0.2347 0.241135 1 1 1
1 P_5 127 127 0 0 0 1 1 1
1 P_5 128 128 0.228283 0.2347 0.241135 1 1 1
1 P_5 129 129 0.5 0.5 0.5 1 1 1
1 P_5 130 130 0 0 0 1 1 1
1 P_5 131 131 0 0 0 1 1 1
1 P_5 132 132 0.5 0.5 0.5 1 1 1
1 P_5 133 133 0.2589155 0.26535 0.271767 1 1 1
1 P_5 134 134 0 0 0 1 1 1
1 P_5 135 135 0 0 0 1 1 1
1 P_5 136 136 0.2589155 0.26535 0.271767 1 1 1
1 P_5 137 137 0 0 0 1 1 1
1 P_5 138 138 0 0 0 1 1 1
1 P_5 139 139 0 0 0 1 1 1
1 P_5 140 140 0 0 0 1 1 1
1 P_5 141 141 0 0 0 1 1 1
1 P_5 142 142 0 0 0 1 1 1
1 P_5 143 143 0 0 0 1 1 1
1 P_5 144 144 0 0 0 1 1 1
1 P_5 145 145 0 0 0 1 1 1
1 P_5 146 146 0.2589155 0.26535 0.271767 1 1 1
1 P_5 147 147 0 0 0 1 1 1
1 P_5 148 148 0.228283 0.2347 0.241135 1 1 1
1 P_5 149 149 0 0 0 1 1 1
1 P_5 150 150 0.5 0.5 0.5 1 1 1
1 P_5 151 151 0 0 0 1 1 1
1 P_5 152 152 0 0 0 1 1 1
1 P_5 153 153 0 0 0 1 1 1
1 P_5 154 154 0 0 0 1 1 1
1 P_5 155 155 0.5 0.5 0.5 1 1 1
1 P_5 156 156 0.5 0.5 0.5 1 1 1
1 P_5 157 157 0.228283 0.2347 0.241135 1 1 1
1 P_5 158 158 0.2589155 0.26535 0.271767 1 1 1
1 P_5 159 159 0 0 0 1 1 1
1 P_5 160 160 0.228283 0.2347 0.241135 1 1 1
1 P_5 161 161 0.5 0.5 0.5 1 1 1
1 P_5 162 162 0.228283 0.2347 0.241135 1 1 1
1 P_5 163 163 0 0 0 1 1 1
1 P_5 164 164 0 0 0 1 1 1
1 P_5 165 165 0.2589155 0.26535 0.271767 1 1 1
1 P_5 166 166 0.5 0.5 0.5 1 1 1
1 P_5 167 167 0 0 0 1 1 1
1 P_5 168 168 0.2589155 0.26535 0.271767 1 1 1
1 P_5 169 169 0.2589155 0.26535 0.271767 1 1 1
1 P_5 170 170 0 0 0 1 1 1
1 P_5 171 171 0.5 0.5 0.5 1 1 1
1 P_5 172 172 0 0 0 1 1 1
1 P_5 173 173 0 0 0 1 1 1
1 P_5 174 174 0.5 0.5 0.5 1 1 1
1 P_5 175 175 0 0 0 1 1 1
1 P_5 176 176 0 0 0 1 1 1
1 P_5 177 177 0 0 0 1 1 1
1 P_5 178 178 0.5 0.5 0.5 1 1 1
1 P_5 179 179 0.228283 0.2347 0.241135 1 1 1
1 P_5 180 180 0 0 0 1 1 1
1 P_5 181 181 0.5 0.5 0.5 1 1 1
1 P_5 182 182 0 0 0 1 1 1
1 P_5 183 183 0 0 0 1 1 1
1 P_5 184 184 0 0 0 1 1 1
1 P_5 185 185 0 0 0 1 1 1
1 P_5 186 186 0.228283 0.2347 0.241135 1 1 1
1 P_5 187 187 0.2589155 0.26535 0.271767 1 1 1
1 P_5 188 188 0.228283 0.2347 0.241135 1 1 1
1 P_5 189 189 0 0 0 1 1 1
1 P_5 190 190 0 0 0 1 1 1
1 P_5 191 191 0 0 0 1 1 1
1 P_5 192 192 0 0 0 1 1 1
1 P_5 193 193 0 0 0 1 1 1
1 P_5 194 194 0 0 0 1 1 1
1 P_5 195 195 0 0 0 1 1 1
1 P_5 196 196 0.228283 0.2347 0.241135 1 1 1
1 P_5 197 197 0.5 0.5 0.5 1 1 1
1 P_5 198 198 0 0 0 1 1 1
1 P_5 199 199 0.2589155 0.26535 0.271767 1 1 1
1 P_5 200 200 0 0 0 1 1 1
1 P_5 201 201 0.5 0.5 0.5 1 1 1
1 P_5 202 202 0 0 0 1 1 1
1 P_5 203 203 0 0 0 1 1 1
1 P_5 204 204 0.2589155 0.26535 0.271767 1 1 1
1 P_5 205 205 0.228283 0.2347 0.241135 1 1 1
1 P_5 206 206 0 0 0 1 1 1
1 P_5 207 207 0 0 0 1 1 1
1 P_5 208 208 0 0 0 1 1 1
1 P_5 209 209 0 0 0 1 1 1
1 P_5 210 210 0 0 0 1 1 1
1 P_5 211 211 0 0 0 1 1 1
1 P_5 212 212 0 0 0 1 1 1
1 P_5 213 213 0.2589155 0.26535 0.271767 1 1 1
1 P_5 214 214 0.5 0.5 0.5 1 1 1
1 P_5 215 215 0.2589155 0.26535 0.271767 1 1 1
1 P_5 216 216 0.228283 0.2347 0.241135 1 1 1
1 P_5 217 217 0 0 0 1 1 1
1 P_5 218 218 0.5 0.5 0.5 1 1 1
1 P_5 219 219 0 0 0 1 1 1
1 P_5 220 220 0 0 0 1 1 1
1 P_5 221 221 0.5 0.5 0.5 1 1 1
1 P_5 222 222 0 0 0 1 1 1
1 P_5 223 223 0.5 0.5 0.5 1 1 1
1 P_5 224 224 0.228283 0.2347 0.241135 1 1 1
1 P_5 225 225 0 0 0 1 1 1
1 P_5 226 226 0 0 0 1 1 1
1 P_5 227 227 0 0 0 1 1 1
1 P_5 228 228 0 0 0 1 1 1
1 P_5 229 229 0 0 0 1 1 1
1 P_5 230 230 0 0 0 1 1 1
1 P_5 231 231 0 0 0 1 1 1
1 P_5 232 232 0.228283 0.2347 0.241135 1 1 1
1 P_5 233 233 0 0 0 1 1 1
1 P_5 234 234 0.228283 0.2347 0.241135 1 1 1
1 P_5 235 235 0.2589155 0.26535 0.271767 1 1 1
1 P_5 236 236 0.5 0.5 0.5 1 1 1
1 P_5 237 237 0.2589155 0.26535 0.271767 1 1 1
1 P_5 238 238 0 0 0 1 1 1
1 P_5 239 239 0.5 0.5 0.5 1 1 1
1 P_5 240 240 0.2589155 0.26535 0.271767 1 1 1
1 P_5 241 241 0.228283 0.2347 0.241135 1 1 1
1 P_5 242 242 0.228283 0.2347 0.241135 1 1 1
1 P_5 243 243 0.228283 0.2347 0.241135 1 1 1
1 P_5 244 244 0.5 0.5 0.5 1 1 1
1 P_5 245 245 0.228283 0.2347 0.241135 1 1 1
1 P_5 246 246 0 0 0 1 1 1
1 P_5 247 247 0.228283 0.2347 0.241135 1 1 1
1 P_5 248 248 0 0 0 1 1 1
1 P_5 249 249 0 0 0 1 1 1
1 P_5 250 250 0.5 0.5 0.5 1 1 1
1 P_5 251 251 0 0 0 1 1 1
1 P_5 252 252 0 0 0 1 1 1
1 P_5 253 253 0 0 0 1 1 1
1 P_5 254 254 0.228283 0.2347 0.241135 1 1 1
1 P_5 255 255 0.2589155 0.26535 0.271767 1 1 1
1 P_5 256 256 0 0 0 1 1 1
1 P_5 257 257 0 0 0 1 1 1
1 P_5 258 258 0 0 0 1 1 1
1 P_5 259 259 0 0 0 1 1 1
1 P_5 260 260 0.2589155 0.26535 0.271767 1 1 1
1 P_5 261 261 0.228283 0.2347 0.241135 1 1 1
1 P_5 262 262 0 0 0 1 1 1
1 P_5 263 263 0 0 0 1 1 1
1 P_5 264 264 0.228283 0.2347 0.241135 1 1 1
1 P_5 265 265 0 0 0 1 1 1
1 P_5 266 266 0.228283 0.2347 0.241135 1 1 1
1 P_5 267 267 0 0 0 1 1 1
1 P_5 268 268 0 0 0 1 1 1
1 P_5 269 269 0.228283 0.2347 0.241135 1 1 1
1 P_5 270 270 0 0 0 1 1 1
1 P_5 271 271 0 0 0 1 1 1
1 P_5 272 272 0 0 0 1 1 1
1 P_5 273 273 0 0 0 1 1 1
1 P_5 274 274 0 0 0 1 1 1
1 P_5 275 275 0.5 0.5 0.5 1 1 1
1 P_5 276 276 0 0 0 1 1 1
1 P_5 277 277 0.228283 0.2347 0.241135 1 1 1
1 P_5 278 278 0 0 0 1 1 1
1 P_5 279 279 0 0 0 1 1 1
1 P_5 280 280 0.5 0.5 0.5 1 1 1
1 P_5 281 281 0 0 0 1 1 1
1 P_5 282 282 0 0 0 1 1 1
1 P_5 283 283 0 0 0 1 1 1
1 P_5 284 284 0 0 0 1 1 1
1 P_5 285 285 0 0 0 1 1 1
1 P_5 286 286 0.228283 0.2347 0.241135 1 1 1
1 P_5 287 287 0.5 0.5 0.5 1 1 1
1 P_5 288 288 0 0 0 1 1 1
1 P_5 289 289 0.5 0.5 0.5 1 1 1
1 P_5 290 290 0 0 0 1 1 1
1 P_5 291 291 0 0 0 1 1 1
1 P_5 292 292 0 0 0 1 1 1
1 P_5 293 293 0 0 0 1 1 1
1 P_5 294 294 0 0 0 1 1 1
1 P_5 295 295 0.2589155 0.26535 0.271767 1 1 1
1 P_5 296 296 0.5 0.5 0.5 1 1 1
1 P_5 297 297 0 0 0 1 1 1
1 P_5 298 298 0 0 0 1 1 1
1 P_5 299 299 0 0 0 1 1 1
1 P_5 300 300 0.5 0.5 0.5 1 1 1
1 P_5 301 301 0.5 0.5 0.5 1 1 1
1 P_5 302 302 0.5 0.5 0.5 1 1 1
1 P_5 303 303 0.5 0.5 0.5 1 1 1
1 P_5 304 304 0 0 0 1 1 1
1 P_5 305 305 0 0 0 1 1 1
1 P_5 306 306 0 0 0 1 1 1
1 P_5 307 307 0.228283 0.2347 0.241135 1 1 1
1 P_5 308 308 0.228283 0.2347 0.241135 1 1 1
1 P_5 309 309 0 0 0 1 1 1
1 P_5 310 310 0 0 0 1 1 1
1 P_5 311 311 0.2589155 0.26535 0.271767 1 1 1
1 P_5 312 312 0.5 0.5 0.5 1 1 1
1 P_5 313 313 0 0 0 1 1 1
1 P_5 314 314 0 0 0 1 1 1
1 P_5 315 315 0.2589155 0.26535 0.271767 1 1 1
1 P_5 316 316 0.2589155 0.26535 0.271767 1 1 1
1 P_5 317 317 0.228283 0.2347 0.241135 1 1 1
1 P_5 318 318 0 0 0 1 1 1
1 P_5 319 319 0 0 0 1 1 1
1 P_5 320 320 0.228283 0.2347 0.241135 1 1 1
1 P_5 321 321 0.2589155 0.26535 0.271767 1 1 1
1 P_5 322 322 0 0 0 1 1 1
1 P_5 323 323 0 0 0 1 1 1
1 P_5 324 324 0 0 0 1 1 1
1 P_5 325 325 0 0 0 1 1 1
1 P_5 326 326 0 0 0 1 1 1
1 P_5 327 327 0 0 0 1 1 1
1 P_5 328 328 0.2589155 0.26535 0.271767 1 1 1
1 P_5 329 329 0.5 0.5 0.5 1 1 1
1 P_5 330 330 0.5 0.5 0.5 1 1 1
1 P_5 331 331 0.2589155 0.26535 0.271767 1 1 1
1 P_5 332 332 0 0 0 1 1 1
1 P_5 333 333 0 0 0 1 1 1
1 P_5 334 334 0 0 0 1 1 1
1 P_5 335 335 0 0 0 1 1 1
1 P_5 336 336 0 0 0 1 1 1
1 P_5 337 337 0.228283 0.2347 0.241135 1 1 1
1 P_5 338 338 0 0 0 1 1 1
1 P_5 339 339 0.228283 0.2347 0.241135 1 1 1
1 P_5 340 340 0 0 0 1 1 1
1 P_5 341 341 0 0 0 1 1 1
1 P_5 342 342 0 0 0 1 1 1
1 P_5 343 343 0.228283 0.2347 0.241135 1 1 1
1 P_5 344 344 0 0 0 1 1 1
1 P_5 345 345 0 0 0 1 1 1
1 P_5 346 346 0 0 0 1 1 1
1 P_5 347 347 0.228283 0.2347 0.241135 1 1 1
1 P_5 348 348 0.5 0.5 0.5 1 1 1
1 P_5 349 349 0 0 0 1 1 1
1 P_5 350 350 0.228283 0.2347 0.241135 1 1 1
1 P_5 351 351 0 0 0 1 1 1
1 P_5 352 352 0.228283 0.2347 0.241135 1 1 1
1 P_5 353 353 0 0 0 1 1 1
1 P_5 354 354 0.5 0.5 0.5 1 1 1
1 P_5 355 355 0 0 0 1 1 1
1 P_5 356 356 0 0 0 1 1 1
1 P_5 357 357 0 0 0 1 1 1
1 P_5 358 358 0.228283 0.2347 0.241135 1 1 1
1 P_5 359 359 0 0 0 1 1 1
1 P_5 360 360 0 0 0 1 1 1
1 P_5 361 361 0.228283 0.2347 0.241135 1 1 1
1 P_5 362 362 0 0 0 1 1 1
1 P_5 363 363 0 0 0 1 1 1
1 P_5 364 364 0.228283 0.2347 0.241135 1 1 1
1 P_5 365 365 0 0 0 1 1 1
1 P_5 366 366 0.5 0.5 0.5 1 1 1
1 P_5 367 367 0.228283 0.2347 0.241135 1 1 1
1 P_5 368 368 0 0 0 1 1 1
1 P_5 369 369 0.5 0.5 0.5 1 1 1
1 P_5 370 370 0.5 0.5 0.5 1 1 1
1 P_5 371 371 0.2589155 0.26535 0.271767 1 1 1
1 P_5 372 372 0.228283 0.2347 0.241135 1 1 1
1 P_5 373 373 0 0 0 1 1 1
1 P_5 374 374 0 0 0 1 1 1
1 P_5 375 375 0 0 0 1 1 1
1 P_5 376 376 0 0 0 1 1 1
1 P_5 377 377 0 0 0 1 1 1
1 P_5 378 378 0 0 0 1 1 1
1 P_5 379 379 0 0 0 1 1 1
1 P_5 380 380 0 0 0 1 1 1
1 P_5 381 381 0 0 0 1 1 1
1 P_5 382 382 0.2589155 0.26535 0.271767 1 1 1
1 P_5 383 383 0.228283 0.2347 0.241135 1 1 1
1 P_5 384 384 0 0 0 1 1 1
1 P_5 385 385 0 0 0 1 1 1
1 P_5 386 386 0.228283 0.2347 0.241135 1 1 1
1 P_5 387 387 0 0 0 1 1 1
1 P_5 388 388 0 0 0 1 1 1
1 P_5 389 389 0 0 0 1 1 1
1 P_5 390 390 0.228283 0.2347 0.241135 1 1 1
1 P_5 391 391 0.228283 0.2347 0.241135 1 1 1
1 P_5 392 392 0 0 0 1 1 1
1 P_5 393 393 0 0 0 1 1 1
1 P_5 394 394 0 0 0 1 1 1
1 P_5 395 395 0 0 0 1 1 1
1 P_5 396 396 0 0 0 1 1 1
1 P_5 397 397 0 0 0 1 1 1
1 P_5 398 398 0.2589155 0.26535 0.271767 1 1 1
1 P_5 399 399 0.5 0.5 0.5 1 1 1
1 P_5 400 400 0.228283 0.2347 0.241135 1 1 1
1 P_5 401 401 0.228283 0.2347 0.241135 1 1 1
1 P_5 402 402 0.228283 0.2347 0.241135 1 1 1
1 P_5 403 403 0.2589155 0.26535 0.271767 1 1 1
1 P_5 404 404 0 0 0 1 1 1
1 P_5 405 405 0 0 0 1 1 1
1 P_5 406 406 0.5 0.5 0.5 1 1 1
1 P_5 407 407 0 0 0 1 1 1
1 P_5 408 408 0 0 0 1 1 1
1 P_5 409 409 0.228283 0.2347 0.241135 1 1 1
1 P_5 410 410 0.228283 0.2347 0.241135 1 1 1
1 P_5 411 411 0 0 0 1 1 1
1 P_5 412 412 0.2589155 0.26535 0.271767 1 1 1
1 P_5 413 413 0 0 0 1 1 1
1 P_5 414 414 0.228283 0.2347 0.241135 1 1 1
1 P_5 415 415 0.228283 0.2347 0.241135 1 1 1
1 P_5 416 416 0 0 0 1 1 1
1 P_5 417 417 0 0 0 1 1 1
1 P_5 418 418 0 0 0 1 1 1
1 P_5 419 419 0 0 0 1 1 1
1 P_5 420 420 0.2589155 0.26535 0.271767 1 1 1
1 P_5 421 421 0.2589155 0.26535 0.271767 1 1 1
1 P_5 422 422 0.228283 0.2347 0.241135 1 1 1
1 P_5 423 423 0 0 0 1 1 1
1 P_5 424 424 0 0 0 1 1 1
1 P_5 425 425 0.228283 0.2347 0.241135 1 1 1
1 P_5 426 426 0 0 0 1 1 1
1 P_5 427 427 0 0 0 1 1 1
1 P_5 428 428 0.5 0.5 0.5 1 1 1
1 P_5 429 429 0.228283 0.2347 0.241135 1 1 1
1 P_5 430 430 0 0 0 1 1 1
1 P_5 431 431 0.228283 0.2347 0.241135 1 1 1
1 P_5 432 432 0 0 0 1 1 1
1 P_5 433 433 0 0 0 1 1 1
1 P_5 434 434 0.5 0.5 0.5 1 1 1
1 P_5 435 435 0.228283 0.2347 0.241135 1 1 1
1 P_5 436 436 0 0 0 1 1 1
1 P_5 437 437 0.2589155 0.26535 0.271767 1 1 1
1 P_5 438 438 0.5 0.5 0.5 1 1 1
1 P_5 439 439 0 0 0 1 1 1
1 P_5 440 440 0 0 0 1 1 1
1 P_5 441 441 0.228283 0.2347 0.241135 1 1 1
1 P_5 442 442 0 0 0 1 1 1
1 P_5 443 443 0 0 0 1 1 1
1 P_5 444 444 0.5 0.5 0.5 1 1 1
1 P_5 445 445 0.5 0.5 0.5 1 1 1
1 P_5 446 446 0 0 0 1 1 1
1 P_5 447 447 0.5 0.5 0.5 1 1 1
1 P_5 448 448 0.2589155 0.26535 0.271767 1 1 1
1 P_5 449 449 0.2589155 0.26535 0.271767 1 1 1
1 P_5 450 450 0 0 0 1 1 1
1 P_5 451 451 0 0 0 1 1 1
1 P_5 452 452 0 0 0 1 1 1
1 P_5 453 453 0 0 0 1 1 1
1 P_5 454 454 0.228283 0.2347 0.241135 1 1 1
1 P_5 455 455 0 0 0 1 1 1
1 P_5 456 456 0 0 0 1 1 1
1 P_5 457 457 0.228283 0.2347 0.241135 1 1 1
1 P_5 458 458 0 0 0 1 1 1
1 P_5 459 459 0 0 0 1 1 1
1 P_5 460 460 0 0 0 1 1 1
1 P_5 461 461 0.2589155 0.26535 0.271767 1 1 1
1 P_5 462 462 0 0 0 1 1 1
1 P_5 463 463 0 0 0 1 1 1
1 P_5 464 464 0 0 0 1 1 1
1 P_5 465 465 0.5 0.5 0.5 1 1 1
1 P_5 466 466 0.2589155 0.26535 0.271767 1 1 1
1 P_5 467 467 0.228283 0.2347 0.241135 1 1 1
1 P_5 468 468 0 0 0 1 1 1
1 P_5 469 469 0 0 0 1 1 1
1 P_5 470 470 0.228283 0.2347 0.241135 1 1 1
1 P_5 471 471 0.5 0.5 0.5 1 1 1
1 P_5 472 472 0 0 0 1 1 1
1 P_5 473 473 0 0 0 1 1 1
1 P_5 474 474 0.228283 0.2347 0.241135 1 1 1
1 P_5 475 475 0 0 0 1 1 1
1 P_5 476 476 0 0 0 1 1 1
1 P_5 477 477 0.2589155 0.26535 0.271767 1 1 1
1 P_5 478 478 0 0 0 1 1 1
1 P_5 479 479 0.228283 0.2347 0.241135 1 1 1
1 P_5 480 480 0 0 0 1 1 1
1 P_5 481 481 0.5 0.5 0.5 1 1 1
1 P_5 482 482 0 0 0 1 1 1
1 P_5 483 483 0 0 0 1 1 1
1 P_5 484 484 0 0 0 1 1 1
1 P_5 485 485 0 0 0 1 1 1
1 P_5 486 486 0 0 0 1 1 1
1 P_5 487 487 0.5 0.5 0.5 1 1 1
1 P_5 488 488 0.5 0.5 0.5 1 1 1
1 P_5 489 489 0 0 0 1 1 1
1 P_5 490 490 0 0 0 1 1 1
1 P_5 491 491 0 0 0 1 1 1
1 P_5 492 492 0.5 0.5 0.5 1 1 1
1 P_5 493 493 0 0 0 1 1 1
1 P_5 494 494 0 0 0 1 1 1
1 P_5 495 495 0.228283 0.2347 0.241135 1 1 1
1 P_5 496 496 0.5 0.5 0.5 1 1 1
1 P_5 497 497 0 0 0 1 1 1
1 P_5 498 498 0 0 0 1 1 1
1 P_5 499 499 0.228283 0.2347 0.241135 1 1 1
1 P_5 500 500 0.228283 0.2347 0.241135 1 1 1
1 P_5 501 501 0.5 0.5 0.5 1 1 1
1 P_5 502 502 0.228283 0.2347 0.241135 1 1 1
1 P_5 503 503 0 0 0 1 1 1
1 P_5 504 504 0.5 0.5 0.5 1 1 1
1 P_5 505 505 0 0 0 1 1 1
1 P_5 506 506 0 0 0 1 1 1
1 P_5 507 507 0 0 0 1 1 1
1 P_5 508 508 0 0 0 1 1 1
1 P_5 509 509 0.228283 0.2347 0.241135 1 1 1
1 P_5 510 510 0.228283 0.2347 0.241135 1 1 1
1 P_5 511 511 0.2589155 0.26535 0.271767 1 1 1
1 P_5 512 512 0.5 0.5 0.5 1 1 1
1 P_5 513 513 0.228283 0.2347 0.241135 1 1 1
1 P_5 514 514 0.228283 0.2347 0.241135 1 1 1
1 P_5 515 515 0.5 0.5 0.5 1 1 1
1 P_5 516 516 0.5 0.5 0.5 1 1 1
1 P_5 517 517 0.5 0.5 0.5 1 1 1
1 P_5 518 518 0.2589155 0.26535 0.271767 1 1 1
1 P_5 519 519 0 0 0 1 1 1
1 P_5 520 520 0 0 0 1 1 1
1 P_5 521 521 0 0 0 1 1 1
1 P_5 522 522 0.5 0.5 0.5 1 1 1
1 P_5 523 523 0.228283 0.2347 0.241135 1 1 1
1 P_5 524 524 0 0 0 1 1 1
1 P_5 525 525 0 0 0 1 1 1
1 P_5 526 526 0 0 0 1 1 1
1 P_5 527 527 0 0 0 1 1 1
1 P_5 528 528 0 0 0 1 1 1
1 P_5 529 529 0 0 0 1 1 1
1 P_5 530 530 0 0 0 1 1 1
1 P_5 531 531 0.228283 0.2347 0.241135 1 1 1
1 P_5 532 532 0 0 0 1 1 1
1 P_5 533 533 0.5 0.5 0.5 1 1 1
1 P_5 534 534 0 0 0 1 1 1
1 P_5 535 535 0.2589155 0.26535 0.271767 1 1 1
1 P_5 536 536 0 0 0 1 1 1
1 P_5 537 537 0.228283 0.2347 0.241135 1 1 1
1 P_5 538 538 0 0 0 1 1 1
1 P_5 539 539 0.228283 0.2347 0.241135 1 1 1
1 P_5 540 540 0 0 0 1 1 1
1 P_5 541 541 0 0 0 1 1 1
1 P_5 542 542 0 0 0 1 1 1
1 P_5 543 543 0 0 0 1 1 1
1 P_5 544 544 0 0 0 1 1 1
1 P_5 545 545 0 0 0 1 1 1
1 P_5 546 546 0 0 0 1 1 1
1 P_5 547 547 0 0 0 1 1 1
1 P_5 548 548 0.228283 0.2347 0.241135 1 1 1
1 P_5 549 549 0.228283 0.2347 0.241135 1 1 1
1 P_5 550 550 0.5 0.5 0.5 1 1 1
1 P_5 551 551 0 0 0 1 1 1
1 P_5 552 552 0.5 0.5 0.5 1 1 1
1 P_5 553 553 0 0 0 1 1 1
1 P_5 554 554 0.5 0.5 0.5 1 1 1
1 P_5 555 555 0 0 0 1 1 1
1 P_5 556 556 0.228283 0.2347 0.241135 1 1 1
1 P_5 557 557 0 0 0 1 1 1
1 P_5 558 558 0.228283 0.2347 0.241135 1 1 1
1 P_5 559 559 0.5 0.5 0.5 1 1 1
1 P_5 560 560 0 0 0 1 1 1
1 P_5 561 561 0 0 0 1 1 1
1 P_5 562 562 0.5 0.5 0.5 1 1 1
1 P_5 563 563 0.5 0.5 0.5 1 1 1
1 P_5 564 564 0.5 0.5 0.5 1 1 1
1 P_5 565 565 0.228283 0.2347 0.241135 1 1 1
1 P_5 566 566 0.5 0.5 0.5 1 1 1
1 P_5 567 567 0.228283 0.2347 0.241135 1 1 1
1 P_5 568 568 0 0 0 1 1 1
1 P_5 569 569 0 0 0 1 1 1
1 P_5 570 570 0 0 0 1 1 1
1 P_5 571 571 0.5 0.5 0.5 1 1 1
1 P_5 572 572 0 0 0 1 1 1
1 P_5 573 573 0 0 0 1 1 1
1 P_5 574 574 0.228283 0.2347 0.241135 1 1 1
1 P_5 575 575 0 0 0 1 1 1
1 P_5 576 576 0.228283 0.2347 0.241135 1 1 1
1 P_5 577 577 0 0 0 1 1 1
1 P_5 578 578 0.2589155 0.26535 0.271767 1 1 1
1 P_5 579 579 0.2589155 0.26535 0.271767 1 1 1
1 P_5 580 580 0.5 0.5 0.5 1 1 1
1 P_5 581 581 0.228283 0.2347 0.241135 1 1 1
1 P_5 582 582 0.228283 0.2347 0.241135 1 1 1
1 P_5 583 583 0.228283 0.2347 0.241135 1 1 1
1 P_5 584 584 0 0 0 1 1 1
1 P_5 585 585 0 0 0 1 1 1
1 P_5 586 586 0.228283 0.2347 0.241135 1 1 1
1 P_5 587 587 0 0 0 1 1 1
1 P_5 588 588 0 0 0 1 1 1
1 P_5 589 589 0 0 0 1 1 1
1 P_5 590 590 0 0 0 1 1 1
1 P_5 591 591 0.5 0.5 0.5 1 1 1
1 P_5 592 592 0 0 0 1 1 1
1 P_5 593 593 0 0 0 1 1 1
1 P_5 594 594 0 0 0 1 1 1
1 P_5 595 595 0 0 0 1 1 1
1 P_5 596 596 0 0 0 1 1 1
1 P_5 597 597 0.228283 0.2347 0.241135 1 1 1
1 P_5 598 598 0 0 0 1 1 1
1 P_5 599 599 0 0 0 1 1 1
1 P_5 600 600 0 0 0 1 1 1
2 P_8 0 0 0.5 0.5 0.5 1 1 1
2 P_8 1 1 0.5 0.5 0.5 1 1 1
2 P_8 2 2 0.5 0.5 0.5 1 1 1
2 P_8 3 3 0 0 0 1 1 1
2 P_8 4 4 0 0 0 1 1 1
2 P_8 5 5 0 0 0 1 1 1
2 P_8 6 6 0 0 0 1 1 1
2 P_8 7 7 0 0 0 1 1 1
2 P_8 8 8 0 0 0 1 1 1
2 P_8 9 9 0.352941 0.3588 0.364534 1 1 1
2 P_8 10 10 0 0 0 1 1 1
2 P_8 11 11 0 0 0 1 1 1
2 P_8 12 12 0.352941 0.3588 0.364534 1 1 1
2 P_8 13 13 0 0 0 1 1 1
2 P_8 14 14 0 0 0 1 1 1
2 P_8 15 15 0 0 0 1 1 1
2 P_8 16 16 0 0 0 1 1 1
2 P_8 17 17 0 0 0 1 1 1
2 P_8 18 18 0 0 0 1 1 1
2 P_8 19 19 0 0 0 1 1 1
2 P_8 20 20 0 0 0 1 1 1
2 P_8 21 21 0 0 0 1 1 1
2 P_8 22 22 0.352941 0.3588 0.364534 1 1 1
2 P_8 23 23 0.1355155 0.14125 0.14711 1 1 1
2 P_8 24 24 0 0 0 1 1 1
2 P_8 25 25 0 0 0 1 1 1
2 P_8 26 26 0 0 0 1 1 1
2 P_8 27 27 0 0 0 1 1 1
2 P_8 28 28 0.352941 0.3588 0.364534 1 1 1
2 P_8 29 29 0.5 0.5 0.5 1 1 1
2 P_8 30 30 0 0 0 1 1 1
2 P_8 31 31 0 0 0 1 1 1
2 P_8 32 32 0.5 0.5 0.5 1 1 1
2 P_8 33 33 0 0 0 1 1 1
2 P_8 34 34 0.1355155 0.14125 0.14711 1 1 1
2 P_8 35 35 0 0 0 1 1 1
2 P_8 36 36 0 0 0 1 1 1
2 P_8 37 37 0 0 0 1 1 1
2 P_8 38 38 0 0 0 1 1 1
2 P_8 39 39 0.352941 0.3588 0.364534 1 1 1
2 P_8 40 40 0 0 0 1 1 1
2 P_8 41 41 0 0 0 1 1 1
2 P_8 42 42 0.5 0.5 0.5 1 1 1
2 P_8 43 43 0 0 0 1 1 1
2 P_8 44 44 0 0 0 1 1 1
2 P_8 45 45 0 0 0 1 1 1
2 P_8 46 46 0 0 0 1 1 1
2 P_8 47 47 0 0 0 1 1 1
2 P_8 48 48 0.5 0.5 0.5 1 1 1
2 P_8 49 49 0 0 0 1 1 1
2 P_8 50 50 0 0 0 1 1 1
2 P_8 51 51 0 0 0 1 1 1
2 P_8 52 52 0.1355155 0.14125 0.14711 1 1 1
2 P_8 53 53 0.5 0.5 0.5 1 1 1
2 P_8 54 54 0 0 0 1 1 1
2 P_8 55 55 0.1355155 0.14125 0.14711 1 1 1
2 P_8 56 56 0 0 0 1 1 1
2 P_8 57 57 0 0 0 1 1 1
2 P_8 58 58 0.5 0.5 0.5 1 1 1
2 P_8 59 59 0 0 0 1 1 1
2 P_8 60 60 0 0 0 1 1 1
2 P_8 61 61 0 0 0 1 1 1
2 P_8 62 62 0 0 0 1 1 1
2 P_8 63 63 0 0 0 1 1 1
2 P_8 64 64 0 0 0 1 1 1
2 P_8 65 65 0.5 0.5 0.5 1 1 1
2 P_8 66 66 0.5 0.5 0.5 1 1 1
2 P_8 67 67 0 0 0 1 1 1
2 P_8 68 68 0 0 0 1 1 1
2 P_8 69 69 0 0 0 1 1 1
2 P_8 70 70 0.352941 0.3588 0.364534 1 1 1
2 P_8 71 71 0.5 0.5 0.5 1 1 1
2 P_8 72 72 0 0 0 1 1 1
2 P_8 73 73 0 0 0 1 1 1
2 P_8 74 74 0 0 0 1 1 1
2 P_8 75 75 0 0 0 1 1 1
2 P_8 76 76 0 0 0 1 1 1
2 P_8 77 77 0 0 0 1 1 1
2 P_8 78 78 0.5 0.5 0.5 1 1 1
2 P_8 79 79 0.5 0.5 0.5 1 1 1
2 P_8 80 80 0.1355155 0.14125 0.14711 1 1 1
2 P_8 81 81 0.1355155 0.14125 0.14711 1 1 1
2 P_8 82 82 0 0 0 1 1 1
2 P_8 83 83 0 0 0 1 1 1
2 P_8 84 84 0.5 0.5 0.5 1 1 1
2 P_8 85 85 0.5 0.5 0.5 1 1 1
2 P_8 86 86 0 0 0 1 1 1
2 P_8 87 87 0 0 0 1 1 1
2 P_8 88 88 0.352941 0.3588 0.364534 1 1 1
2 P_8 89 89 0.352941 0.3588 0.364534 1 1 1
2 P_8 90 90 0 0 0 1 1 1
2 P_8 91 91 0.352941 0.3588 0.364534 1 1 1
2 P_8 92 92 0 0 0 1 1 1
2 P_8 93 93 0.5 0.5 0.5 1 1 1
2 P_8 94 94 0 0 0 1 1 1
2 P_8 95 95 0 0 0 1 1 1
2 P_8 96 96 0.352941 0.3588 0.364534 1 1 1
2 P_8 97 97 0.1355155 0.14125 0.14711 1 1 1
2 P_8 98 98 0.1355155 0.14125 0.14711 1 1 1
2 P_8 99 99 0 0 0 1 1 1
2 P_8 100 100 0.352941 0.3588 0.364534 1 1 1
2 P_8 101 101 0 0 0 1 1 1
2 P_8 102 102 0.5 0.5 0.5 1 1 1
2 P_8 103 103 0 0 0 1 1 1
2 P_8 104 104 0 0 0 1 1 1
2 P_8 105 105 0.1355155 0.14125 0.14711 1 1 1
2 P_8 106 106 0 0 0 1 1 1
2 P_8 107 107 0.5 0.5 0.5 1 1 1
2 P_8 108 108 0.1355155 0.14125 0.14711 1 1 1
2 P_8 109 109 0 0 0 1 1 1
2 P_8 110 110 0.5 0.5 0.5 1 1 1
2 P_8 111 111 0.5 0.5 0.5 1 1 1
2 P_8 112 112 0.352941 0.3588 0.364534 1 1 1
2 P_8 113 113 0 0 0 1 1 1
2 P_8 114 114 0 0 0 1 1 1
2 P_8 115 115 0 0 0 1 1 1
2 P_8 116 116 0 0 0 1 1 1
2 P_8 117 117 0.1355155 0.14125 0.14711 1 1 1
2 P_8 118 118 0.1355155 0.14125 0.14711 1 1 1
2 P_8 119 119 0.1355155 0.14125 0.14711 1 1 1
2 P_8 120 120 0 0 0 1 1 1
2 P_8 121 121 0 0 0 1 1 1
2 P_8 122 122 0 0 0 1 1 1
2 P_8 123 123 0 0 0 1 1 1
2 P_8 124 124 0 0 0 1 1 1
2 P_8 125 125 0.1355155 0.14125 0.14711 1 1 1
2 P_8 126 126 0 0 0 1 1 1
2 P_8 127 127 0.1355155 0.14125 0.14711 1 1 1
2 P_8 128 128 0.5 0.5 0.5 1 1 1
2 P_8 129 129 0.5 0.5 0.5 1 1 1
2 P_8 130 130 0 0 0 1 1 1
2 P_8 131 131 0 0 0 1 1 1
2 P_8 132 132 0.5 0.5 0.5 1 1 1
2 P_8 133 133 0 0 0 1 1 1
2 P_8 134 134 0 0 0 1 1 1
2 P_8 135 135 0 0 0 1 1 1
2 P_8 136 136 0 0 0 1 1 1
2 P_8 137 137 0 0 0 1 1 1
2 P_8 138 138 0 0 0 1 1 1
2 P_8 139 139 0 0 0 1 1 1
2 P_8 140 140 0 0 0 1 1 1
2 P_8 141 141 0 0 0 1 1 1
2 P_8 142 142 0 0 0 1 1 1
2 P_8 143 143 0.352941 0.3588 0.364534 1 1 1
2 P_8 144 144 0.1355155 0.14125 0.14711 1 1 1
2 P_8 145 145 0.1355155 0.14125 0.14711 1 1 1
2 P_8 146 146 0 0 0 1 1 1
2 P_8 147 147 0.352941 0.3588 0.364534 1 1 1
2 P_8 148 148 0 0 0 1 1 1
2 P_8 149 149 0.1355155 0.14125 0.14711 1 1 1
2 P_8 150 150 0.5 0.5 0.5 1 1 1
2 P_8 151 151 0.1355155 0.14125 0.14711 1 1 1
2 P_8 152 152 0.1355155 0.14125 0.14711 1 1 1
2 P_8 153 153 0 0 0 1 1 1
2 P_8 154 154 0 0 0 1 1 1
2 P_8 155 155 0.5 0.5 0.5 1 1 1
2 P_8 156 156 0.5 0.5 0.5 1 1 1
2 P_8 157 157 0 0 0 1 1 1
2 P_8 158 158 0 0 0 1 1 1
2 P_8 159 159 0 0 0 1 1 1
2 P_8 160 160 0 0 0 1 1 1
2 P_8 161 161 0.5 0.5 0.5 1 1 1
2 P_8 162 162 0 0 0 1 1 1
2 P_8 163 163 0 0 0 1 1 1
2 P_8 164 164 0 0 0 1 1 1
2 P_8 165 165 0 0 0 1 1 1
2 P_8 166 166 0.5 0.5 0.5 1 1 1
2 P_8 167 167 0 0 0 1 1 1
2 P_8 168 168 0 0 0 1 1 1
2 P_8 169 169 0 0 0 1 1 1
2 P_8 170 170 0 0 0 1 1 1
2 P_8 171 171 0.5 0.5 0.5 1 1 1
2 P_8 172 172 0 0 0 1 1 1
2 P_8 173 173 0 0 0 1 1 1
2 P_8 174 174 0.5 0.5 0.5 1 1 1
2 P_8 175 175 0 0 0 1 1 1
2 P_8 176 176 0.352941 0.3588 0.364534 1 1 1
2 P_8 177 177 0.352941 0.3588 0.364534 1 1 1
2 P_8 178 178 0.5 0.5 0.5 1 1 1
2 P_8 179 179 0 0 0 1 1 1
2 P_8 180 180 0.352941 0.3588 0.364534 1 1 1
2 P_8 181 181 0.5 0.5 0.5 1 1 1
2 P_8 182 182 0 0 0 1 1 1
2 P_8 183 183 0 0 0 1 1 1
2 P_8 184 184 0.1355155 0.14125 0.14711 1 1 1
2 P_8 185 185 0.352941 0.3588 0.364534 1 1 1
2 P_8 186 186 0 0 0 1 1 1
2 P_8 187 187 0 0 0 1 1 1
2 P_8 188 188 0 0 0 1 1 1
2 P_8 189 189 0 0 0 1 1 1
2 P_8 190 190 0 0 0 1 1 1
2 P_8 191 191 0 0 0 1 1 1
2 P_8 192 192 0.352941 0.3588 0.364534 1 1 1
2 P_8 193 193 0.352941 0.3588 0.364534 1 1 1
2 P_8 194 194 0 0 0 1 1 1
2 P_8 195 195 0 0 0 1 1 1
2 P_8 196 196 0 0 0 1 1 1
2 P_8 197 197 0.5 0.5 0.5 1 1 1
2 P_8 198 198 0.352941 0.3588 0.364534 1 1 1
2 P_8 199 199 0 0 0 1 1 1
2 P_8 200 200 0.352941 0.3588 0.364534 1 1 1
2 P_8 201 201 0.5 0.5 0.5 1 1 1
2 P_8 202 202 0 0 0 1 1 1
2 P_8 203 203 0 0 0 1 1 1
2 P_8 204 204 0 0 0 1 1 1
2 P_8 205 205 0.5 0.5 0.5 1 1 1
2 P_8 206 206 0 0 0 1 1 1
2 P_8 207 207 0 0 0 1 1 1
2 P_8 208 208 0 0 0 1 1 1
2 P_8 209 209 0 0 0 1 1 1
2 P_8 210 210 0 0 0 1 1 1
2 P_8 211 211 0.1355155 0.14125 0.14711 1 1 1
2 P_8 212 212 0 0 0 1 1 1
2 P_8 213 213 0 0 0 1 1 1
2 P_8 214 214 0.5 0.5 0.5 1 1 1
2 P_8 215 215 0 0 0 1 1 1
2 P_8 216 216 0 0 0 1 1 1
2 P_8 217 217 0 0 0 1 1 1
2 P_8 218 218 0.5 0.5 0.5 1 1 1
2 P_8 219 219 0 0 0 1 1 1
2 P_8 220 220 0.352941 0.3588 0.364534 1 1 1
2 P_8 221 221 0.5 0.5 0.5 1 1 1
2 P_8 222 222 0 0 0 1 1 1
2 P_8 223 223 0.5 0.5 0.5 1 1 1
2 P_8 224 224 0 0 0 1 1 1
2 P_8 225 225 0 0 0 1 1 1
2 P_8 226 226 0 0 0 1 1 1
2 P_8 227 227 0.352941 0.3588 0.364534 1 1 1
2 P_8 228 228 0 0 0 1 1 1
2 P_8 229 229 0 0 0 1 1 1
2 P_8 230 230 0 0 0 1 1 1
2 P_8 231 231 0 0 0 1 1 1
2 P_8 232 232 0 0 0 1 1 1
2 P_8 233 233 0 0 0 1 1 1
2 P_8 234 234 0 0 0 1 1 1
2 P_8 235 235 0 0 0 1 1 1
2 P_8 236 236 0.5 0.5 0.5 1 1 1
2 P_8 237 237 0 0 0 1 1 1
2 P_8 238 238 0.352941 0.3588 0.364534 1 1 1
2 P_8 239 239 0.5 0.5 0.5 1 1 1
2 P_8 240 240 0 0 0 1 1 1
2 P_8 241 241 0.5 0.5 0.5 1 1 1
2 P_8 242 242 0 0 0 1 1 1
2 P_8 243 243 0 0 0 1 1 1
2 P_8 244 244 0.5 0.5 0.5 1 1 1
2 P_8 245 245 0 0 0 1 1 1
2 P_8 246 246 0 0 0 1 1 1
2 P_8 247 247 0 0 0 1 1 1
2 P_8 248 248 0 0 0 1 1 1
2 P_8 249 249 0.1355155 0.14125 0.14711 1 1 1
2 P_8 250 250 0.5 0.5 0.5 1 1 1
2 P_8 251 251 0 0 0 1 1 1
2 P_8 252 252 0 0 0 1 1 1
2 P_8 253 253 0 0 0 1 1 1
2 P_8 254 254 0 0 0 1 1 1
2 P_8 255 255 0 0 0 1 1 1
2 P_8 256 256 0 0 0 1 1 1
2 P_8 257 257 0 0 0 1 1 1
2 P_8 258 258 0 0 0 1 1 1
2 P_8 259 259 0 0 0 1 1 1
2 P_8 260 260 0 0 0 1 1 1
2 P_8 261 261 0.5 0.5 0.5 1 1 1
2 P_8 262 262 0.1355155 0.14125 0.14711 1 1 1
2 P_8 263 263 0 0 0 1 1 1
2 P_8 264 264 0 0 0 1 1 1
2 P_8 265 265 0.352941 0.3588 0.364534 1 1 1
2 P_8 266 266 0.5 0.5 0.5 1 1 1
2 P_8 267 267 0 0 0 1 1 1
2 P_8 268 268 0.352941 0.3588 0.364534 1 1 1
2 P_8 269 269 0.5 0.5 0.5 1 1 1
2 P_8 270 270 0.1355155 0.14125 0.14711 1 1 1
2 P_8 271 271 0 0 0 1 1 1
2 P_8 272 272 0.1355155 0.14125 0.14711 1 1 1
2 P_8 273 273 0 0 0 1 1 1
2 P_8 274 274 0 0 0 1 1 1
2 P_8 275 275 0.5 0.5 0.5 1 1 1
2 P_8 276 276 0.1355155 0.14125 0.14711 1 1 1
2 P_8 277 277 0 0 0 1 1 1
2 P_8 278 278 0 0 0 1 1 1
2 P_8 279 279 0 0 0 1 1 1
2 P_8 280 280 0.5 0.5 0.5 1 1 1
2 P_8 281 281 0 0 0 1 1 1
2 P_8 282 282 0 0 0 1 1 1
2 P_8 283 283 0.1355155 0.14125 0.14711 1 1 1
2 P_8 284 284 0 0 0 1 1 1
2 P_8 285 285 0 0 0 1 1 1
2 P_8 286 286 0.5 0.5 0.5 1 1 1
2 P_8 287 287 0.5 0.5 0.5 1 1 1
2 P_8 288 288 0.352941 0.3588 0.364534 1 1 1
2 P_8 289 289 0.5 0.5 0.5 1 1 1
2 P_8 290 290 0 0 0 1 1 1
2 P_8 291 291 0.352941 0.3588 0.364534 1 1 1
2 P_8 292 292 0 0 0 1 1 1
2 P_8 293 293 0.1355155 0.14125 0.14711 1 1 1
2 P_8 294 294 0 0 0 1 1 1
2 P_8 295 295 0 0 0 1 1 1
2 P_8 296 296 0.5 0.5 0.5 1 1 1
2 P_8 297 297 0 0 0 1 1 1
2 P_8 298 298 0 0 0 1 1 1
2 P_8 299 299 0 0 0 1 1 1
2 P_8 300 300 0.5 0.5 0.5 1 1 1
2 P_8 301 301 0.5 0.5 0.5 1 1 1
2 P_8 302 302 0.5 0.5 0.5 1 1 1
2 P_8 303 303 0.5 0.5 0.5 1 1 1
2 P_8 304 304 0.352941 0.3588 0.364534 1 1 1
2 P_8 305 305 0.352941 0.3588 0.364534 1 1 1
2 P_8 306 306 0.352941 0.3588 0.364534 1 1 1
2 P_8 307 307 0 0 0 1 1 1
2 P_8 308 308 0 0 0 1 1 1
2 P_8 309 309 0.352941 0.3588 0.364534 1 1 1
2 P_8 310 310 0 0 0 1 1 1
2 P_8 311 311 0 0 0 1 1 1
2 P_8 312 312 0.5 0.5 0.5 1 1 1
2 P_8 313 313 0 0 0 1 1 1
2 P_8 314 314 0.1355155 0.14125 0.14711 1 1 1
2 P_8 315 315 0 0 0 1 1 1
2 P_8 316 316 0 0 0 1 1 1
2 P_8 317 317 0 0 0 1 1 1
2 P_8 318 318 0 0 0 1 1 1
2 P_8 319 319 0.352941 0.3588 0.364534 1 1 1
2 P_8 320 320 0.5 0.5 0.5 1 1 1
2 P_8 321 321 0 0 0 1 1 1
2 P_8 322 322 0.352941 0.3588 0.364534 1 1 1
2 P_8 323 323 0 0 0 1 1 1
2 P_8 324 324 0 0 0 1 1 1
2 P_8 325 325 0 0 0 1 1 1
2 P_8 326 326 0 0 0 1 1 1
2 P_8 327 327 0 0 0 1 1 1
2 P_8 328 328 0 0 0 1 1 1
2 P_8 329 329 0.5 0.5 0.5 1 1 1
2 P_8 330 330 0.5 0.5 0.5 1 1 1
2 P_8 331 331 0 0 0 1 1 1
2 P_8 332 332 0 0 0 1 1 1
2 P_8 333 333 0.352941 0.3588 0.364534 1 1 1
2 P_8 334 334 0 0 0 1 1 1
2 P_8 335 335 0 0 0 1 1 1
2 P_8 336 336 0.1355155 0.14125 0.14711 1 1 1
2 P_8 337 337 0 0 0 1 1 1
2 P_8 338 338 0.352941 0.3588 0.364534 1 1 1
2 P_8 339 339 0.5 0.5 0.5 1 1 1
2 P_8 340 340 0.1355155 0.14125 0.14711 1 1 1
2 P_8 341 341 0.352941 0.3588 0.364534 1 1 1
2 P_8 342 342 0 0 0 1 1 1
2 P_8 343 343 0 0 0 1 1 1
2 P_8 344 344 0.352941 0.3588 0.364534 1 1 1
2 P_8 345 345 0 0 0 1 1 1
2 P_8 346 346 0.352941 0.3588 0.364534 1 1 1
2 P_8 347 347 0.5 0.5 0.5 1 1 1
2 P_8 348 348 0.5 0.5 0.5 1 1 1
2 P_8 349 349 0 0 0 1 1 1
2 P_8 350 350 0.5 0.5 0.5 1 1 1
2 P_8 351 351 0 0 0 1 1 1
2 P_8 352 352 0 0 0 1 1 1
2 P_8 353 353 0 0 0 1 1 1
2 P_8 354 354 0.5 0.5 0.5 1 1 1
2 P_8 355 355 0 0 0 1 1 1
2 P_8 356 356 0 0 0 1 1 1
2 P_8 357 357 0 0 0 1 1 1
2 P_8 358 358 0 0 0 1 1 1
2 P_8 359 359 0 0 0 1 1 1
2 P_8 360 360 0 0 0 1 1 1
2 P_8 361 361 0 0 0 1 1 1
2 P_8 362 362 0.352941 0.3588 0.364534 1 1 1
2 P_8 363 363 0 0 0 1 1 1
2 P_8 364 364 0 0 0 1 1 1
2 P_8 365 365 0 0 0 1 1 1
2 P_8 366 366 0.5 0.5 0.5 1 1 1
2 P_8 367 367 0.5 0.5 0.5 1 1 1
2 P_8 368 368 0 0 0 1 1 1
2 P_8 369 369 0.5 0.5 0.5 1 1 1
2 P_8 370 370 0.5 0.5 0.5 1 1 1
2 P_8 371 371 0 0 0 1 1 1
2 P_8 372 372 0 0 0 1 1 1
2 P_8 373 373 0.1355155 0.14125 0.14711 1 1 1
2 P_8 374 374 0.1355155 0.14125 0.14711 1 1 1
2 P_8 375 375 0 0 0 1 1 1
2 P_8 376 376 0 0 0 1 1 1
2 P_8 377 377 0 0 0 1 1 1
2 P_8 378 378 0 0 0 1 1 1
2 P_8 379 379 0 0 0 1 1 1
2 P_8 380 380 0 0 0 1 1 1
2 P_8 381 381 0.352941 0.3588 0.364534 1 1 1
2 P_8 382 382 0 0 0 1 1 1
2 P_8 383 383 0.5 0.5 0.5 1 1 1
2 P_8 384 384 0 0 0 1 1 1
2 P_8 385 385 0.352941 0.3588 0.364534 1 1 1
2 P_8 386 386 0 0 0 1 1 1
2 P_8 387 387 0 0 0 1 1 1
2 P_8 388 388 0 0 0 1 1 1
2 P_8 389 389 0 0 0 1 1 1
2 P_8 390 390 0 0 0 1 1 1
2 P_8 391 391 0 0 0 1 1 1
2 P_8 392 392 0 0 0 1 1 1
2 P_8 393 393 0 0 0 1 1 1
2 P_8 394 394 0.352941 0.3588 0.364534 1 1 1
2 P_8 395 395 0 0 0 1 1 1
2 P_8 396 396 0 0 0 1 1 1
2 P_8 397 397 0.1355155 0.14125 0.14711 1 1 1
2 P_8 398 398 0 0 0 1 1 1
2 P_8 399 399 0.5 0.5 0.5 1 1 1
2 P_8 400 400 0 0 0 1 1 1
2 P_8 401 401 0 0 0 1 1 1
2 P_8 402 402 0 0 0 1 1 1
2 P_8 403 403 0 0 0 1 1 1
2 P_8 404 404 0 0 0 1 1 1
2 P_8 405 405 0.1355155 0.14125 0.14711 1 1 1
2 P_8 406 406 0.5 0.5 0.5 1 1 1
2 P_8 407 407 0.1355155 0.14125 0.14711 1 1 1
2 P_8 408 408 0.352941 0.3588 0.364534 1 1 1
2 P_8 409 409 0 0 0 1 1 1
2 P_8 410 410 0.5 0.5 0.5 1 1 1
2 P_8 411 411 0.352941 0.3588 0.364534 1 1 1
2 P_8 412 412 0 0 0 1 1 1
2 P_8 413 413 0 0 0 1 1 1
2 P_8 414 414 0 0 0 1 1 1
2 P_8 415 415 0 0 0 1 1 1
2 P_8 416 416 0 0 0 1 1 1
2 P_8 417 417 0 0 0 1 1 1
2 P_8 418 418 0 0 0 1 1 1
2 P_8 419 419 0.352941 0.3588 0.364534 1 1 1
2 P_8 420 420 0 0 0 1 1 1
2 P_8 421 421 0 0 0 1 1 1
2 P_8 422 422 0 0 0 1 1 1
2 P_8 423 423 0 0 0 1 1 1
2 P_8 424 424 0.352941 0.3588 0.364534 1 1 1
2 P_8 425 425 0 0 0 1 1 1
2 P_8 426 426 0 0 0 1 1 1
2 P_8 427 427 0.1355155 0.14125 0.14711 1 1 1
2 P_8 428 428 0.5 0.5 0.5 1 1 1
2 P_8 429 429 0 0 0 1 1 1
2 P_8 430 430 0 0 0 1 1 1
2 P_8 431 431 0 0 0 1 1 1
2 P_8 432 432 0.352941 0.3588 0.364534 1 1 1
2 P_8 433 433 0.1355155 0.14125 0.14711 1 1 1
2 P_8 434 434 0.5 0.5 0.5 1 1 1
2 P_8 435 435 0 0 0 1 1 1
2 P_8 436 436 0.352941 0.3588 0.364534 1 1 1
2 P_8 437 437 0 0 0 1 1 1
2 P_8 438 438 0.5 0.5 0.5 1 1 1
2 P_8 439 439 0.1355155 0.14125 0.14711 1 1 1
2 P_8 440 440 0.352941 0.3588 0.364534 1 1 1
2 P_8 441 441 0 0 0 1 1 1
2 P_8 442 442 0 0 0 1 1 1
2 P_8 443 443 0.352941 0.3588 0.364534 1 1 1
2 P_8 444 444 0.5 0.5 0.5 1 1 1
2 P_8 445 445 0.5 0.5 0.5 1 1 1
2 P_8 446 446 0 0 0 1 1 1
2 P_8 447 447 0.5 0.5 0.5 1 1 1
2 P_8 448 448 0 0 0 1 1 1
2 P_8 449 449 0 0 0 1 1 1
2 P_8 450 450 0 0 0 1 1 1
2 P_8 451 451 0 0 0 1 1 1
2 P_8 452 452 0 0 0 1 1 1
2 P_8 453 453 0 0 0 1 1 1
2 P_8 454 454 0.5 0.5 0.5 1 1 1
2 P_8 455 455 0.352941 0.3588 0.364534 1 1 1
2 P_8 456 456 0 0 0 1 1 1
2 P_8 457 457 0 0 0 1 1 1
2 P_8 458 458 0 0 0 1 1 1
2 P_8 459 459 0.352941 0.3588 0.364534 1 1 1
2 P_8 460 460 0 0 0 1 1 1
2 P_8 461 461 0 0 0 1 1 1
2 P_8 462 462 0 0 0 1 1 1
2 P_8 463 463 0.1355155 0.14125 0.14711 1 1 1
2 P_8 464 464 0 0 0 1 1 1
2 P_8 465 465 0.5 0.5 0.5 1 1 1
2 P_8 466 466 0 0 0 1 1 1
2 P_8 467 467 0 0 0 1 1 1
2 P_8 468 468 0 0 0 1 1 1
2 P_8 469 469 0.352941 0.3588 0.364534 1 1 1
2 P_8 470 470 0 0 0 1 1 1
2 P_8 471 471 0.5 0.5 0.5 1 1 1
2 P_8 472 472 0 0 0 1 1 1
2 P_8 473 473 0 0 0 1 1 1
2 P_8 474 474 0.5 0.5 0.5 1 1 1
2 P_8 475 475 0 0 0 1 1 1
2 P_8 476 476 0.1355155 0.14125 0.14711 1 1 1
2 P_8 477 477 0 0 0 1 1 1
2 P_8 478 478 0 0 0 1 1 1
2 P_8 479 479 0 0 0 1 1 1
2 P_8 480 480 0.1355155 0.14125 0.14711 1 1 1
2 P_8 481 481 0.5 0.5 0.5 1 1 1
2 P_8 482 482 0.1355155 0.14125 0.14711 1 1 1
2 P_8 483 483 0 0 0 1 1 1
2 P_8 484 484 0.1355155 0.14125 0.14711 1 1 1
2 P_8 485 485 0 0 0 1 1 1
2 P_8 486 486 0 0 0 1 1 1
2 P_8 487 487 0.5 0.5 0.5 1 1 1
2 P_8 488 488 0.5 0.5 0.5 1 1 1
2 P_8 489 489 0 0 0 1 1 1
2 P_8 490 490 0 0 0 1 1 1
2 P_8 491 491 0.352941 0.3588 0.364534 1 1 1
2 P_8 492 492 0.5 0.5 0.5 1 1 1
2 P_8 493 493 0 0 0 1 1 1
2 P_8 494 494 0 0 0 1 1 1
2 P_8 495 495 0 0 0 1 1 1
2 P_8 496 496 0.5 0.5 0.5 1 1 1
2 P_8 497 497 0.352941 0.3588 0.364534 1 1 1
2 P_8 498 498 0.1355155 0.14125 0.14711 1 1 1
2 P_8 499 499 0.5 0.5 0.5 1 1 1
2 P_8 500 500 0 0 0 1 1 1
2 P_8 501 501 0.5 0.5 0.5 1 1 1
2 P_8 502 502 0.5 0.5 0.5 1 1 1
2 P_8 503 503 0.352941 0.3588 0.364534 1 1 1
2 P_8 504 504 0.5 0.5 0.5 1 1 1
2 P_8 505 505 0 0 0 1 1 1
2 P_8 506 506 0 0 0 1 1 1
2 P_8 507 507 0 0 0 1 1 1
2 P_8 508 508 0.352941 0.3588 0.364534 1 1 1
2 P_8 509 509 0 0 0 1 1 1
2 P_8 510 510 0.5 0.5 0.5 1 1 1
2 P_8 511 511 0 0 0 1 1 1
2 P_8 512 512 0.5 0.5 0.5 1 1 1
2 P_8 513 513 0.5 0.5 0.5 1 1 1
2 P_8 514 514 0 0 0 1 1 1
2 P_8 515 515 0.5 0.5 0.5 1 1 1
2 P_8 516 516 0.5 0.5 0.5 1 1 1
2 P_8 517 517 0.5 0.5 0.5 1 1 1
2 P_8 518 518 0 0 0 1 1 1
2 P_8 519 519 0.1355155 0.14125 0.14711 1 1 1
2 P_8 520 520 0 0 0 1 1 1
2 P_8 521 521 0.1355155 0.14125 0.14711 1 1 1
2 P_8 522 522 0.5 0.5 0.5 1 1 1
2 P_8 523 523 0 0 0 1 1 1
2 P_8 524 524 0.1355155 0.14125 0.14711 1 1 1
2 P_8 525 525 0.352941 0.3588 0.364534 1 1 1
2 P_8 526 526 0.1355155 0.14125 0.14711 1 1 1
2 P_8 527 527 0.352941 0.3588 0.364534 1 1 1
2 P_8 528 528 0 0 0 1 1 1
2 P_8 529 529 0.1355155 0.14125 0.14711 1 1 1
2 P_8 530 530 0.1355155 0.14125 0.14711 1 1 1
2 P_8 531 531 0 0 0 1 1 1
2 P_8 532 532 0.352941 0.3588 0.364534 1 1 1
2 P_8 533 533 0.5 0.5 0.5 1 1 1
2 P_8 534 534 0.1355155 0.14125 0.14711 1 1 1
2 P_8 535 535 0 0 0 1 1 1
2 P_8 536 536 0.352941 0.3588 0.364534 1 1 1
2 P_8 537 537 0 0 0 1 1 1
2 P_8 538 538 0 0 0 1 1 1
2 P_8 539 539 0 0 0 1 1 1
2 P_8 540 540 0.1355155 0.14125 0.14711 1 1 1
2 P_8 541 541 0 0 0 1 1 1
2 P_8 542 542 0.352941 0.3588 0.364534 1 1 1
2 P_8 543 543 0 0 0 1 1 1
2 P_8 544 544 0 0 0 1 1 1
2 P_8 545 545 0 0 0 1 1 1
2 P_8 546 546 0 0 0 1 1 1
2 P_8 547 547 0 0 0 1 1 1
2 P_8 548 548 0.5 0.5 0.5 1 1 1
2 P_8 549 549 0.5 0.5 0.5 1 1 1
2 P_8 550 550 0.5 0.5 0.5 1 1 1
2 P_8 551 551 0 0 0 1 1 1
2 P_8 552 552 0.5 0.5 0.5 1 1 1
2 P_8 553 553 0 0 0 1 1 1
2 P_8 554 554 0.5 0.5 0.5 1 1 1
2 P_8 555 555 0 0 0 1 1 1
2 P_8 556 556 0 0 0 1 1 1
2 P_8 557 557 0 0 0 1 1 1
2 P_8 558 558 0.5 0.5 0.5 1 1 1
2 P_8 559 559 0.5 0.5 0.5 1 1 1
2 P_8 560 560 0 0 0 1 1 1
2 P_8 561 561 0.1355155 0.14125 0.14711 1 1 1
2 P_8 562 562 0.5 0.5 0.5 1 1 1
2 P_8 563 563 0.5 0.5 0.5 1 1 1
2 P_8 564 564 0.5 0.5 0.5 1 1 1
2 P_8 565 565 0.5 0.5 0.5 1 1 1
2 P_8 566 566 0.5 0.5 0.5 1 1 1
2 P_8 567 567 0.5 0.5 0.5 1 1 1
2 P_8 568 568 0 0 0 1 1 1
2 P_8 569 569 0 0 0 1 1 1
2 P_8 570 570 0 0 0 1 1 1
2 P_8 571 571 0.5 0.5 0.5 1 1 1
2 P_8 572 572 0.352941 0.3588 0.364534 1 1 1
2 P_8 573 573 0.352941 0.3588 0.364534 1 1 1
2 P_8 574 574 0 0 0 1 1 1
2 P_8 575 575 0.1355155 0.14125 0.14711 1 1 1
2 P_8 576 576 0.5 0.5 0.5 1 1 1
2 P_8 577 577 0.352941 0.3588 0.364534 1 1 1
2 P_8 578 578 0 0 0 1 1 1
2 P_8 579 579 0 0 0 1 1 1
2 P_8 580 580 0.5 0.5 0.5 1 1 1
2 P_8 581 581 0.5 0.5 0.5 1 1 1
2 P_8 582 582 0 0 0 1 1 1
2 P_8 583 583 0 0 0 1 1 1
2 P_8 584 584 0 0 0 1 1 1
2 P_8 585 585 0 0 0 1 1 1
2 P_8 586 586 0 0 0 1 1 1
2 P_8 587 587 0 0 0 1 1 1
2 P_8 588 588 0.352941 0.3588 0.364534 1 1 1
2 P_8 589 589 0.1355155 0.14125 0.14711 1 1 1
2 P_8 590 590 0.1355155 0.14125 0.14711 1 1 1
2 P_8 591 591 0.5 0.5 0.5 1 1 1
2 P_8 592 592 0 0 0 1 1 1
2 P_8 593 593 0.352941 0.3588 0.364534 1 1 1
2 P_8 594 594 0.1355155 0.14125 0.14711 1 1 1
2 P_8 595 595 0.1355155 0.14125 0.14711 1 1 1
2 P_8 596 596 0 0 0 1 1 1
2 P_8 597 597 0.5 0.5 0.5 1 1 1
2 P_8 598 598 0 0 0 1 1 1
2 P_8 599 599 0.352941 0.3588 0.364534 1 1 1
2 P_8 600 600 0 0 0 1 1 1
3 P_3 0 0 0.5 0.5 0.5 1 1 1
3 P_3 1 1 0.5 0.5 0.5 1 1 1
3 P_3 2 2 0.5 0.5 0.5 1 1 1
3 P_3 3 3 0 0 0 1 1 1
3 P_3 4 4 0 0 0 1 1 1
3 P_3 5 5 0 0 0 1 1 1
3 P_3 6 6 0 0 0 1 1 1
3 P_3 7 7 0 0 0 1 1 1
3 P_3 8 8 0 0 0 1 1 1
3 P_3 9 9 0 0 0 1 1 1
3 P_3 10 10 0 0 0 1 1 1
3 P_3 11 11 0 0 0 1 1 1
3 P_3 12 12 0 0 0 1 1 1
3 P_3 13 13 0 0 0 1 1 1
3 P_3 14 14 0 0 0 1 1 1
3 P_3 15 15 0 0 0 1 1 1
3 P_3 16 16 0.204514 0.21085 0.217231 1 1 1
3 P_3 17 17 0 0 0 1 1 1
3 P_3 18 18 0 0 0 1 1 1
3 P_3 19 19 0 0 0 1 1 1
3 P_3 20 20 0 0 0 1 1 1
3 P_3 21 21 0 0 0 1 1 1
3 P_3 22 22 0 0 0 1 1 1
3 P_3 23 23 0 0 0 1 1 1
3 P_3 24 24 0 0 0 1 1 1
3 P_3 25 25 0 0 0 1 1 1
3 P_3 26 26 0.204514 0.21085 0.217231 1 1 1
3 P_3 27 27 0 0 0 1 1 1
3 P_3 28 28 0.158697 0.1647 0.170801 1 1 1
3 P_3 29 29 0.5 0.5 0.5 1 1 1
3 P_3 30 30 0 0 0 1 1 1
3 P_3 31 31 0.204514 0.21085 0.217231 1 1 1
3 P_3 32 32 0.5 0.5 0.5 1 1 1
3 P_3 33 33 0 0 0 1 1 1
3 P_3 34 34 0 0 0 1 1 1
3 P_3 35 35 0 0 0 1 1 1
3 P_3 36 36 0 0 0 1 1 1
3 P_3 37 37 0 0 0 1 1 1
3 P_3 38 38 0 0 0 1 1 1
3 P_3 39 39 0 0 0 1 1 1
3 P_3 40 40 0 0 0 1 1 1
3 P_3 41 41 0 0 0 1 1 1
3 P_3 42 42 0.5 0.5 0.5 1 1 1
3 P_3 43 43 0 0 0 1 1 1
3 P_3 44 44 0 0 0 1 1 1
3 P_3 45 45 0 0 0 1 1 1
3 P_3 46 46 0 0 0 1 1 1
3 P_3 47 47 0 0 0 1 1 1
3 P_3 48 48 0.5 0.5 0.5 1 1 1
3 P_3 49 49 0 0 0 1 1 1
3 P_3 50 50 0 0 0 1 1 1
3 P_3 51 51 0 0 0 1 1 1
3 P_3 52 52 0 0 0 1 1 1
3 P_3 53 53 0.282819 0.2892 0.295536 1 1 1
3 P_3 54 54 0 0 0 1 1 1
3 P_3 55 55 0.119004 0.1245 0.1301405 1 1 1
3 P_3 56 56 0 0 0 1 1 1
3 P_3 57 57 0 0 0 1 1 1
3 P_3 58 58 0.282819 0.2892 0.295536 1 1 1
3 P_3 59 59 0 0 0 1 1 1
3 P_3 60 60 0 0 0 1 1 1
3 P_3 61 61 0 0 0 1 1 1
3 P_3 62 62 0 0 0 1 1 1
3 P_3 63 63 0 0 0 1 1 1
3 P_3 64 64 0 0 0 1 1 1
3 P_3 65 65 0.5 0.5 0.5 1 1 1
3 P_3 66 66 0.5 0.5 0.5 1 1 1
3 P_3 67 67 0.204514 0.21085 0.217231 1 1 1
3 P_3 68 68 0.204514 0.21085 0.217231 1 1 1
3 P_3 69 69 0 0 0 1 1 1
3 P_3 70 70 0 0 0 1 1 1
3 P_3 71 71 0.5 0.5 0.5 1 1 1
3 P_3 72 72 0 0 0 1 1 1
3 P_3 73 73 0 0 0 1 1 1
3 P_3 74 74 0.119004 0.1245 0.1301405 1 1 1
3 P_3 75 75 0 0 0 1 1 1
3 P_3 76 76 0 0 0 1 1 1
3 P_3 77 77 0.119004 0.1245 0.1301405 1 1 1
3 P_3 78 78 0.5 0.5 0.5 1 1 1
3 P_3 79 79 0.5 0.5 0.5 1 1 1
3 P_3 80 80 0 0 0 1 1 1
3 P_3 81 81 0 0 0 1 1 1
3 P_3 82 82 0 0 0 1 1 1
3 P_3 83 83 0 0 0 1 1 1
3 P_3 84 84 0.5 0.5 0.5 1 1 1
3 P_3 85 85 0.5 0.5 0.5 1 1 1
3 P_3 86 86 0 0 0 1 1 1
3 P_3 87 87 0 0 0 1 1 1
3 P_3 88 88 0 0 0 1 1 1
3 P_3 89 89 0 0 0 1 1 1
3 P_3 90 90 0 0 0 1 1 1
3 P_3 91 91 0 0 0 1 1 1
3 P_3 92 92 0.204514 0.21085 0.217231 1 1 1
3 P_3 93 93 0.5 0.5 0.5 1 1 1
3 P_3 94 94 0 0 0 1 1 1
3 P_3 95 95 0 0 0 1 1 1
3 P_3 96 96 0 0 0 1 1 1
3 P_3 97 97 0 0 0 1 1 1
3 P_3 98 98 0 0 0 1 1 1
3 P_3 99 99 0 0 0 1 1 1
3 P_3 100 100 0 0 0 1 1 1
3 P_3 101 101 0 0 0 1 1 1
3 P_3 102 102 0.5 0.5 0.5 1 1 1
3 P_3 103 103 0.204514 0.21085 0.217231 1 1 1
3 P_3 104 104 0 0 0 1 1 1
3 P_3 105 105 0 0 0 1 1 1
3 P_3 106 106 0.204514 0.21085 0.217231 1 1 1
3 P_3 107 107 0.5 0.5 0.5 1 1 1
3 P_3 108 108 0 0 0 1 1 1
3 P_3 109 109 0 0 0 1 1 1
3 P_3 110 110 0.5 0.5 0.5 1 1 1
3 P_3 111 111 0.5 0.5 0.5 1 1 1
3 P_3 112 112 0 0 0 1 1 1
3 P_3 113 113 0 0 0 1 1 1
3 P_3 114 114 0 0 0 1 1 1
3 P_3 115 115 0 0 0 1 1 1
3 P_3 116 116 0 0 0 1 1 1
3 P_3 117 117 0 0 0 1 1 1
3 P_3 118 118 0 0 0 1 1 1
3 P_3 119 119 0 0 0 1 1 1
3 P_3 120 120 0 0 0 1 1 1
3 P_3 121 121 0 0 0 1 1 1
3 P_3 122 122 0 0 0 1 1 1
3 P_3 123 123 0 0 0 1 1 1
3 P_3 124 124 0 0 0 1 1 1
3 P_3 125 125 0 0 0 1 1 1
3 P_3 126 126 0 0 0 1 1 1
3 P_3 127 127 0 0 0 1 1 1
3 P_3 128 128 0.282819 0.2892 0.295536 1 1 1
3 P_3 129 129 0.5 0.5 0.5 1 1 1
3 P_3 130 130 0 0 0 1 1 1
3 P_3 131 131 0 0 0 1 1 1
3 P_3 132 132 0.5 0.5 0.5 1 1 1
3 P_3 133 133 0.204514 0.21085 0.217231 1 1 1
3 P_3 134 134 0 0 0 1 1 1
3 P_3 135 135 0 0 0 1 1 1
3 P_3 136 136 0.204514 0.21085 0.217231 1 1 1
3 P_3 137 137 0 0 0 1 1 1
3 P_3 138 138 0 0 0 1 1 1
3 P_3 139 139 0 0 0 1 1 1
3 P_3 140 140 0 0 0 1 1 1
3 P_3 141 141 0 0 0 1 1 1
3 P_3 142 142 0 0 0 1 1 1
3 P_3 143 143 0 0 0 1 1 1
3 P_3 144 144 0.119004 0.1245 0.1301405 1 1 1
3 P_3 145 145 0 0 0 1 1 1
3 P_3 146 146 0.204514 0.21085 0.217231 1 1 1
3 P_3 147 147 0 0 0 1 1 1
3 P_3 148 148 0 0 0 1 1 1
3 P_3 149 149 0 0 0 1 1 1
3 P_3 150 150 0.5 0.5 0.5 1 1 1
3 P_3 151 151 0 0 0 1 1 1
3 P_3 152 152 0 0 0 1 1 1
3 P_3 153 153 0 0 0 1 1 1
3 P_3 154 154 0 0 0 1 1 1
3 P_3 155 155 0.5 0.5 0.5 1 1 1
3 P_3 156 156 0.5 0.5 0.5 1 1 1
3 P_3 157 157 0 0 0 1 1 1
3 P_3 158 158 0.204514 0.21085 0.217231 1 1 1
3 P_3 159 159 0 0 0 1 1 1
3 P_3 160 160 0 0 0 1 1 1
3 P_3 161 161 0.5 0.5 0.5 1 1 1
3 P_3 162 162 0 0 0 1 1 1
3 P_3 163 163 0 0 0 1 1 1
3 P_3 164 164 0 0 0 1 1 1
3 P_3 165 165 0.204514 0.21085 0.217231 1 1 1
3 P_3 166 166 0.5 0.5 0.5 1 1 1
3 P_3 167 167 0 0 0 1 1 1
3 P_3 168 168 0.204514 0.21085 0.217231 1 1 1
3 P_3 169 169 0.204514 0.21085 0.217231 1 1 1
3 P_3 170 170 0.119004 0.1245 0.1301405 1 1 1
3 P_3 171 171 0.5 0.5 0.5 1 1 1
3 P_3 172 172 0 0 0 1 1 1
3 P_3 173 173 0 0 0 1 1 1
3 P_3 174 174 0.5 0.5 0.5 1 1 1
3 P_3 175 175 0 0 0 1 1 1
3 P_3 176 176 0 0 0 1 1 1
3 P_3 177 177 0 0 0 1 1 1
3 P_3 178 178 0.5 0.5 0.5 1 1 1
3 P_3 179 179 0 0 0 1 1 1
3 P_3 180 180 0 0 0 1 1 1
3 P_3 181 181 0.5 0.5 0.5 1 1 1
3 P_3 182 182 0 0 0 1 1 1
3 P_3 183 183 0 0 0 1 1 1
3 P_3 184 184 0 0 0 1 1 1
3 P_3 185 185 0.158697 0.1647 0.170801 1 1 1
3 P_3 186 186 0 0 0 1 1 1
3 P_3 187 187 0.204514 0.21085 0.217231 1 1 1
3 P_3 188 188 0 0 0 1 1 1
3 P_3 189 189 0 0 0 1 1 1
3 P_3 190 190 0 0 0 1 1 1
3 P_3 191 191 0 0 0 1 1 1
3 P_3 192 192 0 0 0 1 1 1
3 P_3 193 193 0 0 0 1 1 1
3 P_3 194 194 0 0 0 1 1 1
3 P_3 195 195 0 0 0 1 1 1
3 P_3 196 196 0 0 0 1 1 1
3 P_3 197 197 0.5 0.5 0.5 1 1 1
3 P_3 198 198 0 0 0 1 1 1
3 P_3 199 199 0.204514 0.21085 0.217231 1 1 1
3 P_3 200 200 0 0 0 1 1 1
3 P_3 201 201 0.5 0.5 0.5 1 1 1
3 P_3 202 202 0 0 0 1 1 1
3 P_3 203 203 0 0 0 1 1 1
3 P_3 204 204 0.204514 0.21085 0.217231 1 1 1
3 P_3 205 205 0.282819 0.2892 0.295536 1 1 1
3 P_3 206 206 0 0 0 1 1 1
3 P_3 207 207 0 0 0 1 1 1
3 P_3 208 208 0 0 0 1 1 1
3 P_3 209 209 0 0 0 1 1 1
3 P_3 210 210 0 0 0 1 1 1
3 P_3 211 211 0 0 0 1 1 1
3 P_3 212 212 0 0 0 1 1 1
3 P_3 213 213 0.204514 0.21085 0.217231 1 1 1
3 P_3 214 214 0.5 0.5 0.5 1 1 1
3 P_3 215 215 0.204514 0.21085 0.217231 1 1 1
3 P_3 216 216 0 0 0 1 1 1
3 P_3 217 217 0 0 0 1 1 1
3 P_3 218 218 0.5 0.5 0.5 1 1 1
3 P_3 219 219 0 0 0 1 1 1
3 P_3 220 220 0 0 0 1 1 1
3 P_3 221 221 0.5 0.5 0.5 1 1 1
3 P_3 222 222 0 0 0 1 1 1
3 P_3 223 223 0.5 0.5 0.5 1 1 1
3 P_3 224 224 0 0 0 1 1 1
3 P_3 225 225 0 0 0 1 1 1
3 P_3 226 226 0 0 0 1 1 1
3 P_3 227 227 0 0 0 1 1 1
3 P_3 228 228 0 0 0 1 1 1
3 P_3 229 229 0 0 0 1 1 1
3 P_3 230 230 0 0 0 1 1 1
3 P_3 231 231 0 0 0 1 1 1
3 P_3 232 232 0 0 0 1 1 1
3 P_3 233 233 0 0 0 1 1 1
3 P_3 234 234 0 0 0 1 1 1
3 P_3 235 235 0.204514 0.21085 0.217231 1 1 1
3 P_3 236 236 0.5 0.5 0.5 1 1 1
3 P_3 237 237 0.204514 0.21085 0.217231 1 1 1
3 P_3 238 238 0 0 0 1 1 1
3 P_3 239 239 0.5 0.5 0.5 1 1 1
3 P_3 240 240 0.204514 0.21085 0.217231 1 1 1
3 P_3 241 241 0.282819 0.2892 0.295536 1 1 1
3 P_3 242 242 0 0 0 1 1 1
3 P_3 243 243 0 0 0 1 1 1
3 P_3 244 244 0.5 0.5 0.5 1 1 1
3 P_3 245 245 0 0 0 1 1 1
3 P_3 246 246 0 0 0 1 1 1
3 P_3 247 247 0 0 0 1 1 1
3 P_3 248 248 0 0 0 1 1 1
3 P_3 249 249 0 0 0 1 1 1
3 P_3 250 250 0.5 0.5 0.5 1 1 1
3 P_3 251 251 0 0 0 1 1 1
3 P_3 252 252 0 0 0 1 1 1
3 P_3 253 253 0 0 0 1 1 1
3 P_3 254 254 0 0 0 1 1 1
3 P_3 255 255 0.204514 0.21085 0.217231 1 1 1
3 P_3 256 256 0 0 0 1 1 1
3 P_3 257 257 0 0 0 1 1 1
3 P_3 258 258 0 0 0 1 1 1
3 P_3 259 259 0 0 0 1 1 1
3 P_3 260 260 0.204514 0.21085 0.217231 1 1 1
3 P_3 261 261 0.282819 0.2892 0.295536 1 1 1
3 P_3 262 262 0 0 0 1 1 1
3 P_3 263 263 0 0 0 1 1 1
3 P_3 264 264 0 0 0 1 1 1
3 P_3 265 265 0 0 0 1 1 1
3 P_3 266 266 0.282819 0.2892 0.295536 1 1 1
3 P_3 267 267 0 0 0 1 1 1
3 P_3 268 268 0 0 0 1 1 1
3 P_3 269 269 0.282819 0.2892 0.295536 1 1 1
3 P_3 270 270 0 0 0 1 1 1
3 P_3 271 271 0 0 0 1 1 1
3 P_3 272 272 0 0 0 1 1 1
3 P_3 273 273 0 0 0 1 1 1
3 P_3 274 274 0 0 0 1 1 1
3 P_3 275 275 0.5 0.5 0.5 1 1 1
3 P_3 276 276 0 0 0 1 1 1
3 P_3 277 277 0 0 0 1 1 1
3 P_3 278 278 0 0 0 1 1 1
3 P_3 279 279 0 0 0 1 1 1
3 P_3 280 280 0.5 0.5 0.5 1 1 1
3 P_3 281 281 0 0 0 1 1 1
3 P_3 282 282 0 0 0 1 1 1
3 P_3 283 283 0 0 0 1 1 1
3 P_3 284 284 0 0 0 1 1 1
3 P_3 285 285 0 0 0 1 1 1
3 P_3 286 286 0.282819 0.2892 0.295536 1 1 1
3 P_3 287 287 0.5 0.5 0.5 1 1 1
3 P_3 288 288 0 0 0 1 1 1
3 P_3 289 289 0.5 0.5 0.5 1 1 1
3 P_3 290 290 0 0 0 1 1 1
3 P_3 291 291 0 0 0 1 1 1
3 P_3 292 292 0 0 0 1 1 1
3 P_3 293 293 0.119004 0.1245 0.1301405 1 1 1
3 P_3 294 294 0 0 0 1 1 1
3 P_3 295 295 0.204514 0.21085 0.217231 1 1 1
3 P_3 296 296 0.5 0.5 0.5 1 1 1
3 P_3 297 297 0 0 0 1 1 1
3 P_3 298 298 0 0 0 1 1 1
3 P_3 299 299 0 0 0 1 1 1
3 P_3 300 300 0.5 0.5 0.5 1 1 1
3 P_3 301 301 0.5 0.5 0.5 1 1 1
3 P_3 302 302 0.5 0.5 0.5 1 1 1
3 P_3 303 303 0.5 0.5 0.5 1 1 1
3 P_3 304 304 0 0 0 1 1 1
3 P_3 305 305 0.158697 0.1647 0.170801 1 1 1
3 P_3 306 306 0 0 0 1 1 1
3 P_3 307 307 0 0 0 1 1 1
3 P_3 308 308 0 0 0 1 1 1
3 P_3 309 309 0.158697 0.1647 0.170801 1 1 1
3 P_3 310 310 0 0 0 1 1 1
3 P_3 311 311 0.204514 0.21085 0.217231 1 1 1
3 P_3 312 312 0.5 0.5 0.5 1 1 1
3 P_3 313 313 0 0 0 1 1 1
3 P_3 314 314 0 0 0 1 1 1
3 P_3 315 315 0.204514 0.21085 0.217231 1 1 1
3 P_3 316 316 0.204514 0.21085 0.217231 1 1 1
3 P_3 317 317 0 0 0 1 1 1
3 P_3 318 318 0 0 0 1 1 1
3 P_3 319 319 0 0 0 1 1 1
3 P_3 320 320 0.282819 0.2892 0.295536 1 1 1
3 P_3 321 321 0.204514 0.21085 0.217231 1 1 1
3 P_3 322 322 0 0 0 1 1 1
3 P_3 323 323 0 0 0 1 1 1
3 P_3 324 324 0 0 0 1 1 1
3 P_3 325 325 0 0 0 1 1 1
3 P_3 326 326 0 0 0 1 1 1
3 P_3 327 327 0 0 0 1 1 1
3 P_3 328 328 0.204514 0.21085 0.217231 1 1 1
3 P_3 329 329 0.5 0.5 0.5 1 1 1
3 P_3 330 330 0.5 0.5 0.5 1 1 1
3 P_3 331 331 0.204514 0.21085 0.217231 1 1 1
3 P_3 332 332 0 0 0 1 1 1
3 P_3 333 333 0 0 0 1 1 1
3 P_3 334 334 0 0 0 1 1 1
3 P_3 335 335 0 0 0 1 1 1
3 P_3 336 336 0 0 0 1 1 1
3 P_3 337 337 0 0 0 1 1 1
3 P_3 338 338 0 0 0 1 1 1
3 P_3 339 339 0.282819 0.2892 0.295536 1 1 1
3 P_3 340 340 0.119004 0.1245 0.1301405 1 1 1
3 P_3 341 341 0.158697 0.1647 0.170801 1 1 1
3 P_3 342 342 0 0 0 1 1 1
3 P_3 343 343 0 0 0 1 1 1
3 P_3 344 344 0 0 0 1 1 1
3 P_3 345 345 0 0 0 1 1 1
3 P_3 346 346 0 0 0 1 1 1
3 P_3 347 347 0.282819 0.2892 0.295536 1 1 1
3 P_3 348 348 0.5 0.5 0.5 1 1 1
3 P_3 349 349 0 0 0 1 1 1
3 P_3 350 350 0.282819 0.2892 0.295536 1 1 1
3 P_3 351 351 0 0 0 1 1 1
3 P_3 352 352 0 0 0 1 1 1
3 P_3 353 353 0 0 0 1 1 1
3 P_3 354 354 0.5 0.5 0.5 1 1 1
3 P_3 355 355 0 0 0 1 1 1
3 P_3 356 356 0 0 0 1 1 1
3 P_3 357 357 0 0 0 1 1 1
3 P_3 358 358 0 0 0 1 1 1
3 P_3 359 359 0 0 0 1 1 1
3 P_3 360 360 0 0 0 1 1 1
3 P_3 361 361 0 0 0 1 1 1
3 P_3 362 362 0 0 0 1 1 1
3 P_3 363 363 0 0 0 1 1 1
3 P_3 364 364 0 0 0 1 1 1
3 P_3 365 365 0 0 0 1 1 1
3 P_3 366 366 0.5 0.5 0.5 1 1 1
3 P_3 367 367 0.282819 0.2892 0.295536 1 1 1
3 P_3 368 368 0 0 0 1 1 1
3 P_3 369 369 0.5 0.5 0.5 1 1 1
3 P_3 370 370 0.5 0.5 0.5 1 1 1
3 P_3 371 371 0.204514 0.21085 0.217231 1 1 1
3 P_3 372 372 0 0 0 1 1 1
3 P_3 373 373 0.119004 0.1245 0.1301405 1 1 1
3 P_3 374 374 0.119004 0.1245 0.1301405 1 1 1
3 P_3 375 375 0 0 0 1 1 1
3 P_3 376 376 0 0 0 1 1 1
3 P_3 377 377 0 0 0 1 1 1
3 P_3 378 378 0 0 0 1 1 1
3 P_3 379 379 0 0 0 1 1 1
3 P_3 380 380 0 0 0 1 1 1
3 P_3 381 381 0 0 0 1 1 1
3 P_3 382 382 0.204514 0.21085 0.217231 1 1 1
3 P_3 383 383 0.282819 0.2892 0.295536 1 1 1
3 P_3 384 384 0 0 0 1 1 1
3 P_3 385 385 0 0 0 1 1 1
3 P_3 386 386 0 0 0 1 1 1
3 P_3 387 387 0 0 0 1 1 1
3 P_3 388 388 0 0 0 1 1 1
3 P_3 389 389 0.119004 0.1245 0.1301405 1 1 1
3 P_3 390 390 0 0 0 1 1 1
3 P_3 391 391 0 0 0 1 1 1
3 P_3 392 392 0 0 0 1 1 1
3 P_3 393 393 0 0 0 1 1 1
3 P_3 394 394 0 0 0 1 1 1
3 P_3 395 395 0 0 0 1 1 1
3 P_3 396 396 0 0 0 1 1 1
3 P_3 397 397 0 0 0 1 1 1
3 P_3 398 398 0.204514 0.21085 0.217231 1 1 1
3 P_3 399 399 0.5 0.5 0.5 1 1 1
3 P_3 400 400 0 0 0 1 1 1
3 P_3 401 401 0 0 0 1 1 1
3 P_3 402 402 0 0 0 1 1 1
3 P_3 403 403 0.204514 0.21085 0.217231 1 1 1
3 P_3 404 404 0.119004 0.1245 0.1301405 1 1 1
3 P_3 405 405 0 0 0 1 1 1
3 P_3 406 406 0.5 0.5 0.5 1 1 1
3 P_3 407 407 0.119004 0.1245 0.1301405 1 1 1
3 P_3 408 408 0 0 0 1 1 1
3 P_3 409 409 0 0 0 1 1 1
3 P_3 410 410 0.282819 0.2892 0.295536 1 1 1
3 P_3 411 411 0 0 0 1 1 1
3 P_3 412 412 0.204514 0.21085 0.217231 1 1 1
3 P_3 413 413 0 0 0 1 1 1
3 P_3 414 414 0 0 0 1 1 1
3 P_3 415 415 0 0 0 1 1 1
3 P_3 416 416 0 0 0 1 1 1
3 P_3 417 417 0 0 0 1 1 1
3 P_3 418 418 0 0 0 1 1 1
3 P_3 419 419 0 0 0 1 1 1
3 P_3 420 420 0.204514 0.21085 0.217231 1 1 1
3 P_3 421 421 0.204514 0.21085 0.217231 1 1 1
3 P_3 422 422 0 0 0 1 1 1
3 P_3 423 423 0 0 0 1 1 1
3 P_3 424 424 0.158697 0.1647 0.170801 1 1 1
3 P_3 425 425 0 0 0 1 1 1
3 P_3 426 426 0 0 0 1 1 1
3 P_3 427 427 0 0 0 1 1 1
3 P_3 428 428 0.5 0.5 0.5 1 1 1
3 P_3 429 429 0 0 0 1 1 1
3 P_3 430 430 0 0 0 1 1 1
3 P_3 431 431 0 0 0 1 1 1
3 P_3 432 432 0 0 0 1 1 1
3 P_3 433 433 0 0 0 1 1 1
3 P_3 434 434 0.5 0.5 0.5 1 1 1
3 P_3 435 435 0 0 0 1 1 1
3 P_3 436 436 0 0 0 1 1 1
3 P_3 437 437 0.204514 0.21085 0.217231 1 1 1
3 P_3 438 438 0.5 0.5 0.5 1 1 1
3 P_3 439 439 0 0 0 1 1 1
3 P_3 440 440 0.158697 0.1647 0.170801 1 1 1
3 P_3 441 441 0 0 0 1 1 1
3 P_3 442 442 0 0 0 1 1 1
3 P_3 443 443 0 0 0 1 1 1
3 P_3 444 444 0.5 0.5 0.5 1 1 1
3 P_3 445 445 0.5 0.5 0.5 1 1 1
3 P_3 446 446 0 0 0 1 1 1
3 P_3 447 447 0.5 0.5 0.5 1 1 1
3 P_3 448 448 0.204514 0.21085 0.217231 1 1 1
3 P_3 449 449 0.204514 0.21085 0.217231 1 1 1
3 P_3 450 450 0 0 0 1 1 1
3 P_3 451 451 0 0 0 1 1 1
3 P_3 452 452 0 0 0 1 1 1
3 P_3 453 453 0 0 0 1 1 1
3 P_3 454 454 0.282819 0.2892 0.295536 1 1 1
3 P_3 455 455 0 0 0 1 1 1
3 P_3 456 456 0 0 0 1 1 1
3 P_3 457 457 0 0 0 1 1 1
3 P_3 458 458 0 0 0 1 1 1
3 P_3 459 459 0 0 0 1 1 1
3 P_3 460 460 0 0 0 1 1 1
3 P_3 461 461 0.204514 0.21085 0.217231 1 1 1
3 P_3 462 462 0 0 0 1 1 1
3 P_3 463 463 0 0 0 1 1 1
3 P_3 464 464 0 0 0 1 1 1
3 P_3 465 465 0.5 0.5 0.5 1 1 1
3 P_3 466 466 0.204514 0.21085 0.217231 1 1 1
3 P_3 467 467 0 0 0 1 1 1
3 P_3 468 468 0 0 0 1 1 1
3 P_3 469 469 0.158697 0.1647 0.170801 1 1 1
3 P_3 470 470 0 0 0 1 1 1
3 P_3 471 471 0.5 0.5 0.5 1 1 1
3 P_3 472 472 0 0 0 1 1 1
3 P_3 473 473 0 0 0 1 1 1
3 P_3 474 474 0.282819 0.2892 0.295536 1 1 1
3 P_3 475 475 0 0 0 1 1 1
3 P_3 476 476 0 0 0 1 1 1
3 P_3 477 477 0.204514 0.21085 0.217231 1 1 1
3 P_3 478 478 0 0 0 1 1 1
3 P_3 479 479 0 0 0 1 1 1
3 P_3 480 480 0 0 0 1 1 1
3 P_3 481 481 0.5 0.5 0.5 1 1 1
3 P_3 482 482 0 0 0 1 1 1
3 P_3 483 483 0 0 0 1 1 1
3 P_3 484 484 0 0 0 1 1 1
3 P_3 485 485 0 0 0 1 1 1
3 P_3 486 486 0 0 0 1 1 1
3 P_3 487 487 0.5 0.5 0.5 1 1 1
3 P_3 488 488 0.5 0.5 0.5 1 1 1
3 P_3 489 489 0 0 0 1 1 1
3 P_3 490 490 0 0 0 1 1 1
3 P_3 491 491 0.158697 0.1647 0.170801 1 1 1
3 P_3 492 492 0.5 0.5 0.5 1 1 1
3 P_3 493 493 0.119004 0.1245 0.1301405 1 1 1
3 P_3 494 494 0 0 0 1 1 1
3 P_3 495 495 0 0 0 1 1 1
3 P_3 496 496 0.5 0.5 0.5 1 1 1
3 P_3 497 497 0 0 0 1 1 1
3 P_3 498 498 0 0 0 1 1 1
3 P_3 499 499 0.282819 0.2892 0.295536 1 1 1
3 P_3 500 500 0 0 0 1 1 1
3 P_3 501 501 0.5 0.5 0.5 1 1 1
3 P_3 502 502 0.282819 0.2892 0.295536 1 1 1
3 P_3 503 503 0 0 0 1 1 1
3 P_3 504 504 0.5 0.5 0.5 1 1 1
3 P_3 505 505 0 0 0 1 1 1
3 P_3 506 506 0 0 0 1 1 1
3 P_3 507 507 0 0 0 1 1 1
3 P_3 508 508 0.158697 0.1647 0.170801 1 1 1
3 P_3 509 509 0 0 0 1 1 1
3 P_3 510 510 0.282819 0.2892 0.295536 1 1 1
3 P_3 511 511 0.204514 0.21085 0.217231 1 1 1
3 P_3 512 512 0.5 0.5 0.5 1 1 1
3 P_3 513 513 0.282819 0.2892 0.295536 1 1 1
3 P_3 514 514 0 0 0 1 1 1
3 P_3 515 515 0.5 0.5 0.5 1 1 1
3 P_3 516 516 0.5 0.5 0.5 1 1 1
3 P_3 517 517 0.5 0.5 0.5 1 1 1
3 P_3 518 518 0.204514 0.21085 0.217231 1 1 1
3 P_3 519 519 0.119004 0.1245 0.1301405 1 1 1
3 P_3 520 520 0 0 0 1 1 1
3 P_3 521 521 0 0 0 1 1 1
3 P_3 522 522 0.5 0.5 0.5 1 1 1
3 P_3 523 523 0 0 0 1 1 1
3 P_3 524 524 0 0 0 1 1 1
3 P_3 525 525 0 0 0 1 1 1
3 P_3 526 526 0 0 0 1 1 1
3 P_3 527 527 0 0 0 1 1 1
3 P_3 528 528 0.119004 0.1245 0.1301405 1 1 1
3 P_3 529 529 0 0 0 1 1 1
3 P_3 530 530 0.119004 0.1245 0.1301405 1 1 1
3 P_3 531 531 0 0 0 1 1 1
3 P_3 532 532 0 0 0 1 1 1
3 P_3 533 533 0.5 0.5 0.5 1 1 1
3 P_3 534 534 0 0 0 1 1 1
3 P_3 535 535 0.204514 0.21085 0.217231 1 1 1
3 P_3 536 536 0 0 0 1 1 1
3 P_3 537 537 0 0 0 1 1 1
3 P_3 538 538 0 0 0 1 1 1
3 P_3 539 539 0 0 0 1 1 1
3 P_3 540 540 0 0 0 1 1 1
3 P_3 541 541 0 0 0 1 1 1
3 P_3 542 542 0 0 0 1 1 1
3 P_3 543 543 0 0 0 1 1 1
3 P_3 544 544 0 0 0 1 1 1
3 P_3 545 545 0.119004 0.1245 0.1301405 1 1 1
3 P_3 546 546 0.119004 0.1245 0.1301405 1 1 1
3 P_3 547 547 0 0 0 1 1 1
3 P_3 548 548 0.282819 0.2892 0.295536 1 1 1
3 P_3 549 549 0.282819 0.2892 0.295536 1 1 1
3 P_3 550 550 0.5 0.5 0.5 1 1 1
3 P_3 551 551 0 0 0 1 1 1
3 P_3 552 552 0.5 0.5 0.5 1 1 1
3 P_3 553 553 0 0 0 1 1 1
3 P_3 554 554 0.5 0.5 0.5 1 1 1
3 P_3 555 555 0 0 0 1 1 1
3 P_3 556 556 0 0 0 1 1 1
3 P_3 557 557 0 0 0 1 1 1
3 P_3 558 558 0.282819 0.2892 0.295536 1 1 1
3 P_3 559 559 0.5 0.5 0.5 1 1 1
3 P_3 560 560 0 0 0 1 1 1
3 P_3 561 561 0.119004 0.1245 0.1301405 1 1 1
3 P_3 562 562 0.5 0.5 0.5 1 1 1
3 P_3 563 563 0.5 0.5 0.5 1 1 1
3 P_3 564 564 0.5 0.5 0.5 1 1 1
3 P_3 565 565 0.282819 0.2892 0.295536 1 1 1
3 P_3 566 566 0.5 0.5 0.5 1 1 1
3 P_3 567 567 0.282819 0.2892 0.295536 1 1 1
3 P_3 568 568 0 0 0 1 1 1
3 P_3 569 569 0.119004 0.1245 0.1301405 1 1 1
3 P_3 570 570 0 0 0 1 1 1
3 P_3 571 571 0.5 0.5 0.5 1 1 1
3 P_3 572 572 0 0 0 1 1 1
3 P_3 573 573 0 0 0 1 1 1
3 P_3 574 574 0 0 0 1 1 1
3 P_3 575 575 0 0 0 1 1 1
3 P_3 576 576 0.282819 0.2892 0.295536 1 1 1
3 P_3 577 577 0 0 0 1 1 1
3 P_3 578 578 0.204514 0.21085 0.217231 1 1 1
3 P_3 579 579 0.204514 0.21085 0.217231 1 1 1
3 P_3 580 580 0.5 0.5 0.5 1 1 1
3 P_3 581 581 0.282819 0.2892 0.295536 1 1 1
3 P_3 582 582 0 0 0 1 1 1
3 P_3 583 583 0 0 0 1 1 1
3 P_3 584 584 0 0 0 1 1 1
3 P_3 585 585 0 0 0 1 1 1
3 P_3 586 586 0 0 0 1 1 1
3 P_3 587 587 0 0 0 1 1 1
3 P_3 588 588 0 0 0 1 1 1
3 P_3 589 589 0 0 0 1 1 1
3 P_3 590 590 0 0 0 1 1 1
3 P_3 591 591 0.5 0.5 0.5 1 1 1
3 P_3 592 592 0 0 0 1 1 1
3 P_3 593 593 0 0 0 1 1 1
3 P_3 594 594 0 0 0 1 1 1
3 P_3 595 595 0 0 0 1 1 1
3 P_3 596 596 0 0 0 1 1 1
3 P_3 597 597 0.282819 0.2892 0.295536 1 1 1
3 P_3 598 598 0 0 0 1 1 1
3 P_3 599 599 0 0 0 1 1 1
3 P_3 600 600 0 0 0 1 1 1
4 P_9 0 0 0.5 0.5 0.5 1 1 1
4 P_9 1 1 0.5 0.5 0.5 1 1 1
4 P_9 2 2 0.5 0.5 0.5 1 1 1
4 P_9 3 3 0.07367 0.07825 0.083028 1 1 1
4 P_9 4 4 0 0 0 1 1 1
4 P_9 5 5 0.07367 0.07825 0.083028 1 1 1
4 P_9 6 6 0 0 0 1 1 1
4 P_9 7 7 0 0 0 1 1 1
4 P_9 8 8 0 0 0 1 1 1
4 P_9 9 9 0 0 0 1 1 1
4 P_9 10 10 0 0 0 1 1 1
4 P_9 11 11 0 0 0 1 1 1
4 P_9 12 12 0 0 0 1 1 1
4 P_9 13 13 0 0 0 1 1 1
4 P_9 14 14 0.2440115 0.25045 0.256888 1 1 1
4 P_9 15 15 0 0 0 1 1 1
4 P_9 16 16 0 0 0 1 1 1
4 P_9 17 17 0.07367 0.07825 0.083028 1 1 1
4 P_9 18 18 0.2440115 0.25045 0.256888 1 1 1
4 P_9 19 19 0.2440115 0.25045 0.256888 1 1 1
4 P_9 20 20 0.07367 0.07825 0.083028 1 1 1
4 P_9 21 21 0.07367 0.07825 0.083028 1 1 1
4 P_9 22 22 0 0 0 1 1 1
4 P_9 23 23 0 0 0 1 1 1
4 P_9 24 24 0 0 0 1 1 1
4 P_9 25 25 0.07367 0.07825 0.083028 1 1 1
4 P_9 26 26 0 0 0 1 1 1
4 P_9 27 27 0 0 0 1 1 1
4 P_9 28 28 0.165284 0.17135 0.1775065 1 1 1
4 P_9 29 29 0.5 0.5 0.5 1 1 1
4 P_9 30 30 0 0 0 1 1 1
4 P_9 31 31 0.2440115 0.25045 0.256888 1 1 1
4 P_9 32 32 0.5 0.5 0.5 1 1 1
4 P_9 33 33 0 0 0 1 1 1
4 P_9 34 34 0 0 0 1 1 1
4 P_9 35 35 0.07367 0.07825 0.083028 1 1 1
4 P_9 36 36 0 0 0 1 1 1
4 P_9 37 37 0.07367 0.07825 0.083028 1 1 1
4 P_9 38 38 0 0 0 1 1 1
4 P_9 39 39 0 0 0 1 1 1
4 P_9 40 40 0.2440115 0.25045 0.256888 1 1 1
4 P_9 41 41 0.2440115 0.25045 0.256888 1 1 1
4 P_9 42 42 0.5 0.5 0.5 1 1 1
4 P_9 43 43 0 0 0 1 1 1
4 P_9 44 44 0 0 0 1 1 1
4 P_9 45 45 0.07367 0.07825 0.083028 1 1 1
4 P_9 46 46 0 0 0 1 1 1
4 P_9 47 47 0 0 0 1 1 1
4 P_9 48 48 0.5 0.5 0.5 1 1 1
4 P_9 49 49 0.07367 0.07825 0.083028 1 1 1
4 P_9 50 50 0.07367 0.07825 0.083028 1 1 1
4 P_9 51 51 0 0 0 1 1 1
4 P_9 52 52 0 0 0 1 1 1
4 P_9 53 53 0.165284 0.17135 0.1775065 1 1 1
4 P_9 54 54 0.07367 0.07825 0.083028 1 1 1
4 P_9 55 55 0 0 0 1 1 1
4 P_9 56 56 0 0 0 1 1 1
4 P_9 57 57 0.2440115 0.25045 0.256888 1 1 1
4 P_9 58 58 0.243162 0.2496 0.256038 1 1 1
4 P_9 59 59 0 0 0 1 1 1
4 P_9 60 60 0 0 0 1 1 1
4 P_9 61 61 0.07367 0.07825 0.083028 1 1 1
4 P_9 62 62 0.07367 0.07825 0.083028 1 1 1
4 P_9 63 63 0.07367 0.07825 0.083028 1 1 1
4 P_9 64 64 0 0 0 1 1 1
4 P_9 65 65 0.5 0.5 0.5 1 1 1
4 P_9 66 66 0.5 0.5 0.5 1 1 1
4 P_9 67 67 0 0 0 1 1 1
4 P_9 68 68 0.2440115 0.25045 0.256888 1 1 1
4 P_9 69 69 0 0 0 1 1 1
4 P_9 70 70 0 0 0 1 1 1
4 P_9 71 71 0.5 0.5 0.5 1 1 1
4 P_9 72 72 0.07367 0.07825 0.083028 1 1 1
4 P_9 73 73 0 0 0 1 1 1
4 P_9 74 74 0 0 0 1 1 1
4 P_9 75 75 0.2440115 0.25045 0.256888 1 1 1
4 P_9 76 76 0.07367 0.07825 0.083028 1 1 1
4 P_9 77 77 0 0 0 1 1 1
4 P_9 78 78 0.5 0.5 0.5 1 1 1
4 P_9 79 79 0.5 0.5 0.5 1 1 1
4 P_9 80 80 0 0 0 1 1 1
4 P_9 81 81 0 0 0 1 1 1
4 P_9 82 82 0.07367 0.07825 0.083028 1 1 1
4 P_9 83 83 0.07367 0.07825 0.083028 1 1 1
4 P_9 84 84 0.5 0.5 0.5 1 1 1
4 P_9 85 85 0.5 0.5 0.5 1 1 1
4 P_9 86 86 0.07367 0.07825 0.083028 1 1 1
4 P_9 87 87 0.2440115 0.25045 0.256888 1 1 1
4 P_9 88 88 0 0 0 1 1 1
4 P_9 89 89 0 0 0 1 1 1
4 P_9 90 90 0.07367 0.07825 0.083028 1 1 1
4 P_9 91 91 0 0 0 1 1 1
4 P_9 92 92 0.2440115 0.25045 0.256888 1 1 1
4 P_9 93 93 0.5 0.5 0.5 1 1 1
4 P_9 94 94 0.07367 0.07825 0.083028 1 1 1
4 P_9 95 95 0 0 0 1 1 1
4 P_9 96 96 0 0 0 1 1 1
4 P_9 97 97 0 0 0 1 1 1
4 P_9 98 98 0 0 0 1 1 1
4 P_9 99 99 0.2440115 0.25045 0.256888 1 1 1
4 P_9 100 100 0 0 0 1 1 1
4 P_9 101 101 0.07367 0.07825 0.083028 1 1 1
4 P_9 102 102 0.5 0.5 0.5 1 1 1
4 P_9 103 103 0.2440115 0.25045 0.256888 1 1 1
4 P_9 104 104 0.2440115 0.25045 0.256888 1 1 1
4 P_9 105 105 0 0 0 1 1 1
4 P_9 106 106 0.2440115 0.25045 0.256888 1 1 1
4 P_9 107 107 0.5 0.5 0.5 1 1 1
4 P_9 108 108 0 0 0 1 1 1
4 P_9 109 109 0 0 0 1 1 1
4 P_9 110 110 0.5 0.5 0.5 1 1 1
4 P_9 111 111 0.5 0.5 0.5 1 1 1
4 P_9 112 112 0 0 0 1 1 1
4 P_9 113 113 0 0 0 1 1 1
4 P_9 114 114 0 0 0 1 1 1
4 P_9 115 115 0.07367 0.07825 0.083028 1 1 1
4 P_9 116 116 0 0 0 1 1 1
4 P_9 117 117 0 0 0 1 1 1
4 P_9 118 118 0 0 0 1 1 1
4 P_9 119 119 0 0 0 1 1 1
4 P_9 120 120 0.07367 0.07825 0.083028 1 1 1
4 P_9 121 121 0.07367 0.07825 0.083028 1 1 1
4 P_9 122 122 0 0 0 1 1 1
4 P_9 123 123 0 0 0 1 1 1
4 P_9 124 124 0.2440115 0.25045 0.256888 1 1 1
4 P_9 125 125 0 0 0 1 1 1
4 P_9 126 126 0 0 0 1 1 1
4 P_9 127 127 0 0 0 1 1 1
4 P_9 128 128 0.165284 0.17135 0.1775065 1 1 1
4 P_9 129 129 0.5 0.5 0.5 1 1 1
4 P_9 130 130 0.07367 0.07825 0.083028 1 1 1
4 P_9 131 131 0.2440115 0.25045 0.256888 1 1 1
4 P_9 132 132 0.5 0.5 0.5 1 1 1
4 P_9 133 133 0.2440115 0.25045 0.256888 1 1 1
4 P_9 134 134 0 0 0 1 1 1
4 P_9 135 135 0.2440115 0.25045 0.256888 1 1 1
4 P_9 136 136 0 0 0 1 1 1
4 P_9 137 137 0.2440115 0.25045 0.256888 1 1 1
4 P_9 138 138 0.07367 0.07825 0.083028 1 1 1
4 P_9 139 139 0.07367 0.07825 0.083028 1 1 1
4 P_9 140 140 0.07367 0.07825 0.083028 1 1 1
4 P_9 141 141 0.2440115 0.25045 0.256888 1 1 1
4 P_9 142 142 0 0 0 1 1 1
4 P_9 143 143 0 0 0 1 1 1
4 P_9 144 144 0 0 0 1 1 1
4 P_9 145 145 0 0 0 1 1 1
4 P_9 146 146 0 0 0 1 1 1
4 P_9 147 147 0 0 0 1 1 1
4 P_9 148 148 0 0 0 1 1 1
4 P_9 149 149 0 0 0 1 1 1
4 P_9 150 150 0.5 0.5 0.5 1 1 1
4 P_9 151 151 0 0 0 1 1 1
4 P_9 152 152 0 0 0 1 1 1
4 P_9 153 153 0 0 0 1 1 1
4 P_9 154 154 0.07367 0.07825 0.083028 1 1 1
4 P_9 155 155 0.5 0.5 0.5 1 1 1
4 P_9 156 156 0.5 0.5 0.5 1 1 1
4 P_9 157 157 0 0 0 1 1 1
4 P_9 158 158 0 0 0 1 1 1
4 P_9 159 159 0.07367 0.07825 0.083028 1 1 1
4 P_9 160 160 0 0 0 1 1 1
4 P_9 161 161 0.5 0.5 0.5 1 1 1
4 P_9 162 162 0 0 0 1 1 1
4 P_9 163 163 0.2440115 0.25045 0.256888 1 1 1
4 P_9 164 164 0 0 0 1 1 1
4 P_9 165 165 0.2440115 0.25045 0.256888 1 1 1
4 P_9 166 166 0.5 0.5 0.5 1 1 1
4 P_9 167 167 0 0 0 1 1 1
4 P_9 168 168 0.2440115 0.25045 0.256888 1 1 1
4 P_9 169 169 0.2440115 0.25045 0.256888 1 1 1
4 P_9 170 170 0 0 0 1 1 1
4 P_9 171 171 0.5 0.5 0.5 1 1 1
4 P_9 172 172 0.07367 0.07825 0.083028 1 1 1
4 P_9 173 173 0 0 0 1 1 1
4 P_9 174 174 0.5 0.5 0.5 1 1 1
4 P_9 175 175 0.07367 0.07825 0.083028 1 1 1
4 P_9 176 176 0 0 0 1 1 1
4 P_9 177 177 0 0 0 1 1 1
4 P_9 178 178 0.5 0.5 0.5 1 1 1
4 P_9 179 179 0 0 0 1 1 1
4 P_9 180 180 0 0 0 1 1 1
4 P_9 181 181 0.5 0.5 0.5 1 1 1
4 P_9 182 182 0.07367 0.07825 0.083028 1 1 1
4 P_9 183 183 0.07367 0.07825 0.083028 1 1 1
4 P_9 184 184 0 0 0 1 1 1
4 P_9 185 185 0.165284 0.17135 0.1775065 1 1 1
4 P_9 186 186 0 0 0 1 1 1
4 P_9 187 187 0 0 0 1 1 1
4 P_9 188 188 0 0 0 1 1 1
4 P_9 189 189 0.07367 0.07825 0.083028 1 1 1
4 P_9 190 190 0.07367 0.07825 0.083028 1 1 1
4 P_9 191 191 0.07367 0.07825 0.083028 1 1 1
4 P_9 192 192 0 0 0 1 1 1
4 P_9 193 193 0 0 0 1 1 1
4 P_9 194 194 0.07367 0.07825 0.083028 1 1 1
4 P_9 195 195 0 0 0 1 1 1
4 P_9 196 196 0 0 0 1 1 1
4 P_9 197 197 0.5 0.5 0.5 1 1 1
4 P_9 198 198 0 0 0 1 1 1
4 P_9 199 199 0.2440115 0.25045 0.256888 1 1 1
4 P_9 200 200 0 0 0 1 1 1
4 P_9 201 201 0.5 0.5 0.5 1 1 1
4 P_9 202 202 0.07367 0.07825 0.083028 1 1 1
4 P_9 203 203 0.2440115 0.25045 0.256888 1 1 1
4 P_9 204 204 0.2440115 0.25045 0.256888 1 1 1
4 P_9 205 205 0.243162 0.2496 0.256038 1 1 1
4 P_9 206 206 0.07367 0.07825 0.083028 1 1 1
4 P_9 207 207 0.2440115 0.25045 0.256888 1 1 1
4 P_9 208 208 0.07367 0.07825 0.083028 1 1 1
4 P_9 209 209 0.2440115 0.25045 0.256888 1 1 1
4 P_9 210 210 0.07367 0.07825 0.083028 1 1 1
4 P_9 211 211 0 0 0 1 1 1
4 P_9 212 212 0.07367 0.07825 0.083028 1 1 1
4 P_9 213 213 0.2440115 0.25045 0.256888 1 1 1
4 P_9 214 214 0.5 0.5 0.5 1 1 1
4 P_9 215 215 0.2440115 0.25045 0.256888 1 1 1
4 P_9 216 216 0 0 0 1 1 1
4 P_9 217 217 0 0 0 1 1 1
4 P_9 218 218 0.5 0.5 0.5 1 1 1
4 P_9 219 219 0.07367 0.07825 0.083028 1 1 1
4 P_9 220 220 0 0 0 1 1 1
4 P_9 221 221 0.5 0.5 0.5 1 1 1
4 P_9 222 222 0.07367 0.07825 0.083028 1 1 1
4 P_9 223 223 0.5 0.5 0.5 1 1 1
4 P_9 224 224 0 0 0 1 1 1
4 P_9 225 225 0.07367 0.07825 0.083028 1 1 1
4 P_9 226 226 0 0 0 1 1 1
4 P_9 227 227 0 0 0 1 1 1
4 P_9 228 228 0.07367 0.07825 0.083028 1 1 1
4 P_9 229 229 0 0 0 1 1 1
4 P_9 230 230 0.2440115 0.25045 0.256888 1 1 1
4 P_9 231 231 0.2440115 0.25045 0.256888 1 1 1
4 P_9 232 232 0 0 0 1 1 1
4 P_9 233 233 0.2440115 0.25045 0.256888 1 1 1
4 P_9 234 234 0 0 0 1 1 1
4 P_9 235 235 0 0 0 1 1 1
4 P_9 236 236 0.5 0.5 0.5 1 1 1
4 P_9 237 237 0 0 0 1 1 1
4 P_9 238 238 0 0 0 1 1 1
4 P_9 239 239 0.5 0.5 0.5 1 1 1
4 P_9 240 240 0.2440115 0.25045 0.256888 1 1 1
4 P_9 241 241 0.243162 0.2496 0.256038 1 1 1
4 P_9 242 242 0 0 0 1 1 1
4 P_9 243 243 0 0 0 1 1 1
4 P_9 244 244 0.5 0.5 0.5 1 1 1
4 P_9 245 245 0 0 0 1 1 1
4 P_9 246 246 0.07367 0.07825 0.083028 1 1 1
4 P_9 247 247 0 0 0 1 1 1
4 P_9 248 248 0.07367 0.07825 0.083028 1 1 1
4 P_9 249 249 0 0 0 1 1 1
4 P_9 250 250 0.5 0.5 0.5 1 1 1
4 P_9 251 251 0 0 0 1 1 1
4 P_9 252 252 0 0 0 1 1 1
4 P_9 253 253 0.2440115 0.25045 0.256888 1 1 1
4 P_9 254 254 0 0 0 1 1 1
4 P_9 255 255 0.2440115 0.25045 0.256888 1 1 1
4 P_9 256 256 0.2440115 0.25045 0.256888 1 1 1
4 P_9 257 257 0 0 0 1 1 1
4 P_9 258 258 0.2440115 0.25045 0.256888 1 1 1
4 P_9 259 259 0.2440115 0.25045 0.256888 1 1 1
4 P_9 260 260 0 0 0 1 1 1
4 P_9 261 261 0.165284 0.17135 0.1775065 1 1 1
4 P_9 262 262 0 0 0 1 1 1
4 P_9 263 263 0.07367 0.07825 0.083028 1 1 1
4 P_9 264 264 0 0 0 1 1 1
4 P_9 265 265 0 0 0 1 1 1
4 P_9 266 266 0.165284 0.17135 0.1775065 1 1 1
4 P_9 267 267 0.07367 0.07825 0.083028 1 1 1
4 P_9 268 268 0 0 0 1 1 1
4 P_9 269 269 0.165284 0.17135 0.1775065 1 1 1
4 P_9 270 270 0 0 0 1 1 1
4 P_9 271 271 0.07367 0.07825 0.083028 1 1 1
4 P_9 272 272 0 0 0 1 1 1
4 P_9 273 273 0.2440115 0.25045 0.256888 1 1 1
4 P_9 274 274 0.07367 0.07825 0.083028 1 1 1
4 P_9 275 275 0.5 0.5 0.5 1 1 1
4 P_9 276 276 0 0 0 1 1 1
4 P_9 277 277 0 0 0 1 1 1
4 P_9 278 278 0 0 0 1 1 1
4 P_9 279 279 0 0 0 1 1 1
4 P_9 280 280 0.5 0.5 0.5 1 1 1
4 P_9 281 281 0 0 0 1 1 1
4 P_9 282 282 0 0 0 1 1 1
4 P_9 283 283 0 0 0 1 1 1
4 P_9 284 284 0.07367 0.07825 0.083028 1 1 1
4 P_9 285 285 0.07367 0.07825 0.083028 1 1 1
4 P_9 286 286 0.165284 0.17135 0.1775065 1 1 1
4 P_9 287 287 0.5 0.5 0.5 1 1 1
4 P_9 288 288 0 0 0 1 1 1
4 P_9 289 289 0.5 0.5 0.5 1 1 1
4 P_9 290 290 0.2440115 0.25045 0.256888 1 1 1
4 P_9 291 291 0 0 0 1 1 1
4 P_9 292 292 0 0 0 1 1 1
4 P_9 293 293 0 0 0 1 1 1
4 P_9 294 294 0.2440115 0.25045 0.256888 1 1 1
4 P_9 295 295 0 0 0 1 1 1
4 P_9 296 296 0.5 0.5 0.5 1 1 1
4 P_9 297 297 0.2440115 0.25045 0.256888 1 1 1
4 P_9 298 298 0.07367 0.07825 0.083028 1 1 1
4 P_9 299 299 0.07367 0.07825 0.083028 1 1 1
4 P_9 300 300 0.5 0.5 0.5 1 1 1
4 P_9 301 301 0.5 0.5 0.5 1 1 1
4 P_9 302 302 0.5 0.5 0.5 1 1 1
4 P_9 303 303 0.5 0.5 0.5 1 1 1
4 P_9 304 304 0 0 0 1 1 1
4 P_9 305 305 0.165284 0.17135 0.1775065 1 1 1
4 P_9 306 306 0 0 0 1 1 1
4 P_9 307 307 0 0 0 1 1 1
4 P_9 308 308 0 0 0 1 1 1
4 P_9 309 309 0.165284 0.17135 0.1775065 1 1 1
4 P_9 310 310 0.2440115 0.25045 0.256888 1 1 1
4 P_9 311 311 0.2440115 0.25045 0.256888 1 1 1
4 P_9 312 312 0.5 0.5 0.5 1 1 1
4 P_9 313 313 0.07367 0.07825 0.083028 1 1 1
4 P_9 314 314 0 0 0 1 1 1
4 P_9 315 315 0 0 0 1 1 1
4 P_9 316 316 0.2440115 0.25045 0.256888 1 1 1
4 P_9 317 317 0 0 0 1 1 1
4 P_9 318 318 0.07367 0.07825 0.083028 1 1 1
4 P_9 319 319 0 0 0 1 1 1
4 P_9 320 320 0.165284 0.17135 0.1775065 1 1 1
4 P_9 321 321 0 0 0 1 1 1
4 P_9 322 322 0 0 0 1 1 1
4 P_9 323 323 0.07367 0.07825 0.083028 1 1 1
4 P_9 324 324 0.2440115 0.25045 0.256888 1 1 1
4 P_9 325 325 0.07367 0.07825 0.083028 1 1 1
4 P_9 326 326 0.2440115 0.25045 0.256888 1 1 1
4 P_9 327 327 0 0 0 1 1 1
4 P_9 328 328 0 0 0 1 1 1
4 P_9 329 329 0.5 0.5 0.5 1 1 1
4 P_9 330 330 0.5 0.5 0.5 1 1 1
4 P_9 331 331 0 0 0 1 1 1
4 P_9 332 332 0.07367 0.07825 0.083028 1 1 1
4 P_9 333 333 0 0 0 1 1 1
4 P_9 334 334 0.2440115 0.25045 0.256888 1 1 1
4 P_9 335 335 0 0 0 1 1 1
4 P_9 336 336 0 0 0 1 1 1
4 P_9 337 337 0 0 0 1 1 1
4 P_9 338 338 0 0 0 1 1 1
4 P_9 339 339 0.243162 0.2496 0.256038 1 1 1
4 P_9 340 340 0 0 0 1 1 1
4 P_9 341 341 0.165284 0.17135 0.1775065 1 1 1
4 P_9 342 342 0.2440115 0.25045 0.256888 1 1 1
4 P_9 343 343 0 0 0 1 1 1
4 P_9 344 344 0 0 0 1 1 1
4 P_9 345 345 0.07367 0.07825 0.083028 1 1 1
4 P_9 346 346 0 0 0 1 1 1
4 P_9 347 347 0.165284 0.17135 0.1775065 1 1 1
4 P_9 348 348 0.5 0.5 0.5 1 1 1
4 P_9 349 349 0 0 0 1 1 1
4 P_9 350 350 0.165284 0.17135 0.1775065 1 1 1
4 P_9 351 351 0 0 0 1 1 1
4 P_9 352 352 0 0 0 1 1 1
4 P_9 353 353 0.07367 0.07825 0.083028 1 1 1
4 P_9 354 354 0.5 0.5 0.5 1 1 1
4 P_9 355 355 0 0 0 1 1 1
4 P_9 356 356 0.07367 0.07825 0.083028 1 1 1
4 P_9 357 357 0.07367 0.07825 0.083028 1 1 1
4 P_9 358 358 0 0 0 1 1 1
4 P_9 359 359 0.07367 0.07825 0.083028 1 1 1
4 P_9 360 360 0 0 0 1 1 1
4 P_9 361 361 0 0 0 1 1 1
4 P_9 362 362 0 0 0 1 1 1
4 P_9 363 363 0 0 0 1 1 1
4 P_9 364 364 0 0 0 1 1 1
4 P_9 365 365 0 0 0 1 1 1
4 P_9 366 366 0.5 0.5 0.5 1 1 1
4 P_9 367 367 0.165284 0.17135 0.1775065 1 1 1
4 P_9 368 368 0.07367 0.07825 0.083028 1 1 1
4 P_9 369 369 0.5 0.5 0.5 1 1 1
4 P_9 370 370 0.5 0.5 0.5 1 1 1
4 P_9 371 371 0.2440115 0.25045 0.256888 1 1 1
4 P_9 372 372 0 0 0 1 1 1
4 P_9 373 373 0 0 0 1 1 1
4 P_9 374 374 0 0 0 1 1 1
4 P_9 375 375 0.07367 0.07825 0.083028 1 1 1
4 P_9 376 376 0 0 0 1 1 1
4 P_9 377 377 0.07367 0.07825 0.083028 1 1 1
4 P_9 378 378 0 0 0 1 1 1
4 P_9 379 379 0.07367 0.07825 0.083028 1 1 1
4 P_9 380 380 0 0 0 1 1 1
4 P_9 381 381 0 0 0 1 1 1
4 P_9 382 382 0.2440115 0.25045 0.256888 1 1 1
4 P_9 383 383 0.165284 0.17135 0.1775065 1 1 1
4 P_9 384 384 0 0 0 1 1 1
4 P_9 385 385 0 0 0 1 1 1
4 P_9 386 386 0 0 0 1 1 1
4 P_9 387 387 0 0 0 1 1 1
4 P_9 388 388 0 0 0 1 1 1
4 P_9 389 389 0 0 0 1 1 1
4 P_9 390 390 0 0 0 1 1 1
4 P_9 391 391 0 0 0 1 1 1
4 P_9 392 392 0.07367 0.07825 0.083028 1 1 1
4 P_9 393 393 0 0 0 1 1 1
4 P_9 394 394 0 0 0 1 1 1
4 P_9 395 395 0 0 0 1 1 1
4 P_9 396 396 0 0 0 1 1 1
4 P_9 397 397 0 0 0 1 1 1
4 P_9 398 398 0 0 0 1 1 1
4 P_9 399 399 0.5 0.5 0.5 1 1 1
4 P_9 400 400 0 0 0 1 1 1
4 P_9 401 401 0 0 0 1 1 1
4 P_9 402 402 0 0 0 1 1 1
4 P_9 403 403 0.2440115 0.25045 0.256888 1 1 1
4 P_9 404 404 0 0 0 1 1 1
4 P_9 405 405 0 0 0 1 1 1
4 P_9 406 406 0.5 0.5 0.5 1 1 1
4 P_9 407 407 0 0 0 1 1 1
4 P_9 408 408 0 0 0 1 1 1
4 P_9 409 409 0 0 0 1 1 1
4 P_9 410 410 0.243162 0.2496 0.256038 1 1 1
4 P_9 411 411 0 0 0 1 1 1
4 P_9 412 412 0 0 0 1 1 1
4 P_9 413 413 0 0 0 1 1 1
4 P_9 414 414 0 0 0 1 1 1
4 P_9 415 415 0 0 0 1 1 1
4 P_9 416 416 0.07367 0.07825 0.083028 1 1 1
4 P_9 417 417 0 0 0 1 1 1
4 P_9 418 418 0.07367 0.07825 0.083028 1 1 1
4 P_9 419 419 0 0 0 1 1 1
4 P_9 420 420 0.2440115 0.25045 0.256888 1 1 1
4 P_9 421 421 0 0 0 1 1 1
4 P_9 422 422 0 0 0 1 1 1
4 P_9 423 423 0.2440115 0.25045 0.256888 1 1 1
4 P_9 424 424 0.165284 0.17135 0.1775065 1 1 1
4 P_9 425 425 0 0 0 1 1 1
4 P_9 426 426 0.2440115 0.25045 0.256888 1 1 1
4 P_9 427 427 0 0 0 1 1 1
4 P_9 428 428 0.5 0.5 0.5 1 1 1
4 P_9 429 429 0 0 0 1 1 1
4 P_9 430 430 0.07367 0.07825 0.083028 1 1 1
4 P_9 431 431 0 0 0 1 1 1
4 P_9 432 432 0 0 0 1 1 1
4 P_9 433 433 0 0 0 1 1 1
4 P_9 434 434 0.5 0.5 0.5 1 1 1
4 P_9 435 435 0 0 0 1 1 1
4 P_9 436 436 0 0 0 1 1 1
4 P_9 437 437 0.2440115 0.25045 0.256888 1 1 1
4 P_9 438 438 0.5 0.5 0.5 1 1 1
4 P_9 439 439 0 0 0 1 1 1
4 P_9 440 440 0.165284 0.17135 0.1775065 1 1 1
4 P_9 441 441 0 0 0 1 1 1
4 P_9 442 442 0 0 0 1 1 1
4 P_9 443 443 0 0 0 1 1 1
4 P_9 444 444 0.5 0.5 0.5 1 1 1
4 P_9 445 445 0.5 0.5 0.5 1 1 1
4 P_9 446 446 0.2440115 0.25045 0.256888 1 1 1
4 P_9 447 447 0.5 0.5 0.5 1 1 1
4 P_9 448 448 0.2440115 0.25045 0.256888 1 1 1
4 P_9 449 449 0.2440115 0.25045 0.256888 1 1 1
4 P_9 450 450 0.2440115 0.25045 0.256888 1 1 1
4 P_9 451 451 0.07367 0.07825 0.083028 1 1 1
4 P_9 452 452 0.2440115 0.25045 0.256888 1 1 1
4 P_9 453 453 0.2440115 0.25045 0.256888 1 1 1
4 P_9 454 454 0.165284 0.17135 0.1775065 1 1 1
4 P_9 455 455 0 0 0 1 1 1
4 P_9 456 456 0.2440115 0.25045 0.256888 1 1 1
4 P_9 457 457 0 0 0 1 1 1
4 P_9 458 458 0.07367 0.07825 0.083028 1 1 1
4 P_9 459 459 0 0 0 1 1 1
4 P_9 460 460 0 0 0 1 1 1
4 P_9 461 461 0.2440115 0.25045 0.256888 1 1 1
4 P_9 462 462 0.07367 0.07825 0.083028 1 1 1
4 P_9 463 463 0 0 0 1 1 1
4 P_9 464 464 0.07367 0.07825 0.083028 1 1 1
4 P_9 465 465 0.5 0.5 0.5 1 1 1
4 P_9 466 466 0 0 0 1 1 1
4 P_9 467 467 0 0 0 1 1 1
4 P_9 468 468 0.07367 0.07825 0.083028 1 1 1
4 P_9 469 469 0.165284 0.17135 0.1775065 1 1 1
4 P_9 470 470 0 0 0 1 1 1
4 P_9 471 471 0.5 0.5 0.5 1 1 1
4 P_9 472 472 0.2440115 0.25045 0.256888 1 1 1
4 P_9 473 473 0 0 0 1 1 1
4 P_9 474 474 0.243162 0.2496 0.256038 1 1 1
4 P_9 475 475 0 0 0 1 1 1
4 P_9 476 476 0 0 0 1 1 1
4 P_9 477 477 0.2440115 0.25045 0.256888 1 1 1
4 P_9 478 478 0 0 0 1 1 1
4 P_9 479 479 0 0 0 1 1 1
4 P_9 480 480 0 0 0 1 1 1
4 P_9 481 481 0.5 0.5 0.5 1 1 1
4 P_9 482 482 0 0 0 1 1 1
4 P_9 483 483 0.07367 0.07825 0.083028 1 1 1
4 P_9 484 484 0 0 0 1 1 1
4 P_9 485 485 0 0 0 1 1 1
4 P_9 486 486 0.07367 0.07825 0.083028 1 1 1
4 P_9 487 487 0.5 0.5 0.5 1 1 1
4 P_9 488 488 0.5 0.5 0.5 1 1 1
4 P_9 489 489 0 0 0 1 1 1
4 P_9 490 490 0 0 0 1 1 1
4 P_9 491 491 0.165284 0.17135 0.1775065 1 1 1
4 P_9 492 492 0.5 0.5 0.5 1 1 1
4 P_9 493 493 0 0 0 1 1 1
4 P_9 494 494 0 0 0 1 1 1
4 P_9 495 495 0 0 0 1 1 1
4 P_9 496 496 0.5 0.5 0.5 1 1 1
4 P_9 497 497 0 0 0 1 1 1
4 P_9 498 498 0 0 0 1 1 1
4 P_9 499 499 0.165284 0.17135 0.1775065 1 1 1
4 P_9 500 500 0 0 0 1 1 1
4 P_9 501 501 0.5 0.5 0.5 1 1 1
4 P_9 502 502 0.165284 0.17135 0.1775065 1 1 1
4 P_9 503 503 0 0 0 1 1 1
4 P_9 504 504 0.5 0.5 0.5 1 1 1
4 P_9 505 505 0 0 0 1 1 1
4 P_9 506 506 0.2440115 0.25045 0.256888 1 1 1
4 P_9 507 507 0.2440115 0.25045 0.256888 1 1 1
4 P_9 508 508 0.165284 0.17135 0.1775065 1 1 1
4 P_9 509 509 0 0 0 1 1 1
4 P_9 510 510 0.165284 0.17135 0.1775065 1 1 1
4 P_9 511 511 0.2440115 0.25045 0.256888 1 1 1
4 P_9 512 512 0.5 0.5 0.5 1 1 1
4 P_9 513 513 0.243162 0.2496 0.256038 1 1 1
4 P_9 514 514 0 0 0 1 1 1
4 P_9 515 515 0.5 0.5 0.5 1 1 1
4 P_9 516 516 0.5 0.5 0.5 1 1 1
4 P_9 517 517 0.5 0.5 0.5 1 1 1
4 P_9 518 518 0.2440115 0.25045 0.256888 1 1 1
4 P_9 519 519 0 0 0 1 1 1
4 P_9 520 520 0.07367 0.07825 0.083028 1 1 1
4 P_9 521 521 0 0 0 1 1 1
4 P_9 522 522 0.5 0.5 0.5 1 1 1
4 P_9 523 523 0 0 0 1 1 1
4 P_9 524 524 0 0 0 1 1 1
4 P_9 525 525 0 0 0 1 1 1
4 P_9 526 526 0 0 0 1 1 1
4 P_9 527 527 0 0 0 1 1 1
4 P_9 528 528 0 0 0 1 1 1
4 P_9 529 529 0 0 0 1 1 1
4 P_9 530 530 0 0 0 1 1 1
4 P_9 531 531 0 0 0 1 1 1
4 P_9 532 532 0 0 0 1 1 1
4 P_9 533 533 0.5 0.5 0.5 1 1 1
4 P_9 534 534 0 0 0 1 1 1
4 P_9 535 535 0.2440115 0.25045 0.256888 1 1 1
4 P_9 536 536 0 0 0 1 1 1
4 P_9 537 537 0 0 0 1 1 1
4 P_9 538 538 0.07367 0.07825 0.083028 1 1 1
4 P_9 539 539 0 0 0 1 1 1
4 P_9 540 540 0 0 0 1 1 1
4 P_9 541 541 0 0 0 1 1 1
4 P_9 542 542 0 0 0 1 1 1
4 P_9 543 543 0.2440115 0.25045 0.256888 1 1 1
4 P_9 544 544 0 0 0 1 1 1
4 P_9 545 545 0 0 0 1 1 1
4 P_9 546 546 0 0 0 1 1 1
4 P_9 547 547 0.2440115 0.25045 0.256888 1 1 1
4 P_9 548 548 0.165284 0.17135 0.1775065 1 1 1
4 P_9 549 549 0.165284 0.17135 0.1775065 1 1 1
4 P_9 550 550 0.5 0.5 0.5 1 1 1
4 P_9 551 551 0 0 0 1 1 1
4 P_9 552 552 0.5 0.5 0.5 1 1 1
4 P_9 553 553 0 0 0 1 1 1
4 P_9 554 554 0.5 0.5 0.5 1 1 1
4 P_9 555 555 0 0 0 1 1 1
4 P_9 556 556 0 0 0 1 1 1
4 P_9 557 557 0 0 0 1 1 1
4 P_9 558 558 0.165284 0.17135 0.1775065 1 1 1
4 P_9 559 559 0.5 0.5 0.5 1 1 1
4 P_9 560 560 0.07367 0.07825 0.083028 1 1 1
4 P_9 561 561 0 0 0 1 1 1
4 P_9 562 562 0.5 0.5 0.5 1 1 1
4 P_9 563 563 0.5 0.5 0.5 1 1 1
4 P_9 564 564 0.5 0.5 0.5 1 1 1
4 P_9 565 565 0.165284 0.17135 0.1775065 1 1 1
4 P_9 566 566 0.5 0.5 0.5 1 1 1
4 P_9 567 567 0.165284 0.17135 0.1775065 1 1 1
4 P_9 568 568 0.07367 0.07825 0.083028 1 1 1
4 P_9 569 569 0 0 0 1 1 1
4 P_9 570 570 0.2440115 0.25045 0.256888 1 1 1
4 P_9 571 571 0.5 0.5 0.5 1 1 1
4 P_9 572 572 0 0 0 1 1 1
4 P_9 573 573 0 0 0 1 1 1
4 P_9 574 574 0 0 0 1 1 1
4 P_9 575 575 0 0 0 1 1 1
4 P_9 576 576 0.243162 0.2496 0.256038 1 1 1
4 P_9 577 577 0 0 0 1 1 1
4 P_9 578 578 0.2440115 0.25045 0.256888 1 1 1
4 P_9 579 579 0 0 0 1 1 1
4 P_9 580 580 0.5 0.5 0.5 1 1 1
4 P_9 581 581 0.243162 0.2496 0.256038 1 1 1
4 P_9 582 582 0 0 0 1 1 1
4 P_9 583 583 0 0 0 1 1 1
4 P_9 584 584 0.07367 0.07825 0.083028 1 1 1
4 P_9 585 585 0 0 0 1 1 1
4 P_9 586 586 0 0 0 1 1 1
4 P_9 587 587 0 0 0 1 1 1
4 P_9 588 588 0 0 0 1 1 1
4 P_9 589 589 0 0 0 1 1 1
4 P_9 590 590 0 0 0 1 1 1
4 P_9 591 591 0.5 0.5 0.5 1 1 1
4 P_9 592 592 0 0 0 1 1 1
4 P_9 593 593 0 0 0 1 1 1
4 P_9 594 594 0 0 0 1 1 1
4 P_9 595 595 0 0 0 1 1 1
4 P_9 596 596 0.2440115 0.25045 0.256888 1 1 1
4 P_9 597 597 0.243162 0.2496 0.256038 1 1 1
4 P_9 598 598 0.2440115 0.25045 0.256888 1 1 1
4 P_9 599 599 0 0 0 1 1 1
4 P_9 600 600 0.07367 0.07825 0.083028 1 1 1
