2 #m
882 #n
0 P_6 0 0 0.0811575 0.13 0.1921275 1 1 1
0 P_6 1 1 0 0 0 1 1 1
0 P_6 2 2 0.164372 0.22826086956521738 0.294759 1 1 1
0 P_6 3 3 0.0572065 0.10106382978723404 0.162407 1 1 1
0 P_6 4 4 0.088425 0.13861386138613863 0.2010185 1 1 1
0 P_6 5 5 0.126617 0.1875 0.25621 1 1 1
0 P_6 6 6 0.078114 0.12921348314606743 0.195266 1 1 1
0 P_6 7 7 0.0651895 0.11 0.170303 1 1 1
0 P_6 8 8 0.068775 0.11320754716981132 0.171954 1 1 1
0 P_6 9 9 0.060045 0.10294117647058823 0.1618015 1 1 1
0 P_6 10 10 0.0822145 0.12831858407079647 0.186397 1 1 1
0 P_6 11 11 0 0 0 1 1 1
0 P_6 12 12 0.109365 0.16071428571428573 0.2209295 1 1 1
0 P_6 13 13 0.1075605 0.1590909090909091 0.2198065 1 1 1
0 P_6 14 14 0.5 0.5 0.5 1 1 1
0 P_6 15 15 0.089807 0.14743589743589744 0.2194695 1 1 1
0 P_6 16 16 0 0 0 1 1 1
0 P_6 17 17 0.0598585 0.10555555555555556 0.168934 1 1 1
0 P_6 18 18 0.092778 0.14285714285714285 0.2042565 1 1 1
0 P_6 19 19 0.07234 0.1188118811881188 0.1796665 1 1 1
0 P_6 20 20 0.069124 0.115 0.1758175 1 1 1
0 P_6 21 21 0.073569 0.125 0.1927835 1 1 1
0 P_6 22 22 0.0420954 0.07920792079207921 0.135021 1 1 1
0 P_6 23 23 0.5 0.5 0.5 1 1 1
0 P_6 24 24 0.079547 0.1346153846153846 0.2058855 1 1 1
0 P_6 25 25 0.0879195 0.13478260869565217 0.1927945 1 1 1
0 P_6 26 26 0.079266 0.13253012048192772 0.2013405 1 1 1
0 P_6 27 27 0.0955285 0.14795918367346939 0.2119115 1 1 1
0 P_6 28 28 0.062662 0.10869565217391304 0.171668 1 1 1
0 P_6 29 29 0 0 0 1 1 1
0 P_6 30 30 0.088023 0.13917525773195877 0.202963 1 1 1
0 P_6 31 31 0.0551525 0.09615384615384616 0.153544 1 1 1
0 P_6 32 32 0.068031 0.11458333333333333 0.1767225 1 1 1
0 P_6 33 33 0.085573 0.13135593220338984 0.1883365 1 1 1
0 P_6 34 34 0.03739575 0.07211538461538461 0.125765 1 1 1
0 P_6 35 35 0.081657 0.13333333333333333 0.1993005 1 1 1
0 P_6 36 36 0.056276 0.09803921568627451 0.1562965 1 1 1
0 P_6 37 37 0.082625 0.1348314606741573 0.201297 1 1 1
0 P_6 38 38 0.0613475 0.10377358490566038 0.161497 1 1 1
0 P_6 39 39 0.067708 0.11274509803921569 0.172686 1 1 1
0 P_6 40 40 0.5 0.5 0.5 1 1 1
0 P_6 41 41 0.0704555 0.11467889908256881 0.1726865 1 1 1
0 P_6 42 42 0.0813815 0.13157894736842105 0.195549 1 1 1
0 P_6 43 43 0.0612965 0.105 0.1647475 1 1 1
0 P_6 44 44 0.0638565 0.10784313725490197 0.167264 1 1 1
0 P_6 45 45 0.04715655 0.08673469387755102 0.1447205 1 1 1
0 P_6 46 46 0.0498863 0.09 0.147809 1 1 1
0 P_6 47 47 0.080716 0.12608695652173912 0.183447 1 1 1
0 P_6 48 48 0.0520355 0.09090909090909091 0.1458365 1 1 1
0 P_6 49 49 0.0912575 0.13963963963963963 0.199073 1 1 1
0 P_6 50 50 0.5 0.5 0.5 1 1 1
0 P_6 51 51 0 0 0 1 1 1
0 P_6 52 52 0.0543965 0.09782608695652174 0.159491 1 1 1
0 P_6 53 53 0.068775 0.11320754716981132 0.171954 1 1 1
0 P_6 54 54 0 0 0 1 1 1
0 P_6 55 55 0.0804895 0.13020833333333334 0.1937195 1 1 1
0 P_6 56 56 0.067708 0.11274509803921569 0.172686 1 1 1
0 P_6 57 57 0.1212875 0.1761904761904762 0.238894 1 1 1
0 P_6 58 58 0.0950395 0.14414414414414414 0.203849 1 1 1
0 P_6 59 59 0 0 0 1 1 1
0 P_6 60 60 0.084722 0.13541666666666666 0.1993055 1 1 1
0 P_6 61 61 0.0861485 0.13636363636363635 0.199283 1 1 1
0 P_6 62 62 0.070158 0.11538461538461539 0.1749585 1 1 1
0 P_6 63 63 0.0651895 0.11 0.170303 1 1 1
0 P_6 64 64 0.09253 0.14356435643564355 0.2062725 1 1 1
0 P_6 65 65 0.191473 0.25842696629213485 0.3243365 1 1 1
0 P_6 66 66 0.5 0.5 0.5 1 1 1
0 P_6 67 67 0.0424353 0.08152173913043478 0.140784 1 1 1
0 P_6 68 68 0.088814 0.1380952380952381 0.1991985 1 1 1
0 P_6 69 69 0.0835425 0.12931034482758622 0.186658 1 1 1
0 P_6 70 70 0.057447 0.1 0.159148 1 1 1
0 P_6 71 71 0.0658775 0.1111111111111111 0.1718645 1 1 1
0 P_6 72 72 0.050922 0.09340659340659341 0.1548505 1 1 1
0 P_6 73 73 0.2511675 0.31868131868131866 0.377866 1 1 1
0 P_6 74 74 0.080716 0.12608695652173912 0.183447 1 1 1
0 P_6 75 75 0 0 0 1 1 1
0 P_6 76 76 0.084181 0.1358695652173913 0.2012475 1 1 1
0 P_6 77 77 0.068775 0.11320754716981132 0.171954 1 1 1
0 P_6 78 78 0 0 0 1 1 1
0 P_6 79 79 0.078763 0.12755102040816327 0.1901605 1 1 1
0 P_6 80 80 0.1057025 0.1574074074074074 0.2186345 1 1 1
0 P_6 81 81 0.102996 0.15656565656565657 0.2205835 1 1 1
0 P_6 82 82 0.0721425 0.11979166666666667 0.1824295 1 1 1
0 P_6 83 83 0.070601 0.11734693877551021 0.179063 1 1 1
0 P_6 84 84 0.084722 0.13541666666666666 0.1993055 1 1 1
0 P_6 85 85 0.055343 0.10119047619047619 0.166492 1 1 1
0 P_6 86 86 0.104113 0.15816326530612246 0.222584 1 1 1
0 P_6 87 87 0.072301 0.11538461538461539 0.171275 1 1 1
0 P_6 88 88 0.0737945 0.11666666666666667 0.171917 1 1 1
0 P_6 89 89 0 0 0 1 1 1
0 P_6 90 90 0.09372 0.14423076923076922 0.2060195 1 1 1
0 P_6 91 91 0.05769 0.09905660377358491 0.156212 1 1 1
0 P_6 92 92 0.04887335 0.08823529411764706 0.1451495 1 1 1
0 P_6 93 93 0.089358 0.14 0.202822 1 1 1
0 P_6 94 94 0.0727915 0.12222222222222222 0.1873015 1 1 1
0 P_6 95 95 0.055367 0.0979381443298969 0.1578305 1 1 1
0 P_6 96 96 0.0857395 0.1346153846153846 0.1957935 1 1 1
0 P_6 97 97 0.078763 0.12755102040816327 0.1901605 1 1 1
0 P_6 98 98 0.106601 0.16666666666666666 0.2380255 1 1 1
0 P_6 99 99 0.110419 0.165 0.2289955 1 1 1
0 P_6 100 100 0.07714 0.12631578947368421 0.189875 1 1 1
0 P_6 101 101 0.0918545 0.14150943396226415 0.2025225 1 1 1
0 P_6 102 102 0.0529125 0.09876543209876543 0.1650845 1 1 1
0 P_6 103 103 0.072542 0.1179245283018868 0.177129 1 1 1
0 P_6 104 104 0.070906 0.1206896551724138 0.1868305 1 1 1
0 P_6 105 105 0.091285 0.14285714285714285 0.206526 1 1 1
0 P_6 106 106 0.078676 0.1262135922330097 0.1870705 1 1 1
0 P_6 107 107 0.0687805 0.11578947368421053 0.1784025 1 1 1
0 P_6 108 108 0.063542 0.11176470588235295 0.177862 1 1 1
0 P_6 109 109 0.0829015 0.1326530612244898 0.1956515 1 1 1
0 P_6 110 110 0.0930235 0.14220183486238533 0.202366 1 1 1
0 P_6 111 111 0.076342 0.12264150943396226 0.18227 1 1 1
0 P_6 112 112 0.109365 0.16071428571428573 0.2209295 1 1 1
0 P_6 113 113 0.075985 0.11811023622047244 0.171826 1 1 1
0 P_6 114 114 0.116019 0.17391304347826086 0.2409375 1 1 1
0 P_6 115 115 0.061271 0.10638297872340426 0.1683585 1 1 1
0 P_6 116 116 0.03893695 0.075 0.130404 1 1 1
0 P_6 117 117 0.297178 0.36 0.410642 1 1 1
0 P_6 118 118 0.073569 0.125 0.1927835 1 1 1
0 P_6 119 119 0.0582615 0.1 0.157573 1 1 1
0 P_6 120 120 0.0822145 0.12831858407079647 0.186397 1 1 1
0 P_6 121 121 0.099844 0.15425531914893617 0.219919 1 1 1
0 P_6 122 122 0.0851575 0.13736263736263737 0.2032205 1 1 1
0 P_6 123 123 0.087426 0.14375 0.21464 1 1 1
0 P_6 124 124 0 0 0 1 1 1
0 P_6 125 125 0.0613475 0.10377358490566038 0.161497 1 1 1
0 P_6 126 126 0.5 0.5 0.5 1 1 1
0 P_6 127 127 0.0692355 0.11797752808988764 0.18306 1 1 1
0 P_6 128 128 0.090634 0.1407766990291262 0.2026745 1 1 1
0 P_6 129 129 0 0 0 1 1 1
0 P_6 130 130 0 0 0 1 1 1
0 P_6 131 131 0 0 0 1 1 1
0 P_6 132 132 0.044362 0.08333333333333333 0.141468 1 1 1
0 P_6 133 133 0.107001 0.16019417475728157 0.223055 1 1 1
0 P_6 134 134 0.060751 0.102803738317757 0.1601165 1 1 1
0 P_6 135 135 0.0790495 0.13068181818181818 0.1972465 1 1 1
0 P_6 136 136 0 0 0 1 1 1
0 P_6 137 137 0 0 0 1 1 1
0 P_6 138 138 0.108835 0.16489361702127658 0.2309555 1 1 1
0 P_6 139 139 0.0876085 0.13978494623655913 0.2050455 1 1 1
0 P_6 140 140 0.050348 0.09239130434782608 0.153318 1 1 1
0 P_6 141 141 0 0 0 1 1 1
0 P_6 142 142 0.074978 0.11946902654867257 0.1768035 1 1 1
0 P_6 143 143 0.0668725 0.11413043478260869 0.177678 1 1 1
0 P_6 144 144 0 0 0 1 1 1
0 P_6 145 145 0.0975905 0.15476190476190477 0.2243985 1 1 1
0 P_6 146 146 0 0 0 1 1 1
0 P_6 147 147 0.0780025 0.1276595744680851 0.191689 1 1 1
0 P_6 148 148 0.1794755 0.24456521739130435 0.3103075 1 1 1
0 P_6 149 149 0.0590715 0.10588235294117647 0.171325 1 1 1
0 P_6 150 150 0.0897145 0.13942307692307693 0.2009215 1 1 1
0 P_6 151 151 0.236312 0.3020833333333333 0.3618535 1 1 1
0 P_6 152 152 0.142614 0.21052631578947367 0.2841245 1 1 1
0 P_6 153 153 0.5 0.5 0.5 1 1 1
0 P_6 154 154 0.135109 0.19387755102040816 0.2589855 1 1 1
0 P_6 155 155 0.0543965 0.09782608695652174 0.159491 1 1 1
0 P_6 156 156 0.0638565 0.10784313725490197 0.167264 1 1 1
0 P_6 157 157 0.0755945 0.12149532710280374 0.1807235 1 1 1
0 P_6 158 158 0.0568555 0.09900990099009901 0.1577095 1 1 1
0 P_6 159 159 0 0 0 1 1 1
0 P_6 160 160 0.0453386 0.0851063829787234 0.1442215 1 1 1
0 P_6 161 161 0.0866245 0.13829787234042554 0.2030965 1 1 1
0 P_6 162 162 0.1116075 0.16666666666666666 0.2310455 1 1 1
0 P_6 163 163 0.0785825 0.12389380530973451 0.181614 1 1 1
0 P_6 164 164 0.0932975 0.14583333333333334 0.2103655 1 1 1
0 P_6 165 165 0.5 0.5 0.5 1 1 1
0 P_6 166 166 0 0 0 1 1 1
0 P_6 167 167 0.087511 0.13725490196078433 0.1992465 1 1 1
0 P_6 168 168 0.090311 0.1414141414141414 0.2046575 1 1 1
0 P_6 169 169 0.1108615 0.16666666666666666 0.232071 1 1 1
0 P_6 170 170 0.1059085 0.15865384615384615 0.2211415 1 1 1
0 P_6 171 171 0.084181 0.1358695652173913 0.2012475 1 1 1
0 P_6 172 172 0.04978615 0.0913978494623656 0.1518155 1 1 1
0 P_6 173 173 0.09783 0.14814814814814814 0.2089395 1 1 1
0 P_6 174 174 0.0822935 0.13297872340425532 0.197413 1 1 1
0 P_6 175 175 0 0 0 1 1 1
0 P_6 176 176 0.0678545 0.11061946902654868 0.1670965 1 1 1
0 P_6 177 177 0.0666245 0.10869565217391304 0.1644335 1 1 1
0 P_6 178 178 0.090634 0.1407766990291262 0.2026745 1 1 1
0 P_6 179 179 0 0 0 1 1 1
0 P_6 180 180 0.5 0.5 0.5 1 1 1
0 P_6 181 181 0.0843525 0.13366336633663367 0.195732 1 1 1
0 P_6 182 182 0.063963 0.109375 0.170971 1 1 1
0 P_6 183 183 0.110795 0.16101694915254236 0.21964 1 1 1
0 P_6 184 184 0.0543965 0.09782608695652174 0.159491 1 1 1
0 P_6 185 185 0.077201 0.12777777777777777 0.193324 1 1 1
0 P_6 186 186 0.0605605 0.10674157303370786 0.170648 1 1 1
0 P_6 187 187 0 0 0 1 1 1
0 P_6 188 188 0 0 0 1 1 1
0 P_6 189 189 0.0891915 0.13761467889908258 0.1974905 1 1 1
0 P_6 190 190 0.0572065 0.10106382978723404 0.162407 1 1 1
0 P_6 191 191 0.1046745 0.1559633027522936 0.216837 1 1 1
0 P_6 192 192 0.0843525 0.13366336633663367 0.195732 1 1 1
0 P_6 193 193 0.0866245 0.13829787234042554 0.2030965 1 1 1
0 P_6 194 194 0.0976385 0.15104166666666666 0.2158425 1 1 1
0 P_6 195 195 0.075524 0.12254901960784313 0.183416 1 1 1
0 P_6 196 196 0.0542055 0.09595959595959595 0.154919 1 1 1
0 P_6 197 197 0.05658 0.1 0.1608525 1 1 1
0 P_6 198 198 0.119319 0.1774193548387097 0.2441395 1 1 1
0 P_6 199 199 0.081657 0.13333333333333333 0.1993005 1 1 1
0 P_6 200 200 0.06658 0.11224489795918367 0.173454 1 1 1
0 P_6 201 201 0.060853 0.10176991150442478 0.157266 1 1 1
0 P_6 202 202 0.08202 0.13131313131313133 0.1938735 1 1 1
0 P_6 203 203 0.0668725 0.11413043478260869 0.177678 1 1 1
0 P_6 204 204 0.098778 0.15517241379310345 0.2235695 1 1 1
0 P_6 205 205 0.064936 0.10714285714285714 0.163523 1 1 1
0 P_6 206 206 0.088023 0.13917525773195877 0.202963 1 1 1
0 P_6 207 207 0.095952 0.14545454545454545 0.2055185 1 1 1
0 P_6 208 208 0.073569 0.125 0.1927835 1 1 1
0 P_6 209 209 0.0976385 0.15104166666666666 0.2158425 1 1 1
0 P_6 210 210 0.071132 0.11956521739130435 0.1836385 1 1 1
0 P_6 211 211 0.114064 0.17010309278350516 0.2352545 1 1 1
0 P_6 212 212 0.079617 0.12886597938144329 0.1919235 1 1 1
0 P_6 213 213 0.0485979 0.08636363636363636 0.140639 1 1 1
0 P_6 214 214 0.0804895 0.13020833333333334 0.1937195 1 1 1
0 P_6 215 215 0.0997855 0.15196078431372548 0.2147885 1 1 1
0 P_6 216 216 0.0786175 0.125 0.184232 1 1 1
0 P_6 217 217 0.0846315 0.13793103448275862 0.2054115 1 1 1
0 P_6 218 218 0.093508 0.145 0.208119 1 1 1
0 P_6 219 219 0.07714 0.12631578947368421 0.189875 1 1 1
0 P_6 220 220 0 0 0 1 1 1
0 P_6 221 221 0 0 0 1 1 1
0 P_6 222 222 0.107107 0.16477272727272727 0.2331095 1 1 1
0 P_6 223 223 0.085241 0.135 0.1974915 1 1 1
0 P_6 224 224 0.3398835 0.397196261682243 0.439249 1 1 1
0 P_6 225 225 0.1008965 0.15463917525773196 0.2192565 1 1 1
0 P_6 226 226 0.091531 0.14705882352941177 0.2159075 1 1 1
0 P_6 227 227 0.1135095 0.16831683168316833 0.2320855 1 1 1
0 P_6 228 228 0.071952 0.12087912087912088 0.185452 1 1 1
0 P_6 229 229 0.069475 0.11206896551724138 0.1678935 1 1 1
0 P_6 230 230 0 0 0 1 1 1
0 P_6 231 231 0.0684865 0.11160714285714286 0.16846 1 1 1
0 P_6 232 232 0.077882 0.125 0.185443 1 1 1
0 P_6 233 233 0.094565 0.14166666666666666 0.1988295 1 1 1
0 P_6 234 234 0.087511 0.13725490196078433 0.1992465 1 1 1
0 P_6 235 235 0 0 0 1 1 1
0 P_6 236 236 0.076342 0.12264150943396226 0.18227 1 1 1
0 P_6 237 237 0.0424353 0.08152173913043478 0.140784 1 1 1
0 P_6 238 238 0.056366 0.09565217391304348 0.1498615 1 1 1
0 P_6 239 239 0.0939325 0.14351851851851852 0.204053 1 1 1
0 P_6 240 240 0.1118035 0.1728395061728395 0.244333 1 1 1
0 P_6 241 241 0.096489 0.15053763440860216 0.216396 1 1 1
0 P_6 242 242 0.0822935 0.13297872340425532 0.197413 1 1 1
0 P_6 243 243 0.050942 0.09183673469387756 0.1505675 1 1 1
0 P_6 244 244 0.0613475 0.10377358490566038 0.161497 1 1 1
0 P_6 245 245 0.089358 0.14 0.202822 1 1 1
0 P_6 246 246 0.062607 0.10344827586206896 0.158344 1 1 1
0 P_6 247 247 0 0 0 1 1 1
0 P_6 248 248 0.0838015 0.13402061855670103 0.197462 1 1 1
0 P_6 249 249 0.070906 0.1206896551724138 0.1868305 1 1 1
0 P_6 250 250 0.087011 0.14473684210526316 0.217615 1 1 1
0 P_6 251 251 0.0792705 0.12393162393162394 0.1805875 1 1 1
0 P_6 252 252 0.0754315 0.12643678160919541 0.1930745 1 1 1
0 P_6 253 253 0.064516 0.10891089108910891 0.16877 1 1 1
0 P_6 254 254 0 0 0 1 1 1
0 P_6 255 255 0.0626015 0.10714285714285714 0.167802 1 1 1
0 P_6 256 256 0.051504 0.09134615384615384 0.1480865 1 1 1
0 P_6 257 257 0.074143 0.11926605504587157 0.1777075 1 1 1
0 P_6 258 258 0 0 0 1 1 1
0 P_6 259 259 0.092778 0.14285714285714285 0.2042565 1 1 1
0 P_6 260 260 0.0621235 0.1111111111111111 0.178902 1 1 1
0 P_6 261 261 0.088023 0.13917525773195877 0.202963 1 1 1
0 P_6 262 262 0.0771095 0.125 0.186728 1 1 1
0 P_6 263 263 0.0822935 0.13297872340425532 0.197413 1 1 1
0 P_6 264 264 0 0 0 1 1 1
0 P_6 265 265 0.0408711 0.08045977011494253 0.1414635 1 1 1
0 P_6 266 266 0.03261245 0.0663265306122449 0.120726 1 1 1
0 P_6 267 267 0.075524 0.12254901960784313 0.183416 1 1 1
0 P_6 268 268 0.0646285 0.11538461538461539 0.1850335 1 1 1
0 P_6 269 269 0.069794 0.12048192771084337 0.1883055 1 1 1
0 P_6 270 270 0.0582615 0.1 0.157573 1 1 1
0 P_6 271 271 0 0 0 1 1 1
0 P_6 272 272 0.076296 0.125 0.188095 1 1 1
0 P_6 273 273 0.072532 0.11475409836065574 0.1693325 1 1 1
0 P_6 274 274 0.0568555 0.09900990099009901 0.1577095 1 1 1
0 P_6 275 275 0.062662 0.10869565217391304 0.171668 1 1 1
0 P_6 276 276 0.089645 0.14285714285714285 0.209057 1 1 1
0 P_6 277 277 0.0764405 0.12962962962962962 0.199122 1 1 1
0 P_6 278 278 0.0586675 0.10204081632653061 0.162105 1 1 1
0 P_6 279 279 0.0612965 0.105 0.1647475 1 1 1
0 P_6 280 280 0.0799865 0.125 0.182006 1 1 1
0 P_6 281 281 0.1171375 0.17142857142857143 0.2340235 1 1 1
0 P_6 282 282 0.0586675 0.10204081632653061 0.162105 1 1 1
0 P_6 283 283 0.0714015 0.11504424778761062 0.1719645 1 1 1
0 P_6 284 284 0.0941735 0.14835164835164835 0.2148525 1 1 1
0 P_6 285 285 0.5 0.5 0.5 1 1 1
0 P_6 286 286 0.0932975 0.14583333333333334 0.2103655 1 1 1
0 P_6 287 287 0.5 0.5 0.5 1 1 1
0 P_6 288 288 0.0692355 0.11797752808988764 0.18306 1 1 1
0 P_6 289 289 0.0653855 0.11170212765957446 0.1742605 1 1 1
0 P_6 290 290 0.089358 0.14 0.202822 1 1 1
0 P_6 291 291 0.060045 0.10294117647058823 0.1618015 1 1 1
0 P_6 292 292 0.0778615 0.12385321100917432 0.182697 1 1 1
0 P_6 293 293 0.0998045 0.15306122448979592 0.217264 1 1 1
0 P_6 294 294 0.1176615 0.1680327868852459 0.2258975 1 1 1
0 P_6 295 295 0.0466256 0.08928571428571429 0.152946 1 1 1
0 P_6 296 296 0.04635925 0.08695652173913043 0.1470835 1 1 1
0 P_6 297 297 0.050325 0.09411764705882353 0.1580545 1 1 1
0 P_6 298 298 0.0692355 0.11797752808988764 0.18306 1 1 1
0 P_6 299 299 0.050942 0.09183673469387756 0.1505675 1 1 1
0 P_6 300 300 0.0958055 0.14622641509433962 0.207512 1 1 1
0 P_6 301 301 0.0800675 0.12612612612612611 0.1845865 1 1 1
0 P_6 302 302 0.064338 0.10619469026548672 0.162197 1 1 1
0 P_6 303 303 0.069475 0.11206896551724138 0.1678935 1 1 1
0 P_6 304 304 0.0592185 0.09913793103448276 0.1535235 1 1 1
0 P_6 305 305 0.0598585 0.10555555555555556 0.168934 1 1 1
0 P_6 306 306 0 0 0 1 1 1
0 P_6 307 307 0 0 0 1 1 1
0 P_6 308 308 0.088814 0.1380952380952381 0.1991985 1 1 1
0 P_6 309 309 0.0582615 0.1 0.157573 1 1 1
0 P_6 310 310 0.09372 0.14423076923076922 0.2060195 1 1 1
0 P_6 311 311 0.0592185 0.09913793103448276 0.1535235 1 1 1
0 P_6 312 312 0.03822035 0.07738095238095238 0.1390835 1 1 1
0 P_6 313 313 0.064516 0.10891089108910891 0.16877 1 1 1
0 P_6 314 314 0.08263 0.13106796116504854 0.192304 1 1 1
0 P_6 315 315 0.106533 0.15765765765765766 0.218031 1 1 1
0 P_6 316 316 0.06658 0.11224489795918367 0.173454 1 1 1
0 P_6 317 317 0 0 0 1 1 1
0 P_6 318 318 0.1153515 0.16990291262135923 0.233077 1 1 1
0 P_6 319 319 0.061956 0.10476190476190476 0.1629015 1 1 1
0 P_6 320 320 0.0592185 0.09913793103448276 0.1535235 1 1 1
0 P_6 321 321 0.5 0.5 0.5 1 1 1
0 P_6 322 322 0.05658 0.1 0.1608525 1 1 1
0 P_6 323 323 0.0837705 0.13063063063063063 0.1894425 1 1 1
0 P_6 324 324 0.072548 0.125 0.1945825 1 1 1
0 P_6 325 325 0.1133055 0.1724137931034483 0.241344 1 1 1
0 P_6 326 326 0.1043225 0.1595744680851064 0.2254545 1 1 1
0 P_6 327 327 0 0 0 1 1 1
0 P_6 328 328 0 0 0 1 1 1
0 P_6 329 329 0.091531 0.14705882352941177 0.2159075 1 1 1
0 P_6 330 330 0.069794 0.12048192771084337 0.1883055 1 1 1
0 P_6 331 331 0.0708705 0.11650485436893204 0.1765005 1 1 1
0 P_6 332 332 0.099908 0.15555555555555556 0.2227755 1 1 1
0 P_6 333 333 0.066833 0.11728395061728394 0.1857055 1 1 1
0 P_6 334 334 0.0626015 0.10714285714285714 0.167802 1 1 1
0 P_6 335 335 0.0642945 0.10504201680672269 0.159353 1 1 1
0 P_6 336 336 0.09769 0.15 0.213384 1 1 1
0 P_6 337 337 0.0408711 0.08045977011494253 0.1414635 1 1 1
0 P_6 338 338 0.1096435 0.16494845360824742 0.2299535 1 1 1
0 P_6 339 339 0.078271 0.13095238095238096 0.1992095 1 1 1
0 P_6 340 340 0.074586 0.12365591397849462 0.187721 1 1 1
0 P_6 341 341 0.0843525 0.13366336633663367 0.195732 1 1 1
0 P_6 342 342 0.08263 0.13106796116504854 0.192304 1 1 1
0 P_6 343 343 0.060559 0.10843373493975904 0.1750325 1 1 1
0 P_6 344 344 0.5 0.5 0.5 1 1 1
0 P_6 345 345 0.0876085 0.13978494623655913 0.2050455 1 1 1
0 P_6 346 346 0.0550185 0.0989010989010989 0.1610815 1 1 1
0 P_6 347 347 0.087501 0.13513513513513514 0.194271 1 1 1
0 P_6 348 348 0 0 0 1 1 1
0 P_6 349 349 0.2316735 0.2927927927927928 0.3496245 1 1 1
0 P_6 350 350 0.061271 0.10638297872340426 0.1683585 1 1 1
0 P_6 351 351 0.088338 0.13636363636363635 0.1958675 1 1 1
0 P_6 352 352 0.0824035 0.12962962962962962 0.1892305 1 1 1
0 P_6 353 353 0.093508 0.145 0.208119 1 1 1
0 P_6 354 354 0.09769 0.15 0.213384 1 1 1
0 P_6 355 355 0.2321335 0.29439252336448596 0.3520435 1 1 1
0 P_6 356 356 0.0958055 0.14622641509433962 0.207512 1 1 1
0 P_6 357 357 0.0413623 0.08139534883720931 0.1429625 1 1 1
0 P_6 358 358 0.085672 0.13953488372093023 0.2075315 1 1 1
0 P_6 359 359 0.5 0.5 0.5 1 1 1
0 P_6 360 360 0.0829015 0.1326530612244898 0.1956515 1 1 1
0 P_6 361 361 0.090311 0.1414141414141414 0.2046575 1 1 1
0 P_6 362 362 0.055513 0.09545454545454546 0.150993 1 1 1
0 P_6 363 363 0.070601 0.11734693877551021 0.179063 1 1 1
0 P_6 364 364 0.0856625 0.1368421052631579 0.2011835 1 1 1
0 P_6 365 365 0.059173 0.1043956043956044 0.167254 1 1 1
0 P_6 366 366 0.0965715 0.14948453608247422 0.213859 1 1 1
0 P_6 367 367 0.0704155 0.1125 0.1673485 1 1 1
0 P_6 368 368 0.0689225 0.11904761904761904 0.1863015 1 1 1
0 P_6 369 369 0.0899815 0.14210526315789473 0.2067795 1 1 1
0 P_6 370 370 0.0691305 0.11261261261261261 0.169846 1 1 1
0 P_6 371 371 0.090311 0.1414141414141414 0.2046575 1 1 1
0 P_6 372 372 0 0 0 1 1 1
0 P_6 373 373 0 0 0 1 1 1
0 P_6 374 374 0.074862 0.12037037037037036 0.179203 1 1 1
0 P_6 375 375 0.0746625 0.12244897959183673 0.1846315 1 1 1
0 P_6 376 376 0.0540725 0.09433962264150944 0.1508865 1 1 1
0 P_6 377 377 0.090311 0.1414141414141414 0.2046575 1 1 1
0 P_6 378 378 0.0605985 0.10526315789473684 0.166751 1 1 1
0 P_6 379 379 0.075529 0.12987012987012986 0.2012855 1 1 1
0 P_6 380 380 0.0746625 0.12244897959183673 0.1846315 1 1 1
0 P_6 381 381 0.080716 0.12608695652173912 0.183447 1 1 1
0 P_6 382 382 0.0928855 0.14772727272727273 0.215372 1 1 1
0 P_6 383 383 0.076296 0.125 0.188095 1 1 1
0 P_6 384 384 0.0646665 0.11052631578947368 0.1726 1 1 1
0 P_6 385 385 0.111163 0.1650485436893204 0.2280795 1 1 1
0 P_6 386 386 0 0 0 1 1 1
0 P_6 387 387 0.310051 0.36666666666666664 0.4124485 1 1 1
0 P_6 388 388 0 0 0 1 1 1
0 P_6 389 389 0.0903995 0.13839285714285715 0.1974655 1 1 1
0 P_6 390 390 0.0506055 0.08849557522123894 0.142264 1 1 1
0 P_6 391 391 0.5 0.5 0.5 1 1 1
0 P_6 392 392 0.0543965 0.09782608695652174 0.159491 1 1 1
0 P_6 393 393 0.1123235 0.16666666666666666 0.2300655 1 1 1
0 P_6 394 394 0.087501 0.13513513513513514 0.194271 1 1 1
0 P_6 395 395 0.084571 0.1318181818181818 0.191002 1 1 1
0 P_6 396 396 0.0792705 0.12393162393162394 0.1805875 1 1 1
0 P_6 397 397 0.060587 0.0992063492063492 0.151174 1 1 1
0 P_6 398 398 0.078676 0.1262135922330097 0.1870705 1 1 1
0 P_6 399 399 0.5 0.5 0.5 1 1 1
0 P_6 400 400 0.0691305 0.11261261261261261 0.169846 1 1 1
0 P_6 401 401 0.0778605 0.12280701754385964 0.180163 1 1 1
0 P_6 402 402 0.098736 0.15151515151515152 0.215307 1 1 1
0 P_6 403 403 0.093508 0.145 0.208119 1 1 1
0 P_6 404 404 0.074143 0.11926605504587157 0.1777075 1 1 1
0 P_6 405 405 0.081657 0.13333333333333333 0.1993005 1 1 1
0 P_6 406 406 0.0870755 0.1377551020408163 0.2011065 1 1 1
0 P_6 407 407 0.0804895 0.13020833333333334 0.1937195 1 1 1
0 P_6 408 408 0.0785675 0.1228813559322034 0.179191 1 1 1
0 P_6 409 409 0 0 0 1 1 1
0 P_6 410 410 0.0692355 0.11797752808988764 0.18306 1 1 1
0 P_6 411 411 0 0 0 1 1 1
0 P_6 412 412 0.0646665 0.11052631578947368 0.1726 1 1 1
0 P_6 413 413 0.0747555 0.12135922330097088 0.181803 1 1 1
0 P_6 414 414 0.069124 0.115 0.1758175 1 1 1
0 P_6 415 415 0.06765 0.1092436974789916 0.164009 1 1 1
0 P_6 416 416 0.3316415 0.39361702127659576 0.438729 1 1 1
0 P_6 417 417 0.0822935 0.13297872340425532 0.197413 1 1 1
0 P_6 418 418 0.0813335 0.13580246913580246 0.2057405 1 1 1
0 P_6 419 419 0.0824035 0.12962962962962962 0.1892305 1 1 1
0 P_6 420 420 0.050348 0.09239130434782608 0.153318 1 1 1
0 P_6 421 421 0 0 0 1 1 1
0 P_6 422 422 0.0663485 0.11057692307692307 0.1696635 1 1 1
0 P_6 423 423 0.102326 0.1590909090909091 0.227238 1 1 1
0 P_6 424 424 0.067708 0.11274509803921569 0.172686 1 1 1
0 P_6 425 425 0.0910465 0.14935064935064934 0.221965 1 1 1
0 P_6 426 426 0.097585 0.1534090909090909 0.2213255 1 1 1
0 P_6 427 427 0.103155 0.15789473684210525 0.2233505 1 1 1
0 P_6 428 428 0.117111 0.16964285714285715 0.2301545 1 1 1
0 P_6 429 429 0.098729 0.15263157894736842 0.217862 1 1 1
0 P_6 430 430 0.177716 0.24 0.303392 1 1 1
0 P_6 431 431 0.0549945 0.0945945945945946 0.149742 1 1 1
0 P_6 432 432 0.0700605 0.11931818181818182 0.184926 1 1 1
0 P_6 433 433 0.117129 0.16806722689075632 0.226678 1 1 1
0 P_6 434 434 0.116632 0.1736842105263158 0.2396165 1 1 1
0 P_6 435 435 0.0819945 0.13529411764705881 0.2034335 1 1 1
0 P_6 436 436 0.054607 0.09523809523809523 0.152204 1 1 1
0 P_6 437 437 0.061942 0.10606060606060606 0.166261 1 1 1
0 P_6 438 438 0.091531 0.14705882352941177 0.2159075 1 1 1
0 P_6 439 439 0.087964 0.13306451612903225 0.188684 1 1 1
0 P_6 440 440 0.0598585 0.10555555555555556 0.168934 1 1 1
0 P_6 441 441 0.0879195 0.13478260869565217 0.1927945 1 1 1
0 P_6 442 442 0.120354 0.1724137931034483 0.231921 1 1 1
0 P_6 443 443 0.072548 0.125 0.1945825 1 1 1
0 P_6 444 444 0.222741 0.2831858407079646 0.340363 1 1 1
0 P_6 445 445 0.090949 0.14018691588785046 0.200817 1 1 1
0 P_6 446 446 0.1159575 0.1717171717171717 0.236232 1 1 1
0 P_6 447 447 0.080313 0.12871287128712872 0.190412 1 1 1
0 P_6 448 448 0.0843525 0.13366336633663367 0.195732 1 1 1
0 P_6 449 449 0.04651265 0.08411214953271028 0.1388985 1 1 1
0 P_6 450 450 0.067446 0.1111111111111111 0.1690495 1 1 1
0 P_6 451 451 0.071132 0.11956521739130435 0.1836385 1 1 1
0 P_6 452 452 0 0 0 1 1 1
0 P_6 453 453 0.0612965 0.105 0.1647475 1 1 1
0 P_6 454 454 0.0697865 0.11363636363636363 0.1712545 1 1 1
0 P_6 455 455 0.0557085 0.0970873786407767 0.154908 1 1 1
0 P_6 456 456 0.102996 0.15656565656565657 0.2205835 1 1 1
0 P_6 457 457 0.0747555 0.12135922330097088 0.181803 1 1 1
0 P_6 458 458 0.1050295 0.15841584158415842 0.2218485 1 1 1
0 P_6 459 459 0.076342 0.12264150943396226 0.18227 1 1 1
0 P_6 460 460 0.091285 0.14285714285714285 0.206526 1 1 1
0 P_6 461 461 0.078763 0.12755102040816327 0.1901605 1 1 1
0 P_6 462 462 0.0861485 0.13636363636363635 0.199283 1 1 1
0 P_6 463 463 0.0998585 0.1483050847457627 0.2063515 1 1 1
0 P_6 464 464 0 0 0 1 1 1
0 P_6 465 465 0.084722 0.13541666666666666 0.1993055 1 1 1
0 P_6 466 466 0.04790085 0.08653846153846154 0.142583 1 1 1
0 P_6 467 467 0.0870755 0.1377551020408163 0.2011065 1 1 1
0 P_6 468 468 0.0687805 0.11578947368421053 0.1784025 1 1 1
0 P_6 469 469 0.0672975 0.1134020618556701 0.175073 1 1 1
0 P_6 470 470 0.0692355 0.11797752808988764 0.18306 1 1 1
0 P_6 471 471 0.1267545 0.18269230769230768 0.2458095 1 1 1
0 P_6 472 472 0.070158 0.11538461538461539 0.1749585 1 1 1
0 P_6 473 473 0.0659785 0.11585365853658537 0.1836815 1 1 1
0 P_6 474 474 0.0939325 0.14351851851851852 0.204053 1 1 1
0 P_6 475 475 0.0879315 0.13679245283018868 0.197504 1 1 1
0 P_6 476 476 0.0780025 0.1276595744680851 0.191689 1 1 1
0 P_6 477 477 0.12889 0.18303571428571427 0.2438315 1 1 1
0 P_6 478 478 0.0756785 0.12053571428571429 0.1782415 1 1 1
0 P_6 479 479 0.0678545 0.11061946902654868 0.1670965 1 1 1
0 P_6 480 480 0.0976385 0.15104166666666666 0.2158425 1 1 1
0 P_6 481 481 0.063788 0.10648148148148148 0.163922 1 1 1
0 P_6 482 482 0.068031 0.11458333333333333 0.1767225 1 1 1
0 P_6 483 483 0 0 0 1 1 1
0 P_6 484 484 0.03858055 0.07608695652173914 0.134414 1 1 1
0 P_6 485 485 0.0779275 0.12626262626262627 0.1884285 1 1 1
0 P_6 486 486 0 0 0 1 1 1
0 P_6 487 487 0.107001 0.16019417475728157 0.223055 1 1 1
0 P_6 488 488 0.121267 0.1721311475409836 0.230114 1 1 1
0 P_6 489 489 0.096882 0.14678899082568808 0.207215 1 1 1
0 P_6 490 490 0.113381 0.1702127659574468 0.236423 1 1 1
0 P_6 491 491 0.0876085 0.13978494623655913 0.2050455 1 1 1
0 P_6 492 492 0.0756785 0.12053571428571429 0.1782415 1 1 1
0 P_6 493 493 0.0706885 0.12195121951219512 0.190353 1 1 1
0 P_6 494 494 0 0 0 1 1 1
0 P_6 495 495 0 0 0 1 1 1
0 P_6 496 496 0.078676 0.1262135922330097 0.1870705 1 1 1
0 P_6 497 497 0.068104 0.11214953271028037 0.1704895 1 1 1
0 P_6 498 498 0.326546 0.3877551020408163 0.43342 1 1 1
0 P_6 499 499 0.0746625 0.12244897959183673 0.1846315 1 1 1
0 P_6 500 500 0.0530915 0.09405940594059406 0.1521125 1 1 1
0 P_6 501 501 0.0804895 0.13020833333333334 0.1937195 1 1 1
0 P_6 502 502 0.08202 0.13131313131313133 0.1938735 1 1 1
0 P_6 503 503 0.074862 0.12037037037037036 0.179203 1 1 1
0 P_6 504 504 0.0951795 0.1511627906976744 0.2197945 1 1 1
0 P_6 505 505 0.0314528 0.06593406593406594 0.122668 1 1 1
0 P_6 506 506 0 0 0 1 1 1
0 P_6 507 507 0.0945075 0.14646464646464646 0.2099985 1 1 1
0 P_6 508 508 0.0918545 0.14150943396226415 0.2025225 1 1 1
0 P_6 509 509 0.0614185 0.10267857142857142 0.158554 1 1 1
0 P_6 510 510 0.080007 0.13218390804597702 0.1992675 1 1 1
0 P_6 511 511 0.0715975 0.11764705882352941 0.1780695 1 1 1
0 P_6 512 512 0.03928575 0.07407407407407407 0.1269185 1 1 1
0 P_6 513 513 0.0638565 0.10784313725490197 0.167264 1 1 1
0 P_6 514 514 0.12437 0.18229166666666666 0.248014 1 1 1
0 P_6 515 515 0.055967 0.09895833333333333 0.159327 1 1 1
0 P_6 516 516 0.070158 0.11538461538461539 0.1749585 1 1 1
0 P_6 517 517 0.1064215 0.16145833333333334 0.226694 1 1 1
0 P_6 518 518 0.0536425 0.095 0.153503 1 1 1
0 P_6 519 519 0.071772 0.12209302325581395 0.188774 1 1 1
0 P_6 520 520 0.0822935 0.13297872340425532 0.197413 1 1 1
0 P_6 521 521 0.10312 0.16447368421052633 0.2381425 1 1 1
0 P_6 522 522 0.0945075 0.14646464646464646 0.2099985 1 1 1
0 P_6 523 523 0.12071 0.1793478260869565 0.246464 1 1 1
0 P_6 524 524 0.0631785 0.10550458715596331 0.1625465 1 1 1
0 P_6 525 525 0.0950915 0.1524390243902439 0.2228525 1 1 1
0 P_6 526 526 0.0672975 0.1134020618556701 0.175073 1 1 1
0 P_6 527 527 0.2866725 0.34684684684684686 0.397322 1 1 1
0 P_6 528 528 0.0613475 0.10377358490566038 0.161497 1 1 1
0 P_6 529 529 0.2245355 0.28225806451612906 0.337077 1 1 1
0 P_6 530 530 0.084722 0.13541666666666666 0.1993055 1 1 1
0 P_6 531 531 0.068104 0.11214953271028037 0.1704895 1 1 1
0 P_6 532 532 0.0509955 0.09047619047619047 0.1467915 1 1 1
0 P_6 533 533 0.0820585 0.1271186440677966 0.183776 1 1 1
0 P_6 534 534 0.09769 0.15 0.213384 1 1 1
0 P_6 535 535 0.092778 0.14285714285714285 0.2042565 1 1 1
0 P_6 536 536 0.084038 0.1320754716981132 0.1924565 1 1 1
0 P_6 537 537 0.0912575 0.13963963963963963 0.199073 1 1 1
0 P_6 538 538 0 0 0 1 1 1
0 P_6 539 539 0.073098 0.12 0.1812915 1 1 1
0 P_6 540 540 0.054665 0.1 0.164724 1 1 1
0 P_6 541 541 0.0816095 0.12844036697247707 0.187657 1 1 1
0 P_6 542 542 0.079547 0.1346153846153846 0.2058855 1 1 1
0 P_6 543 543 0.094682 0.14563106796116504 0.2078135 1 1 1
0 P_6 544 544 0 0 0 1 1 1
0 P_6 545 545 0.0643335 0.1130952380952381 0.179761 1 1 1
0 P_6 546 546 0.0755945 0.12149532710280374 0.1807235 1 1 1
0 P_6 547 547 0.0792705 0.12393162393162394 0.1805875 1 1 1
0 P_6 548 548 0.0763085 0.12376237623762376 0.185057 1 1 1
0 P_6 549 549 0.1092555 0.16336633663366337 0.226981 1 1 1
0 P_6 550 550 0.1135095 0.16831683168316833 0.2320855 1 1 1
0 P_6 551 551 0.0952835 0.15 0.2169685 1 1 1
0 P_6 552 552 0.0584765 0.0990990990990991 0.1548205 1 1 1
0 P_6 553 553 0.075773 0.11965811965811966 0.1759445 1 1 1
0 P_6 554 554 0.0846315 0.13793103448275862 0.2054115 1 1 1
0 P_6 555 555 0.084722 0.13541666666666666 0.1993055 1 1 1
0 P_6 556 556 0 0 0 1 1 1
0 P_6 557 557 0.1221 0.1782178217821782 0.2422115 1 1 1
0 P_6 558 558 0.0605985 0.10526315789473684 0.166751 1 1 1
0 P_6 559 559 0 0 0 1 1 1
0 P_6 560 560 0.0965715 0.14948453608247422 0.213859 1 1 1
0 P_6 561 561 0.12082 0.17647058823529413 0.2401125 1 1 1
0 P_6 562 562 0.083026 0.13690476190476192 0.205582 1 1 1
0 P_6 563 563 0.0941735 0.14835164835164835 0.2148525 1 1 1
0 P_6 564 564 0.04342665 0.08163265306122448 0.138817 1 1 1
0 P_6 565 565 0.080716 0.12608695652173912 0.183447 1 1 1
0 P_6 566 566 0.0861485 0.13636363636363635 0.199283 1 1 1
0 P_6 567 567 0.074586 0.12365591397849462 0.187721 1 1 1
0 P_6 568 568 0.04797 0.08403361344537816 0.1356165 1 1 1
0 P_6 569 569 0.090634 0.1407766990291262 0.2026745 1 1 1
0 P_6 570 570 0.079617 0.12886597938144329 0.1919235 1 1 1
0 P_6 571 571 0.096666 0.1485148514851485 0.211495 1 1 1
0 P_6 572 572 0.0862825 0.1419753086419753 0.212303 1 1 1
0 P_6 573 573 0.0430634 0.0794392523364486 0.1334825 1 1 1
0 P_6 574 574 0.102996 0.15656565656565657 0.2205835 1 1 1
0 P_6 575 575 0.059806 0.10714285714285714 0.173159 1 1 1
0 P_6 576 576 0.0701055 0.11304347826086956 0.169229 1 1 1
0 P_6 577 577 0.080716 0.12608695652173912 0.183447 1 1 1
0 P_6 578 578 0.0663485 0.11057692307692307 0.1696635 1 1 1
0 P_6 579 579 0.04550215 0.0872093023255814 0.149714 1 1 1
0 P_6 580 580 0.0666245 0.10869565217391304 0.1644335 1 1 1
0 P_6 581 581 0.0879315 0.13679245283018868 0.197504 1 1 1
0 P_6 582 582 0.102866 0.1553398058252427 0.218003 1 1 1
0 P_6 583 583 0.061956 0.10476190476190476 0.1629015 1 1 1
0 P_6 584 584 0 0 0 1 1 1
0 P_6 585 585 0.2328795 0.2916666666666667 0.3465825 1 1 1
0 P_6 586 586 0.080313 0.12871287128712872 0.190412 1 1 1
0 P_6 587 587 0.084077 0.12916666666666668 0.185476 1 1 1
0 P_6 588 588 0.0969995 0.14601769911504425 0.205271 1 1 1
0 P_6 589 589 0.0658775 0.1111111111111111 0.1718645 1 1 1
0 P_6 590 590 0.078114 0.12921348314606743 0.195266 1 1 1
0 P_6 591 591 0 0 0 1 1 1
0 P_6 592 592 0 0 0 1 1 1
0 P_6 593 593 0.2689545 0.3333333333333333 0.3883925 1 1 1
0 P_6 594 594 0.04181685 0.08441558441558442 0.1505115 1 1 1
0 P_6 595 595 0.099797 0.15 0.2103055 1 1 1
0 P_6 596 596 0 0 0 1 1 1
0 P_6 597 597 0.0832265 0.13440860215053763 0.199312 1 1 1
0 P_6 598 598 0 0 0 1 1 1
0 P_6 599 599 0.059921 0.09917355371900827 0.152311 1 1 1
0 P_6 600 600 0.0754705 0.12371134020618557 0.186347 1 1 1
0 P_6 601 601 0.081795 0.12980769230769232 0.1906345 1 1 1
0 P_6 602 602 0.0866245 0.13829787234042554 0.2030965 1 1 1
0 P_6 603 603 0.088731 0.13596491228070176 0.194327 1 1 1
0 P_6 604 604 0 0 0 1 1 1
0 P_6 605 605 0.091285 0.14285714285714285 0.206526 1 1 1
0 P_6 606 606 0 0 0 1 1 1
0 P_6 607 607 0.053019 0.09016393442622951 0.141903 1 1 1
0 P_6 608 608 0.0792705 0.12393162393162394 0.1805875 1 1 1
0 P_6 609 609 0.0659785 0.11585365853658537 0.1836815 1 1 1
0 P_6 610 610 0.089645 0.14285714285714285 0.209057 1 1 1
0 P_6 611 611 0.0720675 0.11607142857142858 0.1733655 1 1 1
0 P_6 612 612 0.0656895 0.10952380952380952 0.168191 1 1 1
0 P_6 613 613 0.084571 0.1318181818181818 0.191002 1 1 1
0 P_6 614 614 0.102866 0.1553398058252427 0.218003 1 1 1
0 P_6 615 615 0.0889915 0.140625 0.2048535 1 1 1
0 P_6 616 616 0.080831 0.12727272727272726 0.186109 1 1 1
0 P_6 617 617 0.078114 0.12921348314606743 0.195266 1 1 1
0 P_6 618 618 0.105517 0.16129032258064516 0.227598 1 1 1
0 P_6 619 619 0.2039775 0.27439024390243905 0.3415345 1 1 1
0 P_6 620 620 0.084722 0.13541666666666666 0.1993055 1 1 1
0 P_6 621 621 0 0 0 1 1 1
0 P_6 622 622 0 0 0 1 1 1
0 P_6 623 623 0.0763085 0.12376237623762376 0.185057 1 1 1
0 P_6 624 624 0.0648715 0.11235955056179775 0.176881 1 1 1
0 P_6 625 625 0.056276 0.09803921568627451 0.1562965 1 1 1
0 P_6 626 626 0.0586675 0.10204081632653061 0.162105 1 1 1
0 P_6 627 627 0.2953425 0.35858585858585856 0.409689 1 1 1
0 P_6 628 628 0.1018175 0.15384615384615385 0.216129 1 1 1
0 P_6 629 629 0 0 0 1 1 1
0 P_6 630 630 0.07234 0.1188118811881188 0.1796665 1 1 1
0 P_6 631 631 0.0955285 0.14795918367346939 0.2119115 1 1 1
0 P_6 632 632 0 0 0 1 1 1
0 P_6 633 633 0.0637505 0.10526315789473684 0.160892 1 1 1
0 P_6 634 634 0.080831 0.12727272727272726 0.186109 1 1 1
0 P_6 635 635 0.062662 0.10869565217391304 0.171668 1 1 1
0 P_6 636 636 0.068031 0.11458333333333333 0.1767225 1 1 1
0 P_6 637 637 0.0832265 0.13440860215053763 0.199312 1 1 1
0 P_6 638 638 0.089358 0.14 0.202822 1 1 1
0 P_6 639 639 0 0 0 1 1 1
0 P_6 640 640 0.0824035 0.12962962962962962 0.1892305 1 1 1
0 P_6 641 641 0.0336749 0.06666666666666667 0.118983 1 1 1
0 P_6 642 642 0.073265 0.11904761904761904 0.17866 1 1 1
0 P_6 643 643 0.077201 0.12777777777777777 0.193324 1 1 1
0 P_6 644 644 0.090311 0.1414141414141414 0.2046575 1 1 1
0 P_6 645 645 0 0 0 1 1 1
0 P_6 646 646 0 0 0 1 1 1
0 P_6 647 647 0.0763545 0.12790697674418605 0.1950775 1 1 1
0 P_6 648 648 0.0771095 0.125 0.186728 1 1 1
0 P_6 649 649 0.09769 0.15 0.213384 1 1 1
0 P_6 650 650 0.0698545 0.11616161616161616 0.1774255 1 1 1
0 P_6 651 651 0.04912435 0.09195402298850575 0.154758 1 1 1
0 P_6 652 652 0.0900615 0.1388888888888889 0.19914 1 1 1
0 P_6 653 653 0.2010615 0.2653061224489796 0.327822 1 1 1
0 P_6 654 654 0.075524 0.12254901960784313 0.183416 1 1 1
0 P_6 655 655 0 0 0 1 1 1
0 P_6 656 656 0.090311 0.1414141414141414 0.2046575 1 1 1
0 P_6 657 657 0.061504 0.1016949152542373 0.1558745 1 1 1
0 P_6 658 658 0.1081165 0.16176470588235295 0.2250015 1 1 1
0 P_6 659 659 0.0715975 0.11764705882352941 0.1780695 1 1 1
0 P_6 660 660 0.0893025 0.14367816091954022 0.211509 1 1 1
0 P_6 661 661 0.0658775 0.1111111111111111 0.1718645 1 1 1
0 P_6 662 662 0.100766 0.15137614678899083 0.2120385 1 1 1
0 P_6 663 663 0.055513 0.09545454545454546 0.150993 1 1 1
0 P_6 664 664 0 0 0 1 1 1
0 P_6 665 665 0.102013 0.15625 0.221285 1 1 1
0 P_6 666 666 0.080831 0.12727272727272726 0.186109 1 1 1
0 P_6 667 667 0.1044195 0.15384615384615385 0.2124255 1 1 1
0 P_6 668 668 0.0746625 0.12244897959183673 0.1846315 1 1 1
0 P_6 669 669 0.070601 0.11734693877551021 0.179063 1 1 1
0 P_6 670 670 0.077201 0.12777777777777777 0.193324 1 1 1
0 P_6 671 671 0.0626015 0.10714285714285714 0.167802 1 1 1
0 P_6 672 672 0.054665 0.1 0.164724 1 1 1
0 P_6 673 673 0.073265 0.11904761904761904 0.17866 1 1 1
0 P_6 674 674 0.0711375 0.11574074074074074 0.1741425 1 1 1
0 P_6 675 675 0 0 0 1 1 1
0 P_6 676 676 0.0704555 0.11467889908256881 0.1726865 1 1 1
0 P_6 677 677 0.099784 0.1509433962264151 0.2124745 1 1 1
0 P_6 678 678 0.075524 0.12254901960784313 0.183416 1 1 1
0 P_6 679 679 0.0691305 0.11261261261261261 0.169846 1 1 1
0 P_6 680 680 0.105525 0.15625 0.2162835 1 1 1
0 P_6 681 681 0.0510735 0.08928571428571429 0.143435 1 1 1
0 P_6 682 682 0.0727915 0.12222222222222222 0.1873015 1 1 1
0 P_6 683 683 0.083482 0.1323529411764706 0.194003 1 1 1
0 P_6 684 684 0.073098 0.12 0.1812915 1 1 1
0 P_6 685 685 0 0 0 1 1 1
0 P_6 686 686 0.068104 0.11214953271028037 0.1704895 1 1 1
0 P_6 687 687 0.1108615 0.16666666666666666 0.232071 1 1 1
0 P_6 688 688 0.0912575 0.13963963963963963 0.199073 1 1 1
0 P_6 689 689 0.063963 0.109375 0.170971 1 1 1
0 P_6 690 690 0.061942 0.10606060606060606 0.166261 1 1 1
0 P_6 691 691 0.087511 0.13725490196078433 0.1992465 1 1 1
0 P_6 692 692 0 0 0 1 1 1
0 P_6 693 693 0 0 0 1 1 1
0 P_6 694 694 0.1114775 0.16363636363636364 0.224521 1 1 1
0 P_6 695 695 0.0799085 0.136986301369863 0.2109635 1 1 1
0 P_6 696 696 0.0678545 0.11061946902654868 0.1670965 1 1 1
0 P_6 697 697 0.079243 0.12295081967213115 0.1782675 1 1 1
0 P_6 698 698 0.1083385 0.1592920353982301 0.2191755 1 1 1
0 P_6 699 699 0 0 0 1 1 1
0 P_6 700 700 0 0 0 1 1 1
0 P_6 701 701 0.0837705 0.13063063063063063 0.1894425 1 1 1
0 P_6 702 702 0 0 0 1 1 1
0 P_6 703 703 0.088425 0.13861386138613863 0.2010185 1 1 1
0 P_6 704 704 0.072939 0.12105263157894737 0.1841605 1 1 1
0 P_6 705 705 0.0779275 0.12626262626262627 0.1884285 1 1 1
0 P_6 706 706 0.0580505 0.10101010101010101 0.160613 1 1 1
0 P_6 707 707 0.0813815 0.13157894736842105 0.195549 1 1 1
0 P_6 708 708 0.055343 0.10119047619047619 0.166492 1 1 1
0 P_6 709 709 0.076531 0.11983471074380166 0.1751265 1 1 1
0 P_6 710 710 0 0 0 1 1 1
0 P_6 711 711 0.0692355 0.11797752808988764 0.18306 1 1 1
0 P_6 712 712 0.0861485 0.13636363636363635 0.199283 1 1 1
0 P_6 713 713 0.070906 0.1206896551724138 0.1868305 1 1 1
0 P_6 714 714 0.112107 0.16842105263157894 0.234227 1 1 1
0 P_6 715 715 0.0754375 0.125 0.1895525 1 1 1
0 P_6 716 716 0 0 0 1 1 1
0 P_6 717 717 0 0 0 1 1 1
0 P_6 718 718 0.090728 0.13793103448275862 0.1958885 1 1 1
0 P_6 719 719 0.09783 0.14814814814814814 0.2089395 1 1 1
0 P_6 720 720 0.101903 0.155 0.218618 1 1 1
0 P_6 721 721 0.057447 0.1 0.159148 1 1 1
0 P_6 722 722 0.060166 0.10185185185185185 0.158759 1 1 1
0 P_6 723 723 0.076296 0.125 0.188095 1 1 1
0 P_6 724 724 0.073098 0.12 0.1812915 1 1 1
0 P_6 725 725 0.1017535 0.1527777777777778 0.2137995 1 1 1
0 P_6 726 726 0.0625805 0.10454545454545454 0.1611935 1 1 1
0 P_6 727 727 0.050348 0.09239130434782608 0.153318 1 1 1
0 P_6 728 728 0 0 0 1 1 1
0 P_6 729 729 0.0701055 0.11304347826086956 0.169229 1 1 1
0 P_6 730 730 0.078885 0.12903225806451613 0.1935375 1 1 1
0 P_6 731 731 0 0 0 1 1 1
0 P_6 732 732 0.089645 0.14285714285714285 0.209057 1 1 1
0 P_6 733 733 0.0715975 0.11764705882352941 0.1780695 1 1 1
0 P_6 734 734 0.084038 0.1320754716981132 0.1924565 1 1 1
0 P_6 735 735 0.1123235 0.16666666666666666 0.2300655 1 1 1
0 P_6 736 736 0.0843525 0.13366336633663367 0.195732 1 1 1
0 P_6 737 737 0.09677 0.14761904761904762 0.209285 1 1 1
0 P_6 738 738 0.090994 0.14361702127659576 0.208741 1 1 1
0 P_6 739 739 0.0793885 0.1261682242990654 0.1857925 1 1 1
0 P_6 740 740 0.09253 0.14356435643564355 0.2062725 1 1 1
0 P_6 741 741 0.074003 0.1201923076923077 0.180218 1 1 1
0 P_6 742 742 0.1007905 0.1523809523809524 0.214286 1 1 1
0 P_6 743 743 0.0692125 0.11065573770491803 0.1648285 1 1 1
0 P_6 744 744 0.090634 0.1407766990291262 0.2026745 1 1 1
0 P_6 745 745 0.5 0.5 0.5 1 1 1
0 P_6 746 746 0.0862185 0.13425925925925927 0.1941995 1 1 1
0 P_6 747 747 0.0784835 0.13291139240506328 0.2035815 1 1 1
0 P_6 748 748 0.091531 0.14705882352941177 0.2159075 1 1 1
0 P_6 749 749 0.04978615 0.0913978494623656 0.1518155 1 1 1
0 P_6 750 750 0.090403 0.14534883720930233 0.213686 1 1 1
0 P_6 751 751 0.0950395 0.14414414414414414 0.203849 1 1 1
0 P_6 752 752 0.0704845 0.12337662337662338 0.194263 1 1 1
0 P_6 753 753 0.3140765 0.3776595744680851 0.426247 1 1 1
0 P_6 754 754 0.0851575 0.13736263736263737 0.2032205 1 1 1
0 P_6 755 755 0.05151 0.09444444444444444 0.1564135 1 1 1
0 P_6 756 756 0.099797 0.15 0.2103055 1 1 1
0 P_6 757 757 0.089358 0.14 0.202822 1 1 1
0 P_6 758 758 0.088338 0.13636363636363635 0.1958675 1 1 1
0 P_6 759 759 0.076342 0.12264150943396226 0.18227 1 1 1
0 P_6 760 760 0.079486 0.12745098039215685 0.1887265 1 1 1
0 P_6 761 761 0.5 0.5 0.5 1 1 1
0 P_6 762 762 0 0 0 1 1 1
0 P_6 763 763 0.09372 0.14423076923076922 0.2060195 1 1 1
0 P_6 764 764 0.073753 0.12234042553191489 0.1859235 1 1 1
0 P_6 765 765 0.116019 0.17391304347826086 0.2409375 1 1 1
0 P_6 766 766 0.2549 0.3146551724137931 0.3682035 1 1 1
0 P_6 767 767 0.1016885 0.16233766233766234 0.2354535 1 1 1
0 P_6 768 768 0.053194 0.09574468085106383 0.156402 1 1 1
0 P_6 769 769 0.0964205 0.15168539325842698 0.219126 1 1 1
0 P_6 770 770 0.04166965 0.0784313725490196 0.133801 1 1 1
0 P_6 771 771 0 0 0 1 1 1
0 P_6 772 772 0.0754375 0.125 0.1895525 1 1 1
0 P_6 773 773 0.0866795 0.13392857142857142 0.1926995 1 1 1
0 P_6 774 774 0.074586 0.12365591397849462 0.187721 1 1 1
0 P_6 775 775 0 0 0 1 1 1
0 P_6 776 776 0.0500085 0.08878504672897196 0.1442675 1 1 1
0 P_6 777 777 0.055035 0.10256410256410256 0.170777 1 1 1
0 P_6 778 778 0.0691305 0.11261261261261261 0.169846 1 1 1
0 P_6 779 779 0.104838 0.15714285714285714 0.21926 1 1 1
0 P_6 780 780 0 0 0 1 1 1
0 P_6 781 781 0.11267 0.17032967032967034 0.2376505 1 1 1
0 P_6 782 782 0.0809765 0.12857142857142856 0.188993 1 1 1
0 P_6 783 783 0.111163 0.1650485436893204 0.2280795 1 1 1
0 P_6 784 784 0.053194 0.09574468085106383 0.156402 1 1 1
0 P_6 785 785 0.0698545 0.11616161616161616 0.1774255 1 1 1
0 P_6 786 786 0.03180855 0.06306306306306306 0.112992 1 1 1
0 P_6 787 787 0.2239665 0.29213483146067415 0.355083 1 1 1
0 P_6 788 788 0.084571 0.1318181818181818 0.191002 1 1 1
0 P_6 789 789 0.080716 0.12608695652173912 0.183447 1 1 1
0 P_6 790 790 0.107107 0.16477272727272727 0.2331095 1 1 1
0 P_6 791 791 0.084722 0.13541666666666666 0.1993055 1 1 1
0 P_6 792 792 0.03739575 0.07211538461538461 0.125765 1 1 1
0 P_6 793 793 0.0506055 0.08849557522123894 0.142264 1 1 1
0 P_6 794 794 0.096489 0.15053763440860216 0.216396 1 1 1
0 P_6 795 795 0.04797955 0.0898876404494382 0.151595 1 1 1
0 P_6 796 796 0.08263 0.13106796116504854 0.192304 1 1 1
0 P_6 797 797 0.071952 0.12087912087912088 0.185452 1 1 1
0 P_6 798 798 0.072542 0.1179245283018868 0.177129 1 1 1
0 P_6 799 799 0.094682 0.14563106796116504 0.2078135 1 1 1
0 P_6 800 800 0 0 0 1 1 1
0 P_6 801 801 0.091572 0.14215686274509803 0.204458 1 1 1
0 P_6 802 802 0.0572065 0.10106382978723404 0.162407 1 1 1
0 P_6 803 803 0.105241 0.15416666666666667 0.2119935 1 1 1
0 P_6 804 804 0.064516 0.10891089108910891 0.16877 1 1 1
0 P_6 805 805 0.076309 0.12637362637362637 0.19142 1 1 1
0 P_6 806 806 0.0485452 0.09090909090909091 0.15316 1 1 1
0 P_6 807 807 0.209438 0.2706422018348624 0.3297415 1 1 1
0 P_6 808 808 0.1025395 0.16071428571428573 0.230576 1 1 1
0 P_6 809 809 0.059173 0.1043956043956044 0.167254 1 1 1
0 P_6 810 810 0.18113 0.24271844660194175 0.3050915 1 1 1
0 P_6 811 811 0.070158 0.11538461538461539 0.1749585 1 1 1
0 P_6 812 812 0.083616 0.13636363636363635 0.203334 1 1 1
0 P_6 813 813 0.0793885 0.1261682242990654 0.1857925 1 1 1
0 P_6 814 814 0.0838015 0.13402061855670103 0.197462 1 1 1
0 P_6 815 815 0.0809765 0.12857142857142856 0.188993 1 1 1
0 P_6 816 816 0.1312005 0.18691588785046728 0.249179 1 1 1
0 P_6 817 817 0.088023 0.13917525773195877 0.202963 1 1 1
0 P_6 818 818 0.04869985 0.08947368421052632 0.148896 1 1 1
0 P_6 819 819 0 0 0 1 1 1
0 P_6 820 820 0.0814585 0.12719298245614036 0.18491 1 1 1
0 P_6 821 821 0.088615 0.14130434782608695 0.207032 1 1 1
0 P_6 822 822 0 0 0 1 1 1
0 P_6 823 823 0.074143 0.11926605504587157 0.1777075 1 1 1
0 P_6 824 824 0.095952 0.14545454545454545 0.2055185 1 1 1
0 P_6 825 825 0.088615 0.14130434782608695 0.207032 1 1 1
0 P_6 826 826 0 0 0 1 1 1
0 P_6 827 827 0.068104 0.11214953271028037 0.1704895 1 1 1
0 P_6 828 828 0.187929 0.2597402597402597 0.330166 1 1 1
0 P_6 829 829 0.0684085 0.11386138613861387 0.174238 1 1 1
0 P_6 830 830 0.0820585 0.1271186440677966 0.183776 1 1 1
0 P_6 831 831 0 0 0 1 1 1
0 P_6 832 832 0.0774485 0.13125 0.2013275 1 1 1
0 P_6 833 833 0.0763085 0.12376237623762376 0.185057 1 1 1
0 P_6 834 834 0.073265 0.11904761904761904 0.17866 1 1 1
0 P_6 835 835 0.0727465 0.11711711711711711 0.1747895 1 1 1
0 P_6 836 836 0.04291735 0.08241758241758242 0.142198 1 1 1
0 P_6 837 837 0.0698545 0.11616161616161616 0.1774255 1 1 1
0 P_6 838 838 0 0 0 1 1 1
0 P_6 839 839 0.0746715 0.1323529411764706 0.208846 1 1 1
0 P_6 840 840 0.075524 0.12254901960784313 0.183416 1 1 1
0 P_6 841 841 0.102013 0.15625 0.221285 1 1 1
0 P_6 842 842 0.04823485 0.08333333333333333 0.133178 1 1 1
0 P_6 843 843 0 0 0 1 1 1
0 P_6 844 844 0.0590715 0.10588235294117647 0.171325 1 1 1
0 P_6 845 845 0.0481452 0.08558558558558559 0.1394695 1 1 1
0 P_6 846 846 0.0731575 0.11570247933884298 0.170615 1 1 1
0 P_6 847 847 0.1153335 0.171875 0.237416 1 1 1
0 P_6 848 848 0.0607385 0.09848484848484848 0.1490515 1 1 1
0 P_6 849 849 0.1042405 0.152 0.208509 1 1 1
0 P_6 850 850 0.0711375 0.11574074074074074 0.1741425 1 1 1
0 P_6 851 851 0.198927 0.26744186046511625 0.3337235 1 1 1
0 P_6 852 852 0.06658 0.11224489795918367 0.173454 1 1 1
0 P_6 853 853 0 0 0 1 1 1
0 P_6 854 854 0.092778 0.14285714285714285 0.2042565 1 1 1
0 P_6 855 855 0.5 0.5 0.5 1 1 1
0 P_6 856 856 0.088731 0.13596491228070176 0.194327 1 1 1
0 P_6 857 857 0 0 0 1 1 1
0 P_6 858 858 0.0790495 0.13068181818181818 0.1972465 1 1 1
0 P_6 859 859 0.1007755 0.1487603305785124 0.206073 1 1 1
0 P_6 860 860 0.0786175 0.125 0.184232 1 1 1
0 P_6 861 861 0.112565 0.1651376146788991 0.2263605 1 1 1
0 P_6 862 862 0.091285 0.14285714285714285 0.206526 1 1 1
0 P_6 863 863 0.2328495 0.3023255813953488 0.3651025 1 1 1
0 P_6 864 864 0.119319 0.1774193548387097 0.2441395 1 1 1
0 P_6 865 865 0.0612795 0.10795454545454546 0.1723965 1 1 1
0 P_6 866 866 0.0530915 0.09405940594059406 0.1521125 1 1 1
0 P_6 867 867 0.085672 0.13953488372093023 0.2075315 1 1 1
0 P_6 868 868 0.068856 0.1111111111111111 0.1665785 1 1 1
0 P_6 869 869 0.0648715 0.11235955056179775 0.176881 1 1 1
0 P_6 870 870 0 0 0 1 1 1
0 P_6 871 871 0.5 0.5 0.5 1 1 1
0 P_6 872 872 0.059806 0.10714285714285714 0.173159 1 1 1
0 P_6 873 873 0.0853865 0.13302752293577982 0.1925875 1 1 1
0 P_6 874 874 0.5 0.5 0.5 1 1 1
0 P_6 875 875 0.122134 0.1813186813186813 0.2488325 1 1 1
0 P_6 876 876 0.09769 0.15 0.213384 1 1 1
0 P_6 877 877 0.0832265 0.13440860215053763 0.199312 1 1 1
0 P_6 878 878 0.0809765 0.12857142857142856 0.188993 1 1 1
0 P_6 879 879 0.307696 0.36893203883495146 0.41737 1 1 1
0 P_6 880 880 0.088338 0.13636363636363635 0.1958675 1 1 1
0 P_6 881 881 0.0998045 0.15306122448979592 0.217264 1 1 1
1 P_3 0 0 0 0 0 1 1 1
1 P_3 1 1 0.1470725 0.21176470588235294 0.281407 1 1 1
1 P_3 2 2 0.262584 0.328125 0.3846665 1 1 1
1 P_3 3 3 0.340364 0.4034090909090909 0.447273 1 1 1
1 P_3 4 4 0 0 0 1 1 1
1 P_3 5 5 0.2798465 0.35333333333333333 0.4117565 1 1 1
1 P_3 6 6 0 0 0 1 1 1
1 P_3 7 7 0 0 0 1 1 1
1 P_3 8 8 0 0 0 1 1 1
1 P_3 9 9 0 0 0 1 1 1
1 P_3 10 10 0 0 0 1 1 1
1 P_3 11 11 0 0 0 1 1 1
1 P_3 12 12 0 0 0 1 1 1
1 P_3 13 13 0 0 0 1 1 1
1 P_3 14 14 0.5 0.5 0.5 1 1 1
1 P_3 15 15 0 0 0 1 1 1
1 P_3 16 16 0 0 0 1 1 1
1 P_3 17 17 0 0 0 1 1 1
1 P_3 18 18 0 0 0 1 1 1
1 P_3 19 19 0 0 0 1 1 1
1 P_3 20 20 0 0 0 1 1 1
1 P_3 21 21 0 0 0 1 1 1
1 P_3 22 22 0 0 0 1 1 1
1 P_3 23 23 0.5 0.5 0.5 1 1 1
1 P_3 24 24 0 0 0 1 1 1
1 P_3 25 25 0 0 0 1 1 1
1 P_3 26 26 0 0 0 1 1 1
1 P_3 27 27 0 0 0 1 1 1
1 P_3 28 28 0.1105835 0.16853932584269662 0.236585 1 1 1
1 P_3 29 29 0 0 0 1 1 1
1 P_3 30 30 0 0 0 1 1 1
1 P_3 31 31 0 0 0 1 1 1
1 P_3 32 32 0 0 0 1 1 1
1 P_3 33 33 0 0 0 1 1 1
1 P_3 34 34 0 0 0 1 1 1
1 P_3 35 35 0 0 0 1 1 1
1 P_3 36 36 0 0 0 1 1 1
1 P_3 37 37 0 0 0 1 1 1
1 P_3 38 38 0 0 0 1 1 1
1 P_3 39 39 0 0 0 1 1 1
1 P_3 40 40 0.5 0.5 0.5 1 1 1
1 P_3 41 41 0 0 0 1 1 1
1 P_3 42 42 0 0 0 1 1 1
1 P_3 43 43 0.080007 0.13218390804597702 0.1992675 1 1 1
1 P_3 44 44 0 0 0 1 1 1
1 P_3 45 45 0 0 0 1 1 1
1 P_3 46 46 0 0 0 1 1 1
1 P_3 47 47 0 0 0 1 1 1
1 P_3 48 48 0 0 0 1 1 1
1 P_3 49 49 0 0 0 1 1 1
1 P_3 50 50 0.5 0.5 0.5 1 1 1
1 P_3 51 51 0 0 0 1 1 1
1 P_3 52 52 0 0 0 1 1 1
1 P_3 53 53 0 0 0 1 1 1
1 P_3 54 54 0.1165585 0.1715686274509804 0.2351025 1 1 1
1 P_3 55 55 0 0 0 1 1 1
1 P_3 56 56 0 0 0 1 1 1
1 P_3 57 57 0 0 0 1 1 1
1 P_3 58 58 0 0 0 1 1 1
1 P_3 59 59 0 0 0 1 1 1
1 P_3 60 60 0 0 0 1 1 1
1 P_3 61 61 0 0 0 1 1 1
1 P_3 62 62 0 0 0 1 1 1
1 P_3 63 63 0 0 0 1 1 1
1 P_3 64 64 0.2131555 0.27956989247311825 0.3424715 1 1 1
1 P_3 65 65 0.2924685 0.36046511627906974 0.414328 1 1 1
1 P_3 66 66 0.5 0.5 0.5 1 1 1
1 P_3 67 67 0.0900615 0.1388888888888889 0.19914 1 1 1
1 P_3 68 68 0 0 0 1 1 1
1 P_3 69 69 0 0 0 1 1 1
1 P_3 70 70 0 0 0 1 1 1
1 P_3 71 71 0 0 0 1 1 1
1 P_3 72 72 0 0 0 1 1 1
1 P_3 73 73 0.280081 0.34574468085106386 0.400156 1 1 1
1 P_3 74 74 0 0 0 1 1 1
1 P_3 75 75 0 0 0 1 1 1
1 P_3 76 76 0.265802 0.3375 0.397199 1 1 1
1 P_3 77 77 0.2679145 0.3316831683168317 0.3864905 1 1 1
1 P_3 78 78 0 0 0 1 1 1
1 P_3 79 79 0 0 0 1 1 1
1 P_3 80 80 0 0 0 1 1 1
1 P_3 81 81 0 0 0 1 1 1
1 P_3 82 82 0 0 0 1 1 1
1 P_3 83 83 0 0 0 1 1 1
1 P_3 84 84 0 0 0 1 1 1
1 P_3 85 85 0.2793915 0.34615384615384615 0.4012585 1 1 1
1 P_3 86 86 0.314557 0.375 0.422118 1 1 1
1 P_3 87 87 0 0 0 1 1 1
1 P_3 88 88 0 0 0 1 1 1
1 P_3 89 89 0 0 0 1 1 1
1 P_3 90 90 0.3203335 0.3811881188118812 0.42766 1 1 1
1 P_3 91 91 0 0 0 1 1 1
1 P_3 92 92 0.1254345 0.18478260869565216 0.2519575 1 1 1
1 P_3 93 93 0 0 0 1 1 1
1 P_3 94 94 0 0 0 1 1 1
1 P_3 95 95 0 0 0 1 1 1
1 P_3 96 96 0 0 0 1 1 1
1 P_3 97 97 0 0 0 1 1 1
1 P_3 98 98 0 0 0 1 1 1
1 P_3 99 99 0 0 0 1 1 1
1 P_3 100 100 0 0 0 1 1 1
1 P_3 101 101 0 0 0 1 1 1
1 P_3 102 102 0 0 0 1 1 1
1 P_3 103 103 0.098736 0.15151515151515152 0.215307 1 1 1
1 P_3 104 104 0 0 0 1 1 1
1 P_3 105 105 0 0 0 1 1 1
1 P_3 106 106 0 0 0 1 1 1
1 P_3 107 107 0 0 0 1 1 1
1 P_3 108 108 0 0 0 1 1 1
1 P_3 109 109 0 0 0 1 1 1
1 P_3 110 110 0 0 0 1 1 1
1 P_3 111 111 0 0 0 1 1 1
1 P_3 112 112 0.2648975 0.3284313725490196 0.3834415 1 1 1
1 P_3 113 113 0 0 0 1 1 1
1 P_3 114 114 0 0 0 1 1 1
1 P_3 115 115 0 0 0 1 1 1
1 P_3 116 116 0 0 0 1 1 1
1 P_3 117 117 0.5 0.5 0.5 1 1 1
1 P_3 118 118 0.296483 0.36585365853658536 0.4197135 1 1 1
1 P_3 119 119 0 0 0 1 1 1
1 P_3 120 120 0 0 0 1 1 1
1 P_3 121 121 0 0 0 1 1 1
1 P_3 122 122 0 0 0 1 1 1
1 P_3 123 123 0 0 0 1 1 1
1 P_3 124 124 0 0 0 1 1 1
1 P_3 125 125 0 0 0 1 1 1
1 P_3 126 126 0.5 0.5 0.5 1 1 1
1 P_3 127 127 0 0 0 1 1 1
1 P_3 128 128 0 0 0 1 1 1
1 P_3 129 129 0 0 0 1 1 1
1 P_3 130 130 0 0 0 1 1 1
1 P_3 131 131 0 0 0 1 1 1
1 P_3 132 132 0 0 0 1 1 1
1 P_3 133 133 0 0 0 1 1 1
1 P_3 134 134 0.086157 0.1388888888888889 0.205232 1 1 1
1 P_3 135 135 0 0 0 1 1 1
1 P_3 136 136 0 0 0 1 1 1
1 P_3 137 137 0.1453845 0.20388349514563106 0.2673485 1 1 1
1 P_3 138 138 0 0 0 1 1 1
1 P_3 139 139 0 0 0 1 1 1
1 P_3 140 140 0 0 0 1 1 1
1 P_3 141 141 0 0 0 1 1 1
1 P_3 142 142 0 0 0 1 1 1
1 P_3 143 143 0 0 0 1 1 1
1 P_3 144 144 0 0 0 1 1 1
1 P_3 145 145 0.2896945 0.35 0.400203 1 1 1
1 P_3 146 146 0 0 0 1 1 1
1 P_3 147 147 0 0 0 1 1 1
1 P_3 148 148 0.2942315 0.35514018691588783 0.4051405 1 1 1
1 P_3 149 149 0 0 0 1 1 1
1 P_3 150 150 0 0 0 1 1 1
1 P_3 151 151 0.3058005 0.36574074074074076 0.4137815 1 1 1
1 P_3 152 152 0.2951465 0.359375 0.4110085 1 1 1
1 P_3 153 153 0.5 0.5 0.5 1 1 1
1 P_3 154 154 0.3025345 0.36160714285714285 0.4096005 1 1 1
1 P_3 155 155 0 0 0 1 1 1
1 P_3 156 156 0 0 0 1 1 1
1 P_3 157 157 0 0 0 1 1 1
1 P_3 158 158 0 0 0 1 1 1
1 P_3 159 159 0 0 0 1 1 1
1 P_3 160 160 0 0 0 1 1 1
1 P_3 161 161 0 0 0 1 1 1
1 P_3 162 162 0 0 0 1 1 1
1 P_3 163 163 0 0 0 1 1 1
1 P_3 164 164 0 0 0 1 1 1
1 P_3 165 165 0.5 0.5 0.5 1 1 1
1 P_3 166 166 0 0 0 1 1 1
1 P_3 167 167 0 0 0 1 1 1
1 P_3 168 168 0 0 0 1 1 1
1 P_3 169 169 0 0 0 1 1 1
1 P_3 170 170 0 0 0 1 1 1
1 P_3 171 171 0 0 0 1 1 1
1 P_3 172 172 0 0 0 1 1 1
1 P_3 173 173 0 0 0 1 1 1
1 P_3 174 174 0 0 0 1 1 1
1 P_3 175 175 0 0 0 1 1 1
1 P_3 176 176 0 0 0 1 1 1
1 P_3 177 177 0 0 0 1 1 1
1 P_3 178 178 0 0 0 1 1 1
1 P_3 179 179 0 0 0 1 1 1
1 P_3 180 180 0.5 0.5 0.5 1 1 1
1 P_3 181 181 0 0 0 1 1 1
1 P_3 182 182 0 0 0 1 1 1
1 P_3 183 183 0 0 0 1 1 1
1 P_3 184 184 0 0 0 1 1 1
1 P_3 185 185 0 0 0 1 1 1
1 P_3 186 186 0 0 0 1 1 1
1 P_3 187 187 0.12889 0.18303571428571427 0.2438315 1 1 1
1 P_3 188 188 0 0 0 1 1 1
1 P_3 189 189 0 0 0 1 1 1
1 P_3 190 190 0 0 0 1 1 1
1 P_3 191 191 0 0 0 1 1 1
1 P_3 192 192 0 0 0 1 1 1
1 P_3 193 193 0 0 0 1 1 1
1 P_3 194 194 0.259073 0.32211538461538464 0.3774655 1 1 1
1 P_3 195 195 0 0 0 1 1 1
1 P_3 196 196 0 0 0 1 1 1
1 P_3 197 197 0 0 0 1 1 1
1 P_3 198 198 0 0 0 1 1 1
1 P_3 199 199 0 0 0 1 1 1
1 P_3 200 200 0 0 0 1 1 1
1 P_3 201 201 0 0 0 1 1 1
1 P_3 202 202 0 0 0 1 1 1
1 P_3 203 203 0 0 0 1 1 1
1 P_3 204 204 0 0 0 1 1 1
1 P_3 205 205 0 0 0 1 1 1
1 P_3 206 206 0.2880885 0.3520408163265306 0.4044715 1 1 1
1 P_3 207 207 0 0 0 1 1 1
1 P_3 208 208 0 0 0 1 1 1
1 P_3 209 209 0 0 0 1 1 1
1 P_3 210 210 0 0 0 1 1 1
1 P_3 211 211 0.2719205 0.33495145631067963 0.388837 1 1 1
1 P_3 212 212 0 0 0 1 1 1
1 P_3 213 213 0 0 0 1 1 1
1 P_3 214 214 0 0 0 1 1 1
1 P_3 215 215 0 0 0 1 1 1
1 P_3 216 216 0 0 0 1 1 1
1 P_3 217 217 0 0 0 1 1 1
1 P_3 218 218 0 0 0 1 1 1
1 P_3 219 219 0.223273 0.2878787878787879 0.3482475 1 1 1
1 P_3 220 220 0 0 0 1 1 1
1 P_3 221 221 0 0 0 1 1 1
1 P_3 222 222 0 0 0 1 1 1
1 P_3 223 223 0 0 0 1 1 1
1 P_3 224 224 0.5 0.5 0.5 1 1 1
1 P_3 225 225 0 0 0 1 1 1
1 P_3 226 226 0 0 0 1 1 1
1 P_3 227 227 0 0 0 1 1 1
1 P_3 228 228 0.244008 0.30660377358490565 0.363271 1 1 1
1 P_3 229 229 0 0 0 1 1 1
1 P_3 230 230 0.087426 0.14375 0.21464 1 1 1
1 P_3 231 231 0 0 0 1 1 1
1 P_3 232 232 0 0 0 1 1 1
1 P_3 233 233 0 0 0 1 1 1
1 P_3 234 234 0.273306 0.3385416666666667 0.3935785 1 1 1
1 P_3 235 235 0 0 0 1 1 1
1 P_3 236 236 0 0 0 1 1 1
1 P_3 237 237 0 0 0 1 1 1
1 P_3 238 238 0.1217405 0.17592592592592593 0.23773 1 1 1
1 P_3 239 239 0 0 0 1 1 1
1 P_3 240 240 0 0 0 1 1 1
1 P_3 241 241 0 0 0 1 1 1
1 P_3 242 242 0 0 0 1 1 1
1 P_3 243 243 0 0 0 1 1 1
1 P_3 244 244 0 0 0 1 1 1
1 P_3 245 245 0 0 0 1 1 1
1 P_3 246 246 0.305889 0.36666666666666664 0.41512 1 1 1
1 P_3 247 247 0 0 0 1 1 1
1 P_3 248 248 0 0 0 1 1 1
1 P_3 249 249 0 0 0 1 1 1
1 P_3 250 250 0 0 0 1 1 1
1 P_3 251 251 0 0 0 1 1 1
1 P_3 252 252 0.110766 0.16355140186915887 0.2253075 1 1 1
1 P_3 253 253 0 0 0 1 1 1
1 P_3 254 254 0 0 0 1 1 1
1 P_3 255 255 0 0 0 1 1 1
1 P_3 256 256 0 0 0 1 1 1
1 P_3 257 257 0 0 0 1 1 1
1 P_3 258 258 0.1182275 0.1781609195402299 0.247189 1 1 1
1 P_3 259 259 0 0 0 1 1 1
1 P_3 260 260 0 0 0 1 1 1
1 P_3 261 261 0 0 0 1 1 1
1 P_3 262 262 0 0 0 1 1 1
1 P_3 263 263 0 0 0 1 1 1
1 P_3 264 264 0 0 0 1 1 1
1 P_3 265 265 0 0 0 1 1 1
1 P_3 266 266 0 0 0 1 1 1
1 P_3 267 267 0.1116075 0.16666666666666666 0.2310455 1 1 1
1 P_3 268 268 0 0 0 1 1 1
1 P_3 269 269 0 0 0 1 1 1
1 P_3 270 270 0 0 0 1 1 1
1 P_3 271 271 0 0 0 1 1 1
1 P_3 272 272 0 0 0 1 1 1
1 P_3 273 273 0 0 0 1 1 1
1 P_3 274 274 0 0 0 1 1 1
1 P_3 275 275 0 0 0 1 1 1
1 P_3 276 276 0 0 0 1 1 1
1 P_3 277 277 0 0 0 1 1 1
1 P_3 278 278 0 0 0 1 1 1
1 P_3 279 279 0 0 0 1 1 1
1 P_3 280 280 0 0 0 1 1 1
1 P_3 281 281 0 0 0 1 1 1
1 P_3 282 282 0 0 0 1 1 1
1 P_3 283 283 0 0 0 1 1 1
1 P_3 284 284 0.3188125 0.37727272727272726 0.42288 1 1 1
1 P_3 285 285 0.5 0.5 0.5 1 1 1
1 P_3 286 286 0 0 0 1 1 1
1 P_3 287 287 0.5 0.5 0.5 1 1 1
1 P_3 288 288 0 0 0 1 1 1
1 P_3 289 289 0 0 0 1 1 1
1 P_3 290 290 0 0 0 1 1 1
1 P_3 291 291 0.084181 0.1358695652173913 0.2012475 1 1 1
1 P_3 292 292 0 0 0 1 1 1
1 P_3 293 293 0 0 0 1 1 1
1 P_3 294 294 0 0 0 1 1 1
1 P_3 295 295 0 0 0 1 1 1
1 P_3 296 296 0 0 0 1 1 1
1 P_3 297 297 0 0 0 1 1 1
1 P_3 298 298 0 0 0 1 1 1
1 P_3 299 299 0 0 0 1 1 1
1 P_3 300 300 0.304268 0.36633663366336633 0.4156475 1 1 1
1 P_3 301 301 0 0 0 1 1 1
1 P_3 302 302 0 0 0 1 1 1
1 P_3 303 303 0 0 0 1 1 1
1 P_3 304 304 0 0 0 1 1 1
1 P_3 305 305 0 0 0 1 1 1
1 P_3 306 306 0 0 0 1 1 1
1 P_3 307 307 0 0 0 1 1 1
1 P_3 308 308 0 0 0 1 1 1
1 P_3 309 309 0 0 0 1 1 1
1 P_3 310 310 0 0 0 1 1 1
1 P_3 311 311 0.273228 0.3433734939759036 0.4011575 1 1 1
1 P_3 312 312 0 0 0 1 1 1
1 P_3 313 313 0 0 0 1 1 1
1 P_3 314 314 0 0 0 1 1 1
1 P_3 315 315 0 0 0 1 1 1
1 P_3 316 316 0 0 0 1 1 1
1 P_3 317 317 0 0 0 1 1 1
1 P_3 318 318 0 0 0 1 1 1
1 P_3 319 319 0 0 0 1 1 1
1 P_3 320 320 0.1075605 0.1590909090909091 0.2198065 1 1 1
1 P_3 321 321 0.5 0.5 0.5 1 1 1
1 P_3 322 322 0 0 0 1 1 1
1 P_3 323 323 0 0 0 1 1 1
1 P_3 324 324 0.2648975 0.3284313725490196 0.3834415 1 1 1
1 P_3 325 325 0 0 0 1 1 1
1 P_3 326 326 0 0 0 1 1 1
1 P_3 327 327 0 0 0 1 1 1
1 P_3 328 328 0 0 0 1 1 1
1 P_3 329 329 0 0 0 1 1 1
1 P_3 330 330 0 0 0 1 1 1
1 P_3 331 331 0 0 0 1 1 1
1 P_3 332 332 0 0 0 1 1 1
1 P_3 333 333 0 0 0 1 1 1
1 P_3 334 334 0 0 0 1 1 1
1 P_3 335 335 0 0 0 1 1 1
1 P_3 336 336 0.246732 0.3125 0.371067 1 1 1
1 P_3 337 337 0 0 0 1 1 1
1 P_3 338 338 0.297178 0.36 0.410642 1 1 1
1 P_3 339 339 0 0 0 1 1 1
1 P_3 340 340 0 0 0 1 1 1
1 P_3 341 341 0 0 0 1 1 1
1 P_3 342 342 0 0 0 1 1 1
1 P_3 343 343 0 0 0 1 1 1
1 P_3 344 344 0.5 0.5 0.5 1 1 1
1 P_3 345 345 0.2332365 0.29797979797979796 0.357356 1 1 1
1 P_3 346 346 0 0 0 1 1 1
1 P_3 347 347 0 0 0 1 1 1
1 P_3 348 348 0 0 0 1 1 1
1 P_3 349 349 0.263106 0.32547169811320753 0.379934 1 1 1
1 P_3 350 350 0 0 0 1 1 1
1 P_3 351 351 0 0 0 1 1 1
1 P_3 352 352 0 0 0 1 1 1
1 P_3 353 353 0 0 0 1 1 1
1 P_3 354 354 0 0 0 1 1 1
1 P_3 355 355 0.320937 0.3826530612244898 0.429399 1 1 1
1 P_3 356 356 0 0 0 1 1 1
1 P_3 357 357 0 0 0 1 1 1
1 P_3 358 358 0 0 0 1 1 1
1 P_3 359 359 0.5 0.5 0.5 1 1 1
1 P_3 360 360 0.115418 0.16818181818181818 0.229213 1 1 1
1 P_3 361 361 0 0 0 1 1 1
1 P_3 362 362 0 0 0 1 1 1
1 P_3 363 363 0 0 0 1 1 1
1 P_3 364 364 0 0 0 1 1 1
1 P_3 365 365 0 0 0 1 1 1
1 P_3 366 366 0 0 0 1 1 1
1 P_3 367 367 0.105517 0.16129032258064516 0.227598 1 1 1
1 P_3 368 368 0 0 0 1 1 1
1 P_3 369 369 0 0 0 1 1 1
1 P_3 370 370 0 0 0 1 1 1
1 P_3 371 371 0 0 0 1 1 1
1 P_3 372 372 0 0 0 1 1 1
1 P_3 373 373 0 0 0 1 1 1
1 P_3 374 374 0 0 0 1 1 1
1 P_3 375 375 0 0 0 1 1 1
1 P_3 376 376 0 0 0 1 1 1
1 P_3 377 377 0 0 0 1 1 1
1 P_3 378 378 0 0 0 1 1 1
1 P_3 379 379 0 0 0 1 1 1
1 P_3 380 380 0 0 0 1 1 1
1 P_3 381 381 0 0 0 1 1 1
1 P_3 382 382 0 0 0 1 1 1
1 P_3 383 383 0 0 0 1 1 1
1 P_3 384 384 0 0 0 1 1 1
1 P_3 385 385 0 0 0 1 1 1
1 P_3 386 386 0 0 0 1 1 1
1 P_3 387 387 0.5 0.5 0.5 1 1 1
1 P_3 388 388 0 0 0 1 1 1
1 P_3 389 389 0 0 0 1 1 1
1 P_3 390 390 0.055513 0.09545454545454546 0.150993 1 1 1
1 P_3 391 391 0.5 0.5 0.5 1 1 1
1 P_3 392 392 0.2659765 0.32857142857142857 0.3828625 1 1 1
1 P_3 393 393 0 0 0 1 1 1
1 P_3 394 394 0 0 0 1 1 1
1 P_3 395 395 0 0 0 1 1 1
1 P_3 396 396 0 0 0 1 1 1
1 P_3 397 397 0 0 0 1 1 1
1 P_3 398 398 0 0 0 1 1 1
1 P_3 399 399 0.5 0.5 0.5 1 1 1
1 P_3 400 400 0 0 0 1 1 1
1 P_3 401 401 0 0 0 1 1 1
1 P_3 402 402 0 0 0 1 1 1
1 P_3 403 403 0 0 0 1 1 1
1 P_3 404 404 0.299294 0.35909090909090907 0.407868 1 1 1
1 P_3 405 405 0.302495 0.3640776699029126 0.413384 1 1 1
1 P_3 406 406 0 0 0 1 1 1
1 P_3 407 407 0 0 0 1 1 1
1 P_3 408 408 0 0 0 1 1 1
1 P_3 409 409 0 0 0 1 1 1
1 P_3 410 410 0 0 0 1 1 1
1 P_3 411 411 0 0 0 1 1 1
1 P_3 412 412 0 0 0 1 1 1
1 P_3 413 413 0 0 0 1 1 1
1 P_3 414 414 0 0 0 1 1 1
1 P_3 415 415 0.068072 0.11764705882352941 0.184339 1 1 1
1 P_3 416 416 0.5 0.5 0.5 1 1 1
1 P_3 417 417 0 0 0 1 1 1
1 P_3 418 418 0 0 0 1 1 1
1 P_3 419 419 0 0 0 1 1 1
1 P_3 420 420 0.1172225 0.17346938775510204 0.23836 1 1 1
1 P_3 421 421 0 0 0 1 1 1
1 P_3 422 422 0 0 0 1 1 1
1 P_3 423 423 0 0 0 1 1 1
1 P_3 424 424 0 0 0 1 1 1
1 P_3 425 425 0 0 0 1 1 1
1 P_3 426 426 0 0 0 1 1 1
1 P_3 427 427 0 0 0 1 1 1
1 P_3 428 428 0 0 0 1 1 1
1 P_3 429 429 0 0 0 1 1 1
1 P_3 430 430 0.281997 0.3446601941747573 0.397134 1 1 1
1 P_3 431 431 0 0 0 1 1 1
1 P_3 432 432 0 0 0 1 1 1
1 P_3 433 433 0.268913 0.3302752293577982 0.3834545 1 1 1
1 P_3 434 434 0 0 0 1 1 1
1 P_3 435 435 0 0 0 1 1 1
1 P_3 436 436 0.262838 0.32673267326732675 0.382209 1 1 1
1 P_3 437 437 0 0 0 1 1 1
1 P_3 438 438 0 0 0 1 1 1
1 P_3 439 439 0.2623495 0.32967032967032966 0.38733 1 1 1
1 P_3 440 440 0 0 0 1 1 1
1 P_3 441 441 0 0 0 1 1 1
1 P_3 442 442 0 0 0 1 1 1
1 P_3 443 443 0.3260045 0.3826086956521739 0.426385 1 1 1
1 P_3 444 444 0.314943 0.37623762376237624 0.4236915 1 1 1
1 P_3 445 445 0 0 0 1 1 1
1 P_3 446 446 0 0 0 1 1 1
1 P_3 447 447 0 0 0 1 1 1
1 P_3 448 448 0 0 0 1 1 1
1 P_3 449 449 0 0 0 1 1 1
1 P_3 450 450 0 0 0 1 1 1
1 P_3 451 451 0 0 0 1 1 1
1 P_3 452 452 0.071772 0.12209302325581395 0.188774 1 1 1
1 P_3 453 453 0 0 0 1 1 1
1 P_3 454 454 0 0 0 1 1 1
1 P_3 455 455 0 0 0 1 1 1
1 P_3 456 456 0 0 0 1 1 1
1 P_3 457 457 0 0 0 1 1 1
1 P_3 458 458 0 0 0 1 1 1
1 P_3 459 459 0 0 0 1 1 1
1 P_3 460 460 0 0 0 1 1 1
1 P_3 461 461 0.1423985 0.2 0.2628865 1 1 1
1 P_3 462 462 0 0 0 1 1 1
1 P_3 463 463 0 0 0 1 1 1
1 P_3 464 464 0.1147205 0.17 0.2341405 1 1 1
1 P_3 465 465 0 0 0 1 1 1
1 P_3 466 466 0 0 0 1 1 1
1 P_3 467 467 0 0 0 1 1 1
1 P_3 468 468 0 0 0 1 1 1
1 P_3 469 469 0 0 0 1 1 1
1 P_3 470 470 0 0 0 1 1 1
1 P_3 471 471 0 0 0 1 1 1
1 P_3 472 472 0 0 0 1 1 1
1 P_3 473 473 0 0 0 1 1 1
1 P_3 474 474 0 0 0 1 1 1
1 P_3 475 475 0 0 0 1 1 1
1 P_3 476 476 0 0 0 1 1 1
1 P_3 477 477 0 0 0 1 1 1
1 P_3 478 478 0 0 0 1 1 1
1 P_3 479 479 0 0 0 1 1 1
1 P_3 480 480 0.2679935 0.33516483516483514 0.3920095 1 1 1
1 P_3 481 481 0 0 0 1 1 1
1 P_3 482 482 0 0 0 1 1 1
1 P_3 483 483 0 0 0 1 1 1
1 P_3 484 484 0 0 0 1 1 1
1 P_3 485 485 0 0 0 1 1 1
1 P_3 486 486 0.0906995 0.14444444444444443 0.211121 1 1 1
1 P_3 487 487 0 0 0 1 1 1
1 P_3 488 488 0.2987525 0.3641304347826087 0.415819 1 1 1
1 P_3 489 489 0 0 0 1 1 1
1 P_3 490 490 0 0 0 1 1 1
1 P_3 491 491 0 0 0 1 1 1
1 P_3 492 492 0 0 0 1 1 1
1 P_3 493 493 0 0 0 1 1 1
1 P_3 494 494 0 0 0 1 1 1
1 P_3 495 495 0 0 0 1 1 1
1 P_3 496 496 0 0 0 1 1 1
1 P_3 497 497 0 0 0 1 1 1
1 P_3 498 498 0.5 0.5 0.5 1 1 1
1 P_3 499 499 0 0 0 1 1 1
1 P_3 500 500 0 0 0 1 1 1
1 P_3 501 501 0 0 0 1 1 1
1 P_3 502 502 0 0 0 1 1 1
1 P_3 503 503 0 0 0 1 1 1
1 P_3 504 504 0 0 0 1 1 1
1 P_3 505 505 0 0 0 1 1 1
1 P_3 506 506 0.103155 0.15789473684210525 0.2233505 1 1 1
1 P_3 507 507 0 0 0 1 1 1
1 P_3 508 508 0 0 0 1 1 1
1 P_3 509 509 0 0 0 1 1 1
1 P_3 510 510 0 0 0 1 1 1
1 P_3 511 511 0 0 0 1 1 1
1 P_3 512 512 0.1096435 0.16494845360824742 0.2299535 1 1 1
1 P_3 513 513 0 0 0 1 1 1
1 P_3 514 514 0.246732 0.3125 0.371067 1 1 1
1 P_3 515 515 0 0 0 1 1 1
1 P_3 516 516 0 0 0 1 1 1
1 P_3 517 517 0 0 0 1 1 1
1 P_3 518 518 0 0 0 1 1 1
1 P_3 519 519 0 0 0 1 1 1
1 P_3 520 520 0 0 0 1 1 1
1 P_3 521 521 0 0 0 1 1 1
1 P_3 522 522 0 0 0 1 1 1
1 P_3 523 523 0 0 0 1 1 1
1 P_3 524 524 0 0 0 1 1 1
1 P_3 525 525 0.2957435 0.35714285714285715 0.407222 1 1 1
1 P_3 526 526 0 0 0 1 1 1
1 P_3 527 527 0.5 0.5 0.5 1 1 1
1 P_3 528 528 0 0 0 1 1 1
1 P_3 529 529 0.2355035 0.3045977011494253 0.366779 1 1 1
1 P_3 530 530 0 0 0 1 1 1
1 P_3 531 531 0 0 0 1 1 1
1 P_3 532 532 0 0 0 1 1 1
1 P_3 533 533 0 0 0 1 1 1
1 P_3 534 534 0 0 0 1 1 1
1 P_3 535 535 0 0 0 1 1 1
1 P_3 536 536 0 0 0 1 1 1
1 P_3 537 537 0 0 0 1 1 1
1 P_3 538 538 0.1284365 0.18888888888888888 0.2568315 1 1 1
1 P_3 539 539 0.1105835 0.16853932584269662 0.236585 1 1 1
1 P_3 540 540 0 0 0 1 1 1
1 P_3 541 541 0 0 0 1 1 1
1 P_3 542 542 0 0 0 1 1 1
1 P_3 543 543 0 0 0 1 1 1
1 P_3 544 544 0 0 0 1 1 1
1 P_3 545 545 0 0 0 1 1 1
1 P_3 546 546 0 0 0 1 1 1
1 P_3 547 547 0 0 0 1 1 1
1 P_3 548 548 0 0 0 1 1 1
1 P_3 549 549 0 0 0 1 1 1
1 P_3 550 550 0 0 0 1 1 1
1 P_3 551 551 0 0 0 1 1 1
1 P_3 552 552 0.117651 0.17857142857142858 0.248843 1 1 1
1 P_3 553 553 0 0 0 1 1 1
1 P_3 554 554 0 0 0 1 1 1
1 P_3 555 555 0 0 0 1 1 1
1 P_3 556 556 0 0 0 1 1 1
1 P_3 557 557 0.304162 0.3644859813084112 0.4129335 1 1 1
1 P_3 558 558 0 0 0 1 1 1
1 P_3 559 559 0 0 0 1 1 1
1 P_3 560 560 0 0 0 1 1 1
1 P_3 561 561 0 0 0 1 1 1
1 P_3 562 562 0 0 0 1 1 1
1 P_3 563 563 0 0 0 1 1 1
1 P_3 564 564 0 0 0 1 1 1
1 P_3 565 565 0 0 0 1 1 1
1 P_3 566 566 0 0 0 1 1 1
1 P_3 567 567 0 0 0 1 1 1
1 P_3 568 568 0.067708 0.11274509803921569 0.172686 1 1 1
1 P_3 569 569 0 0 0 1 1 1
1 P_3 570 570 0 0 0 1 1 1
1 P_3 571 571 0 0 0 1 1 1
1 P_3 572 572 0 0 0 1 1 1
1 P_3 573 573 0 0 0 1 1 1
1 P_3 574 574 0 0 0 1 1 1
1 P_3 575 575 0.083349 0.128099173553719 0.184078 1 1 1
1 P_3 576 576 0 0 0 1 1 1
1 P_3 577 577 0 0 0 1 1 1
1 P_3 578 578 0 0 0 1 1 1
1 P_3 579 579 0 0 0 1 1 1
1 P_3 580 580 0 0 0 1 1 1
1 P_3 581 581 0 0 0 1 1 1
1 P_3 582 582 0.313653 0.37628865979381443 0.4245295 1 1 1
1 P_3 583 583 0 0 0 1 1 1
1 P_3 584 584 0.0706885 0.12195121951219512 0.190353 1 1 1
1 P_3 585 585 0.26454 0.3333333333333333 0.3915775 1 1 1
1 P_3 586 586 0 0 0 1 1 1
1 P_3 587 587 0 0 0 1 1 1
1 P_3 588 588 0 0 0 1 1 1
1 P_3 589 589 0 0 0 1 1 1
1 P_3 590 590 0 0 0 1 1 1
1 P_3 591 591 0 0 0 1 1 1
1 P_3 592 592 0 0 0 1 1 1
1 P_3 593 593 0.5 0.5 0.5 1 1 1
1 P_3 594 594 0 0 0 1 1 1
1 P_3 595 595 0.2887975 0.34782608695652173 0.3973865 1 1 1
1 P_3 596 596 0.158081 0.2193877551020408 0.2841525 1 1 1
1 P_3 597 597 0 0 0 1 1 1
1 P_3 598 598 0 0 0 1 1 1
1 P_3 599 599 0 0 0 1 1 1
1 P_3 600 600 0 0 0 1 1 1
1 P_3 601 601 0.312621 0.37264150943396224 0.4198255 1 1 1
1 P_3 602 602 0.297634 0.3577981651376147 0.4069765 1 1 1
1 P_3 603 603 0 0 0 1 1 1
1 P_3 604 604 0 0 0 1 1 1
1 P_3 605 605 0 0 0 1 1 1
1 P_3 606 606 0 0 0 1 1 1
1 P_3 607 607 0 0 0 1 1 1
1 P_3 608 608 0 0 0 1 1 1
1 P_3 609 609 0 0 0 1 1 1
1 P_3 610 610 0 0 0 1 1 1
1 P_3 611 611 0 0 0 1 1 1
1 P_3 612 612 0 0 0 1 1 1
1 P_3 613 613 0 0 0 1 1 1
1 P_3 614 614 0 0 0 1 1 1
1 P_3 615 615 0 0 0 1 1 1
1 P_3 616 616 0 0 0 1 1 1
1 P_3 617 617 0 0 0 1 1 1
1 P_3 618 618 0 0 0 1 1 1
1 P_3 619 619 0.326546 0.3877551020408163 0.43342 1 1 1
1 P_3 620 620 0 0 0 1 1 1
1 P_3 621 621 0 0 0 1 1 1
1 P_3 622 622 0 0 0 1 1 1
1 P_3 623 623 0.277985 0.34408602150537637 0.399015 1 1 1
1 P_3 624 624 0 0 0 1 1 1
1 P_3 625 625 0 0 0 1 1 1
1 P_3 626 626 0 0 0 1 1 1
1 P_3 627 627 0.5 0.5 0.5 1 1 1
1 P_3 628 628 0 0 0 1 1 1
1 P_3 629 629 0.0891915 0.13761467889908258 0.1974905 1 1 1
1 P_3 630 630 0 0 0 1 1 1
1 P_3 631 631 0 0 0 1 1 1
1 P_3 632 632 0.097585 0.1534090909090909 0.2213255 1 1 1
1 P_3 633 633 0 0 0 1 1 1
1 P_3 634 634 0.073515 0.12658227848101267 0.1967675 1 1 1
1 P_3 635 635 0 0 0 1 1 1
1 P_3 636 636 0.286141 0.35051546391752575 0.4034285 1 1 1
1 P_3 637 637 0 0 0 1 1 1
1 P_3 638 638 0 0 0 1 1 1
1 P_3 639 639 0.0778765 0.12184873949579832 0.1778155 1 1 1
1 P_3 640 640 0 0 0 1 1 1
1 P_3 641 641 0 0 0 1 1 1
1 P_3 642 642 0 0 0 1 1 1
1 P_3 643 643 0 0 0 1 1 1
1 P_3 644 644 0 0 0 1 1 1
1 P_3 645 645 0.1052545 0.15979381443298968 0.2246205 1 1 1
1 P_3 646 646 0 0 0 1 1 1
1 P_3 647 647 0 0 0 1 1 1
1 P_3 648 648 0 0 0 1 1 1
1 P_3 649 649 0.328083 0.38333333333333336 0.4262055 1 1 1
1 P_3 650 650 0 0 0 1 1 1
1 P_3 651 651 0 0 0 1 1 1
1 P_3 652 652 0 0 0 1 1 1
1 P_3 653 653 0.28713 0.34649122807017546 0.396434 1 1 1
1 P_3 654 654 0 0 0 1 1 1
1 P_3 655 655 0 0 0 1 1 1
1 P_3 656 656 0.251966 0.3202247191011236 0.379784 1 1 1
1 P_3 657 657 0 0 0 1 1 1
1 P_3 658 658 0 0 0 1 1 1
1 P_3 659 659 0 0 0 1 1 1
1 P_3 660 660 0.279727 0.3391304347826087 0.3899065 1 1 1
1 P_3 661 661 0 0 0 1 1 1
1 P_3 662 662 0 0 0 1 1 1
1 P_3 663 663 0 0 0 1 1 1
1 P_3 664 664 0.1225345 0.1778846153846154 0.240927 1 1 1
1 P_3 665 665 0 0 0 1 1 1
1 P_3 666 666 0 0 0 1 1 1
1 P_3 667 667 0 0 0 1 1 1
1 P_3 668 668 0 0 0 1 1 1
1 P_3 669 669 0 0 0 1 1 1
1 P_3 670 670 0 0 0 1 1 1
1 P_3 671 671 0 0 0 1 1 1
1 P_3 672 672 0 0 0 1 1 1
1 P_3 673 673 0 0 0 1 1 1
1 P_3 674 674 0.2801935 0.3409090909090909 0.3924395 1 1 1
1 P_3 675 675 0 0 0 1 1 1
1 P_3 676 676 0 0 0 1 1 1
1 P_3 677 677 0 0 0 1 1 1
1 P_3 678 678 0 0 0 1 1 1
1 P_3 679 679 0 0 0 1 1 1
1 P_3 680 680 0 0 0 1 1 1
1 P_3 681 681 0 0 0 1 1 1
1 P_3 682 682 0 0 0 1 1 1
1 P_3 683 683 0.2424965 0.3132530120481928 0.3756325 1 1 1
1 P_3 684 684 0 0 0 1 1 1
1 P_3 685 685 0 0 0 1 1 1
1 P_3 686 686 0 0 0 1 1 1
1 P_3 687 687 0 0 0 1 1 1
1 P_3 688 688 0 0 0 1 1 1
1 P_3 689 689 0 0 0 1 1 1
1 P_3 690 690 0 0 0 1 1 1
1 P_3 691 691 0 0 0 1 1 1
1 P_3 692 692 0 0 0 1 1 1
1 P_3 693 693 0 0 0 1 1 1
1 P_3 694 694 0.3074125 0.3669724770642202 0.4146135 1 1 1
1 P_3 695 695 0 0 0 1 1 1
1 P_3 696 696 0 0 0 1 1 1
1 P_3 697 697 0 0 0 1 1 1
1 P_3 698 698 0 0 0 1 1 1
1 P_3 699 699 0 0 0 1 1 1
1 P_3 700 700 0 0 0 1 1 1
1 P_3 701 701 0 0 0 1 1 1
1 P_3 702 702 0 0 0 1 1 1
1 P_3 703 703 0 0 0 1 1 1
1 P_3 704 704 0 0 0 1 1 1
1 P_3 705 705 0 0 0 1 1 1
1 P_3 706 706 0 0 0 1 1 1
1 P_3 707 707 0 0 0 1 1 1
1 P_3 708 708 0 0 0 1 1 1
1 P_3 709 709 0 0 0 1 1 1
1 P_3 710 710 0 0 0 1 1 1
1 P_3 711 711 0 0 0 1 1 1
1 P_3 712 712 0.2876615 0.3526315789473684 0.4056625 1 1 1
1 P_3 713 713 0.258261 0.32926829268292684 0.3896575 1 1 1
1 P_3 714 714 0 0 0 1 1 1
1 P_3 715 715 0 0 0 1 1 1
1 P_3 716 716 0 0 0 1 1 1
1 P_3 717 717 0 0 0 1 1 1
1 P_3 718 718 0.3045785 0.3695652173913043 0.420212 1 1 1
1 P_3 719 719 0 0 0 1 1 1
1 P_3 720 720 0 0 0 1 1 1
1 P_3 721 721 0 0 0 1 1 1
1 P_3 722 722 0.0862825 0.1419753086419753 0.212303 1 1 1
1 P_3 723 723 0 0 0 1 1 1
1 P_3 724 724 0 0 0 1 1 1
1 P_3 725 725 0 0 0 1 1 1
1 P_3 726 726 0 0 0 1 1 1
1 P_3 727 727 0 0 0 1 1 1
1 P_3 728 728 0 0 0 1 1 1
1 P_3 729 729 0 0 0 1 1 1
1 P_3 730 730 0 0 0 1 1 1
1 P_3 731 731 0 0 0 1 1 1
1 P_3 732 732 0.117111 0.16964285714285715 0.2301545 1 1 1
1 P_3 733 733 0 0 0 1 1 1
1 P_3 734 734 0 0 0 1 1 1
1 P_3 735 735 0 0 0 1 1 1
1 P_3 736 736 0 0 0 1 1 1
1 P_3 737 737 0 0 0 1 1 1
1 P_3 738 738 0 0 0 1 1 1
1 P_3 739 739 0 0 0 1 1 1
1 P_3 740 740 0 0 0 1 1 1
1 P_3 741 741 0 0 0 1 1 1
1 P_3 742 742 0 0 0 1 1 1
1 P_3 743 743 0 0 0 1 1 1
1 P_3 744 744 0 0 0 1 1 1
1 P_3 745 745 0.5 0.5 0.5 1 1 1
1 P_3 746 746 0 0 0 1 1 1
1 P_3 747 747 0 0 0 1 1 1
1 P_3 748 748 0 0 0 1 1 1
1 P_3 749 749 0 0 0 1 1 1
1 P_3 750 750 0.311007 0.37142857142857144 0.4190235 1 1 1
1 P_3 751 751 0 0 0 1 1 1
1 P_3 752 752 0 0 0 1 1 1
1 P_3 753 753 0.5 0.5 0.5 1 1 1
1 P_3 754 754 0 0 0 1 1 1
1 P_3 755 755 0 0 0 1 1 1
1 P_3 756 756 0 0 0 1 1 1
1 P_3 757 757 0 0 0 1 1 1
1 P_3 758 758 0 0 0 1 1 1
1 P_3 759 759 0 0 0 1 1 1
1 P_3 760 760 0 0 0 1 1 1
1 P_3 761 761 0.5 0.5 0.5 1 1 1
1 P_3 762 762 0 0 0 1 1 1
1 P_3 763 763 0 0 0 1 1 1
1 P_3 764 764 0.3175835 0.38372093023255816 0.4327575 1 1 1
1 P_3 765 765 0 0 0 1 1 1
1 P_3 766 766 0.2558605 0.3225806451612903 0.380681 1 1 1
1 P_3 767 767 0 0 0 1 1 1
1 P_3 768 768 0.0745085 0.1282051282051282 0.199001 1 1 1
1 P_3 769 769 0.2698455 0.33035714285714285 0.382889 1 1 1
1 P_3 770 770 0 0 0 1 1 1
1 P_3 771 771 0.1217405 0.17592592592592593 0.23773 1 1 1
1 P_3 772 772 0 0 0 1 1 1
1 P_3 773 773 0 0 0 1 1 1
1 P_3 774 774 0 0 0 1 1 1
1 P_3 775 775 0 0 0 1 1 1
1 P_3 776 776 0 0 0 1 1 1
1 P_3 777 777 0 0 0 1 1 1
1 P_3 778 778 0.323119 0.38764044943820225 0.4351285 1 1 1
1 P_3 779 779 0 0 0 1 1 1
1 P_3 780 780 0 0 0 1 1 1
1 P_3 781 781 0 0 0 1 1 1
1 P_3 782 782 0.2977935 0.35714285714285715 0.4058555 1 1 1
1 P_3 783 783 0 0 0 1 1 1
1 P_3 784 784 0 0 0 1 1 1
1 P_3 785 785 0 0 0 1 1 1
1 P_3 786 786 0 0 0 1 1 1
1 P_3 787 787 0.2910605 0.35185185185185186 0.40217 1 1 1
1 P_3 788 788 0 0 0 1 1 1
1 P_3 789 789 0 0 0 1 1 1
1 P_3 790 790 0 0 0 1 1 1
1 P_3 791 791 0 0 0 1 1 1
1 P_3 792 792 0.088425 0.13861386138613863 0.2010185 1 1 1
1 P_3 793 793 0 0 0 1 1 1
1 P_3 794 794 0 0 0 1 1 1
1 P_3 795 795 0 0 0 1 1 1
1 P_3 796 796 0.311905 0.375 0.423704 1 1 1
1 P_3 797 797 0.0952205 0.14347826086956522 0.2020445 1 1 1
1 P_3 798 798 0 0 0 1 1 1
1 P_3 799 799 0 0 0 1 1 1
1 P_3 800 800 0 0 0 1 1 1
1 P_3 801 801 0.294768 0.3611111111111111 0.413843 1 1 1
1 P_3 802 802 0 0 0 1 1 1
1 P_3 803 803 0 0 0 1 1 1
1 P_3 804 804 0 0 0 1 1 1
1 P_3 805 805 0 0 0 1 1 1
1 P_3 806 806 0.1080995 0.1581196581196581 0.216886 1 1 1
1 P_3 807 807 0.2753795 0.3402061855670103 0.3947455 1 1 1
1 P_3 808 808 0 0 0 1 1 1
1 P_3 809 809 0 0 0 1 1 1
1 P_3 810 810 0.290362 0.35294117647058826 0.4043365 1 1 1
1 P_3 811 811 0.2745455 0.3404255319148936 0.3956775 1 1 1
1 P_3 812 812 0 0 0 1 1 1
1 P_3 813 813 0 0 0 1 1 1
1 P_3 814 814 0 0 0 1 1 1
1 P_3 815 815 0 0 0 1 1 1
1 P_3 816 816 0.3129295 0.3737864077669903 0.421324 1 1 1
1 P_3 817 817 0 0 0 1 1 1
1 P_3 818 818 0 0 0 1 1 1
1 P_3 819 819 0 0 0 1 1 1
1 P_3 820 820 0 0 0 1 1 1
1 P_3 821 821 0 0 0 1 1 1
1 P_3 822 822 0 0 0 1 1 1
1 P_3 823 823 0 0 0 1 1 1
1 P_3 824 824 0 0 0 1 1 1
1 P_3 825 825 0 0 0 1 1 1
1 P_3 826 826 0 0 0 1 1 1
1 P_3 827 827 0.2725105 0.33189655172413796 0.3834215 1 1 1
1 P_3 828 828 0.312279 0.3763440860215054 0.425414 1 1 1
1 P_3 829 829 0 0 0 1 1 1
1 P_3 830 830 0.2700465 0.33505154639175255 0.3903565 1 1 1
1 P_3 831 831 0.0918545 0.14150943396226415 0.2025225 1 1 1
1 P_3 832 832 0 0 0 1 1 1
1 P_3 833 833 0 0 0 1 1 1
1 P_3 834 834 0 0 0 1 1 1
1 P_3 835 835 0 0 0 1 1 1
1 P_3 836 836 0 0 0 1 1 1
1 P_3 837 837 0 0 0 1 1 1
1 P_3 838 838 0 0 0 1 1 1
1 P_3 839 839 0 0 0 1 1 1
1 P_3 840 840 0 0 0 1 1 1
1 P_3 841 841 0.22077 0.285 0.345352 1 1 1
1 P_3 842 842 0.090634 0.1407766990291262 0.2026745 1 1 1
1 P_3 843 843 0 0 0 1 1 1
1 P_3 844 844 0 0 0 1 1 1
1 P_3 845 845 0 0 0 1 1 1
1 P_3 846 846 0 0 0 1 1 1
1 P_3 847 847 0 0 0 1 1 1
1 P_3 848 848 0 0 0 1 1 1
1 P_3 849 849 0.3257395 0.3882978723404255 0.4346145 1 1 1
1 P_3 850 850 0 0 0 1 1 1
1 P_3 851 851 0.3276035 0.39204545454545453 0.4387205 1 1 1
1 P_3 852 852 0 0 0 1 1 1
1 P_3 853 853 0 0 0 1 1 1
1 P_3 854 854 0 0 0 1 1 1
1 P_3 855 855 0.5 0.5 0.5 1 1 1
1 P_3 856 856 0 0 0 1 1 1
1 P_3 857 857 0 0 0 1 1 1
1 P_3 858 858 0 0 0 1 1 1
1 P_3 859 859 0 0 0 1 1 1
1 P_3 860 860 0 0 0 1 1 1
1 P_3 861 861 0 0 0 1 1 1
1 P_3 862 862 0 0 0 1 1 1
1 P_3 863 863 0.269424 0.3392857142857143 0.3974605 1 1 1
1 P_3 864 864 0.2746925 0.3364485981308411 0.389234 1 1 1
1 P_3 865 865 0 0 0 1 1 1
1 P_3 866 866 0 0 0 1 1 1
1 P_3 867 867 0 0 0 1 1 1
1 P_3 868 868 0 0 0 1 1 1
1 P_3 869 869 0 0 0 1 1 1
1 P_3 870 870 0 0 0 1 1 1
1 P_3 871 871 0.5 0.5 0.5 1 1 1
1 P_3 872 872 0 0 0 1 1 1
1 P_3 873 873 0 0 0 1 1 1
1 P_3 874 874 0.5 0.5 0.5 1 1 1
1 P_3 875 875 0.276945 0.33980582524271846 0.392999 1 1 1
1 P_3 876 876 0 0 0 1 1 1
1 P_3 877 877 0 0 0 1 1 1
1 P_3 878 878 0 0 0 1 1 1
1 P_3 879 879 0.5 0.5 0.5 1 1 1
1 P_3 880 880 0 0 0 1 1 1
1 P_3 881 881 0.304451 0.3684210526315789 0.4186185 1 1 1
