5 #m
5 #n
0 P_0 0 0 0.5 0.5 0.5 1 1 1
0 P_0 1 1 0 0 0 1 1 1
0 P_0 2 2 0.06369 0.068 0.0725195 1 1 1
0 P_0 3 3 0 0 0 1 1 1
0 P_0 4 4 0 0 0 1 1 1
1 P_1 0 0 0.5 0.5 0.5 1 1 1
1 P_1 1 1 0 0 0 1 1 1
1 P_1 2 2 0 0 0 1 1 1
1 P_1 3 3 0 0 0 1 1 1
1 P_1 4 4 0.1156575 0.1211 0.126691 1 1 1
2 P_5 0 0 0.5 0.5 0.5 1 1 1
2 P_5 1 1 0.2832205 0.2896 0.295934 1 1 1
2 P_5 2 2 0.0948375 0.0999 0.1051355 1 1 1
2 P_5 3 3 0.2832205 0.2896 0.295934 1 1 1
2 P_5 4 4 0 0 0 1 1 1
3 P_8 0 0 0.5 0.5 0.5 1 1 1
3 P_8 1 1 0 0 0 1 1 1
3 P_8 2 2 0 0 0 1 1 1
3 P_8 3 3 0 0 0 1 1 1
3 P_8 4 4 0.226337 0.23275 0.2391825 1 1 1
4 P_9 0 0 0.5 0.5 0.5 1 1 1
4 P_9 1 1 0 0 0 1 1 1
4 P_9 2 2 0.0928285 0.09785 0.1030465 1 1 1
4 P_9 3 3 0 0 0 1 1 1
4 P_9 4 4 0 0 0 1 1 1
