10 #m
11 #n
0 P_6 0 0 0.5 0.5 0.5 1 1 1
0 P_6 1 1 0.2519485 0.2723618090452261 0.292517 1 1 1
0 P_6 2 2 0.247469 0.2679474216380182 0.288218 1 1 1
0 P_6 3 3 0.235791 0.2564366632337796 0.2770065 1 1 1
0 P_6 4 4 0.238722 0.25849056603773585 0.2781675 1 1 1
0 P_6 5 5 0.5 0.5 0.5 1 1 1
0 P_6 6 6 0 0 0 1 1 1
0 P_6 7 7 0.240901 0.2613521695257316 0.281672 1 1 1
0 P_6 8 8 0.2451245 0.2654690618762475 0.2856365 1 1 1
0 P_6 9 9 0.24702 0.2672244094488189 0.2872345 1 1 1
0 P_6 10 10 0.2553475 0.2760041194644696 0.2963535 1 1 1
1 P_4 0 0 0.5 0.5 0.5 1 1 1
1 P_4 1 1 0.357517 0.3761706555671176 0.393319 1 1 1
1 P_4 2 2 0.5 0.5 0.5 1 1 1
1 P_4 3 3 0.5 0.5 0.5 1 1 1
1 P_4 4 4 0.3478525 0.36676954732510286 0.3843095 1 1 1
1 P_4 5 5 0.5 0.5 0.5 1 1 1
1 P_4 6 6 0.054119 0.06714876033057851 0.0823435 1 1 1
1 P_4 7 7 0.5 0.5 0.5 1 1 1
1 P_4 8 8 0.5 0.5 0.5 1 1 1
1 P_4 9 9 0.5 0.5 0.5 1 1 1
1 P_4 10 10 0.5 0.5 0.5 1 1 1
2 P_8 0 0 0.5 0.5 0.5 1 1 1
2 P_8 1 1 0 0 0 1 1 1
2 P_8 2 2 0.205193 0.22504892367906065 0.245185 1 1 1
2 P_8 3 3 0.063875 0.07778915046059365 0.0937245 1 1 1
2 P_8 4 4 0 0 0 1 1 1
2 P_8 5 5 0.5 0.5 0.5 1 1 1
2 P_8 6 6 0 0 0 1 1 1
2 P_8 7 7 0.091895 0.10766961651917405 0.125049 1 1 1
2 P_8 8 8 0.1986655 0.2190426638917794 0.2397895 1 1 1
2 P_8 9 9 0.0730065 0.08745059288537549 0.1037365 1 1 1
2 P_8 10 10 0.0706005 0.08536585365853659 0.1021325 1 1 1
3 P_9 0 0 0.5 0.5 0.5 1 1 1
3 P_9 1 1 0.3158545 0.33530571992110453 0.353792 1 1 1
3 P_9 2 2 0.4239115 0.4384460141271443 0.4508005 1 1 1
3 P_9 3 3 0.3281025 0.3474747474747475 0.3657175 1 1 1
3 P_9 4 4 0.328546 0.34776119402985073 0.365861 1 1 1
3 P_9 5 5 0.5 0.5 0.5 1 1 1
3 P_9 6 6 0 0 0 1 1 1
3 P_9 7 7 0.328366 0.34756703078450846 0.365657 1 1 1
3 P_9 8 8 0.4080235 0.42373737373737375 0.437439 1 1 1
3 P_9 9 9 0.3241295 0.34371807967313583 0.3622085 1 1 1
3 P_9 10 10 0.334494 0.3532242540904716 0.370815 1 1 1
4 P_3 0 0 0.5 0.5 0.5 1 1 1
4 P_3 1 1 0.123743 0.14149043303121853 0.160491 1 1 1
4 P_3 2 2 0.5 0.5 0.5 1 1 1
4 P_3 3 3 0.5 0.5 0.5 1 1 1
4 P_3 4 4 0.098215 0.11509635974304068 0.1336335 1 1 1
4 P_3 5 5 0.5 0.5 0.5 1 1 1
4 P_3 6 6 0 0 0 1 1 1
4 P_3 7 7 0.5 0.5 0.5 1 1 1
4 P_3 8 8 0.5 0.5 0.5 1 1 1
4 P_3 9 9 0.5 0.5 0.5 1 1 1
4 P_3 10 10 0.5 0.5 0.5 1 1 1
5 P_5 0 0 0.5 0.5 0.5 1 1 1
5 P_5 1 1 0 0 0 1 1 1
5 P_5 2 2 0.4000095 0.4163265306122449 0.4306975 1 1 1
5 P_5 3 3 0.2261075 0.24686192468619247 0.267654 1 1 1
5 P_5 4 4 0 0 0 1 1 1
5 P_5 5 5 0.5 0.5 0.5 1 1 1
5 P_5 6 6 0.141968 0.16099893730074388 0.181114 1 1 1
5 P_5 7 7 0.220483 0.24074074074074073 0.261105 1 1 1
5 P_5 8 8 0.4055935 0.4216804979253112 0.435726 1 1 1
5 P_5 9 9 0.222649 0.24267578125 0.2627845 1 1 1
5 P_5 10 10 0.219719 0.23997995991983967 0.2603565 1 1 1
6 P_0 0 0 0.5 0.5 0.5 1 1 1
6 P_0 1 1 0.0758375 0.09029779058597502 0.1065175 1 1 1
6 P_0 2 2 0.4143575 0.43010752688172044 0.4436375 1 1 1
6 P_0 3 3 0.417906 0.4330587023686921 0.4460505 1 1 1
6 P_0 4 4 0.074646 0.08902791145332051 0.1051865 1 1 1
6 P_0 5 5 0.5 0.5 0.5 1 1 1
6 P_0 6 6 0 0 0 1 1 1
6 P_0 7 7 0.411059 0.426441351888668 0.4398125 1 1 1
6 P_0 8 8 0.4072355 0.4228855721393035 0.436563 1 1 1
6 P_0 9 9 0.4170585 0.4319526627218935 0.4447895 1 1 1
6 P_0 10 10 0.414867 0.42974013474494704 0.4426295 1 1 1
7 P_7 0 0 0.5 0.5 0.5 1 1 1
7 P_7 1 1 0 0 0 1 1 1
7 P_7 2 2 0.2351305 0.25553319919517103 0.275872 1 1 1
7 P_7 3 3 0 0 0 1 1 1
7 P_7 4 4 0 0 0 1 1 1
7 P_7 5 5 0.5 0.5 0.5 1 1 1
7 P_7 6 6 0 0 0 1 1 1
7 P_7 7 7 0 0 0 1 1 1
7 P_7 8 8 0.2145485 0.23526315789473684 0.256156 1 1 1
7 P_7 9 9 0 0 0 1 1 1
7 P_7 10 10 0 0 0 1 1 1
8 P_1 0 0 0.5 0.5 0.5 1 1 1
8 P_1 1 1 0.1413195 0.15979899497487438 0.179318 1 1 1
8 P_1 2 2 0.5 0.5 0.5 1 1 1
8 P_1 3 3 0.5 0.5 0.5 1 1 1
8 P_1 4 4 0.119227 0.1372863247863248 0.156726 1 1 1
8 P_1 5 5 0.5 0.5 0.5 1 1 1
8 P_1 6 6 0 0 0 1 1 1
8 P_1 7 7 0.5 0.5 0.5 1 1 1
8 P_1 8 8 0.5 0.5 0.5 1 1 1
8 P_1 9 9 0.5 0.5 0.5 1 1 1
8 P_1 10 10 0.5 0.5 0.5 1 1 1
9 P_2 0 0 0.5 0.5 0.5 1 1 1
9 P_2 1 1 0 0 0 1 1 1
9 P_2 2 2 0.23008 0.25024630541871923 0.27041 1 1 1
9 P_2 3 3 0.061406 0.07492507492507493 0.0904495 1 1 1
9 P_2 4 4 0 0 0 1 1 1
9 P_2 5 5 0.5 0.5 0.5 1 1 1
9 P_2 6 6 0 0 0 1 1 1
9 P_2 7 7 0.058939 0.07205452775073028 0.0871565 1 1 1
9 P_2 8 8 0.2282565 0.24896049896049896 0.2696765 1 1 1
9 P_2 9 9 0.056718 0.06962025316455696 0.0845365 1 1 1
9 P_2 10 10 0.0537865 0.06691253951527924 0.08225 1 1 1
