5 #m
10 #n
0 P_7 0 0 0.5 0.5 0.5 1 1 1
0 P_7 1 1 0.02316825 0.06666666666666667 0.153023 1 1 1
0 P_7 2 2 0.03188795 0.075 0.149501 1 1 1
0 P_7 3 3 0 0 0 1 1 1
0 P_7 4 4 0.058144 0.11290322580645161 0.1915605 1 1 1
0 P_7 5 5 0 0 0 1 1 1
0 P_7 6 6 0.00888735 0.039473684210526314 0.1270445 1 1 1
0 P_7 7 7 0.02316825 0.06666666666666667 0.153023 1 1 1
0 P_7 8 8 0.1094475 0.18627450980392157 0.276451 1 1 1
0 P_7 9 9 0.0810925 0.14814814814814814 0.2354245 1 1 1
1 P_5 0 0 0.5 0.5 0.5 1 1 1
1 P_5 1 1 0.0936155 0.16363636363636364 0.250518 1 1 1
1 P_5 2 2 0.051409 0.11363636363636363 0.2085275 1 1 1
1 P_5 3 3 0 0 0 1 1 1
1 P_5 4 4 0.0731805 0.1527777777777778 0.2603495 1 1 1
1 P_5 5 5 0 0 0 1 1 1
1 P_5 6 6 0.08595 0.1595744680851064 0.2536175 1 1 1
1 P_5 7 7 0.076555 0.14035087719298245 0.2248425 1 1 1
1 P_5 8 8 0.0816675 0.15555555555555556 0.251637 1 1 1
1 P_5 9 9 0.051409 0.11363636363636363 0.2085275 1 1 1
2 P_9 0 0 0.5 0.5 0.5 1 1 1
2 P_9 1 1 0.05737 0.11764705882352941 0.2056065 1 1 1
2 P_9 2 2 0 0 0 1 1 1
2 P_9 3 3 0 0 0 1 1 1
2 P_9 4 4 0.01959875 0.05660377358490566 0.1324515 1 1 1
2 P_9 5 5 0.1200445 0.2 0.2906255 1 1 1
2 P_9 6 6 0.04592915 0.10204081632653061 0.19024 1 1 1
2 P_9 7 7 0.04405165 0.09803921568627451 0.18378 1 1 1
2 P_9 8 8 0.04452 0.09230769230769231 0.166367 1 1 1
2 P_9 9 9 0.0336912 0.08333333333333333 0.1697655 1 1 1
3 P_2 0 0 0.5 0.5 0.5 1 1 1
3 P_2 1 1 0 0 0 1 1 1
3 P_2 2 2 0 0 0 1 1 1
3 P_2 3 3 0 0 0 1 1 1
3 P_2 4 4 0 0 0 1 1 1
3 P_2 5 5 0 0 0 1 1 1
3 P_2 6 6 0 0 0 1 1 1
3 P_2 7 7 0 0 0 1 1 1
3 P_2 8 8 0 0 0 1 1 1
3 P_2 9 9 0 0 0 1 1 1
4 P_1 0 0 0.5 0.5 0.5 1 1 1
4 P_1 1 1 0.149622 0.23148148148148148 0.317021 1 1 1
4 P_1 2 2 0.130975 0.19863013698630136 0.2739725 1 1 1
4 P_1 3 3 0 0 0 1 1 1
4 P_1 4 4 0.157755 0.24489795918367346 0.33315 1 1 1
4 P_1 5 5 0 0 0 1 1 1
4 P_1 6 6 0.1539625 0.24444444444444444 0.336233 1 1 1
4 P_1 7 7 0.172475 0.26744186046511625 0.358132 1 1 1
4 P_1 8 8 0.231247 0.3181818181818182 0.391802 1 1 1
4 P_1 9 9 0.1749365 0.26595744680851063 0.3533725 1 1 1
