2 #m
301 #n
0 P_5 0 0 0.5 0.5 0.5 1 1 1
0 P_5 1 1 0 0 0 1 1 1
0 P_5 2 2 0 0 0 1 1 1
0 P_5 3 3 0.0342415 0.08035714285714286 0.1589365 1 1 1
0 P_5 4 4 0.042322 0.09433962264150944 0.1777385 1 1 1
0 P_5 5 5 0.5 0.5 0.5 1 1 1
0 P_5 6 6 0 0 0 1 1 1
0 P_5 7 7 0 0 0 1 1 1
0 P_5 8 8 0.1056475 0.17164179104477612 0.2503505 1 1 1
0 P_5 9 9 0.0407126 0.1 0.198442 1 1 1
0 P_5 10 10 0 0 0 1 1 1
0 P_5 11 11 0 0 0 1 1 1
0 P_5 12 12 0 0 0 1 1 1
0 P_5 13 13 0 0 0 1 1 1
0 P_5 14 14 0 0 0 1 1 1
0 P_5 15 15 0.0316456 0.0784313725490196 0.1610165 1 1 1
0 P_5 16 16 0 0 0 1 1 1
0 P_5 17 17 0.5 0.5 0.5 1 1 1
0 P_5 18 18 0 0 0 1 1 1
0 P_5 19 19 0 0 0 1 1 1
0 P_5 20 20 0 0 0 1 1 1
0 P_5 21 21 0 0 0 1 1 1
0 P_5 22 22 0 0 0 1 1 1
0 P_5 23 23 0 0 0 1 1 1
0 P_5 24 24 0.5 0.5 0.5 1 1 1
0 P_5 25 25 0 0 0 1 1 1
0 P_5 26 26 0 0 0 1 1 1
0 P_5 27 27 0.327923 0.4090909090909091 0.4592765 1 1 1
0 P_5 28 28 0 0 0 1 1 1
0 P_5 29 29 0 0 0 1 1 1
0 P_5 30 30 0 0 0 1 1 1
0 P_5 31 31 0 0 0 1 1 1
0 P_5 32 32 0.03091475 0.08823529411764706 0.194365 1 1 1
0 P_5 33 33 0 0 0 1 1 1
0 P_5 34 34 0.5 0.5 0.5 1 1 1
0 P_5 35 35 0.04271635 0.09166666666666666 0.16905 1 1 1
0 P_5 36 36 0.2693925 0.3717948717948718 0.441619 1 1 1
0 P_5 37 37 0 0 0 1 1 1
0 P_5 38 38 0 0 0 1 1 1
0 P_5 39 39 0.311375 0.40217391304347827 0.458006 1 1 1
0 P_5 40 40 0 0 0 1 1 1
0 P_5 41 41 0 0 0 1 1 1
0 P_5 42 42 0 0 0 1 1 1
0 P_5 43 43 0 0 0 1 1 1
0 P_5 44 44 0 0 0 1 1 1
0 P_5 45 45 0 0 0 1 1 1
0 P_5 46 46 0 0 0 1 1 1
0 P_5 47 47 0 0 0 1 1 1
0 P_5 48 48 0 0 0 1 1 1
0 P_5 49 49 0 0 0 1 1 1
0 P_5 50 50 0.0469294 0.10416666666666667 0.193641 1 1 1
0 P_5 51 51 0 0 0 1 1 1
0 P_5 52 52 0 0 0 1 1 1
0 P_5 53 53 0 0 0 1 1 1
0 P_5 54 54 0.0212141 0.06756756756756757 0.164835 1 1 1
0 P_5 55 55 0 0 0 1 1 1
0 P_5 56 56 0.5 0.5 0.5 1 1 1
0 P_5 57 57 0 0 0 1 1 1
0 P_5 58 58 0 0 0 1 1 1
0 P_5 59 59 0 0 0 1 1 1
0 P_5 60 60 0 0 0 1 1 1
0 P_5 61 61 0.5 0.5 0.5 1 1 1
0 P_5 62 62 0.0539875 0.11904761904761904 0.2168445 1 1 1
0 P_5 63 63 0 0 0 1 1 1
0 P_5 64 64 0.5 0.5 0.5 1 1 1
0 P_5 65 65 0.5 0.5 0.5 1 1 1
0 P_5 66 66 0 0 0 1 1 1
0 P_5 67 67 0.36088750000000003 0.4444444444444444 0.4826265 1 1 1
0 P_5 68 68 0 0 0 1 1 1
0 P_5 69 69 0.5 0.5 0.5 1 1 1
0 P_5 70 70 0 0 0 1 1 1
0 P_5 71 71 0 0 0 1 1 1
0 P_5 72 72 0 0 0 1 1 1
0 P_5 73 73 0.0561755 0.11206896551724138 0.193554 1 1 1
0 P_5 74 74 0.04128645 0.08870967741935484 0.1642165 1 1 1
0 P_5 75 75 0.2874755 0.37272727272727274 0.43404 1 1 1
0 P_5 76 76 0.0277197 0.06896551724137931 0.143707 1 1 1
0 P_5 77 77 0.0418022 0.10256410256410256 0.2027095 1 1 1
0 P_5 78 78 0 0 0 1 1 1
0 P_5 79 79 0.270411 0.36904761904761907 0.4379095 1 1 1
0 P_5 80 80 0 0 0 1 1 1
0 P_5 81 81 0 0 0 1 1 1
0 P_5 82 82 0 0 0 1 1 1
0 P_5 83 83 0.5 0.5 0.5 1 1 1
0 P_5 84 84 0.5 0.5 0.5 1 1 1
0 P_5 85 85 0 0 0 1 1 1
0 P_5 86 86 0.03814875 0.1 0.2060015 1 1 1
0 P_5 87 87 0 0 0 1 1 1
0 P_5 88 88 0 0 0 1 1 1
0 P_5 89 89 0.0623665 0.1206896551724138 0.2030125 1 1 1
0 P_5 90 90 0 0 0 1 1 1
0 P_5 91 91 0 0 0 1 1 1
0 P_5 92 92 0 0 0 1 1 1
0 P_5 93 93 0.5 0.5 0.5 1 1 1
0 P_5 94 94 0 0 0 1 1 1
0 P_5 95 95 0.0467633 0.0967741935483871 0.1734765 1 1 1
0 P_5 96 96 0 0 0 1 1 1
0 P_5 97 97 0 0 0 1 1 1
0 P_5 98 98 0.0415072 0.09259259259259259 0.1748625 1 1 1
0 P_5 99 99 0 0 0 1 1 1
0 P_5 100 100 0.3010775 0.3867924528301887 0.4449035 1 1 1
0 P_5 101 101 0.5 0.5 0.5 1 1 1
0 P_5 102 102 0 0 0 1 1 1
0 P_5 103 103 0 0 0 1 1 1
0 P_5 104 104 0 0 0 1 1 1
0 P_5 105 105 0.06859 0.13541666666666666 0.2276045 1 1 1
0 P_5 106 106 0 0 0 1 1 1
0 P_5 107 107 0.0780095 0.14285714285714285 0.228265 1 1 1
0 P_5 108 108 0 0 0 1 1 1
0 P_5 109 109 0.5 0.5 0.5 1 1 1
0 P_5 110 110 0 0 0 1 1 1
0 P_5 111 111 0 0 0 1 1 1
0 P_5 112 112 0 0 0 1 1 1
0 P_5 113 113 0.2645755 0.35185185185185186 0.4189075 1 1 1
0 P_5 114 114 0.5 0.5 0.5 1 1 1
0 P_5 115 115 0 0 0 1 1 1
0 P_5 116 116 0 0 0 1 1 1
0 P_5 117 117 0 0 0 1 1 1
0 P_5 118 118 0 0 0 1 1 1
0 P_5 119 119 0.0539305 0.11458333333333333 0.205186 1 1 1
0 P_5 120 120 0.5 0.5 0.5 1 1 1
0 P_5 121 121 0.5 0.5 0.5 1 1 1
0 P_5 122 122 0.3034985 0.38596491228070173 0.44279 1 1 1
0 P_5 123 123 0 0 0 1 1 1
0 P_5 124 124 0.2538235 0.3611111111111111 0.4364425 1 1 1
0 P_5 125 125 0.0780095 0.14285714285714285 0.228265 1 1 1
0 P_5 126 126 0.5 0.5 0.5 1 1 1
0 P_5 127 127 0 0 0 1 1 1
0 P_5 128 128 0 0 0 1 1 1
0 P_5 129 129 0 0 0 1 1 1
0 P_5 130 130 0.308437 0.3942307692307692 0.450411 1 1 1
0 P_5 131 131 0 0 0 1 1 1
0 P_5 132 132 0 0 0 1 1 1
0 P_5 133 133 0 0 0 1 1 1
0 P_5 134 134 0 0 0 1 1 1
0 P_5 135 135 0 0 0 1 1 1
0 P_5 136 136 0 0 0 1 1 1
0 P_5 137 137 0 0 0 1 1 1
0 P_5 138 138 0 0 0 1 1 1
0 P_5 139 139 0 0 0 1 1 1
0 P_5 140 140 0 0 0 1 1 1
0 P_5 141 141 0.301558 0.4 0.4592875 1 1 1
0 P_5 142 142 0.0340923 0.08974358974358974 0.1881615 1 1 1
0 P_5 143 143 0.5 0.5 0.5 1 1 1
0 P_5 144 144 0 0 0 1 1 1
0 P_5 145 145 0 0 0 1 1 1
0 P_5 146 146 0.084029 0.15625 0.2492325 1 1 1
0 P_5 147 147 0 0 0 1 1 1
0 P_5 148 148 0.0837965 0.14754098360655737 0.2294375 1 1 1
0 P_5 149 149 0 0 0 1 1 1
0 P_5 150 150 0.0561755 0.11206896551724138 0.193554 1 1 1
0 P_5 151 151 0 0 0 1 1 1
0 P_5 152 152 0.0710635 0.14864864864864866 0.2546835 1 1 1
0 P_5 153 153 0.327923 0.4090909090909091 0.4592765 1 1 1
0 P_5 154 154 0.069996 0.1346153846153846 0.2229515 1 1 1
0 P_5 155 155 0.0392412 0.08771929824561403 0.166761 1 1 1
0 P_5 156 156 0.5 0.5 0.5 1 1 1
0 P_5 157 157 0.04617915 0.10714285714285714 0.203797 1 1 1
0 P_5 158 158 0.5 0.5 0.5 1 1 1
0 P_5 159 159 0.333633 0.4076923076923077 0.45548 1 1 1
0 P_5 160 160 0.1382685 0.22727272727272727 0.321734 1 1 1
0 P_5 161 161 0.291106 0.3829787234042553 0.4448625 1 1 1
0 P_5 162 162 0 0 0 1 1 1
0 P_5 163 163 0.5 0.5 0.5 1 1 1
0 P_5 164 164 0.5 0.5 0.5 1 1 1
0 P_5 165 165 0 0 0 1 1 1
0 P_5 166 166 0.312087 0.39166666666666666 0.4457855 1 1 1
0 P_5 167 167 0 0 0 1 1 1
0 P_5 168 168 0 0 0 1 1 1
0 P_5 169 169 0 0 0 1 1 1
0 P_5 170 170 0.5 0.5 0.5 1 1 1
0 P_5 171 171 0 0 0 1 1 1
0 P_5 172 172 0 0 0 1 1 1
0 P_5 173 173 0.5 0.5 0.5 1 1 1
0 P_5 174 174 0.5 0.5 0.5 1 1 1
0 P_5 175 175 0.3302345 0.4166666666666667 0.466309 1 1 1
0 P_5 176 176 0.5 0.5 0.5 1 1 1
0 P_5 177 177 0 0 0 1 1 1
0 P_5 178 178 0 0 0 1 1 1
0 P_5 179 179 0 0 0 1 1 1
0 P_5 180 180 0.0636985 0.13414634146341464 0.2342165 1 1 1
0 P_5 181 181 0.02638325 0.07 0.151835 1 1 1
0 P_5 182 182 0 0 0 1 1 1
0 P_5 183 183 0 0 0 1 1 1
0 P_5 184 184 0.0598395 0.12244897959183673 0.212746 1 1 1
0 P_5 185 185 0.5 0.5 0.5 1 1 1
0 P_5 186 186 0.5 0.5 0.5 1 1 1
0 P_5 187 187 0 0 0 1 1 1
0 P_5 188 188 0 0 0 1 1 1
0 P_5 189 189 0 0 0 1 1 1
0 P_5 190 190 0 0 0 1 1 1
0 P_5 191 191 0 0 0 1 1 1
0 P_5 192 192 0.5 0.5 0.5 1 1 1
0 P_5 193 193 0 0 0 1 1 1
0 P_5 194 194 0 0 0 1 1 1
0 P_5 195 195 0 0 0 1 1 1
0 P_5 196 196 0 0 0 1 1 1
0 P_5 197 197 0.30976 0.3979591836734694 0.454071 1 1 1
0 P_5 198 198 0.0655605 0.12121212121212122 0.198038 1 1 1
0 P_5 199 199 0 0 0 1 1 1
0 P_5 200 200 0 0 0 1 1 1
0 P_5 201 201 0.5 0.5 0.5 1 1 1
0 P_5 202 202 0 0 0 1 1 1
0 P_5 203 203 0.5 0.5 0.5 1 1 1
0 P_5 204 204 0 0 0 1 1 1
0 P_5 205 205 0.3093075 0.3898305084745763 0.4448225 1 1 1
0 P_5 206 206 0 0 0 1 1 1
0 P_5 207 207 0 0 0 1 1 1
0 P_5 208 208 0.0498645 0.1 0.175135 1 1 1
0 P_5 209 209 0.25164 0.33620689655172414 0.404758 1 1 1
0 P_5 210 210 0.0499118 0.11538461538461539 0.2168435 1 1 1
0 P_5 211 211 0 0 0 1 1 1
0 P_5 212 212 0 0 0 1 1 1
0 P_5 213 213 0 0 0 1 1 1
0 P_5 214 214 0 0 0 1 1 1
0 P_5 215 215 0 0 0 1 1 1
0 P_5 216 216 0.0561755 0.11206896551724138 0.193554 1 1 1
0 P_5 217 217 0 0 0 1 1 1
0 P_5 218 218 0.0336211 0.07894736842105263 0.156469 1 1 1
0 P_5 219 219 0 0 0 1 1 1
0 P_5 220 220 0.5 0.5 0.5 1 1 1
0 P_5 221 221 0.0672525 0.12962962962962962 0.2158925 1 1 1
0 P_5 222 222 0 0 0 1 1 1
0 P_5 223 223 0 0 0 1 1 1
0 P_5 224 224 0 0 0 1 1 1
0 P_5 225 225 0.04906695 0.10869565217391304 0.200814 1 1 1
0 P_5 226 226 0 0 0 1 1 1
0 P_5 227 227 0 0 0 1 1 1
0 P_5 228 228 0 0 0 1 1 1
0 P_5 229 229 0.5 0.5 0.5 1 1 1
0 P_5 230 230 0 0 0 1 1 1
0 P_5 231 231 0.5 0.5 0.5 1 1 1
0 P_5 232 232 0.2837805 0.37254901960784315 0.435677 1 1 1
0 P_5 233 233 0.2969875 0.3793103448275862 0.4376335 1 1 1
0 P_5 234 234 0 0 0 1 1 1
0 P_5 235 235 0.313045 0.4 0.455029 1 1 1
0 P_5 236 236 0 0 0 1 1 1
0 P_5 237 237 0 0 0 1 1 1
0 P_5 238 238 0 0 0 1 1 1
0 P_5 239 239 0 0 0 1 1 1
0 P_5 240 240 0 0 0 1 1 1
0 P_5 241 241 0 0 0 1 1 1
0 P_5 242 242 0.5 0.5 0.5 1 1 1
0 P_5 243 243 0 0 0 1 1 1
0 P_5 244 244 0 0 0 1 1 1
0 P_5 245 245 0.086831 0.15254237288135594 0.2360695 1 1 1
0 P_5 246 246 0 0 0 1 1 1
0 P_5 247 247 0.5 0.5 0.5 1 1 1
0 P_5 248 248 0.10497 0.1792452830188679 0.267821 1 1 1
0 P_5 249 249 0 0 0 1 1 1
0 P_5 250 250 0 0 0 1 1 1
0 P_5 251 251 0.0501325 0.10344827586206896 0.183945 1 1 1
0 P_5 252 252 0.2878995 0.36885245901639346 0.428757 1 1 1
0 P_5 253 253 0 0 0 1 1 1
0 P_5 254 254 0.5 0.5 0.5 1 1 1
0 P_5 255 255 0 0 0 1 1 1
0 P_5 256 256 0.283499 0.375 0.438844 1 1 1
0 P_5 257 257 0 0 0 1 1 1
0 P_5 258 258 0 0 0 1 1 1
0 P_5 259 259 0 0 0 1 1 1
0 P_5 260 260 0 0 0 1 1 1
0 P_5 261 261 0 0 0 1 1 1
0 P_5 262 262 0 0 0 1 1 1
0 P_5 263 263 0.075588 0.14150943396226415 0.2293435 1 1 1
0 P_5 264 264 0 0 0 1 1 1
0 P_5 265 265 0 0 0 1 1 1
0 P_5 266 266 0 0 0 1 1 1
0 P_5 267 267 0 0 0 1 1 1
0 P_5 268 268 0.0515175 0.10317460317460317 0.1800345 1 1 1
0 P_5 269 269 0 0 0 1 1 1
0 P_5 270 270 0 0 0 1 1 1
0 P_5 271 271 0.2787495 0.3780487804878049 0.444624 1 1 1
0 P_5 272 272 0 0 0 1 1 1
0 P_5 273 273 0 0 0 1 1 1
0 P_5 274 274 0 0 0 1 1 1
0 P_5 275 275 0.065392 0.1375 0.2390285 1 1 1
0 P_5 276 276 0 0 0 1 1 1
0 P_5 277 277 0 0 0 1 1 1
0 P_5 278 278 0.0486021 0.1125 0.212317 1 1 1
0 P_5 279 279 0.0492453 0.1016949152542373 0.1812125 1 1 1
0 P_5 280 280 0.5 0.5 0.5 1 1 1
0 P_5 281 281 0 0 0 1 1 1
0 P_5 282 282 0.313363 0.4069767441860465 0.462239 1 1 1
0 P_5 283 283 0 0 0 1 1 1
0 P_5 284 284 0.2733475 0.3627450980392157 0.4285465 1 1 1
0 P_5 285 285 0 0 0 1 1 1
0 P_5 286 286 0 0 0 1 1 1
0 P_5 287 287 0 0 0 1 1 1
0 P_5 288 288 0.3169965 0.4090909090909091 0.46313 1 1 1
0 P_5 289 289 0.058284 0.11607142857142858 0.1995385 1 1 1
0 P_5 290 290 0 0 0 1 1 1
0 P_5 291 291 0 0 0 1 1 1
0 P_5 292 292 0 0 0 1 1 1
0 P_5 293 293 0.5 0.5 0.5 1 1 1
0 P_5 294 294 0 0 0 1 1 1
0 P_5 295 295 0 0 0 1 1 1
0 P_5 296 296 0.3056525 0.4024390243902439 0.4603215 1 1 1
0 P_5 297 297 0 0 0 1 1 1
0 P_5 298 298 0 0 0 1 1 1
0 P_5 299 299 0 0 0 1 1 1
0 P_5 300 300 0 0 0 1 1 1
1 P_9 0 0 0.5 0.5 0.5 1 1 1
1 P_9 1 1 0.33027 0.42045454545454547 0.4699055 1 1 1
1 P_9 2 2 0.04497075 0.1 0.186955 1 1 1
1 P_9 3 3 0 0 0 1 1 1
1 P_9 4 4 0 0 0 1 1 1
1 P_9 5 5 0.5 0.5 0.5 1 1 1
1 P_9 6 6 0 0 0 1 1 1
1 P_9 7 7 0 0 0 1 1 1
1 P_9 8 8 0 0 0 1 1 1
1 P_9 9 9 0 0 0 1 1 1
1 P_9 10 10 0.3498885 0.43478260869565216 0.4773475 1 1 1
1 P_9 11 11 0 0 0 1 1 1
1 P_9 12 12 0.0461621 0.09285714285714286 0.1639675 1 1 1
1 P_9 13 13 0 0 0 1 1 1
1 P_9 14 14 0.368939 0.4406779661016949 0.477734 1 1 1
1 P_9 15 15 0 0 0 1 1 1
1 P_9 16 16 0.2969875 0.3793103448275862 0.4376335 1 1 1
1 P_9 17 17 0.5 0.5 0.5 1 1 1
1 P_9 18 18 0 0 0 1 1 1
1 P_9 19 19 0.330568 0.425 0.4738545 1 1 1
1 P_9 20 20 0.314602 0.39814814814814814 0.452329 1 1 1
1 P_9 21 21 0.287669 0.3706896551724138 0.431305 1 1 1
1 P_9 22 22 0 0 0 1 1 1
1 P_9 23 23 0 0 0 1 1 1
1 P_9 24 24 0.5 0.5 0.5 1 1 1
1 P_9 25 25 0 0 0 1 1 1
1 P_9 26 26 0.323342 0.4166666666666667 0.468425 1 1 1
1 P_9 27 27 0 0 0 1 1 1
1 P_9 28 28 0 0 0 1 1 1
1 P_9 29 29 0.02265905 0.0603448275862069 0.133086 1 1 1
1 P_9 30 30 0.04599075 0.09523809523809523 0.1710405 1 1 1
1 P_9 31 31 0.02215915 0.06382978723404255 0.1473085 1 1 1
1 P_9 32 32 0 0 0 1 1 1
1 P_9 33 33 0 0 0 1 1 1
1 P_9 34 34 0.5 0.5 0.5 1 1 1
1 P_9 35 35 0 0 0 1 1 1
1 P_9 36 36 0.3095845 0.40476190476190477 0.461304 1 1 1
1 P_9 37 37 0.3635535 0.44565217391304346 0.483011 1 1 1
1 P_9 38 38 0 0 0 1 1 1
1 P_9 39 39 0 0 0 1 1 1
1 P_9 40 40 0.330371 0.41346153846153844 0.463029 1 1 1
1 P_9 41 41 0.348165 0.43 0.4736165 1 1 1
1 P_9 42 42 0.3817085 0.4537037037037037 0.4855655 1 1 1
1 P_9 43 43 0 0 0 1 1 1
1 P_9 44 44 0.355393 0.4375 0.478313 1 1 1
1 P_9 45 45 0.3272175 0.4015151515151515 0.450923 1 1 1
1 P_9 46 46 0 0 0 1 1 1
1 P_9 47 47 0 0 0 1 1 1
1 P_9 48 48 0.3454465 0.42857142857142855 0.473063 1 1 1
1 P_9 49 49 0 0 0 1 1 1
1 P_9 50 50 0 0 0 1 1 1
1 P_9 51 51 0 0 0 1 1 1
1 P_9 52 52 0.2723955 0.3645833333333333 0.43141 1 1 1
1 P_9 53 53 0 0 0 1 1 1
1 P_9 54 54 0 0 0 1 1 1
1 P_9 55 55 0.3586945 0.44871794871794873 0.4860045 1 1 1
1 P_9 56 56 0.5 0.5 0.5 1 1 1
1 P_9 57 57 0.3181565 0.40625 0.459826 1 1 1
1 P_9 58 58 0.333239 0.41228070175438597 0.460759 1 1 1
1 P_9 59 59 0.3522315 0.44047619047619047 0.4813615 1 1 1
1 P_9 60 60 0.01998355 0.057692307692307696 0.1347175 1 1 1
1 P_9 61 61 0.5 0.5 0.5 1 1 1
1 P_9 62 62 0 0 0 1 1 1
1 P_9 63 63 0.3118385 0.41025641025641024 0.4659075 1 1 1
1 P_9 64 64 0.5 0.5 0.5 1 1 1
1 P_9 65 65 0.5 0.5 0.5 1 1 1
1 P_9 66 66 0 0 0 1 1 1
1 P_9 67 67 0.5 0.5 0.5 1 1 1
1 P_9 68 68 0.362938 0.4411764705882353 0.479616 1 1 1
1 P_9 69 69 0.5 0.5 0.5 1 1 1
1 P_9 70 70 0 0 0 1 1 1
1 P_9 71 71 0 0 0 1 1 1
1 P_9 72 72 0.01210765 0.044444444444444446 0.124627 1 1 1
1 P_9 73 73 0 0 0 1 1 1
1 P_9 74 74 0 0 0 1 1 1
1 P_9 75 75 0 0 0 1 1 1
1 P_9 76 76 0 0 0 1 1 1
1 P_9 77 77 0 0 0 1 1 1
1 P_9 78 78 0.0482638 0.11764705882352941 0.227053 1 1 1
1 P_9 79 79 0.313045 0.4 0.455029 1 1 1
1 P_9 80 80 0 0 0 1 1 1
1 P_9 81 81 0.287683 0.3875 0.451398 1 1 1
1 P_9 82 82 0.336681 0.42391304347826086 0.4712535 1 1 1
1 P_9 83 83 0.5 0.5 0.5 1 1 1
1 P_9 84 84 0.5 0.5 0.5 1 1 1
1 P_9 85 85 0 0 0 1 1 1
1 P_9 86 86 0 0 0 1 1 1
1 P_9 87 87 0 0 0 1 1 1
1 P_9 88 88 0.3443365 0.42452830188679247 0.4695855 1 1 1
1 P_9 89 89 0 0 0 1 1 1
1 P_9 90 90 0.3231485 0.40350877192982454 0.4549425 1 1 1
1 P_9 91 91 0.4004785 0.47 0.493254 1 1 1
1 P_9 92 92 0.361775 0.45 0.486359 1 1 1
1 P_9 93 93 0.5 0.5 0.5 1 1 1
1 P_9 94 94 0.311569 0.39622641509433965 0.451389 1 1 1
1 P_9 95 95 0 0 0 1 1 1
1 P_9 96 96 0.380095 0.4574468085106383 0.488413 1 1 1
1 P_9 97 97 0 0 0 1 1 1
1 P_9 98 98 0 0 0 1 1 1
1 P_9 99 99 0.304262 0.3888888888888889 0.4459735 1 1 1
1 P_9 100 100 0.355393 0.4375 0.478313 1 1 1
1 P_9 101 101 0.5 0.5 0.5 1 1 1
1 P_9 102 102 0.322449 0.3984375 0.4493225 1 1 1
1 P_9 103 103 0.3095845 0.40476190476190477 0.461304 1 1 1
1 P_9 104 104 0.041994 0.09782608695652174 0.188625 1 1 1
1 P_9 105 105 0 0 0 1 1 1
1 P_9 106 106 0.3652825 0.4423076923076923 0.4800165 1 1 1
1 P_9 107 107 0 0 0 1 1 1
1 P_9 108 108 0.3754925 0.45098039215686275 0.484703 1 1 1
1 P_9 109 109 0.5 0.5 0.5 1 1 1
1 P_9 110 110 0 0 0 1 1 1
1 P_9 111 111 0 0 0 1 1 1
1 P_9 112 112 0 0 0 1 1 1
1 P_9 113 113 0.3389835 0.4215686274509804 0.4683545 1 1 1
1 P_9 114 114 0.5 0.5 0.5 1 1 1
1 P_9 115 115 0.2872645 0.3804347826086957 0.4435995 1 1 1
1 P_9 116 116 0.3533265 0.4326923076923077 0.474658 1 1 1
1 P_9 117 117 0.02614545 0.075 0.169432 1 1 1
1 P_9 118 118 0.2890085 0.39705882352941174 0.460681 1 1 1
1 P_9 119 119 0 0 0 1 1 1
1 P_9 120 120 0.5 0.5 0.5 1 1 1
1 P_9 121 121 0.5 0.5 0.5 1 1 1
1 P_9 122 122 0.5 0.5 0.5 1 1 1
1 P_9 123 123 0.355779 0.4339622641509434 0.4751485 1 1 1
1 P_9 124 124 0 0 0 1 1 1
1 P_9 125 125 0 0 0 1 1 1
1 P_9 126 126 0.5 0.5 0.5 1 1 1
1 P_9 127 127 0 0 0 1 1 1
1 P_9 128 128 0 0 0 1 1 1
1 P_9 129 129 0.0234878 0.0625 0.1373285 1 1 1
1 P_9 130 130 0.5 0.5 0.5 1 1 1
1 P_9 131 131 0.01436865 0.05263157894736842 0.144525 1 1 1
1 P_9 132 132 0.3498885 0.43478260869565216 0.4773475 1 1 1
1 P_9 133 133 0.2741655 0.375 0.4431615 1 1 1
1 P_9 134 134 0.361775 0.45 0.486359 1 1 1
1 P_9 135 135 0.343531 0.42105263157894735 0.466379 1 1 1
1 P_9 136 136 0.3675485 0.44339622641509435 0.480401 1 1 1
1 P_9 137 137 0.3056525 0.4024390243902439 0.4603215 1 1 1
1 P_9 138 138 0.310339 0.39285714285714285 0.4479935 1 1 1
1 P_9 139 139 0 0 0 1 1 1
1 P_9 140 140 0.04405165 0.09803921568627451 0.18378 1 1 1
1 P_9 141 141 0.5 0.5 0.5 1 1 1
1 P_9 142 142 0 0 0 1 1 1
1 P_9 143 143 0.5 0.5 0.5 1 1 1
1 P_9 144 144 0.3358895 0.4166666666666667 0.464446 1 1 1
1 P_9 145 145 0.2727635 0.3559322033898305 0.41974 1 1 1
1 P_9 146 146 0 0 0 1 1 1
1 P_9 147 147 0.3626715 0.4375 0.476512 1 1 1
1 P_9 148 148 0 0 0 1 1 1
1 P_9 149 149 0 0 0 1 1 1
1 P_9 150 150 0 0 0 1 1 1
1 P_9 151 151 0.3823255 0.4583333333333333 0.488657 1 1 1
1 P_9 152 152 0 0 0 1 1 1
1 P_9 153 153 0.335777 0.41379310344827586 0.46146 1 1 1
1 P_9 154 154 0 0 0 1 1 1
1 P_9 155 155 0 0 0 1 1 1
1 P_9 156 156 0.5 0.5 0.5 1 1 1
1 P_9 157 157 0 0 0 1 1 1
1 P_9 158 158 0.5 0.5 0.5 1 1 1
1 P_9 159 159 0.5 0.5 0.5 1 1 1
1 P_9 160 160 0 0 0 1 1 1
1 P_9 161 161 0.368592 0.4479166666666667 0.483731 1 1 1
1 P_9 162 162 0 0 0 1 1 1
1 P_9 163 163 0.5 0.5 0.5 1 1 1
1 P_9 164 164 0.5 0.5 0.5 1 1 1
1 P_9 165 165 0.34263 0.4270833333333333 0.472486 1 1 1
1 P_9 166 166 0.5 0.5 0.5 1 1 1
1 P_9 167 167 0.3443365 0.42452830188679247 0.4695855 1 1 1
1 P_9 168 168 0.0577225 0.12222222222222222 0.216718 1 1 1
1 P_9 169 169 0.02316825 0.06666666666666667 0.153023 1 1 1
1 P_9 170 170 0.5 0.5 0.5 1 1 1
1 P_9 171 171 0.0369709 0.08653846153846154 0.169629 1 1 1
1 P_9 172 172 0 0 0 1 1 1
1 P_9 173 173 0.5 0.5 0.5 1 1 1
1 P_9 174 174 0.5 0.5 0.5 1 1 1
1 P_9 175 175 0.5 0.5 0.5 1 1 1
1 P_9 176 176 0.5 0.5 0.5 1 1 1
1 P_9 177 177 0 0 0 1 1 1
1 P_9 178 178 0 0 0 1 1 1
1 P_9 179 179 0 0 0 1 1 1
1 P_9 180 180 0 0 0 1 1 1
1 P_9 181 181 0 0 0 1 1 1
1 P_9 182 182 0 0 0 1 1 1
1 P_9 183 183 0.3187875 0.3983050847457627 0.4507545 1 1 1
1 P_9 184 184 0 0 0 1 1 1
1 P_9 185 185 0.5 0.5 0.5 1 1 1
1 P_9 186 186 0.5 0.5 0.5 1 1 1
1 P_9 187 187 0.342439 0.4358974358974359 0.479897 1 1 1
1 P_9 188 188 0 0 0 1 1 1
1 P_9 189 189 0.3111065 0.3888888888888889 0.4428235 1 1 1
1 P_9 190 190 0.37287 0.45454545454545453 0.487614 1 1 1
1 P_9 191 191 0.31622 0.4019607843137255 0.4559485 1 1 1
1 P_9 192 192 0.5 0.5 0.5 1 1 1
1 P_9 193 193 0 0 0 1 1 1
1 P_9 194 194 0 0 0 1 1 1
1 P_9 195 195 0.306359 0.3958333333333333 0.4530705 1 1 1
1 P_9 196 196 0.04958905 0.10576923076923077 0.191563 1 1 1
1 P_9 197 197 0.3389835 0.4215686274509804 0.4683545 1 1 1
1 P_9 198 198 0 0 0 1 1 1
1 P_9 199 199 0.05621 0.11538461538461539 0.20221 1 1 1
1 P_9 200 200 0.3526915 0.43617021276595747 0.477841 1 1 1
1 P_9 201 201 0.5 0.5 0.5 1 1 1
1 P_9 202 202 0 0 0 1 1 1
1 P_9 203 203 0.5 0.5 0.5 1 1 1
1 P_9 204 204 0.2101195 0.3068181818181818 0.3898785 1 1 1
1 P_9 205 205 0 0 0 1 1 1
1 P_9 206 206 0.2908835 0.38 0.4414215 1 1 1
1 P_9 207 207 0.4161725 0.4875 0.498724 1 1 1
1 P_9 208 208 0 0 0 1 1 1
1 P_9 209 209 0.5 0.5 0.5 1 1 1
1 P_9 210 210 0 0 0 1 1 1
1 P_9 211 211 0.2841075 0.37037037037037035 0.4327475 1 1 1
1 P_9 212 212 0.02756255 0.07894736842105263 0.177011 1 1 1
1 P_9 213 213 0.02614545 0.075 0.169432 1 1 1
1 P_9 214 214 0 0 0 1 1 1
1 P_9 215 215 0.314827 0.40425531914893614 0.458936 1 1 1
1 P_9 216 216 0 0 0 1 1 1
1 P_9 217 217 0 0 0 1 1 1
1 P_9 218 218 0 0 0 1 1 1
1 P_9 219 219 0 0 0 1 1 1
1 P_9 220 220 0.5 0.5 0.5 1 1 1
1 P_9 221 221 0 0 0 1 1 1
1 P_9 222 222 0.292839 0.39473684210526316 0.457048 1 1 1
1 P_9 223 223 0.3581515 0.4351851851851852 0.4756205 1 1 1
1 P_9 224 224 0.0169829 0.04918032786885246 0.116731 1 1 1
1 P_9 225 225 0 0 0 1 1 1
1 P_9 226 226 0 0 0 1 1 1
1 P_9 227 227 0 0 0 1 1 1
1 P_9 228 228 0.2787495 0.3780487804878049 0.444624 1 1 1
1 P_9 229 229 0.5 0.5 0.5 1 1 1
1 P_9 230 230 0.333175 0.41509433962264153 0.4637515 1 1 1
1 P_9 231 231 0.5 0.5 0.5 1 1 1
1 P_9 232 232 0.311375 0.40217391304347827 0.458006 1 1 1
1 P_9 233 233 0 0 0 1 1 1
1 P_9 234 234 0.01662115 0.05319148936170213 0.1338805 1 1 1
1 P_9 235 235 0.5 0.5 0.5 1 1 1
1 P_9 236 236 0 0 0 1 1 1
1 P_9 237 237 0.341705 0.4230769230769231 0.468982 1 1 1
1 P_9 238 238 0.3169965 0.4090909090909091 0.46313 1 1 1
1 P_9 239 239 0.01910235 0.06097560975609756 0.150896 1 1 1
1 P_9 240 240 0.4071895 0.4722222222222222 0.4937555 1 1 1
1 P_9 241 241 0.291106 0.3829787234042553 0.4448625 1 1 1
1 P_9 242 242 0.5 0.5 0.5 1 1 1
1 P_9 243 243 0.3817085 0.4537037037037037 0.4855655 1 1 1
1 P_9 244 244 0 0 0 1 1 1
1 P_9 245 245 0 0 0 1 1 1
1 P_9 246 246 0 0 0 1 1 1
1 P_9 247 247 0.5 0.5 0.5 1 1 1
1 P_9 248 248 0 0 0 1 1 1
1 P_9 249 249 0 0 0 1 1 1
1 P_9 250 250 0.3358895 0.4166666666666667 0.464446 1 1 1
1 P_9 251 251 0 0 0 1 1 1
1 P_9 252 252 0 0 0 1 1 1
1 P_9 253 253 0.060181 0.11666666666666667 0.197123 1 1 1
1 P_9 254 254 0.5 0.5 0.5 1 1 1
1 P_9 255 255 0.01959875 0.05660377358490566 0.1324515 1 1 1
1 P_9 256 256 0 0 0 1 1 1
1 P_9 257 257 0.3268745 0.4186046511627907 0.469183 1 1 1
1 P_9 258 258 0.314827 0.40425531914893614 0.458936 1 1 1
1 P_9 259 259 0.346883 0.42592592592592593 0.4701655 1 1 1
1 P_9 260 260 0.3811635 0.4634146341463415 0.491766 1 1 1
1 P_9 261 261 0 0 0 1 1 1
1 P_9 262 262 0 0 0 1 1 1
1 P_9 263 263 0 0 0 1 1 1
1 P_9 264 264 0.341705 0.4230769230769231 0.468982 1 1 1
1 P_9 265 265 0.306446 0.3879310344827586 0.4438245 1 1 1
1 P_9 266 266 0 0 0 1 1 1
1 P_9 267 267 0.333239 0.41228070175438597 0.460759 1 1 1
1 P_9 268 268 0 0 0 1 1 1
1 P_9 269 269 0 0 0 1 1 1
1 P_9 270 270 0.3675485 0.44339622641509435 0.480401 1 1 1
1 P_9 271 271 0.5 0.5 0.5 1 1 1
1 P_9 272 272 0.0591085 0.125 0.220849 1 1 1
1 P_9 273 273 0.3358895 0.4166666666666667 0.464446 1 1 1
1 P_9 274 274 0 0 0 1 1 1
1 P_9 275 275 0 0 0 1 1 1
1 P_9 276 276 0.2770485 0.36538461538461536 0.430004 1 1 1
1 P_9 277 277 0 0 0 1 1 1
1 P_9 278 278 0 0 0 1 1 1
1 P_9 279 279 0 0 0 1 1 1
1 P_9 280 280 0.5 0.5 0.5 1 1 1
1 P_9 281 281 0.02427375 0.06976744186046512 0.159194 1 1 1
1 P_9 282 282 0 0 0 1 1 1
1 P_9 283 283 0.0218868 0.058333333333333334 0.129096 1 1 1
1 P_9 284 284 0.287669 0.3706896551724138 0.431305 1 1 1
1 P_9 285 285 0 0 0 1 1 1
1 P_9 286 286 0 0 0 1 1 1
1 P_9 287 287 0 0 0 1 1 1
1 P_9 288 288 0.335777 0.41379310344827586 0.46146 1 1 1
1 P_9 289 289 0 0 0 1 1 1
1 P_9 290 290 0.2507675 0.34375 0.415971 1 1 1
1 P_9 291 291 0.3271055 0.4148936170212766 0.4655665 1 1 1
1 P_9 292 292 0 0 0 1 1 1
1 P_9 293 293 0.5 0.5 0.5 1 1 1
1 P_9 294 294 0.02265245 0.06521739130434782 0.1501115 1 1 1
1 P_9 295 295 0.3646205 0.43548387096774194 0.474115 1 1 1
1 P_9 296 296 0 0 0 1 1 1
1 P_9 297 297 0.2907415 0.375 0.435283 1 1 1
1 P_9 298 298 0.3385175 0.41818181818181815 0.4651145 1 1 1
1 P_9 299 299 0.02546385 0.06349206349206349 0.133445 1 1 1
1 P_9 300 300 0.368435 0.4375 0.474944 1 1 1
