10 #m
3 #n
0 P_0 0 0 0.5 0.5 0.5 1 1 1
0 P_0 1 1 0 0 0 1 1 1
0 P_0 2 2 0.20038 0.26595744680851063 0.3296585 1 1 1
1 P_1 0 0 0.5 0.5 0.5 1 1 1
1 P_1 1 1 0 0 0 1 1 1
1 P_1 2 2 0.197022 0.25980392156862747 0.3215205 1 1 1
2 P_3 0 0 0.5 0.5 0.5 1 1 1
2 P_3 1 1 0 0 0 1 1 1
2 P_3 2 2 0.5 0.5 0.5 1 1 1
3 P_7 0 0 0.5 0.5 0.5 1 1 1
3 P_7 1 1 0 0 0 1 1 1
3 P_7 2 2 0.5 0.5 0.5 1 1 1
4 P_4 0 0 0.5 0.5 0.5 1 1 1
4 P_4 1 1 0 0 0 1 1 1
4 P_4 2 2 0.322322 0.3858695652173913 0.4331275 1 1 1
5 P_8 0 0 0.5 0.5 0.5 1 1 1
5 P_8 1 1 0 0 0 1 1 1
5 P_8 2 2 0.334679 0.3925233644859813 0.4355905 1 1 1
6 P_9 0 0 0.5 0.5 0.5 1 1 1
6 P_9 1 1 0 0 0 1 1 1
6 P_9 2 2 0.2883855 0.3482142857142857 0.398292 1 1 1
7 P_5 0 0 0.5 0.5 0.5 1 1 1
7 P_5 1 1 0 0 0 1 1 1
7 P_5 2 2 0.0658775 0.1111111111111111 0.1718645 1 1 1
8 P_6 0 0 0.5 0.5 0.5 1 1 1
8 P_6 1 1 0.1303645 0.18421052631578946 0.2444795 1 1 1
8 P_6 2 2 0.225055 0.2863636363636364 0.343997 1 1 1
9 P_2 0 0 0.5 0.5 0.5 1 1 1
9 P_2 1 1 0 0 0 1 1 1
9 P_2 2 2 0.3730815 0.42592592592592593 0.4607145 1 1 1
