2 #m
45 #n
0 P_5 0 0 0 0 0 1 1 1
0 P_5 1 1 0.02101795 0.05263157894736842 0.1125235 1 1 1
0 P_5 2 2 0 0 0 1 1 1
0 P_5 3 3 0.321311 0.38636363636363635 0.434357 1 1 1
0 P_5 4 4 0.364979 0.4207920792079208 0.4579045 1 1 1
0 P_5 5 5 0.3851815 0.44021739130434784 0.472508 1 1 1
0 P_5 6 6 0.0377347 0.07446808510638298 0.131786 1 1 1
0 P_5 7 7 0 0 0 1 1 1
0 P_5 8 8 0 0 0 1 1 1
0 P_5 9 9 0 0 0 1 1 1
0 P_5 10 10 0.0496955 0.08695652173913043 0.139977 1 1 1
0 P_5 11 11 0 0 0 1 1 1
0 P_5 12 12 0 0 0 1 1 1
0 P_5 13 13 0 0 0 1 1 1
0 P_5 14 14 0.04297365 0.08080808080808081 0.1375285 1 1 1
0 P_5 15 15 0.5 0.5 0.5 1 1 1
0 P_5 16 16 0.5 0.5 0.5 1 1 1
0 P_5 17 17 0.3422905 0.400990099009901 0.4431445 1 1 1
0 P_5 18 18 0 0 0 1 1 1
0 P_5 19 19 0 0 0 1 1 1
0 P_5 20 20 0.053019 0.09016393442622951 0.141903 1 1 1
0 P_5 21 21 0 0 0 1 1 1
0 P_5 22 22 0.5 0.5 0.5 1 1 1
0 P_5 23 23 0.3745405 0.4308510638297872 0.4659605 1 1 1
0 P_5 24 24 0 0 0 1 1 1
0 P_5 25 25 0.324072 0.3924050632911392 0.440997 1 1 1
0 P_5 26 26 0 0 0 1 1 1
0 P_5 27 27 0 0 0 1 1 1
0 P_5 28 28 0 0 0 1 1 1
0 P_5 29 29 0.3508245 0.4090909090909091 0.4495915 1 1 1
0 P_5 30 30 0 0 0 1 1 1
0 P_5 31 31 0 0 0 1 1 1
0 P_5 32 32 0.0366701 0.07075471698113207 0.1235665 1 1 1
0 P_5 33 33 0 0 0 1 1 1
0 P_5 34 34 0 0 0 1 1 1
0 P_5 35 35 0.046057 0.08823529411764706 0.151313 1 1 1
0 P_5 36 36 0.0263201 0.057291666666666664 0.1103825 1 1 1
0 P_5 37 37 0 0 0 1 1 1
0 P_5 38 38 0 0 0 1 1 1
0 P_5 39 39 0.340137 0.3963963963963964 0.438006 1 1 1
0 P_5 40 40 0.3105575 0.36936936936936937 0.4162295 1 1 1
0 P_5 41 41 0.0322743 0.06565656565656566 0.119598 1 1 1
0 P_5 42 42 0 0 0 1 1 1
0 P_5 43 43 0 0 0 1 1 1
0 P_5 44 44 0 0 0 1 1 1
1 P_9 0 0 0 0 0 1 1 1
1 P_9 1 1 0.3995535 0.45569620253164556 0.4834655 1 1 1
1 P_9 2 2 0 0 0 1 1 1
1 P_9 3 3 0 0 0 1 1 1
1 P_9 4 4 0 0 0 1 1 1
1 P_9 5 5 0 0 0 1 1 1
1 P_9 6 6 0.328332 0.391304347826087 0.437338 1 1 1
1 P_9 7 7 0 0 0 1 1 1
1 P_9 8 8 0.055513 0.09545454545454546 0.150993 1 1 1
1 P_9 9 9 0 0 0 1 1 1
1 P_9 10 10 0.4084995 0.45454545454545453 0.4800145 1 1 1
1 P_9 11 11 0 0 0 1 1 1
1 P_9 12 12 0 0 0 1 1 1
1 P_9 13 13 0.03643025 0.07386363636363637 0.1332955 1 1 1
1 P_9 14 14 0.399965 0.45 0.477976 1 1 1
1 P_9 15 15 0.5 0.5 0.5 1 1 1
1 P_9 16 16 0.5 0.5 0.5 1 1 1
1 P_9 17 17 0.04869985 0.08947368421052632 0.148896 1 1 1
1 P_9 18 18 0 0 0 1 1 1
1 P_9 19 19 0 0 0 1 1 1
1 P_9 20 20 0.3309505 0.3888888888888889 0.432554 1 1 1
1 P_9 21 21 0.03853985 0.07425742574257425 0.1292125 1 1 1
1 P_9 22 22 0.5 0.5 0.5 1 1 1
1 P_9 23 23 0 0 0 1 1 1
1 P_9 24 24 0 0 0 1 1 1
1 P_9 25 25 0 0 0 1 1 1
1 P_9 26 26 0 0 0 1 1 1
1 P_9 27 27 0 0 0 1 1 1
1 P_9 28 28 0 0 0 1 1 1
1 P_9 29 29 0 0 0 1 1 1
1 P_9 30 30 0 0 0 1 1 1
1 P_9 31 31 0 0 0 1 1 1
1 P_9 32 32 0.3723655 0.4329268292682927 0.4690635 1 1 1
1 P_9 33 33 0.02811815 0.06111111111111111 0.1171725 1 1 1
1 P_9 34 34 0 0 0 1 1 1
1 P_9 35 35 0.3804325 0.42748091603053434 0.459414 1 1 1
1 P_9 36 36 0.404523 0.45408163265306123 0.480704 1 1 1
1 P_9 37 37 0 0 0 1 1 1
1 P_9 38 38 0.0203534 0.04838709677419355 0.100251 1 1 1
1 P_9 39 39 0 0 0 1 1 1
1 P_9 40 40 0.03075865 0.06451612903225806 0.120234 1 1 1
1 P_9 41 41 0.393508 0.44339622641509435 0.4731 1 1 1
1 P_9 42 42 0 0 0 1 1 1
1 P_9 43 43 0 0 0 1 1 1
1 P_9 44 44 0 0 0 1 1 1
