2 #m
11 #n
0 P_6 0 0 0.5 0.5 0.5 1 1 1
0 P_6 1 1 0 0 0 1 1 1
0 P_6 2 2 0.5 0.5 0.5 1 1 1
0 P_6 3 3 0.424966 0.42955 0.4339275 1 1 1
0 P_6 4 4 0 0 0 1 1 1
0 P_6 5 5 0.5 0.5 0.5 1 1 1
0 P_6 6 6 0 0 0 1 1 1
0 P_6 7 7 0.227335 0.23375 0.240184 1 1 1
0 P_6 8 8 0.5 0.5 0.5 1 1 1
0 P_6 9 9 0 0 0 1 1 1
0 P_6 10 10 0 0 0 1 1 1
1 P_4 0 0 0.5 0.5 0.5 1 1 1
1 P_4 1 1 0.1547875 0.16075 0.1668155 1 1 1
1 P_4 2 2 0.5 0.5 0.5 1 1 1
1 P_4 3 3 0.5 0.5 0.5 1 1 1
1 P_4 4 4 0.1547875 0.16075 0.1668155 1 1 1
1 P_4 5 5 0.5 0.5 0.5 1 1 1
1 P_4 6 6 0.0888135 0.09375 0.098866 1 1 1
1 P_4 7 7 0.267227 0.27365 0.2800455 1 1 1
1 P_4 8 8 0.5 0.5 0.5 1 1 1
1 P_4 9 9 0.061455 0.0657 0.070157 1 1 1
1 P_4 10 10 0.1547875 0.16075 0.1668155 1 1 1
