2 #m
581 #n
0 P_3 0 0 0 0 0 1 1 1
0 P_3 1 1 0.0651485 0.0695 0.074059 1 1 1
0 P_3 2 2 0.0713305 0.07585 0.08057 1 1 1
0 P_3 3 3 0.0713305 0.07585 0.08057 1 1 1
0 P_3 4 4 0.0713305 0.07585 0.08057 1 1 1
0 P_3 5 5 0.0713305 0.07585 0.08057 1 1 1
0 P_3 6 6 0.0651485 0.0695 0.074059 1 1 1
0 P_3 7 7 0.0602895 0.0645 0.068924 1 1 1
0 P_3 8 8 0.353902 0.35975 0.3654715 1 1 1
0 P_3 9 9 0.0602895 0.0645 0.068924 1 1 1
0 P_3 10 10 0.0713305 0.07585 0.08057 1 1 1
0 P_3 11 11 0.283923 0.2903 0.2966305 1 1 1
0 P_3 12 12 0.0651485 0.0695 0.074059 1 1 1
0 P_3 13 13 0 0 0 1 1 1
0 P_3 14 14 0.0713305 0.07585 0.08057 1 1 1
0 P_3 15 15 0.0651485 0.0695 0.074059 1 1 1
0 P_3 16 16 0.0713305 0.07585 0.08057 1 1 1
0 P_3 17 17 0.283923 0.2903 0.2966305 1 1 1
0 P_3 18 18 0.283923 0.2903 0.2966305 1 1 1
0 P_3 19 19 0.0651485 0.0695 0.074059 1 1 1
0 P_3 20 20 0.283923 0.2903 0.2966305 1 1 1
0 P_3 21 21 0.283923 0.2903 0.2966305 1 1 1
0 P_3 22 22 0 0 0 1 1 1
0 P_3 23 23 0.0713305 0.07585 0.08057 1 1 1
0 P_3 24 24 0.0713305 0.07585 0.08057 1 1 1
0 P_3 25 25 0.283923 0.2903 0.2966305 1 1 1
0 P_3 26 26 0.0651485 0.0695 0.074059 1 1 1
0 P_3 27 27 0.0713305 0.07585 0.08057 1 1 1
0 P_3 28 28 0 0 0 1 1 1
0 P_3 29 29 0 0 0 1 1 1
0 P_3 30 30 0.0602895 0.0645 0.068924 1 1 1
0 P_3 31 31 0 0 0 1 1 1
0 P_3 32 32 0.0602895 0.0645 0.068924 1 1 1
0 P_3 33 33 0.0713305 0.07585 0.08057 1 1 1
0 P_3 34 34 0.353902 0.35975 0.3654715 1 1 1
0 P_3 35 35 0.0651485 0.0695 0.074059 1 1 1
0 P_3 36 36 0 0 0 1 1 1
0 P_3 37 37 0.283923 0.2903 0.2966305 1 1 1
0 P_3 38 38 0.283923 0.2903 0.2966305 1 1 1
0 P_3 39 39 0.0713305 0.07585 0.08057 1 1 1
0 P_3 40 40 0.283923 0.2903 0.2966305 1 1 1
0 P_3 41 41 0.0651485 0.0695 0.074059 1 1 1
0 P_3 42 42 0.0651485 0.0695 0.074059 1 1 1
0 P_3 43 43 0.0602895 0.0645 0.068924 1 1 1
0 P_3 44 44 0 0 0 1 1 1
0 P_3 45 45 0.0713305 0.07585 0.08057 1 1 1
0 P_3 46 46 0.1345775 0.1403 0.1461485 1 1 1
0 P_3 47 47 0.0651485 0.0695 0.074059 1 1 1
0 P_3 48 48 0 0 0 1 1 1
0 P_3 49 49 0.283923 0.2903 0.2966305 1 1 1
0 P_3 50 50 0.1345775 0.1403 0.1461485 1 1 1
0 P_3 51 51 0.283923 0.2903 0.2966305 1 1 1
0 P_3 52 52 0.0713305 0.07585 0.08057 1 1 1
0 P_3 53 53 0 0 0 1 1 1
0 P_3 54 54 0.0651485 0.0695 0.074059 1 1 1
0 P_3 55 55 0 0 0 1 1 1
0 P_3 56 56 0.0651485 0.0695 0.074059 1 1 1
0 P_3 57 57 0.0651485 0.0695 0.074059 1 1 1
0 P_3 58 58 0.0651485 0.0695 0.074059 1 1 1
0 P_3 59 59 0.283923 0.2903 0.2966305 1 1 1
0 P_3 60 60 0.0602895 0.0645 0.068924 1 1 1
0 P_3 61 61 0.283923 0.2903 0.2966305 1 1 1
0 P_3 62 62 0 0 0 1 1 1
0 P_3 63 63 0.283923 0.2903 0.2966305 1 1 1
0 P_3 64 64 0.0651485 0.0695 0.074059 1 1 1
0 P_3 65 65 0.5 0.5 0.5 1 1 1
0 P_3 66 66 0.0713305 0.07585 0.08057 1 1 1
0 P_3 67 67 0.0651485 0.0695 0.074059 1 1 1
0 P_3 68 68 0.283923 0.2903 0.2966305 1 1 1
0 P_3 69 69 0.0651485 0.0695 0.074059 1 1 1
0 P_3 70 70 0.0713305 0.07585 0.08057 1 1 1
0 P_3 71 71 0 0 0 1 1 1
0 P_3 72 72 0 0 0 1 1 1
0 P_3 73 73 0.0713305 0.07585 0.08057 1 1 1
0 P_3 74 74 0.283923 0.2903 0.2966305 1 1 1
0 P_3 75 75 0.0713305 0.07585 0.08057 1 1 1
0 P_3 76 76 0.0713305 0.07585 0.08057 1 1 1
0 P_3 77 77 0.283923 0.2903 0.2966305 1 1 1
0 P_3 78 78 0 0 0 1 1 1
0 P_3 79 79 0 0 0 1 1 1
0 P_3 80 80 0 0 0 1 1 1
0 P_3 81 81 0 0 0 1 1 1
0 P_3 82 82 0 0 0 1 1 1
0 P_3 83 83 0 0 0 1 1 1
0 P_3 84 84 0.0602895 0.0645 0.068924 1 1 1
0 P_3 85 85 0.0651485 0.0695 0.074059 1 1 1
0 P_3 86 86 0.283923 0.2903 0.2966305 1 1 1
0 P_3 87 87 0.283923 0.2903 0.2966305 1 1 1
0 P_3 88 88 0.0713305 0.07585 0.08057 1 1 1
0 P_3 89 89 0 0 0 1 1 1
0 P_3 90 90 0 0 0 1 1 1
0 P_3 91 91 0.353902 0.35975 0.3654715 1 1 1
0 P_3 92 92 0.283923 0.2903 0.2966305 1 1 1
0 P_3 93 93 0 0 0 1 1 1
0 P_3 94 94 0.283923 0.2903 0.2966305 1 1 1
0 P_3 95 95 0.0602895 0.0645 0.068924 1 1 1
0 P_3 96 96 0 0 0 1 1 1
0 P_3 97 97 0.5 0.5 0.5 1 1 1
0 P_3 98 98 0.0651485 0.0695 0.074059 1 1 1
0 P_3 99 99 0 0 0 1 1 1
0 P_3 100 100 0 0 0 1 1 1
0 P_3 101 101 0 0 0 1 1 1
0 P_3 102 102 0 0 0 1 1 1
0 P_3 103 103 0.0651485 0.0695 0.074059 1 1 1
0 P_3 104 104 0 0 0 1 1 1
0 P_3 105 105 0 0 0 1 1 1
0 P_3 106 106 0.283923 0.2903 0.2966305 1 1 1
0 P_3 107 107 0.0602895 0.0645 0.068924 1 1 1
0 P_3 108 108 0.0713305 0.07585 0.08057 1 1 1
0 P_3 109 109 0.0602895 0.0645 0.068924 1 1 1
0 P_3 110 110 0 0 0 1 1 1
0 P_3 111 111 0.0651485 0.0695 0.074059 1 1 1
0 P_3 112 112 0.0651485 0.0695 0.074059 1 1 1
0 P_3 113 113 0 0 0 1 1 1
0 P_3 114 114 0.0713305 0.07585 0.08057 1 1 1
0 P_3 115 115 0.0651485 0.0695 0.074059 1 1 1
0 P_3 116 116 0.0651485 0.0695 0.074059 1 1 1
0 P_3 117 117 0.0651485 0.0695 0.074059 1 1 1
0 P_3 118 118 0.353902 0.35975 0.3654715 1 1 1
0 P_3 119 119 0.0713305 0.07585 0.08057 1 1 1
0 P_3 120 120 0.0713305 0.07585 0.08057 1 1 1
0 P_3 121 121 0.5 0.5 0.5 1 1 1
0 P_3 122 122 0 0 0 1 1 1
0 P_3 123 123 0 0 0 1 1 1
0 P_3 124 124 0.0713305 0.07585 0.08057 1 1 1
0 P_3 125 125 0.0713305 0.07585 0.08057 1 1 1
0 P_3 126 126 0 0 0 1 1 1
0 P_3 127 127 0.0713305 0.07585 0.08057 1 1 1
0 P_3 128 128 0 0 0 1 1 1
0 P_3 129 129 0 0 0 1 1 1
0 P_3 130 130 0 0 0 1 1 1
0 P_3 131 131 0 0 0 1 1 1
0 P_3 132 132 0 0 0 1 1 1
0 P_3 133 133 0.283923 0.2903 0.2966305 1 1 1
0 P_3 134 134 0.0651485 0.0695 0.074059 1 1 1
0 P_3 135 135 0.0651485 0.0695 0.074059 1 1 1
0 P_3 136 136 0 0 0 1 1 1
0 P_3 137 137 0.0713305 0.07585 0.08057 1 1 1
0 P_3 138 138 0 0 0 1 1 1
0 P_3 139 139 0.1345775 0.1403 0.1461485 1 1 1
0 P_3 140 140 0 0 0 1 1 1
0 P_3 141 141 0 0 0 1 1 1
0 P_3 142 142 0 0 0 1 1 1
0 P_3 143 143 0 0 0 1 1 1
0 P_3 144 144 0 0 0 1 1 1
0 P_3 145 145 0.0651485 0.0695 0.074059 1 1 1
0 P_3 146 146 0.0713305 0.07585 0.08057 1 1 1
0 P_3 147 147 0.0713305 0.07585 0.08057 1 1 1
0 P_3 148 148 0 0 0 1 1 1
0 P_3 149 149 0.0713305 0.07585 0.08057 1 1 1
0 P_3 150 150 0.0713305 0.07585 0.08057 1 1 1
0 P_3 151 151 0.0713305 0.07585 0.08057 1 1 1
0 P_3 152 152 0 0 0 1 1 1
0 P_3 153 153 0.0713305 0.07585 0.08057 1 1 1
0 P_3 154 154 0.283923 0.2903 0.2966305 1 1 1
0 P_3 155 155 0.283923 0.2903 0.2966305 1 1 1
0 P_3 156 156 0.0713305 0.07585 0.08057 1 1 1
0 P_3 157 157 0.0602895 0.0645 0.068924 1 1 1
0 P_3 158 158 0 0 0 1 1 1
0 P_3 159 159 0 0 0 1 1 1
0 P_3 160 160 0.0602895 0.0645 0.068924 1 1 1
0 P_3 161 161 0 0 0 1 1 1
0 P_3 162 162 0 0 0 1 1 1
0 P_3 163 163 0.0713305 0.07585 0.08057 1 1 1
0 P_3 164 164 0.0602895 0.0645 0.068924 1 1 1
0 P_3 165 165 0.0651485 0.0695 0.074059 1 1 1
0 P_3 166 166 0 0 0 1 1 1
0 P_3 167 167 0.0651485 0.0695 0.074059 1 1 1
0 P_3 168 168 0 0 0 1 1 1
0 P_3 169 169 0 0 0 1 1 1
0 P_3 170 170 0.0713305 0.07585 0.08057 1 1 1
0 P_3 171 171 0.0713305 0.07585 0.08057 1 1 1
0 P_3 172 172 0.283923 0.2903 0.2966305 1 1 1
0 P_3 173 173 0 0 0 1 1 1
0 P_3 174 174 0.0602895 0.0645 0.068924 1 1 1
0 P_3 175 175 0 0 0 1 1 1
0 P_3 176 176 0.353902 0.35975 0.3654715 1 1 1
0 P_3 177 177 0 0 0 1 1 1
0 P_3 178 178 0 0 0 1 1 1
0 P_3 179 179 0 0 0 1 1 1
0 P_3 180 180 0.0602895 0.0645 0.068924 1 1 1
0 P_3 181 181 0.283923 0.2903 0.2966305 1 1 1
0 P_3 182 182 0.283923 0.2903 0.2966305 1 1 1
0 P_3 183 183 0.283923 0.2903 0.2966305 1 1 1
0 P_3 184 184 0.0713305 0.07585 0.08057 1 1 1
0 P_3 185 185 0 0 0 1 1 1
0 P_3 186 186 0.0602895 0.0645 0.068924 1 1 1
0 P_3 187 187 0.0651485 0.0695 0.074059 1 1 1
0 P_3 188 188 0.283923 0.2903 0.2966305 1 1 1
0 P_3 189 189 0.283923 0.2903 0.2966305 1 1 1
0 P_3 190 190 0.353902 0.35975 0.3654715 1 1 1
0 P_3 191 191 0.283923 0.2903 0.2966305 1 1 1
0 P_3 192 192 0 0 0 1 1 1
0 P_3 193 193 0.283923 0.2903 0.2966305 1 1 1
0 P_3 194 194 0.353902 0.35975 0.3654715 1 1 1
0 P_3 195 195 0 0 0 1 1 1
0 P_3 196 196 0.0602895 0.0645 0.068924 1 1 1
0 P_3 197 197 0.0602895 0.0645 0.068924 1 1 1
0 P_3 198 198 0.283923 0.2903 0.2966305 1 1 1
0 P_3 199 199 0 0 0 1 1 1
0 P_3 200 200 0 0 0 1 1 1
0 P_3 201 201 0.5 0.5 0.5 1 1 1
0 P_3 202 202 0 0 0 1 1 1
0 P_3 203 203 0.0651485 0.0695 0.074059 1 1 1
0 P_3 204 204 0.0651485 0.0695 0.074059 1 1 1
0 P_3 205 205 0.0713305 0.07585 0.08057 1 1 1
0 P_3 206 206 0 0 0 1 1 1
0 P_3 207 207 0.0651485 0.0695 0.074059 1 1 1
0 P_3 208 208 0.283923 0.2903 0.2966305 1 1 1
0 P_3 209 209 0 0 0 1 1 1
0 P_3 210 210 0.0651485 0.0695 0.074059 1 1 1
0 P_3 211 211 0 0 0 1 1 1
0 P_3 212 212 0 0 0 1 1 1
0 P_3 213 213 0 0 0 1 1 1
0 P_3 214 214 0 0 0 1 1 1
0 P_3 215 215 0.283923 0.2903 0.2966305 1 1 1
0 P_3 216 216 0 0 0 1 1 1
0 P_3 217 217 0 0 0 1 1 1
0 P_3 218 218 0.0602895 0.0645 0.068924 1 1 1
0 P_3 219 219 0 0 0 1 1 1
0 P_3 220 220 0 0 0 1 1 1
0 P_3 221 221 0.0713305 0.07585 0.08057 1 1 1
0 P_3 222 222 0.283923 0.2903 0.2966305 1 1 1
0 P_3 223 223 0.5 0.5 0.5 1 1 1
0 P_3 224 224 0.283923 0.2903 0.2966305 1 1 1
0 P_3 225 225 0.283923 0.2903 0.2966305 1 1 1
0 P_3 226 226 0.283923 0.2903 0.2966305 1 1 1
0 P_3 227 227 0 0 0 1 1 1
0 P_3 228 228 0.0651485 0.0695 0.074059 1 1 1
0 P_3 229 229 0 0 0 1 1 1
0 P_3 230 230 0 0 0 1 1 1
0 P_3 231 231 0.0713305 0.07585 0.08057 1 1 1
0 P_3 232 232 0 0 0 1 1 1
0 P_3 233 233 0.0713305 0.07585 0.08057 1 1 1
0 P_3 234 234 0.5 0.5 0.5 1 1 1
0 P_3 235 235 0.0713305 0.07585 0.08057 1 1 1
0 P_3 236 236 0.5 0.5 0.5 1 1 1
0 P_3 237 237 0 0 0 1 1 1
0 P_3 238 238 0.1345775 0.1403 0.1461485 1 1 1
0 P_3 239 239 0.0602895 0.0645 0.068924 1 1 1
0 P_3 240 240 0.283923 0.2903 0.2966305 1 1 1
0 P_3 241 241 0.0651485 0.0695 0.074059 1 1 1
0 P_3 242 242 0.283923 0.2903 0.2966305 1 1 1
0 P_3 243 243 0 0 0 1 1 1
0 P_3 244 244 0 0 0 1 1 1
0 P_3 245 245 0 0 0 1 1 1
0 P_3 246 246 0.0651485 0.0695 0.074059 1 1 1
0 P_3 247 247 0 0 0 1 1 1
0 P_3 248 248 0.283923 0.2903 0.2966305 1 1 1
0 P_3 249 249 0.5 0.5 0.5 1 1 1
0 P_3 250 250 0.0651485 0.0695 0.074059 1 1 1
0 P_3 251 251 0.0651485 0.0695 0.074059 1 1 1
0 P_3 252 252 0.353902 0.35975 0.3654715 1 1 1
0 P_3 253 253 0 0 0 1 1 1
0 P_3 254 254 0.283923 0.2903 0.2966305 1 1 1
0 P_3 255 255 0 0 0 1 1 1
0 P_3 256 256 0.283923 0.2903 0.2966305 1 1 1
0 P_3 257 257 0 0 0 1 1 1
0 P_3 258 258 0.0651485 0.0695 0.074059 1 1 1
0 P_3 259 259 0.0651485 0.0695 0.074059 1 1 1
0 P_3 260 260 0 0 0 1 1 1
0 P_3 261 261 0.0602895 0.0645 0.068924 1 1 1
0 P_3 262 262 0.0713305 0.07585 0.08057 1 1 1
0 P_3 263 263 0.283923 0.2903 0.2966305 1 1 1
0 P_3 264 264 0.283923 0.2903 0.2966305 1 1 1
0 P_3 265 265 0 0 0 1 1 1
0 P_3 266 266 0 0 0 1 1 1
0 P_3 267 267 0.283923 0.2903 0.2966305 1 1 1
0 P_3 268 268 0 0 0 1 1 1
0 P_3 269 269 0.0602895 0.0645 0.068924 1 1 1
0 P_3 270 270 0.0602895 0.0645 0.068924 1 1 1
0 P_3 271 271 0 0 0 1 1 1
0 P_3 272 272 0.0602895 0.0645 0.068924 1 1 1
0 P_3 273 273 0.0651485 0.0695 0.074059 1 1 1
0 P_3 274 274 0 0 0 1 1 1
0 P_3 275 275 0.0713305 0.07585 0.08057 1 1 1
0 P_3 276 276 0.0713305 0.07585 0.08057 1 1 1
0 P_3 277 277 0 0 0 1 1 1
0 P_3 278 278 0 0 0 1 1 1
0 P_3 279 279 0.0602895 0.0645 0.068924 1 1 1
0 P_3 280 280 0.5 0.5 0.5 1 1 1
0 P_3 281 281 0.353902 0.35975 0.3654715 1 1 1
0 P_3 282 282 0 0 0 1 1 1
0 P_3 283 283 0.353902 0.35975 0.3654715 1 1 1
0 P_3 284 284 0.0713305 0.07585 0.08057 1 1 1
0 P_3 285 285 0.283923 0.2903 0.2966305 1 1 1
0 P_3 286 286 0 0 0 1 1 1
0 P_3 287 287 0.0713305 0.07585 0.08057 1 1 1
0 P_3 288 288 0 0 0 1 1 1
0 P_3 289 289 0.5 0.5 0.5 1 1 1
0 P_3 290 290 0.0651485 0.0695 0.074059 1 1 1
0 P_3 291 291 0 0 0 1 1 1
0 P_3 292 292 0.0713305 0.07585 0.08057 1 1 1
0 P_3 293 293 0.0602895 0.0645 0.068924 1 1 1
0 P_3 294 294 0 0 0 1 1 1
0 P_3 295 295 0 0 0 1 1 1
0 P_3 296 296 0.0713305 0.07585 0.08057 1 1 1
0 P_3 297 297 0.1345775 0.1403 0.1461485 1 1 1
0 P_3 298 298 0.283923 0.2903 0.2966305 1 1 1
0 P_3 299 299 0 0 0 1 1 1
0 P_3 300 300 0.283923 0.2903 0.2966305 1 1 1
0 P_3 301 301 0.353902 0.35975 0.3654715 1 1 1
0 P_3 302 302 0.5 0.5 0.5 1 1 1
0 P_3 303 303 0.0602895 0.0645 0.068924 1 1 1
0 P_3 304 304 0.0713305 0.07585 0.08057 1 1 1
0 P_3 305 305 0 0 0 1 1 1
0 P_3 306 306 0 0 0 1 1 1
0 P_3 307 307 0.353902 0.35975 0.3654715 1 1 1
0 P_3 308 308 0 0 0 1 1 1
0 P_3 309 309 0 0 0 1 1 1
0 P_3 310 310 0.0713305 0.07585 0.08057 1 1 1
0 P_3 311 311 0.0651485 0.0695 0.074059 1 1 1
0 P_3 312 312 0 0 0 1 1 1
0 P_3 313 313 0 0 0 1 1 1
0 P_3 314 314 0.0713305 0.07585 0.08057 1 1 1
0 P_3 315 315 0 0 0 1 1 1
0 P_3 316 316 0.0651485 0.0695 0.074059 1 1 1
0 P_3 317 317 0 0 0 1 1 1
0 P_3 318 318 0.0713305 0.07585 0.08057 1 1 1
0 P_3 319 319 0.0713305 0.07585 0.08057 1 1 1
0 P_3 320 320 0 0 0 1 1 1
0 P_3 321 321 0.0713305 0.07585 0.08057 1 1 1
0 P_3 322 322 0.0713305 0.07585 0.08057 1 1 1
0 P_3 323 323 0.283923 0.2903 0.2966305 1 1 1
0 P_3 324 324 0 0 0 1 1 1
0 P_3 325 325 0 0 0 1 1 1
0 P_3 326 326 0.0713305 0.07585 0.08057 1 1 1
0 P_3 327 327 0.0651485 0.0695 0.074059 1 1 1
0 P_3 328 328 0 0 0 1 1 1
0 P_3 329 329 0.0602895 0.0645 0.068924 1 1 1
0 P_3 330 330 0.0713305 0.07585 0.08057 1 1 1
0 P_3 331 331 0.0713305 0.07585 0.08057 1 1 1
0 P_3 332 332 0.0602895 0.0645 0.068924 1 1 1
0 P_3 333 333 0.353902 0.35975 0.3654715 1 1 1
0 P_3 334 334 0.0713305 0.07585 0.08057 1 1 1
0 P_3 335 335 0 0 0 1 1 1
0 P_3 336 336 0.0651485 0.0695 0.074059 1 1 1
0 P_3 337 337 0.0602895 0.0645 0.068924 1 1 1
0 P_3 338 338 0.0651485 0.0695 0.074059 1 1 1
0 P_3 339 339 0.0651485 0.0695 0.074059 1 1 1
0 P_3 340 340 0.0602895 0.0645 0.068924 1 1 1
0 P_3 341 341 0 0 0 1 1 1
0 P_3 342 342 0.1345775 0.1403 0.1461485 1 1 1
0 P_3 343 343 0 0 0 1 1 1
0 P_3 344 344 0 0 0 1 1 1
0 P_3 345 345 0.0651485 0.0695 0.074059 1 1 1
0 P_3 346 346 0.0602895 0.0645 0.068924 1 1 1
0 P_3 347 347 0.0602895 0.0645 0.068924 1 1 1
0 P_3 348 348 0 0 0 1 1 1
0 P_3 349 349 0.0602895 0.0645 0.068924 1 1 1
0 P_3 350 350 0 0 0 1 1 1
0 P_3 351 351 0.0602895 0.0645 0.068924 1 1 1
0 P_3 352 352 0 0 0 1 1 1
0 P_3 353 353 0 0 0 1 1 1
0 P_3 354 354 0.0713305 0.07585 0.08057 1 1 1
0 P_3 355 355 0.0713305 0.07585 0.08057 1 1 1
0 P_3 356 356 0.283923 0.2903 0.2966305 1 1 1
0 P_3 357 357 0 0 0 1 1 1
0 P_3 358 358 0.0602895 0.0645 0.068924 1 1 1
0 P_3 359 359 0.283923 0.2903 0.2966305 1 1 1
0 P_3 360 360 0.0651485 0.0695 0.074059 1 1 1
0 P_3 361 361 0 0 0 1 1 1
0 P_3 362 362 0.0602895 0.0645 0.068924 1 1 1
0 P_3 363 363 0.353902 0.35975 0.3654715 1 1 1
0 P_3 364 364 0.0651485 0.0695 0.074059 1 1 1
0 P_3 365 365 0 0 0 1 1 1
0 P_3 366 366 0 0 0 1 1 1
0 P_3 367 367 0.0602895 0.0645 0.068924 1 1 1
0 P_3 368 368 0.5 0.5 0.5 1 1 1
0 P_3 369 369 0.5 0.5 0.5 1 1 1
0 P_3 370 370 0.0713305 0.07585 0.08057 1 1 1
0 P_3 371 371 0.0651485 0.0695 0.074059 1 1 1
0 P_3 372 372 0.283923 0.2903 0.2966305 1 1 1
0 P_3 373 373 0 0 0 1 1 1
0 P_3 374 374 0.1345775 0.1403 0.1461485 1 1 1
0 P_3 375 375 0.283923 0.2903 0.2966305 1 1 1
0 P_3 376 376 0.0713305 0.07585 0.08057 1 1 1
0 P_3 377 377 0.283923 0.2903 0.2966305 1 1 1
0 P_3 378 378 0.0651485 0.0695 0.074059 1 1 1
0 P_3 379 379 0.283923 0.2903 0.2966305 1 1 1
0 P_3 380 380 0.0651485 0.0695 0.074059 1 1 1
0 P_3 381 381 0.0651485 0.0695 0.074059 1 1 1
0 P_3 382 382 0.0651485 0.0695 0.074059 1 1 1
0 P_3 383 383 0.0602895 0.0645 0.068924 1 1 1
0 P_3 384 384 0.0651485 0.0695 0.074059 1 1 1
0 P_3 385 385 0.0713305 0.07585 0.08057 1 1 1
0 P_3 386 386 0.1345775 0.1403 0.1461485 1 1 1
0 P_3 387 387 0.0651485 0.0695 0.074059 1 1 1
0 P_3 388 388 0 0 0 1 1 1
0 P_3 389 389 0 0 0 1 1 1
0 P_3 390 390 0.0602895 0.0645 0.068924 1 1 1
0 P_3 391 391 0 0 0 1 1 1
0 P_3 392 392 0.283923 0.2903 0.2966305 1 1 1
0 P_3 393 393 0.353902 0.35975 0.3654715 1 1 1
0 P_3 394 394 0.0602895 0.0645 0.068924 1 1 1
0 P_3 395 395 0.0713305 0.07585 0.08057 1 1 1
0 P_3 396 396 0.0602895 0.0645 0.068924 1 1 1
0 P_3 397 397 0.0602895 0.0645 0.068924 1 1 1
0 P_3 398 398 0 0 0 1 1 1
0 P_3 399 399 0.5 0.5 0.5 1 1 1
0 P_3 400 400 0 0 0 1 1 1
0 P_3 401 401 0 0 0 1 1 1
0 P_3 402 402 0.0602895 0.0645 0.068924 1 1 1
0 P_3 403 403 0 0 0 1 1 1
0 P_3 404 404 0 0 0 1 1 1
0 P_3 405 405 0.0651485 0.0695 0.074059 1 1 1
0 P_3 406 406 0.0602895 0.0645 0.068924 1 1 1
0 P_3 407 407 0.0602895 0.0645 0.068924 1 1 1
0 P_3 408 408 0 0 0 1 1 1
0 P_3 409 409 0 0 0 1 1 1
0 P_3 410 410 0.0713305 0.07585 0.08057 1 1 1
0 P_3 411 411 0.0713305 0.07585 0.08057 1 1 1
0 P_3 412 412 0.5 0.5 0.5 1 1 1
0 P_3 413 413 0.0713305 0.07585 0.08057 1 1 1
0 P_3 414 414 0 0 0 1 1 1
0 P_3 415 415 0.0602895 0.0645 0.068924 1 1 1
0 P_3 416 416 0 0 0 1 1 1
0 P_3 417 417 0.0713305 0.07585 0.08057 1 1 1
0 P_3 418 418 0.0651485 0.0695 0.074059 1 1 1
0 P_3 419 419 0.0713305 0.07585 0.08057 1 1 1
0 P_3 420 420 0.283923 0.2903 0.2966305 1 1 1
0 P_3 421 421 0 0 0 1 1 1
0 P_3 422 422 0.283923 0.2903 0.2966305 1 1 1
0 P_3 423 423 0.0651485 0.0695 0.074059 1 1 1
0 P_3 424 424 0 0 0 1 1 1
0 P_3 425 425 0.283923 0.2903 0.2966305 1 1 1
0 P_3 426 426 0.353902 0.35975 0.3654715 1 1 1
0 P_3 427 427 0.0713305 0.07585 0.08057 1 1 1
0 P_3 428 428 0.0651485 0.0695 0.074059 1 1 1
0 P_3 429 429 0.1345775 0.1403 0.1461485 1 1 1
0 P_3 430 430 0 0 0 1 1 1
0 P_3 431 431 0 0 0 1 1 1
0 P_3 432 432 0 0 0 1 1 1
0 P_3 433 433 0.353902 0.35975 0.3654715 1 1 1
0 P_3 434 434 0.0713305 0.07585 0.08057 1 1 1
0 P_3 435 435 0.0651485 0.0695 0.074059 1 1 1
0 P_3 436 436 0.0651485 0.0695 0.074059 1 1 1
0 P_3 437 437 0.283923 0.2903 0.2966305 1 1 1
0 P_3 438 438 0.0602895 0.0645 0.068924 1 1 1
0 P_3 439 439 0 0 0 1 1 1
0 P_3 440 440 0 0 0 1 1 1
0 P_3 441 441 0 0 0 1 1 1
0 P_3 442 442 0.0713305 0.07585 0.08057 1 1 1
0 P_3 443 443 0.0651485 0.0695 0.074059 1 1 1
0 P_3 444 444 0.0602895 0.0645 0.068924 1 1 1
0 P_3 445 445 0.0651485 0.0695 0.074059 1 1 1
0 P_3 446 446 0.0713305 0.07585 0.08057 1 1 1
0 P_3 447 447 0.0713305 0.07585 0.08057 1 1 1
0 P_3 448 448 0.0651485 0.0695 0.074059 1 1 1
0 P_3 449 449 0.0651485 0.0695 0.074059 1 1 1
0 P_3 450 450 0.0713305 0.07585 0.08057 1 1 1
0 P_3 451 451 0.283923 0.2903 0.2966305 1 1 1
0 P_3 452 452 0.0651485 0.0695 0.074059 1 1 1
0 P_3 453 453 0.0651485 0.0695 0.074059 1 1 1
0 P_3 454 454 0.0602895 0.0645 0.068924 1 1 1
0 P_3 455 455 0.0651485 0.0695 0.074059 1 1 1
0 P_3 456 456 0.0713305 0.07585 0.08057 1 1 1
0 P_3 457 457 0 0 0 1 1 1
0 P_3 458 458 0.283923 0.2903 0.2966305 1 1 1
0 P_3 459 459 0 0 0 1 1 1
0 P_3 460 460 0.0651485 0.0695 0.074059 1 1 1
0 P_3 461 461 0 0 0 1 1 1
0 P_3 462 462 0.283923 0.2903 0.2966305 1 1 1
0 P_3 463 463 0 0 0 1 1 1
0 P_3 464 464 0.0651485 0.0695 0.074059 1 1 1
0 P_3 465 465 0.0651485 0.0695 0.074059 1 1 1
0 P_3 466 466 0.1345775 0.1403 0.1461485 1 1 1
0 P_3 467 467 0.0602895 0.0645 0.068924 1 1 1
0 P_3 468 468 0.0602895 0.0645 0.068924 1 1 1
0 P_3 469 469 0 0 0 1 1 1
0 P_3 470 470 0.0602895 0.0645 0.068924 1 1 1
0 P_3 471 471 0 0 0 1 1 1
0 P_3 472 472 0.283923 0.2903 0.2966305 1 1 1
0 P_3 473 473 0 0 0 1 1 1
0 P_3 474 474 0 0 0 1 1 1
0 P_3 475 475 0.0602895 0.0645 0.068924 1 1 1
0 P_3 476 476 0.0713305 0.07585 0.08057 1 1 1
0 P_3 477 477 0.283923 0.2903 0.2966305 1 1 1
0 P_3 478 478 0.0602895 0.0645 0.068924 1 1 1
0 P_3 479 479 0.0713305 0.07585 0.08057 1 1 1
0 P_3 480 480 0 0 0 1 1 1
0 P_3 481 481 0.283923 0.2903 0.2966305 1 1 1
0 P_3 482 482 0 0 0 1 1 1
0 P_3 483 483 0.0713305 0.07585 0.08057 1 1 1
0 P_3 484 484 0.0602895 0.0645 0.068924 1 1 1
0 P_3 485 485 0.0713305 0.07585 0.08057 1 1 1
0 P_3 486 486 0.0651485 0.0695 0.074059 1 1 1
0 P_3 487 487 0.5 0.5 0.5 1 1 1
0 P_3 488 488 0 0 0 1 1 1
0 P_3 489 489 0.5 0.5 0.5 1 1 1
0 P_3 490 490 0.0713305 0.07585 0.08057 1 1 1
0 P_3 491 491 0 0 0 1 1 1
0 P_3 492 492 0.5 0.5 0.5 1 1 1
0 P_3 493 493 0.283923 0.2903 0.2966305 1 1 1
0 P_3 494 494 0.353902 0.35975 0.3654715 1 1 1
0 P_3 495 495 0 0 0 1 1 1
0 P_3 496 496 0.5 0.5 0.5 1 1 1
0 P_3 497 497 0 0 0 1 1 1
0 P_3 498 498 0.0713305 0.07585 0.08057 1 1 1
0 P_3 499 499 0.0602895 0.0645 0.068924 1 1 1
0 P_3 500 500 0.353902 0.35975 0.3654715 1 1 1
0 P_3 501 501 0.0651485 0.0695 0.074059 1 1 1
0 P_3 502 502 0 0 0 1 1 1
0 P_3 503 503 0.0713305 0.07585 0.08057 1 1 1
0 P_3 504 504 0.0602895 0.0645 0.068924 1 1 1
0 P_3 505 505 0 0 0 1 1 1
0 P_3 506 506 0.0651485 0.0695 0.074059 1 1 1
0 P_3 507 507 0.283923 0.2903 0.2966305 1 1 1
0 P_3 508 508 0 0 0 1 1 1
0 P_3 509 509 0 0 0 1 1 1
0 P_3 510 510 0 0 0 1 1 1
0 P_3 511 511 0.283923 0.2903 0.2966305 1 1 1
0 P_3 512 512 0.283923 0.2903 0.2966305 1 1 1
0 P_3 513 513 0 0 0 1 1 1
0 P_3 514 514 0.283923 0.2903 0.2966305 1 1 1
0 P_3 515 515 0.0713305 0.07585 0.08057 1 1 1
0 P_3 516 516 0 0 0 1 1 1
0 P_3 517 517 0.0651485 0.0695 0.074059 1 1 1
0 P_3 518 518 0.0651485 0.0695 0.074059 1 1 1
0 P_3 519 519 0 0 0 1 1 1
0 P_3 520 520 0.283923 0.2903 0.2966305 1 1 1
0 P_3 521 521 0.0602895 0.0645 0.068924 1 1 1
0 P_3 522 522 0.0713305 0.07585 0.08057 1 1 1
0 P_3 523 523 0 0 0 1 1 1
0 P_3 524 524 0.0602895 0.0645 0.068924 1 1 1
0 P_3 525 525 0.0651485 0.0695 0.074059 1 1 1
0 P_3 526 526 0.0713305 0.07585 0.08057 1 1 1
0 P_3 527 527 0 0 0 1 1 1
0 P_3 528 528 0.283923 0.2903 0.2966305 1 1 1
0 P_3 529 529 0.0713305 0.07585 0.08057 1 1 1
0 P_3 530 530 0.0602895 0.0645 0.068924 1 1 1
0 P_3 531 531 0.283923 0.2903 0.2966305 1 1 1
0 P_3 532 532 0 0 0 1 1 1
0 P_3 533 533 0.0602895 0.0645 0.068924 1 1 1
0 P_3 534 534 0.0651485 0.0695 0.074059 1 1 1
0 P_3 535 535 0 0 0 1 1 1
0 P_3 536 536 0.0651485 0.0695 0.074059 1 1 1
0 P_3 537 537 0.0602895 0.0645 0.068924 1 1 1
0 P_3 538 538 0.0651485 0.0695 0.074059 1 1 1
0 P_3 539 539 0.0602895 0.0645 0.068924 1 1 1
0 P_3 540 540 0.0713305 0.07585 0.08057 1 1 1
0 P_3 541 541 0 0 0 1 1 1
0 P_3 542 542 0.5 0.5 0.5 1 1 1
0 P_3 543 543 0.0713305 0.07585 0.08057 1 1 1
0 P_3 544 544 0 0 0 1 1 1
0 P_3 545 545 0.283923 0.2903 0.2966305 1 1 1
0 P_3 546 546 0.283923 0.2903 0.2966305 1 1 1
0 P_3 547 547 0.0651485 0.0695 0.074059 1 1 1
0 P_3 548 548 0 0 0 1 1 1
0 P_3 549 549 0 0 0 1 1 1
0 P_3 550 550 0.0651485 0.0695 0.074059 1 1 1
0 P_3 551 551 0.0713305 0.07585 0.08057 1 1 1
0 P_3 552 552 0 0 0 1 1 1
0 P_3 553 553 0.353902 0.35975 0.3654715 1 1 1
0 P_3 554 554 0.0602895 0.0645 0.068924 1 1 1
0 P_3 555 555 0.0651485 0.0695 0.074059 1 1 1
0 P_3 556 556 0.0713305 0.07585 0.08057 1 1 1
0 P_3 557 557 0.0651485 0.0695 0.074059 1 1 1
0 P_3 558 558 0.0602895 0.0645 0.068924 1 1 1
0 P_3 559 559 0.0713305 0.07585 0.08057 1 1 1
0 P_3 560 560 0 0 0 1 1 1
0 P_3 561 561 0.0602895 0.0645 0.068924 1 1 1
0 P_3 562 562 0.0651485 0.0695 0.074059 1 1 1
0 P_3 563 563 0.0713305 0.07585 0.08057 1 1 1
0 P_3 564 564 0.5 0.5 0.5 1 1 1
0 P_3 565 565 0.0602895 0.0645 0.068924 1 1 1
0 P_3 566 566 0.0713305 0.07585 0.08057 1 1 1
0 P_3 567 567 0.0602895 0.0645 0.068924 1 1 1
0 P_3 568 568 0 0 0 1 1 1
0 P_3 569 569 0 0 0 1 1 1
0 P_3 570 570 0 0 0 1 1 1
0 P_3 571 571 0 0 0 1 1 1
0 P_3 572 572 0.0713305 0.07585 0.08057 1 1 1
0 P_3 573 573 0 0 0 1 1 1
0 P_3 574 574 0 0 0 1 1 1
0 P_3 575 575 0 0 0 1 1 1
0 P_3 576 576 0.0602895 0.0645 0.068924 1 1 1
0 P_3 577 577 0.0713305 0.07585 0.08057 1 1 1
0 P_3 578 578 0 0 0 1 1 1
0 P_3 579 579 0 0 0 1 1 1
0 P_3 580 580 0.283923 0.2903 0.2966305 1 1 1
1 P_7 0 0 0 0 0 1 1 1
1 P_7 1 1 0.118561 0.12405 0.129684 1 1 1
1 P_7 2 2 0.068798 0.07325 0.0779055 1 1 1
1 P_7 3 3 0 0 0 1 1 1
1 P_7 4 4 0 0 0 1 1 1
1 P_7 5 5 0 0 0 1 1 1
1 P_7 6 6 0.118561 0.12405 0.129684 1 1 1
1 P_7 7 7 0.0931225 0.09815 0.1033525 1 1 1
1 P_7 8 8 0.322544 0.3287 0.3347655 1 1 1
1 P_7 9 9 0 0 0 1 1 1
1 P_7 10 10 0 0 0 1 1 1
1 P_7 11 11 0 0 0 1 1 1
1 P_7 12 12 0.118561 0.12405 0.129684 1 1 1
1 P_7 13 13 0 0 0 1 1 1
1 P_7 14 14 0 0 0 1 1 1
1 P_7 15 15 0.118561 0.12405 0.129684 1 1 1
1 P_7 16 16 0 0 0 1 1 1
1 P_7 17 17 0 0 0 1 1 1
1 P_7 18 18 0 0 0 1 1 1
1 P_7 19 19 0.118561 0.12405 0.129684 1 1 1
1 P_7 20 20 0 0 0 1 1 1
1 P_7 21 21 0 0 0 1 1 1
1 P_7 22 22 0 0 0 1 1 1
1 P_7 23 23 0 0 0 1 1 1
1 P_7 24 24 0.068798 0.07325 0.0779055 1 1 1
1 P_7 25 25 0 0 0 1 1 1
1 P_7 26 26 0.118561 0.12405 0.129684 1 1 1
1 P_7 27 27 0 0 0 1 1 1
1 P_7 28 28 0.0931225 0.09815 0.1033525 1 1 1
1 P_7 29 29 0.198345 0.20465 0.2110075 1 1 1
1 P_7 30 30 0 0 0 1 1 1
1 P_7 31 31 0.198345 0.20465 0.2110075 1 1 1
1 P_7 32 32 0 0 0 1 1 1
1 P_7 33 33 0 0 0 1 1 1
1 P_7 34 34 0.322544 0.3287 0.3347655 1 1 1
1 P_7 35 35 0.118561 0.12405 0.129684 1 1 1
1 P_7 36 36 0 0 0 1 1 1
1 P_7 37 37 0 0 0 1 1 1
1 P_7 38 38 0 0 0 1 1 1
1 P_7 39 39 0 0 0 1 1 1
1 P_7 40 40 0 0 0 1 1 1
1 P_7 41 41 0.118561 0.12405 0.129684 1 1 1
1 P_7 42 42 0.118561 0.12405 0.129684 1 1 1
1 P_7 43 43 0 0 0 1 1 1
1 P_7 44 44 0 0 0 1 1 1
1 P_7 45 45 0.068798 0.07325 0.0779055 1 1 1
1 P_7 46 46 0.165284 0.17135 0.1775065 1 1 1
1 P_7 47 47 0.118561 0.12405 0.129684 1 1 1
1 P_7 48 48 0 0 0 1 1 1
1 P_7 49 49 0 0 0 1 1 1
1 P_7 50 50 0.165284 0.17135 0.1775065 1 1 1
1 P_7 51 51 0 0 0 1 1 1
1 P_7 52 52 0 0 0 1 1 1
1 P_7 53 53 0.0931225 0.09815 0.1033525 1 1 1
1 P_7 54 54 0.118561 0.12405 0.129684 1 1 1
1 P_7 55 55 0.068798 0.07325 0.0779055 1 1 1
1 P_7 56 56 0.118561 0.12405 0.129684 1 1 1
1 P_7 57 57 0.118561 0.12405 0.129684 1 1 1
1 P_7 58 58 0.118561 0.12405 0.129684 1 1 1
1 P_7 59 59 0 0 0 1 1 1
1 P_7 60 60 0 0 0 1 1 1
1 P_7 61 61 0 0 0 1 1 1
1 P_7 62 62 0.198345 0.20465 0.2110075 1 1 1
1 P_7 63 63 0 0 0 1 1 1
1 P_7 64 64 0.118561 0.12405 0.129684 1 1 1
1 P_7 65 65 0.5 0.5 0.5 1 1 1
1 P_7 66 66 0 0 0 1 1 1
1 P_7 67 67 0.118561 0.12405 0.129684 1 1 1
1 P_7 68 68 0 0 0 1 1 1
1 P_7 69 69 0.118561 0.12405 0.129684 1 1 1
1 P_7 70 70 0 0 0 1 1 1
1 P_7 71 71 0.0931225 0.09815 0.1033525 1 1 1
1 P_7 72 72 0.198345 0.20465 0.2110075 1 1 1
1 P_7 73 73 0 0 0 1 1 1
1 P_7 74 74 0 0 0 1 1 1
1 P_7 75 75 0 0 0 1 1 1
1 P_7 76 76 0 0 0 1 1 1
1 P_7 77 77 0 0 0 1 1 1
1 P_7 78 78 0.198345 0.20465 0.2110075 1 1 1
1 P_7 79 79 0 0 0 1 1 1
1 P_7 80 80 0.0931225 0.09815 0.1033525 1 1 1
1 P_7 81 81 0.0931225 0.09815 0.1033525 1 1 1
1 P_7 82 82 0.198345 0.20465 0.2110075 1 1 1
1 P_7 83 83 0.0931225 0.09815 0.1033525 1 1 1
1 P_7 84 84 0.0931225 0.09815 0.1033525 1 1 1
1 P_7 85 85 0.118561 0.12405 0.129684 1 1 1
1 P_7 86 86 0 0 0 1 1 1
1 P_7 87 87 0 0 0 1 1 1
1 P_7 88 88 0 0 0 1 1 1
1 P_7 89 89 0.198345 0.20465 0.2110075 1 1 1
1 P_7 90 90 0.198345 0.20465 0.2110075 1 1 1
1 P_7 91 91 0.322544 0.3287 0.3347655 1 1 1
1 P_7 92 92 0 0 0 1 1 1
1 P_7 93 93 0 0 0 1 1 1
1 P_7 94 94 0 0 0 1 1 1
1 P_7 95 95 0 0 0 1 1 1
1 P_7 96 96 0 0 0 1 1 1
1 P_7 97 97 0.5 0.5 0.5 1 1 1
1 P_7 98 98 0.118561 0.12405 0.129684 1 1 1
1 P_7 99 99 0 0 0 1 1 1
1 P_7 100 100 0 0 0 1 1 1
1 P_7 101 101 0.198345 0.20465 0.2110075 1 1 1
1 P_7 102 102 0.198345 0.20465 0.2110075 1 1 1
1 P_7 103 103 0.118561 0.12405 0.129684 1 1 1
1 P_7 104 104 0.198345 0.20465 0.2110075 1 1 1
1 P_7 105 105 0.0931225 0.09815 0.1033525 1 1 1
1 P_7 106 106 0 0 0 1 1 1
1 P_7 107 107 0 0 0 1 1 1
1 P_7 108 108 0 0 0 1 1 1
1 P_7 109 109 0.0931225 0.09815 0.1033525 1 1 1
1 P_7 110 110 0 0 0 1 1 1
1 P_7 111 111 0.118561 0.12405 0.129684 1 1 1
1 P_7 112 112 0.118561 0.12405 0.129684 1 1 1
1 P_7 113 113 0 0 0 1 1 1
1 P_7 114 114 0 0 0 1 1 1
1 P_7 115 115 0.118561 0.12405 0.129684 1 1 1
1 P_7 116 116 0.118561 0.12405 0.129684 1 1 1
1 P_7 117 117 0.118561 0.12405 0.129684 1 1 1
1 P_7 118 118 0.322544 0.3287 0.3347655 1 1 1
1 P_7 119 119 0.068798 0.07325 0.0779055 1 1 1
1 P_7 120 120 0.068798 0.07325 0.0779055 1 1 1
1 P_7 121 121 0.5 0.5 0.5 1 1 1
1 P_7 122 122 0.198345 0.20465 0.2110075 1 1 1
1 P_7 123 123 0 0 0 1 1 1
1 P_7 124 124 0 0 0 1 1 1
1 P_7 125 125 0 0 0 1 1 1
1 P_7 126 126 0.068798 0.07325 0.0779055 1 1 1
1 P_7 127 127 0.068798 0.07325 0.0779055 1 1 1
1 P_7 128 128 0.0931225 0.09815 0.1033525 1 1 1
1 P_7 129 129 0 0 0 1 1 1
1 P_7 130 130 0.198345 0.20465 0.2110075 1 1 1
1 P_7 131 131 0.198345 0.20465 0.2110075 1 1 1
1 P_7 132 132 0.198345 0.20465 0.2110075 1 1 1
1 P_7 133 133 0 0 0 1 1 1
1 P_7 134 134 0.118561 0.12405 0.129684 1 1 1
1 P_7 135 135 0.118561 0.12405 0.129684 1 1 1
1 P_7 136 136 0 0 0 1 1 1
1 P_7 137 137 0.068798 0.07325 0.0779055 1 1 1
1 P_7 138 138 0 0 0 1 1 1
1 P_7 139 139 0.165284 0.17135 0.1775065 1 1 1
1 P_7 140 140 0.198345 0.20465 0.2110075 1 1 1
1 P_7 141 141 0.198345 0.20465 0.2110075 1 1 1
1 P_7 142 142 0 0 0 1 1 1
1 P_7 143 143 0 0 0 1 1 1
1 P_7 144 144 0.068798 0.07325 0.0779055 1 1 1
1 P_7 145 145 0.118561 0.12405 0.129684 1 1 1
1 P_7 146 146 0.068798 0.07325 0.0779055 1 1 1
1 P_7 147 147 0 0 0 1 1 1
1 P_7 148 148 0 0 0 1 1 1
1 P_7 149 149 0 0 0 1 1 1
1 P_7 150 150 0 0 0 1 1 1
1 P_7 151 151 0 0 0 1 1 1
1 P_7 152 152 0.0931225 0.09815 0.1033525 1 1 1
1 P_7 153 153 0 0 0 1 1 1
1 P_7 154 154 0 0 0 1 1 1
1 P_7 155 155 0 0 0 1 1 1
1 P_7 156 156 0.068798 0.07325 0.0779055 1 1 1
1 P_7 157 157 0 0 0 1 1 1
1 P_7 158 158 0 0 0 1 1 1
1 P_7 159 159 0.198345 0.20465 0.2110075 1 1 1
1 P_7 160 160 0 0 0 1 1 1
1 P_7 161 161 0 0 0 1 1 1
1 P_7 162 162 0.198345 0.20465 0.2110075 1 1 1
1 P_7 163 163 0 0 0 1 1 1
1 P_7 164 164 0.0931225 0.09815 0.1033525 1 1 1
1 P_7 165 165 0.118561 0.12405 0.129684 1 1 1
1 P_7 166 166 0.198345 0.20465 0.2110075 1 1 1
1 P_7 167 167 0.118561 0.12405 0.129684 1 1 1
1 P_7 168 168 0.198345 0.20465 0.2110075 1 1 1
1 P_7 169 169 0.198345 0.20465 0.2110075 1 1 1
1 P_7 170 170 0.068798 0.07325 0.0779055 1 1 1
1 P_7 171 171 0 0 0 1 1 1
1 P_7 172 172 0 0 0 1 1 1
1 P_7 173 173 0 0 0 1 1 1
1 P_7 174 174 0 0 0 1 1 1
1 P_7 175 175 0.198345 0.20465 0.2110075 1 1 1
1 P_7 176 176 0.322544 0.3287 0.3347655 1 1 1
1 P_7 177 177 0.198345 0.20465 0.2110075 1 1 1
1 P_7 178 178 0.198345 0.20465 0.2110075 1 1 1
1 P_7 179 179 0 0 0 1 1 1
1 P_7 180 180 0 0 0 1 1 1
1 P_7 181 181 0 0 0 1 1 1
1 P_7 182 182 0 0 0 1 1 1
1 P_7 183 183 0 0 0 1 1 1
1 P_7 184 184 0.068798 0.07325 0.0779055 1 1 1
1 P_7 185 185 0.0931225 0.09815 0.1033525 1 1 1
1 P_7 186 186 0 0 0 1 1 1
1 P_7 187 187 0.118561 0.12405 0.129684 1 1 1
1 P_7 188 188 0 0 0 1 1 1
1 P_7 189 189 0 0 0 1 1 1
1 P_7 190 190 0.322544 0.3287 0.3347655 1 1 1
1 P_7 191 191 0 0 0 1 1 1
1 P_7 192 192 0.0931225 0.09815 0.1033525 1 1 1
1 P_7 193 193 0 0 0 1 1 1
1 P_7 194 194 0.322544 0.3287 0.3347655 1 1 1
1 P_7 195 195 0 0 0 1 1 1
1 P_7 196 196 0 0 0 1 1 1
1 P_7 197 197 0.0931225 0.09815 0.1033525 1 1 1
1 P_7 198 198 0 0 0 1 1 1
1 P_7 199 199 0.198345 0.20465 0.2110075 1 1 1
1 P_7 200 200 0.198345 0.20465 0.2110075 1 1 1
1 P_7 201 201 0.5 0.5 0.5 1 1 1
1 P_7 202 202 0 0 0 1 1 1
1 P_7 203 203 0.118561 0.12405 0.129684 1 1 1
1 P_7 204 204 0.118561 0.12405 0.129684 1 1 1
1 P_7 205 205 0 0 0 1 1 1
1 P_7 206 206 0.0931225 0.09815 0.1033525 1 1 1
1 P_7 207 207 0.118561 0.12405 0.129684 1 1 1
1 P_7 208 208 0 0 0 1 1 1
1 P_7 209 209 0.198345 0.20465 0.2110075 1 1 1
1 P_7 210 210 0.118561 0.12405 0.129684 1 1 1
1 P_7 211 211 0 0 0 1 1 1
1 P_7 212 212 0.198345 0.20465 0.2110075 1 1 1
1 P_7 213 213 0.198345 0.20465 0.2110075 1 1 1
1 P_7 214 214 0.198345 0.20465 0.2110075 1 1 1
1 P_7 215 215 0 0 0 1 1 1
1 P_7 216 216 0 0 0 1 1 1
1 P_7 217 217 0.198345 0.20465 0.2110075 1 1 1
1 P_7 218 218 0 0 0 1 1 1
1 P_7 219 219 0.0931225 0.09815 0.1033525 1 1 1
1 P_7 220 220 0.198345 0.20465 0.2110075 1 1 1
1 P_7 221 221 0 0 0 1 1 1
1 P_7 222 222 0 0 0 1 1 1
1 P_7 223 223 0.5 0.5 0.5 1 1 1
1 P_7 224 224 0 0 0 1 1 1
1 P_7 225 225 0 0 0 1 1 1
1 P_7 226 226 0 0 0 1 1 1
1 P_7 227 227 0 0 0 1 1 1
1 P_7 228 228 0.118561 0.12405 0.129684 1 1 1
1 P_7 229 229 0 0 0 1 1 1
1 P_7 230 230 0.198345 0.20465 0.2110075 1 1 1
1 P_7 231 231 0 0 0 1 1 1
1 P_7 232 232 0 0 0 1 1 1
1 P_7 233 233 0 0 0 1 1 1
1 P_7 234 234 0.5 0.5 0.5 1 1 1
1 P_7 235 235 0 0 0 1 1 1
1 P_7 236 236 0.5 0.5 0.5 1 1 1
1 P_7 237 237 0 0 0 1 1 1
1 P_7 238 238 0.165284 0.17135 0.1775065 1 1 1
1 P_7 239 239 0 0 0 1 1 1
1 P_7 240 240 0 0 0 1 1 1
1 P_7 241 241 0.118561 0.12405 0.129684 1 1 1
1 P_7 242 242 0 0 0 1 1 1
1 P_7 243 243 0.068798 0.07325 0.0779055 1 1 1
1 P_7 244 244 0.198345 0.20465 0.2110075 1 1 1
1 P_7 245 245 0 0 0 1 1 1
1 P_7 246 246 0.118561 0.12405 0.129684 1 1 1
1 P_7 247 247 0.068798 0.07325 0.0779055 1 1 1
1 P_7 248 248 0 0 0 1 1 1
1 P_7 249 249 0.5 0.5 0.5 1 1 1
1 P_7 250 250 0.118561 0.12405 0.129684 1 1 1
1 P_7 251 251 0.118561 0.12405 0.129684 1 1 1
1 P_7 252 252 0.322544 0.3287 0.3347655 1 1 1
1 P_7 253 253 0 0 0 1 1 1
1 P_7 254 254 0 0 0 1 1 1
1 P_7 255 255 0.198345 0.20465 0.2110075 1 1 1
1 P_7 256 256 0 0 0 1 1 1
1 P_7 257 257 0 0 0 1 1 1
1 P_7 258 258 0.118561 0.12405 0.129684 1 1 1
1 P_7 259 259 0.118561 0.12405 0.129684 1 1 1
1 P_7 260 260 0 0 0 1 1 1
1 P_7 261 261 0 0 0 1 1 1
1 P_7 262 262 0.068798 0.07325 0.0779055 1 1 1
1 P_7 263 263 0 0 0 1 1 1
1 P_7 264 264 0 0 0 1 1 1
1 P_7 265 265 0 0 0 1 1 1
1 P_7 266 266 0.0931225 0.09815 0.1033525 1 1 1
1 P_7 267 267 0 0 0 1 1 1
1 P_7 268 268 0 0 0 1 1 1
1 P_7 269 269 0 0 0 1 1 1
1 P_7 270 270 0.0931225 0.09815 0.1033525 1 1 1
1 P_7 271 271 0.198345 0.20465 0.2110075 1 1 1
1 P_7 272 272 0.0931225 0.09815 0.1033525 1 1 1
1 P_7 273 273 0.118561 0.12405 0.129684 1 1 1
1 P_7 274 274 0.198345 0.20465 0.2110075 1 1 1
1 P_7 275 275 0.068798 0.07325 0.0779055 1 1 1
1 P_7 276 276 0 0 0 1 1 1
1 P_7 277 277 0.198345 0.20465 0.2110075 1 1 1
1 P_7 278 278 0 0 0 1 1 1
1 P_7 279 279 0.0931225 0.09815 0.1033525 1 1 1
1 P_7 280 280 0.5 0.5 0.5 1 1 1
1 P_7 281 281 0.322544 0.3287 0.3347655 1 1 1
1 P_7 282 282 0 0 0 1 1 1
1 P_7 283 283 0.322544 0.3287 0.3347655 1 1 1
1 P_7 284 284 0 0 0 1 1 1
1 P_7 285 285 0 0 0 1 1 1
1 P_7 286 286 0.0931225 0.09815 0.1033525 1 1 1
1 P_7 287 287 0.068798 0.07325 0.0779055 1 1 1
1 P_7 288 288 0.0931225 0.09815 0.1033525 1 1 1
1 P_7 289 289 0.5 0.5 0.5 1 1 1
1 P_7 290 290 0.118561 0.12405 0.129684 1 1 1
1 P_7 291 291 0 0 0 1 1 1
1 P_7 292 292 0 0 0 1 1 1
1 P_7 293 293 0 0 0 1 1 1
1 P_7 294 294 0.198345 0.20465 0.2110075 1 1 1
1 P_7 295 295 0 0 0 1 1 1
1 P_7 296 296 0 0 0 1 1 1
1 P_7 297 297 0.165284 0.17135 0.1775065 1 1 1
1 P_7 298 298 0 0 0 1 1 1
1 P_7 299 299 0.198345 0.20465 0.2110075 1 1 1
1 P_7 300 300 0 0 0 1 1 1
1 P_7 301 301 0.322544 0.3287 0.3347655 1 1 1
1 P_7 302 302 0.5 0.5 0.5 1 1 1
1 P_7 303 303 0 0 0 1 1 1
1 P_7 304 304 0 0 0 1 1 1
1 P_7 305 305 0.0931225 0.09815 0.1033525 1 1 1
1 P_7 306 306 0.198345 0.20465 0.2110075 1 1 1
1 P_7 307 307 0.322544 0.3287 0.3347655 1 1 1
1 P_7 308 308 0.198345 0.20465 0.2110075 1 1 1
1 P_7 309 309 0.0931225 0.09815 0.1033525 1 1 1
1 P_7 310 310 0 0 0 1 1 1
1 P_7 311 311 0.118561 0.12405 0.129684 1 1 1
1 P_7 312 312 0.0931225 0.09815 0.1033525 1 1 1
1 P_7 313 313 0.198345 0.20465 0.2110075 1 1 1
1 P_7 314 314 0.068798 0.07325 0.0779055 1 1 1
1 P_7 315 315 0 0 0 1 1 1
1 P_7 316 316 0.118561 0.12405 0.129684 1 1 1
1 P_7 317 317 0 0 0 1 1 1
1 P_7 318 318 0 0 0 1 1 1
1 P_7 319 319 0 0 0 1 1 1
1 P_7 320 320 0.0931225 0.09815 0.1033525 1 1 1
1 P_7 321 321 0 0 0 1 1 1
1 P_7 322 322 0.068798 0.07325 0.0779055 1 1 1
1 P_7 323 323 0 0 0 1 1 1
1 P_7 324 324 0 0 0 1 1 1
1 P_7 325 325 0.198345 0.20465 0.2110075 1 1 1
1 P_7 326 326 0 0 0 1 1 1
1 P_7 327 327 0.118561 0.12405 0.129684 1 1 1
1 P_7 328 328 0 0 0 1 1 1
1 P_7 329 329 0 0 0 1 1 1
1 P_7 330 330 0.068798 0.07325 0.0779055 1 1 1
1 P_7 331 331 0 0 0 1 1 1
1 P_7 332 332 0 0 0 1 1 1
1 P_7 333 333 0.322544 0.3287 0.3347655 1 1 1
1 P_7 334 334 0 0 0 1 1 1
1 P_7 335 335 0.198345 0.20465 0.2110075 1 1 1
1 P_7 336 336 0.118561 0.12405 0.129684 1 1 1
1 P_7 337 337 0 0 0 1 1 1
1 P_7 338 338 0.118561 0.12405 0.129684 1 1 1
1 P_7 339 339 0.118561 0.12405 0.129684 1 1 1
1 P_7 340 340 0 0 0 1 1 1
1 P_7 341 341 0.0931225 0.09815 0.1033525 1 1 1
1 P_7 342 342 0.165284 0.17135 0.1775065 1 1 1
1 P_7 343 343 0 0 0 1 1 1
1 P_7 344 344 0 0 0 1 1 1
1 P_7 345 345 0.118561 0.12405 0.129684 1 1 1
1 P_7 346 346 0 0 0 1 1 1
1 P_7 347 347 0 0 0 1 1 1
1 P_7 348 348 0.068798 0.07325 0.0779055 1 1 1
1 P_7 349 349 0.0931225 0.09815 0.1033525 1 1 1
1 P_7 350 350 0.0931225 0.09815 0.1033525 1 1 1
1 P_7 351 351 0.0931225 0.09815 0.1033525 1 1 1
1 P_7 352 352 0 0 0 1 1 1
1 P_7 353 353 0.198345 0.20465 0.2110075 1 1 1
1 P_7 354 354 0 0 0 1 1 1
1 P_7 355 355 0 0 0 1 1 1
1 P_7 356 356 0 0 0 1 1 1
1 P_7 357 357 0 0 0 1 1 1
1 P_7 358 358 0 0 0 1 1 1
1 P_7 359 359 0 0 0 1 1 1
1 P_7 360 360 0.118561 0.12405 0.129684 1 1 1
1 P_7 361 361 0.198345 0.20465 0.2110075 1 1 1
1 P_7 362 362 0 0 0 1 1 1
1 P_7 363 363 0.322544 0.3287 0.3347655 1 1 1
1 P_7 364 364 0.118561 0.12405 0.129684 1 1 1
1 P_7 365 365 0 0 0 1 1 1
1 P_7 366 366 0.0931225 0.09815 0.1033525 1 1 1
1 P_7 367 367 0 0 0 1 1 1
1 P_7 368 368 0.5 0.5 0.5 1 1 1
1 P_7 369 369 0.5 0.5 0.5 1 1 1
1 P_7 370 370 0.068798 0.07325 0.0779055 1 1 1
1 P_7 371 371 0.118561 0.12405 0.129684 1 1 1
1 P_7 372 372 0 0 0 1 1 1
1 P_7 373 373 0.068798 0.07325 0.0779055 1 1 1
1 P_7 374 374 0.165284 0.17135 0.1775065 1 1 1
1 P_7 375 375 0 0 0 1 1 1
1 P_7 376 376 0 0 0 1 1 1
1 P_7 377 377 0 0 0 1 1 1
1 P_7 378 378 0.118561 0.12405 0.129684 1 1 1
1 P_7 379 379 0 0 0 1 1 1
1 P_7 380 380 0.118561 0.12405 0.129684 1 1 1
1 P_7 381 381 0.118561 0.12405 0.129684 1 1 1
1 P_7 382 382 0.118561 0.12405 0.129684 1 1 1
1 P_7 383 383 0 0 0 1 1 1
1 P_7 384 384 0.118561 0.12405 0.129684 1 1 1
1 P_7 385 385 0 0 0 1 1 1
1 P_7 386 386 0.165284 0.17135 0.1775065 1 1 1
1 P_7 387 387 0.118561 0.12405 0.129684 1 1 1
1 P_7 388 388 0.198345 0.20465 0.2110075 1 1 1
1 P_7 389 389 0 0 0 1 1 1
1 P_7 390 390 0 0 0 1 1 1
1 P_7 391 391 0 0 0 1 1 1
1 P_7 392 392 0 0 0 1 1 1
1 P_7 393 393 0.322544 0.3287 0.3347655 1 1 1
1 P_7 394 394 0 0 0 1 1 1
1 P_7 395 395 0 0 0 1 1 1
1 P_7 396 396 0.0931225 0.09815 0.1033525 1 1 1
1 P_7 397 397 0.0931225 0.09815 0.1033525 1 1 1
1 P_7 398 398 0 0 0 1 1 1
1 P_7 399 399 0.5 0.5 0.5 1 1 1
1 P_7 400 400 0 0 0 1 1 1
1 P_7 401 401 0 0 0 1 1 1
1 P_7 402 402 0 0 0 1 1 1
1 P_7 403 403 0.198345 0.20465 0.2110075 1 1 1
1 P_7 404 404 0 0 0 1 1 1
1 P_7 405 405 0.118561 0.12405 0.129684 1 1 1
1 P_7 406 406 0 0 0 1 1 1
1 P_7 407 407 0 0 0 1 1 1
1 P_7 408 408 0.0931225 0.09815 0.1033525 1 1 1
1 P_7 409 409 0 0 0 1 1 1
1 P_7 410 410 0.068798 0.07325 0.0779055 1 1 1
1 P_7 411 411 0 0 0 1 1 1
1 P_7 412 412 0.5 0.5 0.5 1 1 1
1 P_7 413 413 0 0 0 1 1 1
1 P_7 414 414 0 0 0 1 1 1
1 P_7 415 415 0 0 0 1 1 1
1 P_7 416 416 0.198345 0.20465 0.2110075 1 1 1
1 P_7 417 417 0 0 0 1 1 1
1 P_7 418 418 0.118561 0.12405 0.129684 1 1 1
1 P_7 419 419 0 0 0 1 1 1
1 P_7 420 420 0 0 0 1 1 1
1 P_7 421 421 0 0 0 1 1 1
1 P_7 422 422 0 0 0 1 1 1
1 P_7 423 423 0.118561 0.12405 0.129684 1 1 1
1 P_7 424 424 0.0931225 0.09815 0.1033525 1 1 1
1 P_7 425 425 0 0 0 1 1 1
1 P_7 426 426 0.322544 0.3287 0.3347655 1 1 1
1 P_7 427 427 0.068798 0.07325 0.0779055 1 1 1
1 P_7 428 428 0.118561 0.12405 0.129684 1 1 1
1 P_7 429 429 0.165284 0.17135 0.1775065 1 1 1
1 P_7 430 430 0.0931225 0.09815 0.1033525 1 1 1
1 P_7 431 431 0 0 0 1 1 1
1 P_7 432 432 0 0 0 1 1 1
1 P_7 433 433 0.322544 0.3287 0.3347655 1 1 1
1 P_7 434 434 0.068798 0.07325 0.0779055 1 1 1
1 P_7 435 435 0.118561 0.12405 0.129684 1 1 1
1 P_7 436 436 0.118561 0.12405 0.129684 1 1 1
1 P_7 437 437 0 0 0 1 1 1
1 P_7 438 438 0.0931225 0.09815 0.1033525 1 1 1
1 P_7 439 439 0 0 0 1 1 1
1 P_7 440 440 0.0931225 0.09815 0.1033525 1 1 1
1 P_7 441 441 0 0 0 1 1 1
1 P_7 442 442 0 0 0 1 1 1
1 P_7 443 443 0.118561 0.12405 0.129684 1 1 1
1 P_7 444 444 0.0931225 0.09815 0.1033525 1 1 1
1 P_7 445 445 0.118561 0.12405 0.129684 1 1 1
1 P_7 446 446 0 0 0 1 1 1
1 P_7 447 447 0.068798 0.07325 0.0779055 1 1 1
1 P_7 448 448 0.118561 0.12405 0.129684 1 1 1
1 P_7 449 449 0.118561 0.12405 0.129684 1 1 1
1 P_7 450 450 0.068798 0.07325 0.0779055 1 1 1
1 P_7 451 451 0 0 0 1 1 1
1 P_7 452 452 0.118561 0.12405 0.129684 1 1 1
1 P_7 453 453 0.118561 0.12405 0.129684 1 1 1
1 P_7 454 454 0 0 0 1 1 1
1 P_7 455 455 0.118561 0.12405 0.129684 1 1 1
1 P_7 456 456 0 0 0 1 1 1
1 P_7 457 457 0 0 0 1 1 1
1 P_7 458 458 0 0 0 1 1 1
1 P_7 459 459 0 0 0 1 1 1
1 P_7 460 460 0.118561 0.12405 0.129684 1 1 1
1 P_7 461 461 0.198345 0.20465 0.2110075 1 1 1
1 P_7 462 462 0 0 0 1 1 1
1 P_7 463 463 0.0931225 0.09815 0.1033525 1 1 1
1 P_7 464 464 0.118561 0.12405 0.129684 1 1 1
1 P_7 465 465 0.118561 0.12405 0.129684 1 1 1
1 P_7 466 466 0.165284 0.17135 0.1775065 1 1 1
1 P_7 467 467 0 0 0 1 1 1
1 P_7 468 468 0 0 0 1 1 1
1 P_7 469 469 0.0931225 0.09815 0.1033525 1 1 1
1 P_7 470 470 0 0 0 1 1 1
1 P_7 471 471 0 0 0 1 1 1
1 P_7 472 472 0 0 0 1 1 1
1 P_7 473 473 0.198345 0.20465 0.2110075 1 1 1
1 P_7 474 474 0.0931225 0.09815 0.1033525 1 1 1
1 P_7 475 475 0.0931225 0.09815 0.1033525 1 1 1
1 P_7 476 476 0.068798 0.07325 0.0779055 1 1 1
1 P_7 477 477 0 0 0 1 1 1
1 P_7 478 478 0.0931225 0.09815 0.1033525 1 1 1
1 P_7 479 479 0 0 0 1 1 1
1 P_7 480 480 0 0 0 1 1 1
1 P_7 481 481 0 0 0 1 1 1
1 P_7 482 482 0.0931225 0.09815 0.1033525 1 1 1
1 P_7 483 483 0.068798 0.07325 0.0779055 1 1 1
1 P_7 484 484 0.0931225 0.09815 0.1033525 1 1 1
1 P_7 485 485 0 0 0 1 1 1
1 P_7 486 486 0.118561 0.12405 0.129684 1 1 1
1 P_7 487 487 0.5 0.5 0.5 1 1 1
1 P_7 488 488 0.0931225 0.09815 0.1033525 1 1 1
1 P_7 489 489 0.5 0.5 0.5 1 1 1
1 P_7 490 490 0 0 0 1 1 1
1 P_7 491 491 0.0931225 0.09815 0.1033525 1 1 1
1 P_7 492 492 0.5 0.5 0.5 1 1 1
1 P_7 493 493 0 0 0 1 1 1
1 P_7 494 494 0.322544 0.3287 0.3347655 1 1 1
1 P_7 495 495 0.068798 0.07325 0.0779055 1 1 1
1 P_7 496 496 0.5 0.5 0.5 1 1 1
1 P_7 497 497 0.198345 0.20465 0.2110075 1 1 1
1 P_7 498 498 0 0 0 1 1 1
1 P_7 499 499 0 0 0 1 1 1
1 P_7 500 500 0.322544 0.3287 0.3347655 1 1 1
1 P_7 501 501 0.118561 0.12405 0.129684 1 1 1
1 P_7 502 502 0.0931225 0.09815 0.1033525 1 1 1
1 P_7 503 503 0 0 0 1 1 1
1 P_7 504 504 0 0 0 1 1 1
1 P_7 505 505 0 0 0 1 1 1
1 P_7 506 506 0.118561 0.12405 0.129684 1 1 1
1 P_7 507 507 0 0 0 1 1 1
1 P_7 508 508 0.0931225 0.09815 0.1033525 1 1 1
1 P_7 509 509 0 0 0 1 1 1
1 P_7 510 510 0.0931225 0.09815 0.1033525 1 1 1
1 P_7 511 511 0 0 0 1 1 1
1 P_7 512 512 0 0 0 1 1 1
1 P_7 513 513 0 0 0 1 1 1
1 P_7 514 514 0 0 0 1 1 1
1 P_7 515 515 0 0 0 1 1 1
1 P_7 516 516 0 0 0 1 1 1
1 P_7 517 517 0.118561 0.12405 0.129684 1 1 1
1 P_7 518 518 0.118561 0.12405 0.129684 1 1 1
1 P_7 519 519 0.068798 0.07325 0.0779055 1 1 1
1 P_7 520 520 0 0 0 1 1 1
1 P_7 521 521 0.0931225 0.09815 0.1033525 1 1 1
1 P_7 522 522 0 0 0 1 1 1
1 P_7 523 523 0.068798 0.07325 0.0779055 1 1 1
1 P_7 524 524 0.0931225 0.09815 0.1033525 1 1 1
1 P_7 525 525 0.118561 0.12405 0.129684 1 1 1
1 P_7 526 526 0.068798 0.07325 0.0779055 1 1 1
1 P_7 527 527 0.198345 0.20465 0.2110075 1 1 1
1 P_7 528 528 0 0 0 1 1 1
1 P_7 529 529 0.068798 0.07325 0.0779055 1 1 1
1 P_7 530 530 0 0 0 1 1 1
1 P_7 531 531 0 0 0 1 1 1
1 P_7 532 532 0 0 0 1 1 1
1 P_7 533 533 0 0 0 1 1 1
1 P_7 534 534 0.118561 0.12405 0.129684 1 1 1
1 P_7 535 535 0.198345 0.20465 0.2110075 1 1 1
1 P_7 536 536 0.118561 0.12405 0.129684 1 1 1
1 P_7 537 537 0 0 0 1 1 1
1 P_7 538 538 0.118561 0.12405 0.129684 1 1 1
1 P_7 539 539 0 0 0 1 1 1
1 P_7 540 540 0 0 0 1 1 1
1 P_7 541 541 0 0 0 1 1 1
1 P_7 542 542 0.5 0.5 0.5 1 1 1
1 P_7 543 543 0 0 0 1 1 1
1 P_7 544 544 0.198345 0.20465 0.2110075 1 1 1
1 P_7 545 545 0 0 0 1 1 1
1 P_7 546 546 0 0 0 1 1 1
1 P_7 547 547 0.118561 0.12405 0.129684 1 1 1
1 P_7 548 548 0.0931225 0.09815 0.1033525 1 1 1
1 P_7 549 549 0.0931225 0.09815 0.1033525 1 1 1
1 P_7 550 550 0.118561 0.12405 0.129684 1 1 1
1 P_7 551 551 0 0 0 1 1 1
1 P_7 552 552 0.198345 0.20465 0.2110075 1 1 1
1 P_7 553 553 0.322544 0.3287 0.3347655 1 1 1
1 P_7 554 554 0.0931225 0.09815 0.1033525 1 1 1
1 P_7 555 555 0.118561 0.12405 0.129684 1 1 1
1 P_7 556 556 0.068798 0.07325 0.0779055 1 1 1
1 P_7 557 557 0.118561 0.12405 0.129684 1 1 1
1 P_7 558 558 0 0 0 1 1 1
1 P_7 559 559 0 0 0 1 1 1
1 P_7 560 560 0.198345 0.20465 0.2110075 1 1 1
1 P_7 561 561 0 0 0 1 1 1
1 P_7 562 562 0.118561 0.12405 0.129684 1 1 1
1 P_7 563 563 0.068798 0.07325 0.0779055 1 1 1
1 P_7 564 564 0.5 0.5 0.5 1 1 1
1 P_7 565 565 0 0 0 1 1 1
1 P_7 566 566 0.068798 0.07325 0.0779055 1 1 1
1 P_7 567 567 0 0 0 1 1 1
1 P_7 568 568 0.0931225 0.09815 0.1033525 1 1 1
1 P_7 569 569 0 0 0 1 1 1
1 P_7 570 570 0 0 0 1 1 1
1 P_7 571 571 0.0931225 0.09815 0.1033525 1 1 1
1 P_7 572 572 0 0 0 1 1 1
1 P_7 573 573 0 0 0 1 1 1
1 P_7 574 574 0 0 0 1 1 1
1 P_7 575 575 0 0 0 1 1 1
1 P_7 576 576 0 0 0 1 1 1
1 P_7 577 577 0 0 0 1 1 1
1 P_7 578 578 0.198345 0.20465 0.2110075 1 1 1
1 P_7 579 579 0 0 0 1 1 1
1 P_7 580 580 0 0 0 1 1 1
