5 #m
301 #n
0 P_5 0 0 0.5 0.5 0.5 1 1 1
0 P_5 1 1 0 0 0 1 1 1
0 P_5 2 2 0 0 0 1 1 1
0 P_5 3 3 0.1112315 0.1166 0.122122 1 1 1
0 P_5 4 4 0.1112315 0.1166 0.122122 1 1 1
0 P_5 5 5 0.5 0.5 0.5 1 1 1
0 P_5 6 6 0 0 0 1 1 1
0 P_5 7 7 0 0 0 1 1 1
0 P_5 8 8 0.1112315 0.1166 0.122122 1 1 1
0 P_5 9 9 0.1112315 0.1166 0.122122 1 1 1
0 P_5 10 10 0 0 0 1 1 1
0 P_5 11 11 0 0 0 1 1 1
0 P_5 12 12 0 0 0 1 1 1
0 P_5 13 13 0 0 0 1 1 1
0 P_5 14 14 0 0 0 1 1 1
0 P_5 15 15 0.1112315 0.1166 0.122122 1 1 1
0 P_5 16 16 0 0 0 1 1 1
0 P_5 17 17 0.5 0.5 0.5 1 1 1
0 P_5 18 18 0 0 0 1 1 1
0 P_5 19 19 0 0 0 1 1 1
0 P_5 20 20 0 0 0 1 1 1
0 P_5 21 21 0 0 0 1 1 1
0 P_5 22 22 0 0 0 1 1 1
0 P_5 23 23 0 0 0 1 1 1
0 P_5 24 24 0.5 0.5 0.5 1 1 1
0 P_5 25 25 0 0 0 1 1 1
0 P_5 26 26 0 0 0 1 1 1
0 P_5 27 27 0.3779285 0.38345 0.3888175 1 1 1
0 P_5 28 28 0 0 0 1 1 1
0 P_5 29 29 0 0 0 1 1 1
0 P_5 30 30 0 0 0 1 1 1
0 P_5 31 31 0 0 0 1 1 1
0 P_5 32 32 0.1112315 0.1166 0.122122 1 1 1
0 P_5 33 33 0 0 0 1 1 1
0 P_5 34 34 0.5 0.5 0.5 1 1 1
0 P_5 35 35 0.1112315 0.1166 0.122122 1 1 1
0 P_5 36 36 0.3779285 0.38345 0.3888175 1 1 1
0 P_5 37 37 0 0 0 1 1 1
0 P_5 38 38 0 0 0 1 1 1
0 P_5 39 39 0.3779285 0.38345 0.3888175 1 1 1
0 P_5 40 40 0 0 0 1 1 1
0 P_5 41 41 0 0 0 1 1 1
0 P_5 42 42 0 0 0 1 1 1
0 P_5 43 43 0 0 0 1 1 1
0 P_5 44 44 0 0 0 1 1 1
0 P_5 45 45 0 0 0 1 1 1
0 P_5 46 46 0 0 0 1 1 1
0 P_5 47 47 0 0 0 1 1 1
0 P_5 48 48 0 0 0 1 1 1
0 P_5 49 49 0 0 0 1 1 1
0 P_5 50 50 0.1112315 0.1166 0.122122 1 1 1
0 P_5 51 51 0 0 0 1 1 1
0 P_5 52 52 0 0 0 1 1 1
0 P_5 53 53 0 0 0 1 1 1
0 P_5 54 54 0.1112315 0.1166 0.122122 1 1 1
0 P_5 55 55 0 0 0 1 1 1
0 P_5 56 56 0.5 0.5 0.5 1 1 1
0 P_5 57 57 0 0 0 1 1 1
0 P_5 58 58 0 0 0 1 1 1
0 P_5 59 59 0 0 0 1 1 1
0 P_5 60 60 0 0 0 1 1 1
0 P_5 61 61 0.5 0.5 0.5 1 1 1
0 P_5 62 62 0.1112315 0.1166 0.122122 1 1 1
0 P_5 63 63 0 0 0 1 1 1
0 P_5 64 64 0.5 0.5 0.5 1 1 1
0 P_5 65 65 0.5 0.5 0.5 1 1 1
0 P_5 66 66 0 0 0 1 1 1
0 P_5 67 67 0.3779285 0.38345 0.3888175 1 1 1
0 P_5 68 68 0 0 0 1 1 1
0 P_5 69 69 0.5 0.5 0.5 1 1 1
0 P_5 70 70 0 0 0 1 1 1
0 P_5 71 71 0 0 0 1 1 1
0 P_5 72 72 0 0 0 1 1 1
0 P_5 73 73 0.1112315 0.1166 0.122122 1 1 1
0 P_5 74 74 0.1112315 0.1166 0.122122 1 1 1
0 P_5 75 75 0.3779285 0.38345 0.3888175 1 1 1
0 P_5 76 76 0.1112315 0.1166 0.122122 1 1 1
0 P_5 77 77 0.1112315 0.1166 0.122122 1 1 1
0 P_5 78 78 0 0 0 1 1 1
0 P_5 79 79 0.3779285 0.38345 0.3888175 1 1 1
0 P_5 80 80 0 0 0 1 1 1
0 P_5 81 81 0 0 0 1 1 1
0 P_5 82 82 0 0 0 1 1 1
0 P_5 83 83 0.5 0.5 0.5 1 1 1
0 P_5 84 84 0.5 0.5 0.5 1 1 1
0 P_5 85 85 0 0 0 1 1 1
0 P_5 86 86 0.1112315 0.1166 0.122122 1 1 1
0 P_5 87 87 0 0 0 1 1 1
0 P_5 88 88 0 0 0 1 1 1
0 P_5 89 89 0.1112315 0.1166 0.122122 1 1 1
0 P_5 90 90 0 0 0 1 1 1
0 P_5 91 91 0 0 0 1 1 1
0 P_5 92 92 0 0 0 1 1 1
0 P_5 93 93 0.5 0.5 0.5 1 1 1
0 P_5 94 94 0 0 0 1 1 1
0 P_5 95 95 0.1112315 0.1166 0.122122 1 1 1
0 P_5 96 96 0 0 0 1 1 1
0 P_5 97 97 0 0 0 1 1 1
0 P_5 98 98 0.1112315 0.1166 0.122122 1 1 1
0 P_5 99 99 0 0 0 1 1 1
0 P_5 100 100 0.3779285 0.38345 0.3888175 1 1 1
0 P_5 101 101 0.5 0.5 0.5 1 1 1
0 P_5 102 102 0 0 0 1 1 1
0 P_5 103 103 0 0 0 1 1 1
0 P_5 104 104 0 0 0 1 1 1
0 P_5 105 105 0.1112315 0.1166 0.122122 1 1 1
0 P_5 106 106 0 0 0 1 1 1
0 P_5 107 107 0.1112315 0.1166 0.122122 1 1 1
0 P_5 108 108 0 0 0 1 1 1
0 P_5 109 109 0.5 0.5 0.5 1 1 1
0 P_5 110 110 0 0 0 1 1 1
0 P_5 111 111 0 0 0 1 1 1
0 P_5 112 112 0 0 0 1 1 1
0 P_5 113 113 0.3779285 0.38345 0.3888175 1 1 1
0 P_5 114 114 0.5 0.5 0.5 1 1 1
0 P_5 115 115 0 0 0 1 1 1
0 P_5 116 116 0 0 0 1 1 1
0 P_5 117 117 0 0 0 1 1 1
0 P_5 118 118 0 0 0 1 1 1
0 P_5 119 119 0.1112315 0.1166 0.122122 1 1 1
0 P_5 120 120 0.5 0.5 0.5 1 1 1
0 P_5 121 121 0.5 0.5 0.5 1 1 1
0 P_5 122 122 0.3779285 0.38345 0.3888175 1 1 1
0 P_5 123 123 0 0 0 1 1 1
0 P_5 124 124 0.3779285 0.38345 0.3888175 1 1 1
0 P_5 125 125 0.1112315 0.1166 0.122122 1 1 1
0 P_5 126 126 0.5 0.5 0.5 1 1 1
0 P_5 127 127 0 0 0 1 1 1
0 P_5 128 128 0 0 0 1 1 1
0 P_5 129 129 0 0 0 1 1 1
0 P_5 130 130 0.3779285 0.38345 0.3888175 1 1 1
0 P_5 131 131 0 0 0 1 1 1
0 P_5 132 132 0 0 0 1 1 1
0 P_5 133 133 0 0 0 1 1 1
0 P_5 134 134 0 0 0 1 1 1
0 P_5 135 135 0 0 0 1 1 1
0 P_5 136 136 0 0 0 1 1 1
0 P_5 137 137 0 0 0 1 1 1
0 P_5 138 138 0 0 0 1 1 1
0 P_5 139 139 0 0 0 1 1 1
0 P_5 140 140 0 0 0 1 1 1
0 P_5 141 141 0.3779285 0.38345 0.3888175 1 1 1
0 P_5 142 142 0.1112315 0.1166 0.122122 1 1 1
0 P_5 143 143 0.5 0.5 0.5 1 1 1
0 P_5 144 144 0 0 0 1 1 1
0 P_5 145 145 0 0 0 1 1 1
0 P_5 146 146 0.1112315 0.1166 0.122122 1 1 1
0 P_5 147 147 0 0 0 1 1 1
0 P_5 148 148 0.1112315 0.1166 0.122122 1 1 1
0 P_5 149 149 0 0 0 1 1 1
0 P_5 150 150 0.1112315 0.1166 0.122122 1 1 1
0 P_5 151 151 0 0 0 1 1 1
0 P_5 152 152 0.1112315 0.1166 0.122122 1 1 1
0 P_5 153 153 0.3779285 0.38345 0.3888175 1 1 1
0 P_5 154 154 0.1112315 0.1166 0.122122 1 1 1
0 P_5 155 155 0.1112315 0.1166 0.122122 1 1 1
0 P_5 156 156 0.5 0.5 0.5 1 1 1
0 P_5 157 157 0.1112315 0.1166 0.122122 1 1 1
0 P_5 158 158 0.5 0.5 0.5 1 1 1
0 P_5 159 159 0.3779285 0.38345 0.3888175 1 1 1
0 P_5 160 160 0.1112315 0.1166 0.122122 1 1 1
0 P_5 161 161 0.3779285 0.38345 0.3888175 1 1 1
0 P_5 162 162 0 0 0 1 1 1
0 P_5 163 163 0.5 0.5 0.5 1 1 1
0 P_5 164 164 0.5 0.5 0.5 1 1 1
0 P_5 165 165 0 0 0 1 1 1
0 P_5 166 166 0.3779285 0.38345 0.3888175 1 1 1
0 P_5 167 167 0 0 0 1 1 1
0 P_5 168 168 0 0 0 1 1 1
0 P_5 169 169 0 0 0 1 1 1
0 P_5 170 170 0.5 0.5 0.5 1 1 1
0 P_5 171 171 0 0 0 1 1 1
0 P_5 172 172 0 0 0 1 1 1
0 P_5 173 173 0.5 0.5 0.5 1 1 1
0 P_5 174 174 0.5 0.5 0.5 1 1 1
0 P_5 175 175 0.3779285 0.38345 0.3888175 1 1 1
0 P_5 176 176 0.5 0.5 0.5 1 1 1
0 P_5 177 177 0 0 0 1 1 1
0 P_5 178 178 0 0 0 1 1 1
0 P_5 179 179 0 0 0 1 1 1
0 P_5 180 180 0.1112315 0.1166 0.122122 1 1 1
0 P_5 181 181 0.1112315 0.1166 0.122122 1 1 1
0 P_5 182 182 0 0 0 1 1 1
0 P_5 183 183 0 0 0 1 1 1
0 P_5 184 184 0.1112315 0.1166 0.122122 1 1 1
0 P_5 185 185 0.5 0.5 0.5 1 1 1
0 P_5 186 186 0.5 0.5 0.5 1 1 1
0 P_5 187 187 0 0 0 1 1 1
0 P_5 188 188 0 0 0 1 1 1
0 P_5 189 189 0 0 0 1 1 1
0 P_5 190 190 0 0 0 1 1 1
0 P_5 191 191 0 0 0 1 1 1
0 P_5 192 192 0.5 0.5 0.5 1 1 1
0 P_5 193 193 0 0 0 1 1 1
0 P_5 194 194 0 0 0 1 1 1
0 P_5 195 195 0 0 0 1 1 1
0 P_5 196 196 0 0 0 1 1 1
0 P_5 197 197 0.3779285 0.38345 0.3888175 1 1 1
0 P_5 198 198 0.1112315 0.1166 0.122122 1 1 1
0 P_5 199 199 0 0 0 1 1 1
0 P_5 200 200 0 0 0 1 1 1
0 P_5 201 201 0.5 0.5 0.5 1 1 1
0 P_5 202 202 0 0 0 1 1 1
0 P_5 203 203 0.5 0.5 0.5 1 1 1
0 P_5 204 204 0 0 0 1 1 1
0 P_5 205 205 0.3779285 0.38345 0.3888175 1 1 1
0 P_5 206 206 0 0 0 1 1 1
0 P_5 207 207 0 0 0 1 1 1
0 P_5 208 208 0.1112315 0.1166 0.122122 1 1 1
0 P_5 209 209 0.3779285 0.38345 0.3888175 1 1 1
0 P_5 210 210 0.1112315 0.1166 0.122122 1 1 1
0 P_5 211 211 0 0 0 1 1 1
0 P_5 212 212 0 0 0 1 1 1
0 P_5 213 213 0 0 0 1 1 1
0 P_5 214 214 0 0 0 1 1 1
0 P_5 215 215 0 0 0 1 1 1
0 P_5 216 216 0.1112315 0.1166 0.122122 1 1 1
0 P_5 217 217 0 0 0 1 1 1
0 P_5 218 218 0.1112315 0.1166 0.122122 1 1 1
0 P_5 219 219 0 0 0 1 1 1
0 P_5 220 220 0.5 0.5 0.5 1 1 1
0 P_5 221 221 0.1112315 0.1166 0.122122 1 1 1
0 P_5 222 222 0 0 0 1 1 1
0 P_5 223 223 0 0 0 1 1 1
0 P_5 224 224 0 0 0 1 1 1
0 P_5 225 225 0.1112315 0.1166 0.122122 1 1 1
0 P_5 226 226 0 0 0 1 1 1
0 P_5 227 227 0 0 0 1 1 1
0 P_5 228 228 0 0 0 1 1 1
0 P_5 229 229 0.5 0.5 0.5 1 1 1
0 P_5 230 230 0 0 0 1 1 1
0 P_5 231 231 0.5 0.5 0.5 1 1 1
0 P_5 232 232 0.3779285 0.38345 0.3888175 1 1 1
0 P_5 233 233 0.3779285 0.38345 0.3888175 1 1 1
0 P_5 234 234 0 0 0 1 1 1
0 P_5 235 235 0.3779285 0.38345 0.3888175 1 1 1
0 P_5 236 236 0 0 0 1 1 1
0 P_5 237 237 0 0 0 1 1 1
0 P_5 238 238 0 0 0 1 1 1
0 P_5 239 239 0 0 0 1 1 1
0 P_5 240 240 0 0 0 1 1 1
0 P_5 241 241 0 0 0 1 1 1
0 P_5 242 242 0.5 0.5 0.5 1 1 1
0 P_5 243 243 0 0 0 1 1 1
0 P_5 244 244 0 0 0 1 1 1
0 P_5 245 245 0.1112315 0.1166 0.122122 1 1 1
0 P_5 246 246 0 0 0 1 1 1
0 P_5 247 247 0.5 0.5 0.5 1 1 1
0 P_5 248 248 0.1112315 0.1166 0.122122 1 1 1
0 P_5 249 249 0 0 0 1 1 1
0 P_5 250 250 0 0 0 1 1 1
0 P_5 251 251 0.1112315 0.1166 0.122122 1 1 1
0 P_5 252 252 0.3779285 0.38345 0.3888175 1 1 1
0 P_5 253 253 0 0 0 1 1 1
0 P_5 254 254 0.5 0.5 0.5 1 1 1
0 P_5 255 255 0 0 0 1 1 1
0 P_5 256 256 0.3779285 0.38345 0.3888175 1 1 1
0 P_5 257 257 0 0 0 1 1 1
0 P_5 258 258 0 0 0 1 1 1
0 P_5 259 259 0 0 0 1 1 1
0 P_5 260 260 0 0 0 1 1 1
0 P_5 261 261 0 0 0 1 1 1
0 P_5 262 262 0 0 0 1 1 1
0 P_5 263 263 0.1112315 0.1166 0.122122 1 1 1
0 P_5 264 264 0 0 0 1 1 1
0 P_5 265 265 0 0 0 1 1 1
0 P_5 266 266 0 0 0 1 1 1
0 P_5 267 267 0 0 0 1 1 1
0 P_5 268 268 0.1112315 0.1166 0.122122 1 1 1
0 P_5 269 269 0 0 0 1 1 1
0 P_5 270 270 0 0 0 1 1 1
0 P_5 271 271 0.3779285 0.38345 0.3888175 1 1 1
0 P_5 272 272 0 0 0 1 1 1
0 P_5 273 273 0 0 0 1 1 1
0 P_5 274 274 0 0 0 1 1 1
0 P_5 275 275 0.1112315 0.1166 0.122122 1 1 1
0 P_5 276 276 0 0 0 1 1 1
0 P_5 277 277 0 0 0 1 1 1
0 P_5 278 278 0.1112315 0.1166 0.122122 1 1 1
0 P_5 279 279 0.1112315 0.1166 0.122122 1 1 1
0 P_5 280 280 0.5 0.5 0.5 1 1 1
0 P_5 281 281 0 0 0 1 1 1
0 P_5 282 282 0.3779285 0.38345 0.3888175 1 1 1
0 P_5 283 283 0 0 0 1 1 1
0 P_5 284 284 0.3779285 0.38345 0.3888175 1 1 1
0 P_5 285 285 0 0 0 1 1 1
0 P_5 286 286 0 0 0 1 1 1
0 P_5 287 287 0 0 0 1 1 1
0 P_5 288 288 0.3779285 0.38345 0.3888175 1 1 1
0 P_5 289 289 0.1112315 0.1166 0.122122 1 1 1
0 P_5 290 290 0 0 0 1 1 1
0 P_5 291 291 0 0 0 1 1 1
0 P_5 292 292 0 0 0 1 1 1
0 P_5 293 293 0.5 0.5 0.5 1 1 1
0 P_5 294 294 0 0 0 1 1 1
0 P_5 295 295 0 0 0 1 1 1
0 P_5 296 296 0.3779285 0.38345 0.3888175 1 1 1
0 P_5 297 297 0 0 0 1 1 1
0 P_5 298 298 0 0 0 1 1 1
0 P_5 299 299 0 0 0 1 1 1
0 P_5 300 300 0 0 0 1 1 1
1 P_9 0 0 0.5 0.5 0.5 1 1 1
1 P_9 1 1 0.4118565 0.41675 0.4214515 1 1 1
1 P_9 2 2 0.0785975 0.0833 0.0881945 1 1 1
1 P_9 3 3 0 0 0 1 1 1
1 P_9 4 4 0 0 0 1 1 1
1 P_9 5 5 0.5 0.5 0.5 1 1 1
1 P_9 6 6 0 0 0 1 1 1
1 P_9 7 7 0 0 0 1 1 1
1 P_9 8 8 0 0 0 1 1 1
1 P_9 9 9 0 0 0 1 1 1
1 P_9 10 10 0.4118565 0.41675 0.4214515 1 1 1
1 P_9 11 11 0 0 0 1 1 1
1 P_9 12 12 0.0785975 0.0833 0.0881945 1 1 1
1 P_9 13 13 0 0 0 1 1 1
1 P_9 14 14 0.4118565 0.41675 0.4214515 1 1 1
1 P_9 15 15 0 0 0 1 1 1
1 P_9 16 16 0.4118565 0.41675 0.4214515 1 1 1
1 P_9 17 17 0.5 0.5 0.5 1 1 1
1 P_9 18 18 0 0 0 1 1 1
1 P_9 19 19 0.4118565 0.41675 0.4214515 1 1 1
1 P_9 20 20 0.4118565 0.41675 0.4214515 1 1 1
1 P_9 21 21 0.4118565 0.41675 0.4214515 1 1 1
1 P_9 22 22 0 0 0 1 1 1
1 P_9 23 23 0 0 0 1 1 1
1 P_9 24 24 0.5 0.5 0.5 1 1 1
1 P_9 25 25 0 0 0 1 1 1
1 P_9 26 26 0.4118565 0.41675 0.4214515 1 1 1
1 P_9 27 27 0 0 0 1 1 1
1 P_9 28 28 0 0 0 1 1 1
1 P_9 29 29 0.0785975 0.0833 0.0881945 1 1 1
1 P_9 30 30 0.0785975 0.0833 0.0881945 1 1 1
1 P_9 31 31 0.0785975 0.0833 0.0881945 1 1 1
1 P_9 32 32 0 0 0 1 1 1
1 P_9 33 33 0 0 0 1 1 1
1 P_9 34 34 0.5 0.5 0.5 1 1 1
1 P_9 35 35 0 0 0 1 1 1
1 P_9 36 36 0.4118565 0.41675 0.4214515 1 1 1
1 P_9 37 37 0.4118565 0.41675 0.4214515 1 1 1
1 P_9 38 38 0 0 0 1 1 1
1 P_9 39 39 0 0 0 1 1 1
1 P_9 40 40 0.4118565 0.41675 0.4214515 1 1 1
1 P_9 41 41 0.4118565 0.41675 0.4214515 1 1 1
1 P_9 42 42 0.4118565 0.41675 0.4214515 1 1 1
1 P_9 43 43 0 0 0 1 1 1
1 P_9 44 44 0.4118565 0.41675 0.4214515 1 1 1
1 P_9 45 45 0.4118565 0.41675 0.4214515 1 1 1
1 P_9 46 46 0 0 0 1 1 1
1 P_9 47 47 0 0 0 1 1 1
1 P_9 48 48 0.4118565 0.41675 0.4214515 1 1 1
1 P_9 49 49 0 0 0 1 1 1
1 P_9 50 50 0 0 0 1 1 1
1 P_9 51 51 0 0 0 1 1 1
1 P_9 52 52 0.4118565 0.41675 0.4214515 1 1 1
1 P_9 53 53 0 0 0 1 1 1
1 P_9 54 54 0 0 0 1 1 1
1 P_9 55 55 0.4118565 0.41675 0.4214515 1 1 1
1 P_9 56 56 0.5 0.5 0.5 1 1 1
1 P_9 57 57 0.4118565 0.41675 0.4214515 1 1 1
1 P_9 58 58 0.4118565 0.41675 0.4214515 1 1 1
1 P_9 59 59 0.4118565 0.41675 0.4214515 1 1 1
1 P_9 60 60 0.0785975 0.0833 0.0881945 1 1 1
1 P_9 61 61 0.5 0.5 0.5 1 1 1
1 P_9 62 62 0 0 0 1 1 1
1 P_9 63 63 0.4118565 0.41675 0.4214515 1 1 1
1 P_9 64 64 0.5 0.5 0.5 1 1 1
1 P_9 65 65 0.5 0.5 0.5 1 1 1
1 P_9 66 66 0 0 0 1 1 1
1 P_9 67 67 0.5 0.5 0.5 1 1 1
1 P_9 68 68 0.4118565 0.41675 0.4214515 1 1 1
1 P_9 69 69 0.5 0.5 0.5 1 1 1
1 P_9 70 70 0 0 0 1 1 1
1 P_9 71 71 0 0 0 1 1 1
1 P_9 72 72 0.0785975 0.0833 0.0881945 1 1 1
1 P_9 73 73 0 0 0 1 1 1
1 P_9 74 74 0 0 0 1 1 1
1 P_9 75 75 0 0 0 1 1 1
1 P_9 76 76 0 0 0 1 1 1
1 P_9 77 77 0 0 0 1 1 1
1 P_9 78 78 0.0785975 0.0833 0.0881945 1 1 1
1 P_9 79 79 0.4118565 0.41675 0.4214515 1 1 1
1 P_9 80 80 0 0 0 1 1 1
1 P_9 81 81 0.4118565 0.41675 0.4214515 1 1 1
1 P_9 82 82 0.4118565 0.41675 0.4214515 1 1 1
1 P_9 83 83 0.5 0.5 0.5 1 1 1
1 P_9 84 84 0.5 0.5 0.5 1 1 1
1 P_9 85 85 0 0 0 1 1 1
1 P_9 86 86 0 0 0 1 1 1
1 P_9 87 87 0 0 0 1 1 1
1 P_9 88 88 0.4118565 0.41675 0.4214515 1 1 1
1 P_9 89 89 0 0 0 1 1 1
1 P_9 90 90 0.4118565 0.41675 0.4214515 1 1 1
1 P_9 91 91 0.4118565 0.41675 0.4214515 1 1 1
1 P_9 92 92 0.4118565 0.41675 0.4214515 1 1 1
1 P_9 93 93 0.5 0.5 0.5 1 1 1
1 P_9 94 94 0.4118565 0.41675 0.4214515 1 1 1
1 P_9 95 95 0 0 0 1 1 1
1 P_9 96 96 0.4118565 0.41675 0.4214515 1 1 1
1 P_9 97 97 0 0 0 1 1 1
1 P_9 98 98 0 0 0 1 1 1
1 P_9 99 99 0.4118565 0.41675 0.4214515 1 1 1
1 P_9 100 100 0.4118565 0.41675 0.4214515 1 1 1
1 P_9 101 101 0.5 0.5 0.5 1 1 1
1 P_9 102 102 0.4118565 0.41675 0.4214515 1 1 1
1 P_9 103 103 0.4118565 0.41675 0.4214515 1 1 1
1 P_9 104 104 0.0785975 0.0833 0.0881945 1 1 1
1 P_9 105 105 0 0 0 1 1 1
1 P_9 106 106 0.4118565 0.41675 0.4214515 1 1 1
1 P_9 107 107 0 0 0 1 1 1
1 P_9 108 108 0.4118565 0.41675 0.4214515 1 1 1
1 P_9 109 109 0.5 0.5 0.5 1 1 1
1 P_9 110 110 0 0 0 1 1 1
1 P_9 111 111 0 0 0 1 1 1
1 P_9 112 112 0 0 0 1 1 1
1 P_9 113 113 0.4118565 0.41675 0.4214515 1 1 1
1 P_9 114 114 0.5 0.5 0.5 1 1 1
1 P_9 115 115 0.4118565 0.41675 0.4214515 1 1 1
1 P_9 116 116 0.4118565 0.41675 0.4214515 1 1 1
1 P_9 117 117 0.0785975 0.0833 0.0881945 1 1 1
1 P_9 118 118 0.4118565 0.41675 0.4214515 1 1 1
1 P_9 119 119 0 0 0 1 1 1
1 P_9 120 120 0.5 0.5 0.5 1 1 1
1 P_9 121 121 0.5 0.5 0.5 1 1 1
1 P_9 122 122 0.5 0.5 0.5 1 1 1
1 P_9 123 123 0.4118565 0.41675 0.4214515 1 1 1
1 P_9 124 124 0 0 0 1 1 1
1 P_9 125 125 0 0 0 1 1 1
1 P_9 126 126 0.5 0.5 0.5 1 1 1
1 P_9 127 127 0 0 0 1 1 1
1 P_9 128 128 0 0 0 1 1 1
1 P_9 129 129 0.0785975 0.0833 0.0881945 1 1 1
1 P_9 130 130 0.5 0.5 0.5 1 1 1
1 P_9 131 131 0.0785975 0.0833 0.0881945 1 1 1
1 P_9 132 132 0.4118565 0.41675 0.4214515 1 1 1
1 P_9 133 133 0.4118565 0.41675 0.4214515 1 1 1
1 P_9 134 134 0.4118565 0.41675 0.4214515 1 1 1
1 P_9 135 135 0.4118565 0.41675 0.4214515 1 1 1
1 P_9 136 136 0.4118565 0.41675 0.4214515 1 1 1
1 P_9 137 137 0.4118565 0.41675 0.4214515 1 1 1
1 P_9 138 138 0.4118565 0.41675 0.4214515 1 1 1
1 P_9 139 139 0 0 0 1 1 1
1 P_9 140 140 0.0785975 0.0833 0.0881945 1 1 1
1 P_9 141 141 0.5 0.5 0.5 1 1 1
1 P_9 142 142 0 0 0 1 1 1
1 P_9 143 143 0.5 0.5 0.5 1 1 1
1 P_9 144 144 0.4118565 0.41675 0.4214515 1 1 1
1 P_9 145 145 0.4118565 0.41675 0.4214515 1 1 1
1 P_9 146 146 0 0 0 1 1 1
1 P_9 147 147 0.4118565 0.41675 0.4214515 1 1 1
1 P_9 148 148 0 0 0 1 1 1
1 P_9 149 149 0 0 0 1 1 1
1 P_9 150 150 0 0 0 1 1 1
1 P_9 151 151 0.4118565 0.41675 0.4214515 1 1 1
1 P_9 152 152 0 0 0 1 1 1
1 P_9 153 153 0.4118565 0.41675 0.4214515 1 1 1
1 P_9 154 154 0 0 0 1 1 1
1 P_9 155 155 0 0 0 1 1 1
1 P_9 156 156 0.5 0.5 0.5 1 1 1
1 P_9 157 157 0 0 0 1 1 1
1 P_9 158 158 0.5 0.5 0.5 1 1 1
1 P_9 159 159 0.5 0.5 0.5 1 1 1
1 P_9 160 160 0 0 0 1 1 1
1 P_9 161 161 0.4118565 0.41675 0.4214515 1 1 1
1 P_9 162 162 0 0 0 1 1 1
1 P_9 163 163 0.5 0.5 0.5 1 1 1
1 P_9 164 164 0.5 0.5 0.5 1 1 1
1 P_9 165 165 0.4118565 0.41675 0.4214515 1 1 1
1 P_9 166 166 0.5 0.5 0.5 1 1 1
1 P_9 167 167 0.4118565 0.41675 0.4214515 1 1 1
1 P_9 168 168 0.0785975 0.0833 0.0881945 1 1 1
1 P_9 169 169 0.0785975 0.0833 0.0881945 1 1 1
1 P_9 170 170 0.5 0.5 0.5 1 1 1
1 P_9 171 171 0.0785975 0.0833 0.0881945 1 1 1
1 P_9 172 172 0 0 0 1 1 1
1 P_9 173 173 0.5 0.5 0.5 1 1 1
1 P_9 174 174 0.5 0.5 0.5 1 1 1
1 P_9 175 175 0.5 0.5 0.5 1 1 1
1 P_9 176 176 0.5 0.5 0.5 1 1 1
1 P_9 177 177 0 0 0 1 1 1
1 P_9 178 178 0 0 0 1 1 1
1 P_9 179 179 0 0 0 1 1 1
1 P_9 180 180 0 0 0 1 1 1
1 P_9 181 181 0 0 0 1 1 1
1 P_9 182 182 0 0 0 1 1 1
1 P_9 183 183 0.4118565 0.41675 0.4214515 1 1 1
1 P_9 184 184 0 0 0 1 1 1
1 P_9 185 185 0.5 0.5 0.5 1 1 1
1 P_9 186 186 0.5 0.5 0.5 1 1 1
1 P_9 187 187 0.4118565 0.41675 0.4214515 1 1 1
1 P_9 188 188 0 0 0 1 1 1
1 P_9 189 189 0.4118565 0.41675 0.4214515 1 1 1
1 P_9 190 190 0.4118565 0.41675 0.4214515 1 1 1
1 P_9 191 191 0.4118565 0.41675 0.4214515 1 1 1
1 P_9 192 192 0.5 0.5 0.5 1 1 1
1 P_9 193 193 0 0 0 1 1 1
1 P_9 194 194 0 0 0 1 1 1
1 P_9 195 195 0.4118565 0.41675 0.4214515 1 1 1
1 P_9 196 196 0.0785975 0.0833 0.0881945 1 1 1
1 P_9 197 197 0.4118565 0.41675 0.4214515 1 1 1
1 P_9 198 198 0 0 0 1 1 1
1 P_9 199 199 0.0785975 0.0833 0.0881945 1 1 1
1 P_9 200 200 0.4118565 0.41675 0.4214515 1 1 1
1 P_9 201 201 0.5 0.5 0.5 1 1 1
1 P_9 202 202 0 0 0 1 1 1
1 P_9 203 203 0.5 0.5 0.5 1 1 1
1 P_9 204 204 0.4118565 0.41675 0.4214515 1 1 1
1 P_9 205 205 0 0 0 1 1 1
1 P_9 206 206 0.4118565 0.41675 0.4214515 1 1 1
1 P_9 207 207 0.4118565 0.41675 0.4214515 1 1 1
1 P_9 208 208 0 0 0 1 1 1
1 P_9 209 209 0.5 0.5 0.5 1 1 1
1 P_9 210 210 0 0 0 1 1 1
1 P_9 211 211 0.4118565 0.41675 0.4214515 1 1 1
1 P_9 212 212 0.0785975 0.0833 0.0881945 1 1 1
1 P_9 213 213 0.0785975 0.0833 0.0881945 1 1 1
1 P_9 214 214 0 0 0 1 1 1
1 P_9 215 215 0.4118565 0.41675 0.4214515 1 1 1
1 P_9 216 216 0 0 0 1 1 1
1 P_9 217 217 0 0 0 1 1 1
1 P_9 218 218 0 0 0 1 1 1
1 P_9 219 219 0 0 0 1 1 1
1 P_9 220 220 0.5 0.5 0.5 1 1 1
1 P_9 221 221 0 0 0 1 1 1
1 P_9 222 222 0.4118565 0.41675 0.4214515 1 1 1
1 P_9 223 223 0.4118565 0.41675 0.4214515 1 1 1
1 P_9 224 224 0.0785975 0.0833 0.0881945 1 1 1
1 P_9 225 225 0 0 0 1 1 1
1 P_9 226 226 0 0 0 1 1 1
1 P_9 227 227 0 0 0 1 1 1
1 P_9 228 228 0.4118565 0.41675 0.4214515 1 1 1
1 P_9 229 229 0.5 0.5 0.5 1 1 1
1 P_9 230 230 0.4118565 0.41675 0.4214515 1 1 1
1 P_9 231 231 0.5 0.5 0.5 1 1 1
1 P_9 232 232 0.4118565 0.41675 0.4214515 1 1 1
1 P_9 233 233 0 0 0 1 1 1
1 P_9 234 234 0.0785975 0.0833 0.0881945 1 1 1
1 P_9 235 235 0.5 0.5 0.5 1 1 1
1 P_9 236 236 0 0 0 1 1 1
1 P_9 237 237 0.4118565 0.41675 0.4214515 1 1 1
1 P_9 238 238 0.4118565 0.41675 0.4214515 1 1 1
1 P_9 239 239 0.0785975 0.0833 0.0881945 1 1 1
1 P_9 240 240 0.4118565 0.41675 0.4214515 1 1 1
1 P_9 241 241 0.4118565 0.41675 0.4214515 1 1 1
1 P_9 242 242 0.5 0.5 0.5 1 1 1
1 P_9 243 243 0.4118565 0.41675 0.4214515 1 1 1
1 P_9 244 244 0 0 0 1 1 1
1 P_9 245 245 0 0 0 1 1 1
1 P_9 246 246 0 0 0 1 1 1
1 P_9 247 247 0.5 0.5 0.5 1 1 1
1 P_9 248 248 0 0 0 1 1 1
1 P_9 249 249 0 0 0 1 1 1
1 P_9 250 250 0.4118565 0.41675 0.4214515 1 1 1
1 P_9 251 251 0 0 0 1 1 1
1 P_9 252 252 0 0 0 1 1 1
1 P_9 253 253 0.0785975 0.0833 0.0881945 1 1 1
1 P_9 254 254 0.5 0.5 0.5 1 1 1
1 P_9 255 255 0.0785975 0.0833 0.0881945 1 1 1
1 P_9 256 256 0 0 0 1 1 1
1 P_9 257 257 0.4118565 0.41675 0.4214515 1 1 1
1 P_9 258 258 0.4118565 0.41675 0.4214515 1 1 1
1 P_9 259 259 0.4118565 0.41675 0.4214515 1 1 1
1 P_9 260 260 0.4118565 0.41675 0.4214515 1 1 1
1 P_9 261 261 0 0 0 1 1 1
1 P_9 262 262 0 0 0 1 1 1
1 P_9 263 263 0 0 0 1 1 1
1 P_9 264 264 0.4118565 0.41675 0.4214515 1 1 1
1 P_9 265 265 0.4118565 0.41675 0.4214515 1 1 1
1 P_9 266 266 0 0 0 1 1 1
1 P_9 267 267 0.4118565 0.41675 0.4214515 1 1 1
1 P_9 268 268 0 0 0 1 1 1
1 P_9 269 269 0 0 0 1 1 1
1 P_9 270 270 0.4118565 0.41675 0.4214515 1 1 1
1 P_9 271 271 0.5 0.5 0.5 1 1 1
1 P_9 272 272 0.0785975 0.0833 0.0881945 1 1 1
1 P_9 273 273 0.4118565 0.41675 0.4214515 1 1 1
1 P_9 274 274 0 0 0 1 1 1
1 P_9 275 275 0 0 0 1 1 1
1 P_9 276 276 0.4118565 0.41675 0.4214515 1 1 1
1 P_9 277 277 0 0 0 1 1 1
1 P_9 278 278 0 0 0 1 1 1
1 P_9 279 279 0 0 0 1 1 1
1 P_9 280 280 0.5 0.5 0.5 1 1 1
1 P_9 281 281 0.0785975 0.0833 0.0881945 1 1 1
1 P_9 282 282 0 0 0 1 1 1
1 P_9 283 283 0.0785975 0.0833 0.0881945 1 1 1
1 P_9 284 284 0.4118565 0.41675 0.4214515 1 1 1
1 P_9 285 285 0 0 0 1 1 1
1 P_9 286 286 0 0 0 1 1 1
1 P_9 287 287 0 0 0 1 1 1
1 P_9 288 288 0.4118565 0.41675 0.4214515 1 1 1
1 P_9 289 289 0 0 0 1 1 1
1 P_9 290 290 0.4118565 0.41675 0.4214515 1 1 1
1 P_9 291 291 0.4118565 0.41675 0.4214515 1 1 1
1 P_9 292 292 0 0 0 1 1 1
1 P_9 293 293 0.5 0.5 0.5 1 1 1
1 P_9 294 294 0.0785975 0.0833 0.0881945 1 1 1
1 P_9 295 295 0.4118565 0.41675 0.4214515 1 1 1
1 P_9 296 296 0 0 0 1 1 1
1 P_9 297 297 0.4118565 0.41675 0.4214515 1 1 1
1 P_9 298 298 0.4118565 0.41675 0.4214515 1 1 1
1 P_9 299 299 0.0785975 0.0833 0.0881945 1 1 1
1 P_9 300 300 0.4118565 0.41675 0.4214515 1 1 1
2 P_2 0 0 0.5 0.5 0.5 1 1 1
2 P_2 1 1 0.2480605 0.2545 0.2609345 1 1 1
2 P_2 2 2 0.2391155 0.24555 0.2519895 1 1 1
2 P_2 3 3 0 0 0 1 1 1
2 P_2 4 4 0 0 0 1 1 1
2 P_2 5 5 0.5 0.5 0.5 1 1 1
2 P_2 6 6 0 0 0 1 1 1
2 P_2 7 7 0 0 0 1 1 1
2 P_2 8 8 0 0 0 1 1 1
2 P_2 9 9 0 0 0 1 1 1
2 P_2 10 10 0.2480605 0.2545 0.2609345 1 1 1
2 P_2 11 11 0 0 0 1 1 1
2 P_2 12 12 0.2391155 0.24555 0.2519895 1 1 1
2 P_2 13 13 0 0 0 1 1 1
2 P_2 14 14 0.2480605 0.2545 0.2609345 1 1 1
2 P_2 15 15 0 0 0 1 1 1
2 P_2 16 16 0.2480605 0.2545 0.2609345 1 1 1
2 P_2 17 17 0.5 0.5 0.5 1 1 1
2 P_2 18 18 0 0 0 1 1 1
2 P_2 19 19 0.2480605 0.2545 0.2609345 1 1 1
2 P_2 20 20 0.2480605 0.2545 0.2609345 1 1 1
2 P_2 21 21 0.2480605 0.2545 0.2609345 1 1 1
2 P_2 22 22 0 0 0 1 1 1
2 P_2 23 23 0 0 0 1 1 1
2 P_2 24 24 0.5 0.5 0.5 1 1 1
2 P_2 25 25 0 0 0 1 1 1
2 P_2 26 26 0 0 0 1 1 1
2 P_2 27 27 0 0 0 1 1 1
2 P_2 28 28 0 0 0 1 1 1
2 P_2 29 29 0.2391155 0.24555 0.2519895 1 1 1
2 P_2 30 30 0.2391155 0.24555 0.2519895 1 1 1
2 P_2 31 31 0.2391155 0.24555 0.2519895 1 1 1
2 P_2 32 32 0 0 0 1 1 1
2 P_2 33 33 0 0 0 1 1 1
2 P_2 34 34 0.5 0.5 0.5 1 1 1
2 P_2 35 35 0 0 0 1 1 1
2 P_2 36 36 0.2480605 0.2545 0.2609345 1 1 1
2 P_2 37 37 0.2480605 0.2545 0.2609345 1 1 1
2 P_2 38 38 0 0 0 1 1 1
2 P_2 39 39 0 0 0 1 1 1
2 P_2 40 40 0.2480605 0.2545 0.2609345 1 1 1
2 P_2 41 41 0.2480605 0.2545 0.2609345 1 1 1
2 P_2 42 42 0.2480605 0.2545 0.2609345 1 1 1
2 P_2 43 43 0 0 0 1 1 1
2 P_2 44 44 0.2480605 0.2545 0.2609345 1 1 1
2 P_2 45 45 0.2480605 0.2545 0.2609345 1 1 1
2 P_2 46 46 0 0 0 1 1 1
2 P_2 47 47 0 0 0 1 1 1
2 P_2 48 48 0 0 0 1 1 1
2 P_2 49 49 0 0 0 1 1 1
2 P_2 50 50 0 0 0 1 1 1
2 P_2 51 51 0 0 0 1 1 1
2 P_2 52 52 0 0 0 1 1 1
2 P_2 53 53 0 0 0 1 1 1
2 P_2 54 54 0 0 0 1 1 1
2 P_2 55 55 0 0 0 1 1 1
2 P_2 56 56 0.5 0.5 0.5 1 1 1
2 P_2 57 57 0.2480605 0.2545 0.2609345 1 1 1
2 P_2 58 58 0 0 0 1 1 1
2 P_2 59 59 0 0 0 1 1 1
2 P_2 60 60 0.2391155 0.24555 0.2519895 1 1 1
2 P_2 61 61 0.5 0.5 0.5 1 1 1
2 P_2 62 62 0 0 0 1 1 1
2 P_2 63 63 0.2480605 0.2545 0.2609345 1 1 1
2 P_2 64 64 0.5 0.5 0.5 1 1 1
2 P_2 65 65 0.5 0.5 0.5 1 1 1
2 P_2 66 66 0 0 0 1 1 1
2 P_2 67 67 0.5 0.5 0.5 1 1 1
2 P_2 68 68 0.2480605 0.2545 0.2609345 1 1 1
2 P_2 69 69 0.5 0.5 0.5 1 1 1
2 P_2 70 70 0 0 0 1 1 1
2 P_2 71 71 0 0 0 1 1 1
2 P_2 72 72 0.2391155 0.24555 0.2519895 1 1 1
2 P_2 73 73 0 0 0 1 1 1
2 P_2 74 74 0 0 0 1 1 1
2 P_2 75 75 0 0 0 1 1 1
2 P_2 76 76 0 0 0 1 1 1
2 P_2 77 77 0 0 0 1 1 1
2 P_2 78 78 0.2391155 0.24555 0.2519895 1 1 1
2 P_2 79 79 0.2480605 0.2545 0.2609345 1 1 1
2 P_2 80 80 0 0 0 1 1 1
2 P_2 81 81 0.2480605 0.2545 0.2609345 1 1 1
2 P_2 82 82 0.2480605 0.2545 0.2609345 1 1 1
2 P_2 83 83 0.5 0.5 0.5 1 1 1
2 P_2 84 84 0.5 0.5 0.5 1 1 1
2 P_2 85 85 0 0 0 1 1 1
2 P_2 86 86 0 0 0 1 1 1
2 P_2 87 87 0 0 0 1 1 1
2 P_2 88 88 0.2480605 0.2545 0.2609345 1 1 1
2 P_2 89 89 0 0 0 1 1 1
2 P_2 90 90 0 0 0 1 1 1
2 P_2 91 91 0 0 0 1 1 1
2 P_2 92 92 0.2480605 0.2545 0.2609345 1 1 1
2 P_2 93 93 0.5 0.5 0.5 1 1 1
2 P_2 94 94 0.2480605 0.2545 0.2609345 1 1 1
2 P_2 95 95 0 0 0 1 1 1
2 P_2 96 96 0.2480605 0.2545 0.2609345 1 1 1
2 P_2 97 97 0 0 0 1 1 1
2 P_2 98 98 0 0 0 1 1 1
2 P_2 99 99 0 0 0 1 1 1
2 P_2 100 100 0.2480605 0.2545 0.2609345 1 1 1
2 P_2 101 101 0.5 0.5 0.5 1 1 1
2 P_2 102 102 0.2480605 0.2545 0.2609345 1 1 1
2 P_2 103 103 0.2480605 0.2545 0.2609345 1 1 1
2 P_2 104 104 0.2391155 0.24555 0.2519895 1 1 1
2 P_2 105 105 0 0 0 1 1 1
2 P_2 106 106 0.2480605 0.2545 0.2609345 1 1 1
2 P_2 107 107 0 0 0 1 1 1
2 P_2 108 108 0.2480605 0.2545 0.2609345 1 1 1
2 P_2 109 109 0.5 0.5 0.5 1 1 1
2 P_2 110 110 0 0 0 1 1 1
2 P_2 111 111 0 0 0 1 1 1
2 P_2 112 112 0 0 0 1 1 1
2 P_2 113 113 0.2480605 0.2545 0.2609345 1 1 1
2 P_2 114 114 0.5 0.5 0.5 1 1 1
2 P_2 115 115 0 0 0 1 1 1
2 P_2 116 116 0.2480605 0.2545 0.2609345 1 1 1
2 P_2 117 117 0.2391155 0.24555 0.2519895 1 1 1
2 P_2 118 118 0.2480605 0.2545 0.2609345 1 1 1
2 P_2 119 119 0 0 0 1 1 1
2 P_2 120 120 0.5 0.5 0.5 1 1 1
2 P_2 121 121 0.5 0.5 0.5 1 1 1
2 P_2 122 122 0.5 0.5 0.5 1 1 1
2 P_2 123 123 0 0 0 1 1 1
2 P_2 124 124 0 0 0 1 1 1
2 P_2 125 125 0 0 0 1 1 1
2 P_2 126 126 0.5 0.5 0.5 1 1 1
2 P_2 127 127 0 0 0 1 1 1
2 P_2 128 128 0 0 0 1 1 1
2 P_2 129 129 0.2391155 0.24555 0.2519895 1 1 1
2 P_2 130 130 0.5 0.5 0.5 1 1 1
2 P_2 131 131 0.2391155 0.24555 0.2519895 1 1 1
2 P_2 132 132 0.2480605 0.2545 0.2609345 1 1 1
2 P_2 133 133 0.2480605 0.2545 0.2609345 1 1 1
2 P_2 134 134 0.2480605 0.2545 0.2609345 1 1 1
2 P_2 135 135 0.2480605 0.2545 0.2609345 1 1 1
2 P_2 136 136 0 0 0 1 1 1
2 P_2 137 137 0 0 0 1 1 1
2 P_2 138 138 0 0 0 1 1 1
2 P_2 139 139 0 0 0 1 1 1
2 P_2 140 140 0.2391155 0.24555 0.2519895 1 1 1
2 P_2 141 141 0.5 0.5 0.5 1 1 1
2 P_2 142 142 0 0 0 1 1 1
2 P_2 143 143 0.5 0.5 0.5 1 1 1
2 P_2 144 144 0 0 0 1 1 1
2 P_2 145 145 0.2480605 0.2545 0.2609345 1 1 1
2 P_2 146 146 0 0 0 1 1 1
2 P_2 147 147 0.2480605 0.2545 0.2609345 1 1 1
2 P_2 148 148 0 0 0 1 1 1
2 P_2 149 149 0 0 0 1 1 1
2 P_2 150 150 0 0 0 1 1 1
2 P_2 151 151 0 0 0 1 1 1
2 P_2 152 152 0 0 0 1 1 1
2 P_2 153 153 0.2480605 0.2545 0.2609345 1 1 1
2 P_2 154 154 0 0 0 1 1 1
2 P_2 155 155 0 0 0 1 1 1
2 P_2 156 156 0.5 0.5 0.5 1 1 1
2 P_2 157 157 0 0 0 1 1 1
2 P_2 158 158 0.5 0.5 0.5 1 1 1
2 P_2 159 159 0.5 0.5 0.5 1 1 1
2 P_2 160 160 0 0 0 1 1 1
2 P_2 161 161 0.2480605 0.2545 0.2609345 1 1 1
2 P_2 162 162 0 0 0 1 1 1
2 P_2 163 163 0.5 0.5 0.5 1 1 1
2 P_2 164 164 0.5 0.5 0.5 1 1 1
2 P_2 165 165 0.2480605 0.2545 0.2609345 1 1 1
2 P_2 166 166 0.5 0.5 0.5 1 1 1
2 P_2 167 167 0.2480605 0.2545 0.2609345 1 1 1
2 P_2 168 168 0.2391155 0.24555 0.2519895 1 1 1
2 P_2 169 169 0.2391155 0.24555 0.2519895 1 1 1
2 P_2 170 170 0.5 0.5 0.5 1 1 1
2 P_2 171 171 0.2391155 0.24555 0.2519895 1 1 1
2 P_2 172 172 0 0 0 1 1 1
2 P_2 173 173 0.5 0.5 0.5 1 1 1
2 P_2 174 174 0.5 0.5 0.5 1 1 1
2 P_2 175 175 0.5 0.5 0.5 1 1 1
2 P_2 176 176 0.5 0.5 0.5 1 1 1
2 P_2 177 177 0 0 0 1 1 1
2 P_2 178 178 0 0 0 1 1 1
2 P_2 179 179 0 0 0 1 1 1
2 P_2 180 180 0 0 0 1 1 1
2 P_2 181 181 0 0 0 1 1 1
2 P_2 182 182 0 0 0 1 1 1
2 P_2 183 183 0.2480605 0.2545 0.2609345 1 1 1
2 P_2 184 184 0 0 0 1 1 1
2 P_2 185 185 0.5 0.5 0.5 1 1 1
2 P_2 186 186 0.5 0.5 0.5 1 1 1
2 P_2 187 187 0 0 0 1 1 1
2 P_2 188 188 0 0 0 1 1 1
2 P_2 189 189 0 0 0 1 1 1
2 P_2 190 190 0.2480605 0.2545 0.2609345 1 1 1
2 P_2 191 191 0.2480605 0.2545 0.2609345 1 1 1
2 P_2 192 192 0.5 0.5 0.5 1 1 1
2 P_2 193 193 0 0 0 1 1 1
2 P_2 194 194 0 0 0 1 1 1
2 P_2 195 195 0 0 0 1 1 1
2 P_2 196 196 0.2391155 0.24555 0.2519895 1 1 1
2 P_2 197 197 0.2480605 0.2545 0.2609345 1 1 1
2 P_2 198 198 0 0 0 1 1 1
2 P_2 199 199 0.2391155 0.24555 0.2519895 1 1 1
2 P_2 200 200 0 0 0 1 1 1
2 P_2 201 201 0.5 0.5 0.5 1 1 1
2 P_2 202 202 0 0 0 1 1 1
2 P_2 203 203 0.5 0.5 0.5 1 1 1
2 P_2 204 204 0.2480605 0.2545 0.2609345 1 1 1
2 P_2 205 205 0 0 0 1 1 1
2 P_2 206 206 0 0 0 1 1 1
2 P_2 207 207 0.2480605 0.2545 0.2609345 1 1 1
2 P_2 208 208 0 0 0 1 1 1
2 P_2 209 209 0.5 0.5 0.5 1 1 1
2 P_2 210 210 0 0 0 1 1 1
2 P_2 211 211 0.2480605 0.2545 0.2609345 1 1 1
2 P_2 212 212 0.2391155 0.24555 0.2519895 1 1 1
2 P_2 213 213 0.2391155 0.24555 0.2519895 1 1 1
2 P_2 214 214 0 0 0 1 1 1
2 P_2 215 215 0.2480605 0.2545 0.2609345 1 1 1
2 P_2 216 216 0 0 0 1 1 1
2 P_2 217 217 0 0 0 1 1 1
2 P_2 218 218 0 0 0 1 1 1
2 P_2 219 219 0 0 0 1 1 1
2 P_2 220 220 0.5 0.5 0.5 1 1 1
2 P_2 221 221 0 0 0 1 1 1
2 P_2 222 222 0.2480605 0.2545 0.2609345 1 1 1
2 P_2 223 223 0.2480605 0.2545 0.2609345 1 1 1
2 P_2 224 224 0.2391155 0.24555 0.2519895 1 1 1
2 P_2 225 225 0 0 0 1 1 1
2 P_2 226 226 0 0 0 1 1 1
2 P_2 227 227 0 0 0 1 1 1
2 P_2 228 228 0.2480605 0.2545 0.2609345 1 1 1
2 P_2 229 229 0.5 0.5 0.5 1 1 1
2 P_2 230 230 0 0 0 1 1 1
2 P_2 231 231 0.5 0.5 0.5 1 1 1
2 P_2 232 232 0.2480605 0.2545 0.2609345 1 1 1
2 P_2 233 233 0 0 0 1 1 1
2 P_2 234 234 0.2391155 0.24555 0.2519895 1 1 1
2 P_2 235 235 0.5 0.5 0.5 1 1 1
2 P_2 236 236 0 0 0 1 1 1
2 P_2 237 237 0 0 0 1 1 1
2 P_2 238 238 0.2480605 0.2545 0.2609345 1 1 1
2 P_2 239 239 0.2391155 0.24555 0.2519895 1 1 1
2 P_2 240 240 0.2480605 0.2545 0.2609345 1 1 1
2 P_2 241 241 0 0 0 1 1 1
2 P_2 242 242 0.5 0.5 0.5 1 1 1
2 P_2 243 243 0 0 0 1 1 1
2 P_2 244 244 0 0 0 1 1 1
2 P_2 245 245 0 0 0 1 1 1
2 P_2 246 246 0 0 0 1 1 1
2 P_2 247 247 0.5 0.5 0.5 1 1 1
2 P_2 248 248 0 0 0 1 1 1
2 P_2 249 249 0 0 0 1 1 1
2 P_2 250 250 0.2480605 0.2545 0.2609345 1 1 1
2 P_2 251 251 0 0 0 1 1 1
2 P_2 252 252 0 0 0 1 1 1
2 P_2 253 253 0.2391155 0.24555 0.2519895 1 1 1
2 P_2 254 254 0.5 0.5 0.5 1 1 1
2 P_2 255 255 0.2391155 0.24555 0.2519895 1 1 1
2 P_2 256 256 0 0 0 1 1 1
2 P_2 257 257 0.2480605 0.2545 0.2609345 1 1 1
2 P_2 258 258 0 0 0 1 1 1
2 P_2 259 259 0.2480605 0.2545 0.2609345 1 1 1
2 P_2 260 260 0 0 0 1 1 1
2 P_2 261 261 0 0 0 1 1 1
2 P_2 262 262 0 0 0 1 1 1
2 P_2 263 263 0 0 0 1 1 1
2 P_2 264 264 0.2480605 0.2545 0.2609345 1 1 1
2 P_2 265 265 0.2480605 0.2545 0.2609345 1 1 1
2 P_2 266 266 0 0 0 1 1 1
2 P_2 267 267 0.2480605 0.2545 0.2609345 1 1 1
2 P_2 268 268 0 0 0 1 1 1
2 P_2 269 269 0 0 0 1 1 1
2 P_2 270 270 0 0 0 1 1 1
2 P_2 271 271 0.5 0.5 0.5 1 1 1
2 P_2 272 272 0.2391155 0.24555 0.2519895 1 1 1
2 P_2 273 273 0 0 0 1 1 1
2 P_2 274 274 0 0 0 1 1 1
2 P_2 275 275 0 0 0 1 1 1
2 P_2 276 276 0.2480605 0.2545 0.2609345 1 1 1
2 P_2 277 277 0 0 0 1 1 1
2 P_2 278 278 0 0 0 1 1 1
2 P_2 279 279 0 0 0 1 1 1
2 P_2 280 280 0.5 0.5 0.5 1 1 1
2 P_2 281 281 0.2391155 0.24555 0.2519895 1 1 1
2 P_2 282 282 0 0 0 1 1 1
2 P_2 283 283 0.2391155 0.24555 0.2519895 1 1 1
2 P_2 284 284 0.2480605 0.2545 0.2609345 1 1 1
2 P_2 285 285 0 0 0 1 1 1
2 P_2 286 286 0 0 0 1 1 1
2 P_2 287 287 0 0 0 1 1 1
2 P_2 288 288 0.2480605 0.2545 0.2609345 1 1 1
2 P_2 289 289 0 0 0 1 1 1
2 P_2 290 290 0.2480605 0.2545 0.2609345 1 1 1
2 P_2 291 291 0.2480605 0.2545 0.2609345 1 1 1
2 P_2 292 292 0 0 0 1 1 1
2 P_2 293 293 0.5 0.5 0.5 1 1 1
2 P_2 294 294 0.2391155 0.24555 0.2519895 1 1 1
2 P_2 295 295 0 0 0 1 1 1
2 P_2 296 296 0 0 0 1 1 1
2 P_2 297 297 0.2480605 0.2545 0.2609345 1 1 1
2 P_2 298 298 0.2480605 0.2545 0.2609345 1 1 1
2 P_2 299 299 0.2391155 0.24555 0.2519895 1 1 1
2 P_2 300 300 0.2480605 0.2545 0.2609345 1 1 1
3 P_6 0 0 0.5 0.5 0.5 1 1 1
3 P_6 1 1 0 0 0 1 1 1
3 P_6 2 2 0 0 0 1 1 1
3 P_6 3 3 0.3927255 0.398 0.403104 1 1 1
3 P_6 4 4 0.3927255 0.398 0.403104 1 1 1
3 P_6 5 5 0.5 0.5 0.5 1 1 1
3 P_6 6 6 0 0 0 1 1 1
3 P_6 7 7 0 0 0 1 1 1
3 P_6 8 8 0.3927255 0.398 0.403104 1 1 1
3 P_6 9 9 0.3927255 0.398 0.403104 1 1 1
3 P_6 10 10 0 0 0 1 1 1
3 P_6 11 11 0 0 0 1 1 1
3 P_6 12 12 0 0 0 1 1 1
3 P_6 13 13 0 0 0 1 1 1
3 P_6 14 14 0 0 0 1 1 1
3 P_6 15 15 0.3927255 0.398 0.403104 1 1 1
3 P_6 16 16 0 0 0 1 1 1
3 P_6 17 17 0.5 0.5 0.5 1 1 1
3 P_6 18 18 0 0 0 1 1 1
3 P_6 19 19 0 0 0 1 1 1
3 P_6 20 20 0 0 0 1 1 1
3 P_6 21 21 0 0 0 1 1 1
3 P_6 22 22 0 0 0 1 1 1
3 P_6 23 23 0 0 0 1 1 1
3 P_6 24 24 0.5 0.5 0.5 1 1 1
3 P_6 25 25 0 0 0 1 1 1
3 P_6 26 26 0 0 0 1 1 1
3 P_6 27 27 0.096945 0.10205 0.1073255 1 1 1
3 P_6 28 28 0 0 0 1 1 1
3 P_6 29 29 0 0 0 1 1 1
3 P_6 30 30 0 0 0 1 1 1
3 P_6 31 31 0 0 0 1 1 1
3 P_6 32 32 0.3927255 0.398 0.403104 1 1 1
3 P_6 33 33 0 0 0 1 1 1
3 P_6 34 34 0.5 0.5 0.5 1 1 1
3 P_6 35 35 0.3927255 0.398 0.403104 1 1 1
3 P_6 36 36 0.096945 0.10205 0.1073255 1 1 1
3 P_6 37 37 0 0 0 1 1 1
3 P_6 38 38 0 0 0 1 1 1
3 P_6 39 39 0.096945 0.10205 0.1073255 1 1 1
3 P_6 40 40 0 0 0 1 1 1
3 P_6 41 41 0 0 0 1 1 1
3 P_6 42 42 0 0 0 1 1 1
3 P_6 43 43 0 0 0 1 1 1
3 P_6 44 44 0 0 0 1 1 1
3 P_6 45 45 0 0 0 1 1 1
3 P_6 46 46 0 0 0 1 1 1
3 P_6 47 47 0 0 0 1 1 1
3 P_6 48 48 0 0 0 1 1 1
3 P_6 49 49 0 0 0 1 1 1
3 P_6 50 50 0.3927255 0.398 0.403104 1 1 1
3 P_6 51 51 0 0 0 1 1 1
3 P_6 52 52 0 0 0 1 1 1
3 P_6 53 53 0 0 0 1 1 1
3 P_6 54 54 0.3927255 0.398 0.403104 1 1 1
3 P_6 55 55 0 0 0 1 1 1
3 P_6 56 56 0.5 0.5 0.5 1 1 1
3 P_6 57 57 0 0 0 1 1 1
3 P_6 58 58 0 0 0 1 1 1
3 P_6 59 59 0 0 0 1 1 1
3 P_6 60 60 0 0 0 1 1 1
3 P_6 61 61 0.5 0.5 0.5 1 1 1
3 P_6 62 62 0.3927255 0.398 0.403104 1 1 1
3 P_6 63 63 0 0 0 1 1 1
3 P_6 64 64 0.5 0.5 0.5 1 1 1
3 P_6 65 65 0.5 0.5 0.5 1 1 1
3 P_6 66 66 0 0 0 1 1 1
3 P_6 67 67 0.096945 0.10205 0.1073255 1 1 1
3 P_6 68 68 0 0 0 1 1 1
3 P_6 69 69 0.5 0.5 0.5 1 1 1
3 P_6 70 70 0 0 0 1 1 1
3 P_6 71 71 0 0 0 1 1 1
3 P_6 72 72 0 0 0 1 1 1
3 P_6 73 73 0.3927255 0.398 0.403104 1 1 1
3 P_6 74 74 0.3927255 0.398 0.403104 1 1 1
3 P_6 75 75 0.096945 0.10205 0.1073255 1 1 1
3 P_6 76 76 0.3927255 0.398 0.403104 1 1 1
3 P_6 77 77 0.3927255 0.398 0.403104 1 1 1
3 P_6 78 78 0 0 0 1 1 1
3 P_6 79 79 0.096945 0.10205 0.1073255 1 1 1
3 P_6 80 80 0 0 0 1 1 1
3 P_6 81 81 0 0 0 1 1 1
3 P_6 82 82 0 0 0 1 1 1
3 P_6 83 83 0.5 0.5 0.5 1 1 1
3 P_6 84 84 0.5 0.5 0.5 1 1 1
3 P_6 85 85 0 0 0 1 1 1
3 P_6 86 86 0.3927255 0.398 0.403104 1 1 1
3 P_6 87 87 0 0 0 1 1 1
3 P_6 88 88 0 0 0 1 1 1
3 P_6 89 89 0.3927255 0.398 0.403104 1 1 1
3 P_6 90 90 0 0 0 1 1 1
3 P_6 91 91 0 0 0 1 1 1
3 P_6 92 92 0 0 0 1 1 1
3 P_6 93 93 0.5 0.5 0.5 1 1 1
3 P_6 94 94 0 0 0 1 1 1
3 P_6 95 95 0.3927255 0.398 0.403104 1 1 1
3 P_6 96 96 0 0 0 1 1 1
3 P_6 97 97 0 0 0 1 1 1
3 P_6 98 98 0.3927255 0.398 0.403104 1 1 1
3 P_6 99 99 0 0 0 1 1 1
3 P_6 100 100 0.096945 0.10205 0.1073255 1 1 1
3 P_6 101 101 0.5 0.5 0.5 1 1 1
3 P_6 102 102 0 0 0 1 1 1
3 P_6 103 103 0 0 0 1 1 1
3 P_6 104 104 0 0 0 1 1 1
3 P_6 105 105 0.3927255 0.398 0.403104 1 1 1
3 P_6 106 106 0 0 0 1 1 1
3 P_6 107 107 0.3927255 0.398 0.403104 1 1 1
3 P_6 108 108 0 0 0 1 1 1
3 P_6 109 109 0.5 0.5 0.5 1 1 1
3 P_6 110 110 0 0 0 1 1 1
3 P_6 111 111 0 0 0 1 1 1
3 P_6 112 112 0 0 0 1 1 1
3 P_6 113 113 0.096945 0.10205 0.1073255 1 1 1
3 P_6 114 114 0.5 0.5 0.5 1 1 1
3 P_6 115 115 0 0 0 1 1 1
3 P_6 116 116 0 0 0 1 1 1
3 P_6 117 117 0 0 0 1 1 1
3 P_6 118 118 0 0 0 1 1 1
3 P_6 119 119 0.3927255 0.398 0.403104 1 1 1
3 P_6 120 120 0.5 0.5 0.5 1 1 1
3 P_6 121 121 0.5 0.5 0.5 1 1 1
3 P_6 122 122 0.096945 0.10205 0.1073255 1 1 1
3 P_6 123 123 0 0 0 1 1 1
3 P_6 124 124 0.096945 0.10205 0.1073255 1 1 1
3 P_6 125 125 0.3927255 0.398 0.403104 1 1 1
3 P_6 126 126 0.5 0.5 0.5 1 1 1
3 P_6 127 127 0 0 0 1 1 1
3 P_6 128 128 0 0 0 1 1 1
3 P_6 129 129 0 0 0 1 1 1
3 P_6 130 130 0.096945 0.10205 0.1073255 1 1 1
3 P_6 131 131 0 0 0 1 1 1
3 P_6 132 132 0 0 0 1 1 1
3 P_6 133 133 0 0 0 1 1 1
3 P_6 134 134 0 0 0 1 1 1
3 P_6 135 135 0 0 0 1 1 1
3 P_6 136 136 0 0 0 1 1 1
3 P_6 137 137 0 0 0 1 1 1
3 P_6 138 138 0 0 0 1 1 1
3 P_6 139 139 0 0 0 1 1 1
3 P_6 140 140 0 0 0 1 1 1
3 P_6 141 141 0.096945 0.10205 0.1073255 1 1 1
3 P_6 142 142 0.3927255 0.398 0.403104 1 1 1
3 P_6 143 143 0.5 0.5 0.5 1 1 1
3 P_6 144 144 0 0 0 1 1 1
3 P_6 145 145 0 0 0 1 1 1
3 P_6 146 146 0.3927255 0.398 0.403104 1 1 1
3 P_6 147 147 0 0 0 1 1 1
3 P_6 148 148 0.3927255 0.398 0.403104 1 1 1
3 P_6 149 149 0 0 0 1 1 1
3 P_6 150 150 0.3927255 0.398 0.403104 1 1 1
3 P_6 151 151 0 0 0 1 1 1
3 P_6 152 152 0.3927255 0.398 0.403104 1 1 1
3 P_6 153 153 0.096945 0.10205 0.1073255 1 1 1
3 P_6 154 154 0.3927255 0.398 0.403104 1 1 1
3 P_6 155 155 0.3927255 0.398 0.403104 1 1 1
3 P_6 156 156 0.5 0.5 0.5 1 1 1
3 P_6 157 157 0.3927255 0.398 0.403104 1 1 1
3 P_6 158 158 0.5 0.5 0.5 1 1 1
3 P_6 159 159 0.096945 0.10205 0.1073255 1 1 1
3 P_6 160 160 0.3927255 0.398 0.403104 1 1 1
3 P_6 161 161 0.096945 0.10205 0.1073255 1 1 1
3 P_6 162 162 0 0 0 1 1 1
3 P_6 163 163 0.5 0.5 0.5 1 1 1
3 P_6 164 164 0.5 0.5 0.5 1 1 1
3 P_6 165 165 0 0 0 1 1 1
3 P_6 166 166 0.096945 0.10205 0.1073255 1 1 1
3 P_6 167 167 0 0 0 1 1 1
3 P_6 168 168 0 0 0 1 1 1
3 P_6 169 169 0 0 0 1 1 1
3 P_6 170 170 0.5 0.5 0.5 1 1 1
3 P_6 171 171 0 0 0 1 1 1
3 P_6 172 172 0 0 0 1 1 1
3 P_6 173 173 0.5 0.5 0.5 1 1 1
3 P_6 174 174 0.5 0.5 0.5 1 1 1
3 P_6 175 175 0.096945 0.10205 0.1073255 1 1 1
3 P_6 176 176 0.5 0.5 0.5 1 1 1
3 P_6 177 177 0 0 0 1 1 1
3 P_6 178 178 0 0 0 1 1 1
3 P_6 179 179 0 0 0 1 1 1
3 P_6 180 180 0.3927255 0.398 0.403104 1 1 1
3 P_6 181 181 0.3927255 0.398 0.403104 1 1 1
3 P_6 182 182 0 0 0 1 1 1
3 P_6 183 183 0 0 0 1 1 1
3 P_6 184 184 0.3927255 0.398 0.403104 1 1 1
3 P_6 185 185 0.5 0.5 0.5 1 1 1
3 P_6 186 186 0.5 0.5 0.5 1 1 1
3 P_6 187 187 0 0 0 1 1 1
3 P_6 188 188 0 0 0 1 1 1
3 P_6 189 189 0 0 0 1 1 1
3 P_6 190 190 0 0 0 1 1 1
3 P_6 191 191 0 0 0 1 1 1
3 P_6 192 192 0.5 0.5 0.5 1 1 1
3 P_6 193 193 0 0 0 1 1 1
3 P_6 194 194 0 0 0 1 1 1
3 P_6 195 195 0 0 0 1 1 1
3 P_6 196 196 0 0 0 1 1 1
3 P_6 197 197 0.096945 0.10205 0.1073255 1 1 1
3 P_6 198 198 0.3927255 0.398 0.403104 1 1 1
3 P_6 199 199 0 0 0 1 1 1
3 P_6 200 200 0 0 0 1 1 1
3 P_6 201 201 0.5 0.5 0.5 1 1 1
3 P_6 202 202 0 0 0 1 1 1
3 P_6 203 203 0.5 0.5 0.5 1 1 1
3 P_6 204 204 0 0 0 1 1 1
3 P_6 205 205 0.096945 0.10205 0.1073255 1 1 1
3 P_6 206 206 0 0 0 1 1 1
3 P_6 207 207 0 0 0 1 1 1
3 P_6 208 208 0.3927255 0.398 0.403104 1 1 1
3 P_6 209 209 0.096945 0.10205 0.1073255 1 1 1
3 P_6 210 210 0.3927255 0.398 0.403104 1 1 1
3 P_6 211 211 0 0 0 1 1 1
3 P_6 212 212 0 0 0 1 1 1
3 P_6 213 213 0 0 0 1 1 1
3 P_6 214 214 0 0 0 1 1 1
3 P_6 215 215 0 0 0 1 1 1
3 P_6 216 216 0.3927255 0.398 0.403104 1 1 1
3 P_6 217 217 0 0 0 1 1 1
3 P_6 218 218 0.3927255 0.398 0.403104 1 1 1
3 P_6 219 219 0 0 0 1 1 1
3 P_6 220 220 0.5 0.5 0.5 1 1 1
3 P_6 221 221 0.3927255 0.398 0.403104 1 1 1
3 P_6 222 222 0 0 0 1 1 1
3 P_6 223 223 0 0 0 1 1 1
3 P_6 224 224 0 0 0 1 1 1
3 P_6 225 225 0.3927255 0.398 0.403104 1 1 1
3 P_6 226 226 0 0 0 1 1 1
3 P_6 227 227 0 0 0 1 1 1
3 P_6 228 228 0 0 0 1 1 1
3 P_6 229 229 0.5 0.5 0.5 1 1 1
3 P_6 230 230 0 0 0 1 1 1
3 P_6 231 231 0.5 0.5 0.5 1 1 1
3 P_6 232 232 0.096945 0.10205 0.1073255 1 1 1
3 P_6 233 233 0.096945 0.10205 0.1073255 1 1 1
3 P_6 234 234 0 0 0 1 1 1
3 P_6 235 235 0.096945 0.10205 0.1073255 1 1 1
3 P_6 236 236 0 0 0 1 1 1
3 P_6 237 237 0 0 0 1 1 1
3 P_6 238 238 0 0 0 1 1 1
3 P_6 239 239 0 0 0 1 1 1
3 P_6 240 240 0 0 0 1 1 1
3 P_6 241 241 0 0 0 1 1 1
3 P_6 242 242 0.5 0.5 0.5 1 1 1
3 P_6 243 243 0 0 0 1 1 1
3 P_6 244 244 0 0 0 1 1 1
3 P_6 245 245 0.3927255 0.398 0.403104 1 1 1
3 P_6 246 246 0 0 0 1 1 1
3 P_6 247 247 0.5 0.5 0.5 1 1 1
3 P_6 248 248 0.3927255 0.398 0.403104 1 1 1
3 P_6 249 249 0 0 0 1 1 1
3 P_6 250 250 0 0 0 1 1 1
3 P_6 251 251 0.3927255 0.398 0.403104 1 1 1
3 P_6 252 252 0.096945 0.10205 0.1073255 1 1 1
3 P_6 253 253 0 0 0 1 1 1
3 P_6 254 254 0.5 0.5 0.5 1 1 1
3 P_6 255 255 0 0 0 1 1 1
3 P_6 256 256 0.096945 0.10205 0.1073255 1 1 1
3 P_6 257 257 0 0 0 1 1 1
3 P_6 258 258 0 0 0 1 1 1
3 P_6 259 259 0 0 0 1 1 1
3 P_6 260 260 0 0 0 1 1 1
3 P_6 261 261 0 0 0 1 1 1
3 P_6 262 262 0 0 0 1 1 1
3 P_6 263 263 0.3927255 0.398 0.403104 1 1 1
3 P_6 264 264 0 0 0 1 1 1
3 P_6 265 265 0 0 0 1 1 1
3 P_6 266 266 0 0 0 1 1 1
3 P_6 267 267 0 0 0 1 1 1
3 P_6 268 268 0.3927255 0.398 0.403104 1 1 1
3 P_6 269 269 0 0 0 1 1 1
3 P_6 270 270 0 0 0 1 1 1
3 P_6 271 271 0.096945 0.10205 0.1073255 1 1 1
3 P_6 272 272 0 0 0 1 1 1
3 P_6 273 273 0 0 0 1 1 1
3 P_6 274 274 0 0 0 1 1 1
3 P_6 275 275 0.3927255 0.398 0.403104 1 1 1
3 P_6 276 276 0 0 0 1 1 1
3 P_6 277 277 0 0 0 1 1 1
3 P_6 278 278 0.3927255 0.398 0.403104 1 1 1
3 P_6 279 279 0.3927255 0.398 0.403104 1 1 1
3 P_6 280 280 0.5 0.5 0.5 1 1 1
3 P_6 281 281 0 0 0 1 1 1
3 P_6 282 282 0.096945 0.10205 0.1073255 1 1 1
3 P_6 283 283 0 0 0 1 1 1
3 P_6 284 284 0.096945 0.10205 0.1073255 1 1 1
3 P_6 285 285 0 0 0 1 1 1
3 P_6 286 286 0 0 0 1 1 1
3 P_6 287 287 0 0 0 1 1 1
3 P_6 288 288 0.096945 0.10205 0.1073255 1 1 1
3 P_6 289 289 0.3927255 0.398 0.403104 1 1 1
3 P_6 290 290 0 0 0 1 1 1
3 P_6 291 291 0 0 0 1 1 1
3 P_6 292 292 0 0 0 1 1 1
3 P_6 293 293 0.5 0.5 0.5 1 1 1
3 P_6 294 294 0 0 0 1 1 1
3 P_6 295 295 0 0 0 1 1 1
3 P_6 296 296 0.096945 0.10205 0.1073255 1 1 1
3 P_6 297 297 0 0 0 1 1 1
3 P_6 298 298 0 0 0 1 1 1
3 P_6 299 299 0 0 0 1 1 1
3 P_6 300 300 0 0 0 1 1 1
4 P_7 0 0 0.5 0.5 0.5 1 1 1
4 P_7 1 1 0 0 0 1 1 1
4 P_7 2 2 0.122549 0.1281 0.1337915 1 1 1
4 P_7 3 3 0 0 0 1 1 1
4 P_7 4 4 0 0 0 1 1 1
4 P_7 5 5 0.5 0.5 0.5 1 1 1
4 P_7 6 6 0 0 0 1 1 1
4 P_7 7 7 0 0 0 1 1 1
4 P_7 8 8 0 0 0 1 1 1
4 P_7 9 9 0 0 0 1 1 1
4 P_7 10 10 0 0 0 1 1 1
4 P_7 11 11 0 0 0 1 1 1
4 P_7 12 12 0.122549 0.1281 0.1337915 1 1 1
4 P_7 13 13 0 0 0 1 1 1
4 P_7 14 14 0 0 0 1 1 1
4 P_7 15 15 0 0 0 1 1 1
4 P_7 16 16 0 0 0 1 1 1
4 P_7 17 17 0.5 0.5 0.5 1 1 1
4 P_7 18 18 0 0 0 1 1 1
4 P_7 19 19 0 0 0 1 1 1
4 P_7 20 20 0 0 0 1 1 1
4 P_7 21 21 0 0 0 1 1 1
4 P_7 22 22 0 0 0 1 1 1
4 P_7 23 23 0 0 0 1 1 1
4 P_7 24 24 0.5 0.5 0.5 1 1 1
4 P_7 25 25 0 0 0 1 1 1
4 P_7 26 26 0 0 0 1 1 1
4 P_7 27 27 0.3662595 0.37195 0.3775005 1 1 1
4 P_7 28 28 0 0 0 1 1 1
4 P_7 29 29 0.122549 0.1281 0.1337915 1 1 1
4 P_7 30 30 0.122549 0.1281 0.1337915 1 1 1
4 P_7 31 31 0.122549 0.1281 0.1337915 1 1 1
4 P_7 32 32 0 0 0 1 1 1
4 P_7 33 33 0 0 0 1 1 1
4 P_7 34 34 0.5 0.5 0.5 1 1 1
4 P_7 35 35 0 0 0 1 1 1
4 P_7 36 36 0.3662595 0.37195 0.3775005 1 1 1
4 P_7 37 37 0 0 0 1 1 1
4 P_7 38 38 0 0 0 1 1 1
4 P_7 39 39 0.3662595 0.37195 0.3775005 1 1 1
4 P_7 40 40 0 0 0 1 1 1
4 P_7 41 41 0 0 0 1 1 1
4 P_7 42 42 0 0 0 1 1 1
4 P_7 43 43 0 0 0 1 1 1
4 P_7 44 44 0 0 0 1 1 1
4 P_7 45 45 0 0 0 1 1 1
4 P_7 46 46 0 0 0 1 1 1
4 P_7 47 47 0 0 0 1 1 1
4 P_7 48 48 0 0 0 1 1 1
4 P_7 49 49 0 0 0 1 1 1
4 P_7 50 50 0 0 0 1 1 1
4 P_7 51 51 0 0 0 1 1 1
4 P_7 52 52 0 0 0 1 1 1
4 P_7 53 53 0 0 0 1 1 1
4 P_7 54 54 0 0 0 1 1 1
4 P_7 55 55 0 0 0 1 1 1
4 P_7 56 56 0.5 0.5 0.5 1 1 1
4 P_7 57 57 0 0 0 1 1 1
4 P_7 58 58 0 0 0 1 1 1
4 P_7 59 59 0 0 0 1 1 1
4 P_7 60 60 0.122549 0.1281 0.1337915 1 1 1
4 P_7 61 61 0.5 0.5 0.5 1 1 1
4 P_7 62 62 0 0 0 1 1 1
4 P_7 63 63 0 0 0 1 1 1
4 P_7 64 64 0.5 0.5 0.5 1 1 1
4 P_7 65 65 0.5 0.5 0.5 1 1 1
4 P_7 66 66 0 0 0 1 1 1
4 P_7 67 67 0.5 0.5 0.5 1 1 1
4 P_7 68 68 0 0 0 1 1 1
4 P_7 69 69 0.5 0.5 0.5 1 1 1
4 P_7 70 70 0 0 0 1 1 1
4 P_7 71 71 0 0 0 1 1 1
4 P_7 72 72 0.122549 0.1281 0.1337915 1 1 1
4 P_7 73 73 0 0 0 1 1 1
4 P_7 74 74 0 0 0 1 1 1
4 P_7 75 75 0.3662595 0.37195 0.3775005 1 1 1
4 P_7 76 76 0 0 0 1 1 1
4 P_7 77 77 0 0 0 1 1 1
4 P_7 78 78 0.122549 0.1281 0.1337915 1 1 1
4 P_7 79 79 0.3662595 0.37195 0.3775005 1 1 1
4 P_7 80 80 0 0 0 1 1 1
4 P_7 81 81 0 0 0 1 1 1
4 P_7 82 82 0 0 0 1 1 1
4 P_7 83 83 0.5 0.5 0.5 1 1 1
4 P_7 84 84 0.5 0.5 0.5 1 1 1
4 P_7 85 85 0 0 0 1 1 1
4 P_7 86 86 0 0 0 1 1 1
4 P_7 87 87 0 0 0 1 1 1
4 P_7 88 88 0 0 0 1 1 1
4 P_7 89 89 0 0 0 1 1 1
4 P_7 90 90 0 0 0 1 1 1
4 P_7 91 91 0 0 0 1 1 1
4 P_7 92 92 0 0 0 1 1 1
4 P_7 93 93 0.5 0.5 0.5 1 1 1
4 P_7 94 94 0 0 0 1 1 1
4 P_7 95 95 0 0 0 1 1 1
4 P_7 96 96 0 0 0 1 1 1
4 P_7 97 97 0 0 0 1 1 1
4 P_7 98 98 0 0 0 1 1 1
4 P_7 99 99 0 0 0 1 1 1
4 P_7 100 100 0.3662595 0.37195 0.3775005 1 1 1
4 P_7 101 101 0.5 0.5 0.5 1 1 1
4 P_7 102 102 0 0 0 1 1 1
4 P_7 103 103 0 0 0 1 1 1
4 P_7 104 104 0.122549 0.1281 0.1337915 1 1 1
4 P_7 105 105 0 0 0 1 1 1
4 P_7 106 106 0 0 0 1 1 1
4 P_7 107 107 0 0 0 1 1 1
4 P_7 108 108 0 0 0 1 1 1
4 P_7 109 109 0.5 0.5 0.5 1 1 1
4 P_7 110 110 0 0 0 1 1 1
4 P_7 111 111 0 0 0 1 1 1
4 P_7 112 112 0 0 0 1 1 1
4 P_7 113 113 0.3662595 0.37195 0.3775005 1 1 1
4 P_7 114 114 0.5 0.5 0.5 1 1 1
4 P_7 115 115 0 0 0 1 1 1
4 P_7 116 116 0 0 0 1 1 1
4 P_7 117 117 0.122549 0.1281 0.1337915 1 1 1
4 P_7 118 118 0 0 0 1 1 1
4 P_7 119 119 0 0 0 1 1 1
4 P_7 120 120 0.5 0.5 0.5 1 1 1
4 P_7 121 121 0.5 0.5 0.5 1 1 1
4 P_7 122 122 0.5 0.5 0.5 1 1 1
4 P_7 123 123 0 0 0 1 1 1
4 P_7 124 124 0.3662595 0.37195 0.3775005 1 1 1
4 P_7 125 125 0 0 0 1 1 1
4 P_7 126 126 0.5 0.5 0.5 1 1 1
4 P_7 127 127 0 0 0 1 1 1
4 P_7 128 128 0 0 0 1 1 1
4 P_7 129 129 0.122549 0.1281 0.1337915 1 1 1
4 P_7 130 130 0.5 0.5 0.5 1 1 1
4 P_7 131 131 0.122549 0.1281 0.1337915 1 1 1
4 P_7 132 132 0 0 0 1 1 1
4 P_7 133 133 0 0 0 1 1 1
4 P_7 134 134 0 0 0 1 1 1
4 P_7 135 135 0 0 0 1 1 1
4 P_7 136 136 0 0 0 1 1 1
4 P_7 137 137 0 0 0 1 1 1
4 P_7 138 138 0 0 0 1 1 1
4 P_7 139 139 0 0 0 1 1 1
4 P_7 140 140 0.122549 0.1281 0.1337915 1 1 1
4 P_7 141 141 0.5 0.5 0.5 1 1 1
4 P_7 142 142 0 0 0 1 1 1
4 P_7 143 143 0.5 0.5 0.5 1 1 1
4 P_7 144 144 0 0 0 1 1 1
4 P_7 145 145 0 0 0 1 1 1
4 P_7 146 146 0 0 0 1 1 1
4 P_7 147 147 0 0 0 1 1 1
4 P_7 148 148 0 0 0 1 1 1
4 P_7 149 149 0 0 0 1 1 1
4 P_7 150 150 0 0 0 1 1 1
4 P_7 151 151 0 0 0 1 1 1
4 P_7 152 152 0 0 0 1 1 1
4 P_7 153 153 0.3662595 0.37195 0.3775005 1 1 1
4 P_7 154 154 0 0 0 1 1 1
4 P_7 155 155 0 0 0 1 1 1
4 P_7 156 156 0.5 0.5 0.5 1 1 1
4 P_7 157 157 0 0 0 1 1 1
4 P_7 158 158 0.5 0.5 0.5 1 1 1
4 P_7 159 159 0.5 0.5 0.5 1 1 1
4 P_7 160 160 0 0 0 1 1 1
4 P_7 161 161 0.3662595 0.37195 0.3775005 1 1 1
4 P_7 162 162 0 0 0 1 1 1
4 P_7 163 163 0.5 0.5 0.5 1 1 1
4 P_7 164 164 0.5 0.5 0.5 1 1 1
4 P_7 165 165 0 0 0 1 1 1
4 P_7 166 166 0.5 0.5 0.5 1 1 1
4 P_7 167 167 0 0 0 1 1 1
4 P_7 168 168 0.122549 0.1281 0.1337915 1 1 1
4 P_7 169 169 0.122549 0.1281 0.1337915 1 1 1
4 P_7 170 170 0.5 0.5 0.5 1 1 1
4 P_7 171 171 0.122549 0.1281 0.1337915 1 1 1
4 P_7 172 172 0 0 0 1 1 1
4 P_7 173 173 0.5 0.5 0.5 1 1 1
4 P_7 174 174 0.5 0.5 0.5 1 1 1
4 P_7 175 175 0.5 0.5 0.5 1 1 1
4 P_7 176 176 0.5 0.5 0.5 1 1 1
4 P_7 177 177 0 0 0 1 1 1
4 P_7 178 178 0 0 0 1 1 1
4 P_7 179 179 0 0 0 1 1 1
4 P_7 180 180 0 0 0 1 1 1
4 P_7 181 181 0 0 0 1 1 1
4 P_7 182 182 0 0 0 1 1 1
4 P_7 183 183 0 0 0 1 1 1
4 P_7 184 184 0 0 0 1 1 1
4 P_7 185 185 0.5 0.5 0.5 1 1 1
4 P_7 186 186 0.5 0.5 0.5 1 1 1
4 P_7 187 187 0 0 0 1 1 1
4 P_7 188 188 0 0 0 1 1 1
4 P_7 189 189 0 0 0 1 1 1
4 P_7 190 190 0 0 0 1 1 1
4 P_7 191 191 0 0 0 1 1 1
4 P_7 192 192 0.5 0.5 0.5 1 1 1
4 P_7 193 193 0 0 0 1 1 1
4 P_7 194 194 0 0 0 1 1 1
4 P_7 195 195 0 0 0 1 1 1
4 P_7 196 196 0.122549 0.1281 0.1337915 1 1 1
4 P_7 197 197 0.3662595 0.37195 0.3775005 1 1 1
4 P_7 198 198 0 0 0 1 1 1
4 P_7 199 199 0.122549 0.1281 0.1337915 1 1 1
4 P_7 200 200 0 0 0 1 1 1
4 P_7 201 201 0.5 0.5 0.5 1 1 1
4 P_7 202 202 0 0 0 1 1 1
4 P_7 203 203 0.5 0.5 0.5 1 1 1
4 P_7 204 204 0 0 0 1 1 1
4 P_7 205 205 0.3662595 0.37195 0.3775005 1 1 1
4 P_7 206 206 0 0 0 1 1 1
4 P_7 207 207 0 0 0 1 1 1
4 P_7 208 208 0 0 0 1 1 1
4 P_7 209 209 0.5 0.5 0.5 1 1 1
4 P_7 210 210 0 0 0 1 1 1
4 P_7 211 211 0 0 0 1 1 1
4 P_7 212 212 0.122549 0.1281 0.1337915 1 1 1
4 P_7 213 213 0.122549 0.1281 0.1337915 1 1 1
4 P_7 214 214 0 0 0 1 1 1
4 P_7 215 215 0 0 0 1 1 1
4 P_7 216 216 0 0 0 1 1 1
4 P_7 217 217 0 0 0 1 1 1
4 P_7 218 218 0 0 0 1 1 1
4 P_7 219 219 0 0 0 1 1 1
4 P_7 220 220 0.5 0.5 0.5 1 1 1
4 P_7 221 221 0 0 0 1 1 1
4 P_7 222 222 0 0 0 1 1 1
4 P_7 223 223 0 0 0 1 1 1
4 P_7 224 224 0.122549 0.1281 0.1337915 1 1 1
4 P_7 225 225 0 0 0 1 1 1
4 P_7 226 226 0 0 0 1 1 1
4 P_7 227 227 0 0 0 1 1 1
4 P_7 228 228 0 0 0 1 1 1
4 P_7 229 229 0.5 0.5 0.5 1 1 1
4 P_7 230 230 0 0 0 1 1 1
4 P_7 231 231 0.5 0.5 0.5 1 1 1
4 P_7 232 232 0.3662595 0.37195 0.3775005 1 1 1
4 P_7 233 233 0.3662595 0.37195 0.3775005 1 1 1
4 P_7 234 234 0.122549 0.1281 0.1337915 1 1 1
4 P_7 235 235 0.5 0.5 0.5 1 1 1
4 P_7 236 236 0 0 0 1 1 1
4 P_7 237 237 0 0 0 1 1 1
4 P_7 238 238 0 0 0 1 1 1
4 P_7 239 239 0.122549 0.1281 0.1337915 1 1 1
4 P_7 240 240 0 0 0 1 1 1
4 P_7 241 241 0 0 0 1 1 1
4 P_7 242 242 0.5 0.5 0.5 1 1 1
4 P_7 243 243 0 0 0 1 1 1
4 P_7 244 244 0 0 0 1 1 1
4 P_7 245 245 0 0 0 1 1 1
4 P_7 246 246 0 0 0 1 1 1
4 P_7 247 247 0.5 0.5 0.5 1 1 1
4 P_7 248 248 0 0 0 1 1 1
4 P_7 249 249 0 0 0 1 1 1
4 P_7 250 250 0 0 0 1 1 1
4 P_7 251 251 0 0 0 1 1 1
4 P_7 252 252 0.3662595 0.37195 0.3775005 1 1 1
4 P_7 253 253 0.122549 0.1281 0.1337915 1 1 1
4 P_7 254 254 0.5 0.5 0.5 1 1 1
4 P_7 255 255 0.122549 0.1281 0.1337915 1 1 1
4 P_7 256 256 0.3662595 0.37195 0.3775005 1 1 1
4 P_7 257 257 0 0 0 1 1 1
4 P_7 258 258 0 0 0 1 1 1
4 P_7 259 259 0 0 0 1 1 1
4 P_7 260 260 0 0 0 1 1 1
4 P_7 261 261 0 0 0 1 1 1
4 P_7 262 262 0 0 0 1 1 1
4 P_7 263 263 0 0 0 1 1 1
4 P_7 264 264 0 0 0 1 1 1
4 P_7 265 265 0 0 0 1 1 1
4 P_7 266 266 0 0 0 1 1 1
4 P_7 267 267 0 0 0 1 1 1
4 P_7 268 268 0 0 0 1 1 1
4 P_7 269 269 0 0 0 1 1 1
4 P_7 270 270 0 0 0 1 1 1
4 P_7 271 271 0.5 0.5 0.5 1 1 1
4 P_7 272 272 0.122549 0.1281 0.1337915 1 1 1
4 P_7 273 273 0 0 0 1 1 1
4 P_7 274 274 0 0 0 1 1 1
4 P_7 275 275 0 0 0 1 1 1
4 P_7 276 276 0 0 0 1 1 1
4 P_7 277 277 0 0 0 1 1 1
4 P_7 278 278 0 0 0 1 1 1
4 P_7 279 279 0 0 0 1 1 1
4 P_7 280 280 0.5 0.5 0.5 1 1 1
4 P_7 281 281 0.122549 0.1281 0.1337915 1 1 1
4 P_7 282 282 0.3662595 0.37195 0.3775005 1 1 1
4 P_7 283 283 0.122549 0.1281 0.1337915 1 1 1
4 P_7 284 284 0.3662595 0.37195 0.3775005 1 1 1
4 P_7 285 285 0 0 0 1 1 1
4 P_7 286 286 0 0 0 1 1 1
4 P_7 287 287 0 0 0 1 1 1
4 P_7 288 288 0.3662595 0.37195 0.3775005 1 1 1
4 P_7 289 289 0 0 0 1 1 1
4 P_7 290 290 0 0 0 1 1 1
4 P_7 291 291 0 0 0 1 1 1
4 P_7 292 292 0 0 0 1 1 1
4 P_7 293 293 0.5 0.5 0.5 1 1 1
4 P_7 294 294 0.122549 0.1281 0.1337915 1 1 1
4 P_7 295 295 0 0 0 1 1 1
4 P_7 296 296 0.3662595 0.37195 0.3775005 1 1 1
4 P_7 297 297 0 0 0 1 1 1
4 P_7 298 298 0 0 0 1 1 1
4 P_7 299 299 0.122549 0.1281 0.1337915 1 1 1
4 P_7 300 300 0 0 0 1 1 1
