10 #m
70 #n
0 P_3 0 0 0.02534185 0.0673076923076923 0.1466735 1 1 1
0 P_3 1 1 0.5 0.5 0.5 1 1 1
0 P_3 2 2 0.0577225 0.12222222222222222 0.216718 1 1 1
0 P_3 3 3 0.0506075 0.10784313725490197 0.194799 1 1 1
0 P_3 4 4 0.0212344 0.061224489795918366 0.142002 1 1 1
0 P_3 5 5 0 0 0 1 1 1
0 P_3 6 6 0.006746 0.03 0.0995215 1 1 1
0 P_3 7 7 0.1040385 0.19444444444444445 0.3008495 1 1 1
0 P_3 8 8 0.1355425 0.2261904761904762 0.3228035 1 1 1
0 P_3 9 9 0.5 0.5 0.5 1 1 1
0 P_3 10 10 0.1229725 0.20192307692307693 0.2907665 1 1 1
0 P_3 11 11 0 0 0 1 1 1
0 P_3 12 12 0.5 0.5 0.5 1 1 1
0 P_3 13 13 0.13106400000000001 0.21153846153846154 0.2999275 1 1 1
0 P_3 14 14 0 0 0 1 1 1
0 P_3 15 15 0.5 0.5 0.5 1 1 1
0 P_3 16 16 0 0 0 1 1 1
0 P_3 17 17 0.0203838 0.058823529411764705 0.137062 1 1 1
0 P_3 18 18 0.04676675 0.1 0.18246 1 1 1
0 P_3 19 19 0 0 0 1 1 1
0 P_3 20 20 0.0212344 0.061224489795918366 0.142002 1 1 1
0 P_3 21 21 0.5 0.5 0.5 1 1 1
0 P_3 22 22 0.5 0.5 0.5 1 1 1
0 P_3 23 23 0.018872 0.05454545454545454 0.1281395 1 1 1
0 P_3 24 24 0.08595 0.1595744680851064 0.2536175 1 1 1
0 P_3 25 25 0 0 0 1 1 1
0 P_3 26 26 0 0 0 1 1 1
0 P_3 27 27 0.0369709 0.08653846153846154 0.169629 1 1 1
0 P_3 28 28 0 0 0 1 1 1
0 P_3 29 29 0 0 0 1 1 1
0 P_3 30 30 0 0 0 1 1 1
0 P_3 31 31 0.0298345 0.07407407407407407 0.153117 1 1 1
0 P_3 32 32 0 0 0 1 1 1
0 P_3 33 33 0 0 0 1 1 1
0 P_3 34 34 0.106066 0.1836734693877551 0.275699 1 1 1
0 P_3 35 35 0.0551775 0.11016949152542373 0.1906925 1 1 1
0 P_3 36 36 0 0 0 1 1 1
0 P_3 37 37 0 0 0 1 1 1
0 P_3 38 38 0.5 0.5 0.5 1 1 1
0 P_3 39 39 0.5 0.5 0.5 1 1 1
0 P_3 40 40 0.1071615 0.18269230769230768 0.2720705 1 1 1
0 P_3 41 41 0 0 0 1 1 1
0 P_3 42 42 0.1255445 0.2111111111111111 0.3058235 1 1 1
0 P_3 43 43 0.5 0.5 0.5 1 1 1
0 P_3 44 44 0.02638325 0.07 0.151835 1 1 1
0 P_3 45 45 0 0 0 1 1 1
0 P_3 46 46 0 0 0 1 1 1
0 P_3 47 47 0 0 0 1 1 1
0 P_3 48 48 0.158409 0.2564102564102564 0.3526935 1 1 1
0 P_3 49 49 0 0 0 1 1 1
0 P_3 50 50 0 0 0 1 1 1
0 P_3 51 51 0.04316945 0.09615384615384616 0.1807095 1 1 1
0 P_3 52 52 0 0 0 1 1 1
0 P_3 53 53 0 0 0 1 1 1
0 P_3 54 54 0 0 0 1 1 1
0 P_3 55 55 0.0368699 0.09090909090909091 0.1830035 1 1 1
0 P_3 56 56 0 0 0 1 1 1
0 P_3 57 57 0.05621 0.11538461538461539 0.20221 1 1 1
0 P_3 58 58 0 0 0 1 1 1
0 P_3 59 59 0 0 0 1 1 1
0 P_3 60 60 0.071295 0.13392857142857142 0.218831 1 1 1
0 P_3 61 61 0.5 0.5 0.5 1 1 1
0 P_3 62 62 0.1312845 0.21428571428571427 0.3050525 1 1 1
0 P_3 63 63 0 0 0 1 1 1
0 P_3 64 64 0.0410639 0.09574468085106383 0.185173 1 1 1
0 P_3 65 65 0 0 0 1 1 1
0 P_3 66 66 0 0 0 1 1 1
0 P_3 67 67 0 0 0 1 1 1
0 P_3 68 68 0.107178 0.17796610169491525 0.261927 1 1 1
0 P_3 69 69 0.3605115 0.44 0.4791995 1 1 1
1 P_5 0 0 0.336681 0.42391304347826086 0.4712535 1 1 1
1 P_5 1 1 0.5 0.5 0.5 1 1 1
1 P_5 2 2 0 0 0 1 1 1
1 P_5 3 3 0 0 0 1 1 1
1 P_5 4 4 0.3268605 0.4230769230769231 0.4731645 1 1 1
1 P_5 5 5 0 0 0 1 1 1
1 P_5 6 6 0.276318 0.3673469387755102 0.432894 1 1 1
1 P_5 7 7 0.04505755 0.09649122807017543 0.1768515 1 1 1
1 P_5 8 8 0.2741655 0.375 0.4431615 1 1 1
1 P_5 9 9 0.5 0.5 0.5 1 1 1
1 P_5 10 10 0.0501325 0.10344827586206896 0.183945 1 1 1
1 P_5 11 11 0 0 0 1 1 1
1 P_5 12 12 0.5 0.5 0.5 1 1 1
1 P_5 13 13 0.0506075 0.10784313725490197 0.194799 1 1 1
1 P_5 14 14 0 0 0 1 1 1
1 P_5 15 15 0.5 0.5 0.5 1 1 1
1 P_5 16 16 0 0 0 1 1 1
1 P_5 17 17 0.3410635 0.41964285714285715 0.4657585 1 1 1
1 P_5 18 18 0 0 0 1 1 1
1 P_5 19 19 0 0 0 1 1 1
1 P_5 20 20 0.34263 0.4270833333333333 0.472486 1 1 1
1 P_5 21 21 0.5 0.5 0.5 1 1 1
1 P_5 22 22 0.5 0.5 0.5 1 1 1
1 P_5 23 23 0 0 0 1 1 1
1 P_5 24 24 0.0520065 0.10714285714285714 0.189661 1 1 1
1 P_5 25 25 0 0 0 1 1 1
1 P_5 26 26 0 0 0 1 1 1
1 P_5 27 27 0 0 0 1 1 1
1 P_5 28 28 0 0 0 1 1 1
1 P_5 29 29 0 0 0 1 1 1
1 P_5 30 30 0 0 0 1 1 1
1 P_5 31 31 0 0 0 1 1 1
1 P_5 32 32 0 0 0 1 1 1
1 P_5 33 33 0 0 0 1 1 1
1 P_5 34 34 0.0336211 0.07894736842105263 0.156469 1 1 1
1 P_5 35 35 0 0 0 1 1 1
1 P_5 36 36 0 0 0 1 1 1
1 P_5 37 37 0 0 0 1 1 1
1 P_5 38 38 0.5 0.5 0.5 1 1 1
1 P_5 39 39 0.5 0.5 0.5 1 1 1
1 P_5 40 40 0.0237081 0.06818181818181818 0.156048 1 1 1
1 P_5 41 41 0 0 0 1 1 1
1 P_5 42 42 0.03320975 0.0875 0.1841665 1 1 1
1 P_5 43 43 0.5 0.5 0.5 1 1 1
1 P_5 44 44 0 0 0 1 1 1
1 P_5 45 45 0 0 0 1 1 1
1 P_5 46 46 0 0 0 1 1 1
1 P_5 47 47 0 0 0 1 1 1
1 P_5 48 48 0.02215915 0.06382978723404255 0.1473085 1 1 1
1 P_5 49 49 0 0 0 1 1 1
1 P_5 50 50 0 0 0 1 1 1
1 P_5 51 51 0.311375 0.40217391304347827 0.458006 1 1 1
1 P_5 52 52 0 0 0 1 1 1
1 P_5 53 53 0 0 0 1 1 1
1 P_5 54 54 0 0 0 1 1 1
1 P_5 55 55 0 0 0 1 1 1
1 P_5 56 56 0 0 0 1 1 1
1 P_5 57 57 0.336168 0.42 0.4677005 1 1 1
1 P_5 58 58 0 0 0 1 1 1
1 P_5 59 59 0 0 0 1 1 1
1 P_5 60 60 0.3661195 0.44680851063829785 0.483379 1 1 1
1 P_5 61 61 0.5 0.5 0.5 1 1 1
1 P_5 62 62 0.0175691 0.05084745762711865 0.1203025 1 1 1
1 P_5 63 63 0 0 0 1 1 1
1 P_5 64 64 0 0 0 1 1 1
1 P_5 65 65 0 0 0 1 1 1
1 P_5 66 66 0 0 0 1 1 1
1 P_5 67 67 0 0 0 1 1 1
1 P_5 68 68 0.386074 0.46511627906976744 0.492151 1 1 1
1 P_5 69 69 0.5 0.5 0.5 1 1 1
2 P_0 0 0 0.2387715 0.33 0.4041635 1 1 1
2 P_0 1 1 0.5 0.5 0.5 1 1 1
2 P_0 2 2 0.026771 0.06666666666666667 0.13942 1 1 1
2 P_0 3 3 0 0 0 1 1 1
2 P_0 4 4 0.2751575 0.35964912280701755 0.423445 1 1 1
2 P_0 5 5 0 0 0 1 1 1
2 P_0 6 6 0 0 0 1 1 1
2 P_0 7 7 0 0 0 1 1 1
2 P_0 8 8 0.5 0.5 0.5 1 1 1
2 P_0 9 9 0.5 0.5 0.5 1 1 1
2 P_0 10 10 0 0 0 1 1 1
2 P_0 11 11 0 0 0 1 1 1
2 P_0 12 12 0.5 0.5 0.5 1 1 1
2 P_0 13 13 0 0 0 1 1 1
2 P_0 14 14 0.004006865 0.023809523809523808 0.099119 1 1 1
2 P_0 15 15 0.5 0.5 0.5 1 1 1
2 P_0 16 16 0.0551375 0.11702127659574468 0.208894 1 1 1
2 P_0 17 17 0.2101195 0.3068181818181818 0.3898785 1 1 1
2 P_0 18 18 0 0 0 1 1 1
2 P_0 19 19 0 0 0 1 1 1
2 P_0 20 20 0 0 0 1 1 1
2 P_0 21 21 0.5 0.5 0.5 1 1 1
2 P_0 22 22 0.5 0.5 0.5 1 1 1
2 P_0 23 23 0 0 0 1 1 1
2 P_0 24 24 0 0 0 1 1 1
2 P_0 25 25 0.0369709 0.08653846153846154 0.169629 1 1 1
2 P_0 26 26 0.0313493 0.07377049180327869 0.14731349999999999 1 1 1
2 P_0 27 27 0 0 0 1 1 1
2 P_0 28 28 0 0 0 1 1 1
2 P_0 29 29 0 0 0 1 1 1
2 P_0 30 30 0 0 0 1 1 1
2 P_0 31 31 0 0 0 1 1 1
2 P_0 32 32 0 0 0 1 1 1
2 P_0 33 33 0.2907785 0.3728813559322034 0.4325345 1 1 1
2 P_0 34 34 0 0 0 1 1 1
2 P_0 35 35 0 0 0 1 1 1
2 P_0 36 36 0.061254 0.11864406779661017 0.200025 1 1 1
2 P_0 37 37 0.240222 0.3333333333333333 0.4079865 1 1 1
2 P_0 38 38 0.5 0.5 0.5 1 1 1
2 P_0 39 39 0.5 0.5 0.5 1 1 1
2 P_0 40 40 0 0 0 1 1 1
2 P_0 41 41 0.0059148 0.02631578947368421 0.088341 1 1 1
2 P_0 42 42 0 0 0 1 1 1
2 P_0 43 43 0.5 0.5 0.5 1 1 1
2 P_0 44 44 0 0 0 1 1 1
2 P_0 45 45 0.0169889 0.05434782608695652 0.1364465 1 1 1
2 P_0 46 46 0 0 0 1 1 1
2 P_0 47 47 0 0 0 1 1 1
2 P_0 48 48 0 0 0 1 1 1
2 P_0 49 49 0.01517865 0.05555555555555555 0.1514215 1 1 1
2 P_0 50 50 0 0 0 1 1 1
2 P_0 51 51 0 0 0 1 1 1
2 P_0 52 52 0 0 0 1 1 1
2 P_0 53 53 0 0 0 1 1 1
2 P_0 54 54 0.0234878 0.0625 0.1373285 1 1 1
2 P_0 55 55 0.0539305 0.11458333333333333 0.205186 1 1 1
2 P_0 56 56 0 0 0 1 1 1
2 P_0 57 57 0 0 0 1 1 1
2 P_0 58 58 0.051409 0.11363636363636363 0.2085275 1 1 1
2 P_0 59 59 0 0 0 1 1 1
2 P_0 60 60 0.257027 0.3387096774193548 0.4049105 1 1 1
2 P_0 61 61 0.5 0.5 0.5 1 1 1
2 P_0 62 62 0 0 0 1 1 1
2 P_0 63 63 0 0 0 1 1 1
2 P_0 64 64 0 0 0 1 1 1
2 P_0 65 65 0.1898885 0.28125 0.3656855 1 1 1
2 P_0 66 66 0 0 0 1 1 1
2 P_0 67 67 0.014168 0.045454545454545456 0.1163545 1 1 1
2 P_0 68 68 0.5 0.5 0.5 1 1 1
2 P_0 69 69 0.5 0.5 0.5 1 1 1
3 P_7 0 0 0 0 0 1 1 1
3 P_7 1 1 0.5 0.5 0.5 1 1 1
3 P_7 2 2 0.0625325 0.1276595744680851 0.220388 1 1 1
3 P_7 3 3 0 0 0 1 1 1
3 P_7 4 4 0 0 0 1 1 1
3 P_7 5 5 0 0 0 1 1 1
3 P_7 6 6 0 0 0 1 1 1
3 P_7 7 7 0 0 0 1 1 1
3 P_7 8 8 0.205891 0.28169014084507044 0.3526195 1 1 1
3 P_7 9 9 0.5 0.5 0.5 1 1 1
3 P_7 10 10 0 0 0 1 1 1
3 P_7 11 11 0 0 0 1 1 1
3 P_7 12 12 0.5 0.5 0.5 1 1 1
3 P_7 13 13 0.142309 0.22549019607843138 0.313807 1 1 1
3 P_7 14 14 0 0 0 1 1 1
3 P_7 15 15 0.5 0.5 0.5 1 1 1
3 P_7 16 16 0 0 0 1 1 1
3 P_7 17 17 0 0 0 1 1 1
3 P_7 18 18 0 0 0 1 1 1
3 P_7 19 19 0 0 0 1 1 1
3 P_7 20 20 0 0 0 1 1 1
3 P_7 21 21 0.5 0.5 0.5 1 1 1
3 P_7 22 22 0.5 0.5 0.5 1 1 1
3 P_7 23 23 0 0 0 1 1 1
3 P_7 24 24 0 0 0 1 1 1
3 P_7 25 25 0 0 0 1 1 1
3 P_7 26 26 0 0 0 1 1 1
3 P_7 27 27 0 0 0 1 1 1
3 P_7 28 28 0 0 0 1 1 1
3 P_7 29 29 0 0 0 1 1 1
3 P_7 30 30 0 0 0 1 1 1
3 P_7 31 31 0 0 0 1 1 1
3 P_7 32 32 0 0 0 1 1 1
3 P_7 33 33 0 0 0 1 1 1
3 P_7 34 34 0 0 0 1 1 1
3 P_7 35 35 0 0 0 1 1 1
3 P_7 36 36 0 0 0 1 1 1
3 P_7 37 37 0 0 0 1 1 1
3 P_7 38 38 0.5 0.5 0.5 1 1 1
3 P_7 39 39 0.5 0.5 0.5 1 1 1
3 P_7 40 40 0 0 0 1 1 1
3 P_7 41 41 0 0 0 1 1 1
3 P_7 42 42 0.0922845 0.17045454545454544 0.267712 1 1 1
3 P_7 43 43 0.5 0.5 0.5 1 1 1
3 P_7 44 44 0 0 0 1 1 1
3 P_7 45 45 0 0 0 1 1 1
3 P_7 46 46 0 0 0 1 1 1
3 P_7 47 47 0 0 0 1 1 1
3 P_7 48 48 0.12839 0.21 0.3001465 1 1 1
3 P_7 49 49 0 0 0 1 1 1
3 P_7 50 50 0 0 0 1 1 1
3 P_7 51 51 0 0 0 1 1 1
3 P_7 52 52 0 0 0 1 1 1
3 P_7 53 53 0.1255445 0.2111111111111111 0.3058235 1 1 1
3 P_7 54 54 0 0 0 1 1 1
3 P_7 55 55 0.069057 0.125 0.2009265 1 1 1
3 P_7 56 56 0 0 0 1 1 1
3 P_7 57 57 0 0 0 1 1 1
3 P_7 58 58 0 0 0 1 1 1
3 P_7 59 59 0 0 0 1 1 1
3 P_7 60 60 0.0946105 0.1744186046511628 0.2727495 1 1 1
3 P_7 61 61 0.5 0.5 0.5 1 1 1
3 P_7 62 62 0 0 0 1 1 1
3 P_7 63 63 0 0 0 1 1 1
3 P_7 64 64 0 0 0 1 1 1
3 P_7 65 65 0 0 0 1 1 1
3 P_7 66 66 0.128504 0.2127659574468085 0.3054415 1 1 1
3 P_7 67 67 0 0 0 1 1 1
3 P_7 68 68 0.209103 0.2878787878787879 0.3604185 1 1 1
3 P_7 69 69 0.5 0.5 0.5 1 1 1
4 P_6 0 0 0.0539305 0.11458333333333333 0.205186 1 1 1
4 P_6 1 1 0.5 0.5 0.5 1 1 1
4 P_6 2 2 0 0 0 1 1 1
4 P_6 3 3 0.076218 0.14583333333333334 0.238511 1 1 1
4 P_6 4 4 0.0571765 0.1111111111111111 0.1888935 1 1 1
4 P_6 5 5 0 0 0 1 1 1
4 P_6 6 6 0.03229925 0.08 0.163832 1 1 1
4 P_6 7 7 0.165351 0.2553191489361702 0.344085 1 1 1
4 P_6 8 8 0.080968 0.14285714285714285 0.2231595 1 1 1
4 P_6 9 9 0.5 0.5 0.5 1 1 1
4 P_6 10 10 0.105234 0.19230769230769232 0.2948375 1 1 1
4 P_6 11 11 0 0 0 1 1 1
4 P_6 12 12 0.5 0.5 0.5 1 1 1
4 P_6 13 13 0.155915 0.24468085106382978 0.334649 1 1 1
4 P_6 14 14 0 0 0 1 1 1
4 P_6 15 15 0.5 0.5 0.5 1 1 1
4 P_6 16 16 0 0 0 1 1 1
4 P_6 17 17 0.0515175 0.10317460317460317 0.1800345 1 1 1
4 P_6 18 18 0.088058 0.16 0.251137 1 1 1
4 P_6 19 19 0 0 0 1 1 1
4 P_6 20 20 0.0237081 0.06818181818181818 0.156048 1 1 1
4 P_6 21 21 0.5 0.5 0.5 1 1 1
4 P_6 22 22 0.5 0.5 0.5 1 1 1
4 P_6 23 23 0.03932235 0.09183673469387756 0.17863 1 1 1
4 P_6 24 24 0.163087 0.25 0.336913 1 1 1
4 P_6 25 25 0 0 0 1 1 1
4 P_6 26 26 0 0 0 1 1 1
4 P_6 27 27 0.0714535 0.13725490196078433 0.2266525 1 1 1
4 P_6 28 28 0 0 0 1 1 1
4 P_6 29 29 0 0 0 1 1 1
4 P_6 30 30 0 0 0 1 1 1
4 P_6 31 31 0.1120985 0.18333333333333332 0.26657 1 1 1
4 P_6 32 32 0 0 0 1 1 1
4 P_6 33 33 0 0 0 1 1 1
4 P_6 34 34 0.172475 0.26744186046511625 0.358132 1 1 1
4 P_6 35 35 0.04617915 0.10714285714285714 0.203797 1 1 1
4 P_6 36 36 0 0 0 1 1 1
4 P_6 37 37 0 0 0 1 1 1
4 P_6 38 38 0.5 0.5 0.5 1 1 1
4 P_6 39 39 0.5 0.5 0.5 1 1 1
4 P_6 40 40 0.1682705 0.2549019607843137 0.3405065 1 1 1
4 P_6 41 41 0 0 0 1 1 1
4 P_6 42 42 0.1487125 0.2230769230769231 0.301938 1 1 1
4 P_6 43 43 0.5 0.5 0.5 1 1 1
4 P_6 44 44 0.04592915 0.10204081632653061 0.19024 1 1 1
4 P_6 45 45 0 0 0 1 1 1
4 P_6 46 46 0 0 0 1 1 1
4 P_6 47 47 0 0 0 1 1 1
4 P_6 48 48 0.1143285 0.19387755102040816 0.2856275 1 1 1
4 P_6 49 49 0 0 0 1 1 1
4 P_6 50 50 0 0 0 1 1 1
4 P_6 51 51 0.0292761 0.07272727272727272 0.150652 1 1 1
4 P_6 52 52 0 0 0 1 1 1
4 P_6 53 53 0 0 0 1 1 1
4 P_6 54 54 0 0 0 1 1 1
4 P_6 55 55 0 0 0 1 1 1
4 P_6 56 56 0 0 0 1 1 1
4 P_6 57 57 0.05737 0.11764705882352941 0.2056065 1 1 1
4 P_6 58 58 0 0 0 1 1 1
4 P_6 59 59 0 0 0 1 1 1
4 P_6 60 60 0.0751535 0.13793103448275862 0.2215185 1 1 1
4 P_6 61 61 0.5 0.5 0.5 1 1 1
4 P_6 62 62 0.1560585 0.2403846153846154 0.3266895 1 1 1
4 P_6 63 63 0 0 0 1 1 1
4 P_6 64 64 0.0918405 0.15833333333333333 0.2413225 1 1 1
4 P_6 65 65 0 0 0 1 1 1
4 P_6 66 66 0 0 0 1 1 1
4 P_6 67 67 0 0 0 1 1 1
4 P_6 68 68 0.0714535 0.13725490196078433 0.2266525 1 1 1
4 P_6 69 69 0.218073 0.3055555555555556 0.382001 1 1 1
5 P_2 0 0 0 0 0 1 1 1
5 P_2 1 1 0.5 0.5 0.5 1 1 1
5 P_2 2 2 0 0 0 1 1 1
5 P_2 3 3 0 0 0 1 1 1
5 P_2 4 4 0 0 0 1 1 1
5 P_2 5 5 0 0 0 1 1 1
5 P_2 6 6 0 0 0 1 1 1
5 P_2 7 7 0.165351 0.2553191489361702 0.344085 1 1 1
5 P_2 8 8 0.1991265 0.3 0.3877805 1 1 1
5 P_2 9 9 0.5 0.5 0.5 1 1 1
5 P_2 10 10 0.161462 0.25 0.338538 1 1 1
5 P_2 11 11 0 0 0 1 1 1
5 P_2 12 12 0.5 0.5 0.5 1 1 1
5 P_2 13 13 0.123519 0.19827586206896552 0.282646 1 1 1
5 P_2 14 14 0 0 0 1 1 1
5 P_2 15 15 0.5 0.5 0.5 1 1 1
5 P_2 16 16 0 0 0 1 1 1
5 P_2 17 17 0 0 0 1 1 1
5 P_2 18 18 0 0 0 1 1 1
5 P_2 19 19 0.0263206 0.06557377049180328 0.13737 1 1 1
5 P_2 20 20 0 0 0 1 1 1
5 P_2 21 21 0.5 0.5 0.5 1 1 1
5 P_2 22 22 0.5 0.5 0.5 1 1 1
5 P_2 23 23 0 0 0 1 1 1
5 P_2 24 24 0.09351 0.16101694915254236 0.2447925 1 1 1
5 P_2 25 25 0.1522705 0.23958333333333334 0.329205 1 1 1
5 P_2 26 26 0.1694375 0.2608695652173913 0.3497965 1 1 1
5 P_2 27 27 0 0 0 1 1 1
5 P_2 28 28 0 0 0 1 1 1
5 P_2 29 29 0 0 0 1 1 1
5 P_2 30 30 0 0 0 1 1 1
5 P_2 31 31 0 0 0 1 1 1
5 P_2 32 32 0.0143499 0.041666666666666664 0.1003345 1 1 1
5 P_2 33 33 0 0 0 1 1 1
5 P_2 34 34 0.097952 0.17346938775510204 0.2656205 1 1 1
5 P_2 35 35 0 0 0 1 1 1
5 P_2 36 36 0.113637 0.1956521739130435 0.2901915 1 1 1
5 P_2 37 37 0 0 0 1 1 1
5 P_2 38 38 0.5 0.5 0.5 1 1 1
5 P_2 39 39 0.5 0.5 0.5 1 1 1
5 P_2 40 40 0.130919 0.20909090909090908 0.2952535 1 1 1
5 P_2 41 41 0.1445155 0.22641509433962265 0.3130835 1 1 1
5 P_2 42 42 0.083663 0.1590909090909091 0.256328 1 1 1
5 P_2 43 43 0.5 0.5 0.5 1 1 1
5 P_2 44 44 0 0 0 1 1 1
5 P_2 45 45 0.2127295 0.291044776119403 0.362698 1 1 1
5 P_2 46 46 0 0 0 1 1 1
5 P_2 47 47 0 0 0 1 1 1
5 P_2 48 48 0.0954815 0.16666666666666666 0.2544015 1 1 1
5 P_2 49 49 0 0 0 1 1 1
5 P_2 50 50 0 0 0 1 1 1
5 P_2 51 51 0 0 0 1 1 1
5 P_2 52 52 0 0 0 1 1 1
5 P_2 53 53 0 0 0 1 1 1
5 P_2 54 54 0.1487955 0.23469387755102042 0.3239205 1 1 1
5 P_2 55 55 0 0 0 1 1 1
5 P_2 56 56 0 0 0 1 1 1
5 P_2 57 57 0 0 0 1 1 1
5 P_2 58 58 0.182804 0.2619047619047619 0.3389575 1 1 1
5 P_2 59 59 0 0 0 1 1 1
5 P_2 60 60 0 0 0 1 1 1
5 P_2 61 61 0.5 0.5 0.5 1 1 1
5 P_2 62 62 0.0865045 0.15454545454545454 0.2412185 1 1 1
5 P_2 63 63 0 0 0 1 1 1
5 P_2 64 64 0 0 0 1 1 1
5 P_2 65 65 0 0 0 1 1 1
5 P_2 66 66 0 0 0 1 1 1
5 P_2 67 67 0.1415515 0.2222222222222222 0.3084125 1 1 1
5 P_2 68 68 0.1023585 0.1875 0.289005 1 1 1
5 P_2 69 69 0.5 0.5 0.5 1 1 1
6 P_1 0 0 0.192661 0.27586206896551724 0.354256 1 1 1
6 P_1 1 1 0.5 0.5 0.5 1 1 1
6 P_1 2 2 0.0113428 0.041666666666666664 0.1176745 1 1 1
6 P_1 3 3 0 0 0 1 1 1
6 P_1 4 4 0.1821125 0.2692307692307692 0.3523915 1 1 1
6 P_1 5 5 0 0 0 1 1 1
6 P_1 6 6 0.1504555 0.2288135593220339 0.3110475 1 1 1
6 P_1 7 7 0 0 0 1 1 1
6 P_1 8 8 0.5 0.5 0.5 1 1 1
6 P_1 9 9 0.5 0.5 0.5 1 1 1
6 P_1 10 10 0 0 0 1 1 1
6 P_1 11 11 0 0 0 1 1 1
6 P_1 12 12 0.5 0.5 0.5 1 1 1
6 P_1 13 13 0 0 0 1 1 1
6 P_1 14 14 0 0 0 1 1 1
6 P_1 15 15 0.5 0.5 0.5 1 1 1
6 P_1 16 16 0 0 0 1 1 1
6 P_1 17 17 0.155915 0.24468085106382978 0.334649 1 1 1
6 P_1 18 18 0 0 0 1 1 1
6 P_1 19 19 0 0 0 1 1 1
6 P_1 20 20 0.186133 0.2661290322580645 0.3433085 1 1 1
6 P_1 21 21 0.5 0.5 0.5 1 1 1
6 P_1 22 22 0.5 0.5 0.5 1 1 1
6 P_1 23 23 0 0 0 1 1 1
6 P_1 24 24 0 0 0 1 1 1
6 P_1 25 25 0.052775 0.11224489795918367 0.201605 1 1 1
6 P_1 26 26 0.0752515 0.14772727272727273 0.2447315 1 1 1
6 P_1 27 27 0 0 0 1 1 1
6 P_1 28 28 0 0 0 1 1 1
6 P_1 29 29 0 0 0 1 1 1
6 P_1 30 30 0 0 0 1 1 1
6 P_1 31 31 0 0 0 1 1 1
6 P_1 32 32 0 0 0 1 1 1
6 P_1 33 33 0.0237081 0.06818181818181818 0.156048 1 1 1
6 P_1 34 34 0 0 0 1 1 1
6 P_1 35 35 0 0 0 1 1 1
6 P_1 36 36 0.059956 0.11363636363636363 0.1897315 1 1 1
6 P_1 37 37 0.0106689 0.0392156862745098 0.111453 1 1 1
6 P_1 38 38 0.5 0.5 0.5 1 1 1
6 P_1 39 39 0.5 0.5 0.5 1 1 1
6 P_1 40 40 0 0 0 1 1 1
6 P_1 41 41 0.0704665 0.14285714285714285 0.242056 1 1 1
6 P_1 42 42 0 0 0 1 1 1
6 P_1 43 43 0.5 0.5 0.5 1 1 1
6 P_1 44 44 0 0 0 1 1 1
6 P_1 45 45 0.071295 0.13392857142857142 0.218831 1 1 1
6 P_1 46 46 0 0 0 1 1 1
6 P_1 47 47 0 0 0 1 1 1
6 P_1 48 48 0 0 0 1 1 1
6 P_1 49 49 0 0 0 1 1 1
6 P_1 50 50 0 0 0 1 1 1
6 P_1 51 51 0.148006 0.23863636363636365 0.331995 1 1 1
6 P_1 52 52 0 0 0 1 1 1
6 P_1 53 53 0 0 0 1 1 1
6 P_1 54 54 0.0585785 0.12 0.2091165 1 1 1
6 P_1 55 55 0.041994 0.09782608695652174 0.188625 1 1 1
6 P_1 56 56 0 0 0 1 1 1
6 P_1 57 57 0.1603065 0.25609756097560976 0.350327 1 1 1
6 P_1 58 58 0.077137 0.14423076923076922 0.23307 1 1 1
6 P_1 59 59 0 0 0 1 1 1
6 P_1 60 60 0.1611395 0.24528301886792453 0.3303805 1 1 1
6 P_1 61 61 0.5 0.5 0.5 1 1 1
6 P_1 62 62 0 0 0 1 1 1
6 P_1 63 63 0 0 0 1 1 1
6 P_1 64 64 0 0 0 1 1 1
6 P_1 65 65 0.0106689 0.0392156862745098 0.111453 1 1 1
6 P_1 66 66 0 0 0 1 1 1
6 P_1 67 67 0.115562 0.18461538461538463 0.264587 1 1 1
6 P_1 68 68 0.5 0.5 0.5 1 1 1
6 P_1 69 69 0.5 0.5 0.5 1 1 1
7 P_4 0 0 0.0237081 0.06818181818181818 0.156048 1 1 1
7 P_4 1 1 0.5 0.5 0.5 1 1 1
7 P_4 2 2 0 0 0 1 1 1
7 P_4 3 3 0 0 0 1 1 1
7 P_4 4 4 0.0605575 0.12037037037037036 0.2058985 1 1 1
7 P_4 5 5 0 0 0 1 1 1
7 P_4 6 6 0 0 0 1 1 1
7 P_4 7 7 0 0 0 1 1 1
7 P_4 8 8 0.5 0.5 0.5 1 1 1
7 P_4 9 9 0.5 0.5 0.5 1 1 1
7 P_4 10 10 0 0 0 1 1 1
7 P_4 11 11 0 0 0 1 1 1
7 P_4 12 12 0.5 0.5 0.5 1 1 1
7 P_4 13 13 0 0 0 1 1 1
7 P_4 14 14 0.313701 0.390625 0.443759 1 1 1
7 P_4 15 15 0.5 0.5 0.5 1 1 1
7 P_4 16 16 0.277771 0.36363636363636365 0.4273295 1 1 1
7 P_4 17 17 0.0359693 0.08064516129032258 0.154793 1 1 1
7 P_4 18 18 0 0 0 1 1 1
7 P_4 19 19 0 0 0 1 1 1
7 P_4 20 20 0 0 0 1 1 1
7 P_4 21 21 0.5 0.5 0.5 1 1 1
7 P_4 22 22 0.5 0.5 0.5 1 1 1
7 P_4 23 23 0 0 0 1 1 1
7 P_4 24 24 0 0 0 1 1 1
7 P_4 25 25 0.219668 0.32857142857142857 0.4142775 1 1 1
7 P_4 26 26 0.2878995 0.36885245901639346 0.428757 1 1 1
7 P_4 27 27 0 0 0 1 1 1
7 P_4 28 28 0 0 0 1 1 1
7 P_4 29 29 0 0 0 1 1 1
7 P_4 30 30 0 0 0 1 1 1
7 P_4 31 31 0 0 0 1 1 1
7 P_4 32 32 0 0 0 1 1 1
7 P_4 33 33 0.061254 0.11864406779661017 0.200025 1 1 1
7 P_4 34 34 0 0 0 1 1 1
7 P_4 35 35 0 0 0 1 1 1
7 P_4 36 36 0.3181565 0.40625 0.459826 1 1 1
7 P_4 37 37 0.08026 0.1440677966101695 0.2272365 1 1 1
7 P_4 38 38 0.5 0.5 0.5 1 1 1
7 P_4 39 39 0.5 0.5 0.5 1 1 1
7 P_4 40 40 0 0 0 1 1 1
7 P_4 41 41 0.3661195 0.44680851063829785 0.483379 1 1 1
7 P_4 42 42 0 0 0 1 1 1
7 P_4 43 43 0.5 0.5 0.5 1 1 1
7 P_4 44 44 0 0 0 1 1 1
7 P_4 45 45 0.3033145 0.40540540540540543 0.4639935 1 1 1
7 P_4 46 46 0 0 0 1 1 1
7 P_4 47 47 0 0 0 1 1 1
7 P_4 48 48 0 0 0 1 1 1
7 P_4 49 49 0.320493 0.4111111111111111 0.46398 1 1 1
7 P_4 50 50 0 0 0 1 1 1
7 P_4 51 51 0 0 0 1 1 1
7 P_4 52 52 0 0 0 1 1 1
7 P_4 53 53 0 0 0 1 1 1
7 P_4 54 54 0.3222615 0.4056603773584906 0.457678 1 1 1
7 P_4 55 55 0 0 0 1 1 1
7 P_4 56 56 0 0 0 1 1 1
7 P_4 57 57 0 0 0 1 1 1
7 P_4 58 58 0.3023715 0.38095238095238093 0.4370415 1 1 1
7 P_4 59 59 0 0 0 1 1 1
7 P_4 60 60 0.067106 0.1326530612244898 0.223682 1 1 1
7 P_4 61 61 0.5 0.5 0.5 1 1 1
7 P_4 62 62 0 0 0 1 1 1
7 P_4 63 63 0 0 0 1 1 1
7 P_4 64 64 0 0 0 1 1 1
7 P_4 65 65 0.05737 0.11764705882352941 0.2056065 1 1 1
7 P_4 66 66 0 0 0 1 1 1
7 P_4 67 67 0.3004615 0.38392857142857145 0.441716 1 1 1
7 P_4 68 68 0.5 0.5 0.5 1 1 1
7 P_4 69 69 0.5 0.5 0.5 1 1 1
8 P_8 0 0 0.106066 0.1836734693877551 0.275699 1 1 1
8 P_8 1 1 0.5 0.5 0.5 1 1 1
8 P_8 2 2 0 0 0 1 1 1
8 P_8 3 3 0.156334 0.23684210526315788 0.3198365 1 1 1
8 P_8 4 4 0.1359785 0.21428571428571427 0.2994525 1 1 1
8 P_8 5 5 0 0 0 1 1 1
8 P_8 6 6 0.068695 0.12931034482758622 0.212331 1 1 1
8 P_8 7 7 0 0 0 1 1 1
8 P_8 8 8 0.226414 0.3125 0.386584 1 1 1
8 P_8 9 9 0.5 0.5 0.5 1 1 1
8 P_8 10 10 0 0 0 1 1 1
8 P_8 11 11 0 0 0 1 1 1
8 P_8 12 12 0.5 0.5 0.5 1 1 1
8 P_8 13 13 0 0 0 1 1 1
8 P_8 14 14 0 0 0 1 1 1
8 P_8 15 15 0.5 0.5 0.5 1 1 1
8 P_8 16 16 0 0 0 1 1 1
8 P_8 17 17 0.089992 0.16326530612244897 0.255387 1 1 1
8 P_8 18 18 0.04958905 0.10576923076923077 0.191563 1 1 1
8 P_8 19 19 0 0 0 1 1 1
8 P_8 20 20 0.04861105 0.10377358490566038 0.188431 1 1 1
8 P_8 21 21 0.5 0.5 0.5 1 1 1
8 P_8 22 22 0.5 0.5 0.5 1 1 1
8 P_8 23 23 0.195735 0.2830188679245283 0.363627 1 1 1
8 P_8 24 24 0 0 0 1 1 1
8 P_8 25 25 0.0539875 0.11904761904761904 0.2168445 1 1 1
8 P_8 26 26 0.0475623 0.09836065573770492 0.1759815 1 1 1
8 P_8 27 27 0.0243796 0.06481481481481481 0.1418485 1 1 1
8 P_8 28 28 0 0 0 1 1 1
8 P_8 29 29 0 0 0 1 1 1
8 P_8 30 30 0 0 0 1 1 1
8 P_8 31 31 0.05737 0.11764705882352941 0.2056065 1 1 1
8 P_8 32 32 0 0 0 1 1 1
8 P_8 33 33 0.03229925 0.08 0.163832 1 1 1
8 P_8 34 34 0 0 0 1 1 1
8 P_8 35 35 0.03443325 0.0851063829787234 0.1728945 1 1 1
8 P_8 36 36 0.0550965 0.11320754716981132 0.1989225 1 1 1
8 P_8 37 37 0.0419892 0.09016393442622951 0.1665985 1 1 1
8 P_8 38 38 0.5 0.5 0.5 1 1 1
8 P_8 39 39 0.5 0.5 0.5 1 1 1
8 P_8 40 40 0 0 0 1 1 1
8 P_8 41 41 0.0506075 0.10784313725490197 0.194799 1 1 1
8 P_8 42 42 0 0 0 1 1 1
8 P_8 43 43 0.5 0.5 0.5 1 1 1
8 P_8 44 44 0.185445 0.2755102040816326 0.3600285 1 1 1
8 P_8 45 45 0.04316945 0.09615384615384616 0.1807095 1 1 1
8 P_8 46 46 0.04906695 0.10869565217391304 0.200814 1 1 1
8 P_8 47 47 0 0 0 1 1 1
8 P_8 48 48 0 0 0 1 1 1
8 P_8 49 49 0 0 0 1 1 1
8 P_8 50 50 0 0 0 1 1 1
8 P_8 51 51 0.0585785 0.12 0.2091165 1 1 1
8 P_8 52 52 0 0 0 1 1 1
8 P_8 53 53 0 0 0 1 1 1
8 P_8 54 54 0.04497075 0.1 0.186955 1 1 1
8 P_8 55 55 0 0 0 1 1 1
8 P_8 56 56 0 0 0 1 1 1
8 P_8 57 57 0.05621 0.11538461538461539 0.20221 1 1 1
8 P_8 58 58 0.0212141 0.06756756756756757 0.164835 1 1 1
8 P_8 59 59 0 0 0 1 1 1
8 P_8 60 60 0.1830465 0.27906976744186046 0.3679655 1 1 1
8 P_8 61 61 0.5 0.5 0.5 1 1 1
8 P_8 62 62 0 0 0 1 1 1
8 P_8 63 63 0.0206435 0.06578947368421052 0.161117 1 1 1
8 P_8 64 64 0.01342505 0.04310344827586207 0.110905 1 1 1
8 P_8 65 65 0.0837965 0.14754098360655737 0.2294375 1 1 1
8 P_8 66 66 0 0 0 1 1 1
8 P_8 67 67 0.03967855 0.0975609756097561 0.1943475 1 1 1
8 P_8 68 68 0.1961295 0.2818181818181818 0.361292 1 1 1
8 P_8 69 69 0.2211065 0.3181818181818182 0.3988935 1 1 1
9 P_9 0 0 0 0 0 1 1 1
9 P_9 1 1 0.5 0.5 0.5 1 1 1
9 P_9 2 2 0 0 0 1 1 1
9 P_9 3 3 0.0540265 0.1111111111111111 0.195738 1 1 1
9 P_9 4 4 0 0 0 1 1 1
9 P_9 5 5 0.0625325 0.1276595744680851 0.220388 1 1 1
9 P_9 6 6 0 0 0 1 1 1
9 P_9 7 7 0.0212344 0.061224489795918366 0.142002 1 1 1
9 P_9 8 8 0.133356 0.21052631578947367 0.295154 1 1 1
9 P_9 9 9 0.5 0.5 0.5 1 1 1
9 P_9 10 10 0.0352088 0.08695652173913043 0.1761395 1 1 1
9 P_9 11 11 0.02874635 0.07608695652173914 0.163319 1 1 1
9 P_9 12 12 0.5 0.5 0.5 1 1 1
9 P_9 13 13 0.142309 0.22549019607843138 0.313807 1 1 1
9 P_9 14 14 0 0 0 1 1 1
9 P_9 15 15 0.5 0.5 0.5 1 1 1
9 P_9 16 16 0 0 0 1 1 1
9 P_9 17 17 0 0 0 1 1 1
9 P_9 18 18 0 0 0 1 1 1
9 P_9 19 19 0 0 0 1 1 1
9 P_9 20 20 0 0 0 1 1 1
9 P_9 21 21 0.5 0.5 0.5 1 1 1
9 P_9 22 22 0.5 0.5 0.5 1 1 1
9 P_9 23 23 0.0324454 0.07627118644067797 0.1517545 1 1 1
9 P_9 24 24 0.0848535 0.15178571428571427 0.2375685 1 1 1
9 P_9 25 25 0 0 0 1 1 1
9 P_9 26 26 0 0 0 1 1 1
9 P_9 27 27 0 0 0 1 1 1
9 P_9 28 28 0.0173733 0.05555555555555555 0.1391125 1 1 1
9 P_9 29 29 0.0502105 0.1111111111111111 0.2045995 1 1 1
9 P_9 30 30 0.02245555 0.07142857142857142 0.172804 1 1 1
9 P_9 31 31 0 0 0 1 1 1
9 P_9 32 32 0 0 0 1 1 1
9 P_9 33 33 0 0 0 1 1 1
9 P_9 34 34 0.024617 0.078125 0.18629 1 1 1
9 P_9 35 35 0 0 0 1 1 1
9 P_9 36 36 0 0 0 1 1 1
9 P_9 37 37 0 0 0 1 1 1
9 P_9 38 38 0.5 0.5 0.5 1 1 1
9 P_9 39 39 0.5 0.5 0.5 1 1 1
9 P_9 40 40 0.0212344 0.061224489795918366 0.142002 1 1 1
9 P_9 41 41 0 0 0 1 1 1
9 P_9 42 42 0.15084 0.23529411764705882 0.32283 1 1 1
9 P_9 43 43 0.5 0.5 0.5 1 1 1
9 P_9 44 44 0.047671 0.10185185185185185 0.185398 1 1 1
9 P_9 45 45 0 0 0 1 1 1
9 P_9 46 46 0.04676675 0.1 0.18246 1 1 1
9 P_9 47 47 0.03869585 0.09523809523809523 0.1904155 1 1 1
9 P_9 48 48 0.1290245 0.21951219512195122 0.3178075 1 1 1
9 P_9 49 49 0 0 0 1 1 1
9 P_9 50 50 0.03588295 0.07746478873239436 0.145473 1 1 1
9 P_9 51 51 0 0 0 1 1 1
9 P_9 52 52 0.0239254 0.06363636363636363 0.139552 1 1 1
9 P_9 53 53 0.072974 0.14 0.2304755 1 1 1
9 P_9 54 54 0 0 0 1 1 1
9 P_9 55 55 0.15598 0.25 0.34402 1 1 1
9 P_9 56 56 0.02265905 0.0603448275862069 0.133086 1 1 1
9 P_9 57 57 0 0 0 1 1 1
9 P_9 58 58 0 0 0 1 1 1
9 P_9 59 59 0.0598395 0.12244897959183673 0.212746 1 1 1
9 P_9 60 60 0 0 0 1 1 1
9 P_9 61 61 0.5 0.5 0.5 1 1 1
9 P_9 62 62 0.064323 0.12745098039215685 0.2162195 1 1 1
9 P_9 63 63 0.0169829 0.04918032786885246 0.116731 1 1 1
9 P_9 64 64 0 0 0 1 1 1
9 P_9 65 65 0 0 0 1 1 1
9 P_9 66 66 0.061156 0.125 0.216501 1 1 1
9 P_9 67 67 0 0 0 1 1 1
9 P_9 68 68 0.107449 0.18888888888888888 0.2846975 1 1 1
9 P_9 69 69 0.34063 0.4166666666666667 0.46279 1 1 1
