2 #m
112 #n
0 P_0 0 0 0.0928855 0.14772727272727273 0.215372 1 1 1
0 P_0 1 1 0 0 0 1 1 1
0 P_0 2 2 0.1463805 0.2087912087912088 0.2762 1 1 1
0 P_0 3 3 0.2090745 0.2714285714285714 0.3315175 1 1 1
0 P_0 4 4 0 0 0 1 1 1
0 P_0 5 5 0.2391895 0.30952380952380953 0.3720645 1 1 1
0 P_0 6 6 0.1092715 0.16666666666666666 0.234274 1 1 1
0 P_0 7 7 0 0 0 1 1 1
0 P_0 8 8 0.23702 0.30864197530864196 0.372315 1 1 1
0 P_0 9 9 0.220578 0.28125 0.338818 1 1 1
0 P_0 10 10 0.2183605 0.28421052631578947 0.346079 1 1 1
0 P_0 11 11 0 0 0 1 1 1
0 P_0 12 12 0 0 0 1 1 1
0 P_0 13 13 0 0 0 1 1 1
0 P_0 14 14 0 0 0 1 1 1
0 P_0 15 15 0.2756015 0.34523809523809523 0.4024095 1 1 1
0 P_0 16 16 0.2397865 0.31097560975609756 0.373996 1 1 1
0 P_0 17 17 0 0 0 1 1 1
0 P_0 18 18 0.24777 0.3118811881188119 0.3692025 1 1 1
0 P_0 19 19 0.2595285 0.3211009174311927 0.375425 1 1 1
0 P_0 20 20 0 0 0 1 1 1
0 P_0 21 21 0 0 0 1 1 1
0 P_0 22 22 0.1999035 0.2619047619047619 0.3226475 1 1 1
0 P_0 23 23 0.2522425 0.31363636363636366 0.3685995 1 1 1
0 P_0 24 24 0.2711945 0.3368421052631579 0.3923855 1 1 1
0 P_0 25 25 0.129412 0.19375 0.265804 1 1 1
0 P_0 26 26 0.2668685 0.33163265306122447 0.3871775 1 1 1
0 P_0 27 27 0.259274 0.31896551724137934 0.3720365 1 1 1
0 P_0 28 28 0 0 0 1 1 1
0 P_0 29 29 0.300878 0.37037037037037035 0.4235595 1 1 1
0 P_0 30 30 0 0 0 1 1 1
0 P_0 31 31 0 0 0 1 1 1
0 P_0 32 32 0.2659765 0.32857142857142857 0.3828625 1 1 1
0 P_0 33 33 0 0 0 1 1 1
0 P_0 34 34 0 0 0 1 1 1
0 P_0 35 35 0 0 0 1 1 1
0 P_0 36 36 0 0 0 1 1 1
0 P_0 37 37 0 0 0 1 1 1
0 P_0 38 38 0.25351 0.3160377358490566 0.371649 1 1 1
0 P_0 39 39 0.281997 0.3446601941747573 0.397134 1 1 1
0 P_0 40 40 0 0 0 1 1 1
0 P_0 41 41 0 0 0 1 1 1
0 P_0 42 42 0.2047445 0.26635514018691586 0.326268 1 1 1
0 P_0 43 43 0.238684 0.30412371134020616 0.3633895 1 1 1
0 P_0 44 44 0.276556 0.33796296296296297 0.3903235 1 1 1
0 P_0 45 45 0 0 0 1 1 1
0 P_0 46 46 0 0 0 1 1 1
0 P_0 47 47 0.2298085 0.2988505747126437 0.3617075 1 1 1
0 P_0 48 48 0 0 0 1 1 1
0 P_0 49 49 0 0 0 1 1 1
0 P_0 50 50 0 0 0 1 1 1
0 P_0 51 51 0 0 0 1 1 1
0 P_0 52 52 0 0 0 1 1 1
0 P_0 53 53 0 0 0 1 1 1
0 P_0 54 54 0.223511 0.2894736842105263 0.350842 1 1 1
0 P_0 55 55 0.1250865 0.1853932584269663 0.253704 1 1 1
0 P_0 56 56 0.0900615 0.1388888888888889 0.19914 1 1 1
0 P_0 57 57 0 0 0 1 1 1
0 P_0 58 58 0.208143 0.2736842105263158 0.3364685 1 1 1
0 P_0 59 59 0 0 0 1 1 1
0 P_0 60 60 0.243305 0.30808080808080807 0.36636 1 1 1
0 P_0 61 61 0.2793285 0.3375 0.3875435 1 1 1
0 P_0 62 62 0 0 0 1 1 1
0 P_0 63 63 0.096882 0.14678899082568808 0.207215 1 1 1
0 P_0 64 64 0 0 0 1 1 1
0 P_0 65 65 0 0 0 1 1 1
0 P_0 66 66 0.2239665 0.29213483146067415 0.355083 1 1 1
0 P_0 67 67 0.2367725 0.29906542056074764 0.3562655 1 1 1
0 P_0 68 68 0 0 0 1 1 1
0 P_0 69 69 0 0 0 1 1 1
0 P_0 70 70 0 0 0 1 1 1
0 P_0 71 71 0.213323 0.27835051546391754 0.3401435 1 1 1
0 P_0 72 72 0.2158885 0.28 0.3407875 1 1 1
0 P_0 73 73 0 0 0 1 1 1
0 P_0 74 74 0.2059645 0.27040816326530615 0.3325465 1 1 1
0 P_0 75 75 0.0832265 0.13440860215053763 0.199312 1 1 1
0 P_0 76 76 0 0 0 1 1 1
0 P_0 77 77 0 0 0 1 1 1
0 P_0 78 78 0.277985 0.34408602150537637 0.399015 1 1 1
0 P_0 79 79 0 0 0 1 1 1
0 P_0 80 80 0 0 0 1 1 1
0 P_0 81 81 0 0 0 1 1 1
0 P_0 82 82 0.1247435 0.18181818181818182 0.246519 1 1 1
0 P_0 83 83 0.261471 0.32272727272727275 0.3766345 1 1 1
0 P_0 84 84 0 0 0 1 1 1
0 P_0 85 85 0 0 0 1 1 1
0 P_0 86 86 0.272873 0.3466666666666667 0.406367 1 1 1
0 P_0 87 87 0 0 0 1 1 1
0 P_0 88 88 0 0 0 1 1 1
0 P_0 89 89 0.280081 0.34574468085106386 0.400156 1 1 1
0 P_0 90 90 0 0 0 1 1 1
0 P_0 91 91 0.5 0.5 0.5 1 1 1
0 P_0 92 92 0 0 0 1 1 1
0 P_0 93 93 0.2410145 0.30612244897959184 0.364891 1 1 1
0 P_0 94 94 0 0 0 1 1 1
0 P_0 95 95 0 0 0 1 1 1
0 P_0 96 96 0 0 0 1 1 1
0 P_0 97 97 0.2396875 0.30288461538461536 0.36044 1 1 1
0 P_0 98 98 0 0 0 1 1 1
0 P_0 99 99 0.230868 0.29591836734693877 0.355782 1 1 1
0 P_0 100 100 0 0 0 1 1 1
0 P_0 101 101 0 0 0 1 1 1
0 P_0 102 102 0.284694 0.3412698412698413 0.3897595 1 1 1
0 P_0 103 103 0 0 0 1 1 1
0 P_0 104 104 0 0 0 1 1 1
0 P_0 105 105 0.2473695 0.31382978723404253 0.3727865 1 1 1
0 P_0 106 106 0.257006 0.32038834951456313 0.3761925 1 1 1
0 P_0 107 107 0.301002 0.35964912280701755 0.4075955 1 1 1
0 P_0 108 108 0 0 0 1 1 1
0 P_0 109 109 0 0 0 1 1 1
0 P_0 110 110 0 0 0 1 1 1
0 P_0 111 111 0.2459005 0.3170731707317073 0.37926 1 1 1
1 P_4 0 0 0 0 0 1 1 1
1 P_4 1 1 0.0291504 0.061224489795918366 0.1145505 1 1 1
1 P_4 2 2 0 0 0 1 1 1
1 P_4 3 3 0.1596995 0.21904761904761905 0.2816675 1 1 1
1 P_4 4 4 0.0271894 0.05913978494623656 0.1136765 1 1 1
1 P_4 5 5 0.139908 0.20224719101123595 0.2705025 1 1 1
1 P_4 6 6 0.173516 0.2388888888888889 0.305624 1 1 1
1 P_4 7 7 0.0257708 0.05612244897959184 0.10829 1 1 1
1 P_4 8 8 0.188581 0.24778761061946902 0.3072125 1 1 1
1 P_4 9 9 0.1603075 0.22058823529411764 0.284066 1 1 1
1 P_4 10 10 0.205006 0.26605504587155965 0.325467 1 1 1
1 P_4 11 11 0.0304229 0.06382978723404255 0.119053 1 1 1
1 P_4 12 12 0.02158365 0.049019607843137254 0.0982035 1 1 1
1 P_4 13 13 0.04168175 0.07563025210084033 0.1258785 1 1 1
1 P_4 14 14 0.03643025 0.07386363636363637 0.1332955 1 1 1
1 P_4 15 15 0.1837675 0.24742268041237114 0.311372 1 1 1
1 P_4 16 16 0.1824025 0.245 0.3081515 1 1 1
1 P_4 17 17 0.03342715 0.06465517241379311 0.1136305 1 1 1
1 P_4 18 18 0.181652 0.24725274725274726 0.3131865 1 1 1
1 P_4 19 19 0.2183325 0.28095238095238095 0.3403005 1 1 1
1 P_4 20 20 0.1830805 0.24509803921568626 0.3076485 1 1 1
1 P_4 21 21 0 0 0 1 1 1
1 P_4 22 22 0.1868135 0.25274725274725274 0.318348 1 1 1
1 P_4 23 23 0.1948455 0.2608695652173913 0.325589 1 1 1
1 P_4 24 24 0.1989505 0.25892857142857145 0.3180195 1 1 1
1 P_4 25 25 0.1624405 0.22580645161290322 0.2920465 1 1 1
1 P_4 26 26 0.2106185 0.2765957446808511 0.3394455 1 1 1
1 P_4 27 27 0.151532 0.2079646017699115 0.268537 1 1 1
1 P_4 28 28 0.02225085 0.050505050505050504 0.100977 1 1 1
1 P_4 29 29 0.2102195 0.2784090909090909 0.3430405 1 1 1
1 P_4 30 30 0.01711195 0.043010752688172046 0.093355 1 1 1
1 P_4 31 31 0 0 0 1 1 1
1 P_4 32 32 0.1844305 0.2474747474747475 0.3108015 1 1 1
1 P_4 33 33 0.0192121 0.04819277108433735 0.1037545 1 1 1
1 P_4 34 34 0.01748045 0.041666666666666664 0.087172 1 1 1
1 P_4 35 35 0 0 0 1 1 1
1 P_4 36 36 0.0291504 0.061224489795918366 0.1145505 1 1 1
1 P_4 37 37 0 0 0 1 1 1
1 P_4 38 38 0.1831755 0.25 0.3168245 1 1 1
1 P_4 39 39 0.2183605 0.28421052631578947 0.346079 1 1 1
1 P_4 40 40 0.2042075 0.2669902912621359 0.3279435 1 1 1
1 P_4 41 41 0.0324072 0.06422018348623854 0.114921 1 1 1
1 P_4 42 42 0.1818195 0.24285714285714285 0.30465 1 1 1
1 P_4 43 43 0.184379 0.24528301886792453 0.306681 1 1 1
1 P_4 44 44 0.1479565 0.205607476635514 0.2678665 1 1 1
1 P_4 45 45 0.02473835 0.05392156862745098 0.104334 1 1 1
1 P_4 46 46 0.01171245 0.03153153153153153 0.073082 1 1 1
1 P_4 47 47 0.153434 0.21428571428571427 0.279172 1 1 1
1 P_4 48 48 0.0257708 0.05612244897959184 0.10829 1 1 1
1 P_4 49 49 0.0594385 0.10194174757281553 0.160367 1 1 1
1 P_4 50 50 0.02095535 0.047619047619047616 0.095578 1 1 1
1 P_4 51 51 0 0 0 1 1 1
1 P_4 52 52 0.01050215 0.030612244897959183 0.0753005 1 1 1
1 P_4 53 53 0.03559675 0.07222222222222222 0.1305775 1 1 1
1 P_4 54 54 0.1756635 0.24157303370786518 0.308527 1 1 1
1 P_4 55 55 0.193319 0.25471698113207547 0.315621 1 1 1
1 P_4 56 56 0 0 0 1 1 1
1 P_4 57 57 0.0220239 0.05 0.100035 1 1 1
1 P_4 58 58 0.176116 0.23958333333333334 0.304251 1 1 1
1 P_4 59 59 0.02664405 0.060240963855421686 0.118869 1 1 1
1 P_4 60 60 0.2145075 0.2727272727272727 0.328852 1 1 1
1 P_4 61 61 0.2205585 0.2796610169491525 0.3359625 1 1 1
1 P_4 62 62 0.03597205 0.06944444444444445 0.121443 1 1 1
1 P_4 63 63 0 0 0 1 1 1
1 P_4 64 64 0.0211607 0.04807692307692308 0.0964375 1 1 1
1 P_4 65 65 0.03643025 0.07386363636363637 0.1332955 1 1 1
1 P_4 66 66 0.122134 0.1813186813186813 0.2488325 1 1 1
1 P_4 67 67 0.181704 0.24489795918367346 0.308668 1 1 1
1 P_4 68 68 0.02398065 0.05434782608695652 0.1080975 1 1 1
1 P_4 69 69 0.01301735 0.035 0.0806365 1 1 1
1 P_4 70 70 0.02188855 0.04782608695652174 0.093256 1 1 1
1 P_4 71 71 0.208143 0.2736842105263158 0.3364685 1 1 1
1 P_4 72 72 0.149539 0.21195652173913043 0.2789405 1 1 1
1 P_4 73 73 0.02425255 0.052884615384615384 0.102462 1 1 1
1 P_4 74 74 0.186171 0.25280898876404495 0.3190985 1 1 1
1 P_4 75 75 0 0 0 1 1 1
1 P_4 76 76 0.02884875 0.06060606060606061 0.1134775 1 1 1
1 P_4 77 77 0.02780155 0.06043956043956044 0.1159835 1 1 1
1 P_4 78 78 0.193025 0.2578947368421053 0.3218455 1 1 1
1 P_4 79 79 0 0 0 1 1 1
1 P_4 80 80 0 0 0 1 1 1
1 P_4 81 81 0.0659785 0.11585365853658537 0.1836815 1 1 1
1 P_4 82 82 0 0 0 1 1 1
1 P_4 83 83 0.167554 0.22815533980582525 0.2911095 1 1 1
1 P_4 84 84 0 0 0 1 1 1
1 P_4 85 85 0 0 0 1 1 1
1 P_4 86 86 0.165813 0.22131147540983606 0.279433 1 1 1
1 P_4 87 87 0.0224825 0.05102040816326531 0.101936 1 1 1
1 P_4 88 88 0.0304229 0.06382978723404255 0.119053 1 1 1
1 P_4 89 89 0.210827 0.268 0.3235655 1 1 1
1 P_4 90 90 0.0520435 0.09375 0.1534295 1 1 1
1 P_4 91 91 0.5 0.5 0.5 1 1 1
1 P_4 92 92 0.0355571 0.06722689075630252 0.1159745 1 1 1
1 P_4 93 93 0.1966115 0.25675675675675674 0.316225 1 1 1
1 P_4 94 94 0 0 0 1 1 1
1 P_4 95 95 0 0 0 1 1 1
1 P_4 96 96 0 0 0 1 1 1
1 P_4 97 97 0.196184 0.2602040816326531 0.3230715 1 1 1
1 P_4 98 98 0.0263201 0.057291666666666664 0.1103825 1 1 1
1 P_4 99 99 0.1269175 0.18681318681318682 0.254372 1 1 1
1 P_4 100 100 0.02742955 0.057692307692307696 0.108399 1 1 1
1 P_4 101 101 0.044845 0.08421052631578947 0.1428315 1 1 1
1 P_4 102 102 0.1781005 0.2383177570093458 0.2997475 1 1 1
1 P_4 103 103 0.0343381 0.06637168141592921 0.11644 1 1 1
1 P_4 104 104 0.02378545 0.05188679245283019 0.100656 1 1 1
1 P_4 105 105 0.1823795 0.24731182795698925 0.312564 1 1 1
1 P_4 106 106 0.1868995 0.24766355140186916 0.30867 1 1 1
1 P_4 107 107 0.2107555 0.2760416666666667 0.3383275 1 1 1
1 P_4 108 108 0.02095535 0.047619047619047616 0.095578 1 1 1
1 P_4 109 109 0.0224863 0.049107142857142856 0.095599 1 1 1
1 P_4 110 110 0.026391 0.05555555555555555 0.104651 1 1 1
1 P_4 111 111 0.199182 0.2623762376237624 0.324212 1 1 1
