5 #m
441 #n
0 P_2 0 0 0.2921 0.3118331716779825 0.3308785 1 1 1
0 P_2 1 1 0.0387219 0.049948506694129764 0.0635365 1 1 1
0 P_2 2 2 0 0 0 1 1 1
0 P_2 3 3 0 0 0 1 1 1
0 P_2 4 4 0 0 0 1 1 1
0 P_2 5 5 0 0 0 1 1 1
0 P_2 6 6 0 0 0 1 1 1
0 P_2 7 7 0 0 0 1 1 1
0 P_2 8 8 0 0 0 1 1 1
0 P_2 9 9 0 0 0 1 1 1
0 P_2 10 10 0 0 0 1 1 1
0 P_2 11 11 0 0 0 1 1 1
0 P_2 12 12 0.2921855 0.31231079717457116 0.331715 1 1 1
0 P_2 13 13 0.04813205 0.06040609137055838 0.0748865 1 1 1
0 P_2 14 14 0 0 0 1 1 1
0 P_2 15 15 0.3014865 0.32142857142857145 0.3405465 1 1 1
0 P_2 16 16 0 0 0 1 1 1
0 P_2 17 17 0 0 0 1 1 1
0 P_2 18 18 0 0 0 1 1 1
0 P_2 19 19 0.1123885 0.12976313079299692 0.1485575 1 1 1
0 P_2 20 20 0.0382266 0.04938271604938271 0.0629045 1 1 1
0 P_2 21 21 0.0432701 0.05493951612903226 0.068863 1 1 1
0 P_2 22 22 0.04152435 0.053180396246089674 0.0671885 1 1 1
0 P_2 23 23 0.429272 0.44337714863498484 0.455241 1 1 1
0 P_2 24 24 0.0441711 0.0560081466395112 0.0701095 1 1 1
0 P_2 25 25 0 0 0 1 1 1
0 P_2 26 26 0 0 0 1 1 1
0 P_2 27 27 0.1218025 0.13963039014373715 0.1587575 1 1 1
0 P_2 28 28 0 0 0 1 1 1
0 P_2 29 29 0 0 0 1 1 1
0 P_2 30 30 0.291121 0.310916179337232 0.3300305 1 1 1
0 P_2 31 31 0 0 0 1 1 1
0 P_2 32 32 0.290143 0.31050463439752835 0.3301515 1 1 1
0 P_2 33 33 0.04127585 0.05255402750491159 0.066056 1 1 1
0 P_2 34 34 0.2888135 0.30892678034102306 0.328362 1 1 1
0 P_2 35 35 0.111952 0.12919633774160733 0.14785 1 1 1
0 P_2 36 36 0.0394489 0.050490196078431374 0.063774 1 1 1
0 P_2 37 37 0.0403244 0.05153617443012884 0.065003 1 1 1
0 P_2 38 38 0 0 0 1 1 1
0 P_2 39 39 0 0 0 1 1 1
0 P_2 40 40 0 0 0 1 1 1
0 P_2 41 41 0.1019715 0.11843409316154609 0.136392 1 1 1
0 P_2 42 42 0 0 0 1 1 1
0 P_2 43 43 0.296988 0.3171603677221655 0.336546 1 1 1
0 P_2 44 44 0 0 0 1 1 1
0 P_2 45 45 0 0 0 1 1 1
0 P_2 46 46 0.1143985 0.13163163163163163 0.1502235 1 1 1
0 P_2 47 47 0 0 0 1 1 1
0 P_2 48 48 0 0 0 1 1 1
0 P_2 49 49 0 0 0 1 1 1
0 P_2 50 50 0.054478 0.06726013847675569 0.082115 1 1 1
0 P_2 51 51 0 0 0 1 1 1
0 P_2 52 52 0.0439086 0.05550098231827112 0.069284 1 1 1
0 P_2 53 53 0 0 0 1 1 1
0 P_2 54 54 0.03697555 0.048264642082429504 0.062061 1 1 1
0 P_2 55 55 0.3031485 0.323 0.3420145 1 1 1
0 P_2 56 56 0 0 0 1 1 1
0 P_2 57 57 0.1195435 0.1367604267701261 0.15523700000000001 1 1 1
0 P_2 58 58 0 0 0 1 1 1
0 P_2 59 59 0 0 0 1 1 1
0 P_2 60 60 0.298567 0.3185 0.3376475 1 1 1
0 P_2 61 61 0.03859265 0.049466537342386034 0.0625705 1 1 1
0 P_2 62 62 0 0 0 1 1 1
0 P_2 63 63 0.053526 0.06620553359683795 0.080967 1 1 1
0 P_2 64 64 0.1218705 0.1398128898128898 0.159069 1 1 1
0 P_2 65 65 0.112918 0.13021363173957273 0.148907 1 1 1
0 P_2 66 66 0 0 0 1 1 1
0 P_2 67 67 0 0 0 1 1 1
0 P_2 68 68 0 0 0 1 1 1
0 P_2 69 69 0 0 0 1 1 1
0 P_2 70 70 0 0 0 1 1 1
0 P_2 71 71 0 0 0 1 1 1
0 P_2 72 72 0.2929325 0.312807881773399 0.3319735 1 1 1
0 P_2 73 73 0 0 0 1 1 1
0 P_2 74 74 0.0327658 0.04316546762589928 0.0560015 1 1 1
0 P_2 75 75 0 0 0 1 1 1
0 P_2 76 76 0 0 0 1 1 1
0 P_2 77 77 0 0 0 1 1 1
0 P_2 78 78 0 0 0 1 1 1
0 P_2 79 79 0.0477738 0.06002034587995931 0.0744825 1 1 1
0 P_2 80 80 0 0 0 1 1 1
0 P_2 81 81 0 0 0 1 1 1
0 P_2 82 82 0.1196075 0.13734567901234568 0.156413 1 1 1
0 P_2 83 83 0 0 0 1 1 1
0 P_2 84 84 0.4276685 0.4421272158498436 0.45429 1 1 1
0 P_2 85 85 0 0 0 1 1 1
0 P_2 86 86 0.0383719 0.04930966469428008 0.0625165 1 1 1
0 P_2 87 87 0 0 0 1 1 1
0 P_2 88 88 0 0 0 1 1 1
0 P_2 89 89 0.041345 0.05240793201133145 0.06561 1 1 1
0 P_2 90 90 0.046177 0.058394160583941604 0.0729015 1 1 1
0 P_2 91 91 0 0 0 1 1 1
0 P_2 92 92 0 0 0 1 1 1
0 P_2 93 93 0.0469475 0.058881256133464184 0.0729655 1 1 1
0 P_2 94 94 0.04052865 0.05218317358892439 0.066252 1 1 1
0 P_2 95 95 0.04848095 0.06083844580777096 0.075413 1 1 1
0 P_2 96 96 0 0 0 1 1 1
0 P_2 97 97 0 0 0 1 1 1
0 P_2 98 98 0.420033 0.4346758349705305 0.447239 1 1 1
0 P_2 99 99 0 0 0 1 1 1
0 P_2 100 100 0.03836695 0.04918032786885246 0.062214 1 1 1
0 P_2 101 101 0.1189815 0.13623046875 0.1547535 1 1 1
0 P_2 102 102 0 0 0 1 1 1
0 P_2 103 103 0 0 0 1 1 1
0 P_2 104 104 0 0 0 1 1 1
0 P_2 105 105 0 0 0 1 1 1
0 P_2 106 106 0 0 0 1 1 1
0 P_2 107 107 0.3012935 0.32124874118831825 0.340381 1 1 1
0 P_2 108 108 0 0 0 1 1 1
0 P_2 109 109 0.436729 0.4502032520325203 0.4613455 1 1 1
0 P_2 110 110 0 0 0 1 1 1
0 P_2 111 111 0 0 0 1 1 1
0 P_2 112 112 0 0 0 1 1 1
0 P_2 113 113 0.04652435 0.05858585858585859 0.072864 1 1 1
0 P_2 114 114 0 0 0 1 1 1
0 P_2 115 115 0 0 0 1 1 1
0 P_2 116 116 0 0 0 1 1 1
0 P_2 117 117 0 0 0 1 1 1
0 P_2 118 118 0 0 0 1 1 1
0 P_2 119 119 0 0 0 1 1 1
0 P_2 120 120 0 0 0 1 1 1
0 P_2 121 121 0.046715 0.05870646766169154 0.07288 1 1 1
0 P_2 122 122 0 0 0 1 1 1
0 P_2 123 123 0.04295155 0.054600606673407485 0.0685145 1 1 1
0 P_2 124 124 0 0 0 1 1 1
0 P_2 125 125 0 0 0 1 1 1
0 P_2 126 126 0.4316115 0.44544544544544545 0.4570365 1 1 1
0 P_2 127 127 0 0 0 1 1 1
0 P_2 128 128 0 0 0 1 1 1
0 P_2 129 129 0 0 0 1 1 1
0 P_2 130 130 0 0 0 1 1 1
0 P_2 131 131 0.04236265 0.05380059230009872 0.067459 1 1 1
0 P_2 132 132 0 0 0 1 1 1
0 P_2 133 133 0 0 0 1 1 1
0 P_2 134 134 0.0389561 0.050314465408805034 0.0640715 1 1 1
0 P_2 135 135 0.1203635 0.137913741223671 0.156753 1 1 1
0 P_2 136 136 0 0 0 1 1 1
0 P_2 137 137 0 0 0 1 1 1
0 P_2 138 138 0.04969965 0.061946902654867256 0.076314 1 1 1
0 P_2 139 139 0.1146275 0.1326419213973799 0.152125 1 1 1
0 P_2 140 140 0 0 0 1 1 1
0 P_2 141 141 0 0 0 1 1 1
0 P_2 142 142 0.0359619 0.046747967479674794 0.0599015 1 1 1
0 P_2 143 143 0 0 0 1 1 1
0 P_2 144 144 0.0416528 0.053475935828877004 0.067708 1 1 1
0 P_2 145 145 0.0420481 0.053465346534653464 0.0671135 1 1 1
0 P_2 146 146 0 0 0 1 1 1
0 P_2 147 147 0 0 0 1 1 1
0 P_2 148 148 0.0531945 0.06596173212487412 0.080854 1 1 1
0 P_2 149 149 0 0 0 1 1 1
0 P_2 150 150 0 0 0 1 1 1
0 P_2 151 151 0.04448115 0.0561576354679803 0.0700235 1 1 1
0 P_2 152 152 0 0 0 1 1 1
0 P_2 153 153 0 0 0 1 1 1
0 P_2 154 154 0.0405275 0.05179282868525897 0.065321 1 1 1
0 P_2 155 155 0 0 0 1 1 1
0 P_2 156 156 0 0 0 1 1 1
0 P_2 157 157 0 0 0 1 1 1
0 P_2 158 158 0.04996095 0.062436548223350256 0.077095 1 1 1
0 P_2 159 159 0.04288915 0.05440158259149357 0.068132 1 1 1
0 P_2 160 160 0.059646 0.0729064039408867 0.0881675 1 1 1
0 P_2 161 161 0.04611115 0.05795677799607073 0.0719655 1 1 1
0 P_2 162 162 0 0 0 1 1 1
0 P_2 163 163 0 0 0 1 1 1
0 P_2 164 164 0.2819905 0.30196078431372547 0.3213465 1 1 1
0 P_2 165 165 0 0 0 1 1 1
0 P_2 166 166 0 0 0 1 1 1
0 P_2 167 167 0.051395 0.0637065637065637 0.07808 1 1 1
0 P_2 168 168 0 0 0 1 1 1
0 P_2 169 169 0 0 0 1 1 1
0 P_2 170 170 0 0 0 1 1 1
0 P_2 171 171 0 0 0 1 1 1
0 P_2 172 172 0 0 0 1 1 1
0 P_2 173 173 0 0 0 1 1 1
0 P_2 174 174 0.3041675 0.324 0.342984 1 1 1
0 P_2 175 175 0 0 0 1 1 1
0 P_2 176 176 0.04746335 0.05969387755102041 0.0741505 1 1 1
0 P_2 177 177 0 0 0 1 1 1
0 P_2 178 178 0 0 0 1 1 1
0 P_2 179 179 0.03988325 0.05110220440881764 0.0646055 1 1 1
0 P_2 180 180 0 0 0 1 1 1
0 P_2 181 181 0 0 0 1 1 1
0 P_2 182 182 0 0 0 1 1 1
0 P_2 183 183 0.0394218 0.050335570469798654 0.063444 1 1 1
0 P_2 184 184 0 0 0 1 1 1
0 P_2 185 185 0 0 0 1 1 1
0 P_2 186 186 0.29082 0.31056201550387597 0.329631 1 1 1
0 P_2 187 187 0 0 0 1 1 1
0 P_2 188 188 0.110219 0.12780748663101604 0.146894 1 1 1
0 P_2 189 189 0 0 0 1 1 1
0 P_2 190 190 0 0 0 1 1 1
0 P_2 191 191 0.04502755 0.05689828801611279 0.0709985 1 1 1
0 P_2 192 192 0.0422172 0.0536779324055666 0.067376 1 1 1
0 P_2 193 193 0 0 0 1 1 1
0 P_2 194 194 0 0 0 1 1 1
0 P_2 195 195 0 0 0 1 1 1
0 P_2 196 196 0.297861 0.3176877470355731 0.3367475 1 1 1
0 P_2 197 197 0.04327395 0.05526036131774708 0.0696185 1 1 1
0 P_2 198 198 0 0 0 1 1 1
0 P_2 199 199 0 0 0 1 1 1
0 P_2 200 200 0 0 0 1 1 1
0 P_2 201 201 0.10296 0.11937377690802348 0.1372535 1 1 1
0 P_2 202 202 0.0460824 0.05797819623389495 0.072056 1 1 1
0 P_2 203 203 0.108549 0.12524366471734893 0.143333 1 1 1
0 P_2 204 204 0 0 0 1 1 1
0 P_2 205 205 0 0 0 1 1 1
0 P_2 206 206 0 0 0 1 1 1
0 P_2 207 207 0.1127975 0.12979351032448377 0.148145 1 1 1
0 P_2 208 208 0.04243055 0.053946053946053944 0.067707 1 1 1
0 P_2 209 209 0 0 0 1 1 1
0 P_2 210 210 0.050044 0.06231599607458292 0.0766995 1 1 1
0 P_2 211 211 0 0 0 1 1 1
0 P_2 212 212 0 0 0 1 1 1
0 P_2 213 213 0 0 0 1 1 1
0 P_2 214 214 0 0 0 1 1 1
0 P_2 215 215 0 0 0 1 1 1
0 P_2 216 216 0.0450947 0.05680705190989226 0.070689 1 1 1
0 P_2 217 217 0 0 0 1 1 1
0 P_2 218 218 0.288441 0.3090717299578059 0.328988 1 1 1
0 P_2 219 219 0 0 0 1 1 1
0 P_2 220 220 0 0 0 1 1 1
0 P_2 221 221 0.4332395 0.4470468431771894 0.458554 1 1 1
0 P_2 222 222 0 0 0 1 1 1
0 P_2 223 223 0.1076765 0.125 0.143835 1 1 1
0 P_2 224 224 0.114789 0.13186274509803922 0.1502645 1 1 1
0 P_2 225 225 0.0464512 0.05855397148676171 0.0728915 1 1 1
0 P_2 226 226 0 0 0 1 1 1
0 P_2 227 227 0 0 0 1 1 1
0 P_2 228 228 0 0 0 1 1 1
0 P_2 229 229 0.0464657 0.058229066410009626 0.0721085 1 1 1
0 P_2 230 230 0 0 0 1 1 1
0 P_2 231 231 0 0 0 1 1 1
0 P_2 232 232 0.0412223 0.05242718446601942 0.065831 1 1 1
0 P_2 233 233 0 0 0 1 1 1
0 P_2 234 234 0.113732 0.13077679449360866 0.149166 1 1 1
0 P_2 235 235 0 0 0 1 1 1
0 P_2 236 236 0.1050725 0.12203913491246138 0.140517 1 1 1
0 P_2 237 237 0 0 0 1 1 1
0 P_2 238 238 0.114472 0.13193018480492813 0.1507785 1 1 1
0 P_2 239 239 0.29574 0.3155818540433925 0.334682 1 1 1
0 P_2 240 240 0 0 0 1 1 1
0 P_2 241 241 0 0 0 1 1 1
0 P_2 242 242 0 0 0 1 1 1
0 P_2 243 243 0.03955505 0.0508130081300813 0.064391 1 1 1
0 P_2 244 244 0 0 0 1 1 1
0 P_2 245 245 0.0499414 0.062135922330097085 0.0764215 1 1 1
0 P_2 246 246 0 0 0 1 1 1
0 P_2 247 247 0.04924505 0.06184486373165619 0.0767055 1 1 1
0 P_2 248 248 0.04776875 0.05984174085064293 0.074071 1 1 1
0 P_2 249 249 0 0 0 1 1 1
0 P_2 250 250 0.04263315 0.05408062930186824 0.0677365 1 1 1
0 P_2 251 251 0 0 0 1 1 1
0 P_2 252 252 0 0 0 1 1 1
0 P_2 253 253 0 0 0 1 1 1
0 P_2 254 254 0.1116595 0.1287575150300601 0.1472485 1 1 1
0 P_2 255 255 0 0 0 1 1 1
0 P_2 256 256 0 0 0 1 1 1
0 P_2 257 257 0.04417285 0.05577299412915851 0.069552 1 1 1
0 P_2 258 258 0.04501245 0.056762092793682134 0.0706985 1 1 1
0 P_2 259 259 0.1115455 0.12862862862862862 0.147105 1 1 1
0 P_2 260 260 0 0 0 1 1 1
0 P_2 261 261 0 0 0 1 1 1
0 P_2 262 262 0.2857305 0.3055019305019305 0.324659 1 1 1
0 P_2 263 263 0.03335455 0.043933054393305436 0.0569815 1 1 1
0 P_2 264 264 0 0 0 1 1 1
0 P_2 265 265 0 0 0 1 1 1
0 P_2 266 266 0 0 0 1 1 1
0 P_2 267 267 0.0459901 0.057863501483679525 0.0719155 1 1 1
0 P_2 268 268 0.04047015 0.05197505197505198 0.065839 1 1 1
0 P_2 269 269 0 0 0 1 1 1
0 P_2 270 270 0 0 0 1 1 1
0 P_2 271 271 0 0 0 1 1 1
0 P_2 272 272 0 0 0 1 1 1
0 P_2 273 273 0 0 0 1 1 1
0 P_2 274 274 0 0 0 1 1 1
0 P_2 275 275 0 0 0 1 1 1
0 P_2 276 276 0.0471315 0.059400826446280995 0.073927 1 1 1
0 P_2 277 277 0 0 0 1 1 1
0 P_2 278 278 0.0543415 0.06699029126213592 0.0816765 1 1 1
0 P_2 279 279 0 0 0 1 1 1
0 P_2 280 280 0.1126845 0.12966601178781925 0.1480035 1 1 1
0 P_2 281 281 0.112381 0.1295 0.1480005 1 1 1
0 P_2 282 282 0.0412384 0.05233111322549953 0.0655805 1 1 1
0 P_2 283 283 0 0 0 1 1 1
0 P_2 284 284 0 0 0 1 1 1
0 P_2 285 285 0 0 0 1 1 1
0 P_2 286 286 0 0 0 1 1 1
0 P_2 287 287 0 0 0 1 1 1
0 P_2 288 288 0.0441323 0.05560882070949185 0.0692225 1 1 1
0 P_2 289 289 0.101883 0.11867905056759546 0.137029 1 1 1
0 P_2 290 290 0.1075515 0.12474012474012475 0.143422 1 1 1
0 P_2 291 291 0 0 0 1 1 1
0 P_2 292 292 0.123684 0.14106280193236714 0.1596485 1 1 1
0 P_2 293 293 0.296484 0.31622678396871945 0.335227 1 1 1
0 P_2 294 294 0 0 0 1 1 1
0 P_2 295 295 0 0 0 1 1 1
0 P_2 296 296 0 0 0 1 1 1
0 P_2 297 297 0.1217805 0.13957055214723926 0.158655 1 1 1
0 P_2 298 298 0.04725745 0.059322033898305086 0.073566 1 1 1
0 P_2 299 299 0 0 0 1 1 1
0 P_2 300 300 0.111454 0.1282798833819242 0.146462 1 1 1
0 P_2 301 301 0 0 0 1 1 1
0 P_2 302 302 0.108463 0.12550813008130082 0.144004 1 1 1
0 P_2 303 303 0.29894 0.3187192118226601 0.337722 1 1 1
0 P_2 304 304 0 0 0 1 1 1
0 P_2 305 305 0 0 0 1 1 1
0 P_2 306 306 0 0 0 1 1 1
0 P_2 307 307 0.1102975 0.1269083969465649 0.1448665 1 1 1
0 P_2 308 308 0 0 0 1 1 1
0 P_2 309 309 0 0 0 1 1 1
0 P_2 310 310 0 0 0 1 1 1
0 P_2 311 311 0 0 0 1 1 1
0 P_2 312 312 0 0 0 1 1 1
0 P_2 313 313 0 0 0 1 1 1
0 P_2 314 314 0 0 0 1 1 1
0 P_2 315 315 0 0 0 1 1 1
0 P_2 316 316 0 0 0 1 1 1
0 P_2 317 317 0.430238 0.44433094994892747 0.4561485 1 1 1
0 P_2 318 318 0 0 0 1 1 1
0 P_2 319 319 0 0 0 1 1 1
0 P_2 320 320 0 0 0 1 1 1
0 P_2 321 321 0 0 0 1 1 1
0 P_2 322 322 0 0 0 1 1 1
0 P_2 323 323 0.0449975 0.056981519507186856 0.071237 1 1 1
0 P_2 324 324 0 0 0 1 1 1
0 P_2 325 325 0 0 0 1 1 1
0 P_2 326 326 0 0 0 1 1 1
0 P_2 327 327 0 0 0 1 1 1
0 P_2 328 328 0 0 0 1 1 1
0 P_2 329 329 0.3105385 0.33031218529707956 0.349158 1 1 1
0 P_2 330 330 0 0 0 1 1 1
0 P_2 331 331 0 0 0 1 1 1
0 P_2 332 332 0.0408983 0.05226130653266332 0.0659025 1 1 1
0 P_2 333 333 0.299291 0.319331983805668 0.3385685 1 1 1
0 P_2 334 334 0 0 0 1 1 1
0 P_2 335 335 0 0 0 1 1 1
0 P_2 336 336 0 0 0 1 1 1
0 P_2 337 337 0.308951 0.3287878787878788 0.347712 1 1 1
0 P_2 338 338 0.1088905 0.12588116817724068 0.1443055 1 1 1
0 P_2 339 339 0 0 0 1 1 1
0 P_2 340 340 0.103065 0.11964107676969092 0.1377075 1 1 1
0 P_2 341 341 0 0 0 1 1 1
0 P_2 342 342 0.1068355 0.12373737373737374 0.142102 1 1 1
0 P_2 343 343 0 0 0 1 1 1
0 P_2 344 344 0 0 0 1 1 1
0 P_2 345 345 0 0 0 1 1 1
0 P_2 346 346 0 0 0 1 1 1
0 P_2 347 347 0 0 0 1 1 1
0 P_2 348 348 0.051245 0.06352261790182868 0.0778585 1 1 1
0 P_2 349 349 0 0 0 1 1 1
0 P_2 350 350 0 0 0 1 1 1
0 P_2 351 351 0.1115455 0.12862862862862862 0.147105 1 1 1
0 P_2 352 352 0 0 0 1 1 1
0 P_2 353 353 0 0 0 1 1 1
0 P_2 354 354 0 0 0 1 1 1
0 P_2 355 355 0 0 0 1 1 1
0 P_2 356 356 0 0 0 1 1 1
0 P_2 357 357 0.04930175 0.06162324649298597 0.0761085 1 1 1
0 P_2 358 358 0.2912165 0.3109815354713314 0.330067 1 1 1
0 P_2 359 359 0 0 0 1 1 1
0 P_2 360 360 0 0 0 1 1 1
0 P_2 361 361 0 0 0 1 1 1
0 P_2 362 362 0 0 0 1 1 1
0 P_2 363 363 0 0 0 1 1 1
0 P_2 364 364 0 0 0 1 1 1
0 P_2 365 365 0.04412535 0.056074766355140186 0.0703325 1 1 1
0 P_2 366 366 0 0 0 1 1 1
0 P_2 367 367 0 0 0 1 1 1
0 P_2 368 368 0 0 0 1 1 1
0 P_2 369 369 0.4272085 0.44147325933400605 0.453523 1 1 1
0 P_2 370 370 0 0 0 1 1 1
0 P_2 371 371 0 0 0 1 1 1
0 P_2 372 372 0 0 0 1 1 1
0 P_2 373 373 0.0479089 0.06024716786817714 0.0748255 1 1 1
0 P_2 374 374 0.2915065 0.31122942884801547 0.3302725 1 1 1
0 P_2 375 375 0.0410311 0.05268703898840885 0.066726 1 1 1
0 P_2 376 376 0.431743 0.44517958412098296 0.4565005 1 1 1
0 P_2 377 377 0.04012185 0.05121951219512195 0.0645405 1 1 1
0 P_2 378 378 0.0456973 0.057615230460921846 0.071743 1 1 1
0 P_2 379 379 0.04537515 0.05721393034825871 0.071252 1 1 1
0 P_2 380 380 0 0 0 1 1 1
0 P_2 381 381 0.0389363 0.049902152641878667 0.0631125 1 1 1
0 P_2 382 382 0 0 0 1 1 1
0 P_2 383 383 0 0 0 1 1 1
0 P_2 384 384 0 0 0 1 1 1
0 P_2 385 385 0 0 0 1 1 1
0 P_2 386 386 0.0455658 0.057692307692307696 0.07211 1 1 1
0 P_2 387 387 0 0 0 1 1 1
0 P_2 388 388 0 0 0 1 1 1
0 P_2 389 389 0 0 0 1 1 1
0 P_2 390 390 0.298437 0.318698347107438 0.338146 1 1 1
0 P_2 391 391 0.1137455 0.13114754098360656 0.149946 1 1 1
0 P_2 392 392 0 0 0 1 1 1
0 P_2 393 393 0.0383063 0.049484536082474224 0.063032 1 1 1
0 P_2 394 394 0 0 0 1 1 1
0 P_2 395 395 0 0 0 1 1 1
0 P_2 396 396 0 0 0 1 1 1
0 P_2 397 397 0 0 0 1 1 1
0 P_2 398 398 0 0 0 1 1 1
0 P_2 399 399 0.5 0.5 0.5 1 1 1
0 P_2 400 400 0 0 0 1 1 1
0 P_2 401 401 0.03850705 0.049740932642487044 0.0633535 1 1 1
0 P_2 402 402 0.3014785 0.32150101419878296 0.340692 1 1 1
0 P_2 403 403 0 0 0 1 1 1
0 P_2 404 404 0.0478993 0.06006006006006006 0.0744005 1 1 1
0 P_2 405 405 0.04511005 0.05660377358490566 0.0701895 1 1 1
0 P_2 406 406 0.291543 0.3115079365079365 0.330773 1 1 1
0 P_2 407 407 0.2850975 0.305168986083499 0.3246115 1 1 1
0 P_2 408 408 0.051406 0.0641025641025641 0.078985 1 1 1
0 P_2 409 409 0 0 0 1 1 1
0 P_2 410 410 0.04480505 0.05668016194331984 0.0707985 1 1 1
0 P_2 411 411 0 0 0 1 1 1
0 P_2 412 412 0 0 0 1 1 1
0 P_2 413 413 0 0 0 1 1 1
0 P_2 414 414 0.04513945 0.056862745098039215 0.070757 1 1 1
0 P_2 415 415 0.307019 0.32662082514734775 0.3453595 1 1 1
0 P_2 416 416 0 0 0 1 1 1
0 P_2 417 417 0 0 0 1 1 1
0 P_2 418 418 0 0 0 1 1 1
0 P_2 419 419 0 0 0 1 1 1
0 P_2 420 420 0 0 0 1 1 1
0 P_2 421 421 0 0 0 1 1 1
0 P_2 422 422 0.1204275 0.1381243628950051 0.157129 1 1 1
0 P_2 423 423 0 0 0 1 1 1
0 P_2 424 424 0 0 0 1 1 1
0 P_2 425 425 0.112481 0.12964824120603016 0.1482025 1 1 1
0 P_2 426 426 0 0 0 1 1 1
0 P_2 427 427 0.435749 0.44906953966699314 0.460155 1 1 1
0 P_2 428 428 0 0 0 1 1 1
0 P_2 429 429 0.1015285 0.11781888997078871 0.1355855 1 1 1
0 P_2 430 430 0 0 0 1 1 1
0 P_2 431 431 0.04523255 0.05727554179566564 0.0715985 1 1 1
0 P_2 432 432 0.0489883 0.061466942148760334 0.076178 1 1 1
0 P_2 433 433 0 0 0 1 1 1
0 P_2 434 434 0 0 0 1 1 1
0 P_2 435 435 0 0 0 1 1 1
0 P_2 436 436 0 0 0 1 1 1
0 P_2 437 437 0 0 0 1 1 1
0 P_2 438 438 0.0439523 0.05555555555555555 0.069351 1 1 1
0 P_2 439 439 0 0 0 1 1 1
0 P_2 440 440 0 0 0 1 1 1
1 P_9 0 0 0 0 0 1 1 1
1 P_9 1 1 0 0 0 1 1 1
1 P_9 2 2 0.0644195 0.07804878048780488 0.093602 1 1 1
1 P_9 3 3 0 0 0 1 1 1
1 P_9 4 4 0 0 0 1 1 1
1 P_9 5 5 0 0 0 1 1 1
1 P_9 6 6 0.1429195 0.16168898043254376 0.1815015 1 1 1
1 P_9 7 7 0 0 0 1 1 1
1 P_9 8 8 0 0 0 1 1 1
1 P_9 9 9 0.14183 0.16011787819253437 0.1794185 1 1 1
1 P_9 10 10 0.1434745 0.16177908113391984 0.1810725 1 1 1
1 P_9 11 11 0.1518945 0.17093142272262027 0.190896 1 1 1
1 P_9 12 12 0 0 0 1 1 1
1 P_9 13 13 0 0 0 1 1 1
1 P_9 14 14 0 0 0 1 1 1
1 P_9 15 15 0 0 0 1 1 1
1 P_9 16 16 0.1450575 0.16391752577319588 0.1837955 1 1 1
1 P_9 17 17 0 0 0 1 1 1
1 P_9 18 18 0 0 0 1 1 1
1 P_9 19 19 0.245921 0.2667714884696017 0.2874205 1 1 1
1 P_9 20 20 0 0 0 1 1 1
1 P_9 21 21 0 0 0 1 1 1
1 P_9 22 22 0 0 0 1 1 1
1 P_9 23 23 0.4005505 0.4169246646026832 0.431324 1 1 1
1 P_9 24 24 0 0 0 1 1 1
1 P_9 25 25 0 0 0 1 1 1
1 P_9 26 26 0 0 0 1 1 1
1 P_9 27 27 0.2441535 0.2645582329317269 0.2847955 1 1 1
1 P_9 28 28 0 0 0 1 1 1
1 P_9 29 29 0.06283 0.07653575025176233 0.092244 1 1 1
1 P_9 30 30 0 0 0 1 1 1
1 P_9 31 31 0.064545 0.07849133537206932 0.094442 1 1 1
1 P_9 32 32 0 0 0 1 1 1
1 P_9 33 33 0 0 0 1 1 1
1 P_9 34 34 0 0 0 1 1 1
1 P_9 35 35 0.246055 0.26670092497430625 0.28715 1 1 1
1 P_9 36 36 0 0 0 1 1 1
1 P_9 37 37 0 0 0 1 1 1
1 P_9 38 38 0.06633 0.0806282722513089 0.09696 1 1 1
1 P_9 39 39 0.143525 0.16201395812562314 0.181509 1 1 1
1 P_9 40 40 0 0 0 1 1 1
1 P_9 41 41 0.232466 0.2534685165421558 0.2744285 1 1 1
1 P_9 42 42 0 0 0 1 1 1
1 P_9 43 43 0 0 0 1 1 1
1 P_9 44 44 0.060541 0.07378640776699029 0.088994 1 1 1
1 P_9 45 45 0.065092 0.07924921793534932 0.0954475 1 1 1
1 P_9 46 46 0.2373595 0.2578840284842319 0.278317 1 1 1
1 P_9 47 47 0 0 0 1 1 1
1 P_9 48 48 0 0 0 1 1 1
1 P_9 49 49 0.061551 0.07490272373540856 0.0902075 1 1 1
1 P_9 50 50 0 0 0 1 1 1
1 P_9 51 51 0.0660065 0.0800405268490375 0.0960485 1 1 1
1 P_9 52 52 0 0 0 1 1 1
1 P_9 53 53 0 0 0 1 1 1
1 P_9 54 54 0 0 0 1 1 1
1 P_9 55 55 0 0 0 1 1 1
1 P_9 56 56 0 0 0 1 1 1
1 P_9 57 57 0.2391225 0.2598752598752599 0.2805105 1 1 1
1 P_9 58 58 0 0 0 1 1 1
1 P_9 59 59 0 0 0 1 1 1
1 P_9 60 60 0 0 0 1 1 1
1 P_9 61 61 0 0 0 1 1 1
1 P_9 62 62 0.1495565 0.1685508735868448 0.1885055 1 1 1
1 P_9 63 63 0 0 0 1 1 1
1 P_9 64 64 0.406605 0.42204042348411935 0.435577 1 1 1
1 P_9 65 65 0.4188735 0.4339139344262295 0.4467945 1 1 1
1 P_9 66 66 0 0 0 1 1 1
1 P_9 67 67 0 0 0 1 1 1
1 P_9 68 68 0 0 0 1 1 1
1 P_9 69 69 0.133095 0.15143737166324436 0.17094 1 1 1
1 P_9 70 70 0 0 0 1 1 1
1 P_9 71 71 0.1472685 0.16631908237747653 0.1863705 1 1 1
1 P_9 72 72 0 0 0 1 1 1
1 P_9 73 73 0.1520795 0.17077986179664364 0.190377 1 1 1
1 P_9 74 74 0 0 0 1 1 1
1 P_9 75 75 0 0 0 1 1 1
1 P_9 76 76 0 0 0 1 1 1
1 P_9 77 77 0 0 0 1 1 1
1 P_9 78 78 0 0 0 1 1 1
1 P_9 79 79 0 0 0 1 1 1
1 P_9 80 80 0.152487 0.17102713178294573 0.190445 1 1 1
1 P_9 81 81 0 0 0 1 1 1
1 P_9 82 82 0.2414425 0.26212590299277605 0.2826655 1 1 1
1 P_9 83 83 0 0 0 1 1 1
1 P_9 84 84 0.4127995 0.42864806866952787 0.4422995 1 1 1
1 P_9 85 85 0.150823 0.1696969696969697 0.189501 1 1 1
1 P_9 86 86 0 0 0 1 1 1
1 P_9 87 87 0 0 0 1 1 1
1 P_9 88 88 0 0 0 1 1 1
1 P_9 89 89 0 0 0 1 1 1
1 P_9 90 90 0 0 0 1 1 1
1 P_9 91 91 0 0 0 1 1 1
1 P_9 92 92 0 0 0 1 1 1
1 P_9 93 93 0 0 0 1 1 1
1 P_9 94 94 0 0 0 1 1 1
1 P_9 95 95 0 0 0 1 1 1
1 P_9 96 96 0 0 0 1 1 1
1 P_9 97 97 0 0 0 1 1 1
1 P_9 98 98 0.401249 0.4175204918032787 0.4318245 1 1 1
1 P_9 99 99 0.129318 0.14717542120911795 0.1662015 1 1 1
1 P_9 100 100 0 0 0 1 1 1
1 P_9 101 101 0.412425 0.42759295499021527 0.4407685 1 1 1
1 P_9 102 102 0 0 0 1 1 1
1 P_9 103 103 0 0 0 1 1 1
1 P_9 104 104 0.053261 0.06615384615384616 0.0812085 1 1 1
1 P_9 105 105 0 0 0 1 1 1
1 P_9 106 106 0 0 0 1 1 1
1 P_9 107 107 0 0 0 1 1 1
1 P_9 108 108 0 0 0 1 1 1
1 P_9 109 109 0.411601 0.4274364406779661 0.4411175 1 1 1
1 P_9 110 110 0 0 0 1 1 1
1 P_9 111 111 0 0 0 1 1 1
1 P_9 112 112 0 0 0 1 1 1
1 P_9 113 113 0 0 0 1 1 1
1 P_9 114 114 0 0 0 1 1 1
1 P_9 115 115 0.148778 0.1678832116788321 0.1879705 1 1 1
1 P_9 116 116 0.13816 0.1564051638530288 0.175716 1 1 1
1 P_9 117 117 0.0501675 0.06269113149847094 0.077404 1 1 1
1 P_9 118 118 0 0 0 1 1 1
1 P_9 119 119 0 0 0 1 1 1
1 P_9 120 120 0 0 0 1 1 1
1 P_9 121 121 0 0 0 1 1 1
1 P_9 122 122 0 0 0 1 1 1
1 P_9 123 123 0 0 0 1 1 1
1 P_9 124 124 0 0 0 1 1 1
1 P_9 125 125 0.1248335 0.14264112903225806 0.1616895 1 1 1
1 P_9 126 126 0.4198945 0.43491735537190085 0.4477505 1 1 1
1 P_9 127 127 0 0 0 1 1 1
1 P_9 128 128 0 0 0 1 1 1
1 P_9 129 129 0 0 0 1 1 1
1 P_9 130 130 0 0 0 1 1 1
1 P_9 131 131 0 0 0 1 1 1
1 P_9 132 132 0 0 0 1 1 1
1 P_9 133 133 0 0 0 1 1 1
1 P_9 134 134 0 0 0 1 1 1
1 P_9 135 135 0.2391255 0.25981404958677684 0.2803865 1 1 1
1 P_9 136 136 0 0 0 1 1 1
1 P_9 137 137 0 0 0 1 1 1
1 P_9 138 138 0 0 0 1 1 1
1 P_9 139 139 0.2384605 0.25838926174496646 0.2782255 1 1 1
1 P_9 140 140 0.0675715 0.08166332665330661 0.097689 1 1 1
1 P_9 141 141 0 0 0 1 1 1
1 P_9 142 142 0 0 0 1 1 1
1 P_9 143 143 0 0 0 1 1 1
1 P_9 144 144 0 0 0 1 1 1
1 P_9 145 145 0 0 0 1 1 1
1 P_9 146 146 0 0 0 1 1 1
1 P_9 147 147 0 0 0 1 1 1
1 P_9 148 148 0 0 0 1 1 1
1 P_9 149 149 0 0 0 1 1 1
1 P_9 150 150 0.1514515 0.17038539553752535 0.1902455 1 1 1
1 P_9 151 151 0 0 0 1 1 1
1 P_9 152 152 0.160918 0.18008048289738432 0.2000495 1 1 1
1 P_9 153 153 0.143106 0.16143277723258095 0.1807565 1 1 1
1 P_9 154 154 0 0 0 1 1 1
1 P_9 155 155 0 0 0 1 1 1
1 P_9 156 156 0.057665 0.07042253521126761 0.0851135 1 1 1
1 P_9 157 157 0.147967 0.16683673469387755 0.1866795 1 1 1
1 P_9 158 158 0 0 0 1 1 1
1 P_9 159 159 0 0 0 1 1 1
1 P_9 160 160 0 0 0 1 1 1
1 P_9 161 161 0 0 0 1 1 1
1 P_9 162 162 0 0 0 1 1 1
1 P_9 163 163 0 0 0 1 1 1
1 P_9 164 164 0 0 0 1 1 1
1 P_9 165 165 0 0 0 1 1 1
1 P_9 166 166 0 0 0 1 1 1
1 P_9 167 167 0 0 0 1 1 1
1 P_9 168 168 0.065369 0.07958115183246073 0.095839 1 1 1
1 P_9 169 169 0.062339 0.07609805924412666 0.0918935 1 1 1
1 P_9 170 170 0 0 0 1 1 1
1 P_9 171 171 0 0 0 1 1 1
1 P_9 172 172 0 0 0 1 1 1
1 P_9 173 173 0.1482015 0.1665067178502879 0.185731 1 1 1
1 P_9 174 174 0 0 0 1 1 1
1 P_9 175 175 0 0 0 1 1 1
1 P_9 176 176 0 0 0 1 1 1
1 P_9 177 177 0 0 0 1 1 1
1 P_9 178 178 0.1510015 0.1691588785046729 0.188183 1 1 1
1 P_9 179 179 0 0 0 1 1 1
1 P_9 180 180 0.1414775 0.15932521087160262 0.178148 1 1 1
1 P_9 181 181 0 0 0 1 1 1
1 P_9 182 182 0 0 0 1 1 1
1 P_9 183 183 0 0 0 1 1 1
1 P_9 184 184 0 0 0 1 1 1
1 P_9 185 185 0 0 0 1 1 1
1 P_9 186 186 0 0 0 1 1 1
1 P_9 187 187 0 0 0 1 1 1
1 P_9 188 188 0.239894 0.26030150753768844 0.2805905 1 1 1
1 P_9 189 189 0.0554325 0.06831683168316832 0.083264 1 1 1
1 P_9 190 190 0 0 0 1 1 1
1 P_9 191 191 0 0 0 1 1 1
1 P_9 192 192 0 0 0 1 1 1
1 P_9 193 193 0 0 0 1 1 1
1 P_9 194 194 0 0 0 1 1 1
1 P_9 195 195 0.138808 0.15767195767195769 0.177656 1 1 1
1 P_9 196 196 0 0 0 1 1 1
1 P_9 197 197 0 0 0 1 1 1
1 P_9 198 198 0 0 0 1 1 1
1 P_9 199 199 0.0551555 0.06798029556650247 0.0828615 1 1 1
1 P_9 200 200 0 0 0 1 1 1
1 P_9 201 201 0.418939 0.43402061855670104 0.4469275 1 1 1
1 P_9 202 202 0 0 0 1 1 1
1 P_9 203 203 0.239396 0.2597208374875374 0.2799345 1 1 1
1 P_9 204 204 0 0 0 1 1 1
1 P_9 205 205 0 0 0 1 1 1
1 P_9 206 206 0 0 0 1 1 1
1 P_9 207 207 0.240941 0.26173096976016685 0.2823805 1 1 1
1 P_9 208 208 0 0 0 1 1 1
1 P_9 209 209 0 0 0 1 1 1
1 P_9 210 210 0 0 0 1 1 1
1 P_9 211 211 0 0 0 1 1 1
1 P_9 212 212 0.0627415 0.07653061224489796 0.092349 1 1 1
1 P_9 213 213 0.059384 0.07254138266796495 0.08768 1 1 1
1 P_9 214 214 0 0 0 1 1 1
1 P_9 215 215 0 0 0 1 1 1
1 P_9 216 216 0 0 0 1 1 1
1 P_9 217 217 0 0 0 1 1 1
1 P_9 218 218 0 0 0 1 1 1
1 P_9 219 219 0 0 0 1 1 1
1 P_9 220 220 0 0 0 1 1 1
1 P_9 221 221 0.409284 0.4248496993987976 0.4384065 1 1 1
1 P_9 222 222 0 0 0 1 1 1
1 P_9 223 223 0.4061495 0.4221991701244813 0.436201 1 1 1
1 P_9 224 224 0.2341965 0.2544731610337972 0.274699 1 1 1
1 P_9 225 225 0 0 0 1 1 1
1 P_9 226 226 0 0 0 1 1 1
1 P_9 227 227 0 0 0 1 1 1
1 P_9 228 228 0 0 0 1 1 1
1 P_9 229 229 0 0 0 1 1 1
1 P_9 230 230 0 0 0 1 1 1
1 P_9 231 231 0 0 0 1 1 1
1 P_9 232 232 0 0 0 1 1 1
1 P_9 233 233 0 0 0 1 1 1
1 P_9 234 234 0.424584 0.4388454011741683 0.450988 1 1 1
1 P_9 235 235 0 0 0 1 1 1
1 P_9 236 236 0.401759 0.4176470588235294 0.4316505 1 1 1
1 P_9 237 237 0 0 0 1 1 1
1 P_9 238 238 0.237345 0.2579324462640737 0.278427 1 1 1
1 P_9 239 239 0 0 0 1 1 1
1 P_9 240 240 0 0 0 1 1 1
1 P_9 241 241 0 0 0 1 1 1
1 P_9 242 242 0.063493 0.07775377969762419 0.0941465 1 1 1
1 P_9 243 243 0 0 0 1 1 1
1 P_9 244 244 0 0 0 1 1 1
1 P_9 245 245 0 0 0 1 1 1
1 P_9 246 246 0.1526975 0.17181069958847736 0.1918465 1 1 1
1 P_9 247 247 0 0 0 1 1 1
1 P_9 248 248 0 0 0 1 1 1
1 P_9 249 249 0 0 0 1 1 1
1 P_9 250 250 0 0 0 1 1 1
1 P_9 251 251 0.1526305 0.17189132706374086 0.192088 1 1 1
1 P_9 252 252 0 0 0 1 1 1
1 P_9 253 253 0 0 0 1 1 1
1 P_9 254 254 0.23287 0.25327291037260824 0.273638 1 1 1
1 P_9 255 255 0.056813 0.07010309278350516 0.085519 1 1 1
1 P_9 256 256 0 0 0 1 1 1
1 P_9 257 257 0 0 0 1 1 1
1 P_9 258 258 0 0 0 1 1 1
1 P_9 259 259 0.2391525 0.2594059405940594 0.2795525 1 1 1
1 P_9 260 260 0 0 0 1 1 1
1 P_9 261 261 0 0 0 1 1 1
1 P_9 262 262 0 0 0 1 1 1
1 P_9 263 263 0 0 0 1 1 1
1 P_9 264 264 0.0559365 0.0689828801611279 0.084119 1 1 1
1 P_9 265 265 0 0 0 1 1 1
1 P_9 266 266 0 0 0 1 1 1
1 P_9 267 267 0 0 0 1 1 1
1 P_9 268 268 0 0 0 1 1 1
1 P_9 269 269 0 0 0 1 1 1
1 P_9 270 270 0.062615 0.07612966601178782 0.091603 1 1 1
1 P_9 271 271 0 0 0 1 1 1
1 P_9 272 272 0.0581425 0.07150153217568948 0.086951 1 1 1
1 P_9 273 273 0 0 0 1 1 1
1 P_9 274 274 0.0748995 0.08958958958958958 0.106121 1 1 1
1 P_9 275 275 0 0 0 1 1 1
1 P_9 276 276 0 0 0 1 1 1
1 P_9 277 277 0.144956 0.16303317535545023 0.182056 1 1 1
1 P_9 278 278 0 0 0 1 1 1
1 P_9 279 279 0 0 0 1 1 1
1 P_9 280 280 0.4118275 0.4277301927194861 0.4414515 1 1 1
1 P_9 281 281 0.242125 0.2624254473161034 0.282584 1 1 1
1 P_9 282 282 0 0 0 1 1 1
1 P_9 283 283 0 0 0 1 1 1
1 P_9 284 284 0 0 0 1 1 1
1 P_9 285 285 0 0 0 1 1 1
1 P_9 286 286 0 0 0 1 1 1
1 P_9 287 287 0 0 0 1 1 1
1 P_9 288 288 0 0 0 1 1 1
1 P_9 289 289 0.397187 0.41338582677165353 0.427741 1 1 1
1 P_9 290 290 0.2460815 0.26676986584107326 0.28726 1 1 1
1 P_9 291 291 0 0 0 1 1 1
1 P_9 292 292 0.242916 0.26419213973799127 0.2852905 1 1 1
1 P_9 293 293 0 0 0 1 1 1
1 P_9 294 294 0 0 0 1 1 1
1 P_9 295 295 0 0 0 1 1 1
1 P_9 296 296 0 0 0 1 1 1
1 P_9 297 297 0.2447045 0.2652129817444219 0.2855445 1 1 1
1 P_9 298 298 0 0 0 1 1 1
1 P_9 299 299 0.056779 0.06974459724950884 0.0847405 1 1 1
1 P_9 300 300 0.238189 0.25830078125 0.2783195 1 1 1
1 P_9 301 301 0 0 0 1 1 1
1 P_9 302 302 0.407354 0.4228515625 0.4364135 1 1 1
1 P_9 303 303 0 0 0 1 1 1
1 P_9 304 304 0 0 0 1 1 1
1 P_9 305 305 0 0 0 1 1 1
1 P_9 306 306 0 0 0 1 1 1
1 P_9 307 307 0.233154 0.2535070140280561 0.27382 1 1 1
1 P_9 308 308 0 0 0 1 1 1
1 P_9 309 309 0 0 0 1 1 1
1 P_9 310 310 0 0 0 1 1 1
1 P_9 311 311 0 0 0 1 1 1
1 P_9 312 312 0 0 0 1 1 1
1 P_9 313 313 0.059519 0.07285429141716566 0.0882165 1 1 1
1 P_9 314 314 0.052168 0.06454720616570328 0.078975 1 1 1
1 P_9 315 315 0 0 0 1 1 1
1 P_9 316 316 0 0 0 1 1 1
1 P_9 317 317 0.409115 0.42489711934156377 0.4386165 1 1 1
1 P_9 318 318 0 0 0 1 1 1
1 P_9 319 319 0 0 0 1 1 1
1 P_9 320 320 0 0 0 1 1 1
1 P_9 321 321 0 0 0 1 1 1
1 P_9 322 322 0.154192 0.17283349561830574 0.1923365 1 1 1
1 P_9 323 323 0 0 0 1 1 1
1 P_9 324 324 0 0 0 1 1 1
1 P_9 325 325 0 0 0 1 1 1
1 P_9 326 326 0 0 0 1 1 1
1 P_9 327 327 0 0 0 1 1 1
1 P_9 328 328 0 0 0 1 1 1
1 P_9 329 329 0 0 0 1 1 1
1 P_9 330 330 0 0 0 1 1 1
1 P_9 331 331 0 0 0 1 1 1
1 P_9 332 332 0 0 0 1 1 1
1 P_9 333 333 0 0 0 1 1 1
1 P_9 334 334 0 0 0 1 1 1
1 P_9 335 335 0 0 0 1 1 1
1 P_9 336 336 0 0 0 1 1 1
1 P_9 337 337 0 0 0 1 1 1
1 P_9 338 338 0.259296 0.2802547770700637 0.300845 1 1 1
1 P_9 339 339 0 0 0 1 1 1
1 P_9 340 340 0.2550625 0.27553083923154703 0.2957035 1 1 1
1 P_9 341 341 0 0 0 1 1 1
1 P_9 342 342 0.234865 0.25529767911200807 0.275669 1 1 1
1 P_9 343 343 0 0 0 1 1 1
1 P_9 344 344 0 0 0 1 1 1
1 P_9 345 345 0 0 0 1 1 1
1 P_9 346 346 0.1416115 0.16012084592145015 0.1796685 1 1 1
1 P_9 347 347 0 0 0 1 1 1
1 P_9 348 348 0 0 0 1 1 1
1 P_9 349 349 0 0 0 1 1 1
1 P_9 350 350 0 0 0 1 1 1
1 P_9 351 351 0.2409355 0.2616822429906542 0.2822895 1 1 1
1 P_9 352 352 0 0 0 1 1 1
1 P_9 353 353 0 0 0 1 1 1
1 P_9 354 354 0 0 0 1 1 1
1 P_9 355 355 0.1594535 0.17857142857142858 0.1985135 1 1 1
1 P_9 356 356 0 0 0 1 1 1
1 P_9 357 357 0 0 0 1 1 1
1 P_9 358 358 0 0 0 1 1 1
1 P_9 359 359 0.071022 0.08542713567839195 0.101729 1 1 1
1 P_9 360 360 0 0 0 1 1 1
1 P_9 361 361 0.146465 0.16515609264853978 0.184827 1 1 1
1 P_9 362 362 0.1472685 0.16631908237747653 0.1863705 1 1 1
1 P_9 363 363 0 0 0 1 1 1
1 P_9 364 364 0.1391885 0.15760322255790535 0.177085 1 1 1
1 P_9 365 365 0 0 0 1 1 1
1 P_9 366 366 0.140931 0.15906886517943744 0.178218 1 1 1
1 P_9 367 367 0 0 0 1 1 1
1 P_9 368 368 0 0 0 1 1 1
1 P_9 369 369 0.412213 0.42769857433808556 0.44111 1 1 1
1 P_9 370 370 0 0 0 1 1 1
1 P_9 371 371 0 0 0 1 1 1
1 P_9 372 372 0.059539 0.07303370786516854 0.0886005 1 1 1
1 P_9 373 373 0 0 0 1 1 1
1 P_9 374 374 0 0 0 1 1 1
1 P_9 375 375 0 0 0 1 1 1
1 P_9 376 376 0.415719 0.43098159509202455 0.444123 1 1 1
1 P_9 377 377 0 0 0 1 1 1
1 P_9 378 378 0 0 0 1 1 1
1 P_9 379 379 0 0 0 1 1 1
1 P_9 380 380 0 0 0 1 1 1
1 P_9 381 381 0 0 0 1 1 1
1 P_9 382 382 0 0 0 1 1 1
1 P_9 383 383 0 0 0 1 1 1
1 P_9 384 384 0 0 0 1 1 1
1 P_9 385 385 0 0 0 1 1 1
1 P_9 386 386 0 0 0 1 1 1
1 P_9 387 387 0 0 0 1 1 1
1 P_9 388 388 0 0 0 1 1 1
1 P_9 389 389 0 0 0 1 1 1
1 P_9 390 390 0 0 0 1 1 1
1 P_9 391 391 0.2472085 0.2676767676767677 0.28794 1 1 1
1 P_9 392 392 0 0 0 1 1 1
1 P_9 393 393 0 0 0 1 1 1
1 P_9 394 394 0.1417695 0.15990338164251208 0.179036 1 1 1
1 P_9 395 395 0.14495449999999999 0.1640295358649789 0.1841445 1 1 1
1 P_9 396 396 0 0 0 1 1 1
1 P_9 397 397 0 0 0 1 1 1
1 P_9 398 398 0 0 0 1 1 1
1 P_9 399 399 0.5 0.5 0.5 1 1 1
1 P_9 400 400 0 0 0 1 1 1
1 P_9 401 401 0 0 0 1 1 1
1 P_9 402 402 0 0 0 1 1 1
1 P_9 403 403 0.0663995 0.08017492711370262 0.095843 1 1 1
1 P_9 404 404 0 0 0 1 1 1
1 P_9 405 405 0 0 0 1 1 1
1 P_9 406 406 0 0 0 1 1 1
1 P_9 407 407 0 0 0 1 1 1
1 P_9 408 408 0 0 0 1 1 1
1 P_9 409 409 0 0 0 1 1 1
1 P_9 410 410 0 0 0 1 1 1
1 P_9 411 411 0 0 0 1 1 1
1 P_9 412 412 0 0 0 1 1 1
1 P_9 413 413 0.135885 0.153921568627451 0.1730385 1 1 1
1 P_9 414 414 0 0 0 1 1 1
1 P_9 415 415 0 0 0 1 1 1
1 P_9 416 416 0 0 0 1 1 1
1 P_9 417 417 0 0 0 1 1 1
1 P_9 418 418 0 0 0 1 1 1
1 P_9 419 419 0 0 0 1 1 1
1 P_9 420 420 0 0 0 1 1 1
1 P_9 421 421 0 0 0 1 1 1
1 P_9 422 422 0.2464635 0.2665692007797271 0.2864895 1 1 1
1 P_9 423 423 0 0 0 1 1 1
1 P_9 424 424 0 0 0 1 1 1
1 P_9 425 425 0.244131 0.2650793650793651 0.2858445 1 1 1
1 P_9 426 426 0 0 0 1 1 1
1 P_9 427 427 0.413118 0.42822265625 0.4413315 1 1 1
1 P_9 428 428 0.148574 0.16666666666666666 0.1856545 1 1 1
1 P_9 429 429 0.23938 0.2602094240837696 0.2809165 1 1 1
1 P_9 430 430 0 0 0 1 1 1
1 P_9 431 431 0 0 0 1 1 1
1 P_9 432 432 0 0 0 1 1 1
1 P_9 433 433 0 0 0 1 1 1
1 P_9 434 434 0.148742 0.1675050301810865 0.18722 1 1 1
1 P_9 435 435 0.153138 0.17286652078774617 0.1935625 1 1 1
1 P_9 436 436 0 0 0 1 1 1
1 P_9 437 437 0 0 0 1 1 1
1 P_9 438 438 0 0 0 1 1 1
1 P_9 439 439 0 0 0 1 1 1
1 P_9 440 440 0 0 0 1 1 1
2 P_6 0 0 0 0 0 1 1 1
2 P_6 1 1 0.30174 0.32171717171717173 0.340864 1 1 1
2 P_6 2 2 0 0 0 1 1 1
2 P_6 3 3 0.0524965 0.06532921810699588 0.08034 1 1 1
2 P_6 4 4 0 0 0 1 1 1
2 P_6 5 5 0.0422172 0.0536779324055666 0.067376 1 1 1
2 P_6 6 6 0 0 0 1 1 1
2 P_6 7 7 0 0 0 1 1 1
2 P_6 8 8 0 0 0 1 1 1
2 P_6 9 9 0 0 0 1 1 1
2 P_6 10 10 0.088904 0.10458167330677291 0.1219205 1 1 1
2 P_6 11 11 0.107129 0.12399598393574297 0.142314 1 1 1
2 P_6 12 12 0 0 0 1 1 1
2 P_6 13 13 0.299889 0.31940441882804993 0.338155 1 1 1
2 P_6 14 14 0.056221 0.06922310756972111 0.0842895 1 1 1
2 P_6 15 15 0 0 0 1 1 1
2 P_6 16 16 0.106893 0.12313432835820895 0.140733 1 1 1
2 P_6 17 17 0 0 0 1 1 1
2 P_6 18 18 0.0483454 0.06091101694915254 0.0757725 1 1 1
2 P_6 19 19 0 0 0 1 1 1
2 P_6 20 20 0.3053105 0.32533197139938713 0.344471 1 1 1
2 P_6 21 21 0.304119 0.32442348008385746 0.3438335 1 1 1
2 P_6 22 22 0.3116425 0.3314720812182741 0.350353 1 1 1
2 P_6 23 23 0.1601215 0.17877629063097514 0.198212 1 1 1
2 P_6 24 24 0.3086225 0.3284561049445005 0.347382 1 1 1
2 P_6 25 25 0 0 0 1 1 1
2 P_6 26 26 0 0 0 1 1 1
2 P_6 27 27 0 0 0 1 1 1
2 P_6 28 28 0.051582 0.06420626895854398 0.078984 1 1 1
2 P_6 29 29 0 0 0 1 1 1
2 P_6 30 30 0 0 0 1 1 1
2 P_6 31 31 0 0 0 1 1 1
2 P_6 32 32 0 0 0 1 1 1
2 P_6 33 33 0.305265 0.3258064516129032 0.3454135 1 1 1
2 P_6 34 34 0 0 0 1 1 1
2 P_6 35 35 0.04860355 0.06081754735792622 0.075194 1 1 1
2 P_6 36 36 0.2990385 0.3192584963954686 0.3386605 1 1 1
2 P_6 37 37 0.2995665 0.318957345971564 0.3375985 1 1 1
2 P_6 38 38 0 0 0 1 1 1
2 P_6 39 39 0 0 0 1 1 1
2 P_6 40 40 0 0 0 1 1 1
2 P_6 41 41 0 0 0 1 1 1
2 P_6 42 42 0 0 0 1 1 1
2 P_6 43 43 0 0 0 1 1 1
2 P_6 44 44 0 0 0 1 1 1
2 P_6 45 45 0 0 0 1 1 1
2 P_6 46 46 0.0440839 0.05571992110453649 0.0695525 1 1 1
2 P_6 47 47 0.053281 0.06585365853658537 0.0804865 1 1 1
2 P_6 48 48 0 0 0 1 1 1
2 P_6 49 49 0 0 0 1 1 1
2 P_6 50 50 0.2993945 0.3191176470588235 0.3380635 1 1 1
2 P_6 51 51 0 0 0 1 1 1
2 P_6 52 52 0.311098 0.3306930693069307 0.349372 1 1 1
2 P_6 53 53 0.0587845 0.07191780821917808 0.087049 1 1 1
2 P_6 54 54 0.2967875 0.3169734151329243 0.336374 1 1 1
2 P_6 55 55 0 0 0 1 1 1
2 P_6 56 56 0.048094 0.060077519379844964 0.074171 1 1 1
2 P_6 57 57 0.048845 0.06117290192113246 0.0756895 1 1 1
2 P_6 58 58 0 0 0 1 1 1
2 P_6 59 59 0.04950325 0.06192893401015229 0.0765435 1 1 1
2 P_6 60 60 0 0 0 1 1 1
2 P_6 61 61 0.3119935 0.3321129707112971 0.3512475 1 1 1
2 P_6 62 62 0 0 0 1 1 1
2 P_6 63 63 0.296768 0.3160597572362278 0.334644 1 1 1
2 P_6 64 64 0.159035 0.17849686847599164 0.1988145 1 1 1
2 P_6 65 65 0.1622915 0.1816326530612245 0.2017735 1 1 1
2 P_6 66 66 0 0 0 1 1 1
2 P_6 67 67 0 0 0 1 1 1
2 P_6 68 68 0 0 0 1 1 1
2 P_6 69 69 0 0 0 1 1 1
2 P_6 70 70 0 0 0 1 1 1
2 P_6 71 71 0.099551 0.11556829035339064 0.133058 1 1 1
2 P_6 72 72 0 0 0 1 1 1
2 P_6 73 73 0.102583 0.11976369495166488 0.138548 1 1 1
2 P_6 74 74 0.3009495 0.3210633946830266 0.340344 1 1 1
2 P_6 75 75 0 0 0 1 1 1
2 P_6 76 76 0.0476887 0.05968688845401174 0.07382 1 1 1
2 P_6 77 77 0 0 0 1 1 1
2 P_6 78 78 0 0 0 1 1 1
2 P_6 79 79 0.3117115 0.331207065750736 0.3497885 1 1 1
2 P_6 80 80 0.10538549999999999 0.1225130890052356 0.141171 1 1 1
2 P_6 81 81 0 0 0 1 1 1
2 P_6 82 82 0 0 0 1 1 1
2 P_6 83 83 0 0 0 1 1 1
2 P_6 84 84 0.1682935 0.18756218905472638 0.2075435 1 1 1
2 P_6 85 85 0.086109 0.10135135135135136 0.1182395 1 1 1
2 P_6 86 86 0.3000955 0.31952380952380954 0.3381925 1 1 1
2 P_6 87 87 0.0421103 0.0534838076545633 0.0670685 1 1 1
2 P_6 88 88 0.054872 0.06768774703557312 0.082569 1 1 1
2 P_6 89 89 0.315725 0.3355532786885246 0.354376 1 1 1
2 P_6 90 90 0.307146 0.3264818355640535 0.344979 1 1 1
2 P_6 91 91 0 0 0 1 1 1
2 P_6 92 92 0 0 0 1 1 1
2 P_6 93 93 0.297157 0.3165876777251185 0.3352945 1 1 1
2 P_6 94 94 0.291701 0.3119877049180328 0.331546 1 1 1
2 P_6 95 95 0.307034 0.32653061224489793 0.345174 1 1 1
2 P_6 96 96 0 0 0 1 1 1
2 P_6 97 97 0.053253 0.06631578947368422 0.081595 1 1 1
2 P_6 98 98 0.160918 0.18008048289738432 0.2000495 1 1 1
2 P_6 99 99 0.1112045 0.1282435129740519 0.146676 1 1 1
2 P_6 100 100 0.293505 0.31329423264907136 0.332374 1 1 1
2 P_6 101 101 0.1655155 0.18505154639175259 0.205355 1 1 1
2 P_6 102 102 0.059337 0.07300420168067227 0.0888025 1 1 1
2 P_6 103 103 0 0 0 1 1 1
2 P_6 104 104 0 0 0 1 1 1
2 P_6 105 105 0 0 0 1 1 1
2 P_6 106 106 0 0 0 1 1 1
2 P_6 107 107 0 0 0 1 1 1
2 P_6 108 108 0 0 0 1 1 1
2 P_6 109 109 0.162592 0.1815944881889764 0.2013695 1 1 1
2 P_6 110 110 0 0 0 1 1 1
2 P_6 111 111 0.0459901 0.057863501483679525 0.0719155 1 1 1
2 P_6 112 112 0 0 0 1 1 1
2 P_6 113 113 0.311242 0.3308531746031746 0.3495445 1 1 1
2 P_6 114 114 0 0 0 1 1 1
2 P_6 115 115 0 0 0 1 1 1
2 P_6 116 116 0 0 0 1 1 1
2 P_6 117 117 0 0 0 1 1 1
2 P_6 118 118 0 0 0 1 1 1
2 P_6 119 119 0 0 0 1 1 1
2 P_6 120 120 0.0524785 0.06482364156339371 0.079193 1 1 1
2 P_6 121 121 0.2962915 0.31604696673189825 0.335061 1 1 1
2 P_6 122 122 0 0 0 1 1 1
2 P_6 123 123 0.296268 0.3164621676891616 0.3358775 1 1 1
2 P_6 124 124 0 0 0 1 1 1
2 P_6 125 125 0.1129045 0.1302349336057201 0.1489685 1 1 1
2 P_6 126 126 0.162528 0.18200620475698034 0.2022905 1 1 1
2 P_6 127 127 0.04746335 0.05969387755102041 0.0741505 1 1 1
2 P_6 128 128 0.053654 0.06680805938494168 0.082189 1 1 1
2 P_6 129 129 0 0 0 1 1 1
2 P_6 130 130 0.0461396 0.057935735150925025 0.071876 1 1 1
2 P_6 131 131 0.2897275 0.30990899898887764 0.329396 1 1 1
2 P_6 132 132 0 0 0 1 1 1
2 P_6 133 133 0 0 0 1 1 1
2 P_6 134 134 0.2991035 0.3189484126984127 0.338009 1 1 1
2 P_6 135 135 0 0 0 1 1 1
2 P_6 136 136 0 0 0 1 1 1
2 P_6 137 137 0 0 0 1 1 1
2 P_6 138 138 0.3035975 0.3234704112337011 0.3424985 1 1 1
2 P_6 139 139 0.0470051 0.05918367346938776 0.0735945 1 1 1
2 P_6 140 140 0 0 0 1 1 1
2 P_6 141 141 0.0447134 0.05656565656565657 0.0706575 1 1 1
2 P_6 142 142 0.3163385 0.3355899419729207 0.353892 1 1 1
2 P_6 143 143 0 0 0 1 1 1
2 P_6 144 144 0.3058115 0.3251915708812261 0.3437455 1 1 1
2 P_6 145 145 0.2923755 0.31201923076923077 0.330979 1 1 1
2 P_6 146 146 0 0 0 1 1 1
2 P_6 147 147 0.04645525 0.05844155844155844 0.0726215 1 1 1
2 P_6 148 148 0.3001595 0.3203285420944558 0.3396695 1 1 1
2 P_6 149 149 0 0 0 1 1 1
2 P_6 150 150 0 0 0 1 1 1
2 P_6 151 151 0.287803 0.30842105263157893 0.328334 1 1 1
2 P_6 152 152 0.1064045 0.12313803376365443 0.1413165 1 1 1
2 P_6 153 153 0.106725 0.1236125126135217 0.1419625 1 1 1
2 P_6 154 154 0.299774 0.31947162426614484 0.3383895 1 1 1
2 P_6 155 155 0 0 0 1 1 1
2 P_6 156 156 0 0 0 1 1 1
2 P_6 157 157 0 0 0 1 1 1
2 P_6 158 158 0.306101 0.32595573440643866 0.344934 1 1 1
2 P_6 159 159 0.303511 0.3237747653806048 0.343156 1 1 1
2 P_6 160 160 0.29839 0.3180058083252662 0.3368665 1 1 1
2 P_6 161 161 0.310955 0.33053359683794464 0.3491995 1 1 1
2 P_6 162 162 0 0 0 1 1 1
2 P_6 163 163 0.0460824 0.05797819623389495 0.072056 1 1 1
2 P_6 164 164 0 0 0 1 1 1
2 P_6 165 165 0 0 0 1 1 1
2 P_6 166 166 0.04756165 0.0598159509202454 0.0742995 1 1 1
2 P_6 167 167 0.294506 0.3147389969293756 0.3342125 1 1 1
2 P_6 168 168 0 0 0 1 1 1
2 P_6 169 169 0 0 0 1 1 1
2 P_6 170 170 0 0 0 1 1 1
2 P_6 171 171 0 0 0 1 1 1
2 P_6 172 172 0 0 0 1 1 1
2 P_6 173 173 0.1024 0.1187015503875969 0.136462 1 1 1
2 P_6 174 174 0 0 0 1 1 1
2 P_6 175 175 0.0546865 0.06756756756756757 0.082542 1 1 1
2 P_6 176 176 0.30264 0.3225806451612903 0.3416825 1 1 1
2 P_6 177 177 0 0 0 1 1 1
2 P_6 178 178 0 0 0 1 1 1
2 P_6 179 179 0.2945185 0.31412103746397696 0.333017 1 1 1
2 P_6 180 180 0 0 0 1 1 1
2 P_6 181 181 0.0580505 0.071285140562249 0.086577 1 1 1
2 P_6 182 182 0 0 0 1 1 1
2 P_6 183 183 0.305618 0.3253731343283582 0.3442685 1 1 1
2 P_6 184 184 0 0 0 1 1 1
2 P_6 185 185 0.04770435 0.059490084985835696 0.0733385 1 1 1
2 P_6 186 186 0 0 0 1 1 1
2 P_6 187 187 0 0 0 1 1 1
2 P_6 188 188 0 0 0 1 1 1
2 P_6 189 189 0 0 0 1 1 1
2 P_6 190 190 0.0515515 0.06439790575916231 0.079472 1 1 1
2 P_6 191 191 0.303778 0.323558648111332 0.3425005 1 1 1
2 P_6 192 192 0.296518 0.31661600810536983 0.33594 1 1 1
2 P_6 193 193 0 0 0 1 1 1
2 P_6 194 194 0.0568865 0.06982421875 0.0847795 1 1 1
2 P_6 195 195 0.1065335 0.12358393408856849 0.1421275 1 1 1
2 P_6 196 196 0 0 0 1 1 1
2 P_6 197 197 0.2962685 0.3167898627243928 0.336503 1 1 1
2 P_6 198 198 0 0 0 1 1 1
2 P_6 199 199 0 0 0 1 1 1
2 P_6 200 200 0 0 0 1 1 1
2 P_6 201 201 0.1599335 0.17903711133400202 0.198957 1 1 1
2 P_6 202 202 0.305885 0.3256743256743257 0.344597 1 1 1
2 P_6 203 203 0 0 0 1 1 1
2 P_6 204 204 0 0 0 1 1 1
2 P_6 205 205 0 0 0 1 1 1
2 P_6 206 206 0 0 0 1 1 1
2 P_6 207 207 0 0 0 1 1 1
2 P_6 208 208 0.2927265 0.3129459734964322 0.3324295 1 1 1
2 P_6 209 209 0 0 0 1 1 1
2 P_6 210 210 0.3068355 0.32645034414945917 0.345203 1 1 1
2 P_6 211 211 0 0 0 1 1 1
2 P_6 212 212 0 0 0 1 1 1
2 P_6 213 213 0 0 0 1 1 1
2 P_6 214 214 0 0 0 1 1 1
2 P_6 215 215 0 0 0 1 1 1
2 P_6 216 216 0.2970695 0.31720977596741345 0.336565 1 1 1
2 P_6 217 217 0 0 0 1 1 1
2 P_6 218 218 0 0 0 1 1 1
2 P_6 219 219 0 0 0 1 1 1
2 P_6 220 220 0 0 0 1 1 1
2 P_6 221 221 0.146497 0.16516064257028112 0.1848015 1 1 1
2 P_6 222 222 0 0 0 1 1 1
2 P_6 223 223 0.170151 0.1896551724137931 0.2098615 1 1 1
2 P_6 224 224 0 0 0 1 1 1
2 P_6 225 225 0.31144 0.3305164319248826 0.3487255 1 1 1
2 P_6 226 226 0.0579185 0.07107355864811134 0.086268 1 1 1
2 P_6 227 227 0 0 0 1 1 1
2 P_6 228 228 0.04749715 0.059619238476953905 0.073928 1 1 1
2 P_6 229 229 0.303422 0.32346938775510203 0.342657 1 1 1
2 P_6 230 230 0.059107 0.07211079274116523 0.087063 1 1 1
2 P_6 231 231 0.0517165 0.06415279138099902 0.078676 1 1 1
2 P_6 232 232 0.311306 0.331419624217119 0.350559 1 1 1
2 P_6 233 233 0 0 0 1 1 1
2 P_6 234 234 0.15338 0.17205882352941176 0.191614 1 1 1
2 P_6 235 235 0 0 0 1 1 1
2 P_6 236 236 0.1592415 0.17811579980372916 0.197799 1 1 1
2 P_6 237 237 0 0 0 1 1 1
2 P_6 238 238 0.0510405 0.06388595564941922 0.078984 1 1 1
2 P_6 239 239 0 0 0 1 1 1
2 P_6 240 240 0 0 0 1 1 1
2 P_6 241 241 0 0 0 1 1 1
2 P_6 242 242 0 0 0 1 1 1
2 P_6 243 243 0.2989555 0.3188622754491018 0.337981 1 1 1
2 P_6 244 244 0 0 0 1 1 1
2 P_6 245 245 0.3046605 0.3244047619047619 0.3433025 1 1 1
2 P_6 246 246 0.1035985 0.12032355915065723 0.138552 1 1 1
2 P_6 247 247 0.3079745 0.3275862068965517 0.346321 1 1 1
2 P_6 248 248 0.2946285 0.31446850393700787 0.3335805 1 1 1
2 P_6 249 249 0.04940205 0.061746987951807226 0.076259 1 1 1
2 P_6 250 250 0.2982185 0.31822759315206445 0.337449 1 1 1
2 P_6 251 251 0.1107075 0.12740384615384615 0.1454525 1 1 1
2 P_6 252 252 0 0 0 1 1 1
2 P_6 253 253 0 0 0 1 1 1
2 P_6 254 254 0 0 0 1 1 1
2 P_6 255 255 0 0 0 1 1 1
2 P_6 256 256 0.0515295 0.06414141414141414 0.0789055 1 1 1
2 P_6 257 257 0.2943245 0.3141592920353982 0.3332705 1 1 1
2 P_6 258 258 0.3051065 0.3243626062322946 0.342813 1 1 1
2 P_6 259 259 0 0 0 1 1 1
2 P_6 260 260 0 0 0 1 1 1
2 P_6 261 261 0 0 0 1 1 1
2 P_6 262 262 0 0 0 1 1 1
2 P_6 263 263 0.296418 0.31636726546906185 0.335557 1 1 1
2 P_6 264 264 0 0 0 1 1 1
2 P_6 265 265 0 0 0 1 1 1
2 P_6 266 266 0.04291985 0.0545 0.0683215 1 1 1
2 P_6 267 267 0.298662 0.318359375 0.337291 1 1 1
2 P_6 268 268 0.2986105 0.3185929648241206 0.337785 1 1 1
2 P_6 269 269 0 0 0 1 1 1
2 P_6 270 270 0 0 0 1 1 1
2 P_6 271 271 0.050588 0.06350914962325081 0.078731 1 1 1
2 P_6 272 272 0 0 0 1 1 1
2 P_6 273 273 0 0 0 1 1 1
2 P_6 274 274 0 0 0 1 1 1
2 P_6 275 275 0 0 0 1 1 1
2 P_6 276 276 0.3027005 0.3223748773307164 0.3412345 1 1 1
2 P_6 277 277 0 0 0 1 1 1
2 P_6 278 278 0.300184 0.31950989632422244 0.338084 1 1 1
2 P_6 279 279 0 0 0 1 1 1
2 P_6 280 280 0.157179 0.17647058823529413 0.1966325 1 1 1
2 P_6 281 281 0 0 0 1 1 1
2 P_6 282 282 0.3087185 0.3286004056795132 0.347568 1 1 1
2 P_6 283 283 0 0 0 1 1 1
2 P_6 284 284 0.0513305 0.06357552581261951 0.077864 1 1 1
2 P_6 285 285 0 0 0 1 1 1
2 P_6 286 286 0.05234 0.06491575817641229 0.079595 1 1 1
2 P_6 287 287 0 0 0 1 1 1
2 P_6 288 288 0.292163 0.3117254528122021 0.330613 1 1 1
2 P_6 289 289 0.1588855 0.17751196172248804 0.196934 1 1 1
2 P_6 290 290 0 0 0 1 1 1
2 P_6 291 291 0 0 0 1 1 1
2 P_6 292 292 0 0 0 1 1 1
2 P_6 293 293 0 0 0 1 1 1
2 P_6 294 294 0 0 0 1 1 1
2 P_6 295 295 0 0 0 1 1 1
2 P_6 296 296 0 0 0 1 1 1
2 P_6 297 297 0.04906045 0.06121449559255632 0.0754885 1 1 1
2 P_6 298 298 0.300068 0.32035306334371755 0.3398005 1 1 1
2 P_6 299 299 0 0 0 1 1 1
2 P_6 300 300 0 0 0 1 1 1
2 P_6 301 301 0.0529005 0.06565656565656566 0.0805475 1 1 1
2 P_6 302 302 0.1618105 0.1811668372569089 0.201331 1 1 1
2 P_6 303 303 0 0 0 1 1 1
2 P_6 304 304 0 0 0 1 1 1
2 P_6 305 305 0.04936315 0.06132075471698113 0.0753195 1 1 1
2 P_6 306 306 0 0 0 1 1 1
2 P_6 307 307 0 0 0 1 1 1
2 P_6 308 308 0 0 0 1 1 1
2 P_6 309 309 0.04338825 0.05521155830753354 0.069339 1 1 1
2 P_6 310 310 0.0520085 0.06472986748216106 0.0796165 1 1 1
2 P_6 311 311 0 0 0 1 1 1
2 P_6 312 312 0 0 0 1 1 1
2 P_6 313 313 0 0 0 1 1 1
2 P_6 314 314 0 0 0 1 1 1
2 P_6 315 315 0 0 0 1 1 1
2 P_6 316 316 0 0 0 1 1 1
2 P_6 317 317 0.152199 0.17068466730954676 0.1900475 1 1 1
2 P_6 318 318 0.04492915 0.056716417910447764 0.0707085 1 1 1
2 P_6 319 319 0 0 0 1 1 1
2 P_6 320 320 0.0434336 0.05526859504132232 0.0694095 1 1 1
2 P_6 321 321 0.0407083 0.05214723926380368 0.065905 1 1 1
2 P_6 322 322 0 0 0 1 1 1
2 P_6 323 323 0.300093 0.32 0.339104 1 1 1
2 P_6 324 324 0 0 0 1 1 1
2 P_6 325 325 0.0467617 0.05865102639296188 0.072685 1 1 1
2 P_6 326 326 0.05406 0.06669912366114898 0.081385 1 1 1
2 P_6 327 327 0 0 0 1 1 1
2 P_6 328 328 0 0 0 1 1 1
2 P_6 329 329 0 0 0 1 1 1
2 P_6 330 330 0 0 0 1 1 1
2 P_6 331 331 0 0 0 1 1 1
2 P_6 332 332 0.2979375 0.31773399014778325 0.336765 1 1 1
2 P_6 333 333 0 0 0 1 1 1
2 P_6 334 334 0 0 0 1 1 1
2 P_6 335 335 0 0 0 1 1 1
2 P_6 336 336 0 0 0 1 1 1
2 P_6 337 337 0 0 0 1 1 1
2 P_6 338 338 0 0 0 1 1 1
2 P_6 339 339 0 0 0 1 1 1
2 P_6 340 340 0.0456945 0.05779153766769866 0.072162 1 1 1
2 P_6 341 341 0.0442181 0.05571565802113353 0.069353 1 1 1
2 P_6 342 342 0.04161755 0.053169734151329244 0.067029 1 1 1
2 P_6 343 343 0 0 0 1 1 1
2 P_6 344 344 0 0 0 1 1 1
2 P_6 345 345 0.0514775 0.063913470993117 0.0784475 1 1 1
2 P_6 346 346 0 0 0 1 1 1
2 P_6 347 347 0 0 0 1 1 1
2 P_6 348 348 0.3030635 0.32356076759061836 0.343159 1 1 1
2 P_6 349 349 0 0 0 1 1 1
2 P_6 350 350 0.0467745 0.059267241379310345 0.0741155 1 1 1
2 P_6 351 351 0 0 0 1 1 1
2 P_6 352 352 0 0 0 1 1 1
2 P_6 353 353 0.055715 0.0686080947680158 0.0835545 1 1 1
2 P_6 354 354 0.0445994 0.056733828207847295 0.071217 1 1 1
2 P_6 355 355 0.099138 0.11574074074074074 0.1339275 1 1 1
2 P_6 356 356 0 0 0 1 1 1
2 P_6 357 357 0.2931605 0.31312127236580517 0.3323625 1 1 1
2 P_6 358 358 0 0 0 1 1 1
2 P_6 359 359 0 0 0 1 1 1
2 P_6 360 360 0 0 0 1 1 1
2 P_6 361 361 0.093501 0.1095959595959596 0.127317 1 1 1
2 P_6 362 362 0 0 0 1 1 1
2 P_6 363 363 0.0548465 0.06750241080038573 0.082176 1 1 1
2 P_6 364 364 0 0 0 1 1 1
2 P_6 365 365 0.297433 0.31736526946107785 0.3365265 1 1 1
2 P_6 366 366 0.0977645 0.11397423191278494 0.1317295 1 1 1
2 P_6 367 367 0 0 0 1 1 1
2 P_6 368 368 0.04742925 0.059771309771309775 0.07438 1 1 1
2 P_6 369 369 0.1471665 0.1659877800407332 0.1857905 1 1 1
2 P_6 370 370 0 0 0 1 1 1
2 P_6 371 371 0 0 0 1 1 1
2 P_6 372 372 0 0 0 1 1 1
2 P_6 373 373 0.301929 0.3219735503560529 0.3411785 1 1 1
2 P_6 374 374 0 0 0 1 1 1
2 P_6 375 375 0.293981 0.3147153598281418 0.334653 1 1 1
2 P_6 376 376 0.1585065 0.1778006166495375 0.1979455 1 1 1
2 P_6 377 377 0.3012465 0.3210735586481113 0.3400905 1 1 1
2 P_6 378 378 0.289636 0.3095004897159647 0.3286965 1 1 1
2 P_6 379 379 0.3017525 0.3215705765407555 0.3405725 1 1 1
2 P_6 380 380 0.0440802 0.05589430894308943 0.0699695 1 1 1
2 P_6 381 381 0.284535 0.3051201671891327 0.325045 1 1 1
2 P_6 382 382 0 0 0 1 1 1
2 P_6 383 383 0 0 0 1 1 1
2 P_6 384 384 0 0 0 1 1 1
2 P_6 385 385 0 0 0 1 1 1
2 P_6 386 386 0.3010235 0.3215811965811966 0.341262 1 1 1
2 P_6 387 387 0 0 0 1 1 1
2 P_6 388 388 0 0 0 1 1 1
2 P_6 389 389 0 0 0 1 1 1
2 P_6 390 390 0 0 0 1 1 1
2 P_6 391 391 0.04899935 0.061306532663316586 0.075788 1 1 1
2 P_6 392 392 0 0 0 1 1 1
2 P_6 393 393 0.2980845 0.31757402101241644 0.3363235 1 1 1
2 P_6 394 394 0 0 0 1 1 1
2 P_6 395 395 0.096924 0.11324570273003033 0.1311525 1 1 1
2 P_6 396 396 0 0 0 1 1 1
2 P_6 397 397 0 0 0 1 1 1
2 P_6 398 398 0 0 0 1 1 1
2 P_6 399 399 0.5 0.5 0.5 1 1 1
2 P_6 400 400 0 0 0 1 1 1
2 P_6 401 401 0.2936115 0.31341821743388837 0.3325125 1 1 1
2 P_6 402 402 0 0 0 1 1 1
2 P_6 403 403 0 0 0 1 1 1
2 P_6 404 404 0.310394 0.33015075376884423 0.3489835 1 1 1
2 P_6 405 405 0.2913365 0.31126482213438733 0.330499 1 1 1
2 P_6 406 406 0 0 0 1 1 1
2 P_6 407 407 0 0 0 1 1 1
2 P_6 408 408 0.291803 0.311531007751938 0.330575 1 1 1
2 P_6 409 409 0 0 0 1 1 1
2 P_6 410 410 0.294571 0.3147208121827411 0.334117 1 1 1
2 P_6 411 411 0 0 0 1 1 1
2 P_6 412 412 0 0 0 1 1 1
2 P_6 413 413 0.094572 0.1108273748723187 0.1287125 1 1 1
2 P_6 414 414 0.3023815 0.32253086419753085 0.3418245 1 1 1
2 P_6 415 415 0 0 0 1 1 1
2 P_6 416 416 0 0 0 1 1 1
2 P_6 417 417 0 0 0 1 1 1
2 P_6 418 418 0.0507595 0.06298076923076923 0.077264 1 1 1
2 P_6 419 419 0 0 0 1 1 1
2 P_6 420 420 0 0 0 1 1 1
2 P_6 421 421 0 0 0 1 1 1
2 P_6 422 422 0 0 0 1 1 1
2 P_6 423 423 0 0 0 1 1 1
2 P_6 424 424 0.0466681 0.058884297520661155 0.0733635 1 1 1
2 P_6 425 425 0 0 0 1 1 1
2 P_6 426 426 0.0496016 0.06188118811881188 0.076296 1 1 1
2 P_6 427 427 0.1616105 0.1805283757338552 0.200226 1 1 1
2 P_6 428 428 0 0 0 1 1 1
2 P_6 429 429 0.0480246 0.06057385759829968 0.0754305 1 1 1
2 P_6 430 430 0.0528215 0.06561546286876907 0.0805595 1 1 1
2 P_6 431 431 0.297669 0.3173828125 0.336342 1 1 1
2 P_6 432 432 0.3123035 0.3324579831932773 0.3516195 1 1 1
2 P_6 433 433 0 0 0 1 1 1
2 P_6 434 434 0 0 0 1 1 1
2 P_6 435 435 0 0 0 1 1 1
2 P_6 436 436 0 0 0 1 1 1
2 P_6 437 437 0 0 0 1 1 1
2 P_6 438 438 0.305469 0.3257894736842105 0.3451955 1 1 1
2 P_6 439 439 0 0 0 1 1 1
2 P_6 440 440 0.04962 0.062432723358449946 0.0775595 1 1 1
3 P_3 0 0 0 0 0 1 1 1
3 P_3 1 1 0 0 0 1 1 1
3 P_3 2 2 0 0 0 1 1 1
3 P_3 3 3 0 0 0 1 1 1
3 P_3 4 4 0 0 0 1 1 1
3 P_3 5 5 0 0 0 1 1 1
3 P_3 6 6 0.0543215 0.06751054852320675 0.082906 1 1 1
3 P_3 7 7 0.1407875 0.15936863543788188 0.1790085 1 1 1
3 P_3 8 8 0 0 0 1 1 1
3 P_3 9 9 0.0567315 0.06979062811565304 0.0849095 1 1 1
3 P_3 10 10 0.207802 0.22786069651741295 0.248172 1 1 1
3 P_3 11 11 0.2160685 0.23626373626373626 0.2566165 1 1 1
3 P_3 12 12 0 0 0 1 1 1
3 P_3 13 13 0 0 0 1 1 1
3 P_3 14 14 0 0 0 1 1 1
3 P_3 15 15 0 0 0 1 1 1
3 P_3 16 16 0.207709 0.22811534500514932 0.24878 1 1 1
3 P_3 17 17 0 0 0 1 1 1
3 P_3 18 18 0 0 0 1 1 1
3 P_3 19 19 0.244272 0.2649484536082474 0.2854485 1 1 1
3 P_3 20 20 0 0 0 1 1 1
3 P_3 21 21 0 0 0 1 1 1
3 P_3 22 22 0 0 0 1 1 1
3 P_3 23 23 0.5 0.5 0.5 1 1 1
3 P_3 24 24 0 0 0 1 1 1
3 P_3 25 25 0 0 0 1 1 1
3 P_3 26 26 0 0 0 1 1 1
3 P_3 27 27 0.242439 0.26299694189602446 0.283403 1 1 1
3 P_3 28 28 0 0 0 1 1 1
3 P_3 29 29 0 0 0 1 1 1
3 P_3 30 30 0 0 0 1 1 1
3 P_3 31 31 0 0 0 1 1 1
3 P_3 32 32 0 0 0 1 1 1
3 P_3 33 33 0 0 0 1 1 1
3 P_3 34 34 0 0 0 1 1 1
3 P_3 35 35 0.2593935 0.2798582995951417 0.2999765 1 1 1
3 P_3 36 36 0 0 0 1 1 1
3 P_3 37 37 0 0 0 1 1 1
3 P_3 38 38 0 0 0 1 1 1
3 P_3 39 39 0.060101 0.07302325581395348 0.087834 1 1 1
3 P_3 40 40 0 0 0 1 1 1
3 P_3 41 41 0.240631 0.2608481262327416 0.2809425 1 1 1
3 P_3 42 42 0 0 0 1 1 1
3 P_3 43 43 0 0 0 1 1 1
3 P_3 44 44 0 0 0 1 1 1
3 P_3 45 45 0 0 0 1 1 1
3 P_3 46 46 0.248242 0.26843657817109146 0.288423 1 1 1
3 P_3 47 47 0 0 0 1 1 1
3 P_3 48 48 0 0 0 1 1 1
3 P_3 49 49 0 0 0 1 1 1
3 P_3 50 50 0 0 0 1 1 1
3 P_3 51 51 0 0 0 1 1 1
3 P_3 52 52 0 0 0 1 1 1
3 P_3 53 53 0 0 0 1 1 1
3 P_3 54 54 0 0 0 1 1 1
3 P_3 55 55 0 0 0 1 1 1
3 P_3 56 56 0 0 0 1 1 1
3 P_3 57 57 0.2467945 0.26702862783810466 0.28707 1 1 1
3 P_3 58 58 0 0 0 1 1 1
3 P_3 59 59 0 0 0 1 1 1
3 P_3 60 60 0 0 0 1 1 1
3 P_3 61 61 0 0 0 1 1 1
3 P_3 62 62 0.055997 0.06884765625 0.083727 1 1 1
3 P_3 63 63 0 0 0 1 1 1
3 P_3 64 64 0.5 0.5 0.5 1 1 1
3 P_3 65 65 0.5 0.5 0.5 1 1 1
3 P_3 66 66 0 0 0 1 1 1
3 P_3 67 67 0.135974 0.15411298315163527 0.173342 1 1 1
3 P_3 68 68 0 0 0 1 1 1
3 P_3 69 69 0.0758325 0.09042033235581623 0.106797 1 1 1
3 P_3 70 70 0 0 0 1 1 1
3 P_3 71 71 0.223966 0.24474789915966386 0.265593 1 1 1
3 P_3 72 72 0 0 0 1 1 1
3 P_3 73 73 0.2142305 0.23454913880445796 0.2550475 1 1 1
3 P_3 74 74 0 0 0 1 1 1
3 P_3 75 75 0.1290075 0.14679802955665025 0.165755 1 1 1
3 P_3 76 76 0 0 0 1 1 1
3 P_3 77 77 0 0 0 1 1 1
3 P_3 78 78 0.1380205 0.15640766902119072 0.1758775 1 1 1
3 P_3 79 79 0 0 0 1 1 1
3 P_3 80 80 0.2179345 0.23843782117163412 0.2590775 1 1 1
3 P_3 81 81 0 0 0 1 1 1
3 P_3 82 82 0.2485305 0.26877470355731226 0.288806 1 1 1
3 P_3 83 83 0 0 0 1 1 1
3 P_3 84 84 0.5 0.5 0.5 1 1 1
3 P_3 85 85 0.216408 0.236896197327852 0.2575385 1 1 1
3 P_3 86 86 0 0 0 1 1 1
3 P_3 87 87 0 0 0 1 1 1
3 P_3 88 88 0 0 0 1 1 1
3 P_3 89 89 0 0 0 1 1 1
3 P_3 90 90 0 0 0 1 1 1
3 P_3 91 91 0 0 0 1 1 1
3 P_3 92 92 0 0 0 1 1 1
3 P_3 93 93 0 0 0 1 1 1
3 P_3 94 94 0 0 0 1 1 1
3 P_3 95 95 0 0 0 1 1 1
3 P_3 96 96 0 0 0 1 1 1
3 P_3 97 97 0 0 0 1 1 1
3 P_3 98 98 0.5 0.5 0.5 1 1 1
3 P_3 99 99 0.211362 0.231335952848723 0.2515205 1 1 1
3 P_3 100 100 0 0 0 1 1 1
3 P_3 101 101 0.5 0.5 0.5 1 1 1
3 P_3 102 102 0 0 0 1 1 1
3 P_3 103 103 0 0 0 1 1 1
3 P_3 104 104 0 0 0 1 1 1
3 P_3 105 105 0 0 0 1 1 1
3 P_3 106 106 0 0 0 1 1 1
3 P_3 107 107 0 0 0 1 1 1
3 P_3 108 108 0 0 0 1 1 1
3 P_3 109 109 0.5 0.5 0.5 1 1 1
3 P_3 110 110 0 0 0 1 1 1
3 P_3 111 111 0 0 0 1 1 1
3 P_3 112 112 0 0 0 1 1 1
3 P_3 113 113 0 0 0 1 1 1
3 P_3 114 114 0 0 0 1 1 1
3 P_3 115 115 0.0509685 0.06350806451612903 0.0782025 1 1 1
3 P_3 116 116 0.057099 0.07073434125269978 0.0865885 1 1 1
3 P_3 117 117 0 0 0 1 1 1
3 P_3 118 118 0 0 0 1 1 1
3 P_3 119 119 0 0 0 1 1 1
3 P_3 120 120 0 0 0 1 1 1
3 P_3 121 121 0 0 0 1 1 1
3 P_3 122 122 0.14023 0.1592119275825346 0.1793025 1 1 1
3 P_3 123 123 0 0 0 1 1 1
3 P_3 124 124 0.14906 0.16803699897225077 0.18798 1 1 1
3 P_3 125 125 0.216504 0.23631123919308358 0.2562695 1 1 1
3 P_3 126 126 0.5 0.5 0.5 1 1 1
3 P_3 127 127 0 0 0 1 1 1
3 P_3 128 128 0 0 0 1 1 1
3 P_3 129 129 0 0 0 1 1 1
3 P_3 130 130 0 0 0 1 1 1
3 P_3 131 131 0 0 0 1 1 1
3 P_3 132 132 0 0 0 1 1 1
3 P_3 133 133 0 0 0 1 1 1
3 P_3 134 134 0 0 0 1 1 1
3 P_3 135 135 0.245447 0.2659251769464105 0.2862185 1 1 1
3 P_3 136 136 0 0 0 1 1 1
3 P_3 137 137 0.149222 0.1674573055028463 0.186591 1 1 1
3 P_3 138 138 0 0 0 1 1 1
3 P_3 139 139 0.25362 0.27360308285163776 0.293325 1 1 1
3 P_3 140 140 0 0 0 1 1 1
3 P_3 141 141 0 0 0 1 1 1
3 P_3 142 142 0 0 0 1 1 1
3 P_3 143 143 0 0 0 1 1 1
3 P_3 144 144 0 0 0 1 1 1
3 P_3 145 145 0 0 0 1 1 1
3 P_3 146 146 0 0 0 1 1 1
3 P_3 147 147 0 0 0 1 1 1
3 P_3 148 148 0 0 0 1 1 1
3 P_3 149 149 0 0 0 1 1 1
3 P_3 150 150 0.0523575 0.06533192834562697 0.0805365 1 1 1
3 P_3 151 151 0 0 0 1 1 1
3 P_3 152 152 0.2087535 0.22875494071146246 0.248997 1 1 1
3 P_3 153 153 0.206329 0.2263681592039801 0.246677 1 1 1
3 P_3 154 154 0 0 0 1 1 1
3 P_3 155 155 0 0 0 1 1 1
3 P_3 156 156 0 0 0 1 1 1
3 P_3 157 157 0.0703365 0.08456973293768547 0.100679 1 1 1
3 P_3 158 158 0 0 0 1 1 1
3 P_3 159 159 0 0 0 1 1 1
3 P_3 160 160 0 0 0 1 1 1
3 P_3 161 161 0 0 0 1 1 1
3 P_3 162 162 0.132978 0.1510468594217348 0.170247 1 1 1
3 P_3 163 163 0 0 0 1 1 1
3 P_3 164 164 0 0 0 1 1 1
3 P_3 165 165 0 0 0 1 1 1
3 P_3 166 166 0 0 0 1 1 1
3 P_3 167 167 0 0 0 1 1 1
3 P_3 168 168 0 0 0 1 1 1
3 P_3 169 169 0 0 0 1 1 1
3 P_3 170 170 0 0 0 1 1 1
3 P_3 171 171 0 0 0 1 1 1
3 P_3 172 172 0 0 0 1 1 1
3 P_3 173 173 0.2112415 0.23134328358208955 0.251658 1 1 1
3 P_3 174 174 0 0 0 1 1 1
3 P_3 175 175 0 0 0 1 1 1
3 P_3 176 176 0 0 0 1 1 1
3 P_3 177 177 0 0 0 1 1 1
3 P_3 178 178 0.0528215 0.06561546286876907 0.0805595 1 1 1
3 P_3 179 179 0 0 0 1 1 1
3 P_3 180 180 0.0648155 0.0788659793814433 0.094939 1 1 1
3 P_3 181 181 0 0 0 1 1 1
3 P_3 182 182 0 0 0 1 1 1
3 P_3 183 183 0 0 0 1 1 1
3 P_3 184 184 0 0 0 1 1 1
3 P_3 185 185 0 0 0 1 1 1
3 P_3 186 186 0 0 0 1 1 1
3 P_3 187 187 0.1353505 0.15339233038348082 0.1725235 1 1 1
3 P_3 188 188 0.2536295 0.27379784102060845 0.2936985 1 1 1
3 P_3 189 189 0 0 0 1 1 1
3 P_3 190 190 0 0 0 1 1 1
3 P_3 191 191 0 0 0 1 1 1
3 P_3 192 192 0 0 0 1 1 1
3 P_3 193 193 0 0 0 1 1 1
3 P_3 194 194 0 0 0 1 1 1
3 P_3 195 195 0.199019 0.219 0.2393365 1 1 1
3 P_3 196 196 0 0 0 1 1 1
3 P_3 197 197 0 0 0 1 1 1
3 P_3 198 198 0 0 0 1 1 1
3 P_3 199 199 0 0 0 1 1 1
3 P_3 200 200 0 0 0 1 1 1
3 P_3 201 201 0.5 0.5 0.5 1 1 1
3 P_3 202 202 0 0 0 1 1 1
3 P_3 203 203 0.252854 0.27299412915851273 0.292876 1 1 1
3 P_3 204 204 0 0 0 1 1 1
3 P_3 205 205 0.13387 0.15233160621761657 0.1719535 1 1 1
3 P_3 206 206 0.1432905 0.16216216216216217 0.182081 1 1 1
3 P_3 207 207 0.2580865 0.27799043062200957 0.297587 1 1 1
3 P_3 208 208 0 0 0 1 1 1
3 P_3 209 209 0.141413 0.15984015984015984 0.1793005 1 1 1
3 P_3 210 210 0 0 0 1 1 1
3 P_3 211 211 0 0 0 1 1 1
3 P_3 212 212 0 0 0 1 1 1
3 P_3 213 213 0 0 0 1 1 1
3 P_3 214 214 0.1430245 0.16161616161616163 0.1812315 1 1 1
3 P_3 215 215 0 0 0 1 1 1
3 P_3 216 216 0 0 0 1 1 1
3 P_3 217 217 0.1452495 0.16358325219084713 0.182882 1 1 1
3 P_3 218 218 0 0 0 1 1 1
3 P_3 219 219 0.145074 0.16353754940711462 0.182981 1 1 1
3 P_3 220 220 0 0 0 1 1 1
3 P_3 221 221 0.5 0.5 0.5 1 1 1
3 P_3 222 222 0 0 0 1 1 1
3 P_3 223 223 0.5 0.5 0.5 1 1 1
3 P_3 224 224 0.246352 0.26666666666666666 0.286791 1 1 1
3 P_3 225 225 0 0 0 1 1 1
3 P_3 226 226 0 0 0 1 1 1
3 P_3 227 227 0 0 0 1 1 1
3 P_3 228 228 0 0 0 1 1 1
3 P_3 229 229 0 0 0 1 1 1
3 P_3 230 230 0 0 0 1 1 1
3 P_3 231 231 0 0 0 1 1 1
3 P_3 232 232 0 0 0 1 1 1
3 P_3 233 233 0.1489525 0.16785714285714284 0.187723 1 1 1
3 P_3 234 234 0.5 0.5 0.5 1 1 1
3 P_3 235 235 0 0 0 1 1 1
3 P_3 236 236 0.5 0.5 0.5 1 1 1
3 P_3 237 237 0 0 0 1 1 1
3 P_3 238 238 0.251429 0.27161100196463656 0.2915495 1 1 1
3 P_3 239 239 0 0 0 1 1 1
3 P_3 240 240 0 0 0 1 1 1
3 P_3 241 241 0.141353 0.15953307392996108 0.1787225 1 1 1
3 P_3 242 242 0 0 0 1 1 1
3 P_3 243 243 0 0 0 1 1 1
3 P_3 244 244 0.1560045 0.1753381893860562 0.195563 1 1 1
3 P_3 245 245 0 0 0 1 1 1
3 P_3 246 246 0.219598 0.2399193548387097 0.2603575 1 1 1
3 P_3 247 247 0 0 0 1 1 1
3 P_3 248 248 0 0 0 1 1 1
3 P_3 249 249 0 0 0 1 1 1
3 P_3 250 250 0 0 0 1 1 1
3 P_3 251 251 0.2068465 0.22727272727272727 0.2479685 1 1 1
3 P_3 252 252 0.1426815 0.16149068322981366 0.1813505 1 1 1
3 P_3 253 253 0 0 0 1 1 1
3 P_3 254 254 0.2481435 0.2691489361702128 0.289921 1 1 1
3 P_3 255 255 0 0 0 1 1 1
3 P_3 256 256 0 0 0 1 1 1
3 P_3 257 257 0 0 0 1 1 1
3 P_3 258 258 0 0 0 1 1 1
3 P_3 259 259 0.2575615 0.27800201816347125 0.2981185 1 1 1
3 P_3 260 260 0 0 0 1 1 1
3 P_3 261 261 0.1356495 0.1542056074766355 0.173902 1 1 1
3 P_3 262 262 0 0 0 1 1 1
3 P_3 263 263 0 0 0 1 1 1
3 P_3 264 264 0 0 0 1 1 1
3 P_3 265 265 0 0 0 1 1 1
3 P_3 266 266 0 0 0 1 1 1
3 P_3 267 267 0 0 0 1 1 1
3 P_3 268 268 0 0 0 1 1 1
3 P_3 269 269 0.1437905 0.16221562809099901 0.1816365 1 1 1
3 P_3 270 270 0 0 0 1 1 1
3 P_3 271 271 0 0 0 1 1 1
3 P_3 272 272 0 0 0 1 1 1
3 P_3 273 273 0.146367 0.16472303206997085 0.1840295 1 1 1
3 P_3 274 274 0 0 0 1 1 1
3 P_3 275 275 0 0 0 1 1 1
3 P_3 276 276 0 0 0 1 1 1
3 P_3 277 277 0.063068 0.07692307692307693 0.092813 1 1 1
3 P_3 278 278 0 0 0 1 1 1
3 P_3 279 279 0 0 0 1 1 1
3 P_3 280 280 0.5 0.5 0.5 1 1 1
3 P_3 281 281 0.2322395 0.2531847133757962 0.2740915 1 1 1
3 P_3 282 282 0 0 0 1 1 1
3 P_3 283 283 0 0 0 1 1 1
3 P_3 284 284 0 0 0 1 1 1
3 P_3 285 285 0 0 0 1 1 1
3 P_3 286 286 0 0 0 1 1 1
3 P_3 287 287 0 0 0 1 1 1
3 P_3 288 288 0 0 0 1 1 1
3 P_3 289 289 0.5 0.5 0.5 1 1 1
3 P_3 290 290 0.262121 0.28254288597376387 0.302588 1 1 1
3 P_3 291 291 0 0 0 1 1 1
3 P_3 292 292 0.2404 0.2608915906788247 0.2812565 1 1 1
3 P_3 293 293 0 0 0 1 1 1
3 P_3 294 294 0.1388525 0.15701668302257116 0.1762275 1 1 1
3 P_3 295 295 0 0 0 1 1 1
3 P_3 296 296 0.139587 0.15833333333333333 0.1781745 1 1 1
3 P_3 297 297 0.2480365 0.2682806324110672 0.288318 1 1 1
3 P_3 298 298 0 0 0 1 1 1
3 P_3 299 299 0 0 0 1 1 1
3 P_3 300 300 0.2452825 0.26545632973503436 0.2854565 1 1 1
3 P_3 301 301 0 0 0 1 1 1
3 P_3 302 302 0.5 0.5 0.5 1 1 1
3 P_3 303 303 0 0 0 1 1 1
3 P_3 304 304 0 0 0 1 1 1
3 P_3 305 305 0 0 0 1 1 1
3 P_3 306 306 0.1389325 0.15675165250236073 0.175581 1 1 1
3 P_3 307 307 0.2426905 0.26323828920570264 0.2836315 1 1 1
3 P_3 308 308 0.1393615 0.15760869565217392 0.176903 1 1 1
3 P_3 309 309 0 0 0 1 1 1
3 P_3 310 310 0 0 0 1 1 1
3 P_3 311 311 0 0 0 1 1 1
3 P_3 312 312 0.137964 0.15637651821862347 0.175876 1 1 1
3 P_3 313 313 0 0 0 1 1 1
3 P_3 314 314 0 0 0 1 1 1
3 P_3 315 315 0 0 0 1 1 1
3 P_3 316 316 0 0 0 1 1 1
3 P_3 317 317 0.5 0.5 0.5 1 1 1
3 P_3 318 318 0 0 0 1 1 1
3 P_3 319 319 0 0 0 1 1 1
3 P_3 320 320 0 0 0 1 1 1
3 P_3 321 321 0 0 0 1 1 1
3 P_3 322 322 0.0566745 0.0697211155378486 0.0848265 1 1 1
3 P_3 323 323 0 0 0 1 1 1
3 P_3 324 324 0 0 0 1 1 1
3 P_3 325 325 0 0 0 1 1 1
3 P_3 326 326 0 0 0 1 1 1
3 P_3 327 327 0 0 0 1 1 1
3 P_3 328 328 0 0 0 1 1 1
3 P_3 329 329 0 0 0 1 1 1
3 P_3 330 330 0.139487 0.1572769953051643 0.1760655 1 1 1
3 P_3 331 331 0 0 0 1 1 1
3 P_3 332 332 0 0 0 1 1 1
3 P_3 333 333 0 0 0 1 1 1
3 P_3 334 334 0.140157 0.15861027190332327 0.1781185 1 1 1
3 P_3 335 335 0.144458 0.16265640038498555 0.181819 1 1 1
3 P_3 336 336 0 0 0 1 1 1
3 P_3 337 337 0 0 0 1 1 1
3 P_3 338 338 0.2409175 0.2615148413510747 0.281977 1 1 1
3 P_3 339 339 0.1338665 0.1519364448857994 0.1711235 1 1 1
3 P_3 340 340 0.238341 0.2591240875912409 0.279798 1 1 1
3 P_3 341 341 0 0 0 1 1 1
3 P_3 342 342 0.24273 0.2625354777672658 0.2822045 1 1 1
3 P_3 343 343 0 0 0 1 1 1
3 P_3 344 344 0 0 0 1 1 1
3 P_3 345 345 0 0 0 1 1 1
3 P_3 346 346 0.054237 0.06752411575562701 0.083053 1 1 1
3 P_3 347 347 0.142462 0.1608738828202582 0.180301 1 1 1
3 P_3 348 348 0 0 0 1 1 1
3 P_3 349 349 0.1324665 0.1502918287937743 0.1692295 1 1 1
3 P_3 350 350 0 0 0 1 1 1
3 P_3 351 351 0.2403965 0.2608257804632427 0.28113 1 1 1
3 P_3 352 352 0 0 0 1 1 1
3 P_3 353 353 0 0 0 1 1 1
3 P_3 354 354 0 0 0 1 1 1
3 P_3 355 355 0.213102 0.23255813953488372 0.2522 1 1 1
3 P_3 356 356 0 0 0 1 1 1
3 P_3 357 357 0 0 0 1 1 1
3 P_3 358 358 0 0 0 1 1 1
3 P_3 359 359 0 0 0 1 1 1
3 P_3 360 360 0.136267 0.1545 0.173828 1 1 1
3 P_3 361 361 0.2183885 0.2391763463569166 0.260095 1 1 1
3 P_3 362 362 0.053055 0.06573705179282868 0.080523 1 1 1
3 P_3 363 363 0 0 0 1 1 1
3 P_3 364 364 0.066579 0.08007448789571694 0.095385 1 1 1
3 P_3 365 365 0 0 0 1 1 1
3 P_3 366 366 0.212385 0.2321772639691715 0.2521665 1 1 1
3 P_3 367 367 0.143086 0.16153081510934394 0.180984 1 1 1
3 P_3 368 368 0 0 0 1 1 1
3 P_3 369 369 0.5 0.5 0.5 1 1 1
3 P_3 370 370 0 0 0 1 1 1
3 P_3 371 371 0 0 0 1 1 1
3 P_3 372 372 0 0 0 1 1 1
3 P_3 373 373 0 0 0 1 1 1
3 P_3 374 374 0 0 0 1 1 1
3 P_3 375 375 0 0 0 1 1 1
3 P_3 376 376 0.5 0.5 0.5 1 1 1
3 P_3 377 377 0 0 0 1 1 1
3 P_3 378 378 0 0 0 1 1 1
3 P_3 379 379 0 0 0 1 1 1
3 P_3 380 380 0 0 0 1 1 1
3 P_3 381 381 0 0 0 1 1 1
3 P_3 382 382 0 0 0 1 1 1
3 P_3 383 383 0.1265215 0.14419291338582677 0.1630585 1 1 1
3 P_3 384 384 0 0 0 1 1 1
3 P_3 385 385 0 0 0 1 1 1
3 P_3 386 386 0 0 0 1 1 1
3 P_3 387 387 0 0 0 1 1 1
3 P_3 388 388 0 0 0 1 1 1
3 P_3 389 389 0 0 0 1 1 1
3 P_3 390 390 0 0 0 1 1 1
3 P_3 391 391 0.245706 0.26619433198380565 0.286495 1 1 1
3 P_3 392 392 0 0 0 1 1 1
3 P_3 393 393 0 0 0 1 1 1
3 P_3 394 394 0.0547395 0.06737247353224254 0.082021 1 1 1
3 P_3 395 395 0.2148155 0.23461538461538461 0.254585 1 1 1
3 P_3 396 396 0.1395545 0.15779092702169625 0.1770705 1 1 1
3 P_3 397 397 0 0 0 1 1 1
3 P_3 398 398 0 0 0 1 1 1
3 P_3 399 399 0.5 0.5 0.5 1 1 1
3 P_3 400 400 0 0 0 1 1 1
3 P_3 401 401 0 0 0 1 1 1
3 P_3 402 402 0 0 0 1 1 1
3 P_3 403 403 0 0 0 1 1 1
3 P_3 404 404 0 0 0 1 1 1
3 P_3 405 405 0 0 0 1 1 1
3 P_3 406 406 0 0 0 1 1 1
3 P_3 407 407 0 0 0 1 1 1
3 P_3 408 408 0 0 0 1 1 1
3 P_3 409 409 0 0 0 1 1 1
3 P_3 410 410 0 0 0 1 1 1
3 P_3 411 411 0.146118 0.16495901639344263 0.1847995 1 1 1
3 P_3 412 412 0 0 0 1 1 1
3 P_3 413 413 0.213739 0.23375984251968504 0.253964 1 1 1
3 P_3 414 414 0 0 0 1 1 1
3 P_3 415 415 0 0 0 1 1 1
3 P_3 416 416 0.138175 0.15690376569037656 0.176749 1 1 1
3 P_3 417 417 0 0 0 1 1 1
3 P_3 418 418 0 0 0 1 1 1
3 P_3 419 419 0 0 0 1 1 1
3 P_3 420 420 0 0 0 1 1 1
3 P_3 421 421 0 0 0 1 1 1
3 P_3 422 422 0.2426725 0.2631578947368421 0.2834905 1 1 1
3 P_3 423 423 0.143809 0.1624493927125506 0.182106 1 1 1
3 P_3 424 424 0 0 0 1 1 1
3 P_3 425 425 0.259162 0.2797741273100616 0.300036 1 1 1
3 P_3 426 426 0 0 0 1 1 1
3 P_3 427 427 0.5 0.5 0.5 1 1 1
3 P_3 428 428 0.0582545 0.07142857142857142 0.086634 1 1 1
3 P_3 429 429 0.2453685 0.26570289132602193 0.285858 1 1 1
3 P_3 430 430 0 0 0 1 1 1
3 P_3 431 431 0 0 0 1 1 1
3 P_3 432 432 0 0 0 1 1 1
3 P_3 433 433 0 0 0 1 1 1
3 P_3 434 434 0.062242 0.07587939698492463 0.0915235 1 1 1
3 P_3 435 435 0.0567065 0.06945765937202664 0.084179 1 1 1
3 P_3 436 436 0 0 0 1 1 1
3 P_3 437 437 0 0 0 1 1 1
3 P_3 438 438 0 0 0 1 1 1
3 P_3 439 439 0 0 0 1 1 1
3 P_3 440 440 0 0 0 1 1 1
4 P_1 0 0 0.061105 0.07481940144478844 0.0906065 1 1 1
4 P_1 1 1 0 0 0 1 1 1
4 P_1 2 2 0 0 0 1 1 1
4 P_1 3 3 0 0 0 1 1 1
4 P_1 4 4 0.2129185 0.23278370514064015 0.2528405 1 1 1
4 P_1 5 5 0 0 0 1 1 1
4 P_1 6 6 0 0 0 1 1 1
4 P_1 7 7 0.177707 0.19662921348314608 0.2161245 1 1 1
4 P_1 8 8 0.220866 0.24118831822759315 0.2616125 1 1 1
4 P_1 9 9 0 0 0 1 1 1
4 P_1 10 10 0.184975 0.2047047047047047 0.2249545 1 1 1
4 P_1 11 11 0.165438 0.18468468468468469 0.2046815 1 1 1
4 P_1 12 12 0.0603415 0.07379518072289157 0.089277 1 1 1
4 P_1 13 13 0 0 0 1 1 1
4 P_1 14 14 0 0 0 1 1 1
4 P_1 15 15 0.065345 0.07934893184130214 0.095343 1 1 1
4 P_1 16 16 0.1770525 0.19714587737843553 0.21788 1 1 1
4 P_1 17 17 0.2180145 0.23885350318471338 0.2598285 1 1 1
4 P_1 18 18 0 0 0 1 1 1
4 P_1 19 19 0 0 0 1 1 1
4 P_1 20 20 0 0 0 1 1 1
4 P_1 21 21 0 0 0 1 1 1
4 P_1 22 22 0 0 0 1 1 1
4 P_1 23 23 0.2467805 0.26699507389162563 0.2870175 1 1 1
4 P_1 24 24 0 0 0 1 1 1
4 P_1 25 25 0.2053095 0.22492836676217765 0.2448215 1 1 1
4 P_1 26 26 0 0 0 1 1 1
4 P_1 27 27 0 0 0 1 1 1
4 P_1 28 28 0 0 0 1 1 1
4 P_1 29 29 0 0 0 1 1 1
4 P_1 30 30 0.057984 0.07075913776944705 0.085461 1 1 1
4 P_1 31 31 0 0 0 1 1 1
4 P_1 32 32 0.0602745 0.07351509250243428 0.088726 1 1 1
4 P_1 33 33 0 0 0 1 1 1
4 P_1 34 34 0.0708715 0.08493282149712092 0.1008105 1 1 1
4 P_1 35 35 0 0 0 1 1 1
4 P_1 36 36 0 0 0 1 1 1
4 P_1 37 37 0 0 0 1 1 1
4 P_1 38 38 0 0 0 1 1 1
4 P_1 39 39 0 0 0 1 1 1
4 P_1 40 40 0.215439 0.23538011695906433 0.2554845 1 1 1
4 P_1 41 41 0 0 0 1 1 1
4 P_1 42 42 0 0 0 1 1 1
4 P_1 43 43 0.065909 0.08012486992715921 0.096367 1 1 1
4 P_1 44 44 0 0 0 1 1 1
4 P_1 45 45 0 0 0 1 1 1
4 P_1 46 46 0 0 0 1 1 1
4 P_1 47 47 0 0 0 1 1 1
4 P_1 48 48 0 0 0 1 1 1
4 P_1 49 49 0 0 0 1 1 1
4 P_1 50 50 0 0 0 1 1 1
4 P_1 51 51 0 0 0 1 1 1
4 P_1 52 52 0 0 0 1 1 1
4 P_1 53 53 0 0 0 1 1 1
4 P_1 54 54 0 0 0 1 1 1
4 P_1 55 55 0.05395 0.06641366223908918 0.0808745 1 1 1
4 P_1 56 56 0 0 0 1 1 1
4 P_1 57 57 0 0 0 1 1 1
4 P_1 58 58 0.203184 0.22309970384995065 0.24332 1 1 1
4 P_1 59 59 0 0 0 1 1 1
4 P_1 60 60 0.0665545 0.08069458631256383 0.0968175 1 1 1
4 P_1 61 61 0 0 0 1 1 1
4 P_1 62 62 0 0 0 1 1 1
4 P_1 63 63 0 0 0 1 1 1
4 P_1 64 64 0.1866425 0.20670103092783504 0.2272715 1 1 1
4 P_1 65 65 0.190471 0.2103413654618474 0.2306685 1 1 1
4 P_1 66 66 0 0 0 1 1 1
4 P_1 67 67 0.170006 0.18914956011730205 0.208975 1 1 1
4 P_1 68 68 0 0 0 1 1 1
4 P_1 69 69 0 0 0 1 1 1
4 P_1 70 70 0 0 0 1 1 1
4 P_1 71 71 0.178489 0.19809428284854563 0.2182965 1 1 1
4 P_1 72 72 0.065765 0.07951219512195122 0.095167 1 1 1
4 P_1 73 73 0.1755385 0.19542619542619544 0.215964 1 1 1
4 P_1 74 74 0 0 0 1 1 1
4 P_1 75 75 0.1707645 0.18978805394990367 0.209477 1 1 1
4 P_1 76 76 0 0 0 1 1 1
4 P_1 77 77 0.2167065 0.23673870333988212 0.2569205 1 1 1
4 P_1 78 78 0.1787745 0.1987513007284079 0.2193395 1 1 1
4 P_1 79 79 0 0 0 1 1 1
4 P_1 80 80 0.180312 0.19990029910269191 0.2200615 1 1 1
4 P_1 81 81 0 0 0 1 1 1
4 P_1 82 82 0 0 0 1 1 1
4 P_1 83 83 0.2255005 0.24558823529411763 0.2657255 1 1 1
4 P_1 84 84 0.2578275 0.2787144362486828 0.2992545 1 1 1
4 P_1 85 85 0.177084 0.1966067864271457 0.2167405 1 1 1
4 P_1 86 86 0 0 0 1 1 1
4 P_1 87 87 0 0 0 1 1 1
4 P_1 88 88 0 0 0 1 1 1
4 P_1 89 89 0 0 0 1 1 1
4 P_1 90 90 0 0 0 1 1 1
4 P_1 91 91 0.1957775 0.21624472573839662 0.2371205 1 1 1
4 P_1 92 92 0 0 0 1 1 1
4 P_1 93 93 0 0 0 1 1 1
4 P_1 94 94 0 0 0 1 1 1
4 P_1 95 95 0 0 0 1 1 1
4 P_1 96 96 0 0 0 1 1 1
4 P_1 97 97 0 0 0 1 1 1
4 P_1 98 98 0.2359795 0.2561334641805692 0.2762185 1 1 1
4 P_1 99 99 0.1725615 0.1926360725720384 0.213413 1 1 1
4 P_1 100 100 0 0 0 1 1 1
4 P_1 101 101 0.1749485 0.19516129032258064 0.21605 1 1 1
4 P_1 102 102 0 0 0 1 1 1
4 P_1 103 103 0.2152695 0.23517978620019436 0.255255 1 1 1
4 P_1 104 104 0 0 0 1 1 1
4 P_1 105 105 0.2151285 0.23529411764705882 0.255628 1 1 1
4 P_1 106 106 0 0 0 1 1 1
4 P_1 107 107 0.0711355 0.08537782139352307 0.1014725 1 1 1
4 P_1 108 108 0.212013 0.23184898354307842 0.2518865 1 1 1
4 P_1 109 109 0.2573485 0.277666999002991 0.2976695 1 1 1
4 P_1 110 110 0 0 0 1 1 1
4 P_1 111 111 0 0 0 1 1 1
4 P_1 112 112 0.2122265 0.23252279635258358 0.253022 1 1 1
4 P_1 113 113 0 0 0 1 1 1
4 P_1 114 114 0 0 0 1 1 1
4 P_1 115 115 0 0 0 1 1 1
4 P_1 116 116 0 0 0 1 1 1
4 P_1 117 117 0 0 0 1 1 1
4 P_1 118 118 0 0 0 1 1 1
4 P_1 119 119 0.2132185 0.23343373493975902 0.25384 1 1 1
4 P_1 120 120 0 0 0 1 1 1
4 P_1 121 121 0 0 0 1 1 1
4 P_1 122 122 0.1758035 0.1953046953046953 0.215433 1 1 1
4 P_1 123 123 0 0 0 1 1 1
4 P_1 124 124 0.166075 0.18626373626373627 0.2072555 1 1 1
4 P_1 125 125 0.1741615 0.1936127744510978 0.213709 1 1 1
4 P_1 126 126 0.2511335 0.272192513368984 0.2929795 1 1 1
4 P_1 127 127 0 0 0 1 1 1
4 P_1 128 128 0 0 0 1 1 1
4 P_1 129 129 0.203241 0.22327672327672327 0.2436185 1 1 1
4 P_1 130 130 0 0 0 1 1 1
4 P_1 131 131 0 0 0 1 1 1
4 P_1 132 132 0 0 0 1 1 1
4 P_1 133 133 0 0 0 1 1 1
4 P_1 134 134 0 0 0 1 1 1
4 P_1 135 135 0 0 0 1 1 1
4 P_1 136 136 0.2163855 0.23655378486055778 0.256876 1 1 1
4 P_1 137 137 0.174054 0.1936299292214358 0.2138595 1 1 1
4 P_1 138 138 0 0 0 1 1 1
4 P_1 139 139 0 0 0 1 1 1
4 P_1 140 140 0 0 0 1 1 1
4 P_1 141 141 0 0 0 1 1 1
4 P_1 142 142 0 0 0 1 1 1
4 P_1 143 143 0 0 0 1 1 1
4 P_1 144 144 0 0 0 1 1 1
4 P_1 145 145 0 0 0 1 1 1
4 P_1 146 146 0.21416 0.23440643863179075 0.2548325 1 1 1
4 P_1 147 147 0 0 0 1 1 1
4 P_1 148 148 0 0 0 1 1 1
4 P_1 149 149 0.2129415 0.23375931842385517 0.2547755 1 1 1
4 P_1 150 150 0 0 0 1 1 1
4 P_1 151 151 0 0 0 1 1 1
4 P_1 152 152 0.171823 0.19106090373280943 0.210963 1 1 1
4 P_1 153 153 0.168744 0.18799603174603174 0.2079535 1 1 1
4 P_1 154 154 0 0 0 1 1 1
4 P_1 155 155 0.2012665 0.22153846153846155 0.242145 1 1 1
4 P_1 156 156 0 0 0 1 1 1
4 P_1 157 157 0 0 0 1 1 1
4 P_1 158 158 0 0 0 1 1 1
4 P_1 159 159 0 0 0 1 1 1
4 P_1 160 160 0 0 0 1 1 1
4 P_1 161 161 0 0 0 1 1 1
4 P_1 162 162 0.174232 0.19401444788441694 0.2144595 1 1 1
4 P_1 163 163 0 0 0 1 1 1
4 P_1 164 164 0.067678 0.08203530633437175 0.0983925 1 1 1
4 P_1 165 165 0.211466 0.23149062191510364 0.251725 1 1 1
4 P_1 166 166 0 0 0 1 1 1
4 P_1 167 167 0 0 0 1 1 1
4 P_1 168 168 0 0 0 1 1 1
4 P_1 169 169 0 0 0 1 1 1
4 P_1 170 170 0.216478 0.23660714285714285 0.256889 1 1 1
4 P_1 171 171 0 0 0 1 1 1
4 P_1 172 172 0.220866 0.24118831822759315 0.2616125 1 1 1
4 P_1 173 173 0.176553 0.19646569646569648 0.2170165 1 1 1
4 P_1 174 174 0.0570085 0.07045215562565721 0.0860595 1 1 1
4 P_1 175 175 0 0 0 1 1 1
4 P_1 176 176 0 0 0 1 1 1
4 P_1 177 177 0 0 0 1 1 1
4 P_1 178 178 0 0 0 1 1 1
4 P_1 179 179 0 0 0 1 1 1
4 P_1 180 180 0 0 0 1 1 1
4 P_1 181 181 0 0 0 1 1 1
4 P_1 182 182 0.2172855 0.23773006134969324 0.2583185 1 1 1
4 P_1 183 183 0 0 0 1 1 1
4 P_1 184 184 0.2131635 0.232766761095373 0.2525565 1 1 1
4 P_1 185 185 0 0 0 1 1 1
4 P_1 186 186 0.064932 0.07861328125 0.094214 1 1 1
4 P_1 187 187 0.1771105 0.19741100323624594 0.2183615 1 1 1
4 P_1 188 188 0 0 0 1 1 1
4 P_1 189 189 0 0 0 1 1 1
4 P_1 190 190 0 0 0 1 1 1
4 P_1 191 191 0 0 0 1 1 1
4 P_1 192 192 0 0 0 1 1 1
4 P_1 193 193 0.218133 0.2383084577114428 0.2586175 1 1 1
4 P_1 194 194 0 0 0 1 1 1
4 P_1 195 195 0.172879 0.1928345626975764 0.2134805 1 1 1
4 P_1 196 196 0.0703815 0.08476286579212916 0.10105600000000001 1 1 1
4 P_1 197 197 0 0 0 1 1 1
4 P_1 198 198 0.211012 0.23076923076923078 0.2507385 1 1 1
4 P_1 199 199 0 0 0 1 1 1
4 P_1 200 200 0 0 0 1 1 1
4 P_1 201 201 0.181765 0.20106075216972036 0.2208975 1 1 1
4 P_1 202 202 0 0 0 1 1 1
4 P_1 203 203 0 0 0 1 1 1
4 P_1 204 204 0.207611 0.22772772772772773 0.2481 1 1 1
4 P_1 205 205 0.1544685 0.1732477788746298 0.192896 1 1 1
4 P_1 206 206 0.1725285 0.19203629032258066 0.212214 1 1 1
4 P_1 207 207 0 0 0 1 1 1
4 P_1 208 208 0 0 0 1 1 1
4 P_1 209 209 0.1784505 0.19834710743801653 0.2188555 1 1 1
4 P_1 210 210 0 0 0 1 1 1
4 P_1 211 211 0 0 0 1 1 1
4 P_1 212 212 0 0 0 1 1 1
4 P_1 213 213 0 0 0 1 1 1
4 P_1 214 214 0.1782325 0.1975609756097561 0.2174765 1 1 1
4 P_1 215 215 0 0 0 1 1 1
4 P_1 216 216 0 0 0 1 1 1
4 P_1 217 217 0.189294 0.2090818363273453 0.229338 1 1 1
4 P_1 218 218 0.0677525 0.08197556008146639 0.09816 1 1 1
4 P_1 219 219 0.152752 0.1714005876591577 0.1909325 1 1 1
4 P_1 220 220 0 0 0 1 1 1
4 P_1 221 221 0.2523395 0.2728658536585366 0.2931255 1 1 1
4 P_1 222 222 0.2182415 0.23860182370820668 0.2590945 1 1 1
4 P_1 223 223 0.1680985 0.1869070208728653 0.206402 1 1 1
4 P_1 224 224 0 0 0 1 1 1
4 P_1 225 225 0 0 0 1 1 1
4 P_1 226 226 0 0 0 1 1 1
4 P_1 227 227 0 0 0 1 1 1
4 P_1 228 228 0 0 0 1 1 1
4 P_1 229 229 0 0 0 1 1 1
4 P_1 230 230 0 0 0 1 1 1
4 P_1 231 231 0 0 0 1 1 1
4 P_1 232 232 0 0 0 1 1 1
4 P_1 233 233 0.1698725 0.1894093686354379 0.2096535 1 1 1
4 P_1 234 234 0.179943 0.19922630560928434 0.2190725 1 1 1
4 P_1 235 235 0.203685 0.22340425531914893 0.2434185 1 1 1
4 P_1 236 236 0.17361 0.19320486815415822 0.21346 1 1 1
4 P_1 237 237 0 0 0 1 1 1
4 P_1 238 238 0 0 0 1 1 1
4 P_1 239 239 0.061041 0.07474226804123711 0.090515 1 1 1
4 P_1 240 240 0 0 0 1 1 1
4 P_1 241 241 0.169861 0.18888888888888888 0.208594 1 1 1
4 P_1 242 242 0 0 0 1 1 1
4 P_1 243 243 0 0 0 1 1 1
4 P_1 244 244 0.1731775 0.192497532082922 0.2124685 1 1 1
4 P_1 245 245 0 0 0 1 1 1
4 P_1 246 246 0.175262 0.1947211155378486 0.2148115 1 1 1
4 P_1 247 247 0 0 0 1 1 1
4 P_1 248 248 0 0 0 1 1 1
4 P_1 249 249 0 0 0 1 1 1
4 P_1 250 250 0 0 0 1 1 1
4 P_1 251 251 0.1757575 0.195496417604913 0.2158755 1 1 1
4 P_1 252 252 0.175499 0.19527235354573483 0.215691 1 1 1
4 P_1 253 253 0 0 0 1 1 1
4 P_1 254 254 0 0 0 1 1 1
4 P_1 255 255 0 0 0 1 1 1
4 P_1 256 256 0 0 0 1 1 1
4 P_1 257 257 0 0 0 1 1 1
4 P_1 258 258 0 0 0 1 1 1
4 P_1 259 259 0 0 0 1 1 1
4 P_1 260 260 0 0 0 1 1 1
4 P_1 261 261 0.1634765 0.1823929961089494 0.202064 1 1 1
4 P_1 262 262 0.0637265 0.07776617954070981 0.093867 1 1 1
4 P_1 263 263 0 0 0 1 1 1
4 P_1 264 264 0 0 0 1 1 1
4 P_1 265 265 0 0 0 1 1 1
4 P_1 266 266 0 0 0 1 1 1
4 P_1 267 267 0 0 0 1 1 1
4 P_1 268 268 0 0 0 1 1 1
4 P_1 269 269 0.163196 0.1819047619047619 0.2013575 1 1 1
4 P_1 270 270 0 0 0 1 1 1
4 P_1 271 271 0 0 0 1 1 1
4 P_1 272 272 0 0 0 1 1 1
4 P_1 273 273 0.1781405 0.1981230448383733 0.218726 1 1 1
4 P_1 274 274 0 0 0 1 1 1
4 P_1 275 275 0 0 0 1 1 1
4 P_1 276 276 0 0 0 1 1 1
4 P_1 277 277 0 0 0 1 1 1
4 P_1 278 278 0 0 0 1 1 1
4 P_1 279 279 0.203788 0.22424557752341312 0.2450105 1 1 1
4 P_1 280 280 0.166069 0.1853146853146853 0.205301 1 1 1
4 P_1 281 281 0 0 0 1 1 1
4 P_1 282 282 0 0 0 1 1 1
4 P_1 283 283 0 0 0 1 1 1
4 P_1 284 284 0 0 0 1 1 1
4 P_1 285 285 0.2022285 0.22174738841405509 0.2415745 1 1 1
4 P_1 286 286 0 0 0 1 1 1
4 P_1 287 287 0 0 0 1 1 1
4 P_1 288 288 0 0 0 1 1 1
4 P_1 289 289 0.1794305 0.1991869918699187 0.219536 1 1 1
4 P_1 290 290 0 0 0 1 1 1
4 P_1 291 291 0 0 0 1 1 1
4 P_1 292 292 0 0 0 1 1 1
4 P_1 293 293 0.068986 0.08324924318869828 0.099442 1 1 1
4 P_1 294 294 0.1876645 0.2076923076923077 0.228218 1 1 1
4 P_1 295 295 0 0 0 1 1 1
4 P_1 296 296 0.177279 0.19658536585365854 0.2164895 1 1 1
4 P_1 297 297 0 0 0 1 1 1
4 P_1 298 298 0 0 0 1 1 1
4 P_1 299 299 0 0 0 1 1 1
4 P_1 300 300 0 0 0 1 1 1
4 P_1 301 301 0 0 0 1 1 1
4 P_1 302 302 0.175534 0.19463087248322147 0.214337 1 1 1
4 P_1 303 303 0.0585875 0.07193515704154002 0.087351 1 1 1
4 P_1 304 304 0 0 0 1 1 1
4 P_1 305 305 0 0 0 1 1 1
4 P_1 306 306 0.171447 0.1910860655737705 0.2114175 1 1 1
4 P_1 307 307 0 0 0 1 1 1
4 P_1 308 308 0.1746975 0.19400785854616895 0.213949 1 1 1
4 P_1 309 309 0 0 0 1 1 1
4 P_1 310 310 0 0 0 1 1 1
4 P_1 311 311 0.203469 0.22331047992164543 0.2434515 1 1 1
4 P_1 312 312 0.167446 0.18680765357502518 0.206899 1 1 1
4 P_1 313 313 0 0 0 1 1 1
4 P_1 314 314 0 0 0 1 1 1
4 P_1 315 315 0.219181 0.2394578313253012 0.259856 1 1 1
4 P_1 316 316 0.209767 0.2298507462686567 0.2501645 1 1 1
4 P_1 317 317 0.250813 0.27134146341463417 0.291621 1 1 1
4 P_1 318 318 0 0 0 1 1 1
4 P_1 319 319 0 0 0 1 1 1
4 P_1 320 320 0 0 0 1 1 1
4 P_1 321 321 0 0 0 1 1 1
4 P_1 322 322 0 0 0 1 1 1
4 P_1 323 323 0 0 0 1 1 1
4 P_1 324 324 0 0 0 1 1 1
4 P_1 325 325 0 0 0 1 1 1
4 P_1 326 326 0 0 0 1 1 1
4 P_1 327 327 0.206353 0.22684703433922998 0.2476175 1 1 1
4 P_1 328 328 0.2130285 0.23294346978557504 0.253049 1 1 1
4 P_1 329 329 0.0591105 0.07251521298174442 0.087984 1 1 1
4 P_1 330 330 0.1723475 0.19173306772908366 0.211784 1 1 1
4 P_1 331 331 0.206343 0.22645290581162325 0.246833 1 1 1
4 P_1 332 332 0 0 0 1 1 1
4 P_1 333 333 0.059943 0.07357512953367876 0.089303 1 1 1
4 P_1 334 334 0.163435 0.18279022403258655 0.2029305 1 1 1
4 P_1 335 335 0.1713135 0.19040697674418605 0.2101625 1 1 1
4 P_1 336 336 0 0 0 1 1 1
4 P_1 337 337 0.0603755 0.0743756786102063 0.0905615 1 1 1
4 P_1 338 338 0 0 0 1 1 1
4 P_1 339 339 0.1794445 0.1992827868852459 0.2197165 1 1 1
4 P_1 340 340 0 0 0 1 1 1
4 P_1 341 341 0 0 0 1 1 1
4 P_1 342 342 0 0 0 1 1 1
4 P_1 343 343 0 0 0 1 1 1
4 P_1 344 344 0 0 0 1 1 1
4 P_1 345 345 0 0 0 1 1 1
4 P_1 346 346 0 0 0 1 1 1
4 P_1 347 347 0.175277 0.1949238578680203 0.215212 1 1 1
4 P_1 348 348 0 0 0 1 1 1
4 P_1 349 349 0.156343 0.17564766839378237 0.1958355 1 1 1
4 P_1 350 350 0 0 0 1 1 1
4 P_1 351 351 0 0 0 1 1 1
4 P_1 352 352 0 0 0 1 1 1
4 P_1 353 353 0 0 0 1 1 1
4 P_1 354 354 0 0 0 1 1 1
4 P_1 355 355 0.169582 0.18901209677419356 0.209147 1 1 1
4 P_1 356 356 0.2088445 0.2285851780558229 0.248562 1 1 1
4 P_1 357 357 0 0 0 1 1 1
4 P_1 358 358 0.0699515 0.08425275827482448 0.1004605 1 1 1
4 P_1 359 359 0 0 0 1 1 1
4 P_1 360 360 0.1766155 0.19597249508840864 0.215938 1 1 1
4 P_1 361 361 0.175262 0.1947211155378486 0.2148115 1 1 1
4 P_1 362 362 0 0 0 1 1 1
4 P_1 363 363 0 0 0 1 1 1
4 P_1 364 364 0 0 0 1 1 1
4 P_1 365 365 0 0 0 1 1 1
4 P_1 366 366 0.1726615 0.1921529175050302 0.2123115 1 1 1
4 P_1 367 367 0.1757325 0.19528112449799198 0.21546 1 1 1
4 P_1 368 368 0 0 0 1 1 1
4 P_1 369 369 0.2538495 0.2741774675972084 0.294229 1 1 1
4 P_1 370 370 0 0 0 1 1 1
4 P_1 371 371 0.19974 0.22018828451882846 0.240994 1 1 1
4 P_1 372 372 0 0 0 1 1 1
4 P_1 373 373 0 0 0 1 1 1
4 P_1 374 374 0.065669 0.07917059377945335 0.0945185 1 1 1
4 P_1 375 375 0 0 0 1 1 1
4 P_1 376 376 0.2468625 0.2675619834710744 0.2880535 1 1 1
4 P_1 377 377 0 0 0 1 1 1
4 P_1 378 378 0 0 0 1 1 1
4 P_1 379 379 0 0 0 1 1 1
4 P_1 380 380 0 0 0 1 1 1
4 P_1 381 381 0 0 0 1 1 1
4 P_1 382 382 0.2101595 0.2301980198019802 0.2504615 1 1 1
4 P_1 383 383 0.174893 0.1939655172413793 0.2136535 1 1 1
4 P_1 384 384 0.2189755 0.2391089108910891 0.259366 1 1 1
4 P_1 385 385 0 0 0 1 1 1
4 P_1 386 386 0 0 0 1 1 1
4 P_1 387 387 0.2021675 0.22227822580645162 0.2427095 1 1 1
4 P_1 388 388 0 0 0 1 1 1
4 P_1 389 389 0.2023035 0.2224469160768453 0.2429095 1 1 1
4 P_1 390 390 0.059399 0.07270916334661355 0.088044 1 1 1
4 P_1 391 391 0 0 0 1 1 1
4 P_1 392 392 0.2263295 0.24691358024691357 0.267534 1 1 1
4 P_1 393 393 0 0 0 1 1 1
4 P_1 394 394 0 0 0 1 1 1
4 P_1 395 395 0.1659265 0.18594594594594593 0.206759 1 1 1
4 P_1 396 396 0.1716765 0.19125127161749747 0.2115115 1 1 1
4 P_1 397 397 0.208446 0.22786579683131408 0.247522 1 1 1
4 P_1 398 398 0.203605 0.22347740667976423 0.243649 1 1 1
4 P_1 399 399 0.5 0.5 0.5 1 1 1
4 P_1 400 400 0 0 0 1 1 1
4 P_1 401 401 0 0 0 1 1 1
4 P_1 402 402 0.06762 0.08167330677290836 0.097649 1 1 1
4 P_1 403 403 0 0 0 1 1 1
4 P_1 404 404 0 0 0 1 1 1
4 P_1 405 405 0 0 0 1 1 1
4 P_1 406 406 0.060591 0.07446808510638298 0.090486 1 1 1
4 P_1 407 407 0.058881 0.07198443579766536 0.0870735 1 1 1
4 P_1 408 408 0 0 0 1 1 1
4 P_1 409 409 0.206343 0.22645290581162325 0.246833 1 1 1
4 P_1 410 410 0 0 0 1 1 1
4 P_1 411 411 0.1749215 0.1947314049586777 0.215196 1 1 1
4 P_1 412 412 0 0 0 1 1 1
4 P_1 413 413 0.1748975 0.19414634146341464 0.2140205 1 1 1
4 P_1 414 414 0 0 0 1 1 1
4 P_1 415 415 0.061237 0.07482305358948432 0.09044 1 1 1
4 P_1 416 416 0.18133 0.20123203285420946 0.221708 1 1 1
4 P_1 417 417 0.210776 0.23069403714565004 0.2508285 1 1 1
4 P_1 418 418 0 0 0 1 1 1
4 P_1 419 419 0 0 0 1 1 1
4 P_1 420 420 0 0 0 1 1 1
4 P_1 421 421 0.198572 0.21871820956256358 0.239229 1 1 1
4 P_1 422 422 0 0 0 1 1 1
4 P_1 423 423 0.1573375 0.1760154738878143 0.195514 1 1 1
4 P_1 424 424 0 0 0 1 1 1
4 P_1 425 425 0 0 0 1 1 1
4 P_1 426 426 0 0 0 1 1 1
4 P_1 427 427 0.25834 0.2787878787878788 0.2989025 1 1 1
4 P_1 428 428 0 0 0 1 1 1
4 P_1 429 429 0 0 0 1 1 1
4 P_1 430 430 0 0 0 1 1 1
4 P_1 431 431 0 0 0 1 1 1
4 P_1 432 432 0 0 0 1 1 1
4 P_1 433 433 0 0 0 1 1 1
4 P_1 434 434 0 0 0 1 1 1
4 P_1 435 435 0 0 0 1 1 1
4 P_1 436 436 0.2173285 0.23763874873864782 0.258092 1 1 1
4 P_1 437 437 0 0 0 1 1 1
4 P_1 438 438 0 0 0 1 1 1
4 P_1 439 439 0 0 0 1 1 1
4 P_1 440 440 0 0 0 1 1 1
