10 #m
54 #n
0 P_5 0 0 0.5 0.5 0.5 1 1 1
0 P_5 1 1 0 0 0 1 1 1
0 P_5 2 2 0.5 0.5 0.5 1 1 1
0 P_5 3 3 0 0 0 1 1 1
0 P_5 4 4 0.5 0.5 0.5 1 1 1
0 P_5 5 5 0 0 0 1 1 1
0 P_5 6 6 0.5 0.5 0.5 1 1 1
0 P_5 7 7 0.5 0.5 0.5 1 1 1
0 P_5 8 8 0 0 0 1 1 1
0 P_5 9 9 0 0 0 1 1 1
0 P_5 10 10 0.5 0.5 0.5 1 1 1
0 P_5 11 11 0.5 0.5 0.5 1 1 1
0 P_5 12 12 0.5 0.5 0.5 1 1 1
0 P_5 13 13 0.5 0.5 0.5 1 1 1
0 P_5 14 14 0 0 0 1 1 1
0 P_5 15 15 0.5 0.5 0.5 1 1 1
0 P_5 16 16 0.5 0.5 0.5 1 1 1
0 P_5 17 17 0.5 0.5 0.5 1 1 1
0 P_5 18 18 0.5 0.5 0.5 1 1 1
0 P_5 19 19 0.5 0.5 0.5 1 1 1
0 P_5 20 20 0.5 0.5 0.5 1 1 1
0 P_5 21 21 0.0725 0.13333333333333333 0.2151515 1 1 1
0 P_5 22 22 0.5 0.5 0.5 1 1 1
0 P_5 23 23 0.5 0.5 0.5 1 1 1
0 P_5 24 24 0.058284 0.11607142857142858 0.1995385 1 1 1
0 P_5 25 25 0.5 0.5 0.5 1 1 1
0 P_5 26 26 0.5 0.5 0.5 1 1 1
0 P_5 27 27 0.5 0.5 0.5 1 1 1
0 P_5 28 28 0.5 0.5 0.5 1 1 1
0 P_5 29 29 0.5 0.5 0.5 1 1 1
0 P_5 30 30 0.08595 0.1595744680851064 0.2536175 1 1 1
0 P_5 31 31 0.5 0.5 0.5 1 1 1
0 P_5 32 32 0.5 0.5 0.5 1 1 1
0 P_5 33 33 0.059399 0.11818181818181818 0.2026695 1 1 1
0 P_5 34 34 0.5 0.5 0.5 1 1 1
0 P_5 35 35 0.0551375 0.11702127659574468 0.208894 1 1 1
0 P_5 36 36 0 0 0 1 1 1
0 P_5 37 37 0 0 0 1 1 1
0 P_5 38 38 0.5 0.5 0.5 1 1 1
0 P_5 39 39 0.5 0.5 0.5 1 1 1
0 P_5 40 40 0.5 0.5 0.5 1 1 1
0 P_5 41 41 0.0577225 0.12222222222222222 0.216718 1 1 1
0 P_5 42 42 0.5 0.5 0.5 1 1 1
0 P_5 43 43 0.1399715 0.22448979591836735 0.314555 1 1 1
0 P_5 44 44 0.5 0.5 0.5 1 1 1
0 P_5 45 45 0.5 0.5 0.5 1 1 1
0 P_5 46 46 0.5 0.5 0.5 1 1 1
0 P_5 47 47 0 0 0 1 1 1
0 P_5 48 48 0.5 0.5 0.5 1 1 1
0 P_5 49 49 0.5 0.5 0.5 1 1 1
0 P_5 50 50 0 0 0 1 1 1
0 P_5 51 51 0.0237081 0.06818181818181818 0.156048 1 1 1
0 P_5 52 52 0.5 0.5 0.5 1 1 1
0 P_5 53 53 0.5 0.5 0.5 1 1 1
1 P_9 0 0 0.0348853 0.08181818181818182 0.1614825 1 1 1
1 P_9 1 1 0.1445155 0.22641509433962265 0.3130835 1 1 1
1 P_9 2 2 0.106066 0.1836734693877551 0.275699 1 1 1
1 P_9 3 3 0.108198 0.18181818181818182 0.268753 1 1 1
1 P_9 4 4 0.0701415 0.13829787234042554 0.231664 1 1 1
1 P_9 5 5 0 0 0 1 1 1
1 P_9 6 6 0.059399 0.11818181818181818 0.2026695 1 1 1
1 P_9 7 7 0.1801635 0.2631578947368421 0.343666 1 1 1
1 P_9 8 8 0.181311 0.28205128205128205 0.3742025 1 1 1
1 P_9 9 9 0.136869 0.22 0.309534 1 1 1
1 P_9 10 10 0.064323 0.12745098039215685 0.2162195 1 1 1
1 P_9 11 11 0.0946105 0.1744186046511628 0.2727495 1 1 1
1 P_9 12 12 0.0126776 0.046511627906976744 0.1297345 1 1 1
1 P_9 13 13 0.0550965 0.11320754716981132 0.1989225 1 1 1
1 P_9 14 14 0.1262685 0.1984126984126984 0.279429 1 1 1
1 P_9 15 15 0.086206 0.1568627450980392 0.247021 1 1 1
1 P_9 16 16 0.5 0.5 0.5 1 1 1
1 P_9 17 17 0.10156 0.17647058823529413 0.2667825 1 1 1
1 P_9 18 18 0.0882215 0.1574074074074074 0.244979 1 1 1
1 P_9 19 19 0.5 0.5 0.5 1 1 1
1 P_9 20 20 0.1522705 0.23958333333333334 0.329205 1 1 1
1 P_9 21 21 0 0 0 1 1 1
1 P_9 22 22 0.5 0.5 0.5 1 1 1
1 P_9 23 23 0.05621 0.11538461538461539 0.20221 1 1 1
1 P_9 24 24 0 0 0 1 1 1
1 P_9 25 25 0.0745605 0.14285714285714285 0.2344265 1 1 1
1 P_9 26 26 0.095242 0.16379310344827586 0.24836 1 1 1
1 P_9 27 27 0.0551375 0.11702127659574468 0.208894 1 1 1
1 P_9 28 28 0.04505635 0.10465116279069768 0.199784 1 1 1
1 P_9 29 29 0.084319 0.14615384615384616 0.2253195 1 1 1
1 P_9 30 30 0 0 0 1 1 1
1 P_9 31 31 0.0920135 0.16666666666666666 0.259778 1 1 1
1 P_9 32 32 0.0670615 0.13636363636363635 0.2329105 1 1 1
1 P_9 33 33 0 0 0 1 1 1
1 P_9 34 34 0.072974 0.14 0.2304755 1 1 1
1 P_9 35 35 0 0 0 1 1 1
1 P_9 36 36 0.146602 0.22727272727272727 0.312383 1 1 1
1 P_9 37 37 0 0 0 1 1 1
1 P_9 38 38 0.5 0.5 0.5 1 1 1
1 P_9 39 39 0.0629585 0.11904761904761904 0.1976285 1 1 1
1 P_9 40 40 0.0723025 0.14634146341463414 0.2468945 1 1 1
1 P_9 41 41 0 0 0 1 1 1
1 P_9 42 42 0.064717 0.125 0.2092585 1 1 1
1 P_9 43 43 0 0 0 1 1 1
1 P_9 44 44 0.18121 0.27 0.354521 1 1 1
1 P_9 45 45 0.0741005 0.1388888888888889 0.2257315 1 1 1
1 P_9 46 46 0.0685965 0.1320754716981132 0.2193665 1 1 1
1 P_9 47 47 0.1382685 0.22727272727272727 0.321734 1 1 1
1 P_9 48 48 0.065685 0.13 0.219889 1 1 1
1 P_9 49 49 0.03302275 0.07758620689655173 0.154076 1 1 1
1 P_9 50 50 0 0 0 1 1 1
1 P_9 51 51 0 0 0 1 1 1
1 P_9 52 52 0.0551375 0.11702127659574468 0.208894 1 1 1
1 P_9 53 53 0.04861105 0.10377358490566038 0.188431 1 1 1
2 P_8 0 0 0.5 0.5 0.5 1 1 1
2 P_8 1 1 0 0 0 1 1 1
2 P_8 2 2 0.5 0.5 0.5 1 1 1
2 P_8 3 3 0 0 0 1 1 1
2 P_8 4 4 0.5 0.5 0.5 1 1 1
2 P_8 5 5 0 0 0 1 1 1
2 P_8 6 6 0.5 0.5 0.5 1 1 1
2 P_8 7 7 0.5 0.5 0.5 1 1 1
2 P_8 8 8 0 0 0 1 1 1
2 P_8 9 9 0 0 0 1 1 1
2 P_8 10 10 0.5 0.5 0.5 1 1 1
2 P_8 11 11 0.5 0.5 0.5 1 1 1
2 P_8 12 12 0.5 0.5 0.5 1 1 1
2 P_8 13 13 0.5 0.5 0.5 1 1 1
2 P_8 14 14 0 0 0 1 1 1
2 P_8 15 15 0.5 0.5 0.5 1 1 1
2 P_8 16 16 0.5 0.5 0.5 1 1 1
2 P_8 17 17 0.5 0.5 0.5 1 1 1
2 P_8 18 18 0.5 0.5 0.5 1 1 1
2 P_8 19 19 0.5 0.5 0.5 1 1 1
2 P_8 20 20 0.5 0.5 0.5 1 1 1
2 P_8 21 21 0.0752515 0.14772727272727273 0.2447315 1 1 1
2 P_8 22 22 0.5 0.5 0.5 1 1 1
2 P_8 23 23 0.5 0.5 0.5 1 1 1
2 P_8 24 24 0.223549 0.3137254901960784 0.3905525 1 1 1
2 P_8 25 25 0.5 0.5 0.5 1 1 1
2 P_8 26 26 0.5 0.5 0.5 1 1 1
2 P_8 27 27 0.5 0.5 0.5 1 1 1
2 P_8 28 28 0.5 0.5 0.5 1 1 1
2 P_8 29 29 0.5 0.5 0.5 1 1 1
2 P_8 30 30 0 0 0 1 1 1
2 P_8 31 31 0.5 0.5 0.5 1 1 1
2 P_8 32 32 0.5 0.5 0.5 1 1 1
2 P_8 33 33 0.190466 0.28 0.363131 1 1 1
2 P_8 34 34 0.5 0.5 0.5 1 1 1
2 P_8 35 35 0.1023585 0.1875 0.289005 1 1 1
2 P_8 36 36 0 0 0 1 1 1
2 P_8 37 37 0 0 0 1 1 1
2 P_8 38 38 0.5 0.5 0.5 1 1 1
2 P_8 39 39 0.5 0.5 0.5 1 1 1
2 P_8 40 40 0.5 0.5 0.5 1 1 1
2 P_8 41 41 0.1542185 0.24 0.327916 1 1 1
2 P_8 42 42 0.5 0.5 0.5 1 1 1
2 P_8 43 43 0.5 0.5 0.5 1 1 1
2 P_8 44 44 0.5 0.5 0.5 1 1 1
2 P_8 45 45 0.5 0.5 0.5 1 1 1
2 P_8 46 46 0.5 0.5 0.5 1 1 1
2 P_8 47 47 0 0 0 1 1 1
2 P_8 48 48 0.5 0.5 0.5 1 1 1
2 P_8 49 49 0.5 0.5 0.5 1 1 1
2 P_8 50 50 0 0 0 1 1 1
2 P_8 51 51 0.1256175 0.21428571428571427 0.311901 1 1 1
2 P_8 52 52 0.5 0.5 0.5 1 1 1
2 P_8 53 53 0.5 0.5 0.5 1 1 1
3 P_7 0 0 0.5 0.5 0.5 1 1 1
3 P_7 1 1 0 0 0 1 1 1
3 P_7 2 2 0.5 0.5 0.5 1 1 1
3 P_7 3 3 0 0 0 1 1 1
3 P_7 4 4 0.5 0.5 0.5 1 1 1
3 P_7 5 5 0.03776075 0.09302325581395349 0.186637 1 1 1
3 P_7 6 6 0.5 0.5 0.5 1 1 1
3 P_7 7 7 0.5 0.5 0.5 1 1 1
3 P_7 8 8 0 0 0 1 1 1
3 P_7 9 9 0 0 0 1 1 1
3 P_7 10 10 0.5 0.5 0.5 1 1 1
3 P_7 11 11 0.5 0.5 0.5 1 1 1
3 P_7 12 12 0.5 0.5 0.5 1 1 1
3 P_7 13 13 0.5 0.5 0.5 1 1 1
3 P_7 14 14 0 0 0 1 1 1
3 P_7 15 15 0.5 0.5 0.5 1 1 1
3 P_7 16 16 0.5 0.5 0.5 1 1 1
3 P_7 17 17 0.5 0.5 0.5 1 1 1
3 P_7 18 18 0.5 0.5 0.5 1 1 1
3 P_7 19 19 0.5 0.5 0.5 1 1 1
3 P_7 20 20 0.5 0.5 0.5 1 1 1
3 P_7 21 21 0.327472 0.4117647058823529 0.462277 1 1 1
3 P_7 22 22 0.5 0.5 0.5 1 1 1
3 P_7 23 23 0.5 0.5 0.5 1 1 1
3 P_7 24 24 0 0 0 1 1 1
3 P_7 25 25 0.5 0.5 0.5 1 1 1
3 P_7 26 26 0.5 0.5 0.5 1 1 1
3 P_7 27 27 0.5 0.5 0.5 1 1 1
3 P_7 28 28 0.5 0.5 0.5 1 1 1
3 P_7 29 29 0.5 0.5 0.5 1 1 1
3 P_7 30 30 0.343952 0.4318181818181818 0.476292 1 1 1
3 P_7 31 31 0.5 0.5 0.5 1 1 1
3 P_7 32 32 0.5 0.5 0.5 1 1 1
3 P_7 33 33 0 0 0 1 1 1
3 P_7 34 34 0.5 0.5 0.5 1 1 1
3 P_7 35 35 0 0 0 1 1 1
3 P_7 36 36 0 0 0 1 1 1
3 P_7 37 37 0.0378634 0.0847457627118644 0.1617605 1 1 1
3 P_7 38 38 0.5 0.5 0.5 1 1 1
3 P_7 39 39 0.5 0.5 0.5 1 1 1
3 P_7 40 40 0.5 0.5 0.5 1 1 1
3 P_7 41 41 0.5 0.5 0.5 1 1 1
3 P_7 42 42 0.5 0.5 0.5 1 1 1
3 P_7 43 43 0.5 0.5 0.5 1 1 1
3 P_7 44 44 0.5 0.5 0.5 1 1 1
3 P_7 45 45 0.5 0.5 0.5 1 1 1
3 P_7 46 46 0.5 0.5 0.5 1 1 1
3 P_7 47 47 0 0 0 1 1 1
3 P_7 48 48 0.5 0.5 0.5 1 1 1
3 P_7 49 49 0.5 0.5 0.5 1 1 1
3 P_7 50 50 0.0479743 0.10638297872340426 0.197163 1 1 1
3 P_7 51 51 0 0 0 1 1 1
3 P_7 52 52 0.5 0.5 0.5 1 1 1
3 P_7 53 53 0.5 0.5 0.5 1 1 1
4 P_2 0 0 0.1830465 0.27906976744186046 0.3679655 1 1 1
4 P_2 1 1 0 0 0 1 1 1
4 P_2 2 2 0.5 0.5 0.5 1 1 1
4 P_2 3 3 0.137591 0.2361111111111111 0.3386325 1 1 1
4 P_2 4 4 0.201056 0.2833333333333333 0.3596085 1 1 1
4 P_2 5 5 0 0 0 1 1 1
4 P_2 6 6 0.1830465 0.27906976744186046 0.3679655 1 1 1
4 P_2 7 7 0.5 0.5 0.5 1 1 1
4 P_2 8 8 0 0 0 1 1 1
4 P_2 9 9 0 0 0 1 1 1
4 P_2 10 10 0.1821925 0.2804878048780488 0.3709755 1 1 1
4 P_2 11 11 0.112932 0.19767441860465115 0.2952445 1 1 1
4 P_2 12 12 0.1382685 0.22727272727272727 0.321734 1 1 1
4 P_2 13 13 0.1898885 0.28125 0.3656855 1 1 1
4 P_2 14 14 0 0 0 1 1 1
4 P_2 15 15 0.21051 0.30952380952380953 0.39363 1 1 1
4 P_2 16 16 0.5 0.5 0.5 1 1 1
4 P_2 17 17 0.169449 0.24615384615384617 0.323501 1 1 1
4 P_2 18 18 0.184615 0.2672413793103448 0.346663 1 1 1
4 P_2 19 19 0.5 0.5 0.5 1 1 1
4 P_2 20 20 0.5 0.5 0.5 1 1 1
4 P_2 21 21 0 0 0 1 1 1
4 P_2 22 22 0.5 0.5 0.5 1 1 1
4 P_2 23 23 0.164183 0.24561403508771928 0.327874 1 1 1
4 P_2 24 24 0 0 0 1 1 1
4 P_2 25 25 0.199202 0.2976190476190476 0.384108 1 1 1
4 P_2 26 26 0.156384 0.25675675675675674 0.3552305 1 1 1
4 P_2 27 27 0.1733105 0.25961538461538464 0.3439415 1 1 1
4 P_2 28 28 0.2000725 0.28846153846153844 0.368936 1 1 1
4 P_2 29 29 0.19213 0.2767857142857143 0.356296 1 1 1
4 P_2 30 30 0 0 0 1 1 1
4 P_2 31 31 0.106066 0.1836734693877551 0.275699 1 1 1
4 P_2 32 32 0.2143725 0.30612244897959184 0.3856715 1 1 1
4 P_2 33 33 0 0 0 1 1 1
4 P_2 34 34 0.1320345 0.22093023255813954 0.3169535 1 1 1
4 P_2 35 35 0 0 0 1 1 1
4 P_2 36 36 0 0 0 1 1 1
4 P_2 37 37 0.119323 0.20454545454545456 0.3006795 1 1 1
4 P_2 38 38 0.5 0.5 0.5 1 1 1
4 P_2 39 39 0.112932 0.19767441860465115 0.2952445 1 1 1
4 P_2 40 40 0.1961295 0.2818181818181818 0.361292 1 1 1
4 P_2 41 41 0.141868 0.23255813953488372 0.327525 1 1 1
4 P_2 42 42 0.178266 0.2727272727272727 0.3617315 1 1 1
4 P_2 43 43 0.1700555 0.25 0.3299445 1 1 1
4 P_2 44 44 0.5 0.5 0.5 1 1 1
4 P_2 45 45 0.17717 0.2647058823529412 0.34916 1 1 1
4 P_2 46 46 0.2000725 0.28846153846153844 0.368936 1 1 1
4 P_2 47 47 0 0 0 1 1 1
4 P_2 48 48 0.209103 0.2878787878787879 0.3604185 1 1 1
4 P_2 49 49 0.1941765 0.28888888888888886 0.3744555 1 1 1
4 P_2 50 50 0.1049045 0.18478260869565216 0.279688 1 1 1
4 P_2 51 51 0 0 0 1 1 1
4 P_2 52 52 0.2091325 0.2962962962962963 0.374262 1 1 1
4 P_2 53 53 0.2090575 0.2890625 0.3624475 1 1 1
5 P_0 0 0 0.5 0.5 0.5 1 1 1
5 P_0 1 1 0 0 0 1 1 1
5 P_0 2 2 0.5 0.5 0.5 1 1 1
5 P_0 3 3 0 0 0 1 1 1
5 P_0 4 4 0.5 0.5 0.5 1 1 1
5 P_0 5 5 0.02874635 0.07608695652173914 0.163319 1 1 1
5 P_0 6 6 0.5 0.5 0.5 1 1 1
5 P_0 7 7 0.5 0.5 0.5 1 1 1
5 P_0 8 8 0 0 0 1 1 1
5 P_0 9 9 0 0 0 1 1 1
5 P_0 10 10 0.5 0.5 0.5 1 1 1
5 P_0 11 11 0.5 0.5 0.5 1 1 1
5 P_0 12 12 0.5 0.5 0.5 1 1 1
5 P_0 13 13 0.5 0.5 0.5 1 1 1
5 P_0 14 14 0 0 0 1 1 1
5 P_0 15 15 0.5 0.5 0.5 1 1 1
5 P_0 16 16 0.5 0.5 0.5 1 1 1
5 P_0 17 17 0.5 0.5 0.5 1 1 1
5 P_0 18 18 0.5 0.5 0.5 1 1 1
5 P_0 19 19 0.5 0.5 0.5 1 1 1
5 P_0 20 20 0.5 0.5 0.5 1 1 1
5 P_0 21 21 0 0 0 1 1 1
5 P_0 22 22 0.5 0.5 0.5 1 1 1
5 P_0 23 23 0.5 0.5 0.5 1 1 1
5 P_0 24 24 0.11011 0.18032786885245902 0.262895 1 1 1
5 P_0 25 25 0.5 0.5 0.5 1 1 1
5 P_0 26 26 0.5 0.5 0.5 1 1 1
5 P_0 27 27 0.5 0.5 0.5 1 1 1
5 P_0 28 28 0.5 0.5 0.5 1 1 1
5 P_0 29 29 0.5 0.5 0.5 1 1 1
5 P_0 30 30 0 0 0 1 1 1
5 P_0 31 31 0.5 0.5 0.5 1 1 1
5 P_0 32 32 0.5 0.5 0.5 1 1 1
5 P_0 33 33 0 0 0 1 1 1
5 P_0 34 34 0.5 0.5 0.5 1 1 1
5 P_0 35 35 0.14316 0.2375 0.335114 1 1 1
5 P_0 36 36 0 0 0 1 1 1
5 P_0 37 37 0.2422675 0.35294117647058826 0.432446 1 1 1
5 P_0 38 38 0.5 0.5 0.5 1 1 1
5 P_0 39 39 0.5 0.5 0.5 1 1 1
5 P_0 40 40 0.5 0.5 0.5 1 1 1
5 P_0 41 41 0.2046135 0.29411764705882354 0.374378 1 1 1
5 P_0 42 42 0.5 0.5 0.5 1 1 1
5 P_0 43 43 0.5 0.5 0.5 1 1 1
5 P_0 44 44 0.5 0.5 0.5 1 1 1
5 P_0 45 45 0.5 0.5 0.5 1 1 1
5 P_0 46 46 0.5 0.5 0.5 1 1 1
5 P_0 47 47 0 0 0 1 1 1
5 P_0 48 48 0.5 0.5 0.5 1 1 1
5 P_0 49 49 0.5 0.5 0.5 1 1 1
5 P_0 50 50 0.2479695 0.3333333333333333 0.4029605 1 1 1
5 P_0 51 51 0.1101215 0.19318181818181818 0.2898805 1 1 1
5 P_0 52 52 0.5 0.5 0.5 1 1 1
5 P_0 53 53 0.5 0.5 0.5 1 1 1
6 P_4 0 0 0.3169965 0.4090909090909091 0.46313 1 1 1
6 P_4 1 1 0.0063628 0.02830188679245283 0.0944025 1 1 1
6 P_4 2 2 0.3533265 0.4326923076923077 0.474658 1 1 1
6 P_4 3 3 0 0 0 1 1 1
6 P_4 4 4 0.3341225 0.4268292682926829 0.47451 1 1 1
6 P_4 5 5 0.01330385 0.04878048780487805 0.1352745 1 1 1
6 P_4 6 6 0.3581515 0.4351851851851852 0.4756205 1 1 1
6 P_4 7 7 0.4197835 0.4880952380952381 0.498784 1 1 1
6 P_4 8 8 0.0336211 0.07894736842105263 0.156469 1 1 1
6 P_4 9 9 0.0401742 0.09375 0.1818435 1 1 1
6 P_4 10 10 0.350499 0.425 0.468112 1 1 1
6 P_4 11 11 0.380095 0.4574468085106383 0.488413 1 1 1
6 P_4 12 12 0.377829 0.4482758620689655 0.4821225 1 1 1
6 P_4 13 13 0.3675485 0.44339622641509435 0.480401 1 1 1
6 P_4 14 14 0.0068842 0.030612244897959183 0.101353 1 1 1
6 P_4 15 15 0.35079 0.43137254901960786 0.474148 1 1 1
6 P_4 16 16 0.5 0.5 0.5 1 1 1
6 P_4 17 17 0.368939 0.4406779661016949 0.477734 1 1 1
6 P_4 18 18 0.2837805 0.37254901960784315 0.435677 1 1 1
6 P_4 19 19 0.5 0.5 0.5 1 1 1
6 P_4 20 20 0.398647 0.46938775510204084 0.493116 1 1 1
6 P_4 21 21 0 0 0 1 1 1
6 P_4 22 22 0.5 0.5 0.5 1 1 1
6 P_4 23 23 0.3777795 0.45652173913043476 0.4881585 1 1 1
6 P_4 24 24 0 0 0 1 1 1
6 P_4 25 25 0.394059 0.45901639344262296 0.487244 1 1 1
6 P_4 26 26 0.3056525 0.4024390243902439 0.4603215 1 1 1
6 P_4 27 27 0.4005055 0.48484848484848486 0.4984575 1 1 1
6 P_4 28 28 0.3661195 0.44680851063829785 0.483379 1 1 1
6 P_4 29 29 0.3389835 0.4215686274509804 0.4683545 1 1 1
6 P_4 30 30 0 0 0 1 1 1
6 P_4 31 31 0.3498885 0.43478260869565216 0.4773475 1 1 1
6 P_4 32 32 0.3251375 0.4074074074074074 0.458493 1 1 1
6 P_4 33 33 0 0 0 1 1 1
6 P_4 34 34 0.355393 0.4375 0.478313 1 1 1
6 P_4 35 35 0 0 0 1 1 1
6 P_4 36 36 0.0298345 0.07407407407407407 0.153117 1 1 1
6 P_4 37 37 0.242915 0.3275862068965517 0.3978415 1 1 1
6 P_4 38 38 0.5 0.5 0.5 1 1 1
6 P_4 39 39 0.3335365 0.4222222222222222 0.470595 1 1 1
6 P_4 40 40 0.3018555 0.39 0.4483315 1 1 1
6 P_4 41 41 0.248863 0.34 0.411942 1 1 1
6 P_4 42 42 0.355233 0.4418604651162791 0.481803 1 1 1
6 P_4 43 43 0.2569655 0.34615384615384615 0.415569 1 1 1
6 P_4 44 44 0.3454465 0.42857142857142855 0.473063 1 1 1
6 P_4 45 45 0.373274 0.45 0.4843925 1 1 1
6 P_4 46 46 0.3718605 0.44545454545454544 0.481128 1 1 1
6 P_4 47 47 0.00442697 0.02631578947368421 0.108348 1 1 1
6 P_4 48 48 0.298395 0.3877551020408163 0.447225 1 1 1
6 P_4 49 49 0.30976 0.3979591836734694 0.454071 1 1 1
6 P_4 50 50 0.2049215 0.3048780487804878 0.3907845 1 1 1
6 P_4 51 51 0 0 0 1 1 1
6 P_4 52 52 0.4101035 0.4864864864864865 0.498622 1 1 1
6 P_4 53 53 0.3533265 0.4326923076923077 0.474658 1 1 1
7 P_3 0 0 0.250475 0.3263888888888889 0.3907235 1 1 1
7 P_3 1 1 0.089992 0.16326530612244897 0.255387 1 1 1
7 P_3 2 2 0.2471485 0.33653846153846156 0.4081295 1 1 1
7 P_3 3 3 0 0 0 1 1 1
7 P_3 4 4 0.2587815 0.34545454545454546 0.4134955 1 1 1
7 P_3 5 5 0 0 0 1 1 1
7 P_3 6 6 0.2630835 0.35294117647058826 0.421249 1 1 1
7 P_3 7 7 0.30976 0.3979591836734694 0.454071 1 1 1
7 P_3 8 8 0.1082785 0.19736842105263158 0.3008955 1 1 1
7 P_3 9 9 0.0865045 0.15454545454545454 0.2412185 1 1 1
7 P_3 10 10 0.248863 0.34 0.411942 1 1 1
7 P_3 11 11 0.271735 0.35714285714285715 0.4219905 1 1 1
7 P_3 12 12 0.2733475 0.3627450980392157 0.4285465 1 1 1
7 P_3 13 13 0.2363025 0.32407407407407407 0.3971325 1 1 1
7 P_3 14 14 0.0745605 0.14285714285714285 0.2344265 1 1 1
7 P_3 15 15 0.2657835 0.36585365853658536 0.4363015 1 1 1
7 P_3 16 16 0.5 0.5 0.5 1 1 1
7 P_3 17 17 0.2725185 0.3870967741935484 0.456695 1 1 1
7 P_3 18 18 0.2091325 0.2962962962962963 0.374262 1 1 1
7 P_3 19 19 0.5 0.5 0.5 1 1 1
7 P_3 20 20 0.22469 0.3064516129032258 0.3783575 1 1 1
7 P_3 21 21 0 0 0 1 1 1
7 P_3 22 22 0.5 0.5 0.5 1 1 1
7 P_3 23 23 0.2591115 0.35 0.4195655 1 1 1
7 P_3 24 24 0.169449 0.24615384615384617 0.323501 1 1 1
7 P_3 25 25 0.2153025 0.3111111111111111 0.392551 1 1 1
7 P_3 26 26 0.26693 0.3557692307692308 0.422863 1 1 1
7 P_3 27 27 0.2005475 0.2857142857142857 0.3640215 1 1 1
7 P_3 28 28 0.2101195 0.3068181818181818 0.3898785 1 1 1
7 P_3 29 29 0.244613 0.336734693877551 0.410008 1 1 1
7 P_3 30 30 0 0 0 1 1 1
7 P_3 31 31 0.2639305 0.3474576271186441 0.413169 1 1 1
7 P_3 32 32 0.2415965 0.330188679245283 0.4025755 1 1 1
7 P_3 33 33 0.0501325 0.10344827586206896 0.183945 1 1 1
7 P_3 34 34 0.2231025 0.325 0.4072655 1 1 1
7 P_3 35 35 0.1504555 0.2288135593220339 0.3110475 1 1 1
7 P_3 36 36 0.093811 0.16666666666666666 0.2569745 1 1 1
7 P_3 37 37 0 0 0 1 1 1
7 P_3 38 38 0.5 0.5 0.5 1 1 1
7 P_3 39 39 0.279612 0.3723404255319149 0.4374675 1 1 1
7 P_3 40 40 0.232288 0.32954545454545453 0.4077155 1 1 1
7 P_3 41 41 0 0 0 1 1 1
7 P_3 42 42 0.239136 0.32456140350877194 0.3959055 1 1 1
7 P_3 43 43 0.164626 0.25 0.335374 1 1 1
7 P_3 44 44 0.2430255 0.3333333333333333 0.406189 1 1 1
7 P_3 45 45 0.2342945 0.31896551724137934 0.390821 1 1 1
7 P_3 46 46 0.2751575 0.35964912280701755 0.423445 1 1 1
7 P_3 47 47 0.1028675 0.17592592592592593 0.2636975 1 1 1
7 P_3 48 48 0.25978 0.35555555555555557 0.426533 1 1 1
7 P_3 49 49 0.223443 0.3014705882352941 0.371261 1 1 1
7 P_3 50 50 0 0 0 1 1 1
7 P_3 51 51 0.1109945 0.19148936170212766 0.285203 1 1 1
7 P_3 52 52 0.1830465 0.27906976744186046 0.3679655 1 1 1
7 P_3 53 53 0.19534 0.28431372549019607 0.3660975 1 1 1
8 P_6 0 0 0.0192285 0.05555555555555555 0.13026 1 1 1
8 P_6 1 1 0.1445155 0.22641509433962265 0.3130835 1 1 1
8 P_6 2 2 0.174479 0.25925925925925924 0.3421995 1 1 1
8 P_6 3 3 0.109179 0.1810344827586207 0.2657055 1 1 1
8 P_6 4 4 0.0080369 0.03571428571428571 0.11633 1 1 1
8 P_6 5 5 0 0 0 1 1 1
8 P_6 6 6 0.03967855 0.0975609756097561 0.1943475 1 1 1
8 P_6 7 7 0.222303 0.3090909090909091 0.3843385 1 1 1
8 P_6 8 8 0.149673 0.24390243902439024 0.3396935 1 1 1
8 P_6 9 9 0.155915 0.24468085106382978 0.334649 1 1 1
8 P_6 10 10 0.00766995 0.03409090909090909 0.1116195 1 1 1
8 P_6 11 11 0.0212344 0.061224489795918366 0.142002 1 1 1
8 P_6 12 12 0.0292761 0.07272727272727272 0.150652 1 1 1
8 P_6 13 13 0.03237185 0.08536585365853659 0.180335 1 1 1
8 P_6 14 14 0.2176875 0.30357142857142855 0.379167 1 1 1
8 P_6 15 15 0.0292761 0.07272727272727272 0.150652 1 1 1
8 P_6 16 16 0.5 0.5 0.5 1 1 1
8 P_6 17 17 0.01998355 0.057692307692307696 0.1347175 1 1 1
8 P_6 18 18 0.01210765 0.044444444444444446 0.124627 1 1 1
8 P_6 19 19 0.5 0.5 0.5 1 1 1
8 P_6 20 20 0.2162705 0.29411764705882354 0.3649035 1 1 1
8 P_6 21 21 0 0 0 1 1 1
8 P_6 22 22 0.5 0.5 0.5 1 1 1
8 P_6 23 23 0.0281167 0.07446808510638298 0.16029 1 1 1
8 P_6 24 24 0 0 0 1 1 1
8 P_6 25 25 0.018872 0.05454545454545454 0.1281395 1 1 1
8 P_6 26 26 0.03932235 0.09183673469387756 0.17863 1 1 1
8 P_6 27 27 0.0208004 0.06 0.1394885 1 1 1
8 P_6 28 28 0.0231988 0.057971014492753624 0.122903 1 1 1
8 P_6 29 29 0.0352088 0.08695652173913043 0.1761395 1 1 1
8 P_6 30 30 0 0 0 1 1 1
8 P_6 31 31 0.00888735 0.039473684210526314 0.1270445 1 1 1
8 P_6 32 32 0.042322 0.09433962264150944 0.1777385 1 1 1
8 P_6 33 33 0 0 0 1 1 1
8 P_6 34 34 0.02683525 0.07692307692307693 0.1731395 1 1 1
8 P_6 35 35 0 0 0 1 1 1
8 P_6 36 36 0.165294 0.2421875 0.320405 1 1 1
8 P_6 37 37 0.04497075 0.1 0.186955 1 1 1
8 P_6 38 38 0.5 0.5 0.5 1 1 1
8 P_6 39 39 0.01399525 0.05128205128205128 0.1413055 1 1 1
8 P_6 40 40 0.01399525 0.05128205128205128 0.1413055 1 1 1
8 P_6 41 41 0.02874635 0.07608695652173914 0.163319 1 1 1
8 P_6 42 42 0.02390765 0.05970149253731343 0.126228 1 1 1
8 P_6 43 43 0.0298345 0.07407407407407407 0.153117 1 1 1
8 P_6 44 44 0.164183 0.24561403508771928 0.327874 1 1 1
8 P_6 45 45 0.00267452 0.015873015873015872 0.0684585 1 1 1
8 P_6 46 46 0.052997 0.10909090909090909 0.1926525 1 1 1
8 P_6 47 47 0.187489 0.2875 0.37769 1 1 1
8 P_6 48 48 0.0113428 0.041666666666666664 0.1176745 1 1 1
8 P_6 49 49 0.0121508 0.0390625 0.101401 1 1 1
8 P_6 50 50 0.03704655 0.09722222222222222 0.201238 1 1 1
8 P_6 51 51 0 0 0 1 1 1
8 P_6 52 52 0.01910235 0.06097560975609756 0.150896 1 1 1
8 P_6 53 53 0.023065950000000002 0.06140350877192982 0.135174 1 1 1
9 P_1 0 0 0.366555 0.4365079365079365 0.474536 1 1 1
9 P_1 1 1 0.02683525 0.07692307692307693 0.1731395 1 1 1
9 P_1 2 2 0.2907705 0.37735849056603776 0.4382375 1 1 1
9 P_1 3 3 0 0 0 1 1 1
9 P_1 4 4 0.3222615 0.4056603773584906 0.457678 1 1 1
9 P_1 5 5 0.086206 0.1568627450980392 0.247021 1 1 1
9 P_1 6 6 0.3754925 0.45098039215686275 0.484703 1 1 1
9 P_1 7 7 0.335777 0.41379310344827586 0.46146 1 1 1
9 P_1 8 8 0.0352088 0.08695652173913043 0.1761395 1 1 1
9 P_1 9 9 0.018872 0.05454545454545454 0.1281395 1 1 1
9 P_1 10 10 0.320493 0.4111111111111111 0.46398 1 1 1
9 P_1 11 11 0.3754925 0.45098039215686275 0.484703 1 1 1
9 P_1 12 12 0.386547 0.46 0.4891155 1 1 1
9 P_1 13 13 0.3718605 0.44545454545454544 0.481128 1 1 1
9 P_1 14 14 0.02316825 0.06666666666666667 0.153023 1 1 1
9 P_1 15 15 0.3181565 0.40625 0.459826 1 1 1
9 P_1 16 16 0.5 0.5 0.5 1 1 1
9 P_1 17 17 0.3533265 0.4326923076923077 0.474658 1 1 1
9 P_1 18 18 0.3605115 0.44 0.4791995 1 1 1
9 P_1 19 19 0.5 0.5 0.5 1 1 1
9 P_1 20 20 0.319665 0.4146341463414634 0.467628 1 1 1
9 P_1 21 21 0.112641 0.18867924528301888 0.277113 1 1 1
9 P_1 22 22 0.5 0.5 0.5 1 1 1
9 P_1 23 23 0.3817085 0.4537037037037037 0.4855655 1 1 1
9 P_1 24 24 0.109153 0.17692307692307693 0.256895 1 1 1
9 P_1 25 25 0.3181565 0.40625 0.459826 1 1 1
9 P_1 26 26 0.306359 0.3958333333333333 0.4530705 1 1 1
9 P_1 27 27 0.3192905 0.40384615384615385 0.4568305 1 1 1
9 P_1 28 28 0.369846 0.4357142857142857 0.472787 1 1 1
9 P_1 29 29 0.2943935 0.38235294117647056 0.44263 1 1 1
9 P_1 30 30 0.0687215 0.13953488372093023 0.237398 1 1 1
9 P_1 31 31 0.3882475 0.453125 0.4838265 1 1 1
9 P_1 32 32 0.31622 0.4019607843137255 0.4559485 1 1 1
9 P_1 33 33 0 0 0 1 1 1
9 P_1 34 34 0.386074 0.46511627906976744 0.492151 1 1 1
9 P_1 35 35 0.082192 0.15306122448979592 0.2449915 1 1 1
9 P_1 36 36 0.03157525 0.08333333333333333 0.176658 1 1 1
9 P_1 37 37 0.0685965 0.1320754716981132 0.2193665 1 1 1
9 P_1 38 38 0.5 0.5 0.5 1 1 1
9 P_1 39 39 0.3389835 0.4215686274509804 0.4683545 1 1 1
9 P_1 40 40 0.36263 0.4344262295081967 0.4736795 1 1 1
9 P_1 41 41 0.2092335 0.2980769230769231 0.3770275 1 1 1
9 P_1 42 42 0.3093075 0.3898305084745763 0.4448225 1 1 1
9 P_1 43 43 0.3635535 0.44565217391304346 0.483011 1 1 1
9 P_1 44 44 0.327923 0.4090909090909091 0.4592765 1 1 1
9 P_1 45 45 0.3335365 0.4222222222222222 0.470595 1 1 1
9 P_1 46 46 0.398647 0.46938775510204084 0.493116 1 1 1
9 P_1 47 47 0.03237185 0.08536585365853659 0.180335 1 1 1
9 P_1 48 48 0.3429515 0.4180327868852459 0.463421 1 1 1
9 P_1 49 49 0.368592 0.4479166666666667 0.483731 1 1 1
9 P_1 50 50 0.1122195 0.2 0.3008735 1 1 1
9 P_1 51 51 0.0752515 0.14772727272727273 0.2447315 1 1 1
9 P_1 52 52 0.33027 0.42045454545454547 0.4699055 1 1 1
9 P_1 53 53 0.3904775 0.46153846153846156 0.4895385 1 1 1
