2 #m
601 #n
0 P_7 0 0 0 0 0 1 1 1
0 P_7 1 1 0.0539655 0.0669050051072523 0.0819885 1 1 1
0 P_7 2 2 0.5 0.5 0.5 1 1 1
0 P_7 3 3 0.0659685 0.08014477766287487 0.096335 1 1 1
0 P_7 4 4 0 0 0 1 1 1
0 P_7 5 5 0.0705675 0.08503054989816701 0.10142 1 1 1
0 P_7 6 6 0 0 0 1 1 1
0 P_7 7 7 0.5 0.5 0.5 1 1 1
0 P_7 8 8 0 0 0 1 1 1
0 P_7 9 9 0.0667235 0.08099688473520249 0.097282 1 1 1
0 P_7 10 10 0 0 0 1 1 1
0 P_7 11 11 0.0579485 0.07142857142857142 0.0870435 1 1 1
0 P_7 12 12 0 0 0 1 1 1
0 P_7 13 13 0.336747 0.35572139303482586 0.3734895 1 1 1
0 P_7 14 14 0 0 0 1 1 1
0 P_7 15 15 0.333081 0.3522613065326633 0.370263 1 1 1
0 P_7 16 16 0.071559 0.08601609657947686 0.1023645 1 1 1
0 P_7 17 17 0.058997 0.07281553398058252 0.088825 1 1 1
0 P_7 18 18 0.056176 0.0696068012752391 0.085235 1 1 1
0 P_7 19 19 0 0 0 1 1 1
0 P_7 20 20 0 0 0 1 1 1
0 P_7 21 21 0 0 0 1 1 1
0 P_7 22 22 0 0 0 1 1 1
0 P_7 23 23 0.0613415 0.075 0.090706 1 1 1
0 P_7 24 24 0.5 0.5 0.5 1 1 1
0 P_7 25 25 0.054936 0.06771344455348381 0.082542 1 1 1
0 P_7 26 26 0 0 0 1 1 1
0 P_7 27 27 0 0 0 1 1 1
0 P_7 28 28 0.068539 0.08230842005676443 0.097897 1 1 1
0 P_7 29 29 0.329009 0.34812623274161736 0.3661335 1 1 1
0 P_7 30 30 0.065312 0.07897286821705427 0.094534000000000007 1 1 1
0 P_7 31 31 0.3323715 0.35173824130879344 0.3699125 1 1 1
0 P_7 32 32 0.336749 0.3558467741935484 0.373721 1 1 1
0 P_7 33 33 0.0601575 0.07357357357357357 0.089014 1 1 1
0 P_7 34 34 0.3306905 0.35020661157024796 0.3685355 1 1 1
0 P_7 35 35 0.0541815 0.066795740561471445 0.0814435 1 1 1
0 P_7 36 36 0 0 0 1 1 1
0 P_7 37 37 0 0 0 1 1 1
0 P_7 38 38 0 0 0 1 1 1
0 P_7 39 39 0 0 0 1 1 1
0 P_7 40 40 0.0592935 0.07273652085452696 0.088247 1 1 1
0 P_7 41 41 0 0 0 1 1 1
0 P_7 42 42 0.336549 0.35575942915392456 0.3737335 1 1 1
0 P_7 43 43 0.0615965 0.07530737704918032 0.0910705 1 1 1
0 P_7 44 44 0.328037 0.34801288936627284 0.366782 1 1 1
0 P_7 45 45 0.5 0.5 0.5 1 1 1
0 P_7 46 46 0.5 0.5 0.5 1 1 1
0 P_7 47 47 0.335684 0.35466269841269843 0.3724505 1 1 1
0 P_7 48 48 0 0 0 1 1 1
0 P_7 49 49 0 0 0 1 1 1
0 P_7 50 50 0.5 0.5 0.5 1 1 1
0 P_7 51 51 0 0 0 1 1 1
0 P_7 52 52 0.5 0.5 0.5 1 1 1
0 P_7 53 53 0.052087 0.06450048496605237 0.078977 1 1 1
0 P_7 54 54 0.053337 0.06619144602851323 0.0811915 1 1 1
0 P_7 55 55 0.063088 0.07684529828109202 0.09261 1 1 1
0 P_7 56 56 0 0 0 1 1 1
0 P_7 57 57 0.0573405 0.0703740157480315 0.0854345 1 1 1
0 P_7 58 58 0.5 0.5 0.5 1 1 1
0 P_7 59 59 0.0709955 0.08568443051201671 0.102342 1 1 1
0 P_7 60 60 0.062354 0.07606490872210954 0.091798 1 1 1
0 P_7 61 61 0.3473925 0.36642411642411643 0.384068 1 1 1
0 P_7 62 62 0 0 0 1 1 1
0 P_7 63 63 0 0 0 1 1 1
0 P_7 64 64 0 0 0 1 1 1
0 P_7 65 65 0.5 0.5 0.5 1 1 1
0 P_7 66 66 0 0 0 1 1 1
0 P_7 67 67 0 0 0 1 1 1
0 P_7 68 68 0.134406 0.15240904621435594 0.1715125 1 1 1
0 P_7 69 69 0 0 0 1 1 1
0 P_7 70 70 0 0 0 1 1 1
0 P_7 71 71 0.5 0.5 0.5 1 1 1
0 P_7 72 72 0 0 0 1 1 1
0 P_7 73 73 0 0 0 1 1 1
0 P_7 74 74 0 0 0 1 1 1
0 P_7 75 75 0 0 0 1 1 1
0 P_7 76 76 0.05811 0.07135678391959799 0.086662 1 1 1
0 P_7 77 77 0 0 0 1 1 1
0 P_7 78 78 0 0 0 1 1 1
0 P_7 79 79 0.5 0.5 0.5 1 1 1
0 P_7 80 80 0.328031 0.34688995215311 0.3646855 1 1 1
0 P_7 81 81 0.33043 0.34960159362549803 0.3676355 1 1 1
0 P_7 82 82 0 0 0 1 1 1
0 P_7 83 83 0.0600975 0.07320574162679426 0.088254 1 1 1
0 P_7 84 84 0.5 0.5 0.5 1 1 1
0 P_7 85 85 0 0 0 1 1 1
0 P_7 86 86 0.334465 0.3533138401559454 0.3710075 1 1 1
0 P_7 87 87 0.0623195 0.07572815533980583 0.0910765 1 1 1
0 P_7 88 88 0 0 0 1 1 1
0 P_7 89 89 0 0 0 1 1 1
0 P_7 90 90 0 0 0 1 1 1
0 P_7 91 91 0.5 0.5 0.5 1 1 1
0 P_7 92 92 0.1235315 0.1411530815109344 0.1600155 1 1 1
0 P_7 93 93 0.331249 0.3501454898157129 0.367928 1 1 1
0 P_7 94 94 0 0 0 1 1 1
0 P_7 95 95 0.0620315 0.07533589251439539 0.0905625 1 1 1
0 P_7 96 96 0 0 0 1 1 1
0 P_7 97 97 0.333824 0.353030303030303 0.3710435 1 1 1
0 P_7 98 98 0 0 0 1 1 1
0 P_7 99 99 0 0 0 1 1 1
0 P_7 100 100 0 0 0 1 1 1
0 P_7 101 101 0 0 0 1 1 1
0 P_7 102 102 0 0 0 1 1 1
0 P_7 103 103 0 0 0 1 1 1
0 P_7 104 104 0.3367455 0.35548011639185256 0.373041 1 1 1
0 P_7 105 105 0.063034 0.07673019057171515 0.092419 1 1 1
0 P_7 106 106 0.127506 0.14525691699604742 0.1641945 1 1 1
0 P_7 107 107 0.326828 0.3465553235908142 0.365127 1 1 1
0 P_7 108 108 0.0607865 0.07443531827515401 0.0901505 1 1 1
0 P_7 109 109 0.5 0.5 0.5 1 1 1
0 P_7 110 110 0 0 0 1 1 1
0 P_7 111 111 0.5 0.5 0.5 1 1 1
0 P_7 112 112 0.336268 0.35540950455005055 0.3733285 1 1 1
0 P_7 113 113 0 0 0 1 1 1
0 P_7 114 114 0 0 0 1 1 1
0 P_7 115 115 0 0 0 1 1 1
0 P_7 116 116 0 0 0 1 1 1
0 P_7 117 117 0 0 0 1 1 1
0 P_7 118 118 0.5 0.5 0.5 1 1 1
0 P_7 119 119 0.341715 0.3599439775910364 0.3769955 1 1 1
0 P_7 120 120 0.5 0.5 0.5 1 1 1
0 P_7 121 121 0.5 0.5 0.5 1 1 1
0 P_7 122 122 0 0 0 1 1 1
0 P_7 123 123 0 0 0 1 1 1
0 P_7 124 124 0 0 0 1 1 1
0 P_7 125 125 0.0544495 0.06761006289308176 0.082962 1 1 1
0 P_7 126 126 0.059268 0.07265388496468214 0.0880915 1 1 1
0 P_7 127 127 0.059567 0.07312049433573635 0.088762 1 1 1
0 P_7 128 128 0.0586495 0.07170542635658915 0.0867425 1 1 1
0 P_7 129 129 0.3324545 0.3515392254220457 0.3694675 1 1 1
0 P_7 130 130 0.0631685 0.07655502392344497 0.091845 1 1 1
0 P_7 131 131 0.325294 0.3445212240868707 0.3626785 1 1 1
0 P_7 132 132 0.5 0.5 0.5 1 1 1
0 P_7 133 133 0.125219 0.14258373205741626 0.1611275 1 1 1
0 P_7 134 134 0 0 0 1 1 1
0 P_7 135 135 0 0 0 1 1 1
0 P_7 136 136 0.328702 0.3482051282051282 0.366553 1 1 1
0 P_7 137 137 0.5 0.5 0.5 1 1 1
0 P_7 138 138 0 0 0 1 1 1
0 P_7 139 139 0.5 0.5 0.5 1 1 1
0 P_7 140 140 0.342456 0.3619763694951665 0.3801175 1 1 1
0 P_7 141 141 0.0591865 0.07225433526011561 0.087286 1 1 1
0 P_7 142 142 0 0 0 1 1 1
0 P_7 143 143 0 0 0 1 1 1
0 P_7 144 144 0.057128 0.07021912350597609 0.0853635 1 1 1
0 P_7 145 145 0 0 0 1 1 1
0 P_7 146 146 0.5 0.5 0.5 1 1 1
0 P_7 147 147 0 0 0 1 1 1
0 P_7 148 148 0.317646 0.33715139442231074 0.3556615 1 1 1
0 P_7 149 149 0.0623985 0.0759682224428997 0.0915195 1 1 1
0 P_7 150 150 0 0 0 1 1 1
0 P_7 151 151 0.0659695 0.07980295566502463 0.0955595 1 1 1
0 P_7 152 152 0.3393035 0.35829145728643214 0.3760315 1 1 1
0 P_7 153 153 0 0 0 1 1 1
0 P_7 154 154 0.333374 0.3530031612223393 0.371388 1 1 1
0 P_7 155 155 0 0 0 1 1 1
0 P_7 156 156 0.5 0.5 0.5 1 1 1
0 P_7 157 157 0.055093 0.0679563492063492 0.0828905 1 1 1
0 P_7 158 158 0 0 0 1 1 1
0 P_7 159 159 0.0558765 0.06907216494845361 0.084406 1 1 1
0 P_7 160 160 0.059073 0.07279489904357067 0.088675 1 1 1
0 P_7 161 161 0 0 0 1 1 1
0 P_7 162 162 0 0 0 1 1 1
0 P_7 163 163 0 0 0 1 1 1
0 P_7 164 164 0.5 0.5 0.5 1 1 1
0 P_7 165 165 0 0 0 1 1 1
0 P_7 166 166 0.0591105 0.07251521298174442 0.087984 1 1 1
0 P_7 167 167 0.331223 0.350296442687747 0.368233 1 1 1
0 P_7 168 168 0.323434 0.3427860696517413 0.3610795 1 1 1
0 P_7 169 169 0.3397315 0.3580827067669173 0.375269 1 1 1
0 P_7 170 170 0.5 0.5 0.5 1 1 1
0 P_7 171 171 0 0 0 1 1 1
0 P_7 172 172 0.053101 0.06568627450980392 0.0803435 1 1 1
0 P_7 173 173 0 0 0 1 1 1
0 P_7 174 174 0.5 0.5 0.5 1 1 1
0 P_7 175 175 0.0592965 0.07201458523245215 0.0865935 1 1 1
0 P_7 176 176 0.5 0.5 0.5 1 1 1
0 P_7 177 177 0 0 0 1 1 1
0 P_7 178 178 0.5 0.5 0.5 1 1 1
0 P_7 179 179 0.343497 0.3627760252365931 0.3806955 1 1 1
0 P_7 180 180 0.057847 0.07093596059113301 0.0860475 1 1 1
0 P_7 181 181 0.05896 0.07254697286012526 0.0882575 1 1 1
0 P_7 182 182 0.0674345 0.0815 0.0974975 1 1 1
0 P_7 183 183 0 0 0 1 1 1
0 P_7 184 184 0.5 0.5 0.5 1 1 1
0 P_7 185 185 0.055943 0.06873184898354308 0.083533 1 1 1
0 P_7 186 186 0.059196 0.07241379310344828 0.087638 1 1 1
0 P_7 187 187 0 0 0 1 1 1
0 P_7 188 188 0.0620315 0.07533589251439539 0.0905625 1 1 1
0 P_7 189 189 0 0 0 1 1 1
0 P_7 190 190 0.5 0.5 0.5 1 1 1
0 P_7 191 191 0 0 0 1 1 1
0 P_7 192 192 0.3326465 0.35192697768762676 0.370022 1 1 1
0 P_7 193 193 0.0654125 0.07942973523421588 0.095438 1 1 1
0 P_7 194 194 0 0 0 1 1 1
0 P_7 195 195 0 0 0 1 1 1
0 P_7 196 196 0.0573015 0.07042957042957043 0.0856145 1 1 1
0 P_7 197 197 0.5 0.5 0.5 1 1 1
0 P_7 198 198 0.065283 0.07932446264073695 0.095369 1 1 1
0 P_7 199 199 0.332289 0.3515704154002026 0.3696715 1 1 1
0 P_7 200 200 0 0 0 1 1 1
0 P_7 201 201 0.5 0.5 0.5 1 1 1
0 P_7 202 202 0.331342 0.3507692307692308 0.369011 1 1 1
0 P_7 203 203 0 0 0 1 1 1
0 P_7 204 204 0 0 0 1 1 1
0 P_7 205 205 0.5 0.5 0.5 1 1 1
0 P_7 206 206 0.0600965 0.07330097087378641 0.0884725 1 1 1
0 P_7 207 207 0 0 0 1 1 1
0 P_7 208 208 0.340045 0.35874877810361683 0.3762335 1 1 1
0 P_7 209 209 0.055235 0.0683453237410072 0.0835955 1 1 1
0 P_7 210 210 0.0581855 0.07150101419878296 0.086892 1 1 1
0 P_7 211 211 0 0 0 1 1 1
0 P_7 212 212 0.3299755 0.3492462311557789 0.367373 1 1 1
0 P_7 213 213 0.330845 0.3501006036217304 0.3682015 1 1 1
0 P_7 214 214 0.5 0.5 0.5 1 1 1
0 P_7 215 215 0.1296895 0.14749262536873156 0.1664515 1 1 1
0 P_7 216 216 0.3401475 0.3588120740019474 0.3762615 1 1 1
0 P_7 217 217 0 0 0 1 1 1
0 P_7 218 218 0.0628655 0.07642998027613412 0.0919575 1 1 1
0 P_7 219 219 0.058916 0.07183364839319471 0.0866825 1 1 1
0 P_7 220 220 0 0 0 1 1 1
0 P_7 221 221 0 0 0 1 1 1
0 P_7 222 222 0.062839 0.07625482625482626 0.091594 1 1 1
0 P_7 223 223 0.5 0.5 0.5 1 1 1
0 P_7 224 224 0.0578115 0.07120743034055728 0.086719 1 1 1
0 P_7 225 225 0.321662 0.34142561983471076 0.360106 1 1 1
0 P_7 226 226 0.0659895 0.08027282266526757 0.0965975 1 1 1
0 P_7 227 227 0 0 0 1 1 1
0 P_7 228 228 0 0 0 1 1 1
0 P_7 229 229 0 0 0 1 1 1
0 P_7 230 230 0.0558785 0.06896551724137931 0.0841575 1 1 1
0 P_7 231 231 0 0 0 1 1 1
0 P_7 232 232 0 0 0 1 1 1
0 P_7 233 233 0 0 0 1 1 1
0 P_7 234 234 0.5 0.5 0.5 1 1 1
0 P_7 235 235 0.054392 0.06753926701570681 0.082877 1 1 1
0 P_7 236 236 0.5 0.5 0.5 1 1 1
0 P_7 237 237 0 0 0 1 1 1
0 P_7 238 238 0.5 0.5 0.5 1 1 1
0 P_7 239 239 0.5 0.5 0.5 1 1 1
0 P_7 240 240 0.127601 0.14583333333333334 0.16531 1 1 1
0 P_7 241 241 0.5 0.5 0.5 1 1 1
0 P_7 242 242 0 0 0 1 1 1
0 P_7 243 243 0.073509 0.08808808808808809 0.1045255 1 1 1
0 P_7 244 244 0 0 0 1 1 1
0 P_7 245 245 0.3350565 0.3538238141335915 0.3714385 1 1 1
0 P_7 246 246 0 0 0 1 1 1
0 P_7 247 247 0.0592215 0.07275541795665634 0.0883865 1 1 1
0 P_7 248 248 0.331366 0.35 0.367552 1 1 1
0 P_7 249 249 0.5 0.5 0.5 1 1 1
0 P_7 250 250 0.5 0.5 0.5 1 1 1
0 P_7 251 251 0 0 0 1 1 1
0 P_7 252 252 0.5 0.5 0.5 1 1 1
0 P_7 253 253 0 0 0 1 1 1
0 P_7 254 254 0.0560525 0.0689149560117302 0.0838075 1 1 1
0 P_7 255 255 0.3437715 0.36275510204081635 0.380419 1 1 1
0 P_7 256 256 0.06468 0.0787037037037037 0.094748 1 1 1
0 P_7 257 257 0 0 0 1 1 1
0 P_7 258 258 0 0 0 1 1 1
0 P_7 259 259 0 0 0 1 1 1
0 P_7 260 260 0 0 0 1 1 1
0 P_7 261 261 0.066421 0.08001893939393939 0.095463 1 1 1
0 P_7 262 262 0.3311265 0.35073068893528186 0.3691295 1 1 1
0 P_7 263 263 0 0 0 1 1 1
0 P_7 264 264 0 0 0 1 1 1
0 P_7 265 265 0 0 0 1 1 1
0 P_7 266 266 0.04761095 0.059877175025588536 0.074374 1 1 1
0 P_7 267 267 0 0 0 1 1 1
0 P_7 268 268 0 0 0 1 1 1
0 P_7 269 269 0.0586675 0.07192807192807193 0.087228 1 1 1
0 P_7 270 270 0.0576305 0.07098765432098765 0.0864565 1 1 1
0 P_7 271 271 0.059255 0.07248520710059171 0.0877225 1 1 1
0 P_7 272 272 0.0651015 0.07936507936507936 0.0956985 1 1 1
0 P_7 273 273 0 0 0 1 1 1
0 P_7 274 274 0.3191225 0.3387096774193548 0.3572715 1 1 1
0 P_7 275 275 0.5 0.5 0.5 1 1 1
0 P_7 276 276 0.332319 0.3514456630109671 0.3694125 1 1 1
0 P_7 277 277 0 0 0 1 1 1
0 P_7 278 278 0 0 0 1 1 1
0 P_7 279 279 0.5 0.5 0.5 1 1 1
0 P_7 280 280 0.5 0.5 0.5 1 1 1
0 P_7 281 281 0.5 0.5 0.5 1 1 1
0 P_7 282 282 0 0 0 1 1 1
0 P_7 283 283 0.3509075 0.36972193614830073 0.387123 1 1 1
0 P_7 284 284 0.0596295 0.0731958762886598 0.088852 1 1 1
0 P_7 285 285 0.063719 0.07725947521865889 0.092725 1 1 1
0 P_7 286 286 0.065312 0.07897286821705427 0.094534000000000007 1 1 1
0 P_7 287 287 0.5 0.5 0.5 1 1 1
0 P_7 288 288 0.3325445 0.351024208566108 0.3684245 1 1 1
0 P_7 289 289 0.5 0.5 0.5 1 1 1
0 P_7 290 290 0 0 0 1 1 1
0 P_7 291 291 0 0 0 1 1 1
0 P_7 292 292 0 0 0 1 1 1
0 P_7 293 293 0.326332 0.3456175298804781 0.3638105 1 1 1
0 P_7 294 294 0.3498375 0.368692070030896 0.386145 1 1 1
0 P_7 295 295 0 0 0 1 1 1
0 P_7 296 296 0 0 0 1 1 1
0 P_7 297 297 0.5 0.5 0.5 1 1 1
0 P_7 298 298 0.3362085 0.35493230174081236 0.372492 1 1 1
0 P_7 299 299 0.3314095 0.35009487666034156 0.367691 1 1 1
0 P_7 300 300 0.0572435 0.07035928143712575 0.0855305 1 1 1
0 P_7 301 301 0.5 0.5 0.5 1 1 1
0 P_7 302 302 0.5 0.5 0.5 1 1 1
0 P_7 303 303 0.3449315 0.36354679802955664 0.3808795 1 1 1
0 P_7 304 304 0 0 0 1 1 1
0 P_7 305 305 0.0628025 0.07635467980295567 0.0918685 1 1 1
0 P_7 306 306 0 0 0 1 1 1
0 P_7 307 307 0.5 0.5 0.5 1 1 1
0 P_7 308 308 0 0 0 1 1 1
0 P_7 309 309 0.0610455 0.07410881801125703 0.0890645 1 1 1
0 P_7 310 310 0 0 0 1 1 1
0 P_7 311 311 0 0 0 1 1 1
0 P_7 312 312 0.061278 0.07492354740061162 0.0906155 1 1 1
0 P_7 313 313 0.3401285 0.3592630501535312 0.377115 1 1 1
0 P_7 314 314 0.3285635 0.3481404958677686 0.366555 1 1 1
0 P_7 315 315 0.3323435 0.3516819571865443 0.3698315 1 1 1
0 P_7 316 316 0 0 0 1 1 1
0 P_7 317 317 0.3375325 0.3564356435643564 0.37413 1 1 1
0 P_7 318 318 0.062615 0.07612966601178782 0.091603 1 1 1
0 P_7 319 319 0 0 0 1 1 1
0 P_7 320 320 0.057686 0.07079207920792079 0.0859325 1 1 1
0 P_7 321 321 0.0571625 0.07047325102880658 0.0859015 1 1 1
0 P_7 322 322 0.5 0.5 0.5 1 1 1
0 P_7 323 323 0.3390965 0.35776699029126213 0.3752375 1 1 1
0 P_7 324 324 0 0 0 1 1 1
0 P_7 325 325 0.0471809 0.0594622543950362 0.074002 1 1 1
0 P_7 326 326 0 0 0 1 1 1
0 P_7 327 327 0 0 0 1 1 1
0 P_7 328 328 0.326554 0.34599797365754814 0.3643265 1 1 1
0 P_7 329 329 0.0585525 0.07163742690058479 0.086716 1 1 1
0 P_7 330 330 0.331201 0.35089567966280294 0.369371 1 1 1
0 P_7 331 331 0.067284 0.0814663951120163 0.0976165 1 1 1
0 P_7 332 332 0.3273685 0.34622731614135627 0.364032 1 1 1
0 P_7 333 333 0.5 0.5 0.5 1 1 1
0 P_7 334 334 0 0 0 1 1 1
0 P_7 335 335 0 0 0 1 1 1
0 P_7 336 336 0 0 0 1 1 1
0 P_7 337 337 0.065202 0.07907907907907907 0.094918 1 1 1
0 P_7 338 338 0 0 0 1 1 1
0 P_7 339 339 0.5 0.5 0.5 1 1 1
0 P_7 340 340 0.323092 0.3424725822532403 0.3607955 1 1 1
0 P_7 341 341 0.063884 0.07769929364278506 0.093508 1 1 1
0 P_7 342 342 0.5 0.5 0.5 1 1 1
0 P_7 343 343 0 0 0 1 1 1
0 P_7 344 344 0 0 0 1 1 1
0 P_7 345 345 0.5 0.5 0.5 1 1 1
0 P_7 346 346 0.0703095 0.0846774193548387 0.100956 1 1 1
0 P_7 347 347 0.059943 0.07346938775510205 0.089061 1 1 1
0 P_7 348 348 0.0734655 0.08817533129459736 0.1047765 1 1 1
0 P_7 349 349 0.5 0.5 0.5 1 1 1
0 P_7 350 350 0.05391 0.06683673469387755 0.0819065 1 1 1
0 P_7 351 351 0.070243 0.08469387755102041 0.1010785 1 1 1
0 P_7 352 352 0 0 0 1 1 1
0 P_7 353 353 0.062842 0.0765 0.0921475 1 1 1
0 P_7 354 354 0.062827 0.07628765792031098 0.091684 1 1 1
0 P_7 355 355 0 0 0 1 1 1
0 P_7 356 356 0.0590605 0.07261410788381743 0.0882775 1 1 1
0 P_7 357 357 0 0 0 1 1 1
0 P_7 358 358 0.0651435 0.07910750507099391 0.095059 1 1 1
0 P_7 359 359 0 0 0 1 1 1
0 P_7 360 360 0 0 0 1 1 1
0 P_7 361 361 0 0 0 1 1 1
0 P_7 362 362 0.054246 0.06703078450844091 0.0818985 1 1 1
0 P_7 363 363 0 0 0 1 1 1
0 P_7 364 364 0 0 0 1 1 1
0 P_7 365 365 0 0 0 1 1 1
0 P_7 366 366 0.3439455 0.36268656716417913 0.3801415 1 1 1
0 P_7 367 367 0.0523875 0.06519507186858316 0.080178 1 1 1
0 P_7 368 368 0.5 0.5 0.5 1 1 1
0 P_7 369 369 0.5 0.5 0.5 1 1 1
0 P_7 370 370 0.5 0.5 0.5 1 1 1
0 P_7 371 371 0 0 0 1 1 1
0 P_7 372 372 0 0 0 1 1 1
0 P_7 373 373 0.058608 0.0718562874251497 0.087143 1 1 1
0 P_7 374 374 0.5 0.5 0.5 1 1 1
0 P_7 375 375 0.338733 0.35803108808290157 0.376046 1 1 1
0 P_7 376 376 0.5 0.5 0.5 1 1 1
0 P_7 377 377 0.3229035 0.3425641025641026 0.361136 1 1 1
0 P_7 378 378 0.325097 0.3441432720232333 0.362144 1 1 1
0 P_7 379 379 0 0 0 1 1 1
0 P_7 380 380 0.3492 0.36743515850144093 0.3843765 1 1 1
0 P_7 381 381 0.3234345 0.3427579365079365 0.361026 1 1 1
0 P_7 382 382 0 0 0 1 1 1
0 P_7 383 383 0.057744 0.07086223984142716 0.086016 1 1 1
0 P_7 384 384 0.5 0.5 0.5 1 1 1
0 P_7 385 385 0 0 0 1 1 1
0 P_7 386 386 0.5 0.5 0.5 1 1 1
0 P_7 387 387 0.3288555 0.34862869198312235 0.367209 1 1 1
0 P_7 388 388 0 0 0 1 1 1
0 P_7 389 389 0 0 0 1 1 1
0 P_7 390 390 0.0554925 0.06833824975417896 0.083232 1 1 1
0 P_7 391 391 0 0 0 1 1 1
0 P_7 392 392 0 0 0 1 1 1
0 P_7 393 393 0.5 0.5 0.5 1 1 1
0 P_7 394 394 0.053813 0.0665024630541872 0.081265 1 1 1
0 P_7 395 395 0 0 0 1 1 1
0 P_7 396 396 0.5 0.5 0.5 1 1 1
0 P_7 397 397 0.0636705 0.0775950668036999 0.093551 1 1 1
0 P_7 398 398 0.340858 0.3597014925373134 0.3772935 1 1 1
0 P_7 399 399 0.5 0.5 0.5 1 1 1
0 P_7 400 400 0 0 0 1 1 1
0 P_7 401 401 0.3318515 0.35047169811320755 0.368005 1 1 1
0 P_7 402 402 0.0586685 0.07177734375 0.086882 1 1 1
0 P_7 403 403 0.3328825 0.35187007874015747 0.369708 1 1 1
0 P_7 404 404 0 0 0 1 1 1
0 P_7 405 405 0 0 0 1 1 1
0 P_7 406 406 0.0635115 0.07761351636747624 0.093802 1 1 1
0 P_7 407 407 0.3289845 0.34776403425309227 0.3654765 1 1 1
0 P_7 408 408 0.3386545 0.3577981651376147 0.3756815 1 1 1
0 P_7 409 409 0.3384845 0.3579725448785639 0.3761535 1 1 1
0 P_7 410 410 0.5 0.5 0.5 1 1 1
0 P_7 411 411 0 0 0 1 1 1
0 P_7 412 412 0.5 0.5 0.5 1 1 1
0 P_7 413 413 0 0 0 1 1 1
0 P_7 414 414 0.33093 0.3498542274052478 0.3676655 1 1 1
0 P_7 415 415 0.058953 0.07183098591549296 0.0866275 1 1 1
0 P_7 416 416 0 0 0 1 1 1
0 P_7 417 417 0 0 0 1 1 1
0 P_7 418 418 0 0 0 1 1 1
0 P_7 419 419 0 0 0 1 1 1
0 P_7 420 420 0.126649 0.14433497536945813 0.163215 1 1 1
0 P_7 421 421 0.3420245 0.36072834645669294 0.378182 1 1 1
0 P_7 422 422 0.060248 0.0736318407960199 0.0890275 1 1 1
0 P_7 423 423 0 0 0 1 1 1
0 P_7 424 424 0.06494 0.0788152610441767 0.094661 1 1 1
0 P_7 425 425 0.053599 0.0662414131501472 0.0809515 1 1 1
0 P_7 426 426 0.5 0.5 0.5 1 1 1
0 P_7 427 427 0.3298785 0.3495297805642633 0.3679885 1 1 1
0 P_7 428 428 0 0 0 1 1 1
0 P_7 429 429 0.5 0.5 0.5 1 1 1
0 P_7 430 430 0.064015 0.07785642062689585 0.0936935 1 1 1
0 P_7 431 431 0 0 0 1 1 1
0 P_7 432 432 0 0 0 1 1 1
0 P_7 433 433 0.5 0.5 0.5 1 1 1
0 P_7 434 434 0.5 0.5 0.5 1 1 1
0 P_7 435 435 0 0 0 1 1 1
0 P_7 436 436 0.3332435 0.35240963855421686 0.3703965 1 1 1
0 P_7 437 437 0.1244255 0.1417624521072797 0.1602885 1 1 1
0 P_7 438 438 0.5 0.5 0.5 1 1 1
0 P_7 439 439 0 0 0 1 1 1
0 P_7 440 440 0.0649905 0.07854406130268199 0.093981 1 1 1
0 P_7 441 441 0.3422545 0.36081474296799226 0.378142 1 1 1
0 P_7 442 442 0 0 0 1 1 1
0 P_7 443 443 0.3275285 0.3463740458015267 0.364165 1 1 1
0 P_7 444 444 0.056921 0.06966824644549763 0.084376 1 1 1
0 P_7 445 445 0 0 0 1 1 1
0 P_7 446 446 0 0 0 1 1 1
0 P_7 447 447 0.5 0.5 0.5 1 1 1
0 P_7 448 448 0 0 0 1 1 1
0 P_7 449 449 0 0 0 1 1 1
0 P_7 450 450 0.5 0.5 0.5 1 1 1
0 P_7 451 451 0 0 0 1 1 1
0 P_7 452 452 0 0 0 1 1 1
0 P_7 453 453 0 0 0 1 1 1
0 P_7 454 454 0.0482312 0.06052899287894201 0.0750365 1 1 1
0 P_7 455 455 0.338774 0.3575638506876228 0.375142 1 1 1
0 P_7 456 456 0 0 0 1 1 1
0 P_7 457 457 0 0 0 1 1 1
0 P_7 458 458 0 0 0 1 1 1
0 P_7 459 459 0 0 0 1 1 1
0 P_7 460 460 0.3310295 0.35051546391752575 0.368813 1 1 1
0 P_7 461 461 0.3215575 0.34097706879361916 0.3593565 1 1 1
0 P_7 462 462 0 0 0 1 1 1
0 P_7 463 463 0.06587 0.08023379383634431 0.096666 1 1 1
0 P_7 464 464 0.05217 0.06492842535787322 0.079856 1 1 1
0 P_7 465 465 0 0 0 1 1 1
0 P_7 466 466 0.5 0.5 0.5 1 1 1
0 P_7 467 467 0.056684 0.06983805668016195 0.085083 1 1 1
0 P_7 468 468 0.3413775 0.36075949367088606 0.378802 1 1 1
0 P_7 469 469 0.0621945 0.07577268195413758 0.0913425 1 1 1
0 P_7 470 470 0.057887 0.07135416666666666 0.0869545 1 1 1
0 P_7 471 471 0 0 0 1 1 1
0 P_7 472 472 0.0622265 0.07571288102261553 0.091164 1 1 1
0 P_7 473 473 0.3321565 0.35129740518962077 0.369279 1 1 1
0 P_7 474 474 0.5 0.5 0.5 1 1 1
0 P_7 475 475 0.5 0.5 0.5 1 1 1
0 P_7 476 476 0.3331545 0.3525773195876289 0.3707875 1 1 1
0 P_7 477 477 0.124829 0.14250248262164847 0.1614 1 1 1
0 P_7 478 478 0.5 0.5 0.5 1 1 1
0 P_7 479 479 0 0 0 1 1 1
0 P_7 480 480 0 0 0 1 1 1
0 P_7 481 481 0.5 0.5 0.5 1 1 1
0 P_7 482 482 0.056984 0.07025641025641026 0.0856425 1 1 1
0 P_7 483 483 0.5 0.5 0.5 1 1 1
0 P_7 484 484 0.0504795 0.0627431906614786 0.0770955 1 1 1
0 P_7 485 485 0 0 0 1 1 1
0 P_7 486 486 0.059822 0.0732196589769308 0.0886505 1 1 1
0 P_7 487 487 0.5 0.5 0.5 1 1 1
0 P_7 488 488 0.329513 0.3488843813387424 0.3671055 1 1 1
0 P_7 489 489 0.056165 0.06920762286860582 0.084329 1 1 1
0 P_7 490 490 0 0 0 1 1 1
0 P_7 491 491 0.0612975 0.07505175983436853 0.090882 1 1 1
0 P_7 492 492 0.5 0.5 0.5 1 1 1
0 P_7 493 493 0 0 0 1 1 1
0 P_7 494 494 0 0 0 1 1 1
0 P_7 495 495 0.0683265 0.08280922431865828 0.099301 1 1 1
0 P_7 496 496 0.5 0.5 0.5 1 1 1
0 P_7 497 497 0 0 0 1 1 1
0 P_7 498 498 0.0677235 0.0821917808219178 0.098687 1 1 1
0 P_7 499 499 0.052117 0.06448508180943215 0.0789005 1 1 1
0 P_7 500 500 0.5 0.5 0.5 1 1 1
0 P_7 501 501 0 0 0 1 1 1
0 P_7 502 502 0.065865 0.07944814462416747 0.0948925 1 1 1
0 P_7 503 503 0 0 0 1 1 1
0 P_7 504 504 0.0527965 0.06564102564102564 0.080653 1 1 1
0 P_7 505 505 0 0 0 1 1 1
0 P_7 506 506 0.056052 0.06928645294725956 0.084663 1 1 1
0 P_7 507 507 0.0508635 0.06360792492179354 0.0785805 1 1 1
0 P_7 508 508 0.0679015 0.08173076923076923 0.0974155 1 1 1
0 P_7 509 509 0 0 0 1 1 1
0 P_7 510 510 0.0587905 0.07223360655737705 0.087765 1 1 1
0 P_7 511 511 0.129872 0.14772727272727273 0.1667415 1 1 1
0 P_7 512 512 0.0573695 0.07056451612903226 0.085833 1 1 1
0 P_7 513 513 0.5 0.5 0.5 1 1 1
0 P_7 514 514 0.061265 0.07465618860510806 0.0900225 1 1 1
0 P_7 515 515 0 0 0 1 1 1
0 P_7 516 516 0 0 0 1 1 1
0 P_7 517 517 0 0 0 1 1 1
0 P_7 518 518 0 0 0 1 1 1
0 P_7 519 519 0.0522825 0.0649546827794562 0.079763 1 1 1
0 P_7 520 520 0.0664595 0.08048289738430583 0.096462 1 1 1
0 P_7 521 521 0.067648 0.08161258603736479 0.0974755 1 1 1
0 P_7 522 522 0.05651 0.06962663975782038 0.08483 1 1 1
0 P_7 523 523 0.051388 0.06419624217118998 0.0792275 1 1 1
0 P_7 524 524 0.0611975 0.07433712121212122 0.0893845 1 1 1
0 P_7 525 525 0.338837 0.3575609756097561 0.3750815 1 1 1
0 P_7 526 526 0.5 0.5 0.5 1 1 1
0 P_7 527 527 0 0 0 1 1 1
0 P_7 528 528 0 0 0 1 1 1
0 P_7 529 529 0.333654 0.35303186022610483 0.3711955 1 1 1
0 P_7 530 530 0.3296795 0.34876847290640395 0.3667415 1 1 1
0 P_7 531 531 0.053042 0.06551059730250482 0.080017 1 1 1
0 P_7 532 532 0 0 0 1 1 1
0 P_7 533 533 0.0634765 0.07692307692307693 0.092278 1 1 1
0 P_7 534 534 0.06988 0.0841683366733467 0.1003615 1 1 1
0 P_7 535 535 0.330791 0.3502044989775051 0.368443 1 1 1
0 P_7 536 536 0 0 0 1 1 1
0 P_7 537 537 0.0610455 0.07434402332361516 0.0896 1 1 1
0 P_7 538 538 0.0581155 0.07157676348547717 0.08716 1 1 1
0 P_7 539 539 0.0606075 0.07396449704142012 0.089312 1 1 1
0 P_7 540 540 0 0 0 1 1 1
0 P_7 541 541 0 0 0 1 1 1
0 P_7 542 542 0.5 0.5 0.5 1 1 1
0 P_7 543 543 0 0 0 1 1 1
0 P_7 544 544 0 0 0 1 1 1
0 P_7 545 545 0 0 0 1 1 1
0 P_7 546 546 0 0 0 1 1 1
0 P_7 547 547 0 0 0 1 1 1
0 P_7 548 548 0.0667425 0.08062930186823992 0.096426 1 1 1
0 P_7 549 549 0.051859 0.06443556443556443 0.0791375 1 1 1
0 P_7 550 550 0.3290415 0.3482142857142857 0.3662695 1 1 1
0 P_7 551 551 0 0 0 1 1 1
0 P_7 552 552 0.33695 0.3560606060606061 0.3739425 1 1 1
0 P_7 553 553 0.5 0.5 0.5 1 1 1
0 P_7 554 554 0.5 0.5 0.5 1 1 1
0 P_7 555 555 0.3306795 0.3499496475327291 0.3680655 1 1 1
0 P_7 556 556 0.5 0.5 0.5 1 1 1
0 P_7 557 557 0 0 0 1 1 1
0 P_7 558 558 0.057009 0.0695852534562212 0.0840685 1 1 1
0 P_7 559 559 0 0 0 1 1 1
0 P_7 560 560 0 0 0 1 1 1
0 P_7 561 561 0.342126 0.36140167364016734 0.379341 1 1 1
0 P_7 562 562 0 0 0 1 1 1
0 P_7 563 563 0.5 0.5 0.5 1 1 1
0 P_7 564 564 0.5 0.5 0.5 1 1 1
0 P_7 565 565 0.0553995 0.06807286673058485 0.0827465 1 1 1
0 P_7 566 566 0.5 0.5 0.5 1 1 1
0 P_7 567 567 0.0565365 0.06998939554612937 0.0856305 1 1 1
0 P_7 568 568 0.0699165 0.08425832492431887 0.100518 1 1 1
0 P_7 569 569 0 0 0 1 1 1
0 P_7 570 570 0 0 0 1 1 1
0 P_7 571 571 0.328769 0.3477626459143969 0.3656655 1 1 1
0 P_7 572 572 0 0 0 1 1 1
0 P_7 573 573 0 0 0 1 1 1
0 P_7 574 574 0.3360685 0.35519677093844604 0.373108 1 1 1
0 P_7 575 575 0 0 0 1 1 1
0 P_7 576 576 0.5 0.5 0.5 1 1 1
0 P_7 577 577 0 0 0 1 1 1
0 P_7 578 578 0.3439115 0.3625615763546798 0.37994 1 1 1
0 P_7 579 579 0 0 0 1 1 1
0 P_7 580 580 0 0 0 1 1 1
0 P_7 581 581 0.5 0.5 0.5 1 1 1
0 P_7 582 582 0.0621785 0.07580321285140562 0.0914335 1 1 1
0 P_7 583 583 0 0 0 1 1 1
0 P_7 584 584 0.062655 0.07603464870067372 0.0913345 1 1 1
0 P_7 585 585 0.0557245 0.06846673095467695 0.0832165 1 1 1
0 P_7 586 586 0.060588500000000003 0.07409274193548387 0.08963 1 1 1
0 P_7 587 587 0.3348775 0.3537782139352306 0.371511 1 1 1
0 P_7 588 588 0.5 0.5 0.5 1 1 1
0 P_7 589 589 0.0696135 0.08349146110056926 0.099181 1 1 1
0 P_7 590 590 0.334084 0.3533604887983707 0.37143 1 1 1
0 P_7 591 591 0 0 0 1 1 1
0 P_7 592 592 0 0 0 1 1 1
0 P_7 593 593 0.3255375 0.34512820512820513 0.3636 1 1 1
0 P_7 594 594 0 0 0 1 1 1
0 P_7 595 595 0 0 0 1 1 1
0 P_7 596 596 0 0 0 1 1 1
0 P_7 597 597 0.5 0.5 0.5 1 1 1
0 P_7 598 598 0 0 0 1 1 1
0 P_7 599 599 0.063324 0.07728215767634855 0.0932945 1 1 1
0 P_7 600 600 0.065198 0.07902584493041749 0.0948025 1 1 1
1 P_5 0 0 0 0 0 1 1 1
1 P_5 1 1 0.1107965 0.12771203155818542 0.1460105 1 1 1
1 P_5 2 2 0.5 0.5 0.5 1 1 1
1 P_5 3 3 0.0672945 0.08114674441205054 0.0968805 1 1 1
1 P_5 4 4 0 0 0 1 1 1
1 P_5 5 5 0.057802 0.07093253968253968 0.0861 1 1 1
1 P_5 6 6 0.2612435 0.28210526315789475 0.3025795 1 1 1
1 P_5 7 7 0.5 0.5 0.5 1 1 1
1 P_5 8 8 0 0 0 1 1 1
1 P_5 9 9 0.066471 0.080797481636936 0.097159 1 1 1
1 P_5 10 10 0 0 0 1 1 1
1 P_5 11 11 0.057136 0.07028112449799197 0.085495 1 1 1
1 P_5 12 12 0.280652 0.3013698630136986 0.3214675 1 1 1
1 P_5 13 13 0 0 0 1 1 1
1 P_5 14 14 0 0 0 1 1 1
1 P_5 15 15 0 0 0 1 1 1
1 P_5 16 16 0.064896 0.07917109458023379 0.0955275 1 1 1
1 P_5 17 17 0.113725 0.13119834710743802 0.1500785 1 1 1
1 P_5 18 18 0.063623 0.07738693467336684 0.09314 1 1 1
1 P_5 19 19 0 0 0 1 1 1
1 P_5 20 20 0.272524 0.2930327868852459 0.313036 1 1 1
1 P_5 21 21 0.258536 0.27895266868076535 0.299035 1 1 1
1 P_5 22 22 0 0 0 1 1 1
1 P_5 23 23 0.0720925 0.08646245059288538 0.1026855 1 1 1
1 P_5 24 24 0.5 0.5 0.5 1 1 1
1 P_5 25 25 0.114857 0.13221884498480244 0.1509495 1 1 1
1 P_5 26 26 0 0 0 1 1 1
1 P_5 27 27 0 0 0 1 1 1
1 P_5 28 28 0.0655625 0.07971014492753623 0.0958785 1 1 1
1 P_5 29 29 0 0 0 1 1 1
1 P_5 30 30 0.063918 0.07740384615384616 0.0927925 1 1 1
1 P_5 31 31 0 0 0 1 1 1
1 P_5 32 32 0 0 0 1 1 1
1 P_5 33 33 0.054519 0.06763787721123829 0.082932 1 1 1
1 P_5 34 34 0 0 0 1 1 1
1 P_5 35 35 0.1016065 0.11805555555555555 0.1360055 1 1 1
1 P_5 36 36 0 0 0 1 1 1
1 P_5 37 37 0.273538 0.29343629343629346 0.312854 1 1 1
1 P_5 38 38 0.272715 0.29281496062992124 0.3124315 1 1 1
1 P_5 39 39 0 0 0 1 1 1
1 P_5 40 40 0.1096005 0.12679671457905545 0.1454435 1 1 1
1 P_5 41 41 0 0 0 1 1 1
1 P_5 42 42 0 0 0 1 1 1
1 P_5 43 43 0.055994 0.0690524193548387 0.0842025 1 1 1
1 P_5 44 44 0 0 0 1 1 1
1 P_5 45 45 0.5 0.5 0.5 1 1 1
1 P_5 46 46 0.5 0.5 0.5 1 1 1
1 P_5 47 47 0 0 0 1 1 1
1 P_5 48 48 0.2472445 0.2674190382728165 0.2873975 1 1 1
1 P_5 49 49 0.2836285 0.3035019455252918 0.3227785 1 1 1
1 P_5 50 50 0.5 0.5 0.5 1 1 1
1 P_5 51 51 0.269736 0.29011099899091825 0.310022 1 1 1
1 P_5 52 52 0.5 0.5 0.5 1 1 1
1 P_5 53 53 0.1120035 0.12914572864321608 0.1476805 1 1 1
1 P_5 54 54 0.1097885 0.12630085146641437 0.1441555 1 1 1
1 P_5 55 55 0.0666095 0.08047105004906771 0.0962405 1 1 1
1 P_5 56 56 0 0 0 1 1 1
1 P_5 57 57 0.114545 0.13165680473372782 0.150107 1 1 1
1 P_5 58 58 0.5 0.5 0.5 1 1 1
1 P_5 59 59 0.0670805 0.08084696823869104 0.0964805 1 1 1
1 P_5 60 60 0.0505375 0.06286836935166994 0.0773065 1 1 1
1 P_5 61 61 0 0 0 1 1 1
1 P_5 62 62 0 0 0 1 1 1
1 P_5 63 63 0.275329 0.2958762886597938 0.3158815 1 1 1
1 P_5 64 64 0 0 0 1 1 1
1 P_5 65 65 0.5 0.5 0.5 1 1 1
1 P_5 66 66 0.2615495 0.282183316168898 0.302437 1 1 1
1 P_5 67 67 0 0 0 1 1 1
1 P_5 68 68 0.5 0.5 0.5 1 1 1
1 P_5 69 69 0.27165 0.29213483146067415 0.312126 1 1 1
1 P_5 70 70 0.26743 0.28745136186770426 0.3070545 1 1 1
1 P_5 71 71 0.5 0.5 0.5 1 1 1
1 P_5 72 72 0 0 0 1 1 1
1 P_5 73 73 0 0 0 1 1 1
1 P_5 74 74 0 0 0 1 1 1
1 P_5 75 75 0 0 0 1 1 1
1 P_5 76 76 0.0523075 0.06504065040650407 0.079929 1 1 1
1 P_5 77 77 0 0 0 1 1 1
1 P_5 78 78 0 0 0 1 1 1
1 P_5 79 79 0.5 0.5 0.5 1 1 1
1 P_5 80 80 0 0 0 1 1 1
1 P_5 81 81 0 0 0 1 1 1
1 P_5 82 82 0 0 0 1 1 1
1 P_5 83 83 0.0636765 0.07755102040816327 0.093443 1 1 1
1 P_5 84 84 0.5 0.5 0.5 1 1 1
1 P_5 85 85 0 0 0 1 1 1
1 P_5 86 86 0 0 0 1 1 1
1 P_5 87 87 0.0609735 0.0744047619047619 0.0898335 1 1 1
1 P_5 88 88 0 0 0 1 1 1
1 P_5 89 89 0 0 0 1 1 1
1 P_5 90 90 0 0 0 1 1 1
1 P_5 91 91 0.5 0.5 0.5 1 1 1
1 P_5 92 92 0.5 0.5 0.5 1 1 1
1 P_5 93 93 0 0 0 1 1 1
1 P_5 94 94 0.2828235 0.30246913580246915 0.3215435 1 1 1
1 P_5 95 95 0.0632 0.07708119218910586 0.093 1 1 1
1 P_5 96 96 0.2685725 0.2891752577319588 0.309315 1 1 1
1 P_5 97 97 0 0 0 1 1 1
1 P_5 98 98 0.2908985 0.310377358490566 0.329203 1 1 1
1 P_5 99 99 0 0 0 1 1 1
1 P_5 100 100 0 0 0 1 1 1
1 P_5 101 101 0 0 0 1 1 1
1 P_5 102 102 0 0 0 1 1 1
1 P_5 103 103 0.2594235 0.28044871794871795 0.301101 1 1 1
1 P_5 104 104 0 0 0 1 1 1
1 P_5 105 105 0.068492 0.08216619981325864 0.0976375 1 1 1
1 P_5 106 106 0.5 0.5 0.5 1 1 1
1 P_5 107 107 0 0 0 1 1 1
1 P_5 108 108 0.064114 0.07754519505233111 0.092858 1 1 1
1 P_5 109 109 0.5 0.5 0.5 1 1 1
1 P_5 110 110 0.2606635 0.281 0.300981 1 1 1
1 P_5 111 111 0.5 0.5 0.5 1 1 1
1 P_5 112 112 0 0 0 1 1 1
1 P_5 113 113 0 0 0 1 1 1
1 P_5 114 114 0.272709 0.29335410176531673 0.313483 1 1 1
1 P_5 115 115 0.28291 0.30326197757390416 0.3229915 1 1 1
1 P_5 116 116 0.2667975 0.2872340425531915 0.307238 1 1 1
1 P_5 117 117 0.272353 0.2922705314009662 0.31172 1 1 1
1 P_5 118 118 0.5 0.5 0.5 1 1 1
1 P_5 119 119 0 0 0 1 1 1
1 P_5 120 120 0.5 0.5 0.5 1 1 1
1 P_5 121 121 0.5 0.5 0.5 1 1 1
1 P_5 122 122 0 0 0 1 1 1
1 P_5 123 123 0.2706 0.2908366533864542 0.3106065 1 1 1
1 P_5 124 124 0 0 0 1 1 1
1 P_5 125 125 0.062917 0.07654075546719682 0.0921415 1 1 1
1 P_5 126 126 0.0776855 0.09259259259259259 0.1093065 1 1 1
1 P_5 127 127 0.0664855 0.08086680761099366 0.0972975 1 1 1
1 P_5 128 128 0.1201445 0.13802083333333334 0.1572345 1 1 1
1 P_5 129 129 0 0 0 1 1 1
1 P_5 130 130 0.113051 0.1300097751710655 0.148314 1 1 1
1 P_5 131 131 0 0 0 1 1 1
1 P_5 132 132 0.5 0.5 0.5 1 1 1
1 P_5 133 133 0.5 0.5 0.5 1 1 1
1 P_5 134 134 0 0 0 1 1 1
1 P_5 135 135 0 0 0 1 1 1
1 P_5 136 136 0 0 0 1 1 1
1 P_5 137 137 0.5 0.5 0.5 1 1 1
1 P_5 138 138 0 0 0 1 1 1
1 P_5 139 139 0.5 0.5 0.5 1 1 1
1 P_5 140 140 0 0 0 1 1 1
1 P_5 141 141 0.123714 0.14142427281845538 0.1603835 1 1 1
1 P_5 142 142 0 0 0 1 1 1
1 P_5 143 143 0.2629525 0.2834008097165992 0.3034615 1 1 1
1 P_5 144 144 0.059473 0.07236227824463119 0.087154 1 1 1
1 P_5 145 145 0.27779 0.2983453981385729 0.3183275 1 1 1
1 P_5 146 146 0.5 0.5 0.5 1 1 1
1 P_5 147 147 0 0 0 1 1 1
1 P_5 148 148 0 0 0 1 1 1
1 P_5 149 149 0.064483 0.078125 0.0936915 1 1 1
1 P_5 150 150 0 0 0 1 1 1
1 P_5 151 151 0.0550535 0.06780487804878049 0.082594 1 1 1
1 P_5 152 152 0 0 0 1 1 1
1 P_5 153 153 0 0 0 1 1 1
1 P_5 154 154 0 0 0 1 1 1
1 P_5 155 155 0 0 0 1 1 1
1 P_5 156 156 0.5 0.5 0.5 1 1 1
1 P_5 157 157 0.062717 0.07660455486542443 0.09255 1 1 1
1 P_5 158 158 0.270635 0.29080118694362017 0.3105045 1 1 1
1 P_5 159 159 0.1054915 0.12243852459016394 0.140884 1 1 1
1 P_5 160 160 0.0580885 0.07165437302423604 0.0873745 1 1 1
1 P_5 161 161 0 0 0 1 1 1
1 P_5 162 162 0 0 0 1 1 1
1 P_5 163 163 0 0 0 1 1 1
1 P_5 164 164 0.5 0.5 0.5 1 1 1
1 P_5 165 165 0.2745375 0.29422894985808895 0.3134405 1 1 1
1 P_5 166 166 0.120646 0.13779904306220095 0.156184 1 1 1
1 P_5 167 167 0 0 0 1 1 1
1 P_5 168 168 0 0 0 1 1 1
1 P_5 169 169 0 0 0 1 1 1
1 P_5 170 170 0.5 0.5 0.5 1 1 1
1 P_5 171 171 0.265674 0.2857843137254902 0.3054925 1 1 1
1 P_5 172 172 0.111678 0.12874251497005987 0.1471945 1 1 1
1 P_5 173 173 0 0 0 1 1 1
1 P_5 174 174 0.5 0.5 0.5 1 1 1
1 P_5 175 175 0.111871 0.12903225806451613 0.1475915 1 1 1
1 P_5 176 176 0.5 0.5 0.5 1 1 1
1 P_5 177 177 0 0 0 1 1 1
1 P_5 178 178 0.5 0.5 0.5 1 1 1
1 P_5 179 179 0 0 0 1 1 1
1 P_5 180 180 0.0604865 0.07381889763779527 0.08914 1 1 1
1 P_5 181 181 0.05964 0.073 0.0883895 1 1 1
1 P_5 182 182 0.1251025 0.1425800193986421 0.1612525 1 1 1
1 P_5 183 183 0.2714045 0.29214659685863875 0.312383 1 1 1
1 P_5 184 184 0.5 0.5 0.5 1 1 1
1 P_5 185 185 0.0584715 0.0716403162055336 0.0868295 1 1 1
1 P_5 186 186 0.063236 0.07692307692307693 0.0925925 1 1 1
1 P_5 187 187 0 0 0 1 1 1
1 P_5 188 188 0.1124615 0.13027027027027027 0.1495625 1 1 1
1 P_5 189 189 0.276727 0.29714576962283384 0.3170135 1 1 1
1 P_5 190 190 0.5 0.5 0.5 1 1 1
1 P_5 191 191 0.266713 0.2868369351669941 0.3065455 1 1 1
1 P_5 192 192 0 0 0 1 1 1
1 P_5 193 193 0.1202105 0.13767395626242546 0.156418 1 1 1
1 P_5 194 194 0 0 0 1 1 1
1 P_5 195 195 0 0 0 1 1 1
1 P_5 196 196 0.071852 0.08622398414271557 0.102457 1 1 1
1 P_5 197 197 0.5 0.5 0.5 1 1 1
1 P_5 198 198 0.114545 0.13165680473372782 0.150107 1 1 1
1 P_5 199 199 0 0 0 1 1 1
1 P_5 200 200 0 0 0 1 1 1
1 P_5 201 201 0.5 0.5 0.5 1 1 1
1 P_5 202 202 0 0 0 1 1 1
1 P_5 203 203 0 0 0 1 1 1
1 P_5 204 204 0.285018 0.30546955624355004 0.3252645 1 1 1
1 P_5 205 205 0.5 0.5 0.5 1 1 1
1 P_5 206 206 0.064545 0.07849133537206932 0.094442 1 1 1
1 P_5 207 207 0 0 0 1 1 1
1 P_5 208 208 0 0 0 1 1 1
1 P_5 209 209 0.1213595 0.1390293225480283 0.157986 1 1 1
1 P_5 210 210 0.115514 0.13240917782026768 0.1505935 1 1 1
1 P_5 211 211 0 0 0 1 1 1
1 P_5 212 212 0 0 0 1 1 1
1 P_5 213 213 0 0 0 1 1 1
1 P_5 214 214 0.5 0.5 0.5 1 1 1
1 P_5 215 215 0.5 0.5 0.5 1 1 1
1 P_5 216 216 0 0 0 1 1 1
1 P_5 217 217 0 0 0 1 1 1
1 P_5 218 218 0.061719 0.07530120481927711 0.0908945 1 1 1
1 P_5 219 219 0.057275 0.0702439024390244 0.085224 1 1 1
1 P_5 220 220 0 0 0 1 1 1
1 P_5 221 221 0 0 0 1 1 1
1 P_5 222 222 0.1193955 0.13686313686313686 0.155627 1 1 1
1 P_5 223 223 0.5 0.5 0.5 1 1 1
1 P_5 224 224 0.122434 0.13996043521266074 0.158735 1 1 1
1 P_5 225 225 0 0 0 1 1 1
1 P_5 226 226 0.060653 0.0738255033557047 0.0889345 1 1 1
1 P_5 227 227 0.2775235 0.2978723404255319 0.317665 1 1 1
1 P_5 228 228 0 0 0 1 1 1
1 P_5 229 229 0 0 0 1 1 1
1 P_5 230 230 0.1073415 0.12401960784313726 0.142114 1 1 1
1 P_5 231 231 0 0 0 1 1 1
1 P_5 232 232 0 0 0 1 1 1
1 P_5 233 233 0 0 0 1 1 1
1 P_5 234 234 0.5 0.5 0.5 1 1 1
1 P_5 235 235 0.0596675 0.07308467741935484 0.0885465 1 1 1
1 P_5 236 236 0.5 0.5 0.5 1 1 1
1 P_5 237 237 0.294324 0.31438631790744465 0.333706 1 1 1
1 P_5 238 238 0.5 0.5 0.5 1 1 1
1 P_5 239 239 0.5 0.5 0.5 1 1 1
1 P_5 240 240 0.5 0.5 0.5 1 1 1
1 P_5 241 241 0.5 0.5 0.5 1 1 1
1 P_5 242 242 0.2695255 0.2905477980665951 0.311071 1 1 1
1 P_5 243 243 0.063283 0.07707910750507099 0.092886 1 1 1
1 P_5 244 244 0 0 0 1 1 1
1 P_5 245 245 0 0 0 1 1 1
1 P_5 246 246 0.2635535 0.28351012536162007 0.303096 1 1 1
1 P_5 247 247 0.0568005 0.06997971602434078 0.085252 1 1 1
1 P_5 248 248 0 0 0 1 1 1
1 P_5 249 249 0.5 0.5 0.5 1 1 1
1 P_5 250 250 0.5 0.5 0.5 1 1 1
1 P_5 251 251 0 0 0 1 1 1
1 P_5 252 252 0.5 0.5 0.5 1 1 1
1 P_5 253 253 0 0 0 1 1 1
1 P_5 254 254 0.1264495 0.14437689969604864 0.1635315 1 1 1
1 P_5 255 255 0 0 0 1 1 1
1 P_5 256 256 0.0624965 0.07618567103935418 0.0918855 1 1 1
1 P_5 257 257 0 0 0 1 1 1
1 P_5 258 258 0 0 0 1 1 1
1 P_5 259 259 0 0 0 1 1 1
1 P_5 260 260 0.2762935 0.2968106995884774 0.3167755 1 1 1
1 P_5 261 261 0.1173275 0.1342155009451796 0.1523585 1 1 1
1 P_5 262 262 0 0 0 1 1 1
1 P_5 263 263 0.2627165 0.28284313725490196 0.3026005 1 1 1
1 P_5 264 264 0.285327 0.30578512396694213 0.3255825 1 1 1
1 P_5 265 265 0.27038 0.29062811565304086 0.310412 1 1 1
1 P_5 266 266 0.116064 0.1334002006018054 0.1520775 1 1 1
1 P_5 267 267 0.2829805 0.3032290615539859 0.3228615 1 1 1
1 P_5 268 268 0 0 0 1 1 1
1 P_5 269 269 0.1215225 0.13865147198480532 0.156993 1 1 1
1 P_5 270 270 0.067196 0.08093869731800767 0.0965385 1 1 1
1 P_5 271 271 0.1098195 0.1268958543983822 0.1453995 1 1 1
1 P_5 272 272 0.0479966 0.06018054162487462 0.074547 1 1 1
1 P_5 273 273 0 0 0 1 1 1
1 P_5 274 274 0 0 0 1 1 1
1 P_5 275 275 0.5 0.5 0.5 1 1 1
1 P_5 276 276 0 0 0 1 1 1
1 P_5 277 277 0 0 0 1 1 1
1 P_5 278 278 0 0 0 1 1 1
1 P_5 279 279 0.5 0.5 0.5 1 1 1
1 P_5 280 280 0.5 0.5 0.5 1 1 1
1 P_5 281 281 0.5 0.5 0.5 1 1 1
1 P_5 282 282 0 0 0 1 1 1
1 P_5 283 283 0 0 0 1 1 1
1 P_5 284 284 0.063118 0.07673267326732673 0.0923145 1 1 1
1 P_5 285 285 0.1083365 0.12476370510396975 0.1425485 1 1 1
1 P_5 286 286 0.1103985 0.12719298245614036 0.14536 1 1 1
1 P_5 287 287 0.5 0.5 0.5 1 1 1
1 P_5 288 288 0 0 0 1 1 1
1 P_5 289 289 0.5 0.5 0.5 1 1 1
1 P_5 290 290 0 0 0 1 1 1
1 P_5 291 291 0.2730975 0.29308666017526774 0.3125945 1 1 1
1 P_5 292 292 0 0 0 1 1 1
1 P_5 293 293 0 0 0 1 1 1
1 P_5 294 294 0 0 0 1 1 1
1 P_5 295 295 0.266386 0.28696098562628336 0.307101 1 1 1
1 P_5 296 296 0 0 0 1 1 1
1 P_5 297 297 0.5 0.5 0.5 1 1 1
1 P_5 298 298 0 0 0 1 1 1
1 P_5 299 299 0 0 0 1 1 1
1 P_5 300 300 0.1194665 0.1364494806421152 0.1546625 1 1 1
1 P_5 301 301 0.5 0.5 0.5 1 1 1
1 P_5 302 302 0.5 0.5 0.5 1 1 1
1 P_5 303 303 0 0 0 1 1 1
1 P_5 304 304 0.280656 0.3003820439350525 0.319556 1 1 1
1 P_5 305 305 0.0669645 0.08075435203094777 0.0964215 1 1 1
1 P_5 306 306 0 0 0 1 1 1
1 P_5 307 307 0.5 0.5 0.5 1 1 1
1 P_5 308 308 0 0 0 1 1 1
1 P_5 309 309 0.0689155 0.08316532258064516 0.0993435 1 1 1
1 P_5 310 310 0 0 0 1 1 1
1 P_5 311 311 0.2844245 0.30522945570971183 0.3253585 1 1 1
1 P_5 312 312 0.064545 0.07839195979899498 0.0942165 1 1 1
1 P_5 313 313 0 0 0 1 1 1
1 P_5 314 314 0 0 0 1 1 1
1 P_5 315 315 0 0 0 1 1 1
1 P_5 316 316 0.2829805 0.3032290615539859 0.3228615 1 1 1
1 P_5 317 317 0 0 0 1 1 1
1 P_5 318 318 0.0701705 0.08460754332313965 0.1009775 1 1 1
1 P_5 319 319 0.263865 0.2838491295938104 0.3034575 1 1 1
1 P_5 320 320 0.1060015 0.12275449101796407 0.1409635 1 1 1
1 P_5 321 321 0.066542 0.08088235294117647 0.097259 1 1 1
1 P_5 322 322 0.5 0.5 0.5 1 1 1
1 P_5 323 323 0 0 0 1 1 1
1 P_5 324 324 0 0 0 1 1 1
1 P_5 325 325 0.102864 0.12004287245444802 0.138819 1 1 1
1 P_5 326 326 0 0 0 1 1 1
1 P_5 327 327 0 0 0 1 1 1
1 P_5 328 328 0 0 0 1 1 1
1 P_5 329 329 0.0538665 0.06656804733727811 0.0813435 1 1 1
1 P_5 330 330 0 0 0 1 1 1
1 P_5 331 331 0.063785 0.07794273594909862 0.0941915 1 1 1
1 P_5 332 332 0 0 0 1 1 1
1 P_5 333 333 0.5 0.5 0.5 1 1 1
1 P_5 334 334 0 0 0 1 1 1
1 P_5 335 335 0 0 0 1 1 1
1 P_5 336 336 0.26866 0.2884250474383302 0.3077715 1 1 1
1 P_5 337 337 0.0678045 0.0818452380952381 0.097799 1 1 1
1 P_5 338 338 0 0 0 1 1 1
1 P_5 339 339 0.5 0.5 0.5 1 1 1
1 P_5 340 340 0 0 0 1 1 1
1 P_5 341 341 0.0613415 0.075 0.090706 1 1 1
1 P_5 342 342 0.5 0.5 0.5 1 1 1
1 P_5 343 343 0.2710065 0.2914547304170905 0.3114195 1 1 1
1 P_5 344 344 0.284374 0.3048654244306418 0.3247055 1 1 1
1 P_5 345 345 0.5 0.5 0.5 1 1 1
1 P_5 346 346 0.061691 0.07488151658767772 0.0899755 1 1 1
1 P_5 347 347 0.104722 0.12105263157894737 0.1387985 1 1 1
1 P_5 348 348 0.055078 0.06804435483870967 0.083114 1 1 1
1 P_5 349 349 0.5 0.5 0.5 1 1 1
1 P_5 350 350 0.12649 0.14445574771108852 0.163653 1 1 1
1 P_5 351 351 0.062992 0.07688338493292053 0.0928225 1 1 1
1 P_5 352 352 0.268661 0.2890231621349446 0.308935 1 1 1
1 P_5 353 353 0.1070205 0.12365591397849462 0.141708 1 1 1
1 P_5 354 354 0.066531 0.08033106134371958 0.0960255 1 1 1
1 P_5 355 355 0 0 0 1 1 1
1 P_5 356 356 0.1077145 0.12462311557788945 0.1429765 1 1 1
1 P_5 357 357 0 0 0 1 1 1
1 P_5 358 358 0.0603235 0.0740354535974974 0.089851 1 1 1
1 P_5 359 359 0.269977 0.2899322362052275 0.309444 1 1 1
1 P_5 360 360 0 0 0 1 1 1
1 P_5 361 361 0 0 0 1 1 1
1 P_5 362 362 0.0760595 0.09086345381526105 0.1074995 1 1 1
1 P_5 363 363 0 0 0 1 1 1
1 P_5 364 364 0.265778 0.2862208713272543 0.306243 1 1 1
1 P_5 365 365 0 0 0 1 1 1
1 P_5 366 366 0 0 0 1 1 1
1 P_5 367 367 0.1185995 0.13617886178861788 0.1550845 1 1 1
1 P_5 368 368 0.5 0.5 0.5 1 1 1
1 P_5 369 369 0.5 0.5 0.5 1 1 1
1 P_5 370 370 0.5 0.5 0.5 1 1 1
1 P_5 371 371 0.281023 0.301314459049545 0.3210105 1 1 1
1 P_5 372 372 0.260368 0.2808080808080808 0.3008915 1 1 1
1 P_5 373 373 0.0724355 0.08691308691308691 0.103259 1 1 1
1 P_5 374 374 0.5 0.5 0.5 1 1 1
1 P_5 375 375 0 0 0 1 1 1
1 P_5 376 376 0.5 0.5 0.5 1 1 1
1 P_5 377 377 0 0 0 1 1 1
1 P_5 378 378 0 0 0 1 1 1
1 P_5 379 379 0.2635 0.2833333333333333 0.3028025 1 1 1
1 P_5 380 380 0 0 0 1 1 1
1 P_5 381 381 0 0 0 1 1 1
1 P_5 382 382 0.2570465 0.2773359840954274 0.2973135 1 1 1
1 P_5 383 383 0.1042705 0.12124352331606218 0.139746 1 1 1
1 P_5 384 384 0.5 0.5 0.5 1 1 1
1 P_5 385 385 0.2877645 0.3080448065173116 0.327647 1 1 1
1 P_5 386 386 0.5 0.5 0.5 1 1 1
1 P_5 387 387 0 0 0 1 1 1
1 P_5 388 388 0 0 0 1 1 1
1 P_5 389 389 0 0 0 1 1 1
1 P_5 390 390 0.0676615 0.08181818181818182 0.097923 1 1 1
1 P_5 391 391 0.2811625 0.30118110236220474 0.320622 1 1 1
1 P_5 392 392 0 0 0 1 1 1
1 P_5 393 393 0.5 0.5 0.5 1 1 1
1 P_5 394 394 0.0693745 0.08375893769152196 0.1000905 1 1 1
1 P_5 395 395 0 0 0 1 1 1
1 P_5 396 396 0.5 0.5 0.5 1 1 1
1 P_5 397 397 0.07311 0.08730916030534351 0.103289 1 1 1
1 P_5 398 398 0 0 0 1 1 1
1 P_5 399 399 0.5 0.5 0.5 1 1 1
1 P_5 400 400 0.270942 0.2915376676986584 0.311642 1 1 1
1 P_5 401 401 0 0 0 1 1 1
1 P_5 402 402 0.0622265 0.07571288102261553 0.091164 1 1 1
1 P_5 403 403 0 0 0 1 1 1
1 P_5 404 404 0 0 0 1 1 1
1 P_5 405 405 0.274297 0.2947799385875128 0.3147375 1 1 1
1 P_5 406 406 0.061979 0.07541625857002938 0.090814 1 1 1
1 P_5 407 407 0 0 0 1 1 1
1 P_5 408 408 0 0 0 1 1 1
1 P_5 409 409 0 0 0 1 1 1
1 P_5 410 410 0.5 0.5 0.5 1 1 1
1 P_5 411 411 0 0 0 1 1 1
1 P_5 412 412 0.5 0.5 0.5 1 1 1
1 P_5 413 413 0 0 0 1 1 1
1 P_5 414 414 0 0 0 1 1 1
1 P_5 415 415 0.0630025 0.07654563297350343 0.0920405 1 1 1
1 P_5 416 416 0 0 0 1 1 1
1 P_5 417 417 0 0 0 1 1 1
1 P_5 418 418 0.2733185 0.29390495867768596 0.3139715 1 1 1
1 P_5 419 419 0.2688625 0.2890316205533597 0.3087585 1 1 1
1 P_5 420 420 0.5 0.5 0.5 1 1 1
1 P_5 421 421 0 0 0 1 1 1
1 P_5 422 422 0.1137845 0.13066538090646093 0.148866 1 1 1
1 P_5 423 423 0 0 0 1 1 1
1 P_5 424 424 0.0588255 0.0720675944333996 0.0873375 1 1 1
1 P_5 425 425 0.111095 0.12852664576802508 0.147414 1 1 1
1 P_5 426 426 0.5 0.5 0.5 1 1 1
1 P_5 427 427 0 0 0 1 1 1
1 P_5 428 428 0.2810365 0.3010858835143139 0.320557 1 1 1
1 P_5 429 429 0.5 0.5 0.5 1 1 1
1 P_5 430 430 0.073945 0.08898305084745763 0.1059765 1 1 1
1 P_5 431 431 0 0 0 1 1 1
1 P_5 432 432 0 0 0 1 1 1
1 P_5 433 433 0.5 0.5 0.5 1 1 1
1 P_5 434 434 0.5 0.5 0.5 1 1 1
1 P_5 435 435 0.2685635 0.28846153846153844 0.3079355 1 1 1
1 P_5 436 436 0 0 0 1 1 1
1 P_5 437 437 0.5 0.5 0.5 1 1 1
1 P_5 438 438 0.5 0.5 0.5 1 1 1
1 P_5 439 439 0 0 0 1 1 1
1 P_5 440 440 0.0661305 0.0804416403785489 0.0967965 1 1 1
1 P_5 441 441 0 0 0 1 1 1
1 P_5 442 442 0 0 0 1 1 1
1 P_5 443 443 0 0 0 1 1 1
1 P_5 444 444 0.0550295 0.06793206793206794 0.08292 1 1 1
1 P_5 445 445 0.257309 0.2770460959548448 0.2964915 1 1 1
1 P_5 446 446 0 0 0 1 1 1
1 P_5 447 447 0.5 0.5 0.5 1 1 1
1 P_5 448 448 0.270159 0.2904191616766467 0.3102165 1 1 1
1 P_5 449 449 0.2716775 0.2920892494929006 0.3120115 1 1 1
1 P_5 450 450 0.5 0.5 0.5 1 1 1
1 P_5 451 451 0 0 0 1 1 1
1 P_5 452 452 0 0 0 1 1 1
1 P_5 453 453 0 0 0 1 1 1
1 P_5 454 454 0.116541 0.13386613386613386 0.152522 1 1 1
1 P_5 455 455 0 0 0 1 1 1
1 P_5 456 456 0 0 0 1 1 1
1 P_5 457 457 0.271496 0.2926167209554832 0.313207 1 1 1
1 P_5 458 458 0 0 0 1 1 1
1 P_5 459 459 0.261861 0.28205128205128205 0.301879 1 1 1
1 P_5 460 460 0 0 0 1 1 1
1 P_5 461 461 0 0 0 1 1 1
1 P_5 462 462 0.2714545 0.2918781725888325 0.3118145 1 1 1
1 P_5 463 463 0.064872 0.07868525896414343 0.094455 1 1 1
1 P_5 464 464 0.109431 0.1266804550155119 0.145392 1 1 1
1 P_5 465 465 0 0 0 1 1 1
1 P_5 466 466 0.5 0.5 0.5 1 1 1
1 P_5 467 467 0.0553095 0.06827309236947791 0.0833285 1 1 1
1 P_5 468 468 0 0 0 1 1 1
1 P_5 469 469 0.069591 0.08401639344262295 0.1003915 1 1 1
1 P_5 470 470 0.063737 0.07767489711934156 0.0936455 1 1 1
1 P_5 471 471 0 0 0 1 1 1
1 P_5 472 472 0.0554275 0.06836327345309381 0.0833775 1 1 1
1 P_5 473 473 0 0 0 1 1 1
1 P_5 474 474 0.5 0.5 0.5 1 1 1
1 P_5 475 475 0.5 0.5 0.5 1 1 1
1 P_5 476 476 0 0 0 1 1 1
1 P_5 477 477 0.5 0.5 0.5 1 1 1
1 P_5 478 478 0.5 0.5 0.5 1 1 1
1 P_5 479 479 0 0 0 1 1 1
1 P_5 480 480 0 0 0 1 1 1
1 P_5 481 481 0.5 0.5 0.5 1 1 1
1 P_5 482 482 0.0622575 0.07584830339321358 0.091432 1 1 1
1 P_5 483 483 0.5 0.5 0.5 1 1 1
1 P_5 484 484 0.06322 0.07666345226615236 0.0920235 1 1 1
1 P_5 485 485 0 0 0 1 1 1
1 P_5 486 486 0.111393 0.12852822580645162 0.147068 1 1 1
1 P_5 487 487 0.5 0.5 0.5 1 1 1
1 P_5 488 488 0 0 0 1 1 1
1 P_5 489 489 0.066625 0.08030592734225621 0.0958475 1 1 1
1 P_5 490 490 0 0 0 1 1 1
1 P_5 491 491 0.062951 0.07643622200584226 0.0918595 1 1 1
1 P_5 492 492 0.5 0.5 0.5 1 1 1
1 P_5 493 493 0 0 0 1 1 1
1 P_5 494 494 0 0 0 1 1 1
1 P_5 495 495 0.0668535 0.08090452261306533 0.096904 1 1 1
1 P_5 496 496 0.5 0.5 0.5 1 1 1
1 P_5 497 497 0 0 0 1 1 1
1 P_5 498 498 0.062889 0.07636186770428016 0.0917715 1 1 1
1 P_5 499 499 0.1206355 0.13801571709233793 0.1566575 1 1 1
1 P_5 500 500 0.5 0.5 0.5 1 1 1
1 P_5 501 501 0.2781785 0.29822834645669294 0.317734 1 1 1
1 P_5 502 502 0.1007905 0.1171259842519685 0.1349615 1 1 1
1 P_5 503 503 0.27747 0.2975369458128079 0.317067 1 1 1
1 P_5 504 504 0.0553605 0.06838905775075987 0.083527 1 1 1
1 P_5 505 505 0 0 0 1 1 1
1 P_5 506 506 0.117325 0.134180790960452 0.1522875 1 1 1
1 P_5 507 507 0.0601265 0.07348560079443893 0.0888545 1 1 1
1 P_5 508 508 0.0703095 0.0846774193548387 0.100956 1 1 1
1 P_5 509 509 0 0 0 1 1 1
1 P_5 510 510 0.113507 0.13018867924528302 0.1481665 1 1 1
1 P_5 511 511 0.5 0.5 0.5 1 1 1
1 P_5 512 512 0.12661 0.14425907752698724 0.1630985 1 1 1
1 P_5 513 513 0.5 0.5 0.5 1 1 1
1 P_5 514 514 0.1115085 0.12844488188976377 0.1467535 1 1 1
1 P_5 515 515 0 0 0 1 1 1
1 P_5 516 516 0 0 0 1 1 1
1 P_5 517 517 0 0 0 1 1 1
1 P_5 518 518 0.277165 0.297558494404883 0.3173975 1 1 1
1 P_5 519 519 0.0630585 0.07696280991735537 0.0929165 1 1 1
1 P_5 520 520 0.1161805 0.1336734693877551 0.1525275 1 1 1
1 P_5 521 521 0.068369 0.08228460793804453 0.098062 1 1 1
1 P_5 522 522 0.0683995 0.08250497017892644 0.09852 1 1 1
1 P_5 523 523 0.0737965 0.0884732052578362 0.1050225 1 1 1
1 P_5 524 524 0.0606865 0.07426246185147507 0.089888 1 1 1
1 P_5 525 525 0 0 0 1 1 1
1 P_5 526 526 0.5 0.5 0.5 1 1 1
1 P_5 527 527 0 0 0 1 1 1
1 P_5 528 528 0 0 0 1 1 1
1 P_5 529 529 0 0 0 1 1 1
1 P_5 530 530 0 0 0 1 1 1
1 P_5 531 531 0.1266715 0.14459049544994945 0.163732 1 1 1
1 P_5 532 532 0 0 0 1 1 1
1 P_5 533 533 0.0612595 0.0747991967871486 0.0903555 1 1 1
1 P_5 534 534 0.052721 0.06572029442691903 0.0809405 1 1 1
1 P_5 535 535 0 0 0 1 1 1
1 P_5 536 536 0.2874085 0.30710172744721687 0.3261665 1 1 1
1 P_5 537 537 0.063856 0.07732949087415947 0.092705 1 1 1
1 P_5 538 538 0.0960725 0.11255186721991702 0.130666 1 1 1
1 P_5 539 539 0.06037 0.07377866400797607 0.089202 1 1 1
1 P_5 540 540 0 0 0 1 1 1
1 P_5 541 541 0 0 0 1 1 1
1 P_5 542 542 0.5 0.5 0.5 1 1 1
1 P_5 543 543 0 0 0 1 1 1
1 P_5 544 544 0 0 0 1 1 1
1 P_5 545 545 0 0 0 1 1 1
1 P_5 546 546 0 0 0 1 1 1
1 P_5 547 547 0 0 0 1 1 1
1 P_5 548 548 0.1229825 0.14064064064064064 0.159554 1 1 1
1 P_5 549 549 0.105169 0.1217008797653959 0.139671 1 1 1
1 P_5 550 550 0 0 0 1 1 1
1 P_5 551 551 0 0 0 1 1 1
1 P_5 552 552 0 0 0 1 1 1
1 P_5 553 553 0.5 0.5 0.5 1 1 1
1 P_5 554 554 0.5 0.5 0.5 1 1 1
1 P_5 555 555 0 0 0 1 1 1
1 P_5 556 556 0.5 0.5 0.5 1 1 1
1 P_5 557 557 0 0 0 1 1 1
1 P_5 558 558 0.109173 0.12598425196850394 0.1441955 1 1 1
1 P_5 559 559 0 0 0 1 1 1
1 P_5 560 560 0 0 0 1 1 1
1 P_5 561 561 0 0 0 1 1 1
1 P_5 562 562 0.271295 0.29175152749490835 0.31172 1 1 1
1 P_5 563 563 0.5 0.5 0.5 1 1 1
1 P_5 564 564 0.5 0.5 0.5 1 1 1
1 P_5 565 565 0.111157 0.12848297213622292 0.147247 1 1 1
1 P_5 566 566 0.5 0.5 0.5 1 1 1
1 P_5 567 567 0.104523 0.12141393442622951 0.1398155 1 1 1
1 P_5 568 568 0.0721715 0.08669354838709678 0.103103 1 1 1
1 P_5 569 569 0 0 0 1 1 1
1 P_5 570 570 0 0 0 1 1 1
1 P_5 571 571 0 0 0 1 1 1
1 P_5 572 572 0 0 0 1 1 1
1 P_5 573 573 0 0 0 1 1 1
1 P_5 574 574 0 0 0 1 1 1
1 P_5 575 575 0 0 0 1 1 1
1 P_5 576 576 0.5 0.5 0.5 1 1 1
1 P_5 577 577 0.284003 0.3044147843942505 0.324186 1 1 1
1 P_5 578 578 0 0 0 1 1 1
1 P_5 579 579 0.277634 0.29780876494023906 0.3174375 1 1 1
1 P_5 580 580 0.263854 0.2844650205761317 0.3046695 1 1 1
1 P_5 581 581 0.5 0.5 0.5 1 1 1
1 P_5 582 582 0.065751 0.07940327237728585 0.0949385 1 1 1
1 P_5 583 583 0 0 0 1 1 1
1 P_5 584 584 0.12149 0.13897131552917902 0.1577125 1 1 1
1 P_5 585 585 0.058998 0.07253886010362694 0.0881875 1 1 1
1 P_5 586 586 0.063429 0.07715430861723446 0.0928655 1 1 1
1 P_5 587 587 0 0 0 1 1 1
1 P_5 588 588 0.5 0.5 0.5 1 1 1
1 P_5 589 589 0.0677155 0.08169291338582677 0.0975695 1 1 1
1 P_5 590 590 0 0 0 1 1 1
1 P_5 591 591 0 0 0 1 1 1
1 P_5 592 592 0 0 0 1 1 1
1 P_5 593 593 0 0 0 1 1 1
1 P_5 594 594 0.270565 0.29087261785356067 0.31071 1 1 1
1 P_5 595 595 0 0 0 1 1 1
1 P_5 596 596 0 0 0 1 1 1
1 P_5 597 597 0.5 0.5 0.5 1 1 1
1 P_5 598 598 0 0 0 1 1 1
1 P_5 599 599 0.06974 0.08390918065153011 0.0999585 1 1 1
1 P_5 600 600 0.052442 0.06526207605344296 0.080259 1 1 1
