5 #m
401 #n
0 P_9 0 0 0 0 0 1 1 1
0 P_9 1 1 0.308947 0.3152 0.321378 1 1 1
0 P_9 2 2 0.178672 0.18485 0.191103 1 1 1
0 P_9 3 3 0 0 0 1 1 1
0 P_9 4 4 0 0 0 1 1 1
0 P_9 5 5 0 0 0 1 1 1
0 P_9 6 6 0.178672 0.18485 0.191103 1 1 1
0 P_9 7 7 0 0 0 1 1 1
0 P_9 8 8 0.5 0.5 0.5 1 1 1
0 P_9 9 9 0.0710865 0.0756 0.080314 1 1 1
0 P_9 10 10 0.0710865 0.0756 0.080314 1 1 1
0 P_9 11 11 0.178672 0.18485 0.191103 1 1 1
0 P_9 12 12 0 0 0 1 1 1
0 P_9 13 13 0 0 0 1 1 1
0 P_9 14 14 0 0 0 1 1 1
0 P_9 15 15 0 0 0 1 1 1
0 P_9 16 16 0 0 0 1 1 1
0 P_9 17 17 0.178672 0.18485 0.191103 1 1 1
0 P_9 18 18 0.178672 0.18485 0.191103 1 1 1
0 P_9 19 19 0 0 0 1 1 1
0 P_9 20 20 0.308947 0.3152 0.321378 1 1 1
0 P_9 21 21 0.308947 0.3152 0.321378 1 1 1
0 P_9 22 22 0.178672 0.18485 0.191103 1 1 1
0 P_9 23 23 0.178672 0.18485 0.191103 1 1 1
0 P_9 24 24 0.308947 0.3152 0.321378 1 1 1
0 P_9 25 25 0.178672 0.18485 0.191103 1 1 1
0 P_9 26 26 0.0710865 0.0756 0.080314 1 1 1
0 P_9 27 27 0 0 0 1 1 1
0 P_9 28 28 0.178672 0.18485 0.191103 1 1 1
0 P_9 29 29 0 0 0 1 1 1
0 P_9 30 30 0 0 0 1 1 1
0 P_9 31 31 0.178672 0.18485 0.191103 1 1 1
0 P_9 32 32 0 0 0 1 1 1
0 P_9 33 33 0.178672 0.18485 0.191103 1 1 1
0 P_9 34 34 0 0 0 1 1 1
0 P_9 35 35 0.308947 0.3152 0.321378 1 1 1
0 P_9 36 36 0.10401 0.10925 0.114652 1 1 1
0 P_9 37 37 0.308947 0.3152 0.321378 1 1 1
0 P_9 38 38 0 0 0 1 1 1
0 P_9 39 39 0 0 0 1 1 1
0 P_9 40 40 0.178672 0.18485 0.191103 1 1 1
0 P_9 41 41 0 0 0 1 1 1
0 P_9 42 42 0.178672 0.18485 0.191103 1 1 1
0 P_9 43 43 0 0 0 1 1 1
0 P_9 44 44 0.0710865 0.0756 0.080314 1 1 1
0 P_9 45 45 0.308947 0.3152 0.321378 1 1 1
0 P_9 46 46 0.5 0.5 0.5 1 1 1
0 P_9 47 47 0.178672 0.18485 0.191103 1 1 1
0 P_9 48 48 0 0 0 1 1 1
0 P_9 49 49 0 0 0 1 1 1
0 P_9 50 50 0.5 0.5 0.5 1 1 1
0 P_9 51 51 0 0 0 1 1 1
0 P_9 52 52 0 0 0 1 1 1
0 P_9 53 53 0 0 0 1 1 1
0 P_9 54 54 0.308947 0.3152 0.321378 1 1 1
0 P_9 55 55 0 0 0 1 1 1
0 P_9 56 56 0.308947 0.3152 0.321378 1 1 1
0 P_9 57 57 0.308947 0.3152 0.321378 1 1 1
0 P_9 58 58 0.178672 0.18485 0.191103 1 1 1
0 P_9 59 59 0.178672 0.18485 0.191103 1 1 1
0 P_9 60 60 0 0 0 1 1 1
0 P_9 61 61 0 0 0 1 1 1
0 P_9 62 62 0.5 0.5 0.5 1 1 1
0 P_9 63 63 0.308947 0.3152 0.321378 1 1 1
0 P_9 64 64 0.5 0.5 0.5 1 1 1
0 P_9 65 65 0.5 0.5 0.5 1 1 1
0 P_9 66 66 0.308947 0.3152 0.321378 1 1 1
0 P_9 67 67 0.0710865 0.0756 0.080314 1 1 1
0 P_9 68 68 0.178672 0.18485 0.191103 1 1 1
0 P_9 69 69 0.178672 0.18485 0.191103 1 1 1
0 P_9 70 70 0.308947 0.3152 0.321378 1 1 1
0 P_9 71 71 0 0 0 1 1 1
0 P_9 72 72 0 0 0 1 1 1
0 P_9 73 73 0 0 0 1 1 1
0 P_9 74 74 0 0 0 1 1 1
0 P_9 75 75 0 0 0 1 1 1
0 P_9 76 76 0 0 0 1 1 1
0 P_9 77 77 0 0 0 1 1 1
0 P_9 78 78 0 0 0 1 1 1
0 P_9 79 79 0.10401 0.10925 0.114652 1 1 1
0 P_9 80 80 0 0 0 1 1 1
0 P_9 81 81 0 0 0 1 1 1
0 P_9 82 82 0 0 0 1 1 1
0 P_9 83 83 0 0 0 1 1 1
0 P_9 84 84 0 0 0 1 1 1
0 P_9 85 85 0 0 0 1 1 1
0 P_9 86 86 0 0 0 1 1 1
0 P_9 87 87 0.178672 0.18485 0.191103 1 1 1
0 P_9 88 88 0 0 0 1 1 1
0 P_9 89 89 0.178672 0.18485 0.191103 1 1 1
0 P_9 90 90 0 0 0 1 1 1
0 P_9 91 91 0.0710865 0.0756 0.080314 1 1 1
0 P_9 92 92 0.178672 0.18485 0.191103 1 1 1
0 P_9 93 93 0 0 0 1 1 1
0 P_9 94 94 0.308947 0.3152 0.321378 1 1 1
0 P_9 95 95 0.0710865 0.0756 0.080314 1 1 1
0 P_9 96 96 0.178672 0.18485 0.191103 1 1 1
0 P_9 97 97 0.178672 0.18485 0.191103 1 1 1
0 P_9 98 98 0 0 0 1 1 1
0 P_9 99 99 0.308947 0.3152 0.321378 1 1 1
0 P_9 100 100 0.178672 0.18485 0.191103 1 1 1
0 P_9 101 101 0.5 0.5 0.5 1 1 1
0 P_9 102 102 0 0 0 1 1 1
0 P_9 103 103 0 0 0 1 1 1
0 P_9 104 104 0 0 0 1 1 1
0 P_9 105 105 0 0 0 1 1 1
0 P_9 106 106 0.178672 0.18485 0.191103 1 1 1
0 P_9 107 107 0 0 0 1 1 1
0 P_9 108 108 0 0 0 1 1 1
0 P_9 109 109 0.5 0.5 0.5 1 1 1
0 P_9 110 110 0.178672 0.18485 0.191103 1 1 1
0 P_9 111 111 0 0 0 1 1 1
0 P_9 112 112 0.5 0.5 0.5 1 1 1
0 P_9 113 113 0.10401 0.10925 0.114652 1 1 1
0 P_9 114 114 0.308947 0.3152 0.321378 1 1 1
0 P_9 115 115 0.178672 0.18485 0.191103 1 1 1
0 P_9 116 116 0.178672 0.18485 0.191103 1 1 1
0 P_9 117 117 0.178672 0.18485 0.191103 1 1 1
0 P_9 118 118 0.5 0.5 0.5 1 1 1
0 P_9 119 119 0 0 0 1 1 1
0 P_9 120 120 0.308947 0.3152 0.321378 1 1 1
0 P_9 121 121 0.308947 0.3152 0.321378 1 1 1
0 P_9 122 122 0 0 0 1 1 1
0 P_9 123 123 0 0 0 1 1 1
0 P_9 124 124 0 0 0 1 1 1
0 P_9 125 125 0 0 0 1 1 1
0 P_9 126 126 0 0 0 1 1 1
0 P_9 127 127 0 0 0 1 1 1
0 P_9 128 128 0 0 0 1 1 1
0 P_9 129 129 0.0710865 0.0756 0.080314 1 1 1
0 P_9 130 130 0 0 0 1 1 1
0 P_9 131 131 0 0 0 1 1 1
0 P_9 132 132 0.178672 0.18485 0.191103 1 1 1
0 P_9 133 133 0.178672 0.18485 0.191103 1 1 1
0 P_9 134 134 0.308947 0.3152 0.321378 1 1 1
0 P_9 135 135 0 0 0 1 1 1
0 P_9 136 136 0.0710865 0.0756 0.080314 1 1 1
0 P_9 137 137 0.308947 0.3152 0.321378 1 1 1
0 P_9 138 138 0 0 0 1 1 1
0 P_9 139 139 0.5 0.5 0.5 1 1 1
0 P_9 140 140 0 0 0 1 1 1
0 P_9 141 141 0 0 0 1 1 1
0 P_9 142 142 0 0 0 1 1 1
0 P_9 143 143 0.178672 0.18485 0.191103 1 1 1
0 P_9 144 144 0 0 0 1 1 1
0 P_9 145 145 0.308947 0.3152 0.321378 1 1 1
0 P_9 146 146 0.308947 0.3152 0.321378 1 1 1
0 P_9 147 147 0 0 0 1 1 1
0 P_9 148 148 0 0 0 1 1 1
0 P_9 149 149 0.178672 0.18485 0.191103 1 1 1
0 P_9 150 150 0.0710865 0.0756 0.080314 1 1 1
0 P_9 151 151 0 0 0 1 1 1
0 P_9 152 152 0 0 0 1 1 1
0 P_9 153 153 0.10401 0.10925 0.114652 1 1 1
0 P_9 154 154 0 0 0 1 1 1
0 P_9 155 155 0 0 0 1 1 1
0 P_9 156 156 0 0 0 1 1 1
0 P_9 157 157 0.0710865 0.0756 0.080314 1 1 1
0 P_9 158 158 0 0 0 1 1 1
0 P_9 159 159 0 0 0 1 1 1
0 P_9 160 160 0.0710865 0.0756 0.080314 1 1 1
0 P_9 161 161 0.10401 0.10925 0.114652 1 1 1
0 P_9 162 162 0 0 0 1 1 1
0 P_9 163 163 0 0 0 1 1 1
0 P_9 164 164 0 0 0 1 1 1
0 P_9 165 165 0 0 0 1 1 1
0 P_9 166 166 0 0 0 1 1 1
0 P_9 167 167 0.178672 0.18485 0.191103 1 1 1
0 P_9 168 168 0.178672 0.18485 0.191103 1 1 1
0 P_9 169 169 0.178672 0.18485 0.191103 1 1 1
0 P_9 170 170 0.308947 0.3152 0.321378 1 1 1
0 P_9 171 171 0.308947 0.3152 0.321378 1 1 1
0 P_9 172 172 0.178672 0.18485 0.191103 1 1 1
0 P_9 173 173 0.178672 0.18485 0.191103 1 1 1
0 P_9 174 174 0 0 0 1 1 1
0 P_9 175 175 0 0 0 1 1 1
0 P_9 176 176 0.5 0.5 0.5 1 1 1
0 P_9 177 177 0.308947 0.3152 0.321378 1 1 1
0 P_9 178 178 0.178672 0.18485 0.191103 1 1 1
0 P_9 179 179 0.0710865 0.0756 0.080314 1 1 1
0 P_9 180 180 0.0710865 0.0756 0.080314 1 1 1
0 P_9 181 181 0.178672 0.18485 0.191103 1 1 1
0 P_9 182 182 0.178672 0.18485 0.191103 1 1 1
0 P_9 183 183 0.308947 0.3152 0.321378 1 1 1
0 P_9 184 184 0 0 0 1 1 1
0 P_9 185 185 0.178672 0.18485 0.191103 1 1 1
0 P_9 186 186 0 0 0 1 1 1
0 P_9 187 187 0.0710865 0.0756 0.080314 1 1 1
0 P_9 188 188 0 0 0 1 1 1
0 P_9 189 189 0 0 0 1 1 1
0 P_9 190 190 0 0 0 1 1 1
0 P_9 191 191 0.308947 0.3152 0.321378 1 1 1
0 P_9 192 192 0 0 0 1 1 1
0 P_9 193 193 0.178672 0.18485 0.191103 1 1 1
0 P_9 194 194 0.178672 0.18485 0.191103 1 1 1
0 P_9 195 195 0.178672 0.18485 0.191103 1 1 1
0 P_9 196 196 0 0 0 1 1 1
0 P_9 197 197 0.10401 0.10925 0.114652 1 1 1
0 P_9 198 198 0 0 0 1 1 1
0 P_9 199 199 0.178672 0.18485 0.191103 1 1 1
0 P_9 200 200 0.308947 0.3152 0.321378 1 1 1
0 P_9 201 201 0.5 0.5 0.5 1 1 1
0 P_9 202 202 0 0 0 1 1 1
0 P_9 203 203 0 0 0 1 1 1
0 P_9 204 204 0 0 0 1 1 1
0 P_9 205 205 0 0 0 1 1 1
0 P_9 206 206 0.0710865 0.0756 0.080314 1 1 1
0 P_9 207 207 0 0 0 1 1 1
0 P_9 208 208 0 0 0 1 1 1
0 P_9 209 209 0 0 0 1 1 1
0 P_9 210 210 0.308947 0.3152 0.321378 1 1 1
0 P_9 211 211 0.308947 0.3152 0.321378 1 1 1
0 P_9 212 212 0 0 0 1 1 1
0 P_9 213 213 0.178672 0.18485 0.191103 1 1 1
0 P_9 214 214 0 0 0 1 1 1
0 P_9 215 215 0.178672 0.18485 0.191103 1 1 1
0 P_9 216 216 0 0 0 1 1 1
0 P_9 217 217 0 0 0 1 1 1
0 P_9 218 218 0 0 0 1 1 1
0 P_9 219 219 0 0 0 1 1 1
0 P_9 220 220 0.5 0.5 0.5 1 1 1
0 P_9 221 221 0 0 0 1 1 1
0 P_9 222 222 0.178672 0.18485 0.191103 1 1 1
0 P_9 223 223 0.5 0.5 0.5 1 1 1
0 P_9 224 224 0.0710865 0.0756 0.080314 1 1 1
0 P_9 225 225 0 0 0 1 1 1
0 P_9 226 226 0.178672 0.18485 0.191103 1 1 1
0 P_9 227 227 0.178672 0.18485 0.191103 1 1 1
0 P_9 228 228 0.308947 0.3152 0.321378 1 1 1
0 P_9 229 229 0.178672 0.18485 0.191103 1 1 1
0 P_9 230 230 0 0 0 1 1 1
0 P_9 231 231 0 0 0 1 1 1
0 P_9 232 232 0.10401 0.10925 0.114652 1 1 1
0 P_9 233 233 0 0 0 1 1 1
0 P_9 234 234 0.5 0.5 0.5 1 1 1
0 P_9 235 235 0 0 0 1 1 1
0 P_9 236 236 0.5 0.5 0.5 1 1 1
0 P_9 237 237 0 0 0 1 1 1
0 P_9 238 238 0.5 0.5 0.5 1 1 1
0 P_9 239 239 0 0 0 1 1 1
0 P_9 240 240 0.178672 0.18485 0.191103 1 1 1
0 P_9 241 241 0.0710865 0.0756 0.080314 1 1 1
0 P_9 242 242 0 0 0 1 1 1
0 P_9 243 243 0 0 0 1 1 1
0 P_9 244 244 0 0 0 1 1 1
0 P_9 245 245 0 0 0 1 1 1
0 P_9 246 246 0.178672 0.18485 0.191103 1 1 1
0 P_9 247 247 0 0 0 1 1 1
0 P_9 248 248 0 0 0 1 1 1
0 P_9 249 249 0 0 0 1 1 1
0 P_9 250 250 0.308947 0.3152 0.321378 1 1 1
0 P_9 251 251 0 0 0 1 1 1
0 P_9 252 252 0.5 0.5 0.5 1 1 1
0 P_9 253 253 0.308947 0.3152 0.321378 1 1 1
0 P_9 254 254 0.178672 0.18485 0.191103 1 1 1
0 P_9 255 255 0.178672 0.18485 0.191103 1 1 1
0 P_9 256 256 0.178672 0.18485 0.191103 1 1 1
0 P_9 257 257 0.178672 0.18485 0.191103 1 1 1
0 P_9 258 258 0.0710865 0.0756 0.080314 1 1 1
0 P_9 259 259 0 0 0 1 1 1
0 P_9 260 260 0 0 0 1 1 1
0 P_9 261 261 0 0 0 1 1 1
0 P_9 262 262 0 0 0 1 1 1
0 P_9 263 263 0 0 0 1 1 1
0 P_9 264 264 0 0 0 1 1 1
0 P_9 265 265 0.178672 0.18485 0.191103 1 1 1
0 P_9 266 266 0 0 0 1 1 1
0 P_9 267 267 0.308947 0.3152 0.321378 1 1 1
0 P_9 268 268 0.178672 0.18485 0.191103 1 1 1
0 P_9 269 269 0 0 0 1 1 1
0 P_9 270 270 0.308947 0.3152 0.321378 1 1 1
0 P_9 271 271 0 0 0 1 1 1
0 P_9 272 272 0 0 0 1 1 1
0 P_9 273 273 0.0710865 0.0756 0.080314 1 1 1
0 P_9 274 274 0 0 0 1 1 1
0 P_9 275 275 0.308947 0.3152 0.321378 1 1 1
0 P_9 276 276 0.308947 0.3152 0.321378 1 1 1
0 P_9 277 277 0 0 0 1 1 1
0 P_9 278 278 0 0 0 1 1 1
0 P_9 279 279 0 0 0 1 1 1
0 P_9 280 280 0.5 0.5 0.5 1 1 1
0 P_9 281 281 0.178672 0.18485 0.191103 1 1 1
0 P_9 282 282 0.178672 0.18485 0.191103 1 1 1
0 P_9 283 283 0.308947 0.3152 0.321378 1 1 1
0 P_9 284 284 0 0 0 1 1 1
0 P_9 285 285 0.178672 0.18485 0.191103 1 1 1
0 P_9 286 286 0 0 0 1 1 1
0 P_9 287 287 0.308947 0.3152 0.321378 1 1 1
0 P_9 288 288 0 0 0 1 1 1
0 P_9 289 289 0.5 0.5 0.5 1 1 1
0 P_9 290 290 0 0 0 1 1 1
0 P_9 291 291 0.178672 0.18485 0.191103 1 1 1
0 P_9 292 292 0 0 0 1 1 1
0 P_9 293 293 0 0 0 1 1 1
0 P_9 294 294 0 0 0 1 1 1
0 P_9 295 295 0 0 0 1 1 1
0 P_9 296 296 0 0 0 1 1 1
0 P_9 297 297 0.5 0.5 0.5 1 1 1
0 P_9 298 298 0 0 0 1 1 1
0 P_9 299 299 0 0 0 1 1 1
0 P_9 300 300 0.178672 0.18485 0.191103 1 1 1
0 P_9 301 301 0 0 0 1 1 1
0 P_9 302 302 0.5 0.5 0.5 1 1 1
0 P_9 303 303 0 0 0 1 1 1
0 P_9 304 304 0.308947 0.3152 0.321378 1 1 1
0 P_9 305 305 0.178672 0.18485 0.191103 1 1 1
0 P_9 306 306 0.308947 0.3152 0.321378 1 1 1
0 P_9 307 307 0.5 0.5 0.5 1 1 1
0 P_9 308 308 0 0 0 1 1 1
0 P_9 309 309 0.178672 0.18485 0.191103 1 1 1
0 P_9 310 310 0 0 0 1 1 1
0 P_9 311 311 0 0 0 1 1 1
0 P_9 312 312 0.0710865 0.0756 0.080314 1 1 1
0 P_9 313 313 0 0 0 1 1 1
0 P_9 314 314 0.178672 0.18485 0.191103 1 1 1
0 P_9 315 315 0.0710865 0.0756 0.080314 1 1 1
0 P_9 316 316 0 0 0 1 1 1
0 P_9 317 317 0.0710865 0.0756 0.080314 1 1 1
0 P_9 318 318 0 0 0 1 1 1
0 P_9 319 319 0.308947 0.3152 0.321378 1 1 1
0 P_9 320 320 0 0 0 1 1 1
0 P_9 321 321 0 0 0 1 1 1
0 P_9 322 322 0.308947 0.3152 0.321378 1 1 1
0 P_9 323 323 0 0 0 1 1 1
0 P_9 324 324 0.308947 0.3152 0.321378 1 1 1
0 P_9 325 325 0 0 0 1 1 1
0 P_9 326 326 0 0 0 1 1 1
0 P_9 327 327 0.10401 0.10925 0.114652 1 1 1
0 P_9 328 328 0.0710865 0.0756 0.080314 1 1 1
0 P_9 329 329 0 0 0 1 1 1
0 P_9 330 330 0 0 0 1 1 1
0 P_9 331 331 0 0 0 1 1 1
0 P_9 332 332 0 0 0 1 1 1
0 P_9 333 333 0 0 0 1 1 1
0 P_9 334 334 0 0 0 1 1 1
0 P_9 335 335 0 0 0 1 1 1
0 P_9 336 336 0.178672 0.18485 0.191103 1 1 1
0 P_9 337 337 0 0 0 1 1 1
0 P_9 338 338 0 0 0 1 1 1
0 P_9 339 339 0.0710865 0.0756 0.080314 1 1 1
0 P_9 340 340 0 0 0 1 1 1
0 P_9 341 341 0.178672 0.18485 0.191103 1 1 1
0 P_9 342 342 0.5 0.5 0.5 1 1 1
0 P_9 343 343 0.178672 0.18485 0.191103 1 1 1
0 P_9 344 344 0.178672 0.18485 0.191103 1 1 1
0 P_9 345 345 0.178672 0.18485 0.191103 1 1 1
0 P_9 346 346 0.0710865 0.0756 0.080314 1 1 1
0 P_9 347 347 0 0 0 1 1 1
0 P_9 348 348 0 0 0 1 1 1
0 P_9 349 349 0 0 0 1 1 1
0 P_9 350 350 0 0 0 1 1 1
0 P_9 351 351 0.178672 0.18485 0.191103 1 1 1
0 P_9 352 352 0.178672 0.18485 0.191103 1 1 1
0 P_9 353 353 0 0 0 1 1 1
0 P_9 354 354 0 0 0 1 1 1
0 P_9 355 355 0 0 0 1 1 1
0 P_9 356 356 0.178672 0.18485 0.191103 1 1 1
0 P_9 357 357 0 0 0 1 1 1
0 P_9 358 358 0 0 0 1 1 1
0 P_9 359 359 0 0 0 1 1 1
0 P_9 360 360 0 0 0 1 1 1
0 P_9 361 361 0 0 0 1 1 1
0 P_9 362 362 0.0710865 0.0756 0.080314 1 1 1
0 P_9 363 363 0 0 0 1 1 1
0 P_9 364 364 0.178672 0.18485 0.191103 1 1 1
0 P_9 365 365 0.308947 0.3152 0.321378 1 1 1
0 P_9 366 366 0 0 0 1 1 1
0 P_9 367 367 0 0 0 1 1 1
0 P_9 368 368 0.5 0.5 0.5 1 1 1
0 P_9 369 369 0.5 0.5 0.5 1 1 1
0 P_9 370 370 0 0 0 1 1 1
0 P_9 371 371 0 0 0 1 1 1
0 P_9 372 372 0 0 0 1 1 1
0 P_9 373 373 0 0 0 1 1 1
0 P_9 374 374 0.5 0.5 0.5 1 1 1
0 P_9 375 375 0 0 0 1 1 1
0 P_9 376 376 0.308947 0.3152 0.321378 1 1 1
0 P_9 377 377 0 0 0 1 1 1
0 P_9 378 378 0.308947 0.3152 0.321378 1 1 1
0 P_9 379 379 0.308947 0.3152 0.321378 1 1 1
0 P_9 380 380 0.178672 0.18485 0.191103 1 1 1
0 P_9 381 381 0.178672 0.18485 0.191103 1 1 1
0 P_9 382 382 0 0 0 1 1 1
0 P_9 383 383 0 0 0 1 1 1
0 P_9 384 384 0.178672 0.18485 0.191103 1 1 1
0 P_9 385 385 0.308947 0.3152 0.321378 1 1 1
0 P_9 386 386 0.5 0.5 0.5 1 1 1
0 P_9 387 387 0.5 0.5 0.5 1 1 1
0 P_9 388 388 0.308947 0.3152 0.321378 1 1 1
0 P_9 389 389 0.10401 0.10925 0.114652 1 1 1
0 P_9 390 390 0 0 0 1 1 1
0 P_9 391 391 0 0 0 1 1 1
0 P_9 392 392 0 0 0 1 1 1
0 P_9 393 393 0.0710865 0.0756 0.080314 1 1 1
0 P_9 394 394 0.0710865 0.0756 0.080314 1 1 1
0 P_9 395 395 0.10401 0.10925 0.114652 1 1 1
0 P_9 396 396 0 0 0 1 1 1
0 P_9 397 397 0 0 0 1 1 1
0 P_9 398 398 0.0710865 0.0756 0.080314 1 1 1
0 P_9 399 399 0.5 0.5 0.5 1 1 1
0 P_9 400 400 0 0 0 1 1 1
1 P_7 0 0 0 0 0 1 1 1
1 P_7 1 1 0 0 0 1 1 1
1 P_7 2 2 0.2969795 0.3033 0.3095595 1 1 1
1 P_7 3 3 0 0 0 1 1 1
1 P_7 4 4 0.133295 0.139 0.144833 1 1 1
1 P_7 5 5 0 0 0 1 1 1
1 P_7 6 6 0.5 0.5 0.5 1 1 1
1 P_7 7 7 0.127279 0.1329 0.138656 1 1 1
1 P_7 8 8 0.5 0.5 0.5 1 1 1
1 P_7 9 9 0 0 0 1 1 1
1 P_7 10 10 0 0 0 1 1 1
1 P_7 11 11 0.2969795 0.3033 0.3095595 1 1 1
1 P_7 12 12 0 0 0 1 1 1
1 P_7 13 13 0.0596585 0.06385 0.0682555 1 1 1
1 P_7 14 14 0 0 0 1 1 1
1 P_7 15 15 0 0 0 1 1 1
1 P_7 16 16 0 0 0 1 1 1
1 P_7 17 17 0.2969795 0.3033 0.3095595 1 1 1
1 P_7 18 18 0.2969795 0.3033 0.3095595 1 1 1
1 P_7 19 19 0.127279 0.1329 0.138656 1 1 1
1 P_7 20 20 0 0 0 1 1 1
1 P_7 21 21 0 0 0 1 1 1
1 P_7 22 22 0.2969795 0.3033 0.3095595 1 1 1
1 P_7 23 23 0.2969795 0.3033 0.3095595 1 1 1
1 P_7 24 24 0 0 0 1 1 1
1 P_7 25 25 0.2969795 0.3033 0.3095595 1 1 1
1 P_7 26 26 0 0 0 1 1 1
1 P_7 27 27 0 0 0 1 1 1
1 P_7 28 28 0.2969795 0.3033 0.3095595 1 1 1
1 P_7 29 29 0.0596585 0.06385 0.0682555 1 1 1
1 P_7 30 30 0 0 0 1 1 1
1 P_7 31 31 0.2969795 0.3033 0.3095595 1 1 1
1 P_7 32 32 0 0 0 1 1 1
1 P_7 33 33 0.2969795 0.3033 0.3095595 1 1 1
1 P_7 34 34 0 0 0 1 1 1
1 P_7 35 35 0 0 0 1 1 1
1 P_7 36 36 0.1583505 0.16435 0.170448 1 1 1
1 P_7 37 37 0 0 0 1 1 1
1 P_7 38 38 0 0 0 1 1 1
1 P_7 39 39 0 0 0 1 1 1
1 P_7 40 40 0.2969795 0.3033 0.3095595 1 1 1
1 P_7 41 41 0.127279 0.1329 0.138656 1 1 1
1 P_7 42 42 0.2969795 0.3033 0.3095595 1 1 1
1 P_7 43 43 0.127279 0.1329 0.138656 1 1 1
1 P_7 44 44 0 0 0 1 1 1
1 P_7 45 45 0 0 0 1 1 1
1 P_7 46 46 0.5 0.5 0.5 1 1 1
1 P_7 47 47 0.2969795 0.3033 0.3095595 1 1 1
1 P_7 48 48 0.133295 0.139 0.144833 1 1 1
1 P_7 49 49 0 0 0 1 1 1
1 P_7 50 50 0.5 0.5 0.5 1 1 1
1 P_7 51 51 0 0 0 1 1 1
1 P_7 52 52 0.127279 0.1329 0.138656 1 1 1
1 P_7 53 53 0.1904905 0.19675 0.203071 1 1 1
1 P_7 54 54 0 0 0 1 1 1
1 P_7 55 55 0.127279 0.1329 0.138656 1 1 1
1 P_7 56 56 0 0 0 1 1 1
1 P_7 57 57 0 0 0 1 1 1
1 P_7 58 58 0.5 0.5 0.5 1 1 1
1 P_7 59 59 0.2969795 0.3033 0.3095595 1 1 1
1 P_7 60 60 0 0 0 1 1 1
1 P_7 61 61 0 0 0 1 1 1
1 P_7 62 62 0.5 0.5 0.5 1 1 1
1 P_7 63 63 0 0 0 1 1 1
1 P_7 64 64 0.5 0.5 0.5 1 1 1
1 P_7 65 65 0.5 0.5 0.5 1 1 1
1 P_7 66 66 0 0 0 1 1 1
1 P_7 67 67 0 0 0 1 1 1
1 P_7 68 68 0.2969795 0.3033 0.3095595 1 1 1
1 P_7 69 69 0.5 0.5 0.5 1 1 1
1 P_7 70 70 0 0 0 1 1 1
1 P_7 71 71 0 0 0 1 1 1
1 P_7 72 72 0 0 0 1 1 1
1 P_7 73 73 0 0 0 1 1 1
1 P_7 74 74 0.133295 0.139 0.144833 1 1 1
1 P_7 75 75 0 0 0 1 1 1
1 P_7 76 76 0 0 0 1 1 1
1 P_7 77 77 0.133295 0.139 0.144833 1 1 1
1 P_7 78 78 0 0 0 1 1 1
1 P_7 79 79 0.1583505 0.16435 0.170448 1 1 1
1 P_7 80 80 0 0 0 1 1 1
1 P_7 81 81 0 0 0 1 1 1
1 P_7 82 82 0.127279 0.1329 0.138656 1 1 1
1 P_7 83 83 0 0 0 1 1 1
1 P_7 84 84 0 0 0 1 1 1
1 P_7 85 85 0 0 0 1 1 1
1 P_7 86 86 0 0 0 1 1 1
1 P_7 87 87 0.2969795 0.3033 0.3095595 1 1 1
1 P_7 88 88 0 0 0 1 1 1
1 P_7 89 89 0.2969795 0.3033 0.3095595 1 1 1
1 P_7 90 90 0.127279 0.1329 0.138656 1 1 1
1 P_7 91 91 0 0 0 1 1 1
1 P_7 92 92 0.2969795 0.3033 0.3095595 1 1 1
1 P_7 93 93 0.0596585 0.06385 0.0682555 1 1 1
1 P_7 94 94 0 0 0 1 1 1
1 P_7 95 95 0 0 0 1 1 1
1 P_7 96 96 0.1583505 0.16435 0.170448 1 1 1
1 P_7 97 97 0.2969795 0.3033 0.3095595 1 1 1
1 P_7 98 98 0.133295 0.139 0.144833 1 1 1
1 P_7 99 99 0 0 0 1 1 1
1 P_7 100 100 0.2969795 0.3033 0.3095595 1 1 1
1 P_7 101 101 0.5 0.5 0.5 1 1 1
1 P_7 102 102 0 0 0 1 1 1
1 P_7 103 103 0 0 0 1 1 1
1 P_7 104 104 0.0596585 0.06385 0.0682555 1 1 1
1 P_7 105 105 0.133295 0.139 0.144833 1 1 1
1 P_7 106 106 0.2969795 0.3033 0.3095595 1 1 1
1 P_7 107 107 0 0 0 1 1 1
1 P_7 108 108 0 0 0 1 1 1
1 P_7 109 109 0.5 0.5 0.5 1 1 1
1 P_7 110 110 0.1583505 0.16435 0.170448 1 1 1
1 P_7 111 111 0.1904905 0.19675 0.203071 1 1 1
1 P_7 112 112 0.5 0.5 0.5 1 1 1
1 P_7 113 113 0.1583505 0.16435 0.170448 1 1 1
1 P_7 114 114 0 0 0 1 1 1
1 P_7 115 115 0.5 0.5 0.5 1 1 1
1 P_7 116 116 0.5 0.5 0.5 1 1 1
1 P_7 117 117 0.2969795 0.3033 0.3095595 1 1 1
1 P_7 118 118 0.5 0.5 0.5 1 1 1
1 P_7 119 119 0.133295 0.139 0.144833 1 1 1
1 P_7 120 120 0 0 0 1 1 1
1 P_7 121 121 0 0 0 1 1 1
1 P_7 122 122 0 0 0 1 1 1
1 P_7 123 123 0.133295 0.139 0.144833 1 1 1
1 P_7 124 124 0 0 0 1 1 1
1 P_7 125 125 0.0596585 0.06385 0.0682555 1 1 1
1 P_7 126 126 0.127279 0.1329 0.138656 1 1 1
1 P_7 127 127 0.1904905 0.19675 0.203071 1 1 1
1 P_7 128 128 0.1904905 0.19675 0.203071 1 1 1
1 P_7 129 129 0 0 0 1 1 1
1 P_7 130 130 0 0 0 1 1 1
1 P_7 131 131 0.0596585 0.06385 0.0682555 1 1 1
1 P_7 132 132 0.2969795 0.3033 0.3095595 1 1 1
1 P_7 133 133 0.2969795 0.3033 0.3095595 1 1 1
1 P_7 134 134 0 0 0 1 1 1
1 P_7 135 135 0.127279 0.1329 0.138656 1 1 1
1 P_7 136 136 0 0 0 1 1 1
1 P_7 137 137 0 0 0 1 1 1
1 P_7 138 138 0.133295 0.139 0.144833 1 1 1
1 P_7 139 139 0.5 0.5 0.5 1 1 1
1 P_7 140 140 0.0596585 0.06385 0.0682555 1 1 1
1 P_7 141 141 0 0 0 1 1 1
1 P_7 142 142 0.0596585 0.06385 0.0682555 1 1 1
1 P_7 143 143 0.1583505 0.16435 0.170448 1 1 1
1 P_7 144 144 0.127279 0.1329 0.138656 1 1 1
1 P_7 145 145 0 0 0 1 1 1
1 P_7 146 146 0 0 0 1 1 1
1 P_7 147 147 0 0 0 1 1 1
1 P_7 148 148 0.0596585 0.06385 0.0682555 1 1 1
1 P_7 149 149 0.2969795 0.3033 0.3095595 1 1 1
1 P_7 150 150 0 0 0 1 1 1
1 P_7 151 151 0.127279 0.1329 0.138656 1 1 1
1 P_7 152 152 0 0 0 1 1 1
1 P_7 153 153 0.1583505 0.16435 0.170448 1 1 1
1 P_7 154 154 0 0 0 1 1 1
1 P_7 155 155 0.133295 0.139 0.144833 1 1 1
1 P_7 156 156 0 0 0 1 1 1
1 P_7 157 157 0 0 0 1 1 1
1 P_7 158 158 0.133295 0.139 0.144833 1 1 1
1 P_7 159 159 0 0 0 1 1 1
1 P_7 160 160 0 0 0 1 1 1
1 P_7 161 161 0.1583505 0.16435 0.170448 1 1 1
1 P_7 162 162 0 0 0 1 1 1
1 P_7 163 163 0 0 0 1 1 1
1 P_7 164 164 0 0 0 1 1 1
1 P_7 165 165 0 0 0 1 1 1
1 P_7 166 166 0 0 0 1 1 1
1 P_7 167 167 0.5 0.5 0.5 1 1 1
1 P_7 168 168 0.2969795 0.3033 0.3095595 1 1 1
1 P_7 169 169 0.2969795 0.3033 0.3095595 1 1 1
1 P_7 170 170 0 0 0 1 1 1
1 P_7 171 171 0 0 0 1 1 1
1 P_7 172 172 0.2969795 0.3033 0.3095595 1 1 1
1 P_7 173 173 0.2969795 0.3033 0.3095595 1 1 1
1 P_7 174 174 0.127279 0.1329 0.138656 1 1 1
1 P_7 175 175 0 0 0 1 1 1
1 P_7 176 176 0.5 0.5 0.5 1 1 1
1 P_7 177 177 0 0 0 1 1 1
1 P_7 178 178 0.5 0.5 0.5 1 1 1
1 P_7 179 179 0 0 0 1 1 1
1 P_7 180 180 0 0 0 1 1 1
1 P_7 181 181 0.2969795 0.3033 0.3095595 1 1 1
1 P_7 182 182 0.2969795 0.3033 0.3095595 1 1 1
1 P_7 183 183 0 0 0 1 1 1
1 P_7 184 184 0.133295 0.139 0.144833 1 1 1
1 P_7 185 185 0.2969795 0.3033 0.3095595 1 1 1
1 P_7 186 186 0 0 0 1 1 1
1 P_7 187 187 0 0 0 1 1 1
1 P_7 188 188 0.127279 0.1329 0.138656 1 1 1
1 P_7 189 189 0 0 0 1 1 1
1 P_7 190 190 0 0 0 1 1 1
1 P_7 191 191 0 0 0 1 1 1
1 P_7 192 192 0 0 0 1 1 1
1 P_7 193 193 0.2969795 0.3033 0.3095595 1 1 1
1 P_7 194 194 0.2969795 0.3033 0.3095595 1 1 1
1 P_7 195 195 0.2969795 0.3033 0.3095595 1 1 1
1 P_7 196 196 0 0 0 1 1 1
1 P_7 197 197 0.1583505 0.16435 0.170448 1 1 1
1 P_7 198 198 0.0596585 0.06385 0.0682555 1 1 1
1 P_7 199 199 0.2969795 0.3033 0.3095595 1 1 1
1 P_7 200 200 0 0 0 1 1 1
1 P_7 201 201 0.5 0.5 0.5 1 1 1
1 P_7 202 202 0.0596585 0.06385 0.0682555 1 1 1
1 P_7 203 203 0.127279 0.1329 0.138656 1 1 1
1 P_7 204 204 0 0 0 1 1 1
1 P_7 205 205 0 0 0 1 1 1
1 P_7 206 206 0 0 0 1 1 1
1 P_7 207 207 0.127279 0.1329 0.138656 1 1 1
1 P_7 208 208 0 0 0 1 1 1
1 P_7 209 209 0 0 0 1 1 1
1 P_7 210 210 0 0 0 1 1 1
1 P_7 211 211 0 0 0 1 1 1
1 P_7 212 212 0.0596585 0.06385 0.0682555 1 1 1
1 P_7 213 213 0.2969795 0.3033 0.3095595 1 1 1
1 P_7 214 214 0 0 0 1 1 1
1 P_7 215 215 0.2969795 0.3033 0.3095595 1 1 1
1 P_7 216 216 0.0596585 0.06385 0.0682555 1 1 1
1 P_7 217 217 0 0 0 1 1 1
1 P_7 218 218 0.127279 0.1329 0.138656 1 1 1
1 P_7 219 219 0.127279 0.1329 0.138656 1 1 1
1 P_7 220 220 0.5 0.5 0.5 1 1 1
1 P_7 221 221 0 0 0 1 1 1
1 P_7 222 222 0.2969795 0.3033 0.3095595 1 1 1
1 P_7 223 223 0.5 0.5 0.5 1 1 1
1 P_7 224 224 0 0 0 1 1 1
1 P_7 225 225 0 0 0 1 1 1
1 P_7 226 226 0.2969795 0.3033 0.3095595 1 1 1
1 P_7 227 227 0.1583505 0.16435 0.170448 1 1 1
1 P_7 228 228 0 0 0 1 1 1
1 P_7 229 229 0.2969795 0.3033 0.3095595 1 1 1
1 P_7 230 230 0 0 0 1 1 1
1 P_7 231 231 0 0 0 1 1 1
1 P_7 232 232 0.1583505 0.16435 0.170448 1 1 1
1 P_7 233 233 0 0 0 1 1 1
1 P_7 234 234 0.5 0.5 0.5 1 1 1
1 P_7 235 235 0 0 0 1 1 1
1 P_7 236 236 0.5 0.5 0.5 1 1 1
1 P_7 237 237 0.133295 0.139 0.144833 1 1 1
1 P_7 238 238 0.5 0.5 0.5 1 1 1
1 P_7 239 239 0 0 0 1 1 1
1 P_7 240 240 0.2969795 0.3033 0.3095595 1 1 1
1 P_7 241 241 0 0 0 1 1 1
1 P_7 242 242 0 0 0 1 1 1
1 P_7 243 243 0.127279 0.1329 0.138656 1 1 1
1 P_7 244 244 0.127279 0.1329 0.138656 1 1 1
1 P_7 245 245 0.0596585 0.06385 0.0682555 1 1 1
1 P_7 246 246 0.5 0.5 0.5 1 1 1
1 P_7 247 247 0.127279 0.1329 0.138656 1 1 1
1 P_7 248 248 0 0 0 1 1 1
1 P_7 249 249 0.1904905 0.19675 0.203071 1 1 1
1 P_7 250 250 0 0 0 1 1 1
1 P_7 251 251 0.127279 0.1329 0.138656 1 1 1
1 P_7 252 252 0.5 0.5 0.5 1 1 1
1 P_7 253 253 0 0 0 1 1 1
1 P_7 254 254 0.5 0.5 0.5 1 1 1
1 P_7 255 255 0.2969795 0.3033 0.3095595 1 1 1
1 P_7 256 256 0.2969795 0.3033 0.3095595 1 1 1
1 P_7 257 257 0.2969795 0.3033 0.3095595 1 1 1
1 P_7 258 258 0 0 0 1 1 1
1 P_7 259 259 0.127279 0.1329 0.138656 1 1 1
1 P_7 260 260 0.133295 0.139 0.144833 1 1 1
1 P_7 261 261 0.127279 0.1329 0.138656 1 1 1
1 P_7 262 262 0.127279 0.1329 0.138656 1 1 1
1 P_7 263 263 0 0 0 1 1 1
1 P_7 264 264 0 0 0 1 1 1
1 P_7 265 265 0.1583505 0.16435 0.170448 1 1 1
1 P_7 266 266 0.1904905 0.19675 0.203071 1 1 1
1 P_7 267 267 0 0 0 1 1 1
1 P_7 268 268 0.2969795 0.3033 0.3095595 1 1 1
1 P_7 269 269 0.127279 0.1329 0.138656 1 1 1
1 P_7 270 270 0 0 0 1 1 1
1 P_7 271 271 0 0 0 1 1 1
1 P_7 272 272 0.0596585 0.06385 0.0682555 1 1 1
1 P_7 273 273 0 0 0 1 1 1
1 P_7 274 274 0.0596585 0.06385 0.0682555 1 1 1
1 P_7 275 275 0 0 0 1 1 1
1 P_7 276 276 0 0 0 1 1 1
1 P_7 277 277 0 0 0 1 1 1
1 P_7 278 278 0.0596585 0.06385 0.0682555 1 1 1
1 P_7 279 279 0.133295 0.139 0.144833 1 1 1
1 P_7 280 280 0.5 0.5 0.5 1 1 1
1 P_7 281 281 0.2969795 0.3033 0.3095595 1 1 1
1 P_7 282 282 0.2969795 0.3033 0.3095595 1 1 1
1 P_7 283 283 0 0 0 1 1 1
1 P_7 284 284 0 0 0 1 1 1
1 P_7 285 285 0.2969795 0.3033 0.3095595 1 1 1
1 P_7 286 286 0.1904905 0.19675 0.203071 1 1 1
1 P_7 287 287 0 0 0 1 1 1
1 P_7 288 288 0 0 0 1 1 1
1 P_7 289 289 0.5 0.5 0.5 1 1 1
1 P_7 290 290 0.127279 0.1329 0.138656 1 1 1
1 P_7 291 291 0.1583505 0.16435 0.170448 1 1 1
1 P_7 292 292 0.127279 0.1329 0.138656 1 1 1
1 P_7 293 293 0 0 0 1 1 1
1 P_7 294 294 0.0596585 0.06385 0.0682555 1 1 1
1 P_7 295 295 0.133295 0.139 0.144833 1 1 1
1 P_7 296 296 0 0 0 1 1 1
1 P_7 297 297 0.5 0.5 0.5 1 1 1
1 P_7 298 298 0 0 0 1 1 1
1 P_7 299 299 0.0596585 0.06385 0.0682555 1 1 1
1 P_7 300 300 0.2969795 0.3033 0.3095595 1 1 1
1 P_7 301 301 0 0 0 1 1 1
1 P_7 302 302 0.5 0.5 0.5 1 1 1
1 P_7 303 303 0 0 0 1 1 1
1 P_7 304 304 0 0 0 1 1 1
1 P_7 305 305 0.2969795 0.3033 0.3095595 1 1 1
1 P_7 306 306 0 0 0 1 1 1
1 P_7 307 307 0.5 0.5 0.5 1 1 1
1 P_7 308 308 0 0 0 1 1 1
1 P_7 309 309 0.2969795 0.3033 0.3095595 1 1 1
1 P_7 310 310 0 0 0 1 1 1
1 P_7 311 311 0 0 0 1 1 1
1 P_7 312 312 0 0 0 1 1 1
1 P_7 313 313 0.0596585 0.06385 0.0682555 1 1 1
1 P_7 314 314 0.2969795 0.3033 0.3095595 1 1 1
1 P_7 315 315 0 0 0 1 1 1
1 P_7 316 316 0 0 0 1 1 1
1 P_7 317 317 0 0 0 1 1 1
1 P_7 318 318 0 0 0 1 1 1
1 P_7 319 319 0 0 0 1 1 1
1 P_7 320 320 0.1904905 0.19675 0.203071 1 1 1
1 P_7 321 321 0 0 0 1 1 1
1 P_7 322 322 0 0 0 1 1 1
1 P_7 323 323 0 0 0 1 1 1
1 P_7 324 324 0 0 0 1 1 1
1 P_7 325 325 0 0 0 1 1 1
1 P_7 326 326 0 0 0 1 1 1
1 P_7 327 327 0.1583505 0.16435 0.170448 1 1 1
1 P_7 328 328 0 0 0 1 1 1
1 P_7 329 329 0 0 0 1 1 1
1 P_7 330 330 0 0 0 1 1 1
1 P_7 331 331 0 0 0 1 1 1
1 P_7 332 332 0 0 0 1 1 1
1 P_7 333 333 0 0 0 1 1 1
1 P_7 334 334 0 0 0 1 1 1
1 P_7 335 335 0 0 0 1 1 1
1 P_7 336 336 0.1583505 0.16435 0.170448 1 1 1
1 P_7 337 337 0.127279 0.1329 0.138656 1 1 1
1 P_7 338 338 0.127279 0.1329 0.138656 1 1 1
1 P_7 339 339 0 0 0 1 1 1
1 P_7 340 340 0 0 0 1 1 1
1 P_7 341 341 0.2969795 0.3033 0.3095595 1 1 1
1 P_7 342 342 0.5 0.5 0.5 1 1 1
1 P_7 343 343 0.1583505 0.16435 0.170448 1 1 1
1 P_7 344 344 0.1583505 0.16435 0.170448 1 1 1
1 P_7 345 345 0.2969795 0.3033 0.3095595 1 1 1
1 P_7 346 346 0 0 0 1 1 1
1 P_7 347 347 0.127279 0.1329 0.138656 1 1 1
1 P_7 348 348 0.127279 0.1329 0.138656 1 1 1
1 P_7 349 349 0.127279 0.1329 0.138656 1 1 1
1 P_7 350 350 0.1904905 0.19675 0.203071 1 1 1
1 P_7 351 351 0.2969795 0.3033 0.3095595 1 1 1
1 P_7 352 352 0.1583505 0.16435 0.170448 1 1 1
1 P_7 353 353 0 0 0 1 1 1
1 P_7 354 354 0 0 0 1 1 1
1 P_7 355 355 0.127279 0.1329 0.138656 1 1 1
1 P_7 356 356 0.2969795 0.3033 0.3095595 1 1 1
1 P_7 357 357 0 0 0 1 1 1
1 P_7 358 358 0.127279 0.1329 0.138656 1 1 1
1 P_7 359 359 0 0 0 1 1 1
1 P_7 360 360 0 0 0 1 1 1
1 P_7 361 361 0 0 0 1 1 1
1 P_7 362 362 0 0 0 1 1 1
1 P_7 363 363 0.1904905 0.19675 0.203071 1 1 1
1 P_7 364 364 0.5 0.5 0.5 1 1 1
1 P_7 365 365 0 0 0 1 1 1
1 P_7 366 366 0 0 0 1 1 1
1 P_7 367 367 0.127279 0.1329 0.138656 1 1 1
1 P_7 368 368 0.5 0.5 0.5 1 1 1
1 P_7 369 369 0.5 0.5 0.5 1 1 1
1 P_7 370 370 0.133295 0.139 0.144833 1 1 1
1 P_7 371 371 0 0 0 1 1 1
1 P_7 372 372 0 0 0 1 1 1
1 P_7 373 373 0.127279 0.1329 0.138656 1 1 1
1 P_7 374 374 0.5 0.5 0.5 1 1 1
1 P_7 375 375 0 0 0 1 1 1
1 P_7 376 376 0 0 0 1 1 1
1 P_7 377 377 0 0 0 1 1 1
1 P_7 378 378 0 0 0 1 1 1
1 P_7 379 379 0 0 0 1 1 1
1 P_7 380 380 0.2969795 0.3033 0.3095595 1 1 1
1 P_7 381 381 0.2969795 0.3033 0.3095595 1 1 1
1 P_7 382 382 0 0 0 1 1 1
1 P_7 383 383 0.127279 0.1329 0.138656 1 1 1
1 P_7 384 384 0.2969795 0.3033 0.3095595 1 1 1
1 P_7 385 385 0 0 0 1 1 1
1 P_7 386 386 0.5 0.5 0.5 1 1 1
1 P_7 387 387 0.5 0.5 0.5 1 1 1
1 P_7 388 388 0 0 0 1 1 1
1 P_7 389 389 0.1583505 0.16435 0.170448 1 1 1
1 P_7 390 390 0.127279 0.1329 0.138656 1 1 1
1 P_7 391 391 0.133295 0.139 0.144833 1 1 1
1 P_7 392 392 0.133295 0.139 0.144833 1 1 1
1 P_7 393 393 0 0 0 1 1 1
1 P_7 394 394 0 0 0 1 1 1
1 P_7 395 395 0.1583505 0.16435 0.170448 1 1 1
1 P_7 396 396 0.127279 0.1329 0.138656 1 1 1
1 P_7 397 397 0 0 0 1 1 1
1 P_7 398 398 0 0 0 1 1 1
1 P_7 399 399 0.5 0.5 0.5 1 1 1
1 P_7 400 400 0.133295 0.139 0.144833 1 1 1
2 P_5 0 0 0.13981 0.1456 0.15151 1 1 1
2 P_5 1 1 0 0 0 1 1 1
2 P_5 2 2 0 0 0 1 1 1
2 P_5 3 3 0 0 0 1 1 1
2 P_5 4 4 0 0 0 1 1 1
2 P_5 5 5 0 0 0 1 1 1
2 P_5 6 6 0.2808625 0.28725 0.2935945 1 1 1
2 P_5 7 7 0.13591 0.14165 0.1475145 1 1 1
2 P_5 8 8 0.5 0.5 0.5 1 1 1
2 P_5 9 9 0 0 0 1 1 1
2 P_5 10 10 0 0 0 1 1 1
2 P_5 11 11 0 0 0 1 1 1
2 P_5 12 12 0.13981 0.1456 0.15151 1 1 1
2 P_5 13 13 0 0 0 1 1 1
2 P_5 14 14 0.206455 0.2128 0.219188 1 1 1
2 P_5 15 15 0.13981 0.1456 0.15151 1 1 1
2 P_5 16 16 0 0 0 1 1 1
2 P_5 17 17 0 0 0 1 1 1
2 P_5 18 18 0 0 0 1 1 1
2 P_5 19 19 0.13591 0.14165 0.1475145 1 1 1
2 P_5 20 20 0 0 0 1 1 1
2 P_5 21 21 0 0 0 1 1 1
2 P_5 22 22 0 0 0 1 1 1
2 P_5 23 23 0 0 0 1 1 1
2 P_5 24 24 0.206455 0.2128 0.219188 1 1 1
2 P_5 25 25 0 0 0 1 1 1
2 P_5 26 26 0 0 0 1 1 1
2 P_5 27 27 0.206455 0.2128 0.219188 1 1 1
2 P_5 28 28 0 0 0 1 1 1
2 P_5 29 29 0 0 0 1 1 1
2 P_5 30 30 0.13981 0.1456 0.15151 1 1 1
2 P_5 31 31 0 0 0 1 1 1
2 P_5 32 32 0.13981 0.1456 0.15151 1 1 1
2 P_5 33 33 0 0 0 1 1 1
2 P_5 34 34 0.13981 0.1456 0.15151 1 1 1
2 P_5 35 35 0 0 0 1 1 1
2 P_5 36 36 0 0 0 1 1 1
2 P_5 37 37 0 0 0 1 1 1
2 P_5 38 38 0.206455 0.2128 0.219188 1 1 1
2 P_5 39 39 0.206455 0.2128 0.219188 1 1 1
2 P_5 40 40 0 0 0 1 1 1
2 P_5 41 41 0.13591 0.14165 0.1475145 1 1 1
2 P_5 42 42 0 0 0 1 1 1
2 P_5 43 43 0.13591 0.14165 0.1475145 1 1 1
2 P_5 44 44 0 0 0 1 1 1
2 P_5 45 45 0.206455 0.2128 0.219188 1 1 1
2 P_5 46 46 0.5 0.5 0.5 1 1 1
2 P_5 47 47 0 0 0 1 1 1
2 P_5 48 48 0 0 0 1 1 1
2 P_5 49 49 0.206455 0.2128 0.219188 1 1 1
2 P_5 50 50 0.5 0.5 0.5 1 1 1
2 P_5 51 51 0.206455 0.2128 0.219188 1 1 1
2 P_5 52 52 0.13591 0.14165 0.1475145 1 1 1
2 P_5 53 53 0.2808625 0.28725 0.2935945 1 1 1
2 P_5 54 54 0 0 0 1 1 1
2 P_5 55 55 0.13591 0.14165 0.1475145 1 1 1
2 P_5 56 56 0.206455 0.2128 0.219188 1 1 1
2 P_5 57 57 0 0 0 1 1 1
2 P_5 58 58 0.2808625 0.28725 0.2935945 1 1 1
2 P_5 59 59 0 0 0 1 1 1
2 P_5 60 60 0.13981 0.1456 0.15151 1 1 1
2 P_5 61 61 0 0 0 1 1 1
2 P_5 62 62 0.5 0.5 0.5 1 1 1
2 P_5 63 63 0 0 0 1 1 1
2 P_5 64 64 0.5 0.5 0.5 1 1 1
2 P_5 65 65 0.5 0.5 0.5 1 1 1
2 P_5 66 66 0 0 0 1 1 1
2 P_5 67 67 0 0 0 1 1 1
2 P_5 68 68 0 0 0 1 1 1
2 P_5 69 69 0.2808625 0.28725 0.2935945 1 1 1
2 P_5 70 70 0 0 0 1 1 1
2 P_5 71 71 0 0 0 1 1 1
2 P_5 72 72 0.13981 0.1456 0.15151 1 1 1
2 P_5 73 73 0.13981 0.1456 0.15151 1 1 1
2 P_5 74 74 0 0 0 1 1 1
2 P_5 75 75 0.206455 0.2128 0.219188 1 1 1
2 P_5 76 76 0 0 0 1 1 1
2 P_5 77 77 0 0 0 1 1 1
2 P_5 78 78 0 0 0 1 1 1
2 P_5 79 79 0 0 0 1 1 1
2 P_5 80 80 0 0 0 1 1 1
2 P_5 81 81 0 0 0 1 1 1
2 P_5 82 82 0.13591 0.14165 0.1475145 1 1 1
2 P_5 83 83 0.206455 0.2128 0.219188 1 1 1
2 P_5 84 84 0 0 0 1 1 1
2 P_5 85 85 0 0 0 1 1 1
2 P_5 86 86 0 0 0 1 1 1
2 P_5 87 87 0 0 0 1 1 1
2 P_5 88 88 0.206455 0.2128 0.219188 1 1 1
2 P_5 89 89 0 0 0 1 1 1
2 P_5 90 90 0.13591 0.14165 0.1475145 1 1 1
2 P_5 91 91 0 0 0 1 1 1
2 P_5 92 92 0 0 0 1 1 1
2 P_5 93 93 0 0 0 1 1 1
2 P_5 94 94 0 0 0 1 1 1
2 P_5 95 95 0 0 0 1 1 1
2 P_5 96 96 0 0 0 1 1 1
2 P_5 97 97 0 0 0 1 1 1
2 P_5 98 98 0 0 0 1 1 1
2 P_5 99 99 0.206455 0.2128 0.219188 1 1 1
2 P_5 100 100 0 0 0 1 1 1
2 P_5 101 101 0.5 0.5 0.5 1 1 1
2 P_5 102 102 0.206455 0.2128 0.219188 1 1 1
2 P_5 103 103 0.206455 0.2128 0.219188 1 1 1
2 P_5 104 104 0 0 0 1 1 1
2 P_5 105 105 0 0 0 1 1 1
2 P_5 106 106 0 0 0 1 1 1
2 P_5 107 107 0.13981 0.1456 0.15151 1 1 1
2 P_5 108 108 0.206455 0.2128 0.219188 1 1 1
2 P_5 109 109 0.5 0.5 0.5 1 1 1
2 P_5 110 110 0 0 0 1 1 1
2 P_5 111 111 0.2808625 0.28725 0.2935945 1 1 1
2 P_5 112 112 0.5 0.5 0.5 1 1 1
2 P_5 113 113 0 0 0 1 1 1
2 P_5 114 114 0 0 0 1 1 1
2 P_5 115 115 0.2808625 0.28725 0.2935945 1 1 1
2 P_5 116 116 0.2808625 0.28725 0.2935945 1 1 1
2 P_5 117 117 0 0 0 1 1 1
2 P_5 118 118 0.5 0.5 0.5 1 1 1
2 P_5 119 119 0 0 0 1 1 1
2 P_5 120 120 0.206455 0.2128 0.219188 1 1 1
2 P_5 121 121 0 0 0 1 1 1
2 P_5 122 122 0 0 0 1 1 1
2 P_5 123 123 0 0 0 1 1 1
2 P_5 124 124 0.206455 0.2128 0.219188 1 1 1
2 P_5 125 125 0 0 0 1 1 1
2 P_5 126 126 0.13591 0.14165 0.1475145 1 1 1
2 P_5 127 127 0.2808625 0.28725 0.2935945 1 1 1
2 P_5 128 128 0.2808625 0.28725 0.2935945 1 1 1
2 P_5 129 129 0 0 0 1 1 1
2 P_5 130 130 0.13981 0.1456 0.15151 1 1 1
2 P_5 131 131 0 0 0 1 1 1
2 P_5 132 132 0 0 0 1 1 1
2 P_5 133 133 0 0 0 1 1 1
2 P_5 134 134 0 0 0 1 1 1
2 P_5 135 135 0.13591 0.14165 0.1475145 1 1 1
2 P_5 136 136 0 0 0 1 1 1
2 P_5 137 137 0.206455 0.2128 0.219188 1 1 1
2 P_5 138 138 0 0 0 1 1 1
2 P_5 139 139 0.5 0.5 0.5 1 1 1
2 P_5 140 140 0 0 0 1 1 1
2 P_5 141 141 0.13981 0.1456 0.15151 1 1 1
2 P_5 142 142 0 0 0 1 1 1
2 P_5 143 143 0 0 0 1 1 1
2 P_5 144 144 0.13591 0.14165 0.1475145 1 1 1
2 P_5 145 145 0 0 0 1 1 1
2 P_5 146 146 0.206455 0.2128 0.219188 1 1 1
2 P_5 147 147 0.206455 0.2128 0.219188 1 1 1
2 P_5 148 148 0 0 0 1 1 1
2 P_5 149 149 0 0 0 1 1 1
2 P_5 150 150 0 0 0 1 1 1
2 P_5 151 151 0.13591 0.14165 0.1475145 1 1 1
2 P_5 152 152 0 0 0 1 1 1
2 P_5 153 153 0 0 0 1 1 1
2 P_5 154 154 0 0 0 1 1 1
2 P_5 155 155 0 0 0 1 1 1
2 P_5 156 156 0.206455 0.2128 0.219188 1 1 1
2 P_5 157 157 0 0 0 1 1 1
2 P_5 158 158 0 0 0 1 1 1
2 P_5 159 159 0.13981 0.1456 0.15151 1 1 1
2 P_5 160 160 0 0 0 1 1 1
2 P_5 161 161 0 0 0 1 1 1
2 P_5 162 162 0 0 0 1 1 1
2 P_5 163 163 0.206455 0.2128 0.219188 1 1 1
2 P_5 164 164 0.13981 0.1456 0.15151 1 1 1
2 P_5 165 165 0.206455 0.2128 0.219188 1 1 1
2 P_5 166 166 0.13981 0.1456 0.15151 1 1 1
2 P_5 167 167 0.2808625 0.28725 0.2935945 1 1 1
2 P_5 168 168 0 0 0 1 1 1
2 P_5 169 169 0 0 0 1 1 1
2 P_5 170 170 0.206455 0.2128 0.219188 1 1 1
2 P_5 171 171 0 0 0 1 1 1
2 P_5 172 172 0 0 0 1 1 1
2 P_5 173 173 0 0 0 1 1 1
2 P_5 174 174 0.13591 0.14165 0.1475145 1 1 1
2 P_5 175 175 0.13981 0.1456 0.15151 1 1 1
2 P_5 176 176 0.5 0.5 0.5 1 1 1
2 P_5 177 177 0 0 0 1 1 1
2 P_5 178 178 0.2808625 0.28725 0.2935945 1 1 1
2 P_5 179 179 0 0 0 1 1 1
2 P_5 180 180 0 0 0 1 1 1
2 P_5 181 181 0 0 0 1 1 1
2 P_5 182 182 0 0 0 1 1 1
2 P_5 183 183 0 0 0 1 1 1
2 P_5 184 184 0 0 0 1 1 1
2 P_5 185 185 0 0 0 1 1 1
2 P_5 186 186 0.13981 0.1456 0.15151 1 1 1
2 P_5 187 187 0 0 0 1 1 1
2 P_5 188 188 0.13591 0.14165 0.1475145 1 1 1
2 P_5 189 189 0.206455 0.2128 0.219188 1 1 1
2 P_5 190 190 0.206455 0.2128 0.219188 1 1 1
2 P_5 191 191 0 0 0 1 1 1
2 P_5 192 192 0 0 0 1 1 1
2 P_5 193 193 0 0 0 1 1 1
2 P_5 194 194 0 0 0 1 1 1
2 P_5 195 195 0 0 0 1 1 1
2 P_5 196 196 0.13981 0.1456 0.15151 1 1 1
2 P_5 197 197 0 0 0 1 1 1
2 P_5 198 198 0 0 0 1 1 1
2 P_5 199 199 0 0 0 1 1 1
2 P_5 200 200 0.206455 0.2128 0.219188 1 1 1
2 P_5 201 201 0.5 0.5 0.5 1 1 1
2 P_5 202 202 0 0 0 1 1 1
2 P_5 203 203 0.13591 0.14165 0.1475145 1 1 1
2 P_5 204 204 0.206455 0.2128 0.219188 1 1 1
2 P_5 205 205 0.206455 0.2128 0.219188 1 1 1
2 P_5 206 206 0 0 0 1 1 1
2 P_5 207 207 0.13591 0.14165 0.1475145 1 1 1
2 P_5 208 208 0 0 0 1 1 1
2 P_5 209 209 0.13981 0.1456 0.15151 1 1 1
2 P_5 210 210 0 0 0 1 1 1
2 P_5 211 211 0.206455 0.2128 0.219188 1 1 1
2 P_5 212 212 0 0 0 1 1 1
2 P_5 213 213 0 0 0 1 1 1
2 P_5 214 214 0 0 0 1 1 1
2 P_5 215 215 0 0 0 1 1 1
2 P_5 216 216 0 0 0 1 1 1
2 P_5 217 217 0 0 0 1 1 1
2 P_5 218 218 0.13591 0.14165 0.1475145 1 1 1
2 P_5 219 219 0.13591 0.14165 0.1475145 1 1 1
2 P_5 220 220 0.5 0.5 0.5 1 1 1
2 P_5 221 221 0 0 0 1 1 1
2 P_5 222 222 0 0 0 1 1 1
2 P_5 223 223 0.5 0.5 0.5 1 1 1
2 P_5 224 224 0 0 0 1 1 1
2 P_5 225 225 0 0 0 1 1 1
2 P_5 226 226 0 0 0 1 1 1
2 P_5 227 227 0 0 0 1 1 1
2 P_5 228 228 0.206455 0.2128 0.219188 1 1 1
2 P_5 229 229 0 0 0 1 1 1
2 P_5 230 230 0.13981 0.1456 0.15151 1 1 1
2 P_5 231 231 0.206455 0.2128 0.219188 1 1 1
2 P_5 232 232 0 0 0 1 1 1
2 P_5 233 233 0.206455 0.2128 0.219188 1 1 1
2 P_5 234 234 0.5 0.5 0.5 1 1 1
2 P_5 235 235 0 0 0 1 1 1
2 P_5 236 236 0.5 0.5 0.5 1 1 1
2 P_5 237 237 0 0 0 1 1 1
2 P_5 238 238 0.5 0.5 0.5 1 1 1
2 P_5 239 239 0.13981 0.1456 0.15151 1 1 1
2 P_5 240 240 0 0 0 1 1 1
2 P_5 241 241 0 0 0 1 1 1
2 P_5 242 242 0.206455 0.2128 0.219188 1 1 1
2 P_5 243 243 0.13591 0.14165 0.1475145 1 1 1
2 P_5 244 244 0.13591 0.14165 0.1475145 1 1 1
2 P_5 245 245 0 0 0 1 1 1
2 P_5 246 246 0.2808625 0.28725 0.2935945 1 1 1
2 P_5 247 247 0.13591 0.14165 0.1475145 1 1 1
2 P_5 248 248 0 0 0 1 1 1
2 P_5 249 249 0.2808625 0.28725 0.2935945 1 1 1
2 P_5 250 250 0 0 0 1 1 1
2 P_5 251 251 0.13591 0.14165 0.1475145 1 1 1
2 P_5 252 252 0.5 0.5 0.5 1 1 1
2 P_5 253 253 0.206455 0.2128 0.219188 1 1 1
2 P_5 254 254 0.2808625 0.28725 0.2935945 1 1 1
2 P_5 255 255 0 0 0 1 1 1
2 P_5 256 256 0 0 0 1 1 1
2 P_5 257 257 0 0 0 1 1 1
2 P_5 258 258 0 0 0 1 1 1
2 P_5 259 259 0.13591 0.14165 0.1475145 1 1 1
2 P_5 260 260 0 0 0 1 1 1
2 P_5 261 261 0.13591 0.14165 0.1475145 1 1 1
2 P_5 262 262 0.13591 0.14165 0.1475145 1 1 1
2 P_5 263 263 0.206455 0.2128 0.219188 1 1 1
2 P_5 264 264 0.206455 0.2128 0.219188 1 1 1
2 P_5 265 265 0 0 0 1 1 1
2 P_5 266 266 0.2808625 0.28725 0.2935945 1 1 1
2 P_5 267 267 0 0 0 1 1 1
2 P_5 268 268 0 0 0 1 1 1
2 P_5 269 269 0.13591 0.14165 0.1475145 1 1 1
2 P_5 270 270 0.206455 0.2128 0.219188 1 1 1
2 P_5 271 271 0.13981 0.1456 0.15151 1 1 1
2 P_5 272 272 0 0 0 1 1 1
2 P_5 273 273 0 0 0 1 1 1
2 P_5 274 274 0 0 0 1 1 1
2 P_5 275 275 0.206455 0.2128 0.219188 1 1 1
2 P_5 276 276 0 0 0 1 1 1
2 P_5 277 277 0 0 0 1 1 1
2 P_5 278 278 0 0 0 1 1 1
2 P_5 279 279 0 0 0 1 1 1
2 P_5 280 280 0.5 0.5 0.5 1 1 1
2 P_5 281 281 0 0 0 1 1 1
2 P_5 282 282 0 0 0 1 1 1
2 P_5 283 283 0.206455 0.2128 0.219188 1 1 1
2 P_5 284 284 0 0 0 1 1 1
2 P_5 285 285 0 0 0 1 1 1
2 P_5 286 286 0.2808625 0.28725 0.2935945 1 1 1
2 P_5 287 287 0 0 0 1 1 1
2 P_5 288 288 0 0 0 1 1 1
2 P_5 289 289 0.5 0.5 0.5 1 1 1
2 P_5 290 290 0.13591 0.14165 0.1475145 1 1 1
2 P_5 291 291 0 0 0 1 1 1
2 P_5 292 292 0.13591 0.14165 0.1475145 1 1 1
2 P_5 293 293 0.13981 0.1456 0.15151 1 1 1
2 P_5 294 294 0 0 0 1 1 1
2 P_5 295 295 0 0 0 1 1 1
2 P_5 296 296 0.206455 0.2128 0.219188 1 1 1
2 P_5 297 297 0.5 0.5 0.5 1 1 1
2 P_5 298 298 0 0 0 1 1 1
2 P_5 299 299 0 0 0 1 1 1
2 P_5 300 300 0 0 0 1 1 1
2 P_5 301 301 0.206455 0.2128 0.219188 1 1 1
2 P_5 302 302 0.5 0.5 0.5 1 1 1
2 P_5 303 303 0.13981 0.1456 0.15151 1 1 1
2 P_5 304 304 0 0 0 1 1 1
2 P_5 305 305 0 0 0 1 1 1
2 P_5 306 306 0.206455 0.2128 0.219188 1 1 1
2 P_5 307 307 0.5 0.5 0.5 1 1 1
2 P_5 308 308 0 0 0 1 1 1
2 P_5 309 309 0 0 0 1 1 1
2 P_5 310 310 0.206455 0.2128 0.219188 1 1 1
2 P_5 311 311 0.206455 0.2128 0.219188 1 1 1
2 P_5 312 312 0 0 0 1 1 1
2 P_5 313 313 0 0 0 1 1 1
2 P_5 314 314 0 0 0 1 1 1
2 P_5 315 315 0 0 0 1 1 1
2 P_5 316 316 0.206455 0.2128 0.219188 1 1 1
2 P_5 317 317 0 0 0 1 1 1
2 P_5 318 318 0 0 0 1 1 1
2 P_5 319 319 0 0 0 1 1 1
2 P_5 320 320 0.2808625 0.28725 0.2935945 1 1 1
2 P_5 321 321 0 0 0 1 1 1
2 P_5 322 322 0.206455 0.2128 0.219188 1 1 1
2 P_5 323 323 0 0 0 1 1 1
2 P_5 324 324 0.206455 0.2128 0.219188 1 1 1
2 P_5 325 325 0.13981 0.1456 0.15151 1 1 1
2 P_5 326 326 0.206455 0.2128 0.219188 1 1 1
2 P_5 327 327 0 0 0 1 1 1
2 P_5 328 328 0 0 0 1 1 1
2 P_5 329 329 0.13981 0.1456 0.15151 1 1 1
2 P_5 330 330 0 0 0 1 1 1
2 P_5 331 331 0 0 0 1 1 1
2 P_5 332 332 0.13981 0.1456 0.15151 1 1 1
2 P_5 333 333 0.13981 0.1456 0.15151 1 1 1
2 P_5 334 334 0.206455 0.2128 0.219188 1 1 1
2 P_5 335 335 0 0 0 1 1 1
2 P_5 336 336 0 0 0 1 1 1
2 P_5 337 337 0.13591 0.14165 0.1475145 1 1 1
2 P_5 338 338 0.13591 0.14165 0.1475145 1 1 1
2 P_5 339 339 0 0 0 1 1 1
2 P_5 340 340 0.13981 0.1456 0.15151 1 1 1
2 P_5 341 341 0 0 0 1 1 1
2 P_5 342 342 0.5 0.5 0.5 1 1 1
2 P_5 343 343 0 0 0 1 1 1
2 P_5 344 344 0 0 0 1 1 1
2 P_5 345 345 0 0 0 1 1 1
2 P_5 346 346 0 0 0 1 1 1
2 P_5 347 347 0.13591 0.14165 0.1475145 1 1 1
2 P_5 348 348 0.13591 0.14165 0.1475145 1 1 1
2 P_5 349 349 0.13591 0.14165 0.1475145 1 1 1
2 P_5 350 350 0.2808625 0.28725 0.2935945 1 1 1
2 P_5 351 351 0 0 0 1 1 1
2 P_5 352 352 0 0 0 1 1 1
2 P_5 353 353 0.13981 0.1456 0.15151 1 1 1
2 P_5 354 354 0 0 0 1 1 1
2 P_5 355 355 0.13591 0.14165 0.1475145 1 1 1
2 P_5 356 356 0 0 0 1 1 1
2 P_5 357 357 0.206455 0.2128 0.219188 1 1 1
2 P_5 358 358 0.13591 0.14165 0.1475145 1 1 1
2 P_5 359 359 0.206455 0.2128 0.219188 1 1 1
2 P_5 360 360 0.206455 0.2128 0.219188 1 1 1
2 P_5 361 361 0 0 0 1 1 1
2 P_5 362 362 0 0 0 1 1 1
2 P_5 363 363 0.2808625 0.28725 0.2935945 1 1 1
2 P_5 364 364 0.2808625 0.28725 0.2935945 1 1 1
2 P_5 365 365 0.206455 0.2128 0.219188 1 1 1
2 P_5 366 366 0 0 0 1 1 1
2 P_5 367 367 0.13591 0.14165 0.1475145 1 1 1
2 P_5 368 368 0.5 0.5 0.5 1 1 1
2 P_5 369 369 0.5 0.5 0.5 1 1 1
2 P_5 370 370 0 0 0 1 1 1
2 P_5 371 371 0.206455 0.2128 0.219188 1 1 1
2 P_5 372 372 0.206455 0.2128 0.219188 1 1 1
2 P_5 373 373 0.13591 0.14165 0.1475145 1 1 1
2 P_5 374 374 0.5 0.5 0.5 1 1 1
2 P_5 375 375 0 0 0 1 1 1
2 P_5 376 376 0 0 0 1 1 1
2 P_5 377 377 0 0 0 1 1 1
2 P_5 378 378 0 0 0 1 1 1
2 P_5 379 379 0 0 0 1 1 1
2 P_5 380 380 0 0 0 1 1 1
2 P_5 381 381 0 0 0 1 1 1
2 P_5 382 382 0.206455 0.2128 0.219188 1 1 1
2 P_5 383 383 0.13591 0.14165 0.1475145 1 1 1
2 P_5 384 384 0 0 0 1 1 1
2 P_5 385 385 0 0 0 1 1 1
2 P_5 386 386 0.5 0.5 0.5 1 1 1
2 P_5 387 387 0.5 0.5 0.5 1 1 1
2 P_5 388 388 0.206455 0.2128 0.219188 1 1 1
2 P_5 389 389 0 0 0 1 1 1
2 P_5 390 390 0.13591 0.14165 0.1475145 1 1 1
2 P_5 391 391 0 0 0 1 1 1
2 P_5 392 392 0 0 0 1 1 1
2 P_5 393 393 0 0 0 1 1 1
2 P_5 394 394 0 0 0 1 1 1
2 P_5 395 395 0 0 0 1 1 1
2 P_5 396 396 0.13591 0.14165 0.1475145 1 1 1
2 P_5 397 397 0.206455 0.2128 0.219188 1 1 1
2 P_5 398 398 0 0 0 1 1 1
2 P_5 399 399 0.5 0.5 0.5 1 1 1
2 P_5 400 400 0 0 0 1 1 1
3 P_2 0 0 0.0964055 0.1015 0.106765 1 1 1
3 P_2 1 1 0 0 0 1 1 1
3 P_2 2 2 0.2796085 0.286 0.29235 1 1 1
3 P_2 3 3 0 0 0 1 1 1
3 P_2 4 4 0.067727 0.07215 0.076778 1 1 1
3 P_2 5 5 0 0 0 1 1 1
3 P_2 6 6 0.5 0.5 0.5 1 1 1
3 P_2 7 7 0.1073 0.1126 0.118058 1 1 1
3 P_2 8 8 0.5 0.5 0.5 1 1 1
3 P_2 9 9 0.20755 0.2139 0.2202915 1 1 1
3 P_2 10 10 0.20755 0.2139 0.2202915 1 1 1
3 P_2 11 11 0.2796085 0.286 0.29235 1 1 1
3 P_2 12 12 0.0964055 0.1015 0.106765 1 1 1
3 P_2 13 13 0 0 0 1 1 1
3 P_2 14 14 0 0 0 1 1 1
3 P_2 15 15 0.0964055 0.1015 0.106765 1 1 1
3 P_2 16 16 0 0 0 1 1 1
3 P_2 17 17 0.2796085 0.286 0.29235 1 1 1
3 P_2 18 18 0.2796085 0.286 0.29235 1 1 1
3 P_2 19 19 0.1073 0.1126 0.118058 1 1 1
3 P_2 20 20 0 0 0 1 1 1
3 P_2 21 21 0 0 0 1 1 1
3 P_2 22 22 0.2796085 0.286 0.29235 1 1 1
3 P_2 23 23 0.2796085 0.286 0.29235 1 1 1
3 P_2 24 24 0 0 0 1 1 1
3 P_2 25 25 0.2796085 0.286 0.29235 1 1 1
3 P_2 26 26 0.20755 0.2139 0.2202915 1 1 1
3 P_2 27 27 0 0 0 1 1 1
3 P_2 28 28 0.2796085 0.286 0.29235 1 1 1
3 P_2 29 29 0 0 0 1 1 1
3 P_2 30 30 0.0964055 0.1015 0.106765 1 1 1
3 P_2 31 31 0.2796085 0.286 0.29235 1 1 1
3 P_2 32 32 0.0964055 0.1015 0.106765 1 1 1
3 P_2 33 33 0.2796085 0.286 0.29235 1 1 1
3 P_2 34 34 0.0964055 0.1015 0.106765 1 1 1
3 P_2 35 35 0 0 0 1 1 1
3 P_2 36 36 0 0 0 1 1 1
3 P_2 37 37 0 0 0 1 1 1
3 P_2 38 38 0 0 0 1 1 1
3 P_2 39 39 0 0 0 1 1 1
3 P_2 40 40 0.2796085 0.286 0.29235 1 1 1
3 P_2 41 41 0.1073 0.1126 0.118058 1 1 1
3 P_2 42 42 0.2796085 0.286 0.29235 1 1 1
3 P_2 43 43 0.1073 0.1126 0.118058 1 1 1
3 P_2 44 44 0.20755 0.2139 0.2202915 1 1 1
3 P_2 45 45 0 0 0 1 1 1
3 P_2 46 46 0.5 0.5 0.5 1 1 1
3 P_2 47 47 0.2796085 0.286 0.29235 1 1 1
3 P_2 48 48 0.067727 0.07215 0.076778 1 1 1
3 P_2 49 49 0 0 0 1 1 1
3 P_2 50 50 0.5 0.5 0.5 1 1 1
3 P_2 51 51 0 0 0 1 1 1
3 P_2 52 52 0.1073 0.1126 0.118058 1 1 1
3 P_2 53 53 0.2076995 0.21405 0.220442 1 1 1
3 P_2 54 54 0 0 0 1 1 1
3 P_2 55 55 0.1073 0.1126 0.118058 1 1 1
3 P_2 56 56 0 0 0 1 1 1
3 P_2 57 57 0 0 0 1 1 1
3 P_2 58 58 0.5 0.5 0.5 1 1 1
3 P_2 59 59 0.2796085 0.286 0.29235 1 1 1
3 P_2 60 60 0.0964055 0.1015 0.106765 1 1 1
3 P_2 61 61 0 0 0 1 1 1
3 P_2 62 62 0.5 0.5 0.5 1 1 1
3 P_2 63 63 0 0 0 1 1 1
3 P_2 64 64 0.5 0.5 0.5 1 1 1
3 P_2 65 65 0.5 0.5 0.5 1 1 1
3 P_2 66 66 0 0 0 1 1 1
3 P_2 67 67 0.20755 0.2139 0.2202915 1 1 1
3 P_2 68 68 0.2796085 0.286 0.29235 1 1 1
3 P_2 69 69 0.5 0.5 0.5 1 1 1
3 P_2 70 70 0 0 0 1 1 1
3 P_2 71 71 0 0 0 1 1 1
3 P_2 72 72 0.0964055 0.1015 0.106765 1 1 1
3 P_2 73 73 0.0964055 0.1015 0.106765 1 1 1
3 P_2 74 74 0.067727 0.07215 0.076778 1 1 1
3 P_2 75 75 0 0 0 1 1 1
3 P_2 76 76 0 0 0 1 1 1
3 P_2 77 77 0.067727 0.07215 0.076778 1 1 1
3 P_2 78 78 0 0 0 1 1 1
3 P_2 79 79 0 0 0 1 1 1
3 P_2 80 80 0 0 0 1 1 1
3 P_2 81 81 0 0 0 1 1 1
3 P_2 82 82 0.1073 0.1126 0.118058 1 1 1
3 P_2 83 83 0 0 0 1 1 1
3 P_2 84 84 0 0 0 1 1 1
3 P_2 85 85 0 0 0 1 1 1
3 P_2 86 86 0 0 0 1 1 1
3 P_2 87 87 0.2796085 0.286 0.29235 1 1 1
3 P_2 88 88 0 0 0 1 1 1
3 P_2 89 89 0.2796085 0.286 0.29235 1 1 1
3 P_2 90 90 0.1073 0.1126 0.118058 1 1 1
3 P_2 91 91 0.20755 0.2139 0.2202915 1 1 1
3 P_2 92 92 0.2796085 0.286 0.29235 1 1 1
3 P_2 93 93 0 0 0 1 1 1
3 P_2 94 94 0 0 0 1 1 1
3 P_2 95 95 0.20755 0.2139 0.2202915 1 1 1
3 P_2 96 96 0.20755 0.2139 0.2202915 1 1 1
3 P_2 97 97 0.2796085 0.286 0.29235 1 1 1
3 P_2 98 98 0.067727 0.07215 0.076778 1 1 1
3 P_2 99 99 0 0 0 1 1 1
3 P_2 100 100 0.2796085 0.286 0.29235 1 1 1
3 P_2 101 101 0.5 0.5 0.5 1 1 1
3 P_2 102 102 0 0 0 1 1 1
3 P_2 103 103 0 0 0 1 1 1
3 P_2 104 104 0 0 0 1 1 1
3 P_2 105 105 0.067727 0.07215 0.076778 1 1 1
3 P_2 106 106 0.2796085 0.286 0.29235 1 1 1
3 P_2 107 107 0.0964055 0.1015 0.106765 1 1 1
3 P_2 108 108 0 0 0 1 1 1
3 P_2 109 109 0.5 0.5 0.5 1 1 1
3 P_2 110 110 0.20755 0.2139 0.2202915 1 1 1
3 P_2 111 111 0.2076995 0.21405 0.220442 1 1 1
3 P_2 112 112 0.5 0.5 0.5 1 1 1
3 P_2 113 113 0 0 0 1 1 1
3 P_2 114 114 0 0 0 1 1 1
3 P_2 115 115 0.5 0.5 0.5 1 1 1
3 P_2 116 116 0.5 0.5 0.5 1 1 1
3 P_2 117 117 0.2796085 0.286 0.29235 1 1 1
3 P_2 118 118 0.5 0.5 0.5 1 1 1
3 P_2 119 119 0.067727 0.07215 0.076778 1 1 1
3 P_2 120 120 0 0 0 1 1 1
3 P_2 121 121 0 0 0 1 1 1
3 P_2 122 122 0 0 0 1 1 1
3 P_2 123 123 0.067727 0.07215 0.076778 1 1 1
3 P_2 124 124 0 0 0 1 1 1
3 P_2 125 125 0 0 0 1 1 1
3 P_2 126 126 0.1073 0.1126 0.118058 1 1 1
3 P_2 127 127 0.2076995 0.21405 0.220442 1 1 1
3 P_2 128 128 0.2076995 0.21405 0.220442 1 1 1
3 P_2 129 129 0.20755 0.2139 0.2202915 1 1 1
3 P_2 130 130 0.0964055 0.1015 0.106765 1 1 1
3 P_2 131 131 0 0 0 1 1 1
3 P_2 132 132 0.2796085 0.286 0.29235 1 1 1
3 P_2 133 133 0.2796085 0.286 0.29235 1 1 1
3 P_2 134 134 0 0 0 1 1 1
3 P_2 135 135 0.1073 0.1126 0.118058 1 1 1
3 P_2 136 136 0.20755 0.2139 0.2202915 1 1 1
3 P_2 137 137 0 0 0 1 1 1
3 P_2 138 138 0.067727 0.07215 0.076778 1 1 1
3 P_2 139 139 0.5 0.5 0.5 1 1 1
3 P_2 140 140 0 0 0 1 1 1
3 P_2 141 141 0.0964055 0.1015 0.106765 1 1 1
3 P_2 142 142 0 0 0 1 1 1
3 P_2 143 143 0.20755 0.2139 0.2202915 1 1 1
3 P_2 144 144 0.1073 0.1126 0.118058 1 1 1
3 P_2 145 145 0 0 0 1 1 1
3 P_2 146 146 0 0 0 1 1 1
3 P_2 147 147 0 0 0 1 1 1
3 P_2 148 148 0 0 0 1 1 1
3 P_2 149 149 0.2796085 0.286 0.29235 1 1 1
3 P_2 150 150 0.20755 0.2139 0.2202915 1 1 1
3 P_2 151 151 0.1073 0.1126 0.118058 1 1 1
3 P_2 152 152 0 0 0 1 1 1
3 P_2 153 153 0 0 0 1 1 1
3 P_2 154 154 0 0 0 1 1 1
3 P_2 155 155 0.067727 0.07215 0.076778 1 1 1
3 P_2 156 156 0 0 0 1 1 1
3 P_2 157 157 0.20755 0.2139 0.2202915 1 1 1
3 P_2 158 158 0.067727 0.07215 0.076778 1 1 1
3 P_2 159 159 0.0964055 0.1015 0.106765 1 1 1
3 P_2 160 160 0.20755 0.2139 0.2202915 1 1 1
3 P_2 161 161 0 0 0 1 1 1
3 P_2 162 162 0 0 0 1 1 1
3 P_2 163 163 0 0 0 1 1 1
3 P_2 164 164 0.0964055 0.1015 0.106765 1 1 1
3 P_2 165 165 0 0 0 1 1 1
3 P_2 166 166 0.0964055 0.1015 0.106765 1 1 1
3 P_2 167 167 0.5 0.5 0.5 1 1 1
3 P_2 168 168 0.2796085 0.286 0.29235 1 1 1
3 P_2 169 169 0.2796085 0.286 0.29235 1 1 1
3 P_2 170 170 0 0 0 1 1 1
3 P_2 171 171 0 0 0 1 1 1
3 P_2 172 172 0.2796085 0.286 0.29235 1 1 1
3 P_2 173 173 0.2796085 0.286 0.29235 1 1 1
3 P_2 174 174 0.1073 0.1126 0.118058 1 1 1
3 P_2 175 175 0.0964055 0.1015 0.106765 1 1 1
3 P_2 176 176 0.5 0.5 0.5 1 1 1
3 P_2 177 177 0 0 0 1 1 1
3 P_2 178 178 0.5 0.5 0.5 1 1 1
3 P_2 179 179 0.20755 0.2139 0.2202915 1 1 1
3 P_2 180 180 0.20755 0.2139 0.2202915 1 1 1
3 P_2 181 181 0.2796085 0.286 0.29235 1 1 1
3 P_2 182 182 0.2796085 0.286 0.29235 1 1 1
3 P_2 183 183 0 0 0 1 1 1
3 P_2 184 184 0.067727 0.07215 0.076778 1 1 1
3 P_2 185 185 0.2796085 0.286 0.29235 1 1 1
3 P_2 186 186 0.0964055 0.1015 0.106765 1 1 1
3 P_2 187 187 0.20755 0.2139 0.2202915 1 1 1
3 P_2 188 188 0.1073 0.1126 0.118058 1 1 1
3 P_2 189 189 0 0 0 1 1 1
3 P_2 190 190 0 0 0 1 1 1
3 P_2 191 191 0 0 0 1 1 1
3 P_2 192 192 0 0 0 1 1 1
3 P_2 193 193 0.2796085 0.286 0.29235 1 1 1
3 P_2 194 194 0.2796085 0.286 0.29235 1 1 1
3 P_2 195 195 0.2796085 0.286 0.29235 1 1 1
3 P_2 196 196 0.0964055 0.1015 0.106765 1 1 1
3 P_2 197 197 0 0 0 1 1 1
3 P_2 198 198 0 0 0 1 1 1
3 P_2 199 199 0.2796085 0.286 0.29235 1 1 1
3 P_2 200 200 0 0 0 1 1 1
3 P_2 201 201 0.5 0.5 0.5 1 1 1
3 P_2 202 202 0 0 0 1 1 1
3 P_2 203 203 0.1073 0.1126 0.118058 1 1 1
3 P_2 204 204 0 0 0 1 1 1
3 P_2 205 205 0 0 0 1 1 1
3 P_2 206 206 0.20755 0.2139 0.2202915 1 1 1
3 P_2 207 207 0.1073 0.1126 0.118058 1 1 1
3 P_2 208 208 0 0 0 1 1 1
3 P_2 209 209 0.0964055 0.1015 0.106765 1 1 1
3 P_2 210 210 0 0 0 1 1 1
3 P_2 211 211 0 0 0 1 1 1
3 P_2 212 212 0 0 0 1 1 1
3 P_2 213 213 0.2796085 0.286 0.29235 1 1 1
3 P_2 214 214 0 0 0 1 1 1
3 P_2 215 215 0.2796085 0.286 0.29235 1 1 1
3 P_2 216 216 0 0 0 1 1 1
3 P_2 217 217 0 0 0 1 1 1
3 P_2 218 218 0.1073 0.1126 0.118058 1 1 1
3 P_2 219 219 0.1073 0.1126 0.118058 1 1 1
3 P_2 220 220 0.5 0.5 0.5 1 1 1
3 P_2 221 221 0 0 0 1 1 1
3 P_2 222 222 0.2796085 0.286 0.29235 1 1 1
3 P_2 223 223 0.5 0.5 0.5 1 1 1
3 P_2 224 224 0.20755 0.2139 0.2202915 1 1 1
3 P_2 225 225 0 0 0 1 1 1
3 P_2 226 226 0.2796085 0.286 0.29235 1 1 1
3 P_2 227 227 0.20755 0.2139 0.2202915 1 1 1
3 P_2 228 228 0 0 0 1 1 1
3 P_2 229 229 0.2796085 0.286 0.29235 1 1 1
3 P_2 230 230 0.0964055 0.1015 0.106765 1 1 1
3 P_2 231 231 0 0 0 1 1 1
3 P_2 232 232 0 0 0 1 1 1
3 P_2 233 233 0 0 0 1 1 1
3 P_2 234 234 0.5 0.5 0.5 1 1 1
3 P_2 235 235 0 0 0 1 1 1
3 P_2 236 236 0.5 0.5 0.5 1 1 1
3 P_2 237 237 0.067727 0.07215 0.076778 1 1 1
3 P_2 238 238 0.5 0.5 0.5 1 1 1
3 P_2 239 239 0.0964055 0.1015 0.106765 1 1 1
3 P_2 240 240 0.2796085 0.286 0.29235 1 1 1
3 P_2 241 241 0.20755 0.2139 0.2202915 1 1 1
3 P_2 242 242 0 0 0 1 1 1
3 P_2 243 243 0.1073 0.1126 0.118058 1 1 1
3 P_2 244 244 0.1073 0.1126 0.118058 1 1 1
3 P_2 245 245 0 0 0 1 1 1
3 P_2 246 246 0.5 0.5 0.5 1 1 1
3 P_2 247 247 0.1073 0.1126 0.118058 1 1 1
3 P_2 248 248 0 0 0 1 1 1
3 P_2 249 249 0.2076995 0.21405 0.220442 1 1 1
3 P_2 250 250 0 0 0 1 1 1
3 P_2 251 251 0.1073 0.1126 0.118058 1 1 1
3 P_2 252 252 0.5 0.5 0.5 1 1 1
3 P_2 253 253 0 0 0 1 1 1
3 P_2 254 254 0.5 0.5 0.5 1 1 1
3 P_2 255 255 0.2796085 0.286 0.29235 1 1 1
3 P_2 256 256 0.2796085 0.286 0.29235 1 1 1
3 P_2 257 257 0.2796085 0.286 0.29235 1 1 1
3 P_2 258 258 0.20755 0.2139 0.2202915 1 1 1
3 P_2 259 259 0.1073 0.1126 0.118058 1 1 1
3 P_2 260 260 0.067727 0.07215 0.076778 1 1 1
3 P_2 261 261 0.1073 0.1126 0.118058 1 1 1
3 P_2 262 262 0.1073 0.1126 0.118058 1 1 1
3 P_2 263 263 0 0 0 1 1 1
3 P_2 264 264 0 0 0 1 1 1
3 P_2 265 265 0.20755 0.2139 0.2202915 1 1 1
3 P_2 266 266 0.2076995 0.21405 0.220442 1 1 1
3 P_2 267 267 0 0 0 1 1 1
3 P_2 268 268 0.2796085 0.286 0.29235 1 1 1
3 P_2 269 269 0.1073 0.1126 0.118058 1 1 1
3 P_2 270 270 0 0 0 1 1 1
3 P_2 271 271 0.0964055 0.1015 0.106765 1 1 1
3 P_2 272 272 0 0 0 1 1 1
3 P_2 273 273 0.20755 0.2139 0.2202915 1 1 1
3 P_2 274 274 0 0 0 1 1 1
3 P_2 275 275 0 0 0 1 1 1
3 P_2 276 276 0 0 0 1 1 1
3 P_2 277 277 0 0 0 1 1 1
3 P_2 278 278 0 0 0 1 1 1
3 P_2 279 279 0.067727 0.07215 0.076778 1 1 1
3 P_2 280 280 0.5 0.5 0.5 1 1 1
3 P_2 281 281 0.2796085 0.286 0.29235 1 1 1
3 P_2 282 282 0.2796085 0.286 0.29235 1 1 1
3 P_2 283 283 0 0 0 1 1 1
3 P_2 284 284 0 0 0 1 1 1
3 P_2 285 285 0.2796085 0.286 0.29235 1 1 1
3 P_2 286 286 0.2076995 0.21405 0.220442 1 1 1
3 P_2 287 287 0 0 0 1 1 1
3 P_2 288 288 0 0 0 1 1 1
3 P_2 289 289 0.5 0.5 0.5 1 1 1
3 P_2 290 290 0.1073 0.1126 0.118058 1 1 1
3 P_2 291 291 0.20755 0.2139 0.2202915 1 1 1
3 P_2 292 292 0.1073 0.1126 0.118058 1 1 1
3 P_2 293 293 0.0964055 0.1015 0.106765 1 1 1
3 P_2 294 294 0 0 0 1 1 1
3 P_2 295 295 0.067727 0.07215 0.076778 1 1 1
3 P_2 296 296 0 0 0 1 1 1
3 P_2 297 297 0.5 0.5 0.5 1 1 1
3 P_2 298 298 0 0 0 1 1 1
3 P_2 299 299 0 0 0 1 1 1
3 P_2 300 300 0.2796085 0.286 0.29235 1 1 1
3 P_2 301 301 0 0 0 1 1 1
3 P_2 302 302 0.5 0.5 0.5 1 1 1
3 P_2 303 303 0.0964055 0.1015 0.106765 1 1 1
3 P_2 304 304 0 0 0 1 1 1
3 P_2 305 305 0.2796085 0.286 0.29235 1 1 1
3 P_2 306 306 0 0 0 1 1 1
3 P_2 307 307 0.5 0.5 0.5 1 1 1
3 P_2 308 308 0 0 0 1 1 1
3 P_2 309 309 0.2796085 0.286 0.29235 1 1 1
3 P_2 310 310 0 0 0 1 1 1
3 P_2 311 311 0 0 0 1 1 1
3 P_2 312 312 0.20755 0.2139 0.2202915 1 1 1
3 P_2 313 313 0 0 0 1 1 1
3 P_2 314 314 0.2796085 0.286 0.29235 1 1 1
3 P_2 315 315 0.20755 0.2139 0.2202915 1 1 1
3 P_2 316 316 0 0 0 1 1 1
3 P_2 317 317 0.20755 0.2139 0.2202915 1 1 1
3 P_2 318 318 0 0 0 1 1 1
3 P_2 319 319 0 0 0 1 1 1
3 P_2 320 320 0.2076995 0.21405 0.220442 1 1 1
3 P_2 321 321 0 0 0 1 1 1
3 P_2 322 322 0 0 0 1 1 1
3 P_2 323 323 0 0 0 1 1 1
3 P_2 324 324 0 0 0 1 1 1
3 P_2 325 325 0.0964055 0.1015 0.106765 1 1 1
3 P_2 326 326 0 0 0 1 1 1
3 P_2 327 327 0 0 0 1 1 1
3 P_2 328 328 0.20755 0.2139 0.2202915 1 1 1
3 P_2 329 329 0.0964055 0.1015 0.106765 1 1 1
3 P_2 330 330 0 0 0 1 1 1
3 P_2 331 331 0 0 0 1 1 1
3 P_2 332 332 0.0964055 0.1015 0.106765 1 1 1
3 P_2 333 333 0.0964055 0.1015 0.106765 1 1 1
3 P_2 334 334 0 0 0 1 1 1
3 P_2 335 335 0 0 0 1 1 1
3 P_2 336 336 0.20755 0.2139 0.2202915 1 1 1
3 P_2 337 337 0.1073 0.1126 0.118058 1 1 1
3 P_2 338 338 0.1073 0.1126 0.118058 1 1 1
3 P_2 339 339 0.20755 0.2139 0.2202915 1 1 1
3 P_2 340 340 0.0964055 0.1015 0.106765 1 1 1
3 P_2 341 341 0.2796085 0.286 0.29235 1 1 1
3 P_2 342 342 0.5 0.5 0.5 1 1 1
3 P_2 343 343 0.20755 0.2139 0.2202915 1 1 1
3 P_2 344 344 0.20755 0.2139 0.2202915 1 1 1
3 P_2 345 345 0.2796085 0.286 0.29235 1 1 1
3 P_2 346 346 0.20755 0.2139 0.2202915 1 1 1
3 P_2 347 347 0.1073 0.1126 0.118058 1 1 1
3 P_2 348 348 0.1073 0.1126 0.118058 1 1 1
3 P_2 349 349 0.1073 0.1126 0.118058 1 1 1
3 P_2 350 350 0.2076995 0.21405 0.220442 1 1 1
3 P_2 351 351 0.2796085 0.286 0.29235 1 1 1
3 P_2 352 352 0.20755 0.2139 0.2202915 1 1 1
3 P_2 353 353 0.0964055 0.1015 0.106765 1 1 1
3 P_2 354 354 0 0 0 1 1 1
3 P_2 355 355 0.1073 0.1126 0.118058 1 1 1
3 P_2 356 356 0.2796085 0.286 0.29235 1 1 1
3 P_2 357 357 0 0 0 1 1 1
3 P_2 358 358 0.1073 0.1126 0.118058 1 1 1
3 P_2 359 359 0 0 0 1 1 1
3 P_2 360 360 0 0 0 1 1 1
3 P_2 361 361 0 0 0 1 1 1
3 P_2 362 362 0.20755 0.2139 0.2202915 1 1 1
3 P_2 363 363 0.2076995 0.21405 0.220442 1 1 1
3 P_2 364 364 0.5 0.5 0.5 1 1 1
3 P_2 365 365 0 0 0 1 1 1
3 P_2 366 366 0 0 0 1 1 1
3 P_2 367 367 0.1073 0.1126 0.118058 1 1 1
3 P_2 368 368 0.5 0.5 0.5 1 1 1
3 P_2 369 369 0.5 0.5 0.5 1 1 1
3 P_2 370 370 0.067727 0.07215 0.076778 1 1 1
3 P_2 371 371 0 0 0 1 1 1
3 P_2 372 372 0 0 0 1 1 1
3 P_2 373 373 0.1073 0.1126 0.118058 1 1 1
3 P_2 374 374 0.5 0.5 0.5 1 1 1
3 P_2 375 375 0 0 0 1 1 1
3 P_2 376 376 0 0 0 1 1 1
3 P_2 377 377 0 0 0 1 1 1
3 P_2 378 378 0 0 0 1 1 1
3 P_2 379 379 0 0 0 1 1 1
3 P_2 380 380 0.2796085 0.286 0.29235 1 1 1
3 P_2 381 381 0.2796085 0.286 0.29235 1 1 1
3 P_2 382 382 0 0 0 1 1 1
3 P_2 383 383 0.1073 0.1126 0.118058 1 1 1
3 P_2 384 384 0.2796085 0.286 0.29235 1 1 1
3 P_2 385 385 0 0 0 1 1 1
3 P_2 386 386 0.5 0.5 0.5 1 1 1
3 P_2 387 387 0.5 0.5 0.5 1 1 1
3 P_2 388 388 0 0 0 1 1 1
3 P_2 389 389 0 0 0 1 1 1
3 P_2 390 390 0.1073 0.1126 0.118058 1 1 1
3 P_2 391 391 0.067727 0.07215 0.076778 1 1 1
3 P_2 392 392 0.067727 0.07215 0.076778 1 1 1
3 P_2 393 393 0.20755 0.2139 0.2202915 1 1 1
3 P_2 394 394 0.20755 0.2139 0.2202915 1 1 1
3 P_2 395 395 0 0 0 1 1 1
3 P_2 396 396 0.1073 0.1126 0.118058 1 1 1
3 P_2 397 397 0 0 0 1 1 1
3 P_2 398 398 0.20755 0.2139 0.2202915 1 1 1
3 P_2 399 399 0.5 0.5 0.5 1 1 1
3 P_2 400 400 0.067727 0.07215 0.076778 1 1 1
4 P_8 0 0 0.114034 0.11945 0.125016 1 1 1
4 P_8 1 1 0 0 0 1 1 1
4 P_8 2 2 0 0 0 1 1 1
4 P_8 3 3 0.206206 0.21255 0.218937 1 1 1
4 P_8 4 4 0 0 0 1 1 1
4 P_8 5 5 0.206206 0.21255 0.218937 1 1 1
4 P_8 6 6 0.202573 0.2089 0.215274 1 1 1
4 P_8 7 7 0 0 0 1 1 1
4 P_8 8 8 0.5 0.5 0.5 1 1 1
4 P_8 9 9 0 0 0 1 1 1
4 P_8 10 10 0 0 0 1 1 1
4 P_8 11 11 0 0 0 1 1 1
4 P_8 12 12 0.114034 0.11945 0.125016 1 1 1
4 P_8 13 13 0.0846065 0.08945 0.094478 1 1 1
4 P_8 14 14 0.206206 0.21255 0.218937 1 1 1
4 P_8 15 15 0.114034 0.11945 0.125016 1 1 1
4 P_8 16 16 0.206206 0.21255 0.218937 1 1 1
4 P_8 17 17 0 0 0 1 1 1
4 P_8 18 18 0 0 0 1 1 1
4 P_8 19 19 0 0 0 1 1 1
4 P_8 20 20 0 0 0 1 1 1
4 P_8 21 21 0 0 0 1 1 1
4 P_8 22 22 0 0 0 1 1 1
4 P_8 23 23 0 0 0 1 1 1
4 P_8 24 24 0.284776 0.29115 0.2974765 1 1 1
4 P_8 25 25 0 0 0 1 1 1
4 P_8 26 26 0 0 0 1 1 1
4 P_8 27 27 0 0 0 1 1 1
4 P_8 28 28 0 0 0 1 1 1
4 P_8 29 29 0.0846065 0.08945 0.094478 1 1 1
4 P_8 30 30 0.114034 0.11945 0.125016 1 1 1
4 P_8 31 31 0 0 0 1 1 1
4 P_8 32 32 0.114034 0.11945 0.125016 1 1 1
4 P_8 33 33 0 0 0 1 1 1
4 P_8 34 34 0.114034 0.11945 0.125016 1 1 1
4 P_8 35 35 0 0 0 1 1 1
4 P_8 36 36 0 0 0 1 1 1
4 P_8 37 37 0 0 0 1 1 1
4 P_8 38 38 0 0 0 1 1 1
4 P_8 39 39 0 0 0 1 1 1
4 P_8 40 40 0 0 0 1 1 1
4 P_8 41 41 0 0 0 1 1 1
4 P_8 42 42 0 0 0 1 1 1
4 P_8 43 43 0 0 0 1 1 1
4 P_8 44 44 0 0 0 1 1 1
4 P_8 45 45 0.284776 0.29115 0.2974765 1 1 1
4 P_8 46 46 0.5 0.5 0.5 1 1 1
4 P_8 47 47 0 0 0 1 1 1
4 P_8 48 48 0 0 0 1 1 1
4 P_8 49 49 0 0 0 1 1 1
4 P_8 50 50 0.5 0.5 0.5 1 1 1
4 P_8 51 51 0 0 0 1 1 1
4 P_8 52 52 0 0 0 1 1 1
4 P_8 53 53 0.202573 0.2089 0.215274 1 1 1
4 P_8 54 54 0 0 0 1 1 1
4 P_8 55 55 0 0 0 1 1 1
4 P_8 56 56 0.284776 0.29115 0.2974765 1 1 1
4 P_8 57 57 0 0 0 1 1 1
4 P_8 58 58 0.202573 0.2089 0.215274 1 1 1
4 P_8 59 59 0 0 0 1 1 1
4 P_8 60 60 0.114034 0.11945 0.125016 1 1 1
4 P_8 61 61 0 0 0 1 1 1
4 P_8 62 62 0.5 0.5 0.5 1 1 1
4 P_8 63 63 0 0 0 1 1 1
4 P_8 64 64 0.5 0.5 0.5 1 1 1
4 P_8 65 65 0.5 0.5 0.5 1 1 1
4 P_8 66 66 0 0 0 1 1 1
4 P_8 67 67 0 0 0 1 1 1
4 P_8 68 68 0 0 0 1 1 1
4 P_8 69 69 0.202573 0.2089 0.215274 1 1 1
4 P_8 70 70 0 0 0 1 1 1
4 P_8 71 71 0.074011 0.0786 0.083386 1 1 1
4 P_8 72 72 0.114034 0.11945 0.125016 1 1 1
4 P_8 73 73 0.114034 0.11945 0.125016 1 1 1
4 P_8 74 74 0 0 0 1 1 1
4 P_8 75 75 0 0 0 1 1 1
4 P_8 76 76 0.206206 0.21255 0.218937 1 1 1
4 P_8 77 77 0 0 0 1 1 1
4 P_8 78 78 0.074011 0.0786 0.083386 1 1 1
4 P_8 79 79 0 0 0 1 1 1
4 P_8 80 80 0.074011 0.0786 0.083386 1 1 1
4 P_8 81 81 0.074011 0.0786 0.083386 1 1 1
4 P_8 82 82 0 0 0 1 1 1
4 P_8 83 83 0.206206 0.21255 0.218937 1 1 1
4 P_8 84 84 0.074011 0.0786 0.083386 1 1 1
4 P_8 85 85 0.074011 0.0786 0.083386 1 1 1
4 P_8 86 86 0 0 0 1 1 1
4 P_8 87 87 0 0 0 1 1 1
4 P_8 88 88 0.206206 0.21255 0.218937 1 1 1
4 P_8 89 89 0 0 0 1 1 1
4 P_8 90 90 0 0 0 1 1 1
4 P_8 91 91 0 0 0 1 1 1
4 P_8 92 92 0 0 0 1 1 1
4 P_8 93 93 0.0846065 0.08945 0.094478 1 1 1
4 P_8 94 94 0 0 0 1 1 1
4 P_8 95 95 0 0 0 1 1 1
4 P_8 96 96 0 0 0 1 1 1
4 P_8 97 97 0 0 0 1 1 1
4 P_8 98 98 0 0 0 1 1 1
4 P_8 99 99 0.206206 0.21255 0.218937 1 1 1
4 P_8 100 100 0 0 0 1 1 1
4 P_8 101 101 0.5 0.5 0.5 1 1 1
4 P_8 102 102 0.206206 0.21255 0.218937 1 1 1
4 P_8 103 103 0.206206 0.21255 0.218937 1 1 1
4 P_8 104 104 0.0846065 0.08945 0.094478 1 1 1
4 P_8 105 105 0 0 0 1 1 1
4 P_8 106 106 0 0 0 1 1 1
4 P_8 107 107 0.114034 0.11945 0.125016 1 1 1
4 P_8 108 108 0.206206 0.21255 0.218937 1 1 1
4 P_8 109 109 0.5 0.5 0.5 1 1 1
4 P_8 110 110 0 0 0 1 1 1
4 P_8 111 111 0.202573 0.2089 0.215274 1 1 1
4 P_8 112 112 0.5 0.5 0.5 1 1 1
4 P_8 113 113 0 0 0 1 1 1
4 P_8 114 114 0 0 0 1 1 1
4 P_8 115 115 0.202573 0.2089 0.215274 1 1 1
4 P_8 116 116 0.202573 0.2089 0.215274 1 1 1
4 P_8 117 117 0 0 0 1 1 1
4 P_8 118 118 0.5 0.5 0.5 1 1 1
4 P_8 119 119 0 0 0 1 1 1
4 P_8 120 120 0.284776 0.29115 0.2974765 1 1 1
4 P_8 121 121 0 0 0 1 1 1
4 P_8 122 122 0.074011 0.0786 0.083386 1 1 1
4 P_8 123 123 0 0 0 1 1 1
4 P_8 124 124 0 0 0 1 1 1
4 P_8 125 125 0.0846065 0.08945 0.094478 1 1 1
4 P_8 126 126 0 0 0 1 1 1
4 P_8 127 127 0.202573 0.2089 0.215274 1 1 1
4 P_8 128 128 0.202573 0.2089 0.215274 1 1 1
4 P_8 129 129 0 0 0 1 1 1
4 P_8 130 130 0.114034 0.11945 0.125016 1 1 1
4 P_8 131 131 0.0846065 0.08945 0.094478 1 1 1
4 P_8 132 132 0 0 0 1 1 1
4 P_8 133 133 0 0 0 1 1 1
4 P_8 134 134 0 0 0 1 1 1
4 P_8 135 135 0 0 0 1 1 1
4 P_8 136 136 0 0 0 1 1 1
4 P_8 137 137 0.284776 0.29115 0.2974765 1 1 1
4 P_8 138 138 0 0 0 1 1 1
4 P_8 139 139 0.5 0.5 0.5 1 1 1
4 P_8 140 140 0.0846065 0.08945 0.094478 1 1 1
4 P_8 141 141 0.114034 0.11945 0.125016 1 1 1
4 P_8 142 142 0.0846065 0.08945 0.094478 1 1 1
4 P_8 143 143 0 0 0 1 1 1
4 P_8 144 144 0 0 0 1 1 1
4 P_8 145 145 0 0 0 1 1 1
4 P_8 146 146 0.284776 0.29115 0.2974765 1 1 1
4 P_8 147 147 0.206206 0.21255 0.218937 1 1 1
4 P_8 148 148 0.0846065 0.08945 0.094478 1 1 1
4 P_8 149 149 0 0 0 1 1 1
4 P_8 150 150 0 0 0 1 1 1
4 P_8 151 151 0 0 0 1 1 1
4 P_8 152 152 0.074011 0.0786 0.083386 1 1 1
4 P_8 153 153 0 0 0 1 1 1
4 P_8 154 154 0 0 0 1 1 1
4 P_8 155 155 0 0 0 1 1 1
4 P_8 156 156 0 0 0 1 1 1
4 P_8 157 157 0 0 0 1 1 1
4 P_8 158 158 0 0 0 1 1 1
4 P_8 159 159 0.114034 0.11945 0.125016 1 1 1
4 P_8 160 160 0 0 0 1 1 1
4 P_8 161 161 0 0 0 1 1 1
4 P_8 162 162 0.074011 0.0786 0.083386 1 1 1
4 P_8 163 163 0.206206 0.21255 0.218937 1 1 1
4 P_8 164 164 0.114034 0.11945 0.125016 1 1 1
4 P_8 165 165 0.206206 0.21255 0.218937 1 1 1
4 P_8 166 166 0.114034 0.11945 0.125016 1 1 1
4 P_8 167 167 0.202573 0.2089 0.215274 1 1 1
4 P_8 168 168 0 0 0 1 1 1
4 P_8 169 169 0 0 0 1 1 1
4 P_8 170 170 0.284776 0.29115 0.2974765 1 1 1
4 P_8 171 171 0 0 0 1 1 1
4 P_8 172 172 0 0 0 1 1 1
4 P_8 173 173 0 0 0 1 1 1
4 P_8 174 174 0 0 0 1 1 1
4 P_8 175 175 0.114034 0.11945 0.125016 1 1 1
4 P_8 176 176 0.5 0.5 0.5 1 1 1
4 P_8 177 177 0 0 0 1 1 1
4 P_8 178 178 0.202573 0.2089 0.215274 1 1 1
4 P_8 179 179 0 0 0 1 1 1
4 P_8 180 180 0 0 0 1 1 1
4 P_8 181 181 0 0 0 1 1 1
4 P_8 182 182 0 0 0 1 1 1
4 P_8 183 183 0 0 0 1 1 1
4 P_8 184 184 0 0 0 1 1 1
4 P_8 185 185 0 0 0 1 1 1
4 P_8 186 186 0.114034 0.11945 0.125016 1 1 1
4 P_8 187 187 0 0 0 1 1 1
4 P_8 188 188 0 0 0 1 1 1
4 P_8 189 189 0 0 0 1 1 1
4 P_8 190 190 0.206206 0.21255 0.218937 1 1 1
4 P_8 191 191 0 0 0 1 1 1
4 P_8 192 192 0.074011 0.0786 0.083386 1 1 1
4 P_8 193 193 0 0 0 1 1 1
4 P_8 194 194 0 0 0 1 1 1
4 P_8 195 195 0 0 0 1 1 1
4 P_8 196 196 0.114034 0.11945 0.125016 1 1 1
4 P_8 197 197 0 0 0 1 1 1
4 P_8 198 198 0.0846065 0.08945 0.094478 1 1 1
4 P_8 199 199 0 0 0 1 1 1
4 P_8 200 200 0.206206 0.21255 0.218937 1 1 1
4 P_8 201 201 0.5 0.5 0.5 1 1 1
4 P_8 202 202 0.0846065 0.08945 0.094478 1 1 1
4 P_8 203 203 0 0 0 1 1 1
4 P_8 204 204 0.206206 0.21255 0.218937 1 1 1
4 P_8 205 205 0 0 0 1 1 1
4 P_8 206 206 0 0 0 1 1 1
4 P_8 207 207 0 0 0 1 1 1
4 P_8 208 208 0 0 0 1 1 1
4 P_8 209 209 0.114034 0.11945 0.125016 1 1 1
4 P_8 210 210 0 0 0 1 1 1
4 P_8 211 211 0.206206 0.21255 0.218937 1 1 1
4 P_8 212 212 0.0846065 0.08945 0.094478 1 1 1
4 P_8 213 213 0 0 0 1 1 1
4 P_8 214 214 0.074011 0.0786 0.083386 1 1 1
4 P_8 215 215 0 0 0 1 1 1
4 P_8 216 216 0.0846065 0.08945 0.094478 1 1 1
4 P_8 217 217 0.074011 0.0786 0.083386 1 1 1
4 P_8 218 218 0 0 0 1 1 1
4 P_8 219 219 0 0 0 1 1 1
4 P_8 220 220 0.5 0.5 0.5 1 1 1
4 P_8 221 221 0.074011 0.0786 0.083386 1 1 1
4 P_8 222 222 0 0 0 1 1 1
4 P_8 223 223 0.5 0.5 0.5 1 1 1
4 P_8 224 224 0 0 0 1 1 1
4 P_8 225 225 0 0 0 1 1 1
4 P_8 226 226 0 0 0 1 1 1
4 P_8 227 227 0 0 0 1 1 1
4 P_8 228 228 0.206206 0.21255 0.218937 1 1 1
4 P_8 229 229 0 0 0 1 1 1
4 P_8 230 230 0.114034 0.11945 0.125016 1 1 1
4 P_8 231 231 0.206206 0.21255 0.218937 1 1 1
4 P_8 232 232 0 0 0 1 1 1
4 P_8 233 233 0 0 0 1 1 1
4 P_8 234 234 0.5 0.5 0.5 1 1 1
4 P_8 235 235 0.206206 0.21255 0.218937 1 1 1
4 P_8 236 236 0.5 0.5 0.5 1 1 1
4 P_8 237 237 0 0 0 1 1 1
4 P_8 238 238 0.5 0.5 0.5 1 1 1
4 P_8 239 239 0.114034 0.11945 0.125016 1 1 1
4 P_8 240 240 0 0 0 1 1 1
4 P_8 241 241 0 0 0 1 1 1
4 P_8 242 242 0 0 0 1 1 1
4 P_8 243 243 0 0 0 1 1 1
4 P_8 244 244 0 0 0 1 1 1
4 P_8 245 245 0.0846065 0.08945 0.094478 1 1 1
4 P_8 246 246 0.202573 0.2089 0.215274 1 1 1
4 P_8 247 247 0 0 0 1 1 1
4 P_8 248 248 0 0 0 1 1 1
4 P_8 249 249 0.202573 0.2089 0.215274 1 1 1
4 P_8 250 250 0 0 0 1 1 1
4 P_8 251 251 0 0 0 1 1 1
4 P_8 252 252 0.5 0.5 0.5 1 1 1
4 P_8 253 253 0.206206 0.21255 0.218937 1 1 1
4 P_8 254 254 0.202573 0.2089 0.215274 1 1 1
4 P_8 255 255 0 0 0 1 1 1
4 P_8 256 256 0 0 0 1 1 1
4 P_8 257 257 0 0 0 1 1 1
4 P_8 258 258 0 0 0 1 1 1
4 P_8 259 259 0 0 0 1 1 1
4 P_8 260 260 0 0 0 1 1 1
4 P_8 261 261 0 0 0 1 1 1
4 P_8 262 262 0 0 0 1 1 1
4 P_8 263 263 0 0 0 1 1 1
4 P_8 264 264 0 0 0 1 1 1
4 P_8 265 265 0 0 0 1 1 1
4 P_8 266 266 0.202573 0.2089 0.215274 1 1 1
4 P_8 267 267 0 0 0 1 1 1
4 P_8 268 268 0 0 0 1 1 1
4 P_8 269 269 0 0 0 1 1 1
4 P_8 270 270 0.284776 0.29115 0.2974765 1 1 1
4 P_8 271 271 0.114034 0.11945 0.125016 1 1 1
4 P_8 272 272 0.0846065 0.08945 0.094478 1 1 1
4 P_8 273 273 0 0 0 1 1 1
4 P_8 274 274 0.0846065 0.08945 0.094478 1 1 1
4 P_8 275 275 0.206206 0.21255 0.218937 1 1 1
4 P_8 276 276 0 0 0 1 1 1
4 P_8 277 277 0.074011 0.0786 0.083386 1 1 1
4 P_8 278 278 0.0846065 0.08945 0.094478 1 1 1
4 P_8 279 279 0 0 0 1 1 1
4 P_8 280 280 0.5 0.5 0.5 1 1 1
4 P_8 281 281 0 0 0 1 1 1
4 P_8 282 282 0 0 0 1 1 1
4 P_8 283 283 0.206206 0.21255 0.218937 1 1 1
4 P_8 284 284 0.206206 0.21255 0.218937 1 1 1
4 P_8 285 285 0 0 0 1 1 1
4 P_8 286 286 0.202573 0.2089 0.215274 1 1 1
4 P_8 287 287 0 0 0 1 1 1
4 P_8 288 288 0.074011 0.0786 0.083386 1 1 1
4 P_8 289 289 0.5 0.5 0.5 1 1 1
4 P_8 290 290 0 0 0 1 1 1
4 P_8 291 291 0 0 0 1 1 1
4 P_8 292 292 0 0 0 1 1 1
4 P_8 293 293 0.114034 0.11945 0.125016 1 1 1
4 P_8 294 294 0.0846065 0.08945 0.094478 1 1 1
4 P_8 295 295 0 0 0 1 1 1
4 P_8 296 296 0 0 0 1 1 1
4 P_8 297 297 0.5 0.5 0.5 1 1 1
4 P_8 298 298 0 0 0 1 1 1
4 P_8 299 299 0.0846065 0.08945 0.094478 1 1 1
4 P_8 300 300 0 0 0 1 1 1
4 P_8 301 301 0.206206 0.21255 0.218937 1 1 1
4 P_8 302 302 0.5 0.5 0.5 1 1 1
4 P_8 303 303 0.114034 0.11945 0.125016 1 1 1
4 P_8 304 304 0 0 0 1 1 1
4 P_8 305 305 0 0 0 1 1 1
4 P_8 306 306 0.284776 0.29115 0.2974765 1 1 1
4 P_8 307 307 0.5 0.5 0.5 1 1 1
4 P_8 308 308 0.074011 0.0786 0.083386 1 1 1
4 P_8 309 309 0 0 0 1 1 1
4 P_8 310 310 0.206206 0.21255 0.218937 1 1 1
4 P_8 311 311 0.206206 0.21255 0.218937 1 1 1
4 P_8 312 312 0 0 0 1 1 1
4 P_8 313 313 0.0846065 0.08945 0.094478 1 1 1
4 P_8 314 314 0 0 0 1 1 1
4 P_8 315 315 0 0 0 1 1 1
4 P_8 316 316 0.206206 0.21255 0.218937 1 1 1
4 P_8 317 317 0 0 0 1 1 1
4 P_8 318 318 0.206206 0.21255 0.218937 1 1 1
4 P_8 319 319 0 0 0 1 1 1
4 P_8 320 320 0.202573 0.2089 0.215274 1 1 1
4 P_8 321 321 0.206206 0.21255 0.218937 1 1 1
4 P_8 322 322 0.284776 0.29115 0.2974765 1 1 1
4 P_8 323 323 0 0 0 1 1 1
4 P_8 324 324 0.206206 0.21255 0.218937 1 1 1
4 P_8 325 325 0.114034 0.11945 0.125016 1 1 1
4 P_8 326 326 0.206206 0.21255 0.218937 1 1 1
4 P_8 327 327 0 0 0 1 1 1
4 P_8 328 328 0 0 0 1 1 1
4 P_8 329 329 0.114034 0.11945 0.125016 1 1 1
4 P_8 330 330 0.074011 0.0786 0.083386 1 1 1
4 P_8 331 331 0.206206 0.21255 0.218937 1 1 1
4 P_8 332 332 0.114034 0.11945 0.125016 1 1 1
4 P_8 333 333 0.114034 0.11945 0.125016 1 1 1
4 P_8 334 334 0 0 0 1 1 1
4 P_8 335 335 0.074011 0.0786 0.083386 1 1 1
4 P_8 336 336 0 0 0 1 1 1
4 P_8 337 337 0 0 0 1 1 1
4 P_8 338 338 0 0 0 1 1 1
4 P_8 339 339 0 0 0 1 1 1
4 P_8 340 340 0.114034 0.11945 0.125016 1 1 1
4 P_8 341 341 0 0 0 1 1 1
4 P_8 342 342 0.5 0.5 0.5 1 1 1
4 P_8 343 343 0 0 0 1 1 1
4 P_8 344 344 0 0 0 1 1 1
4 P_8 345 345 0 0 0 1 1 1
4 P_8 346 346 0 0 0 1 1 1
4 P_8 347 347 0 0 0 1 1 1
4 P_8 348 348 0 0 0 1 1 1
4 P_8 349 349 0 0 0 1 1 1
4 P_8 350 350 0.202573 0.2089 0.215274 1 1 1
4 P_8 351 351 0 0 0 1 1 1
4 P_8 352 352 0 0 0 1 1 1
4 P_8 353 353 0.114034 0.11945 0.125016 1 1 1
4 P_8 354 354 0.206206 0.21255 0.218937 1 1 1
4 P_8 355 355 0 0 0 1 1 1
4 P_8 356 356 0 0 0 1 1 1
4 P_8 357 357 0 0 0 1 1 1
4 P_8 358 358 0 0 0 1 1 1
4 P_8 359 359 0 0 0 1 1 1
4 P_8 360 360 0 0 0 1 1 1
4 P_8 361 361 0.074011 0.0786 0.083386 1 1 1
4 P_8 362 362 0 0 0 1 1 1
4 P_8 363 363 0.202573 0.2089 0.215274 1 1 1
4 P_8 364 364 0.202573 0.2089 0.215274 1 1 1
4 P_8 365 365 0.206206 0.21255 0.218937 1 1 1
4 P_8 366 366 0.074011 0.0786 0.083386 1 1 1
4 P_8 367 367 0 0 0 1 1 1
4 P_8 368 368 0.5 0.5 0.5 1 1 1
4 P_8 369 369 0.5 0.5 0.5 1 1 1
4 P_8 370 370 0 0 0 1 1 1
4 P_8 371 371 0.206206 0.21255 0.218937 1 1 1
4 P_8 372 372 0 0 0 1 1 1
4 P_8 373 373 0 0 0 1 1 1
4 P_8 374 374 0.5 0.5 0.5 1 1 1
4 P_8 375 375 0 0 0 1 1 1
4 P_8 376 376 0 0 0 1 1 1
4 P_8 377 377 0 0 0 1 1 1
4 P_8 378 378 0 0 0 1 1 1
4 P_8 379 379 0 0 0 1 1 1
4 P_8 380 380 0 0 0 1 1 1
4 P_8 381 381 0 0 0 1 1 1
4 P_8 382 382 0.206206 0.21255 0.218937 1 1 1
4 P_8 383 383 0 0 0 1 1 1
4 P_8 384 384 0 0 0 1 1 1
4 P_8 385 385 0 0 0 1 1 1
4 P_8 386 386 0.5 0.5 0.5 1 1 1
4 P_8 387 387 0.5 0.5 0.5 1 1 1
4 P_8 388 388 0.206206 0.21255 0.218937 1 1 1
4 P_8 389 389 0 0 0 1 1 1
4 P_8 390 390 0 0 0 1 1 1
4 P_8 391 391 0 0 0 1 1 1
4 P_8 392 392 0 0 0 1 1 1
4 P_8 393 393 0 0 0 1 1 1
4 P_8 394 394 0 0 0 1 1 1
4 P_8 395 395 0 0 0 1 1 1
4 P_8 396 396 0 0 0 1 1 1
4 P_8 397 397 0.206206 0.21255 0.218937 1 1 1
4 P_8 398 398 0 0 0 1 1 1
4 P_8 399 399 0.5 0.5 0.5 1 1 1
4 P_8 400 400 0 0 0 1 1 1
