10 #m
4 #n
0 P_0 0 0 0.5 0.5 0.5 1 1 1
0 P_0 1 1 0 0 0 1 1 1
0 P_0 2 2 0 0 0 1 1 1
0 P_0 3 3 0.201056 0.2833333333333333 0.3596085 1 1 1
1 P_2 0 0 0.5 0.5 0.5 1 1 1
1 P_2 1 1 0 0 0 1 1 1
1 P_2 2 2 0 0 0 1 1 1
1 P_2 3 3 0 0 0 1 1 1
2 P_6 0 0 0.5 0.5 0.5 1 1 1
2 P_6 1 1 0 0 0 1 1 1
2 P_6 2 2 0.064323 0.12745098039215685 0.2162195 1 1 1
2 P_6 3 3 0.0542145 0.10833333333333334 0.187913 1 1 1
3 P_9 0 0 0.5 0.5 0.5 1 1 1
3 P_9 1 1 0 0 0 1 1 1
3 P_9 2 2 0.083663 0.1590909090909091 0.256328 1 1 1
3 P_9 3 3 0.277771 0.36363636363636365 0.4273295 1 1 1
4 P_7 0 0 0.5 0.5 0.5 1 1 1
4 P_7 1 1 0.0970395 0.16666666666666666 0.2520305 1 1 1
4 P_7 2 2 0 0 0 1 1 1
4 P_7 3 3 0.01210765 0.044444444444444446 0.124627 1 1 1
5 P_8 0 0 0.5 0.5 0.5 1 1 1
5 P_8 1 1 0 0 0 1 1 1
5 P_8 2 2 0 0 0 1 1 1
5 P_8 3 3 0.0600095 0.13157894736842105 0.2355805 1 1 1
6 P_4 0 0 0.5 0.5 0.5 1 1 1
6 P_4 1 1 0 0 0 1 1 1
6 P_4 2 2 0 0 0 1 1 1
6 P_4 3 3 0.01529675 0.049019607843137254 0.1245075 1 1 1
7 P_1 0 0 0.5 0.5 0.5 1 1 1
7 P_1 1 1 0 0 0 1 1 1
7 P_1 2 2 0 0 0 1 1 1
7 P_1 3 3 0.163087 0.25 0.336913 1 1 1
8 P_5 0 0 0.5 0.5 0.5 1 1 1
8 P_5 1 1 0.0625325 0.1276595744680851 0.220388 1 1 1
8 P_5 2 2 0 0 0 1 1 1
8 P_5 3 3 0.0277197 0.06896551724137931 0.143707 1 1 1
9 P_3 0 0 0.5 0.5 0.5 1 1 1
9 P_3 1 1 0.01662115 0.05319148936170213 0.1338805 1 1 1
9 P_3 2 2 0 0 0 1 1 1
9 P_3 3 3 0.108198 0.18181818181818182 0.268753 1 1 1
