5 #m
5 #n
0 P_0 0 0 0.5 0.5 0.5 1 1 1
0 P_0 1 1 0 0 0 1 1 1
0 P_0 2 2 0.0277021 0.05825242718446602 0.109378 1 1 1
0 P_0 3 3 0 0 0 1 1 1
0 P_0 4 4 0 0 0 1 1 1
1 P_1 0 0 0.5 0.5 0.5 1 1 1
1 P_1 1 1 0 0 0 1 1 1
1 P_1 2 2 0 0 0 1 1 1
1 P_1 3 3 0 0 0 1 1 1
1 P_1 4 4 0.0672425 0.11627906976744186 0.1824165 1 1 1
2 P_5 0 0 0.5 0.5 0.5 1 1 1
2 P_5 1 1 0.2231705 0.2871287128712871 0.347013 1 1 1
2 P_5 2 2 0.0481743 0.08854166666666667 0.147478 1 1 1
2 P_5 3 3 0.1753115 0.23423423423423423 0.294737 1 1 1
2 P_5 4 4 0 0 0 1 1 1
3 P_8 0 0 0.5 0.5 0.5 1 1 1
3 P_8 1 1 0 0 0 1 1 1
3 P_8 2 2 0 0 0 1 1 1
3 P_8 3 3 0 0 0 1 1 1
3 P_8 4 4 0.1352675 0.19230769230769232 0.255502 1 1 1
4 P_9 0 0 0.5 0.5 0.5 1 1 1
4 P_9 1 1 0 0 0 1 1 1
4 P_9 2 2 0.044362 0.08333333333333333 0.141468 1 1 1
4 P_9 3 3 0 0 0 1 1 1
4 P_9 4 4 0 0 0 1 1 1
