10 #m
60 #n
0 P_3 0 0 0.1164095 0.2 0.295348 1 1 1
0 P_3 1 1 0.2174595 0.32051282051282054 0.4046785 1 1 1
0 P_3 2 2 0.1419395 0.2153846153846154 0.2946115 1 1 1
0 P_3 3 3 0 0 0 1 1 1
0 P_3 4 4 0.1836175 0.26153846153846155 0.337532 1 1 1
0 P_3 5 5 0.103671 0.18604651162790697 0.284098 1 1 1
0 P_3 6 6 0 0 0 1 1 1
0 P_3 7 7 0 0 0 1 1 1
0 P_3 8 8 0.1792085 0.2636363636363636 0.3454005 1 1 1
0 P_3 9 9 0.1993205 0.29545454545454547 0.380677 1 1 1
0 P_3 10 10 0.129493 0.2236842105263158 0.3250955 1 1 1
0 P_3 11 11 0.172409 0.25 0.327591 1 1 1
0 P_3 12 12 0.1749365 0.26595744680851063 0.3533725 1 1 1
0 P_3 13 13 0.180401 0.28378378378378377 0.377672 1 1 1
0 P_3 14 14 0.14316 0.2375 0.335114 1 1 1
0 P_3 15 15 0.1542155 0.2571428571428571 0.3579595 1 1 1
0 P_3 16 16 0.5 0.5 0.5 1 1 1
0 P_3 17 17 0.164626 0.25 0.335374 1 1 1
0 P_3 18 18 0.1830465 0.27906976744186046 0.3679655 1 1 1
0 P_3 19 19 0.1961295 0.2818181818181818 0.361292 1 1 1
0 P_3 20 20 0.163767 0.25555555555555554 0.3460375 1 1 1
0 P_3 21 21 0.1028675 0.17592592592592593 0.2636975 1 1 1
0 P_3 22 22 0.1620885 0.2558139534883721 0.348114 1 1 1
0 P_3 23 23 0.18027 0.2708333333333333 0.356779 1 1 1
0 P_3 24 24 0.142309 0.22549019607843138 0.313807 1 1 1
0 P_3 25 25 0.185445 0.2755102040816326 0.3600285 1 1 1
0 P_3 26 26 0.2332175 0.3235294117647059 0.39844 1 1 1
0 P_3 27 27 0.214797 0.30851063829787234 0.3890055 1 1 1
0 P_3 28 28 0.2003045 0.28703703703703703 0.3664105 1 1 1
0 P_3 29 29 0 0 0 1 1 1
0 P_3 30 30 0.2363025 0.32407407407407407 0.3971325 1 1 1
0 P_3 31 31 0.204589 0.29591836734693877 0.377264 1 1 1
0 P_3 32 32 0.1529525 0.22727272727272727 0.3053345 1 1 1
0 P_3 33 33 0 0 0 1 1 1
0 P_3 34 34 0.219032 0.31 0.3881655 1 1 1
0 P_3 35 35 0.055376 0.12195121951219512 0.2212505 1 1 1
0 P_3 36 36 0 0 0 1 1 1
0 P_3 37 37 0.0216869 0.0625 0.144607 1 1 1
0 P_3 38 38 0.168005 0.26136363636363635 0.351994 1 1 1
0 P_3 39 39 0.1287065 0.2159090909090909 0.3112965 1 1 1
0 P_3 40 40 0.181311 0.28205128205128205 0.3742025 1 1 1
0 P_3 41 41 0.136869 0.22 0.309534 1 1 1
0 P_3 42 42 0.2098085 0.30434782608695654 0.386363 1 1 1
0 P_3 43 43 0 0 0 1 1 1
0 P_3 44 44 0 0 0 1 1 1
0 P_3 45 45 0.165594 0.2457627118644068 0.3267065 1 1 1
0 P_3 46 46 0.126069 0.2 0.282934 1 1 1
0 P_3 47 47 0.125622 0.20588235294117646 0.2953865 1 1 1
0 P_3 48 48 0.161462 0.25 0.338538 1 1 1
0 P_3 49 49 0.1846715 0.2765957446808511 0.36251 1 1 1
0 P_3 50 50 0 0 0 1 1 1
0 P_3 51 51 0 0 0 1 1 1
0 P_3 52 52 0 0 0 1 1 1
0 P_3 53 53 0.1620885 0.2558139534883721 0.348114 1 1 1
0 P_3 54 54 0.1902065 0.2698412698412698 0.346063 1 1 1
0 P_3 55 55 0.2174595 0.32051282051282054 0.4046785 1 1 1
0 P_3 56 56 0.165351 0.2553191489361702 0.344085 1 1 1
0 P_3 57 57 0 0 0 1 1 1
0 P_3 58 58 0.145479 0.23 0.31879 1 1 1
0 P_3 59 59 0 0 0 1 1 1
1 P_9 0 0 0.1320345 0.22093023255813954 0.3169535 1 1 1
1 P_9 1 1 0.214797 0.30851063829787234 0.3890055 1 1 1
1 P_9 2 2 0.1315995 0.21739130434782608 0.310699 1 1 1
1 P_9 3 3 0 0 0 1 1 1
1 P_9 4 4 0.190466 0.28 0.363131 1 1 1
1 P_9 5 5 0 0 0 1 1 1
1 P_9 6 6 0.2051625 0.3076923076923077 0.394766 1 1 1
1 P_9 7 7 0 0 0 1 1 1
1 P_9 8 8 0 0 0 1 1 1
1 P_9 9 9 0.168005 0.26136363636363635 0.351994 1 1 1
1 P_9 10 10 0.1415515 0.2222222222222222 0.3084125 1 1 1
1 P_9 11 11 0.163087 0.25 0.336913 1 1 1
1 P_9 12 12 0.1408225 0.22826086956521738 0.32071 1 1 1
1 P_9 13 13 0.085759 0.16279069767441862 0.2611905 1 1 1
1 P_9 14 14 0.1522705 0.23958333333333334 0.329205 1 1 1
1 P_9 15 15 0.172084 0.26 0.3457815 1 1 1
1 P_9 16 16 0.5 0.5 0.5 1 1 1
1 P_9 17 17 0.204668 0.29245283018867924 0.371655 1 1 1
1 P_9 18 18 0.145744 0.22413793103448276 0.307339 1 1 1
1 P_9 19 19 0.168005 0.26136363636363635 0.351994 1 1 1
1 P_9 20 20 0.163087 0.25 0.336913 1 1 1
1 P_9 21 21 0.109179 0.1810344827586207 0.2657055 1 1 1
1 P_9 22 22 0.161462 0.25 0.338538 1 1 1
1 P_9 23 23 0.145664 0.23809523809523808 0.3335095 1 1 1
1 P_9 24 24 0 0 0 1 1 1
1 P_9 25 25 0.1529525 0.22727272727272727 0.3053345 1 1 1
1 P_9 26 26 0.0934385 0.18055555555555555 0.287667 1 1 1
1 P_9 27 27 0.1101215 0.19318181818181818 0.2898805 1 1 1
1 P_9 28 28 0.172475 0.26744186046511625 0.358132 1 1 1
1 P_9 29 29 0.0106689 0.0392156862745098 0.111453 1 1 1
1 P_9 30 30 0.1910325 0.27884615384615385 0.360723 1 1 1
1 P_9 31 31 0.1515285 0.23214285714285715 0.3161875 1 1 1
1 P_9 32 32 0.156334 0.23684210526315788 0.3198365 1 1 1
1 P_9 33 33 0.0263206 0.06557377049180328 0.13737 1 1 1
1 P_9 34 34 0.1399715 0.22448979591836735 0.314555 1 1 1
1 P_9 35 35 0.02874635 0.07608695652173914 0.163319 1 1 1
1 P_9 36 36 0 0 0 1 1 1
1 P_9 37 37 0.086206 0.1568627450980392 0.247021 1 1 1
1 P_9 38 38 0.1040945 0.17543859649122806 0.260864 1 1 1
1 P_9 39 39 0.1821925 0.2804878048780488 0.3709755 1 1 1
1 P_9 40 40 0.1542185 0.24 0.327916 1 1 1
1 P_9 41 41 0.231929 0.3125 0.3824805 1 1 1
1 P_9 42 42 0.21051 0.30952380952380953 0.39363 1 1 1
1 P_9 43 43 0.0275141 0.07291666666666667 0.15737 1 1 1
1 P_9 44 44 0.185388 0.26666666666666666 0.344944 1 1 1
1 P_9 45 45 0.1476085 0.23076923076923078 0.3178875 1 1 1
1 P_9 46 46 0.18453 0.3 0.398535 1 1 1
1 P_9 47 47 0.1408225 0.22826086956521738 0.32071 1 1 1
1 P_9 48 48 0.165351 0.2553191489361702 0.344085 1 1 1
1 P_9 49 49 0.1669385 0.2459016393442623 0.3255915 1 1 1
1 P_9 50 50 0.0073351 0.03260869565217391 0.107274 1 1 1
1 P_9 51 51 0 0 0 1 1 1
1 P_9 52 52 0.190466 0.28 0.363131 1 1 1
1 P_9 53 53 0.1225365 0.20652173913043478 0.3005275 1 1 1
1 P_9 54 54 0.1700555 0.25 0.3299445 1 1 1
1 P_9 55 55 0.1262685 0.1984126984126984 0.279429 1 1 1
1 P_9 56 56 0.146602 0.22727272727272727 0.312383 1 1 1
1 P_9 57 57 0 0 0 1 1 1
1 P_9 58 58 0.1364355 0.23076923076923078 0.3302565 1 1 1
1 P_9 59 59 0.0206435 0.06578947368421052 0.161117 1 1 1
2 P_1 0 0 0.5 0.5 0.5 1 1 1
2 P_1 1 1 0.5 0.5 0.5 1 1 1
2 P_1 2 2 0.5 0.5 0.5 1 1 1
2 P_1 3 3 0 0 0 1 1 1
2 P_1 4 4 0.5 0.5 0.5 1 1 1
2 P_1 5 5 0 0 0 1 1 1
2 P_1 6 6 0 0 0 1 1 1
2 P_1 7 7 0.5 0.5 0.5 1 1 1
2 P_1 8 8 0 0 0 1 1 1
2 P_1 9 9 0.5 0.5 0.5 1 1 1
2 P_1 10 10 0.5 0.5 0.5 1 1 1
2 P_1 11 11 0.5 0.5 0.5 1 1 1
2 P_1 12 12 0.5 0.5 0.5 1 1 1
2 P_1 13 13 0.5 0.5 0.5 1 1 1
2 P_1 14 14 0.5 0.5 0.5 1 1 1
2 P_1 15 15 0.5 0.5 0.5 1 1 1
2 P_1 16 16 0.5 0.5 0.5 1 1 1
2 P_1 17 17 0.5 0.5 0.5 1 1 1
2 P_1 18 18 0.5 0.5 0.5 1 1 1
2 P_1 19 19 0.5 0.5 0.5 1 1 1
2 P_1 20 20 0.5 0.5 0.5 1 1 1
2 P_1 21 21 0.5 0.5 0.5 1 1 1
2 P_1 22 22 0.5 0.5 0.5 1 1 1
2 P_1 23 23 0.5 0.5 0.5 1 1 1
2 P_1 24 24 0 0 0 1 1 1
2 P_1 25 25 0.5 0.5 0.5 1 1 1
2 P_1 26 26 0.5 0.5 0.5 1 1 1
2 P_1 27 27 0.5 0.5 0.5 1 1 1
2 P_1 28 28 0.5 0.5 0.5 1 1 1
2 P_1 29 29 0 0 0 1 1 1
2 P_1 30 30 0.5 0.5 0.5 1 1 1
2 P_1 31 31 0.5 0.5 0.5 1 1 1
2 P_1 32 32 0.5 0.5 0.5 1 1 1
2 P_1 33 33 0 0 0 1 1 1
2 P_1 34 34 0.5 0.5 0.5 1 1 1
2 P_1 35 35 0 0 0 1 1 1
2 P_1 36 36 0 0 0 1 1 1
2 P_1 37 37 0 0 0 1 1 1
2 P_1 38 38 0.5 0.5 0.5 1 1 1
2 P_1 39 39 0 0 0 1 1 1
2 P_1 40 40 0.5 0.5 0.5 1 1 1
2 P_1 41 41 0.5 0.5 0.5 1 1 1
2 P_1 42 42 0.5 0.5 0.5 1 1 1
2 P_1 43 43 0 0 0 1 1 1
2 P_1 44 44 0 0 0 1 1 1
2 P_1 45 45 0.5 0.5 0.5 1 1 1
2 P_1 46 46 0.5 0.5 0.5 1 1 1
2 P_1 47 47 0.5 0.5 0.5 1 1 1
2 P_1 48 48 0.5 0.5 0.5 1 1 1
2 P_1 49 49 0.5 0.5 0.5 1 1 1
2 P_1 50 50 0 0 0 1 1 1
2 P_1 51 51 0 0 0 1 1 1
2 P_1 52 52 0 0 0 1 1 1
2 P_1 53 53 0.5 0.5 0.5 1 1 1
2 P_1 54 54 0.5 0.5 0.5 1 1 1
2 P_1 55 55 0.5 0.5 0.5 1 1 1
2 P_1 56 56 0.5 0.5 0.5 1 1 1
2 P_1 57 57 0 0 0 1 1 1
2 P_1 58 58 0.5 0.5 0.5 1 1 1
2 P_1 59 59 0 0 0 1 1 1
3 P_6 0 0 0.02316825 0.06666666666666667 0.153023 1 1 1
3 P_6 1 1 0.0216869 0.0625 0.144607 1 1 1
3 P_6 2 2 0.02874635 0.07608695652173914 0.163319 1 1 1
3 P_6 3 3 0 0 0 1 1 1
3 P_6 4 4 0.051409 0.11363636363636363 0.2085275 1 1 1
3 P_6 5 5 0 0 0 1 1 1
3 P_6 6 6 0 0 0 1 1 1
3 P_6 7 7 0 0 0 1 1 1
3 P_6 8 8 0 0 0 1 1 1
3 P_6 9 9 0.01910235 0.06097560975609756 0.150896 1 1 1
3 P_6 10 10 0.0216869 0.0625 0.144607 1 1 1
3 P_6 11 11 0.0316456 0.0784313725490196 0.1610165 1 1 1
3 P_6 12 12 0.0234878 0.0625 0.1373285 1 1 1
3 P_6 13 13 0.03298055 0.08163265306122448 0.166747 1 1 1
3 P_6 14 14 0.0475623 0.09836065573770492 0.1759815 1 1 1
3 P_6 15 15 0.0639725 0.13043478260869565 0.2244135 1 1 1
3 P_6 16 16 0.5 0.5 0.5 1 1 1
3 P_6 17 17 0.03600635 0.0945945945945946 0.1966855 1 1 1
3 P_6 18 18 0.061156 0.125 0.216501 1 1 1
3 P_6 19 19 0.0639725 0.13043478260869565 0.2244135 1 1 1
3 P_6 20 20 0.0248514 0.0660377358490566 0.144221 1 1 1
3 P_6 21 21 0.04271635 0.09166666666666666 0.16905 1 1 1
3 P_6 22 22 0.0378634 0.0847457627118644 0.1617605 1 1 1
3 P_6 23 23 0.0415072 0.09259259259259259 0.1748625 1 1 1
3 P_6 24 24 0.392343 0.46226415094339623 0.4897375 1 1 1
3 P_6 25 25 0.0516685 0.11 0.1981445 1 1 1
3 P_6 26 26 0.03443325 0.0851063829787234 0.1728945 1 1 1
3 P_6 27 27 0.0263206 0.06557377049180328 0.13737 1 1 1
3 P_6 28 28 0.03101795 0.07692307692307693 0.158295 1 1 1
3 P_6 29 29 0 0 0 1 1 1
3 P_6 30 30 0.0385059 0.09 0.175527 1 1 1
3 P_6 31 31 0.0136639 0.043859649122807015 0.112664 1 1 1
3 P_6 32 32 0.02265245 0.06521739130434782 0.1501115 1 1 1
3 P_6 33 33 0 0 0 1 1 1
3 P_6 34 34 0.04958905 0.10576923076923077 0.191563 1 1 1
3 P_6 35 35 0.0294049 0.07777777777777778 0.1664635 1 1 1
3 P_6 36 36 0.02874635 0.07608695652173914 0.163319 1 1 1
3 P_6 37 37 0 0 0 1 1 1
3 P_6 38 38 0.0442491 0.09482758620689655 0.1741735 1 1 1
3 P_6 39 39 0.3817085 0.4537037037037037 0.4855655 1 1 1
3 P_6 40 40 0.0405631 0.10606060606060606 0.2162225 1 1 1
3 P_6 41 41 0.03229925 0.08 0.163832 1 1 1
3 P_6 42 42 0.0294049 0.07777777777777778 0.1664635 1 1 1
3 P_6 43 43 0 0 0 1 1 1
3 P_6 44 44 0 0 0 1 1 1
3 P_6 45 45 0.0222662 0.059322033898305086 0.131061 1 1 1
3 P_6 46 46 0.0035076 0.020833333333333332 0.0878815 1 1 1
3 P_6 47 47 0.0483891 0.1 0.1785595 1 1 1
3 P_6 48 48 0.0304147 0.07547169811320754 0.1556635 1 1 1
3 P_6 49 49 0.0410639 0.09574468085106383 0.185173 1 1 1
3 P_6 50 50 0.02215915 0.06382978723404255 0.1473085 1 1 1
3 P_6 51 51 0.0336912 0.08333333333333333 0.1697655 1 1 1
3 P_6 52 52 0 0 0 1 1 1
3 P_6 53 53 0.0483891 0.1 0.1785595 1 1 1
3 P_6 54 54 0.0281167 0.07446808510638298 0.16029 1 1 1
3 P_6 55 55 0.061254 0.11864406779661017 0.200025 1 1 1
3 P_6 56 56 0.0212344 0.061224489795918366 0.142002 1 1 1
3 P_6 57 57 0.03602015 0.08888888888888889 0.179507 1 1 1
3 P_6 58 58 0.00602075 0.026785714285714284 0.0897825 1 1 1
3 P_6 59 59 0 0 0 1 1 1
4 P_5 0 0 0.5 0.5 0.5 1 1 1
4 P_5 1 1 0.5 0.5 0.5 1 1 1
4 P_5 2 2 0.5 0.5 0.5 1 1 1
4 P_5 3 3 0 0 0 1 1 1
4 P_5 4 4 0.5 0.5 0.5 1 1 1
4 P_5 5 5 0.0848535 0.15178571428571427 0.2375685 1 1 1
4 P_5 6 6 0 0 0 1 1 1
4 P_5 7 7 0 0 0 1 1 1
4 P_5 8 8 0 0 0 1 1 1
4 P_5 9 9 0.5 0.5 0.5 1 1 1
4 P_5 10 10 0.5 0.5 0.5 1 1 1
4 P_5 11 11 0.5 0.5 0.5 1 1 1
4 P_5 12 12 0.5 0.5 0.5 1 1 1
4 P_5 13 13 0.5 0.5 0.5 1 1 1
4 P_5 14 14 0.5 0.5 0.5 1 1 1
4 P_5 15 15 0.5 0.5 0.5 1 1 1
4 P_5 16 16 0.5 0.5 0.5 1 1 1
4 P_5 17 17 0.5 0.5 0.5 1 1 1
4 P_5 18 18 0.5 0.5 0.5 1 1 1
4 P_5 19 19 0.5 0.5 0.5 1 1 1
4 P_5 20 20 0.5 0.5 0.5 1 1 1
4 P_5 21 21 0.5 0.5 0.5 1 1 1
4 P_5 22 22 0.5 0.5 0.5 1 1 1
4 P_5 23 23 0.5 0.5 0.5 1 1 1
4 P_5 24 24 0 0 0 1 1 1
4 P_5 25 25 0.5 0.5 0.5 1 1 1
4 P_5 26 26 0.5 0.5 0.5 1 1 1
4 P_5 27 27 0.5 0.5 0.5 1 1 1
4 P_5 28 28 0.5 0.5 0.5 1 1 1
4 P_5 29 29 0.01561895 0.05714285714285714 0.15512 1 1 1
4 P_5 30 30 0.5 0.5 0.5 1 1 1
4 P_5 31 31 0.5 0.5 0.5 1 1 1
4 P_5 32 32 0.5 0.5 0.5 1 1 1
4 P_5 33 33 0.05721 0.11403508771929824 0.1965015 1 1 1
4 P_5 34 34 0.5 0.5 0.5 1 1 1
4 P_5 35 35 0.178212 0.2641509433962264 0.347229 1 1 1
4 P_5 36 36 0 0 0 1 1 1
4 P_5 37 37 0 0 0 1 1 1
4 P_5 38 38 0.5 0.5 0.5 1 1 1
4 P_5 39 39 0 0 0 1 1 1
4 P_5 40 40 0.5 0.5 0.5 1 1 1
4 P_5 41 41 0.5 0.5 0.5 1 1 1
4 P_5 42 42 0.5 0.5 0.5 1 1 1
4 P_5 43 43 0.0499118 0.11538461538461539 0.2168435 1 1 1
4 P_5 44 44 0 0 0 1 1 1
4 P_5 45 45 0.5 0.5 0.5 1 1 1
4 P_5 46 46 0.5 0.5 0.5 1 1 1
4 P_5 47 47 0.5 0.5 0.5 1 1 1
4 P_5 48 48 0.5 0.5 0.5 1 1 1
4 P_5 49 49 0.5 0.5 0.5 1 1 1
4 P_5 50 50 0.04405165 0.09803921568627451 0.18378 1 1 1
4 P_5 51 51 0 0 0 1 1 1
4 P_5 52 52 0 0 0 1 1 1
4 P_5 53 53 0.5 0.5 0.5 1 1 1
4 P_5 54 54 0.5 0.5 0.5 1 1 1
4 P_5 55 55 0.5 0.5 0.5 1 1 1
4 P_5 56 56 0.5 0.5 0.5 1 1 1
4 P_5 57 57 0 0 0 1 1 1
4 P_5 58 58 0.5 0.5 0.5 1 1 1
4 P_5 59 59 0.0672525 0.12962962962962962 0.2158925 1 1 1
5 P_8 0 0 0.3389835 0.4215686274509804 0.4683545 1 1 1
5 P_8 1 1 0.36058 0.43333333333333335 0.473229 1 1 1
5 P_8 2 2 0.3661195 0.44680851063829785 0.483379 1 1 1
5 P_8 3 3 0 0 0 1 1 1
5 P_8 4 4 0.3635535 0.44565217391304346 0.483011 1 1 1
5 P_8 5 5 0 0 0 1 1 1
5 P_8 6 6 0 0 0 1 1 1
5 P_8 7 7 0 0 0 1 1 1
5 P_8 8 8 0.03298055 0.08163265306122448 0.166747 1 1 1
5 P_8 9 9 0.319665 0.4146341463414634 0.467628 1 1 1
5 P_8 10 10 0.358469 0.4322033898305085 0.472763 1 1 1
5 P_8 11 11 0.398647 0.46938775510204084 0.493116 1 1 1
5 P_8 12 12 0.338883 0.4342105263157895 0.4793565 1 1 1
5 P_8 13 13 0.392343 0.46226415094339623 0.4897375 1 1 1
5 P_8 14 14 0.306359 0.3958333333333333 0.4530705 1 1 1
5 P_8 15 15 0.336168 0.42 0.4677005 1 1 1
5 P_8 16 16 0.5 0.5 0.5 1 1 1
5 P_8 17 17 0.3498885 0.43478260869565216 0.4773475 1 1 1
5 P_8 18 18 0.426095 0.4827586206896552 0.4970955 1 1 1
5 P_8 19 19 0.3796975 0.4491525423728814 0.482431 1 1 1
5 P_8 20 20 0.362938 0.4411764705882353 0.479616 1 1 1
5 P_8 21 21 0.366555 0.4365079365079365 0.474536 1 1 1
5 P_8 22 22 0.336681 0.42391304347826086 0.4712535 1 1 1
5 P_8 23 23 0.400881 0.47619047619047616 0.495993 1 1 1
5 P_8 24 24 0.03101795 0.07692307692307693 0.158295 1 1 1
5 P_8 25 25 0.3341225 0.4268292682926829 0.47451 1 1 1
5 P_8 26 26 0.421073 0.48148148148148145 0.496881 1 1 1
5 P_8 27 27 0.3675485 0.44339622641509435 0.480401 1 1 1
5 P_8 28 28 0.386547 0.46 0.4891155 1 1 1
5 P_8 29 29 0 0 0 1 1 1
5 P_8 30 30 0.3635535 0.44565217391304346 0.483011 1 1 1
5 P_8 31 31 0.398599 0.4609375 0.487849 1 1 1
5 P_8 32 32 0.2920285 0.3902439024390244 0.4526405 1 1 1
5 P_8 33 33 0 0 0 1 1 1
5 P_8 34 34 0.3785475 0.4625 0.491559 1 1 1
5 P_8 35 35 0.226414 0.3125 0.386584 1 1 1
5 P_8 36 36 0.2496495 0.3283582089552239 0.3943525 1 1 1
5 P_8 37 37 0 0 0 1 1 1
5 P_8 38 38 0.33095 0.4083333333333333 0.4572835 1 1 1
5 P_8 39 39 0.01088445 0.04 0.113453 1 1 1
5 P_8 40 40 0.407821 0.4647887323943662 0.4890605 1 1 1
5 P_8 41 41 0.3533265 0.4326923076923077 0.474658 1 1 1
5 P_8 42 42 0.345207 0.41935483870967744 0.4640305 1 1 1
5 P_8 43 43 0 0 0 1 1 1
5 P_8 44 44 0 0 0 1 1 1
5 P_8 45 45 0.3718605 0.44545454545454544 0.481128 1 1 1
5 P_8 46 46 0.3158335 0.4125 0.4667905 1 1 1
5 P_8 47 47 0.3581515 0.4351851851851852 0.4756205 1 1 1
5 P_8 48 48 0.3956165 0.4596774193548387 0.487452 1 1 1
5 P_8 49 49 0.361775 0.45 0.486359 1 1 1
5 P_8 50 50 0.2655735 0.35714285714285715 0.4254395 1 1 1
5 P_8 51 51 0.1830465 0.27906976744186046 0.3679655 1 1 1
5 P_8 52 52 0 0 0 1 1 1
5 P_8 53 53 0.3898145 0.45384615384615384 0.4840795 1 1 1
5 P_8 54 54 0.380539 0.47058823529411764 0.4950545 1 1 1
5 P_8 55 55 0.320493 0.4111111111111111 0.46398 1 1 1
5 P_8 56 56 0.34063 0.4166666666666667 0.46279 1 1 1
5 P_8 57 57 0.204668 0.29245283018867924 0.371655 1 1 1
5 P_8 58 58 0.3410635 0.41964285714285715 0.4657585 1 1 1
5 P_8 59 59 0 0 0 1 1 1
6 P_4 0 0 0.135667 0.211864406779661 0.2950375 1 1 1
6 P_4 1 1 0.152771 0.2358490566037736 0.321788 1 1 1
6 P_4 2 2 0.161021 0.2413793103448276 0.32334 1 1 1
6 P_4 3 3 0 0 0 1 1 1
6 P_4 4 4 0.1821125 0.2692307692307692 0.3523915 1 1 1
6 P_4 5 5 0 0 0 1 1 1
6 P_4 6 6 0.1732935 0.2542372881355932 0.334406 1 1 1
6 P_4 7 7 0 0 0 1 1 1
6 P_4 8 8 0 0 0 1 1 1
6 P_4 9 9 0.1522705 0.23958333333333334 0.329205 1 1 1
6 P_4 10 10 0.2134705 0.3 0.376764 1 1 1
6 P_4 11 11 0.1118345 0.19 0.280968 1 1 1
6 P_4 12 12 0.1522705 0.23958333333333334 0.329205 1 1 1
6 P_4 13 13 0.162646 0.23333333333333334 0.3064515 1 1 1
6 P_4 14 14 0.1287065 0.2159090909090909 0.3112965 1 1 1
6 P_4 15 15 0.15084 0.23529411764705882 0.32283 1 1 1
6 P_4 16 16 0.5 0.5 0.5 1 1 1
6 P_4 17 17 0.12589 0.20175438596491227 0.286733 1 1 1
6 P_4 18 18 0.0986675 0.17777777777777778 0.273867 1 1 1
6 P_4 19 19 0.18121 0.27 0.354521 1 1 1
6 P_4 20 20 0.1579185 0.25 0.3420815 1 1 1
6 P_4 21 21 0.172084 0.26 0.3457815 1 1 1
6 P_4 22 22 0.19534 0.28431372549019607 0.3660975 1 1 1
6 P_4 23 23 0.19534 0.28431372549019607 0.3660975 1 1 1
6 P_4 24 24 0 0 0 1 1 1
6 P_4 25 25 0.186193 0.27450980392156865 0.357691 1 1 1
6 P_4 26 26 0.141868 0.23255813953488372 0.327525 1 1 1
6 P_4 27 27 0.157981 0.23728813559322035 0.3189205 1 1 1
6 P_4 28 28 0.153337 0.23275862068965517 0.315385 1 1 1
6 P_4 29 29 0 0 0 1 1 1
6 P_4 30 30 0.144323 0.23333333333333334 0.3262635 1 1 1
6 P_4 31 31 0.112641 0.18867924528301888 0.277113 1 1 1
6 P_4 32 32 0.162468 0.23846153846153847 0.3163825 1 1 1
6 P_4 33 33 0 0 0 1 1 1
6 P_4 34 34 0.12839 0.21 0.3001465 1 1 1
6 P_4 35 35 0.1733105 0.25961538461538464 0.3439415 1 1 1
6 P_4 36 36 0.026771 0.06666666666666667 0.13942 1 1 1
6 P_4 37 37 0 0 0 1 1 1
6 P_4 38 38 0.17666 0.25862068965517243 0.338979 1 1 1
6 P_4 39 39 0.1931155 0.2948717948717949 0.3846045 1 1 1
6 P_4 40 40 0.145479 0.23 0.31879 1 1 1
6 P_4 41 41 0.138708 0.21818181818181817 0.3038705 1 1 1
6 P_4 42 42 0.15084 0.23529411764705882 0.32283 1 1 1
6 P_4 43 43 0 0 0 1 1 1
6 P_4 44 44 0.128345 0.20754716981132076 0.295332 1 1 1
6 P_4 45 45 0.082192 0.15306122448979592 0.2449915 1 1 1
6 P_4 46 46 0.125553 0.20833333333333334 0.3003475 1 1 1
6 P_4 47 47 0.14316 0.2375 0.335114 1 1 1
6 P_4 48 48 0.138708 0.21818181818181817 0.3038705 1 1 1
6 P_4 49 49 0.116938 0.19791666666666666 0.2904365 1 1 1
6 P_4 50 50 0.165351 0.2553191489361702 0.344085 1 1 1
6 P_4 51 51 0.0126776 0.046511627906976744 0.1297345 1 1 1
6 P_4 52 52 0.1697435 0.2692307692307692 0.3635645 1 1 1
6 P_4 53 53 0.189301 0.2826086956521739 0.3684005 1 1 1
6 P_4 54 54 0.145479 0.23 0.31879 1 1 1
6 P_4 55 55 0.1801635 0.2631578947368421 0.343666 1 1 1
6 P_4 56 56 0.1771965 0.27380952380952384 0.3644575 1 1 1
6 P_4 57 57 0.030817 0.08139534883720931 0.1731255 1 1 1
6 P_4 58 58 0.1682705 0.2549019607843137 0.3405065 1 1 1
6 P_4 59 59 0 0 0 1 1 1
7 P_0 0 0 0.3335365 0.4222222222222222 0.470595 1 1 1
7 P_0 1 1 0.271735 0.35714285714285715 0.4219905 1 1 1
7 P_0 2 2 0.2706565 0.3584905660377358 0.424412 1 1 1
7 P_0 3 3 0.01998355 0.057692307692307696 0.1347175 1 1 1
7 P_0 4 4 0.2572635 0.35106382978723405 0.4220485 1 1 1
7 P_0 5 5 0 0 0 1 1 1
7 P_0 6 6 0 0 0 1 1 1
7 P_0 7 7 0 0 0 1 1 1
7 P_0 8 8 0 0 0 1 1 1
7 P_0 9 9 0.281169 0.36607142857142855 0.428705 1 1 1
7 P_0 10 10 0.231247 0.3181818181818182 0.391802 1 1 1
7 P_0 11 11 0.285245 0.36507936507936506 0.4251395 1 1 1
7 P_0 12 12 0.296203 0.39285714285714285 0.453821 1 1 1
7 P_0 13 13 0.2538235 0.3611111111111111 0.4364425 1 1 1
7 P_0 14 14 0.2908835 0.38 0.4414215 1 1 1
7 P_0 15 15 0.294814 0.3854166666666667 0.4460695 1 1 1
7 P_0 16 16 0.5 0.5 0.5 1 1 1
7 P_0 17 17 0.2907705 0.37735849056603776 0.4382375 1 1 1
7 P_0 18 18 0.2387715 0.33 0.4041635 1 1 1
7 P_0 19 19 0.294814 0.3854166666666667 0.4460695 1 1 1
7 P_0 20 20 0.204589 0.29591836734693877 0.377264 1 1 1
7 P_0 21 21 0.238073 0.3220338983050847 0.392822 1 1 1
7 P_0 22 22 0.2630835 0.35294117647058826 0.421249 1 1 1
7 P_0 23 23 0.252979 0.3431372549019608 0.413794 1 1 1
7 P_0 24 24 0.0501325 0.10344827586206896 0.183945 1 1 1
7 P_0 25 25 0.311375 0.40217391304347827 0.458006 1 1 1
7 P_0 26 26 0.2387715 0.33 0.4041635 1 1 1
7 P_0 27 27 0.1938055 0.29069767441860467 0.377612 1 1 1
7 P_0 28 28 0.3385175 0.41818181818181815 0.4651145 1 1 1
7 P_0 29 29 0 0 0 1 1 1
7 P_0 30 30 0.2920285 0.3902439024390244 0.4526405 1 1 1
7 P_0 31 31 0.2755865 0.3695652173913043 0.4360275 1 1 1
7 P_0 32 32 0.2784815 0.3620689655172414 0.4248465 1 1 1
7 P_0 33 33 0 0 0 1 1 1
7 P_0 34 34 0.2587265 0.3384615384615385 0.4034295 1 1 1
7 P_0 35 35 0.2787495 0.3780487804878049 0.444624 1 1 1
7 P_0 36 36 0 0 0 1 1 1
7 P_0 37 37 0 0 0 1 1 1
7 P_0 38 38 0.2552685 0.3522727272727273 0.4247485 1 1 1
7 P_0 39 39 0.0699705 0.13157894736842105 0.215533 1 1 1
7 P_0 40 40 0.25164 0.33620689655172414 0.404758 1 1 1
7 P_0 41 41 0.252979 0.3431372549019608 0.413794 1 1 1
7 P_0 42 42 0.2552075 0.3389830508474576 0.40649 1 1 1
7 P_0 43 43 0 0 0 1 1 1
7 P_0 44 44 0 0 0 1 1 1
7 P_0 45 45 0.294814 0.3854166666666667 0.4460695 1 1 1
7 P_0 46 46 0.31754 0.4 0.4532335 1 1 1
7 P_0 47 47 0.279612 0.3723404255319149 0.4374675 1 1 1
7 P_0 48 48 0.316226 0.3923076923076923 0.4446645 1 1 1
7 P_0 49 49 0.2784375 0.3815789473684211 0.4487055 1 1 1
7 P_0 50 50 0.2873315 0.375 0.4369835 1 1 1
7 P_0 51 51 0 0 0 1 1 1
7 P_0 52 52 0 0 0 1 1 1
7 P_0 53 53 0.26666 0.34615384615384615 0.409598 1 1 1
7 P_0 54 54 0.2848485 0.36666666666666664 0.4275 1 1 1
7 P_0 55 55 0.220312 0.31521739130434784 0.3950955 1 1 1
7 P_0 56 56 0.2798545 0.359375 0.420375 1 1 1
7 P_0 57 57 0 0 0 1 1 1
7 P_0 58 58 0.232288 0.32954545454545453 0.4077155 1 1 1
7 P_0 59 59 0 0 0 1 1 1
8 P_2 0 0 0.5 0.5 0.5 1 1 1
8 P_2 1 1 0.5 0.5 0.5 1 1 1
8 P_2 2 2 0.5 0.5 0.5 1 1 1
8 P_2 3 3 0 0 0 1 1 1
8 P_2 4 4 0.5 0.5 0.5 1 1 1
8 P_2 5 5 0 0 0 1 1 1
8 P_2 6 6 0 0 0 1 1 1
8 P_2 7 7 0.090009 0.16037735849056603 0.248855 1 1 1
8 P_2 8 8 0 0 0 1 1 1
8 P_2 9 9 0.5 0.5 0.5 1 1 1
8 P_2 10 10 0.5 0.5 0.5 1 1 1
8 P_2 11 11 0.5 0.5 0.5 1 1 1
8 P_2 12 12 0.5 0.5 0.5 1 1 1
8 P_2 13 13 0.5 0.5 0.5 1 1 1
8 P_2 14 14 0.5 0.5 0.5 1 1 1
8 P_2 15 15 0.5 0.5 0.5 1 1 1
8 P_2 16 16 0.5 0.5 0.5 1 1 1
8 P_2 17 17 0.5 0.5 0.5 1 1 1
8 P_2 18 18 0.5 0.5 0.5 1 1 1
8 P_2 19 19 0.5 0.5 0.5 1 1 1
8 P_2 20 20 0.5 0.5 0.5 1 1 1
8 P_2 21 21 0.5 0.5 0.5 1 1 1
8 P_2 22 22 0.5 0.5 0.5 1 1 1
8 P_2 23 23 0.5 0.5 0.5 1 1 1
8 P_2 24 24 0 0 0 1 1 1
8 P_2 25 25 0.5 0.5 0.5 1 1 1
8 P_2 26 26 0.5 0.5 0.5 1 1 1
8 P_2 27 27 0.5 0.5 0.5 1 1 1
8 P_2 28 28 0.5 0.5 0.5 1 1 1
8 P_2 29 29 0 0 0 1 1 1
8 P_2 30 30 0.5 0.5 0.5 1 1 1
8 P_2 31 31 0.5 0.5 0.5 1 1 1
8 P_2 32 32 0.5 0.5 0.5 1 1 1
8 P_2 33 33 0 0 0 1 1 1
8 P_2 34 34 0.5 0.5 0.5 1 1 1
8 P_2 35 35 0.15598 0.25 0.34402 1 1 1
8 P_2 36 36 0.238073 0.3220338983050847 0.392822 1 1 1
8 P_2 37 37 0.0378634 0.0847457627118644 0.1617605 1 1 1
8 P_2 38 38 0.5 0.5 0.5 1 1 1
8 P_2 39 39 0 0 0 1 1 1
8 P_2 40 40 0.5 0.5 0.5 1 1 1
8 P_2 41 41 0.5 0.5 0.5 1 1 1
8 P_2 42 42 0.5 0.5 0.5 1 1 1
8 P_2 43 43 0 0 0 1 1 1
8 P_2 44 44 0 0 0 1 1 1
8 P_2 45 45 0.5 0.5 0.5 1 1 1
8 P_2 46 46 0.5 0.5 0.5 1 1 1
8 P_2 47 47 0.5 0.5 0.5 1 1 1
8 P_2 48 48 0.5 0.5 0.5 1 1 1
8 P_2 49 49 0.5 0.5 0.5 1 1 1
8 P_2 50 50 0.1200445 0.2 0.2906255 1 1 1
8 P_2 51 51 0.19534 0.28431372549019607 0.3660975 1 1 1
8 P_2 52 52 0 0 0 1 1 1
8 P_2 53 53 0.5 0.5 0.5 1 1 1
8 P_2 54 54 0.5 0.5 0.5 1 1 1
8 P_2 55 55 0.5 0.5 0.5 1 1 1
8 P_2 56 56 0.5 0.5 0.5 1 1 1
8 P_2 57 57 0.209066 0.29464285714285715 0.3716455 1 1 1
8 P_2 58 58 0.5 0.5 0.5 1 1 1
8 P_2 59 59 0 0 0 1 1 1
9 P_7 0 0 0.185445 0.2755102040816326 0.3600285 1 1 1
9 P_7 1 1 0.1355425 0.2261904761904762 0.3228035 1 1 1
9 P_7 2 2 0.226133 0.32222222222222224 0.4013325 1 1 1
9 P_7 3 3 0 0 0 1 1 1
9 P_7 4 4 0.233767 0.3333333333333333 0.41203650000000003 1 1 1
9 P_7 5 5 0 0 0 1 1 1
9 P_7 6 6 0.01910235 0.06097560975609756 0.150896 1 1 1
9 P_7 7 7 0 0 0 1 1 1
9 P_7 8 8 0.0927345 0.175 0.2768975 1 1 1
9 P_7 9 9 0.1408225 0.22826086956521738 0.32071 1 1 1
9 P_7 10 10 0.2093745 0.3 0.3799555 1 1 1
9 P_7 11 11 0.232179 0.32075471698113206 0.39503 1 1 1
9 P_7 12 12 0.149673 0.24390243902439024 0.3396935 1 1 1
9 P_7 13 13 0.224301 0.3163265306122449 0.393934 1 1 1
9 P_7 14 14 0.143221 0.22916666666666666 0.31973 1 1 1
9 P_7 15 15 0.2098085 0.30434782608695654 0.386363 1 1 1
9 P_7 16 16 0.5 0.5 0.5 1 1 1
9 P_7 17 17 0.149673 0.24390243902439024 0.3396935 1 1 1
9 P_7 18 18 0.149622 0.23148148148148148 0.317021 1 1 1
9 P_7 19 19 0.1991265 0.3 0.3877805 1 1 1
9 P_7 20 20 0.1694375 0.2608695652173913 0.3497965 1 1 1
9 P_7 21 21 0.238073 0.3220338983050847 0.392822 1 1 1
9 P_7 22 22 0.1838125 0.26785714285714285 0.3484715 1 1 1
9 P_7 23 23 0.2837805 0.37254901960784315 0.435677 1 1 1
9 P_7 24 24 0.0884325 0.15517241379310345 0.2395275 1 1 1
9 P_7 25 25 0.1697435 0.2692307692307692 0.3635645 1 1 1
9 P_7 26 26 0.2841075 0.37037037037037035 0.4327475 1 1 1
9 P_7 27 27 0.2140155 0.30392156862745096 0.3825305 1 1 1
9 P_7 28 28 0.158409 0.2564102564102564 0.3526935 1 1 1
9 P_7 29 29 0.2379855 0.3161764705882353 0.3837775 1 1 1
9 P_7 30 30 0.159452 0.24107142857142858 0.32440600000000003 1 1 1
9 P_7 31 31 0.2727635 0.3559322033898305 0.41974 1 1 1
9 P_7 32 32 0.2403055 0.32727272727272727 0.399152 1 1 1
9 P_7 33 33 0.217354 0.3017241379310345 0.376481 1 1 1
9 P_7 34 34 0.1898885 0.28125 0.3656855 1 1 1
9 P_7 35 35 0.164626 0.25 0.335374 1 1 1
9 P_7 36 36 0 0 0 1 1 1
9 P_7 37 37 0 0 0 1 1 1
9 P_7 38 38 0.2387715 0.33 0.4041635 1 1 1
9 P_7 39 39 0.148579 0.22807017543859648 0.3117045 1 1 1
9 P_7 40 40 0.186193 0.27450980392156865 0.357691 1 1 1
9 P_7 41 41 0.220571 0.30158730158730157 0.3737315 1 1 1
9 P_7 42 42 0.172084 0.26 0.3457815 1 1 1
9 P_7 43 43 0.2817105 0.3644067796610169 0.426197 1 1 1
9 P_7 44 44 0.01342505 0.04310344827586207 0.110905 1 1 1
9 P_7 45 45 0.2003045 0.28703703703703703 0.3664105 1 1 1
9 P_7 46 46 0.213101 0.2966101694915254 0.3715935 1 1 1
9 P_7 47 47 0.1830465 0.27906976744186046 0.3679655 1 1 1
9 P_7 48 48 0.2047465 0.2909090909090909 0.369081 1 1 1
9 P_7 49 49 0.1522705 0.23958333333333334 0.329205 1 1 1
9 P_7 50 50 0.190466 0.28 0.363131 1 1 1
9 P_7 51 51 0 0 0 1 1 1
9 P_7 52 52 0.0192285 0.05555555555555555 0.13026 1 1 1
9 P_7 53 53 0.218518 0.3076923076923077 0.384996 1 1 1
9 P_7 54 54 0.14316 0.2375 0.335114 1 1 1
9 P_7 55 55 0.195735 0.2830188679245283 0.363627 1 1 1
9 P_7 56 56 0.1476085 0.23076923076923078 0.3178875 1 1 1
9 P_7 57 57 0 0 0 1 1 1
9 P_7 58 58 0.171146 0.2682926829268293 0.360755 1 1 1
9 P_7 59 59 0.2430255 0.3333333333333333 0.406189 1 1 1
