2 #m
1093 #n
0 P_8 0 0 0 0 0 1 1 1
0 P_8 1 1 0.5 0.5 0.5 1 1 1
0 P_8 2 2 0.5 0.5 0.5 1 1 1
0 P_8 3 3 0.3168535 0.3360655737704918 0.3543255 1 1 1
0 P_8 4 4 0 0 0 1 1 1
0 P_8 5 5 0.308969 0.3290289256198347 0.3481525 1 1 1
0 P_8 6 6 0.5 0.5 0.5 1 1 1
0 P_8 7 7 0.5 0.5 0.5 1 1 1
0 P_8 8 8 0.5 0.5 0.5 1 1 1
0 P_8 9 9 0 0 0 1 1 1
0 P_8 10 10 0.5 0.5 0.5 1 1 1
0 P_8 11 11 0 0 0 1 1 1
0 P_8 12 12 0 0 0 1 1 1
0 P_8 13 13 0 0 0 1 1 1
0 P_8 14 14 0 0 0 1 1 1
0 P_8 15 15 0 0 0 1 1 1
0 P_8 16 16 0.3175915 0.3371859296482412 0.3557755 1 1 1
0 P_8 17 17 0.5 0.5 0.5 1 1 1
0 P_8 18 18 0 0 0 1 1 1
0 P_8 19 19 0 0 0 1 1 1
0 P_8 20 20 0 0 0 1 1 1
0 P_8 21 21 0.5 0.5 0.5 1 1 1
0 P_8 22 22 0.3227075 0.3426610348468849 0.3614925 1 1 1
0 P_8 23 23 0.5 0.5 0.5 1 1 1
0 P_8 24 24 0.5 0.5 0.5 1 1 1
0 P_8 25 25 0.5 0.5 0.5 1 1 1
0 P_8 26 26 0 0 0 1 1 1
0 P_8 27 27 0 0 0 1 1 1
0 P_8 28 28 0.5 0.5 0.5 1 1 1
0 P_8 29 29 0 0 0 1 1 1
0 P_8 30 30 0 0 0 1 1 1
0 P_8 31 31 0.5 0.5 0.5 1 1 1
0 P_8 32 32 0.5 0.5 0.5 1 1 1
0 P_8 33 33 0 0 0 1 1 1
0 P_8 34 34 0 0 0 1 1 1
0 P_8 35 35 0.5 0.5 0.5 1 1 1
0 P_8 36 36 0 0 0 1 1 1
0 P_8 37 37 0.5 0.5 0.5 1 1 1
0 P_8 38 38 0.5 0.5 0.5 1 1 1
0 P_8 39 39 0.1514515 0.17038539553752535 0.1902455 1 1 1
0 P_8 40 40 0.5 0.5 0.5 1 1 1
0 P_8 41 41 0 0 0 1 1 1
0 P_8 42 42 0 0 0 1 1 1
0 P_8 43 43 0 0 0 1 1 1
0 P_8 44 44 0 0 0 1 1 1
0 P_8 45 45 0 0 0 1 1 1
0 P_8 46 46 0.5 0.5 0.5 1 1 1
0 P_8 47 47 0.5 0.5 0.5 1 1 1
0 P_8 48 48 0 0 0 1 1 1
0 P_8 49 49 0 0 0 1 1 1
0 P_8 50 50 0 0 0 1 1 1
0 P_8 51 51 0 0 0 1 1 1
0 P_8 52 52 0 0 0 1 1 1
0 P_8 53 53 0 0 0 1 1 1
0 P_8 54 54 0.5 0.5 0.5 1 1 1
0 P_8 55 55 0.5 0.5 0.5 1 1 1
0 P_8 56 56 0.5 0.5 0.5 1 1 1
0 P_8 57 57 0.5 0.5 0.5 1 1 1
0 P_8 58 58 0 0 0 1 1 1
0 P_8 59 59 0 0 0 1 1 1
0 P_8 60 60 0 0 0 1 1 1
0 P_8 61 61 0.5 0.5 0.5 1 1 1
0 P_8 62 62 0 0 0 1 1 1
0 P_8 63 63 0.5 0.5 0.5 1 1 1
0 P_8 64 64 0 0 0 1 1 1
0 P_8 65 65 0 0 0 1 1 1
0 P_8 66 66 0 0 0 1 1 1
0 P_8 67 67 0 0 0 1 1 1
0 P_8 68 68 0 0 0 1 1 1
0 P_8 69 69 0 0 0 1 1 1
0 P_8 70 70 0.5 0.5 0.5 1 1 1
0 P_8 71 71 0 0 0 1 1 1
0 P_8 72 72 0 0 0 1 1 1
0 P_8 73 73 0.5 0.5 0.5 1 1 1
0 P_8 74 74 0 0 0 1 1 1
0 P_8 75 75 0.153934 0.1724137931034483 0.191746 1 1 1
0 P_8 76 76 0.3059265 0.3263888888888889 0.3459155 1 1 1
0 P_8 77 77 0 0 0 1 1 1
0 P_8 78 78 0 0 0 1 1 1
0 P_8 79 79 0.5 0.5 0.5 1 1 1
0 P_8 80 80 0.5 0.5 0.5 1 1 1
0 P_8 81 81 0 0 0 1 1 1
0 P_8 82 82 0 0 0 1 1 1
0 P_8 83 83 0 0 0 1 1 1
0 P_8 84 84 0.5 0.5 0.5 1 1 1
0 P_8 85 85 0 0 0 1 1 1
0 P_8 86 86 0.5 0.5 0.5 1 1 1
0 P_8 87 87 0 0 0 1 1 1
0 P_8 88 88 0 0 0 1 1 1
0 P_8 89 89 0 0 0 1 1 1
0 P_8 90 90 0 0 0 1 1 1
0 P_8 91 91 0.5 0.5 0.5 1 1 1
0 P_8 92 92 0 0 0 1 1 1
0 P_8 93 93 0 0 0 1 1 1
0 P_8 94 94 0.5 0.5 0.5 1 1 1
0 P_8 95 95 0 0 0 1 1 1
0 P_8 96 96 0 0 0 1 1 1
0 P_8 97 97 0.5 0.5 0.5 1 1 1
0 P_8 98 98 0 0 0 1 1 1
0 P_8 99 99 0 0 0 1 1 1
0 P_8 100 100 0.306819 0.3265407554671968 0.34539 1 1 1
0 P_8 101 101 0 0 0 1 1 1
0 P_8 102 102 0 0 0 1 1 1
0 P_8 103 103 0 0 0 1 1 1
0 P_8 104 104 0 0 0 1 1 1
0 P_8 105 105 0 0 0 1 1 1
0 P_8 106 106 0 0 0 1 1 1
0 P_8 107 107 0 0 0 1 1 1
0 P_8 108 108 0 0 0 1 1 1
0 P_8 109 109 0 0 0 1 1 1
0 P_8 110 110 0.5 0.5 0.5 1 1 1
0 P_8 111 111 0.5 0.5 0.5 1 1 1
0 P_8 112 112 0 0 0 1 1 1
0 P_8 113 113 0.5 0.5 0.5 1 1 1
0 P_8 114 114 0 0 0 1 1 1
0 P_8 115 115 0 0 0 1 1 1
0 P_8 116 116 0 0 0 1 1 1
0 P_8 117 117 0 0 0 1 1 1
0 P_8 118 118 0 0 0 1 1 1
0 P_8 119 119 0 0 0 1 1 1
0 P_8 120 120 0.5 0.5 0.5 1 1 1
0 P_8 121 121 0.5 0.5 0.5 1 1 1
0 P_8 122 122 0.5 0.5 0.5 1 1 1
0 P_8 123 123 0.5 0.5 0.5 1 1 1
0 P_8 124 124 0 0 0 1 1 1
0 P_8 125 125 0 0 0 1 1 1
0 P_8 126 126 0 0 0 1 1 1
0 P_8 127 127 0.5 0.5 0.5 1 1 1
0 P_8 128 128 0 0 0 1 1 1
0 P_8 129 129 0 0 0 1 1 1
0 P_8 130 130 0.5 0.5 0.5 1 1 1
0 P_8 131 131 0.1430045 0.1617195496417605 0.1814705 1 1 1
0 P_8 132 132 0.5 0.5 0.5 1 1 1
0 P_8 133 133 0.5 0.5 0.5 1 1 1
0 P_8 134 134 0.5 0.5 0.5 1 1 1
0 P_8 135 135 0 0 0 1 1 1
0 P_8 136 136 0 0 0 1 1 1
0 P_8 137 137 0.5 0.5 0.5 1 1 1
0 P_8 138 138 0.5 0.5 0.5 1 1 1
0 P_8 139 139 0 0 0 1 1 1
0 P_8 140 140 0 0 0 1 1 1
0 P_8 141 141 0.5 0.5 0.5 1 1 1
0 P_8 142 142 0 0 0 1 1 1
0 P_8 143 143 0.5 0.5 0.5 1 1 1
0 P_8 144 144 0.5 0.5 0.5 1 1 1
0 P_8 145 145 0.5 0.5 0.5 1 1 1
0 P_8 146 146 0 0 0 1 1 1
0 P_8 147 147 0.5 0.5 0.5 1 1 1
0 P_8 148 148 0.5 0.5 0.5 1 1 1
0 P_8 149 149 0 0 0 1 1 1
0 P_8 150 150 0 0 0 1 1 1
0 P_8 151 151 0 0 0 1 1 1
0 P_8 152 152 0 0 0 1 1 1
0 P_8 153 153 0.087779 0.10357142857142858 0.121077 1 1 1
0 P_8 154 154 0 0 0 1 1 1
0 P_8 155 155 0.5 0.5 0.5 1 1 1
0 P_8 156 156 0 0 0 1 1 1
0 P_8 157 157 0 0 0 1 1 1
0 P_8 158 158 0.5 0.5 0.5 1 1 1
0 P_8 159 159 0.5 0.5 0.5 1 1 1
0 P_8 160 160 0.5 0.5 0.5 1 1 1
0 P_8 161 161 0 0 0 1 1 1
0 P_8 162 162 0.5 0.5 0.5 1 1 1
0 P_8 163 163 0 0 0 1 1 1
0 P_8 164 164 0.5 0.5 0.5 1 1 1
0 P_8 165 165 0 0 0 1 1 1
0 P_8 166 166 0.5 0.5 0.5 1 1 1
0 P_8 167 167 0 0 0 1 1 1
0 P_8 168 168 0.5 0.5 0.5 1 1 1
0 P_8 169 169 0.5 0.5 0.5 1 1 1
0 P_8 170 170 0.5 0.5 0.5 1 1 1
0 P_8 171 171 0 0 0 1 1 1
0 P_8 172 172 0.5 0.5 0.5 1 1 1
0 P_8 173 173 0.5 0.5 0.5 1 1 1
0 P_8 174 174 0.5 0.5 0.5 1 1 1
0 P_8 175 175 0.5 0.5 0.5 1 1 1
0 P_8 176 176 0.5 0.5 0.5 1 1 1
0 P_8 177 177 0 0 0 1 1 1
0 P_8 178 178 0 0 0 1 1 1
0 P_8 179 179 0 0 0 1 1 1
0 P_8 180 180 0 0 0 1 1 1
0 P_8 181 181 0 0 0 1 1 1
0 P_8 182 182 0.5 0.5 0.5 1 1 1
0 P_8 183 183 0.5 0.5 0.5 1 1 1
0 P_8 184 184 0.5 0.5 0.5 1 1 1
0 P_8 185 185 0.5 0.5 0.5 1 1 1
0 P_8 186 186 0 0 0 1 1 1
0 P_8 187 187 0.5 0.5 0.5 1 1 1
0 P_8 188 188 0 0 0 1 1 1
0 P_8 189 189 0 0 0 1 1 1
0 P_8 190 190 0.5 0.5 0.5 1 1 1
0 P_8 191 191 0.5 0.5 0.5 1 1 1
0 P_8 192 192 0.30752 0.32711198428290766 0.345835 1 1 1
0 P_8 193 193 0 0 0 1 1 1
0 P_8 194 194 0 0 0 1 1 1
0 P_8 195 195 0.5 0.5 0.5 1 1 1
0 P_8 196 196 0 0 0 1 1 1
0 P_8 197 197 0.5 0.5 0.5 1 1 1
0 P_8 198 198 0 0 0 1 1 1
0 P_8 199 199 0.5 0.5 0.5 1 1 1
0 P_8 200 200 0.5 0.5 0.5 1 1 1
0 P_8 201 201 0.5 0.5 0.5 1 1 1
0 P_8 202 202 0 0 0 1 1 1
0 P_8 203 203 0.5 0.5 0.5 1 1 1
0 P_8 204 204 0 0 0 1 1 1
0 P_8 205 205 0.5 0.5 0.5 1 1 1
0 P_8 206 206 0.07501 0.09009483667017913 0.1071115 1 1 1
0 P_8 207 207 0 0 0 1 1 1
0 P_8 208 208 0 0 0 1 1 1
0 P_8 209 209 0.5 0.5 0.5 1 1 1
0 P_8 210 210 0.5 0.5 0.5 1 1 1
0 P_8 211 211 0.5 0.5 0.5 1 1 1
0 P_8 212 212 0.5 0.5 0.5 1 1 1
0 P_8 213 213 0 0 0 1 1 1
0 P_8 214 214 0.5 0.5 0.5 1 1 1
0 P_8 215 215 0.5 0.5 0.5 1 1 1
0 P_8 216 216 0 0 0 1 1 1
0 P_8 217 217 0.5 0.5 0.5 1 1 1
0 P_8 218 218 0 0 0 1 1 1
0 P_8 219 219 0.0941495 0.10983763132760267 0.127061 1 1 1
0 P_8 220 220 0 0 0 1 1 1
0 P_8 221 221 0.5 0.5 0.5 1 1 1
0 P_8 222 222 0.5 0.5 0.5 1 1 1
0 P_8 223 223 0 0 0 1 1 1
0 P_8 224 224 0 0 0 1 1 1
0 P_8 225 225 0 0 0 1 1 1
0 P_8 226 226 0 0 0 1 1 1
0 P_8 227 227 0.5 0.5 0.5 1 1 1
0 P_8 228 228 0 0 0 1 1 1
0 P_8 229 229 0 0 0 1 1 1
0 P_8 230 230 0.5 0.5 0.5 1 1 1
0 P_8 231 231 0 0 0 1 1 1
0 P_8 232 232 0.5 0.5 0.5 1 1 1
0 P_8 233 233 0 0 0 1 1 1
0 P_8 234 234 0 0 0 1 1 1
0 P_8 235 235 0 0 0 1 1 1
0 P_8 236 236 0.5 0.5 0.5 1 1 1
0 P_8 237 237 0 0 0 1 1 1
0 P_8 238 238 0 0 0 1 1 1
0 P_8 239 239 0.5 0.5 0.5 1 1 1
0 P_8 240 240 0.5 0.5 0.5 1 1 1
0 P_8 241 241 0 0 0 1 1 1
0 P_8 242 242 0 0 0 1 1 1
0 P_8 243 243 0 0 0 1 1 1
0 P_8 244 244 0 0 0 1 1 1
0 P_8 245 245 0.5 0.5 0.5 1 1 1
0 P_8 246 246 0 0 0 1 1 1
0 P_8 247 247 0.5 0.5 0.5 1 1 1
0 P_8 248 248 0 0 0 1 1 1
0 P_8 249 249 0.5 0.5 0.5 1 1 1
0 P_8 250 250 0 0 0 1 1 1
0 P_8 251 251 0 0 0 1 1 1
0 P_8 252 252 0.5 0.5 0.5 1 1 1
0 P_8 253 253 0 0 0 1 1 1
0 P_8 254 254 0.5 0.5 0.5 1 1 1
0 P_8 255 255 0.5 0.5 0.5 1 1 1
0 P_8 256 256 0 0 0 1 1 1
0 P_8 257 257 0 0 0 1 1 1
0 P_8 258 258 0 0 0 1 1 1
0 P_8 259 259 0 0 0 1 1 1
0 P_8 260 260 0.5 0.5 0.5 1 1 1
0 P_8 261 261 0.5 0.5 0.5 1 1 1
0 P_8 262 262 0.5 0.5 0.5 1 1 1
0 P_8 263 263 0 0 0 1 1 1
0 P_8 264 264 0 0 0 1 1 1
0 P_8 265 265 0 0 0 1 1 1
0 P_8 266 266 0.5 0.5 0.5 1 1 1
0 P_8 267 267 0.5 0.5 0.5 1 1 1
0 P_8 268 268 0.5 0.5 0.5 1 1 1
0 P_8 269 269 0.5 0.5 0.5 1 1 1
0 P_8 270 270 0.5 0.5 0.5 1 1 1
0 P_8 271 271 0.5 0.5 0.5 1 1 1
0 P_8 272 272 0.5 0.5 0.5 1 1 1
0 P_8 273 273 0.5 0.5 0.5 1 1 1
0 P_8 274 274 0 0 0 1 1 1
0 P_8 275 275 0.5 0.5 0.5 1 1 1
0 P_8 276 276 0 0 0 1 1 1
0 P_8 277 277 0 0 0 1 1 1
0 P_8 278 278 0 0 0 1 1 1
0 P_8 279 279 0 0 0 1 1 1
0 P_8 280 280 0 0 0 1 1 1
0 P_8 281 281 0 0 0 1 1 1
0 P_8 282 282 0.5 0.5 0.5 1 1 1
0 P_8 283 283 0 0 0 1 1 1
0 P_8 284 284 0 0 0 1 1 1
0 P_8 285 285 0 0 0 1 1 1
0 P_8 286 286 0 0 0 1 1 1
0 P_8 287 287 0.5 0.5 0.5 1 1 1
0 P_8 288 288 0.30586 0.3259526261585994 0.345148 1 1 1
0 P_8 289 289 0 0 0 1 1 1
0 P_8 290 290 0 0 0 1 1 1
0 P_8 291 291 0.5 0.5 0.5 1 1 1
0 P_8 292 292 0 0 0 1 1 1
0 P_8 293 293 0 0 0 1 1 1
0 P_8 294 294 0 0 0 1 1 1
0 P_8 295 295 0 0 0 1 1 1
0 P_8 296 296 0.1445605 0.1634020618556701 0.1832675 1 1 1
0 P_8 297 297 0 0 0 1 1 1
0 P_8 298 298 0 0 0 1 1 1
0 P_8 299 299 0 0 0 1 1 1
0 P_8 300 300 0.5 0.5 0.5 1 1 1
0 P_8 301 301 0.5 0.5 0.5 1 1 1
0 P_8 302 302 0.5 0.5 0.5 1 1 1
0 P_8 303 303 0.5 0.5 0.5 1 1 1
0 P_8 304 304 0 0 0 1 1 1
0 P_8 305 305 0.5 0.5 0.5 1 1 1
0 P_8 306 306 0 0 0 1 1 1
0 P_8 307 307 0 0 0 1 1 1
0 P_8 308 308 0.5 0.5 0.5 1 1 1
0 P_8 309 309 0.5 0.5 0.5 1 1 1
0 P_8 310 310 0.5 0.5 0.5 1 1 1
0 P_8 311 311 0.5 0.5 0.5 1 1 1
0 P_8 312 312 0 0 0 1 1 1
0 P_8 313 313 0 0 0 1 1 1
0 P_8 314 314 0.5 0.5 0.5 1 1 1
0 P_8 315 315 0.5 0.5 0.5 1 1 1
0 P_8 316 316 0.5 0.5 0.5 1 1 1
0 P_8 317 317 0 0 0 1 1 1
0 P_8 318 318 0.5 0.5 0.5 1 1 1
0 P_8 319 319 0 0 0 1 1 1
0 P_8 320 320 0 0 0 1 1 1
0 P_8 321 321 0.5 0.5 0.5 1 1 1
0 P_8 322 322 0 0 0 1 1 1
0 P_8 323 323 0.5 0.5 0.5 1 1 1
0 P_8 324 324 0 0 0 1 1 1
0 P_8 325 325 0 0 0 1 1 1
0 P_8 326 326 0 0 0 1 1 1
0 P_8 327 327 0 0 0 1 1 1
0 P_8 328 328 0 0 0 1 1 1
0 P_8 329 329 0 0 0 1 1 1
0 P_8 330 330 0 0 0 1 1 1
0 P_8 331 331 0.5 0.5 0.5 1 1 1
0 P_8 332 332 0.5 0.5 0.5 1 1 1
0 P_8 333 333 0 0 0 1 1 1
0 P_8 334 334 0.5 0.5 0.5 1 1 1
0 P_8 335 335 0 0 0 1 1 1
0 P_8 336 336 0 0 0 1 1 1
0 P_8 337 337 0.5 0.5 0.5 1 1 1
0 P_8 338 338 0 0 0 1 1 1
0 P_8 339 339 0 0 0 1 1 1
0 P_8 340 340 0 0 0 1 1 1
0 P_8 341 341 0.5 0.5 0.5 1 1 1
0 P_8 342 342 0.5 0.5 0.5 1 1 1
0 P_8 343 343 0.5 0.5 0.5 1 1 1
0 P_8 344 344 0.5 0.5 0.5 1 1 1
0 P_8 345 345 0 0 0 1 1 1
0 P_8 346 346 0.5 0.5 0.5 1 1 1
0 P_8 347 347 0.5 0.5 0.5 1 1 1
0 P_8 348 348 0.5 0.5 0.5 1 1 1
0 P_8 349 349 0.5 0.5 0.5 1 1 1
0 P_8 350 350 0.5 0.5 0.5 1 1 1
0 P_8 351 351 0 0 0 1 1 1
0 P_8 352 352 0 0 0 1 1 1
0 P_8 353 353 0 0 0 1 1 1
0 P_8 354 354 0.5 0.5 0.5 1 1 1
0 P_8 355 355 0.5 0.5 0.5 1 1 1
0 P_8 356 356 0 0 0 1 1 1
0 P_8 357 357 0 0 0 1 1 1
0 P_8 358 358 0.5 0.5 0.5 1 1 1
0 P_8 359 359 0 0 0 1 1 1
0 P_8 360 360 0 0 0 1 1 1
0 P_8 361 361 0.5 0.5 0.5 1 1 1
0 P_8 362 362 0 0 0 1 1 1
0 P_8 363 363 0 0 0 1 1 1
0 P_8 364 364 0.5 0.5 0.5 1 1 1
0 P_8 365 365 0 0 0 1 1 1
0 P_8 366 366 0 0 0 1 1 1
0 P_8 367 367 0.5 0.5 0.5 1 1 1
0 P_8 368 368 0 0 0 1 1 1
0 P_8 369 369 0 0 0 1 1 1
0 P_8 370 370 0.5 0.5 0.5 1 1 1
0 P_8 371 371 0 0 0 1 1 1
0 P_8 372 372 0.5 0.5 0.5 1 1 1
0 P_8 373 373 0.5 0.5 0.5 1 1 1
0 P_8 374 374 0 0 0 1 1 1
0 P_8 375 375 0.5 0.5 0.5 1 1 1
0 P_8 376 376 0 0 0 1 1 1
0 P_8 377 377 0 0 0 1 1 1
0 P_8 378 378 0 0 0 1 1 1
0 P_8 379 379 0.5 0.5 0.5 1 1 1
0 P_8 380 380 0 0 0 1 1 1
0 P_8 381 381 0.5 0.5 0.5 1 1 1
0 P_8 382 382 0.5 0.5 0.5 1 1 1
0 P_8 383 383 0 0 0 1 1 1
0 P_8 384 384 0.5 0.5 0.5 1 1 1
0 P_8 385 385 0 0 0 1 1 1
0 P_8 386 386 0.5 0.5 0.5 1 1 1
0 P_8 387 387 0 0 0 1 1 1
0 P_8 388 388 0 0 0 1 1 1
0 P_8 389 389 0 0 0 1 1 1
0 P_8 390 390 0 0 0 1 1 1
0 P_8 391 391 0 0 0 1 1 1
0 P_8 392 392 0.5 0.5 0.5 1 1 1
0 P_8 393 393 0.5 0.5 0.5 1 1 1
0 P_8 394 394 0 0 0 1 1 1
0 P_8 395 395 0.08258 0.09804928131416837 0.1153075 1 1 1
0 P_8 396 396 0 0 0 1 1 1
0 P_8 397 397 0.5 0.5 0.5 1 1 1
0 P_8 398 398 0.5 0.5 0.5 1 1 1
0 P_8 399 399 0.5 0.5 0.5 1 1 1
0 P_8 400 400 0.5 0.5 0.5 1 1 1
0 P_8 401 401 0.5 0.5 0.5 1 1 1
0 P_8 402 402 0 0 0 1 1 1
0 P_8 403 403 0.5 0.5 0.5 1 1 1
0 P_8 404 404 0.5 0.5 0.5 1 1 1
0 P_8 405 405 0 0 0 1 1 1
0 P_8 406 406 0 0 0 1 1 1
0 P_8 407 407 0 0 0 1 1 1
0 P_8 408 408 0 0 0 1 1 1
0 P_8 409 409 0 0 0 1 1 1
0 P_8 410 410 0.5 0.5 0.5 1 1 1
0 P_8 411 411 0.1474585 0.16600790513833993 0.185509 1 1 1
0 P_8 412 412 0 0 0 1 1 1
0 P_8 413 413 0.0824635 0.09778225806451613 0.1148605 1 1 1
0 P_8 414 414 0 0 0 1 1 1
0 P_8 415 415 0.5 0.5 0.5 1 1 1
0 P_8 416 416 0 0 0 1 1 1
0 P_8 417 417 0.5 0.5 0.5 1 1 1
0 P_8 418 418 0 0 0 1 1 1
0 P_8 419 419 0 0 0 1 1 1
0 P_8 420 420 0.5 0.5 0.5 1 1 1
0 P_8 421 421 0 0 0 1 1 1
0 P_8 422 422 0.5 0.5 0.5 1 1 1
0 P_8 423 423 0.5 0.5 0.5 1 1 1
0 P_8 424 424 0.5 0.5 0.5 1 1 1
0 P_8 425 425 0 0 0 1 1 1
0 P_8 426 426 0.5 0.5 0.5 1 1 1
0 P_8 427 427 0 0 0 1 1 1
0 P_8 428 428 0.5 0.5 0.5 1 1 1
0 P_8 429 429 0 0 0 1 1 1
0 P_8 430 430 0.5 0.5 0.5 1 1 1
0 P_8 431 431 0 0 0 1 1 1
0 P_8 432 432 0.5 0.5 0.5 1 1 1
0 P_8 433 433 0 0 0 1 1 1
0 P_8 434 434 0 0 0 1 1 1
0 P_8 435 435 0 0 0 1 1 1
0 P_8 436 436 0 0 0 1 1 1
0 P_8 437 437 0.5 0.5 0.5 1 1 1
0 P_8 438 438 0 0 0 1 1 1
0 P_8 439 439 0 0 0 1 1 1
0 P_8 440 440 0.5 0.5 0.5 1 1 1
0 P_8 441 441 0 0 0 1 1 1
0 P_8 442 442 0.5 0.5 0.5 1 1 1
0 P_8 443 443 0 0 0 1 1 1
0 P_8 444 444 0 0 0 1 1 1
0 P_8 445 445 0 0 0 1 1 1
0 P_8 446 446 0 0 0 1 1 1
0 P_8 447 447 0.5 0.5 0.5 1 1 1
0 P_8 448 448 0.5 0.5 0.5 1 1 1
0 P_8 449 449 0 0 0 1 1 1
0 P_8 450 450 0 0 0 1 1 1
0 P_8 451 451 0.5 0.5 0.5 1 1 1
0 P_8 452 452 0.5 0.5 0.5 1 1 1
0 P_8 453 453 0.5 0.5 0.5 1 1 1
0 P_8 454 454 0 0 0 1 1 1
0 P_8 455 455 0 0 0 1 1 1
0 P_8 456 456 0 0 0 1 1 1
0 P_8 457 457 0 0 0 1 1 1
0 P_8 458 458 0.5 0.5 0.5 1 1 1
0 P_8 459 459 0.5 0.5 0.5 1 1 1
0 P_8 460 460 0 0 0 1 1 1
0 P_8 461 461 0.5 0.5 0.5 1 1 1
0 P_8 462 462 0.5 0.5 0.5 1 1 1
0 P_8 463 463 0 0 0 1 1 1
0 P_8 464 464 0.5 0.5 0.5 1 1 1
0 P_8 465 465 0.5 0.5 0.5 1 1 1
0 P_8 466 466 0 0 0 1 1 1
0 P_8 467 467 0 0 0 1 1 1
0 P_8 468 468 0 0 0 1 1 1
0 P_8 469 469 0.5 0.5 0.5 1 1 1
0 P_8 470 470 0 0 0 1 1 1
0 P_8 471 471 0 0 0 1 1 1
0 P_8 472 472 0 0 0 1 1 1
0 P_8 473 473 0 0 0 1 1 1
0 P_8 474 474 0 0 0 1 1 1
0 P_8 475 475 0 0 0 1 1 1
0 P_8 476 476 0.5 0.5 0.5 1 1 1
0 P_8 477 477 0.5 0.5 0.5 1 1 1
0 P_8 478 478 0 0 0 1 1 1
0 P_8 479 479 0.5 0.5 0.5 1 1 1
0 P_8 480 480 0 0 0 1 1 1
0 P_8 481 481 0.5 0.5 0.5 1 1 1
0 P_8 482 482 0.5 0.5 0.5 1 1 1
0 P_8 483 483 0.5 0.5 0.5 1 1 1
0 P_8 484 484 0 0 0 1 1 1
0 P_8 485 485 0 0 0 1 1 1
0 P_8 486 486 0.5 0.5 0.5 1 1 1
0 P_8 487 487 0 0 0 1 1 1
0 P_8 488 488 0 0 0 1 1 1
0 P_8 489 489 0.5 0.5 0.5 1 1 1
0 P_8 490 490 0 0 0 1 1 1
0 P_8 491 491 0.5 0.5 0.5 1 1 1
0 P_8 492 492 0 0 0 1 1 1
0 P_8 493 493 0 0 0 1 1 1
0 P_8 494 494 0 0 0 1 1 1
0 P_8 495 495 0.5 0.5 0.5 1 1 1
0 P_8 496 496 0 0 0 1 1 1
0 P_8 497 497 0 0 0 1 1 1
0 P_8 498 498 0.5 0.5 0.5 1 1 1
0 P_8 499 499 0 0 0 1 1 1
0 P_8 500 500 0 0 0 1 1 1
0 P_8 501 501 0 0 0 1 1 1
0 P_8 502 502 0 0 0 1 1 1
0 P_8 503 503 0 0 0 1 1 1
0 P_8 504 504 0 0 0 1 1 1
0 P_8 505 505 0.5 0.5 0.5 1 1 1
0 P_8 506 506 0.5 0.5 0.5 1 1 1
0 P_8 507 507 0 0 0 1 1 1
0 P_8 508 508 0.5 0.5 0.5 1 1 1
0 P_8 509 509 0 0 0 1 1 1
0 P_8 510 510 0 0 0 1 1 1
0 P_8 511 511 0.5 0.5 0.5 1 1 1
0 P_8 512 512 0 0 0 1 1 1
0 P_8 513 513 0 0 0 1 1 1
0 P_8 514 514 0 0 0 1 1 1
0 P_8 515 515 0 0 0 1 1 1
0 P_8 516 516 0.300272 0.3199608610567515 0.3388645 1 1 1
0 P_8 517 517 0.5 0.5 0.5 1 1 1
0 P_8 518 518 0 0 0 1 1 1
0 P_8 519 519 0.5 0.5 0.5 1 1 1
0 P_8 520 520 0.5 0.5 0.5 1 1 1
0 P_8 521 521 0.5 0.5 0.5 1 1 1
0 P_8 522 522 0.5 0.5 0.5 1 1 1
0 P_8 523 523 0.5 0.5 0.5 1 1 1
0 P_8 524 524 0 0 0 1 1 1
0 P_8 525 525 0 0 0 1 1 1
0 P_8 526 526 0.5 0.5 0.5 1 1 1
0 P_8 527 527 0 0 0 1 1 1
0 P_8 528 528 0 0 0 1 1 1
0 P_8 529 529 0 0 0 1 1 1
0 P_8 530 530 0.5 0.5 0.5 1 1 1
0 P_8 531 531 0 0 0 1 1 1
0 P_8 532 532 0.5 0.5 0.5 1 1 1
0 P_8 533 533 0 0 0 1 1 1
0 P_8 534 534 0.5 0.5 0.5 1 1 1
0 P_8 535 535 0.5 0.5 0.5 1 1 1
0 P_8 536 536 0.5 0.5 0.5 1 1 1
0 P_8 537 537 0.5 0.5 0.5 1 1 1
0 P_8 538 538 0.5 0.5 0.5 1 1 1
0 P_8 539 539 0 0 0 1 1 1
0 P_8 540 540 0 0 0 1 1 1
0 P_8 541 541 0.0751835 0.09015544041450778 0.1070265 1 1 1
0 P_8 542 542 0.5 0.5 0.5 1 1 1
0 P_8 543 543 0.5 0.5 0.5 1 1 1
0 P_8 544 544 0 0 0 1 1 1
0 P_8 545 545 0.5 0.5 0.5 1 1 1
0 P_8 546 546 0.5 0.5 0.5 1 1 1
0 P_8 547 547 0.5 0.5 0.5 1 1 1
0 P_8 548 548 0 0 0 1 1 1
0 P_8 549 549 0.5 0.5 0.5 1 1 1
0 P_8 550 550 0 0 0 1 1 1
0 P_8 551 551 0 0 0 1 1 1
0 P_8 552 552 0.5 0.5 0.5 1 1 1
0 P_8 553 553 0.076362 0.09099804305283757 0.107418 1 1 1
0 P_8 554 554 0 0 0 1 1 1
0 P_8 555 555 0 0 0 1 1 1
0 P_8 556 556 0 0 0 1 1 1
0 P_8 557 557 0 0 0 1 1 1
0 P_8 558 558 0 0 0 1 1 1
0 P_8 559 559 0.5 0.5 0.5 1 1 1
0 P_8 560 560 0 0 0 1 1 1
0 P_8 561 561 0 0 0 1 1 1
0 P_8 562 562 0 0 0 1 1 1
0 P_8 563 563 0.5 0.5 0.5 1 1 1
0 P_8 564 564 0 0 0 1 1 1
0 P_8 565 565 0 0 0 1 1 1
0 P_8 566 566 0 0 0 1 1 1
0 P_8 567 567 0.5 0.5 0.5 1 1 1
0 P_8 568 568 0.5 0.5 0.5 1 1 1
0 P_8 569 569 0 0 0 1 1 1
0 P_8 570 570 0 0 0 1 1 1
0 P_8 571 571 0 0 0 1 1 1
0 P_8 572 572 0 0 0 1 1 1
0 P_8 573 573 0.5 0.5 0.5 1 1 1
0 P_8 574 574 0 0 0 1 1 1
0 P_8 575 575 0.5 0.5 0.5 1 1 1
0 P_8 576 576 0 0 0 1 1 1
0 P_8 577 577 0 0 0 1 1 1
0 P_8 578 578 0.5 0.5 0.5 1 1 1
0 P_8 579 579 0 0 0 1 1 1
0 P_8 580 580 0.5 0.5 0.5 1 1 1
0 P_8 581 581 0 0 0 1 1 1
0 P_8 582 582 0.5 0.5 0.5 1 1 1
0 P_8 583 583 0 0 0 1 1 1
0 P_8 584 584 0.5 0.5 0.5 1 1 1
0 P_8 585 585 0 0 0 1 1 1
0 P_8 586 586 0 0 0 1 1 1
0 P_8 587 587 0.5 0.5 0.5 1 1 1
0 P_8 588 588 0.5 0.5 0.5 1 1 1
0 P_8 589 589 0 0 0 1 1 1
0 P_8 590 590 0 0 0 1 1 1
0 P_8 591 591 0 0 0 1 1 1
0 P_8 592 592 0 0 0 1 1 1
0 P_8 593 593 0 0 0 1 1 1
0 P_8 594 594 0 0 0 1 1 1
0 P_8 595 595 0 0 0 1 1 1
0 P_8 596 596 0 0 0 1 1 1
0 P_8 597 597 0 0 0 1 1 1
0 P_8 598 598 0.150095 0.169050051072523 0.188953 1 1 1
0 P_8 599 599 0.5 0.5 0.5 1 1 1
0 P_8 600 600 0.5 0.5 0.5 1 1 1
0 P_8 601 601 0 0 0 1 1 1
0 P_8 602 602 0.5 0.5 0.5 1 1 1
0 P_8 603 603 0 0 0 1 1 1
0 P_8 604 604 0 0 0 1 1 1
0 P_8 605 605 0.5 0.5 0.5 1 1 1
0 P_8 606 606 0 0 0 1 1 1
0 P_8 607 607 0.5 0.5 0.5 1 1 1
0 P_8 608 608 0.5 0.5 0.5 1 1 1
0 P_8 609 609 0 0 0 1 1 1
0 P_8 610 610 0 0 0 1 1 1
0 P_8 611 611 0 0 0 1 1 1
0 P_8 612 612 0 0 0 1 1 1
0 P_8 613 613 0 0 0 1 1 1
0 P_8 614 614 0 0 0 1 1 1
0 P_8 615 615 0 0 0 1 1 1
0 P_8 616 616 0 0 0 1 1 1
0 P_8 617 617 0.5 0.5 0.5 1 1 1
0 P_8 618 618 0.5 0.5 0.5 1 1 1
0 P_8 619 619 0 0 0 1 1 1
0 P_8 620 620 0 0 0 1 1 1
0 P_8 621 621 0 0 0 1 1 1
0 P_8 622 622 0 0 0 1 1 1
0 P_8 623 623 0 0 0 1 1 1
0 P_8 624 624 0.5 0.5 0.5 1 1 1
0 P_8 625 625 0.5 0.5 0.5 1 1 1
0 P_8 626 626 0.5 0.5 0.5 1 1 1
0 P_8 627 627 0 0 0 1 1 1
0 P_8 628 628 0 0 0 1 1 1
0 P_8 629 629 0.5 0.5 0.5 1 1 1
0 P_8 630 630 0 0 0 1 1 1
0 P_8 631 631 0 0 0 1 1 1
0 P_8 632 632 0.5 0.5 0.5 1 1 1
0 P_8 633 633 0 0 0 1 1 1
0 P_8 634 634 0.5 0.5 0.5 1 1 1
0 P_8 635 635 0.5 0.5 0.5 1 1 1
0 P_8 636 636 0 0 0 1 1 1
0 P_8 637 637 0 0 0 1 1 1
0 P_8 638 638 0.5 0.5 0.5 1 1 1
0 P_8 639 639 0.5 0.5 0.5 1 1 1
0 P_8 640 640 0 0 0 1 1 1
0 P_8 641 641 0.5 0.5 0.5 1 1 1
0 P_8 642 642 0.5 0.5 0.5 1 1 1
0 P_8 643 643 0 0 0 1 1 1
0 P_8 644 644 0 0 0 1 1 1
0 P_8 645 645 0 0 0 1 1 1
0 P_8 646 646 0 0 0 1 1 1
0 P_8 647 647 0.083774 0.09892787524366471 0.1157705 1 1 1
0 P_8 648 648 0 0 0 1 1 1
0 P_8 649 649 0 0 0 1 1 1
0 P_8 650 650 0 0 0 1 1 1
0 P_8 651 651 0 0 0 1 1 1
0 P_8 652 652 0 0 0 1 1 1
0 P_8 653 653 0 0 0 1 1 1
0 P_8 654 654 0 0 0 1 1 1
0 P_8 655 655 0.157012 0.17640918580375783 0.196687 1 1 1
0 P_8 656 656 0.5 0.5 0.5 1 1 1
0 P_8 657 657 0 0 0 1 1 1
0 P_8 658 658 0.5 0.5 0.5 1 1 1
0 P_8 659 659 0.5 0.5 0.5 1 1 1
0 P_8 660 660 0 0 0 1 1 1
0 P_8 661 661 0.5 0.5 0.5 1 1 1
0 P_8 662 662 0 0 0 1 1 1
0 P_8 663 663 0 0 0 1 1 1
0 P_8 664 664 0.5 0.5 0.5 1 1 1
0 P_8 665 665 0 0 0 1 1 1
0 P_8 666 666 0 0 0 1 1 1
0 P_8 667 667 0.5 0.5 0.5 1 1 1
0 P_8 668 668 0 0 0 1 1 1
0 P_8 669 669 0 0 0 1 1 1
0 P_8 670 670 0 0 0 1 1 1
0 P_8 671 671 0.5 0.5 0.5 1 1 1
0 P_8 672 672 0 0 0 1 1 1
0 P_8 673 673 0.5 0.5 0.5 1 1 1
0 P_8 674 674 0.5 0.5 0.5 1 1 1
0 P_8 675 675 0 0 0 1 1 1
0 P_8 676 676 0 0 0 1 1 1
0 P_8 677 677 0.5 0.5 0.5 1 1 1
0 P_8 678 678 0 0 0 1 1 1
0 P_8 679 679 0 0 0 1 1 1
0 P_8 680 680 0 0 0 1 1 1
0 P_8 681 681 0 0 0 1 1 1
0 P_8 682 682 0.5 0.5 0.5 1 1 1
0 P_8 683 683 0 0 0 1 1 1
0 P_8 684 684 0 0 0 1 1 1
0 P_8 685 685 0 0 0 1 1 1
0 P_8 686 686 0.5 0.5 0.5 1 1 1
0 P_8 687 687 0 0 0 1 1 1
0 P_8 688 688 0 0 0 1 1 1
0 P_8 689 689 0 0 0 1 1 1
0 P_8 690 690 0 0 0 1 1 1
0 P_8 691 691 0 0 0 1 1 1
0 P_8 692 692 0.5 0.5 0.5 1 1 1
0 P_8 693 693 0 0 0 1 1 1
0 P_8 694 694 0 0 0 1 1 1
0 P_8 695 695 0.5 0.5 0.5 1 1 1
0 P_8 696 696 0.5 0.5 0.5 1 1 1
0 P_8 697 697 0.5 0.5 0.5 1 1 1
0 P_8 698 698 0 0 0 1 1 1
0 P_8 699 699 0.5 0.5 0.5 1 1 1
0 P_8 700 700 0 0 0 1 1 1
0 P_8 701 701 0.5 0.5 0.5 1 1 1
0 P_8 702 702 0.1512605 0.16997026759167494 0.1895895 1 1 1
0 P_8 703 703 0 0 0 1 1 1
0 P_8 704 704 0 0 0 1 1 1
0 P_8 705 705 0.5 0.5 0.5 1 1 1
0 P_8 706 706 0 0 0 1 1 1
0 P_8 707 707 0 0 0 1 1 1
0 P_8 708 708 0 0 0 1 1 1
0 P_8 709 709 0 0 0 1 1 1
0 P_8 710 710 0 0 0 1 1 1
0 P_8 711 711 0.0763655 0.09108910891089109 0.107617 1 1 1
0 P_8 712 712 0.0790845 0.0945089757127772 0.1118155 1 1 1
0 P_8 713 713 0 0 0 1 1 1
0 P_8 714 714 0 0 0 1 1 1
0 P_8 715 715 0.5 0.5 0.5 1 1 1
0 P_8 716 716 0.162685 0.1824468085106383 0.2030325 1 1 1
0 P_8 717 717 0 0 0 1 1 1
0 P_8 718 718 0.075985 0.09051306873184899 0.1068115 1 1 1
0 P_8 719 719 0.5 0.5 0.5 1 1 1
0 P_8 720 720 0 0 0 1 1 1
0 P_8 721 721 0 0 0 1 1 1
0 P_8 722 722 0 0 0 1 1 1
0 P_8 723 723 0.5 0.5 0.5 1 1 1
0 P_8 724 724 0.5 0.5 0.5 1 1 1
0 P_8 725 725 0.5 0.5 0.5 1 1 1
0 P_8 726 726 0.5 0.5 0.5 1 1 1
0 P_8 727 727 0 0 0 1 1 1
0 P_8 728 728 0.5 0.5 0.5 1 1 1
0 P_8 729 729 0 0 0 1 1 1
0 P_8 730 730 0 0 0 1 1 1
0 P_8 731 731 0 0 0 1 1 1
0 P_8 732 732 0.5 0.5 0.5 1 1 1
0 P_8 733 733 0.5 0.5 0.5 1 1 1
0 P_8 734 734 0 0 0 1 1 1
0 P_8 735 735 0 0 0 1 1 1
0 P_8 736 736 0.5 0.5 0.5 1 1 1
0 P_8 737 737 0.5 0.5 0.5 1 1 1
0 P_8 738 738 0.5 0.5 0.5 1 1 1
0 P_8 739 739 0 0 0 1 1 1
0 P_8 740 740 0.5 0.5 0.5 1 1 1
0 P_8 741 741 0.5 0.5 0.5 1 1 1
0 P_8 742 742 0 0 0 1 1 1
0 P_8 743 743 0 0 0 1 1 1
0 P_8 744 744 0.5 0.5 0.5 1 1 1
0 P_8 745 745 0 0 0 1 1 1
0 P_8 746 746 0.5 0.5 0.5 1 1 1
0 P_8 747 747 0.5 0.5 0.5 1 1 1
0 P_8 748 748 0.5 0.5 0.5 1 1 1
0 P_8 749 749 0 0 0 1 1 1
0 P_8 750 750 0 0 0 1 1 1
0 P_8 751 751 0.5 0.5 0.5 1 1 1
0 P_8 752 752 0.5 0.5 0.5 1 1 1
0 P_8 753 753 0.084655 0.10020345879959308 0.117499 1 1 1
0 P_8 754 754 0 0 0 1 1 1
0 P_8 755 755 0 0 0 1 1 1
0 P_8 756 756 0 0 0 1 1 1
0 P_8 757 757 0 0 0 1 1 1
0 P_8 758 758 0 0 0 1 1 1
0 P_8 759 759 0.5 0.5 0.5 1 1 1
0 P_8 760 760 0.5 0.5 0.5 1 1 1
0 P_8 761 761 0.5 0.5 0.5 1 1 1
0 P_8 762 762 0 0 0 1 1 1
0 P_8 763 763 0 0 0 1 1 1
0 P_8 764 764 0 0 0 1 1 1
0 P_8 765 765 0.5 0.5 0.5 1 1 1
0 P_8 766 766 0 0 0 1 1 1
0 P_8 767 767 0 0 0 1 1 1
0 P_8 768 768 0 0 0 1 1 1
0 P_8 769 769 0 0 0 1 1 1
0 P_8 770 770 0 0 0 1 1 1
0 P_8 771 771 0.5 0.5 0.5 1 1 1
0 P_8 772 772 0.5 0.5 0.5 1 1 1
0 P_8 773 773 0.5 0.5 0.5 1 1 1
0 P_8 774 774 0 0 0 1 1 1
0 P_8 775 775 0 0 0 1 1 1
0 P_8 776 776 0.0815205 0.09699170124481328 0.114283 1 1 1
0 P_8 777 777 0 0 0 1 1 1
0 P_8 778 778 0 0 0 1 1 1
0 P_8 779 779 0 0 0 1 1 1
0 P_8 780 780 0.5 0.5 0.5 1 1 1
0 P_8 781 781 0.5 0.5 0.5 1 1 1
0 P_8 782 782 0 0 0 1 1 1
0 P_8 783 783 0 0 0 1 1 1
0 P_8 784 784 0 0 0 1 1 1
0 P_8 785 785 0 0 0 1 1 1
0 P_8 786 786 0 0 0 1 1 1
0 P_8 787 787 0 0 0 1 1 1
0 P_8 788 788 0 0 0 1 1 1
0 P_8 789 789 0.5 0.5 0.5 1 1 1
0 P_8 790 790 0.5 0.5 0.5 1 1 1
0 P_8 791 791 0 0 0 1 1 1
0 P_8 792 792 0.5 0.5 0.5 1 1 1
0 P_8 793 793 0 0 0 1 1 1
0 P_8 794 794 0.5 0.5 0.5 1 1 1
0 P_8 795 795 0.5 0.5 0.5 1 1 1
0 P_8 796 796 0.073945 0.08898305084745763 0.1059765 1 1 1
0 P_8 797 797 0 0 0 1 1 1
0 P_8 798 798 0.5 0.5 0.5 1 1 1
0 P_8 799 799 0 0 0 1 1 1
0 P_8 800 800 0 0 0 1 1 1
0 P_8 801 801 0.3070545 0.32673267326732675 0.3455395 1 1 1
0 P_8 802 802 0.091603 0.10761421319796954 0.125283 1 1 1
0 P_8 803 803 0 0 0 1 1 1
0 P_8 804 804 0 0 0 1 1 1
0 P_8 805 805 0.5 0.5 0.5 1 1 1
0 P_8 806 806 0.5 0.5 0.5 1 1 1
0 P_8 807 807 0 0 0 1 1 1
0 P_8 808 808 0.5 0.5 0.5 1 1 1
0 P_8 809 809 0 0 0 1 1 1
0 P_8 810 810 0.5 0.5 0.5 1 1 1
0 P_8 811 811 0 0 0 1 1 1
0 P_8 812 812 0 0 0 1 1 1
0 P_8 813 813 0.5 0.5 0.5 1 1 1
0 P_8 814 814 0.5 0.5 0.5 1 1 1
0 P_8 815 815 0.5 0.5 0.5 1 1 1
0 P_8 816 816 0 0 0 1 1 1
0 P_8 817 817 0 0 0 1 1 1
0 P_8 818 818 0 0 0 1 1 1
0 P_8 819 819 0.5 0.5 0.5 1 1 1
0 P_8 820 820 0.5 0.5 0.5 1 1 1
0 P_8 821 821 0 0 0 1 1 1
0 P_8 822 822 0.5 0.5 0.5 1 1 1
0 P_8 823 823 0.5 0.5 0.5 1 1 1
0 P_8 824 824 0 0 0 1 1 1
0 P_8 825 825 0 0 0 1 1 1
0 P_8 826 826 0 0 0 1 1 1
0 P_8 827 827 0.5 0.5 0.5 1 1 1
0 P_8 828 828 0 0 0 1 1 1
0 P_8 829 829 0.5 0.5 0.5 1 1 1
0 P_8 830 830 0 0 0 1 1 1
0 P_8 831 831 0.5 0.5 0.5 1 1 1
0 P_8 832 832 0 0 0 1 1 1
0 P_8 833 833 0 0 0 1 1 1
0 P_8 834 834 0 0 0 1 1 1
0 P_8 835 835 0.5 0.5 0.5 1 1 1
0 P_8 836 836 0.5 0.5 0.5 1 1 1
0 P_8 837 837 0 0 0 1 1 1
0 P_8 838 838 0.5 0.5 0.5 1 1 1
0 P_8 839 839 0 0 0 1 1 1
0 P_8 840 840 0 0 0 1 1 1
0 P_8 841 841 0 0 0 1 1 1
0 P_8 842 842 0 0 0 1 1 1
0 P_8 843 843 0 0 0 1 1 1
0 P_8 844 844 0.5 0.5 0.5 1 1 1
0 P_8 845 845 0 0 0 1 1 1
0 P_8 846 846 0 0 0 1 1 1
0 P_8 847 847 0.5 0.5 0.5 1 1 1
0 P_8 848 848 0 0 0 1 1 1
0 P_8 849 849 0 0 0 1 1 1
0 P_8 850 850 0 0 0 1 1 1
0 P_8 851 851 0 0 0 1 1 1
0 P_8 852 852 0 0 0 1 1 1
0 P_8 853 853 0 0 0 1 1 1
0 P_8 854 854 0.5 0.5 0.5 1 1 1
0 P_8 855 855 0.5 0.5 0.5 1 1 1
0 P_8 856 856 0.314668 0.3341559723593287 0.352691 1 1 1
0 P_8 857 857 0 0 0 1 1 1
0 P_8 858 858 0 0 0 1 1 1
0 P_8 859 859 0.5 0.5 0.5 1 1 1
0 P_8 860 860 0 0 0 1 1 1
0 P_8 861 861 0.5 0.5 0.5 1 1 1
0 P_8 862 862 0.5 0.5 0.5 1 1 1
0 P_8 863 863 0 0 0 1 1 1
0 P_8 864 864 0 0 0 1 1 1
0 P_8 865 865 0 0 0 1 1 1
0 P_8 866 866 0.5 0.5 0.5 1 1 1
0 P_8 867 867 0 0 0 1 1 1
0 P_8 868 868 0 0 0 1 1 1
0 P_8 869 869 0.5 0.5 0.5 1 1 1
0 P_8 870 870 0.5 0.5 0.5 1 1 1
0 P_8 871 871 0 0 0 1 1 1
0 P_8 872 872 0.5 0.5 0.5 1 1 1
0 P_8 873 873 0.5 0.5 0.5 1 1 1
0 P_8 874 874 0.5 0.5 0.5 1 1 1
0 P_8 875 875 0 0 0 1 1 1
0 P_8 876 876 0 0 0 1 1 1
0 P_8 877 877 0.3098825 0.3290719696969697 0.3474025 1 1 1
0 P_8 878 878 0 0 0 1 1 1
0 P_8 879 879 0 0 0 1 1 1
0 P_8 880 880 0.5 0.5 0.5 1 1 1
0 P_8 881 881 0.308566 0.3280038759689923 0.3465745 1 1 1
0 P_8 882 882 0.5 0.5 0.5 1 1 1
0 P_8 883 883 0.5 0.5 0.5 1 1 1
0 P_8 884 884 0.5 0.5 0.5 1 1 1
0 P_8 885 885 0 0 0 1 1 1
0 P_8 886 886 0 0 0 1 1 1
0 P_8 887 887 0.5 0.5 0.5 1 1 1
0 P_8 888 888 0 0 0 1 1 1
0 P_8 889 889 0.5 0.5 0.5 1 1 1
0 P_8 890 890 0 0 0 1 1 1
0 P_8 891 891 0.5 0.5 0.5 1 1 1
0 P_8 892 892 0 0 0 1 1 1
0 P_8 893 893 0.5 0.5 0.5 1 1 1
0 P_8 894 894 0.5 0.5 0.5 1 1 1
0 P_8 895 895 0 0 0 1 1 1
0 P_8 896 896 0 0 0 1 1 1
0 P_8 897 897 0.5 0.5 0.5 1 1 1
0 P_8 898 898 0 0 0 1 1 1
0 P_8 899 899 0 0 0 1 1 1
0 P_8 900 900 0.5 0.5 0.5 1 1 1
0 P_8 901 901 0 0 0 1 1 1
0 P_8 902 902 0.5 0.5 0.5 1 1 1
0 P_8 903 903 0 0 0 1 1 1
0 P_8 904 904 0 0 0 1 1 1
0 P_8 905 905 0.5 0.5 0.5 1 1 1
0 P_8 906 906 0 0 0 1 1 1
0 P_8 907 907 0 0 0 1 1 1
0 P_8 908 908 0 0 0 1 1 1
0 P_8 909 909 0 0 0 1 1 1
0 P_8 910 910 0 0 0 1 1 1
0 P_8 911 911 0 0 0 1 1 1
0 P_8 912 912 0 0 0 1 1 1
0 P_8 913 913 0.5 0.5 0.5 1 1 1
0 P_8 914 914 0 0 0 1 1 1
0 P_8 915 915 0 0 0 1 1 1
0 P_8 916 916 0 0 0 1 1 1
0 P_8 917 917 0 0 0 1 1 1
0 P_8 918 918 0 0 0 1 1 1
0 P_8 919 919 0 0 0 1 1 1
0 P_8 920 920 0 0 0 1 1 1
0 P_8 921 921 0 0 0 1 1 1
0 P_8 922 922 0.5 0.5 0.5 1 1 1
0 P_8 923 923 0 0 0 1 1 1
0 P_8 924 924 0.5 0.5 0.5 1 1 1
0 P_8 925 925 0 0 0 1 1 1
0 P_8 926 926 0 0 0 1 1 1
0 P_8 927 927 0 0 0 1 1 1
0 P_8 928 928 0.5 0.5 0.5 1 1 1
0 P_8 929 929 0.079008 0.09423274974253347 0.111297 1 1 1
0 P_8 930 930 0 0 0 1 1 1
0 P_8 931 931 0 0 0 1 1 1
0 P_8 932 932 0 0 0 1 1 1
0 P_8 933 933 0 0 0 1 1 1
0 P_8 934 934 0 0 0 1 1 1
0 P_8 935 935 0.5 0.5 0.5 1 1 1
0 P_8 936 936 0.5 0.5 0.5 1 1 1
0 P_8 937 937 0.5 0.5 0.5 1 1 1
0 P_8 938 938 0 0 0 1 1 1
0 P_8 939 939 0 0 0 1 1 1
0 P_8 940 940 0.5 0.5 0.5 1 1 1
0 P_8 941 941 0.5 0.5 0.5 1 1 1
0 P_8 942 942 0.5 0.5 0.5 1 1 1
0 P_8 943 943 0 0 0 1 1 1
0 P_8 944 944 0 0 0 1 1 1
0 P_8 945 945 0 0 0 1 1 1
0 P_8 946 946 0.5 0.5 0.5 1 1 1
0 P_8 947 947 0 0 0 1 1 1
0 P_8 948 948 0.5 0.5 0.5 1 1 1
0 P_8 949 949 0.5 0.5 0.5 1 1 1
0 P_8 950 950 0.5 0.5 0.5 1 1 1
0 P_8 951 951 0 0 0 1 1 1
0 P_8 952 952 0 0 0 1 1 1
0 P_8 953 953 0 0 0 1 1 1
0 P_8 954 954 0.5 0.5 0.5 1 1 1
0 P_8 955 955 0.5 0.5 0.5 1 1 1
0 P_8 956 956 0.5 0.5 0.5 1 1 1
0 P_8 957 957 0.5 0.5 0.5 1 1 1
0 P_8 958 958 0 0 0 1 1 1
0 P_8 959 959 0.081041 0.09575471698113208 0.112137 1 1 1
0 P_8 960 960 0.5 0.5 0.5 1 1 1
0 P_8 961 961 0 0 0 1 1 1
0 P_8 962 962 0 0 0 1 1 1
0 P_8 963 963 0 0 0 1 1 1
0 P_8 964 964 0.5 0.5 0.5 1 1 1
0 P_8 965 965 0 0 0 1 1 1
0 P_8 966 966 0.5 0.5 0.5 1 1 1
0 P_8 967 967 0 0 0 1 1 1
0 P_8 968 968 0.321473 0.340537944284342 0.3586055 1 1 1
0 P_8 969 969 0.5 0.5 0.5 1 1 1
0 P_8 970 970 0 0 0 1 1 1
0 P_8 971 971 0.5 0.5 0.5 1 1 1
0 P_8 972 972 0 0 0 1 1 1
0 P_8 973 973 0.5 0.5 0.5 1 1 1
0 P_8 974 974 0.0832345 0.0984251968503937 0.1153265 1 1 1
0 P_8 975 975 0.5 0.5 0.5 1 1 1
0 P_8 976 976 0 0 0 1 1 1
0 P_8 977 977 0.5 0.5 0.5 1 1 1
0 P_8 978 978 0 0 0 1 1 1
0 P_8 979 979 0 0 0 1 1 1
0 P_8 980 980 0.5 0.5 0.5 1 1 1
0 P_8 981 981 0 0 0 1 1 1
0 P_8 982 982 0 0 0 1 1 1
0 P_8 983 983 0 0 0 1 1 1
0 P_8 984 984 0 0 0 1 1 1
0 P_8 985 985 0.5 0.5 0.5 1 1 1
0 P_8 986 986 0 0 0 1 1 1
0 P_8 987 987 0 0 0 1 1 1
0 P_8 988 988 0.310488 0.33084311632870866 0.350209 1 1 1
0 P_8 989 989 0.5 0.5 0.5 1 1 1
0 P_8 990 990 0.292385 0.3128930817610063 0.3326455 1 1 1
0 P_8 991 991 0.5 0.5 0.5 1 1 1
0 P_8 992 992 0.5 0.5 0.5 1 1 1
0 P_8 993 993 0.5 0.5 0.5 1 1 1
0 P_8 994 994 0 0 0 1 1 1
0 P_8 995 995 0.5 0.5 0.5 1 1 1
0 P_8 996 996 0.5 0.5 0.5 1 1 1
0 P_8 997 997 0.5 0.5 0.5 1 1 1
0 P_8 998 998 0 0 0 1 1 1
0 P_8 999 999 0 0 0 1 1 1
0 P_8 1000 1000 0 0 0 1 1 1
0 P_8 1001 1001 0 0 0 1 1 1
0 P_8 1002 1002 0 0 0 1 1 1
0 P_8 1003 1003 0 0 0 1 1 1
0 P_8 1004 1004 0 0 0 1 1 1
0 P_8 1005 1005 0.5 0.5 0.5 1 1 1
0 P_8 1006 1006 0.5 0.5 0.5 1 1 1
0 P_8 1007 1007 0.300602 0.3205 0.3395895 1 1 1
0 P_8 1008 1008 0.5 0.5 0.5 1 1 1
0 P_8 1009 1009 0.086892 0.10209923664122138 0.1189255 1 1 1
0 P_8 1010 1010 0 0 0 1 1 1
0 P_8 1011 1011 0.3081545 0.32796780684104626 0.3468815 1 1 1
0 P_8 1012 1012 0.5 0.5 0.5 1 1 1
0 P_8 1013 1013 0.5 0.5 0.5 1 1 1
0 P_8 1014 1014 0 0 0 1 1 1
0 P_8 1015 1015 0.5 0.5 0.5 1 1 1
0 P_8 1016 1016 0 0 0 1 1 1
0 P_8 1017 1017 0.5 0.5 0.5 1 1 1
0 P_8 1018 1018 0.5 0.5 0.5 1 1 1
0 P_8 1019 1019 0 0 0 1 1 1
0 P_8 1020 1020 0.5 0.5 0.5 1 1 1
0 P_8 1021 1021 0.5 0.5 0.5 1 1 1
0 P_8 1022 1022 0.5 0.5 0.5 1 1 1
0 P_8 1023 1023 0.5 0.5 0.5 1 1 1
0 P_8 1024 1024 0.5 0.5 0.5 1 1 1
0 P_8 1025 1025 0 0 0 1 1 1
0 P_8 1026 1026 0 0 0 1 1 1
0 P_8 1027 1027 0.317312 0.33681592039800995 0.355329 1 1 1
0 P_8 1028 1028 0.5 0.5 0.5 1 1 1
0 P_8 1029 1029 0.0750415 0.08984771573604061 0.1065185 1 1 1
0 P_8 1030 1030 0 0 0 1 1 1
0 P_8 1031 1031 0.5 0.5 0.5 1 1 1
0 P_8 1032 1032 0.5 0.5 0.5 1 1 1
0 P_8 1033 1033 0 0 0 1 1 1
0 P_8 1034 1034 0 0 0 1 1 1
0 P_8 1035 1035 0 0 0 1 1 1
0 P_8 1036 1036 0 0 0 1 1 1
0 P_8 1037 1037 0.5 0.5 0.5 1 1 1
0 P_8 1038 1038 0 0 0 1 1 1
0 P_8 1039 1039 0.5 0.5 0.5 1 1 1
0 P_8 1040 1040 0 0 0 1 1 1
0 P_8 1041 1041 0.5 0.5 0.5 1 1 1
0 P_8 1042 1042 0.5 0.5 0.5 1 1 1
0 P_8 1043 1043 0 0 0 1 1 1
0 P_8 1044 1044 0.5 0.5 0.5 1 1 1
0 P_8 1045 1045 0.5 0.5 0.5 1 1 1
0 P_8 1046 1046 0.5 0.5 0.5 1 1 1
0 P_8 1047 1047 0.5 0.5 0.5 1 1 1
0 P_8 1048 1048 0.5 0.5 0.5 1 1 1
0 P_8 1049 1049 0 0 0 1 1 1
0 P_8 1050 1050 0 0 0 1 1 1
0 P_8 1051 1051 0 0 0 1 1 1
0 P_8 1052 1052 0.5 0.5 0.5 1 1 1
0 P_8 1053 1053 0 0 0 1 1 1
0 P_8 1054 1054 0 0 0 1 1 1
0 P_8 1055 1055 0.5 0.5 0.5 1 1 1
0 P_8 1056 1056 0 0 0 1 1 1
0 P_8 1057 1057 0 0 0 1 1 1
0 P_8 1058 1058 0.3072655 0.32711693548387094 0.3460765 1 1 1
0 P_8 1059 1059 0.5 0.5 0.5 1 1 1
0 P_8 1060 1060 0 0 0 1 1 1
0 P_8 1061 1061 0.5 0.5 0.5 1 1 1
0 P_8 1062 1062 0.5 0.5 0.5 1 1 1
0 P_8 1063 1063 0 0 0 1 1 1
0 P_8 1064 1064 0.5 0.5 0.5 1 1 1
0 P_8 1065 1065 0.5 0.5 0.5 1 1 1
0 P_8 1066 1066 0 0 0 1 1 1
0 P_8 1067 1067 0.5 0.5 0.5 1 1 1
0 P_8 1068 1068 0.5 0.5 0.5 1 1 1
0 P_8 1069 1069 0 0 0 1 1 1
0 P_8 1070 1070 0 0 0 1 1 1
0 P_8 1071 1071 0.1526525 0.17117988394584138 0.1905815 1 1 1
0 P_8 1072 1072 0 0 0 1 1 1
0 P_8 1073 1073 0 0 0 1 1 1
0 P_8 1074 1074 0 0 0 1 1 1
0 P_8 1075 1075 0 0 0 1 1 1
0 P_8 1076 1076 0 0 0 1 1 1
0 P_8 1077 1077 0 0 0 1 1 1
0 P_8 1078 1078 0.5 0.5 0.5 1 1 1
0 P_8 1079 1079 0.5 0.5 0.5 1 1 1
0 P_8 1080 1080 0.5 0.5 0.5 1 1 1
0 P_8 1081 1081 0 0 0 1 1 1
0 P_8 1082 1082 0 0 0 1 1 1
0 P_8 1083 1083 0 0 0 1 1 1
0 P_8 1084 1084 0.5 0.5 0.5 1 1 1
0 P_8 1085 1085 0.5 0.5 0.5 1 1 1
0 P_8 1086 1086 0.5 0.5 0.5 1 1 1
0 P_8 1087 1087 0.5 0.5 0.5 1 1 1
0 P_8 1088 1088 0 0 0 1 1 1
0 P_8 1089 1089 0.5 0.5 0.5 1 1 1
0 P_8 1090 1090 0.5 0.5 0.5 1 1 1
0 P_8 1091 1091 0.5 0.5 0.5 1 1 1
0 P_8 1092 1092 0.5 0.5 0.5 1 1 1
1 P_2 0 0 0.258808 0.27923387096774194 0.2993215 1 1 1
1 P_2 1 1 0.5 0.5 0.5 1 1 1
1 P_2 2 2 0.5 0.5 0.5 1 1 1
1 P_2 3 3 0 0 0 1 1 1
1 P_2 4 4 0 0 0 1 1 1
1 P_2 5 5 0 0 0 1 1 1
1 P_2 6 6 0.5 0.5 0.5 1 1 1
1 P_2 7 7 0.5 0.5 0.5 1 1 1
1 P_2 8 8 0.5 0.5 0.5 1 1 1
1 P_2 9 9 0 0 0 1 1 1
1 P_2 10 10 0.5 0.5 0.5 1 1 1
1 P_2 11 11 0.252203 0.27241379310344827 0.292371 1 1 1
1 P_2 12 12 0 0 0 1 1 1
1 P_2 13 13 0 0 0 1 1 1
1 P_2 14 14 0 0 0 1 1 1
1 P_2 15 15 0.262536 0.2828031809145129 0.302696 1 1 1
1 P_2 16 16 0 0 0 1 1 1
1 P_2 17 17 0.5 0.5 0.5 1 1 1
1 P_2 18 18 0 0 0 1 1 1
1 P_2 19 19 0 0 0 1 1 1
1 P_2 20 20 0 0 0 1 1 1
1 P_2 21 21 0.5 0.5 0.5 1 1 1
1 P_2 22 22 0 0 0 1 1 1
1 P_2 23 23 0.5 0.5 0.5 1 1 1
1 P_2 24 24 0.5 0.5 0.5 1 1 1
1 P_2 25 25 0.5 0.5 0.5 1 1 1
1 P_2 26 26 0 0 0 1 1 1
1 P_2 27 27 0 0 0 1 1 1
1 P_2 28 28 0.5 0.5 0.5 1 1 1
1 P_2 29 29 0 0 0 1 1 1
1 P_2 30 30 0 0 0 1 1 1
1 P_2 31 31 0.5 0.5 0.5 1 1 1
1 P_2 32 32 0.5 0.5 0.5 1 1 1
1 P_2 33 33 0 0 0 1 1 1
1 P_2 34 34 0 0 0 1 1 1
1 P_2 35 35 0.5 0.5 0.5 1 1 1
1 P_2 36 36 0.2694035 0.28949950932286556 0.309151 1 1 1
1 P_2 37 37 0.5 0.5 0.5 1 1 1
1 P_2 38 38 0.5 0.5 0.5 1 1 1
1 P_2 39 39 0.209985 0.2303370786516854 0.2509195 1 1 1
1 P_2 40 40 0.5 0.5 0.5 1 1 1
1 P_2 41 41 0 0 0 1 1 1
1 P_2 42 42 0.2642695 0.2848360655737705 0.3049935 1 1 1
1 P_2 43 43 0 0 0 1 1 1
1 P_2 44 44 0.269506 0.29015544041450775 0.3103275 1 1 1
1 P_2 45 45 0 0 0 1 1 1
1 P_2 46 46 0.5 0.5 0.5 1 1 1
1 P_2 47 47 0.5 0.5 0.5 1 1 1
1 P_2 48 48 0 0 0 1 1 1
1 P_2 49 49 0 0 0 1 1 1
1 P_2 50 50 0 0 0 1 1 1
1 P_2 51 51 0 0 0 1 1 1
1 P_2 52 52 0 0 0 1 1 1
1 P_2 53 53 0 0 0 1 1 1
1 P_2 54 54 0.5 0.5 0.5 1 1 1
1 P_2 55 55 0.5 0.5 0.5 1 1 1
1 P_2 56 56 0.5 0.5 0.5 1 1 1
1 P_2 57 57 0.5 0.5 0.5 1 1 1
1 P_2 58 58 0 0 0 1 1 1
1 P_2 59 59 0.2473475 0.26800411522633744 0.2884485 1 1 1
1 P_2 60 60 0 0 0 1 1 1
1 P_2 61 61 0.5 0.5 0.5 1 1 1
1 P_2 62 62 0 0 0 1 1 1
1 P_2 63 63 0.5 0.5 0.5 1 1 1
1 P_2 64 64 0 0 0 1 1 1
1 P_2 65 65 0 0 0 1 1 1
1 P_2 66 66 0 0 0 1 1 1
1 P_2 67 67 0 0 0 1 1 1
1 P_2 68 68 0 0 0 1 1 1
1 P_2 69 69 0 0 0 1 1 1
1 P_2 70 70 0.5 0.5 0.5 1 1 1
1 P_2 71 71 0 0 0 1 1 1
1 P_2 72 72 0 0 0 1 1 1
1 P_2 73 73 0.5 0.5 0.5 1 1 1
1 P_2 74 74 0 0 0 1 1 1
1 P_2 75 75 0.1992065 0.21896383186705767 0.2390695 1 1 1
1 P_2 76 76 0 0 0 1 1 1
1 P_2 77 77 0 0 0 1 1 1
1 P_2 78 78 0 0 0 1 1 1
1 P_2 79 79 0.5 0.5 0.5 1 1 1
1 P_2 80 80 0.5 0.5 0.5 1 1 1
1 P_2 81 81 0 0 0 1 1 1
1 P_2 82 82 0 0 0 1 1 1
1 P_2 83 83 0.240179 0.26126609442060084 0.2822145 1 1 1
1 P_2 84 84 0.5 0.5 0.5 1 1 1
1 P_2 85 85 0 0 0 1 1 1
1 P_2 86 86 0.5 0.5 0.5 1 1 1
1 P_2 87 87 0.2542405 0.27431906614785995 0.2941265 1 1 1
1 P_2 88 88 0 0 0 1 1 1
1 P_2 89 89 0.251059 0.2720510095642933 0.292774 1 1 1
1 P_2 90 90 0 0 0 1 1 1
1 P_2 91 91 0.5 0.5 0.5 1 1 1
1 P_2 92 92 0 0 0 1 1 1
1 P_2 93 93 0 0 0 1 1 1
1 P_2 94 94 0.5 0.5 0.5 1 1 1
1 P_2 95 95 0.2574685 0.2783018867924528 0.298795 1 1 1
1 P_2 96 96 0 0 0 1 1 1
1 P_2 97 97 0.5 0.5 0.5 1 1 1
1 P_2 98 98 0 0 0 1 1 1
1 P_2 99 99 0 0 0 1 1 1
1 P_2 100 100 0 0 0 1 1 1
1 P_2 101 101 0 0 0 1 1 1
1 P_2 102 102 0 0 0 1 1 1
1 P_2 103 103 0 0 0 1 1 1
1 P_2 104 104 0 0 0 1 1 1
1 P_2 105 105 0 0 0 1 1 1
1 P_2 106 106 0 0 0 1 1 1
1 P_2 107 107 0 0 0 1 1 1
1 P_2 108 108 0 0 0 1 1 1
1 P_2 109 109 0 0 0 1 1 1
1 P_2 110 110 0.5 0.5 0.5 1 1 1
1 P_2 111 111 0.5 0.5 0.5 1 1 1
1 P_2 112 112 0 0 0 1 1 1
1 P_2 113 113 0.5 0.5 0.5 1 1 1
1 P_2 114 114 0 0 0 1 1 1
1 P_2 115 115 0 0 0 1 1 1
1 P_2 116 116 0 0 0 1 1 1
1 P_2 117 117 0 0 0 1 1 1
1 P_2 118 118 0 0 0 1 1 1
1 P_2 119 119 0 0 0 1 1 1
1 P_2 120 120 0.5 0.5 0.5 1 1 1
1 P_2 121 121 0.5 0.5 0.5 1 1 1
1 P_2 122 122 0.5 0.5 0.5 1 1 1
1 P_2 123 123 0.5 0.5 0.5 1 1 1
1 P_2 124 124 0 0 0 1 1 1
1 P_2 125 125 0 0 0 1 1 1
1 P_2 126 126 0 0 0 1 1 1
1 P_2 127 127 0.5 0.5 0.5 1 1 1
1 P_2 128 128 0 0 0 1 1 1
1 P_2 129 129 0.260056 0.28085774058577406 0.301289 1 1 1
1 P_2 130 130 0.1966775 0.21664994984954863 0.237006 1 1 1
1 P_2 131 131 0.199876 0.21984047856430708 0.24015 1 1 1
1 P_2 132 132 0.5 0.5 0.5 1 1 1
1 P_2 133 133 0.5 0.5 0.5 1 1 1
1 P_2 134 134 0.5 0.5 0.5 1 1 1
1 P_2 135 135 0 0 0 1 1 1
1 P_2 136 136 0.2683405 0.28807947019867547 0.307405 1 1 1
1 P_2 137 137 0.5 0.5 0.5 1 1 1
1 P_2 138 138 0.5 0.5 0.5 1 1 1
1 P_2 139 139 0 0 0 1 1 1
1 P_2 140 140 0 0 0 1 1 1
1 P_2 141 141 0.196067 0.21583087512291052 0.2359805 1 1 1
1 P_2 142 142 0 0 0 1 1 1
1 P_2 143 143 0.5 0.5 0.5 1 1 1
1 P_2 144 144 0.5 0.5 0.5 1 1 1
1 P_2 145 145 0.5 0.5 0.5 1 1 1
1 P_2 146 146 0 0 0 1 1 1
1 P_2 147 147 0.5 0.5 0.5 1 1 1
1 P_2 148 148 0.5 0.5 0.5 1 1 1
1 P_2 149 149 0 0 0 1 1 1
1 P_2 150 150 0 0 0 1 1 1
1 P_2 151 151 0 0 0 1 1 1
1 P_2 152 152 0 0 0 1 1 1
1 P_2 153 153 0.123202 0.14068627450980392 0.1593995 1 1 1
1 P_2 154 154 0 0 0 1 1 1
1 P_2 155 155 0.5 0.5 0.5 1 1 1
1 P_2 156 156 0 0 0 1 1 1
1 P_2 157 157 0 0 0 1 1 1
1 P_2 158 158 0.5 0.5 0.5 1 1 1
1 P_2 159 159 0.211085 0.23169456066945607 0.2525235 1 1 1
1 P_2 160 160 0.5 0.5 0.5 1 1 1
1 P_2 161 161 0.2492495 0.2702991452991453 0.2911 1 1 1
1 P_2 162 162 0.5 0.5 0.5 1 1 1
1 P_2 163 163 0 0 0 1 1 1
1 P_2 164 164 0.5 0.5 0.5 1 1 1
1 P_2 165 165 0 0 0 1 1 1
1 P_2 166 166 0.2003985 0.22011661807580174 0.240168 1 1 1
1 P_2 167 167 0 0 0 1 1 1
1 P_2 168 168 0.5 0.5 0.5 1 1 1
1 P_2 169 169 0.5 0.5 0.5 1 1 1
1 P_2 170 170 0.5 0.5 0.5 1 1 1
1 P_2 171 171 0 0 0 1 1 1
1 P_2 172 172 0.5 0.5 0.5 1 1 1
1 P_2 173 173 0.5 0.5 0.5 1 1 1
1 P_2 174 174 0.5 0.5 0.5 1 1 1
1 P_2 175 175 0.196763 0.21671671671671672 0.2370525 1 1 1
1 P_2 176 176 0.5 0.5 0.5 1 1 1
1 P_2 177 177 0.258262 0.2782608695652174 0.2979465 1 1 1
1 P_2 178 178 0.237023 0.25787815126050423 0.2786385 1 1 1
1 P_2 179 179 0.2469075 0.26767151767151764 0.288225 1 1 1
1 P_2 180 180 0 0 0 1 1 1
1 P_2 181 181 0.2666245 0.28709349593495936 0.30713 1 1 1
1 P_2 182 182 0.5 0.5 0.5 1 1 1
1 P_2 183 183 0.5 0.5 0.5 1 1 1
1 P_2 184 184 0.5 0.5 0.5 1 1 1
1 P_2 185 185 0.5 0.5 0.5 1 1 1
1 P_2 186 186 0 0 0 1 1 1
1 P_2 187 187 0.5 0.5 0.5 1 1 1
1 P_2 188 188 0 0 0 1 1 1
1 P_2 189 189 0 0 0 1 1 1
1 P_2 190 190 0.5 0.5 0.5 1 1 1
1 P_2 191 191 0.5 0.5 0.5 1 1 1
1 P_2 192 192 0 0 0 1 1 1
1 P_2 193 193 0 0 0 1 1 1
1 P_2 194 194 0 0 0 1 1 1
1 P_2 195 195 0.5 0.5 0.5 1 1 1
1 P_2 196 196 0 0 0 1 1 1
1 P_2 197 197 0.5 0.5 0.5 1 1 1
1 P_2 198 198 0 0 0 1 1 1
1 P_2 199 199 0.5 0.5 0.5 1 1 1
1 P_2 200 200 0.5 0.5 0.5 1 1 1
1 P_2 201 201 0.5 0.5 0.5 1 1 1
1 P_2 202 202 0 0 0 1 1 1
1 P_2 203 203 0.5 0.5 0.5 1 1 1
1 P_2 204 204 0 0 0 1 1 1
1 P_2 205 205 0.5 0.5 0.5 1 1 1
1 P_2 206 206 0.134417 0.15261044176706828 0.171925 1 1 1
1 P_2 207 207 0 0 0 1 1 1
1 P_2 208 208 0 0 0 1 1 1
1 P_2 209 209 0.5 0.5 0.5 1 1 1
1 P_2 210 210 0.5 0.5 0.5 1 1 1
1 P_2 211 211 0.5 0.5 0.5 1 1 1
1 P_2 212 212 0.5 0.5 0.5 1 1 1
1 P_2 213 213 0 0 0 1 1 1
1 P_2 214 214 0.5 0.5 0.5 1 1 1
1 P_2 215 215 0.5 0.5 0.5 1 1 1
1 P_2 216 216 0 0 0 1 1 1
1 P_2 217 217 0.5 0.5 0.5 1 1 1
1 P_2 218 218 0 0 0 1 1 1
1 P_2 219 219 0.1222925 0.14014373716632444 0.1592885 1 1 1
1 P_2 220 220 0.2533395 0.27404343329886244 0.2944625 1 1 1
1 P_2 221 221 0.5 0.5 0.5 1 1 1
1 P_2 222 222 0.5 0.5 0.5 1 1 1
1 P_2 223 223 0 0 0 1 1 1
1 P_2 224 224 0 0 0 1 1 1
1 P_2 225 225 0 0 0 1 1 1
1 P_2 226 226 0.257101 0.2777207392197125 0.298014 1 1 1
1 P_2 227 227 0.5 0.5 0.5 1 1 1
1 P_2 228 228 0 0 0 1 1 1
1 P_2 229 229 0.274245 0.2940613026819923 0.3133935 1 1 1
1 P_2 230 230 0.5 0.5 0.5 1 1 1
1 P_2 231 231 0 0 0 1 1 1
1 P_2 232 232 0.5 0.5 0.5 1 1 1
1 P_2 233 233 0 0 0 1 1 1
1 P_2 234 234 0 0 0 1 1 1
1 P_2 235 235 0.247239 0.26810073452256034 0.2887445 1 1 1
1 P_2 236 236 0.5 0.5 0.5 1 1 1
1 P_2 237 237 0 0 0 1 1 1
1 P_2 238 238 0 0 0 1 1 1
1 P_2 239 239 0.5 0.5 0.5 1 1 1
1 P_2 240 240 0.5 0.5 0.5 1 1 1
1 P_2 241 241 0 0 0 1 1 1
1 P_2 242 242 0 0 0 1 1 1
1 P_2 243 243 0 0 0 1 1 1
1 P_2 244 244 0 0 0 1 1 1
1 P_2 245 245 0.5 0.5 0.5 1 1 1
1 P_2 246 246 0 0 0 1 1 1
1 P_2 247 247 0.5 0.5 0.5 1 1 1
1 P_2 248 248 0 0 0 1 1 1
1 P_2 249 249 0.5 0.5 0.5 1 1 1
1 P_2 250 250 0 0 0 1 1 1
1 P_2 251 251 0 0 0 1 1 1
1 P_2 252 252 0.5 0.5 0.5 1 1 1
1 P_2 253 253 0 0 0 1 1 1
1 P_2 254 254 0.5 0.5 0.5 1 1 1
1 P_2 255 255 0.5 0.5 0.5 1 1 1
1 P_2 256 256 0.2443545 0.2646474677259186 0.284774 1 1 1
1 P_2 257 257 0 0 0 1 1 1
1 P_2 258 258 0 0 0 1 1 1
1 P_2 259 259 0 0 0 1 1 1
1 P_2 260 260 0.5 0.5 0.5 1 1 1
1 P_2 261 261 0.5 0.5 0.5 1 1 1
1 P_2 262 262 0.5 0.5 0.5 1 1 1
1 P_2 263 263 0 0 0 1 1 1
1 P_2 264 264 0 0 0 1 1 1
1 P_2 265 265 0 0 0 1 1 1
1 P_2 266 266 0.5 0.5 0.5 1 1 1
1 P_2 267 267 0.5 0.5 0.5 1 1 1
1 P_2 268 268 0.5 0.5 0.5 1 1 1
1 P_2 269 269 0.5 0.5 0.5 1 1 1
1 P_2 270 270 0.5 0.5 0.5 1 1 1
1 P_2 271 271 0.5 0.5 0.5 1 1 1
1 P_2 272 272 0.5 0.5 0.5 1 1 1
1 P_2 273 273 0.5 0.5 0.5 1 1 1
1 P_2 274 274 0 0 0 1 1 1
1 P_2 275 275 0.5 0.5 0.5 1 1 1
1 P_2 276 276 0 0 0 1 1 1
1 P_2 277 277 0 0 0 1 1 1
1 P_2 278 278 0 0 0 1 1 1
1 P_2 279 279 0 0 0 1 1 1
1 P_2 280 280 0 0 0 1 1 1
1 P_2 281 281 0 0 0 1 1 1
1 P_2 282 282 0.5 0.5 0.5 1 1 1
1 P_2 283 283 0 0 0 1 1 1
1 P_2 284 284 0 0 0 1 1 1
1 P_2 285 285 0 0 0 1 1 1
1 P_2 286 286 0 0 0 1 1 1
1 P_2 287 287 0.5 0.5 0.5 1 1 1
1 P_2 288 288 0 0 0 1 1 1
1 P_2 289 289 0 0 0 1 1 1
1 P_2 290 290 0 0 0 1 1 1
1 P_2 291 291 0.5 0.5 0.5 1 1 1
1 P_2 292 292 0 0 0 1 1 1
1 P_2 293 293 0 0 0 1 1 1
1 P_2 294 294 0 0 0 1 1 1
1 P_2 295 295 0 0 0 1 1 1
1 P_2 296 296 0.2001025 0.21971153846153846 0.2396545 1 1 1
1 P_2 297 297 0 0 0 1 1 1
1 P_2 298 298 0 0 0 1 1 1
1 P_2 299 299 0 0 0 1 1 1
1 P_2 300 300 0.5 0.5 0.5 1 1 1
1 P_2 301 301 0.5 0.5 0.5 1 1 1
1 P_2 302 302 0.5 0.5 0.5 1 1 1
1 P_2 303 303 0.5 0.5 0.5 1 1 1
1 P_2 304 304 0 0 0 1 1 1
1 P_2 305 305 0.5 0.5 0.5 1 1 1
1 P_2 306 306 0.2531635 0.2729857819905213 0.292558 1 1 1
1 P_2 307 307 0 0 0 1 1 1
1 P_2 308 308 0.5 0.5 0.5 1 1 1
1 P_2 309 309 0.5 0.5 0.5 1 1 1
1 P_2 310 310 0.5 0.5 0.5 1 1 1
1 P_2 311 311 0.5 0.5 0.5 1 1 1
1 P_2 312 312 0 0 0 1 1 1
1 P_2 313 313 0 0 0 1 1 1
1 P_2 314 314 0.5 0.5 0.5 1 1 1
1 P_2 315 315 0.5 0.5 0.5 1 1 1
1 P_2 316 316 0.5 0.5 0.5 1 1 1
1 P_2 317 317 0 0 0 1 1 1
1 P_2 318 318 0.5 0.5 0.5 1 1 1
1 P_2 319 319 0 0 0 1 1 1
1 P_2 320 320 0 0 0 1 1 1
1 P_2 321 321 0.5 0.5 0.5 1 1 1
1 P_2 322 322 0 0 0 1 1 1
1 P_2 323 323 0.5 0.5 0.5 1 1 1
1 P_2 324 324 0 0 0 1 1 1
1 P_2 325 325 0 0 0 1 1 1
1 P_2 326 326 0 0 0 1 1 1
1 P_2 327 327 0 0 0 1 1 1
1 P_2 328 328 0.263545 0.2833969465648855 0.30288350000000003 1 1 1
1 P_2 329 329 0 0 0 1 1 1
1 P_2 330 330 0 0 0 1 1 1
1 P_2 331 331 0.5 0.5 0.5 1 1 1
1 P_2 332 332 0.5 0.5 0.5 1 1 1
1 P_2 333 333 0 0 0 1 1 1
1 P_2 334 334 0.5 0.5 0.5 1 1 1
1 P_2 335 335 0 0 0 1 1 1
1 P_2 336 336 0 0 0 1 1 1
1 P_2 337 337 0.5 0.5 0.5 1 1 1
1 P_2 338 338 0 0 0 1 1 1
1 P_2 339 339 0 0 0 1 1 1
1 P_2 340 340 0 0 0 1 1 1
1 P_2 341 341 0.5 0.5 0.5 1 1 1
1 P_2 342 342 0.5 0.5 0.5 1 1 1
1 P_2 343 343 0.5 0.5 0.5 1 1 1
1 P_2 344 344 0.5 0.5 0.5 1 1 1
1 P_2 345 345 0 0 0 1 1 1
1 P_2 346 346 0.5 0.5 0.5 1 1 1
1 P_2 347 347 0.5 0.5 0.5 1 1 1
1 P_2 348 348 0.5 0.5 0.5 1 1 1
1 P_2 349 349 0.5 0.5 0.5 1 1 1
1 P_2 350 350 0.5 0.5 0.5 1 1 1
1 P_2 351 351 0 0 0 1 1 1
1 P_2 352 352 0 0 0 1 1 1
1 P_2 353 353 0 0 0 1 1 1
1 P_2 354 354 0.5 0.5 0.5 1 1 1
1 P_2 355 355 0.5 0.5 0.5 1 1 1
1 P_2 356 356 0 0 0 1 1 1
1 P_2 357 357 0.251733 0.2721774193548387 0.2923655 1 1 1
1 P_2 358 358 0.5 0.5 0.5 1 1 1
1 P_2 359 359 0 0 0 1 1 1
1 P_2 360 360 0 0 0 1 1 1
1 P_2 361 361 0.5 0.5 0.5 1 1 1
1 P_2 362 362 0.2675915 0.28775913129318853 0.3074995 1 1 1
1 P_2 363 363 0.2716955 0.2918731417244797 0.311575 1 1 1
1 P_2 364 364 0.5 0.5 0.5 1 1 1
1 P_2 365 365 0 0 0 1 1 1
1 P_2 366 366 0 0 0 1 1 1
1 P_2 367 367 0.5 0.5 0.5 1 1 1
1 P_2 368 368 0 0 0 1 1 1
1 P_2 369 369 0 0 0 1 1 1
1 P_2 370 370 0.5 0.5 0.5 1 1 1
1 P_2 371 371 0 0 0 1 1 1
1 P_2 372 372 0.5 0.5 0.5 1 1 1
1 P_2 373 373 0.5 0.5 0.5 1 1 1
1 P_2 374 374 0 0 0 1 1 1
1 P_2 375 375 0.5 0.5 0.5 1 1 1
1 P_2 376 376 0 0 0 1 1 1
1 P_2 377 377 0 0 0 1 1 1
1 P_2 378 378 0.2586075 0.2792008196721312 0.299451 1 1 1
1 P_2 379 379 0.5 0.5 0.5 1 1 1
1 P_2 380 380 0 0 0 1 1 1
1 P_2 381 381 0.5 0.5 0.5 1 1 1
1 P_2 382 382 0.5 0.5 0.5 1 1 1
1 P_2 383 383 0 0 0 1 1 1
1 P_2 384 384 0.5 0.5 0.5 1 1 1
1 P_2 385 385 0 0 0 1 1 1
1 P_2 386 386 0.5 0.5 0.5 1 1 1
1 P_2 387 387 0.2573835 0.2777222777222777 0.2977435 1 1 1
1 P_2 388 388 0 0 0 1 1 1
1 P_2 389 389 0 0 0 1 1 1
1 P_2 390 390 0 0 0 1 1 1
1 P_2 391 391 0 0 0 1 1 1
1 P_2 392 392 0.5 0.5 0.5 1 1 1
1 P_2 393 393 0.5 0.5 0.5 1 1 1
1 P_2 394 394 0 0 0 1 1 1
1 P_2 395 395 0.124122 0.14205128205128206 0.1612505 1 1 1
1 P_2 396 396 0 0 0 1 1 1
1 P_2 397 397 0.5 0.5 0.5 1 1 1
1 P_2 398 398 0.5 0.5 0.5 1 1 1
1 P_2 399 399 0.5 0.5 0.5 1 1 1
1 P_2 400 400 0.5 0.5 0.5 1 1 1
1 P_2 401 401 0.5 0.5 0.5 1 1 1
1 P_2 402 402 0 0 0 1 1 1
1 P_2 403 403 0.5 0.5 0.5 1 1 1
1 P_2 404 404 0.5 0.5 0.5 1 1 1
1 P_2 405 405 0 0 0 1 1 1
1 P_2 406 406 0 0 0 1 1 1
1 P_2 407 407 0 0 0 1 1 1
1 P_2 408 408 0 0 0 1 1 1
1 P_2 409 409 0.2677025 0.288 0.307862 1 1 1
1 P_2 410 410 0.5 0.5 0.5 1 1 1
1 P_2 411 411 0.20544 0.22565922920892495 0.246162 1 1 1
1 P_2 412 412 0 0 0 1 1 1
1 P_2 413 413 0.122059 0.13991769547325103 0.159075 1 1 1
1 P_2 414 414 0 0 0 1 1 1
1 P_2 415 415 0.5 0.5 0.5 1 1 1
1 P_2 416 416 0 0 0 1 1 1
1 P_2 417 417 0.5 0.5 0.5 1 1 1
1 P_2 418 418 0 0 0 1 1 1
1 P_2 419 419 0 0 0 1 1 1
1 P_2 420 420 0.5 0.5 0.5 1 1 1
1 P_2 421 421 0.2590425 0.27919528949950934 0.299019 1 1 1
1 P_2 422 422 0.5 0.5 0.5 1 1 1
1 P_2 423 423 0.5 0.5 0.5 1 1 1
1 P_2 424 424 0.5 0.5 0.5 1 1 1
1 P_2 425 425 0 0 0 1 1 1
1 P_2 426 426 0.5 0.5 0.5 1 1 1
1 P_2 427 427 0 0 0 1 1 1
1 P_2 428 428 0.5 0.5 0.5 1 1 1
1 P_2 429 429 0 0 0 1 1 1
1 P_2 430 430 0.5 0.5 0.5 1 1 1
1 P_2 431 431 0 0 0 1 1 1
1 P_2 432 432 0.5 0.5 0.5 1 1 1
1 P_2 433 433 0 0 0 1 1 1
1 P_2 434 434 0 0 0 1 1 1
1 P_2 435 435 0 0 0 1 1 1
1 P_2 436 436 0 0 0 1 1 1
1 P_2 437 437 0.5 0.5 0.5 1 1 1
1 P_2 438 438 0 0 0 1 1 1
1 P_2 439 439 0 0 0 1 1 1
1 P_2 440 440 0.5 0.5 0.5 1 1 1
1 P_2 441 441 0 0 0 1 1 1
1 P_2 442 442 0.5 0.5 0.5 1 1 1
1 P_2 443 443 0 0 0 1 1 1
1 P_2 444 444 0 0 0 1 1 1
1 P_2 445 445 0 0 0 1 1 1
1 P_2 446 446 0 0 0 1 1 1
1 P_2 447 447 0.5 0.5 0.5 1 1 1
1 P_2 448 448 0.5 0.5 0.5 1 1 1
1 P_2 449 449 0 0 0 1 1 1
1 P_2 450 450 0 0 0 1 1 1
1 P_2 451 451 0.201464 0.22129538763493622 0.24145 1 1 1
1 P_2 452 452 0.5 0.5 0.5 1 1 1
1 P_2 453 453 0.5 0.5 0.5 1 1 1
1 P_2 454 454 0 0 0 1 1 1
1 P_2 455 455 0 0 0 1 1 1
1 P_2 456 456 0 0 0 1 1 1
1 P_2 457 457 0 0 0 1 1 1
1 P_2 458 458 0.5 0.5 0.5 1 1 1
1 P_2 459 459 0.5 0.5 0.5 1 1 1
1 P_2 460 460 0.264417 0.28452497551420175 0.304245 1 1 1
1 P_2 461 461 0.5 0.5 0.5 1 1 1
1 P_2 462 462 0.5 0.5 0.5 1 1 1
1 P_2 463 463 0 0 0 1 1 1
1 P_2 464 464 0.5 0.5 0.5 1 1 1
1 P_2 465 465 0.5 0.5 0.5 1 1 1
1 P_2 466 466 0 0 0 1 1 1
1 P_2 467 467 0 0 0 1 1 1
1 P_2 468 468 0 0 0 1 1 1
1 P_2 469 469 0.5 0.5 0.5 1 1 1
1 P_2 470 470 0 0 0 1 1 1
1 P_2 471 471 0 0 0 1 1 1
1 P_2 472 472 0 0 0 1 1 1
1 P_2 473 473 0 0 0 1 1 1
1 P_2 474 474 0 0 0 1 1 1
1 P_2 475 475 0 0 0 1 1 1
1 P_2 476 476 0.5 0.5 0.5 1 1 1
1 P_2 477 477 0.5 0.5 0.5 1 1 1
1 P_2 478 478 0 0 0 1 1 1
1 P_2 479 479 0.5 0.5 0.5 1 1 1
1 P_2 480 480 0 0 0 1 1 1
1 P_2 481 481 0.5 0.5 0.5 1 1 1
1 P_2 482 482 0.5 0.5 0.5 1 1 1
1 P_2 483 483 0.5 0.5 0.5 1 1 1
1 P_2 484 484 0 0 0 1 1 1
1 P_2 485 485 0 0 0 1 1 1
1 P_2 486 486 0.5 0.5 0.5 1 1 1
1 P_2 487 487 0 0 0 1 1 1
1 P_2 488 488 0 0 0 1 1 1
1 P_2 489 489 0.5 0.5 0.5 1 1 1
1 P_2 490 490 0 0 0 1 1 1
1 P_2 491 491 0.5 0.5 0.5 1 1 1
1 P_2 492 492 0 0 0 1 1 1
1 P_2 493 493 0 0 0 1 1 1
1 P_2 494 494 0 0 0 1 1 1
1 P_2 495 495 0.5 0.5 0.5 1 1 1
1 P_2 496 496 0 0 0 1 1 1
1 P_2 497 497 0.265794 0.286144578313253 0.306079 1 1 1
1 P_2 498 498 0.5 0.5 0.5 1 1 1
1 P_2 499 499 0 0 0 1 1 1
1 P_2 500 500 0 0 0 1 1 1
1 P_2 501 501 0 0 0 1 1 1
1 P_2 502 502 0 0 0 1 1 1
1 P_2 503 503 0 0 0 1 1 1
1 P_2 504 504 0 0 0 1 1 1
1 P_2 505 505 0.5 0.5 0.5 1 1 1
1 P_2 506 506 0.5 0.5 0.5 1 1 1
1 P_2 507 507 0.254671 0.2748768472906404 0.2948015 1 1 1
1 P_2 508 508 0.5 0.5 0.5 1 1 1
1 P_2 509 509 0.241939 0.2625383828045036 0.2829905 1 1 1
1 P_2 510 510 0 0 0 1 1 1
1 P_2 511 511 0.5 0.5 0.5 1 1 1
1 P_2 512 512 0 0 0 1 1 1
1 P_2 513 513 0 0 0 1 1 1
1 P_2 514 514 0 0 0 1 1 1
1 P_2 515 515 0 0 0 1 1 1
1 P_2 516 516 0 0 0 1 1 1
1 P_2 517 517 0.5 0.5 0.5 1 1 1
1 P_2 518 518 0 0 0 1 1 1
1 P_2 519 519 0.5 0.5 0.5 1 1 1
1 P_2 520 520 0.5 0.5 0.5 1 1 1
1 P_2 521 521 0.5 0.5 0.5 1 1 1
1 P_2 522 522 0.5 0.5 0.5 1 1 1
1 P_2 523 523 0.5 0.5 0.5 1 1 1
1 P_2 524 524 0 0 0 1 1 1
1 P_2 525 525 0 0 0 1 1 1
1 P_2 526 526 0.5 0.5 0.5 1 1 1
1 P_2 527 527 0.255185 0.2760800842992624 0.29666 1 1 1
1 P_2 528 528 0 0 0 1 1 1
1 P_2 529 529 0 0 0 1 1 1
1 P_2 530 530 0.5 0.5 0.5 1 1 1
1 P_2 531 531 0 0 0 1 1 1
1 P_2 532 532 0.5 0.5 0.5 1 1 1
1 P_2 533 533 0 0 0 1 1 1
1 P_2 534 534 0.5 0.5 0.5 1 1 1
1 P_2 535 535 0.5 0.5 0.5 1 1 1
1 P_2 536 536 0.5 0.5 0.5 1 1 1
1 P_2 537 537 0.5 0.5 0.5 1 1 1
1 P_2 538 538 0.5 0.5 0.5 1 1 1
1 P_2 539 539 0 0 0 1 1 1
1 P_2 540 540 0 0 0 1 1 1
1 P_2 541 541 0.10796 0.12440645773979107 0.1422205 1 1 1
1 P_2 542 542 0.5 0.5 0.5 1 1 1
1 P_2 543 543 0.5 0.5 0.5 1 1 1
1 P_2 544 544 0 0 0 1 1 1
1 P_2 545 545 0.5 0.5 0.5 1 1 1
1 P_2 546 546 0.5 0.5 0.5 1 1 1
1 P_2 547 547 0.5 0.5 0.5 1 1 1
1 P_2 548 548 0 0 0 1 1 1
1 P_2 549 549 0.5 0.5 0.5 1 1 1
1 P_2 550 550 0 0 0 1 1 1
1 P_2 551 551 0 0 0 1 1 1
1 P_2 552 552 0.5 0.5 0.5 1 1 1
1 P_2 553 553 0.124615 0.14270833333333333 0.162083 1 1 1
1 P_2 554 554 0 0 0 1 1 1
1 P_2 555 555 0 0 0 1 1 1
1 P_2 556 556 0 0 0 1 1 1
1 P_2 557 557 0 0 0 1 1 1
1 P_2 558 558 0 0 0 1 1 1
1 P_2 559 559 0.5 0.5 0.5 1 1 1
1 P_2 560 560 0 0 0 1 1 1
1 P_2 561 561 0 0 0 1 1 1
1 P_2 562 562 0 0 0 1 1 1
1 P_2 563 563 0.5 0.5 0.5 1 1 1
1 P_2 564 564 0 0 0 1 1 1
1 P_2 565 565 0 0 0 1 1 1
1 P_2 566 566 0 0 0 1 1 1
1 P_2 567 567 0.5 0.5 0.5 1 1 1
1 P_2 568 568 0.5 0.5 0.5 1 1 1
1 P_2 569 569 0 0 0 1 1 1
1 P_2 570 570 0 0 0 1 1 1
1 P_2 571 571 0 0 0 1 1 1
1 P_2 572 572 0 0 0 1 1 1
1 P_2 573 573 0.5 0.5 0.5 1 1 1
1 P_2 574 574 0 0 0 1 1 1
1 P_2 575 575 0.5 0.5 0.5 1 1 1
1 P_2 576 576 0 0 0 1 1 1
1 P_2 577 577 0 0 0 1 1 1
1 P_2 578 578 0.5 0.5 0.5 1 1 1
1 P_2 579 579 0 0 0 1 1 1
1 P_2 580 580 0.5 0.5 0.5 1 1 1
1 P_2 581 581 0 0 0 1 1 1
1 P_2 582 582 0.5 0.5 0.5 1 1 1
1 P_2 583 583 0.2582265 0.27820636451301833 0.2978745 1 1 1
1 P_2 584 584 0.5 0.5 0.5 1 1 1
1 P_2 585 585 0 0 0 1 1 1
1 P_2 586 586 0 0 0 1 1 1
1 P_2 587 587 0.5 0.5 0.5 1 1 1
1 P_2 588 588 0.5 0.5 0.5 1 1 1
1 P_2 589 589 0 0 0 1 1 1
1 P_2 590 590 0 0 0 1 1 1
1 P_2 591 591 0.258052 0.27793696275071633 0.297516 1 1 1
1 P_2 592 592 0 0 0 1 1 1
1 P_2 593 593 0 0 0 1 1 1
1 P_2 594 594 0 0 0 1 1 1
1 P_2 595 595 0 0 0 1 1 1
1 P_2 596 596 0 0 0 1 1 1
1 P_2 597 597 0 0 0 1 1 1
1 P_2 598 598 0.1967825 0.2166172106824926 0.236831 1 1 1
1 P_2 599 599 0.5 0.5 0.5 1 1 1
1 P_2 600 600 0.5 0.5 0.5 1 1 1
1 P_2 601 601 0 0 0 1 1 1
1 P_2 602 602 0.5 0.5 0.5 1 1 1
1 P_2 603 603 0 0 0 1 1 1
1 P_2 604 604 0 0 0 1 1 1
1 P_2 605 605 0.5 0.5 0.5 1 1 1
1 P_2 606 606 0 0 0 1 1 1
1 P_2 607 607 0.5 0.5 0.5 1 1 1
1 P_2 608 608 0.5 0.5 0.5 1 1 1
1 P_2 609 609 0 0 0 1 1 1
1 P_2 610 610 0.271818 0.2913568773234201 0.310455 1 1 1
1 P_2 611 611 0 0 0 1 1 1
1 P_2 612 612 0 0 0 1 1 1
1 P_2 613 613 0 0 0 1 1 1
1 P_2 614 614 0.2589635 0.27947154471544716 0.299636 1 1 1
1 P_2 615 615 0 0 0 1 1 1
1 P_2 616 616 0.265077 0.2858638743455497 0.30622 1 1 1
1 P_2 617 617 0.5 0.5 0.5 1 1 1
1 P_2 618 618 0.5 0.5 0.5 1 1 1
1 P_2 619 619 0 0 0 1 1 1
1 P_2 620 620 0 0 0 1 1 1
1 P_2 621 621 0 0 0 1 1 1
1 P_2 622 622 0 0 0 1 1 1
1 P_2 623 623 0 0 0 1 1 1
1 P_2 624 624 0.5 0.5 0.5 1 1 1
1 P_2 625 625 0.5 0.5 0.5 1 1 1
1 P_2 626 626 0.5 0.5 0.5 1 1 1
1 P_2 627 627 0 0 0 1 1 1
1 P_2 628 628 0.2565155 0.2769385699899295 0.2970505 1 1 1
1 P_2 629 629 0.5 0.5 0.5 1 1 1
1 P_2 630 630 0 0 0 1 1 1
1 P_2 631 631 0 0 0 1 1 1
1 P_2 632 632 0.5 0.5 0.5 1 1 1
1 P_2 633 633 0 0 0 1 1 1
1 P_2 634 634 0.5 0.5 0.5 1 1 1
1 P_2 635 635 0.5 0.5 0.5 1 1 1
1 P_2 636 636 0 0 0 1 1 1
1 P_2 637 637 0 0 0 1 1 1
1 P_2 638 638 0.5 0.5 0.5 1 1 1
1 P_2 639 639 0.5 0.5 0.5 1 1 1
1 P_2 640 640 0 0 0 1 1 1
1 P_2 641 641 0.5 0.5 0.5 1 1 1
1 P_2 642 642 0.5 0.5 0.5 1 1 1
1 P_2 643 643 0 0 0 1 1 1
1 P_2 644 644 0 0 0 1 1 1
1 P_2 645 645 0 0 0 1 1 1
1 P_2 646 646 0 0 0 1 1 1
1 P_2 647 647 0.113228 0.13034825870646766 0.148834 1 1 1
1 P_2 648 648 0 0 0 1 1 1
1 P_2 649 649 0 0 0 1 1 1
1 P_2 650 650 0 0 0 1 1 1
1 P_2 651 651 0 0 0 1 1 1
1 P_2 652 652 0 0 0 1 1 1
1 P_2 653 653 0 0 0 1 1 1
1 P_2 654 654 0 0 0 1 1 1
1 P_2 655 655 0.208362 0.22825024437927663 0.2483825 1 1 1
1 P_2 656 656 0.5 0.5 0.5 1 1 1
1 P_2 657 657 0 0 0 1 1 1
1 P_2 658 658 0.5 0.5 0.5 1 1 1
1 P_2 659 659 0.5 0.5 0.5 1 1 1
1 P_2 660 660 0 0 0 1 1 1
1 P_2 661 661 0.5 0.5 0.5 1 1 1
1 P_2 662 662 0 0 0 1 1 1
1 P_2 663 663 0 0 0 1 1 1
1 P_2 664 664 0.5 0.5 0.5 1 1 1
1 P_2 665 665 0 0 0 1 1 1
1 P_2 666 666 0 0 0 1 1 1
1 P_2 667 667 0.5 0.5 0.5 1 1 1
1 P_2 668 668 0.2601765 0.2806484295845998 0.3007645 1 1 1
1 P_2 669 669 0 0 0 1 1 1
1 P_2 670 670 0 0 0 1 1 1
1 P_2 671 671 0.5 0.5 0.5 1 1 1
1 P_2 672 672 0 0 0 1 1 1
1 P_2 673 673 0.5 0.5 0.5 1 1 1
1 P_2 674 674 0.5 0.5 0.5 1 1 1
1 P_2 675 675 0 0 0 1 1 1
1 P_2 676 676 0 0 0 1 1 1
1 P_2 677 677 0.5 0.5 0.5 1 1 1
1 P_2 678 678 0 0 0 1 1 1
1 P_2 679 679 0 0 0 1 1 1
1 P_2 680 680 0 0 0 1 1 1
1 P_2 681 681 0 0 0 1 1 1
1 P_2 682 682 0.5 0.5 0.5 1 1 1
1 P_2 683 683 0 0 0 1 1 1
1 P_2 684 684 0.253404 0.27377377377377377 0.2938705 1 1 1
1 P_2 685 685 0.2398935 0.2602602602602603 0.280509 1 1 1
1 P_2 686 686 0.5 0.5 0.5 1 1 1
1 P_2 687 687 0 0 0 1 1 1
1 P_2 688 688 0 0 0 1 1 1
1 P_2 689 689 0 0 0 1 1 1
1 P_2 690 690 0 0 0 1 1 1
1 P_2 691 691 0 0 0 1 1 1
1 P_2 692 692 0.1913875 0.21149897330595482 0.232064 1 1 1
1 P_2 693 693 0 0 0 1 1 1
1 P_2 694 694 0 0 0 1 1 1
1 P_2 695 695 0.5 0.5 0.5 1 1 1
1 P_2 696 696 0.5 0.5 0.5 1 1 1
1 P_2 697 697 0.5 0.5 0.5 1 1 1
1 P_2 698 698 0 0 0 1 1 1
1 P_2 699 699 0.5 0.5 0.5 1 1 1
1 P_2 700 700 0 0 0 1 1 1
1 P_2 701 701 0.5 0.5 0.5 1 1 1
1 P_2 702 702 0.1944265 0.21394230769230768 0.233856 1 1 1
1 P_2 703 703 0 0 0 1 1 1
1 P_2 704 704 0 0 0 1 1 1
1 P_2 705 705 0.5 0.5 0.5 1 1 1
1 P_2 706 706 0 0 0 1 1 1
1 P_2 707 707 0 0 0 1 1 1
1 P_2 708 708 0.264446 0.2851929092805005 0.305519 1 1 1
1 P_2 709 709 0 0 0 1 1 1
1 P_2 710 710 0.260988 0.28055555555555556 0.2997985 1 1 1
1 P_2 711 711 0.112334 0.12955465587044535 0.1481735 1 1 1
1 P_2 712 712 0.1152015 0.13271604938271606 0.151614 1 1 1
1 P_2 713 713 0 0 0 1 1 1
1 P_2 714 714 0 0 0 1 1 1
1 P_2 715 715 0.5 0.5 0.5 1 1 1
1 P_2 716 716 0.20102 0.22115384615384615 0.2416225 1 1 1
1 P_2 717 717 0.2622195 0.28245787908820613 0.3023275 1 1 1
1 P_2 718 718 0.114165 0.13136863136863136 0.1499315 1 1 1
1 P_2 719 719 0.5 0.5 0.5 1 1 1
1 P_2 720 720 0 0 0 1 1 1
1 P_2 721 721 0 0 0 1 1 1
1 P_2 722 722 0 0 0 1 1 1
1 P_2 723 723 0.5 0.5 0.5 1 1 1
1 P_2 724 724 0.5 0.5 0.5 1 1 1
1 P_2 725 725 0.5 0.5 0.5 1 1 1
1 P_2 726 726 0.5 0.5 0.5 1 1 1
1 P_2 727 727 0 0 0 1 1 1
1 P_2 728 728 0.5 0.5 0.5 1 1 1
1 P_2 729 729 0 0 0 1 1 1
1 P_2 730 730 0 0 0 1 1 1
1 P_2 731 731 0 0 0 1 1 1
1 P_2 732 732 0.5 0.5 0.5 1 1 1
1 P_2 733 733 0.5 0.5 0.5 1 1 1
1 P_2 734 734 0 0 0 1 1 1
1 P_2 735 735 0 0 0 1 1 1
1 P_2 736 736 0.5 0.5 0.5 1 1 1
1 P_2 737 737 0.5 0.5 0.5 1 1 1
1 P_2 738 738 0.5 0.5 0.5 1 1 1
1 P_2 739 739 0 0 0 1 1 1
1 P_2 740 740 0.5 0.5 0.5 1 1 1
1 P_2 741 741 0.5 0.5 0.5 1 1 1
1 P_2 742 742 0.264768 0.28462273161413565 0.304098 1 1 1
1 P_2 743 743 0 0 0 1 1 1
1 P_2 744 744 0.5 0.5 0.5 1 1 1
1 P_2 745 745 0 0 0 1 1 1
1 P_2 746 746 0.5 0.5 0.5 1 1 1
1 P_2 747 747 0.5 0.5 0.5 1 1 1
1 P_2 748 748 0.5 0.5 0.5 1 1 1
1 P_2 749 749 0.2578295 0.2779960707269155 0.2978475 1 1 1
1 P_2 750 750 0 0 0 1 1 1
1 P_2 751 751 0.5 0.5 0.5 1 1 1
1 P_2 752 752 0.5 0.5 0.5 1 1 1
1 P_2 753 753 0.1338665 0.1519364448857994 0.1711235 1 1 1
1 P_2 754 754 0.2637725 0.2837186897880539 0.303292 1 1 1
1 P_2 755 755 0.2500395 0.2705583756345178 0.290838 1 1 1
1 P_2 756 756 0 0 0 1 1 1
1 P_2 757 757 0 0 0 1 1 1
1 P_2 758 758 0 0 0 1 1 1
1 P_2 759 759 0.5 0.5 0.5 1 1 1
1 P_2 760 760 0.5 0.5 0.5 1 1 1
1 P_2 761 761 0.5 0.5 0.5 1 1 1
1 P_2 762 762 0 0 0 1 1 1
1 P_2 763 763 0 0 0 1 1 1
1 P_2 764 764 0 0 0 1 1 1
1 P_2 765 765 0.5 0.5 0.5 1 1 1
1 P_2 766 766 0 0 0 1 1 1
1 P_2 767 767 0 0 0 1 1 1
1 P_2 768 768 0 0 0 1 1 1
1 P_2 769 769 0 0 0 1 1 1
1 P_2 770 770 0.2579325 0.2778846153846154 0.297529 1 1 1
1 P_2 771 771 0.5 0.5 0.5 1 1 1
1 P_2 772 772 0.5 0.5 0.5 1 1 1
1 P_2 773 773 0.5 0.5 0.5 1 1 1
1 P_2 774 774 0 0 0 1 1 1
1 P_2 775 775 0 0 0 1 1 1
1 P_2 776 776 0.1303455 0.1482213438735178 0.1672505 1 1 1
1 P_2 777 777 0 0 0 1 1 1
1 P_2 778 778 0 0 0 1 1 1
1 P_2 779 779 0 0 0 1 1 1
1 P_2 780 780 0.5 0.5 0.5 1 1 1
1 P_2 781 781 0.5 0.5 0.5 1 1 1
1 P_2 782 782 0 0 0 1 1 1
1 P_2 783 783 0 0 0 1 1 1
1 P_2 784 784 0 0 0 1 1 1
1 P_2 785 785 0 0 0 1 1 1
1 P_2 786 786 0.2693475 0.28976697061803447 0.309724 1 1 1
1 P_2 787 787 0 0 0 1 1 1
1 P_2 788 788 0.26714 0.28751258811681774 0.307452 1 1 1
1 P_2 789 789 0.5 0.5 0.5 1 1 1
1 P_2 790 790 0.5 0.5 0.5 1 1 1
1 P_2 791 791 0 0 0 1 1 1
1 P_2 792 792 0.5 0.5 0.5 1 1 1
1 P_2 793 793 0 0 0 1 1 1
1 P_2 794 794 0.5 0.5 0.5 1 1 1
1 P_2 795 795 0.5 0.5 0.5 1 1 1
1 P_2 796 796 0.133798 0.1520854526958291 0.1715155 1 1 1
1 P_2 797 797 0 0 0 1 1 1
1 P_2 798 798 0.5 0.5 0.5 1 1 1
1 P_2 799 799 0 0 0 1 1 1
1 P_2 800 800 0.2602545 0.2803921568627451 0.3001885 1 1 1
1 P_2 801 801 0 0 0 1 1 1
1 P_2 802 802 0.121203 0.13813953488372094 0.15627 1 1 1
1 P_2 803 803 0 0 0 1 1 1
1 P_2 804 804 0 0 0 1 1 1
1 P_2 805 805 0.5 0.5 0.5 1 1 1
1 P_2 806 806 0.5 0.5 0.5 1 1 1
1 P_2 807 807 0 0 0 1 1 1
1 P_2 808 808 0.5 0.5 0.5 1 1 1
1 P_2 809 809 0 0 0 1 1 1
1 P_2 810 810 0.5 0.5 0.5 1 1 1
1 P_2 811 811 0 0 0 1 1 1
1 P_2 812 812 0 0 0 1 1 1
1 P_2 813 813 0.5 0.5 0.5 1 1 1
1 P_2 814 814 0.5 0.5 0.5 1 1 1
1 P_2 815 815 0.5 0.5 0.5 1 1 1
1 P_2 816 816 0 0 0 1 1 1
1 P_2 817 817 0 0 0 1 1 1
1 P_2 818 818 0 0 0 1 1 1
1 P_2 819 819 0.5 0.5 0.5 1 1 1
1 P_2 820 820 0.5 0.5 0.5 1 1 1
1 P_2 821 821 0 0 0 1 1 1
1 P_2 822 822 0.5 0.5 0.5 1 1 1
1 P_2 823 823 0.5 0.5 0.5 1 1 1
1 P_2 824 824 0 0 0 1 1 1
1 P_2 825 825 0 0 0 1 1 1
1 P_2 826 826 0 0 0 1 1 1
1 P_2 827 827 0.5 0.5 0.5 1 1 1
1 P_2 828 828 0 0 0 1 1 1
1 P_2 829 829 0.5 0.5 0.5 1 1 1
1 P_2 830 830 0 0 0 1 1 1
1 P_2 831 831 0.5 0.5 0.5 1 1 1
1 P_2 832 832 0 0 0 1 1 1
1 P_2 833 833 0 0 0 1 1 1
1 P_2 834 834 0 0 0 1 1 1
1 P_2 835 835 0.5 0.5 0.5 1 1 1
1 P_2 836 836 0.5 0.5 0.5 1 1 1
1 P_2 837 837 0 0 0 1 1 1
1 P_2 838 838 0.1955495 0.21542288557213932 0.2356905 1 1 1
1 P_2 839 839 0 0 0 1 1 1
1 P_2 840 840 0 0 0 1 1 1
1 P_2 841 841 0 0 0 1 1 1
1 P_2 842 842 0 0 0 1 1 1
1 P_2 843 843 0 0 0 1 1 1
1 P_2 844 844 0.5 0.5 0.5 1 1 1
1 P_2 845 845 0.273502 0.2939086294416244 0.3138045 1 1 1
1 P_2 846 846 0 0 0 1 1 1
1 P_2 847 847 0.5 0.5 0.5 1 1 1
1 P_2 848 848 0 0 0 1 1 1
1 P_2 849 849 0 0 0 1 1 1
1 P_2 850 850 0 0 0 1 1 1
1 P_2 851 851 0 0 0 1 1 1
1 P_2 852 852 0 0 0 1 1 1
1 P_2 853 853 0 0 0 1 1 1
1 P_2 854 854 0.5 0.5 0.5 1 1 1
1 P_2 855 855 0.5 0.5 0.5 1 1 1
1 P_2 856 856 0 0 0 1 1 1
1 P_2 857 857 0 0 0 1 1 1
1 P_2 858 858 0 0 0 1 1 1
1 P_2 859 859 0.5 0.5 0.5 1 1 1
1 P_2 860 860 0 0 0 1 1 1
1 P_2 861 861 0.5 0.5 0.5 1 1 1
1 P_2 862 862 0.5 0.5 0.5 1 1 1
1 P_2 863 863 0 0 0 1 1 1
1 P_2 864 864 0 0 0 1 1 1
1 P_2 865 865 0 0 0 1 1 1
1 P_2 866 866 0.5 0.5 0.5 1 1 1
1 P_2 867 867 0 0 0 1 1 1
1 P_2 868 868 0 0 0 1 1 1
1 P_2 869 869 0.5 0.5 0.5 1 1 1
1 P_2 870 870 0.5 0.5 0.5 1 1 1
1 P_2 871 871 0 0 0 1 1 1
1 P_2 872 872 0.5 0.5 0.5 1 1 1
1 P_2 873 873 0.5 0.5 0.5 1 1 1
1 P_2 874 874 0.5 0.5 0.5 1 1 1
1 P_2 875 875 0 0 0 1 1 1
1 P_2 876 876 0 0 0 1 1 1
1 P_2 877 877 0 0 0 1 1 1
1 P_2 878 878 0 0 0 1 1 1
1 P_2 879 879 0 0 0 1 1 1
1 P_2 880 880 0.5 0.5 0.5 1 1 1
1 P_2 881 881 0 0 0 1 1 1
1 P_2 882 882 0.5 0.5 0.5 1 1 1
1 P_2 883 883 0.5 0.5 0.5 1 1 1
1 P_2 884 884 0.5 0.5 0.5 1 1 1
1 P_2 885 885 0 0 0 1 1 1
1 P_2 886 886 0 0 0 1 1 1
1 P_2 887 887 0.5 0.5 0.5 1 1 1
1 P_2 888 888 0 0 0 1 1 1
1 P_2 889 889 0.5 0.5 0.5 1 1 1
1 P_2 890 890 0 0 0 1 1 1
1 P_2 891 891 0.5 0.5 0.5 1 1 1
1 P_2 892 892 0 0 0 1 1 1
1 P_2 893 893 0.5 0.5 0.5 1 1 1
1 P_2 894 894 0.5 0.5 0.5 1 1 1
1 P_2 895 895 0 0 0 1 1 1
1 P_2 896 896 0 0 0 1 1 1
1 P_2 897 897 0.5 0.5 0.5 1 1 1
1 P_2 898 898 0.25988 0.28007889546351084 0.2999375 1 1 1
1 P_2 899 899 0 0 0 1 1 1
1 P_2 900 900 0.5 0.5 0.5 1 1 1
1 P_2 901 901 0 0 0 1 1 1
1 P_2 902 902 0.5 0.5 0.5 1 1 1
1 P_2 903 903 0 0 0 1 1 1
1 P_2 904 904 0 0 0 1 1 1
1 P_2 905 905 0.5 0.5 0.5 1 1 1
1 P_2 906 906 0 0 0 1 1 1
1 P_2 907 907 0 0 0 1 1 1
1 P_2 908 908 0 0 0 1 1 1
1 P_2 909 909 0 0 0 1 1 1
1 P_2 910 910 0 0 0 1 1 1
1 P_2 911 911 0 0 0 1 1 1
1 P_2 912 912 0 0 0 1 1 1
1 P_2 913 913 0.5 0.5 0.5 1 1 1
1 P_2 914 914 0 0 0 1 1 1
1 P_2 915 915 0 0 0 1 1 1
1 P_2 916 916 0 0 0 1 1 1
1 P_2 917 917 0.264734 0.2850701402805611 0.3050035 1 1 1
1 P_2 918 918 0 0 0 1 1 1
1 P_2 919 919 0 0 0 1 1 1
1 P_2 920 920 0 0 0 1 1 1
1 P_2 921 921 0 0 0 1 1 1
1 P_2 922 922 0.5 0.5 0.5 1 1 1
1 P_2 923 923 0 0 0 1 1 1
1 P_2 924 924 0.5 0.5 0.5 1 1 1
1 P_2 925 925 0 0 0 1 1 1
1 P_2 926 926 0 0 0 1 1 1
1 P_2 927 927 0 0 0 1 1 1
1 P_2 928 928 0.5 0.5 0.5 1 1 1
1 P_2 929 929 0.1248235 0.14223722275795564 0.160843 1 1 1
1 P_2 930 930 0 0 0 1 1 1
1 P_2 931 931 0.2409105 0.2614445574771109 0.2818455 1 1 1
1 P_2 932 932 0 0 0 1 1 1
1 P_2 933 933 0 0 0 1 1 1
1 P_2 934 934 0 0 0 1 1 1
1 P_2 935 935 0.5 0.5 0.5 1 1 1
1 P_2 936 936 0.5 0.5 0.5 1 1 1
1 P_2 937 937 0.5 0.5 0.5 1 1 1
1 P_2 938 938 0 0 0 1 1 1
1 P_2 939 939 0 0 0 1 1 1
1 P_2 940 940 0.5 0.5 0.5 1 1 1
1 P_2 941 941 0.5 0.5 0.5 1 1 1
1 P_2 942 942 0.5 0.5 0.5 1 1 1
1 P_2 943 943 0 0 0 1 1 1
1 P_2 944 944 0.253243 0.2734915924826904 0.293474 1 1 1
1 P_2 945 945 0.264763 0.2848101265822785 0.3044685 1 1 1
1 P_2 946 946 0.5 0.5 0.5 1 1 1
1 P_2 947 947 0 0 0 1 1 1
1 P_2 948 948 0.5 0.5 0.5 1 1 1
1 P_2 949 949 0.5 0.5 0.5 1 1 1
1 P_2 950 950 0.5 0.5 0.5 1 1 1
1 P_2 951 951 0 0 0 1 1 1
1 P_2 952 952 0 0 0 1 1 1
1 P_2 953 953 0 0 0 1 1 1
1 P_2 954 954 0.5 0.5 0.5 1 1 1
1 P_2 955 955 0.5 0.5 0.5 1 1 1
1 P_2 956 956 0.5 0.5 0.5 1 1 1
1 P_2 957 957 0.5 0.5 0.5 1 1 1
1 P_2 958 958 0 0 0 1 1 1
1 P_2 959 959 0.126555 0.14480587618048268 0.1643225 1 1 1
1 P_2 960 960 0.5 0.5 0.5 1 1 1
1 P_2 961 961 0 0 0 1 1 1
1 P_2 962 962 0 0 0 1 1 1
1 P_2 963 963 0 0 0 1 1 1
1 P_2 964 964 0.5 0.5 0.5 1 1 1
1 P_2 965 965 0 0 0 1 1 1
1 P_2 966 966 0.5 0.5 0.5 1 1 1
1 P_2 967 967 0.267361 0.28800413650465356 0.3081965 1 1 1
1 P_2 968 968 0 0 0 1 1 1
1 P_2 969 969 0.5 0.5 0.5 1 1 1
1 P_2 970 970 0 0 0 1 1 1
1 P_2 971 971 0.5 0.5 0.5 1 1 1
1 P_2 972 972 0 0 0 1 1 1
1 P_2 973 973 0.5 0.5 0.5 1 1 1
1 P_2 974 974 0.1185875 0.1356255969436485 0.1539165 1 1 1
1 P_2 975 975 0.5 0.5 0.5 1 1 1
1 P_2 976 976 0 0 0 1 1 1
1 P_2 977 977 0.5 0.5 0.5 1 1 1
1 P_2 978 978 0.254928 0.2749757516973812 0.2947455 1 1 1
1 P_2 979 979 0 0 0 1 1 1
1 P_2 980 980 0.5 0.5 0.5 1 1 1
1 P_2 981 981 0 0 0 1 1 1
1 P_2 982 982 0 0 0 1 1 1
1 P_2 983 983 0 0 0 1 1 1
1 P_2 984 984 0 0 0 1 1 1
1 P_2 985 985 0.5 0.5 0.5 1 1 1
1 P_2 986 986 0 0 0 1 1 1
1 P_2 987 987 0 0 0 1 1 1
1 P_2 988 988 0 0 0 1 1 1
1 P_2 989 989 0.5 0.5 0.5 1 1 1
1 P_2 990 990 0 0 0 1 1 1
1 P_2 991 991 0.5 0.5 0.5 1 1 1
1 P_2 992 992 0.196041 0.21609311740890688 0.236539 1 1 1
1 P_2 993 993 0.5 0.5 0.5 1 1 1
1 P_2 994 994 0 0 0 1 1 1
1 P_2 995 995 0.5 0.5 0.5 1 1 1
1 P_2 996 996 0.5 0.5 0.5 1 1 1
1 P_2 997 997 0.5 0.5 0.5 1 1 1
1 P_2 998 998 0 0 0 1 1 1
1 P_2 999 999 0.260808 0.28085519922254615 0.3005585 1 1 1
1 P_2 1000 1000 0.2666575 0.287434554973822 0.307762 1 1 1
1 P_2 1001 1001 0 0 0 1 1 1
1 P_2 1002 1002 0.250639 0.270772238514174 0.290673 1 1 1
1 P_2 1003 1003 0 0 0 1 1 1
1 P_2 1004 1004 0 0 0 1 1 1
1 P_2 1005 1005 0.5 0.5 0.5 1 1 1
1 P_2 1006 1006 0.5 0.5 0.5 1 1 1
1 P_2 1007 1007 0 0 0 1 1 1
1 P_2 1008 1008 0.5 0.5 0.5 1 1 1
1 P_2 1009 1009 0.11955 0.13644859813084112 0.1545645 1 1 1
1 P_2 1010 1010 0 0 0 1 1 1
1 P_2 1011 1011 0 0 0 1 1 1
1 P_2 1012 1012 0.5 0.5 0.5 1 1 1
1 P_2 1013 1013 0.5 0.5 0.5 1 1 1
1 P_2 1014 1014 0 0 0 1 1 1
1 P_2 1015 1015 0.5 0.5 0.5 1 1 1
1 P_2 1016 1016 0 0 0 1 1 1
1 P_2 1017 1017 0.5 0.5 0.5 1 1 1
1 P_2 1018 1018 0.5 0.5 0.5 1 1 1
1 P_2 1019 1019 0 0 0 1 1 1
1 P_2 1020 1020 0.5 0.5 0.5 1 1 1
1 P_2 1021 1021 0.5 0.5 0.5 1 1 1
1 P_2 1022 1022 0.5 0.5 0.5 1 1 1
1 P_2 1023 1023 0.5 0.5 0.5 1 1 1
1 P_2 1024 1024 0.5 0.5 0.5 1 1 1
1 P_2 1025 1025 0 0 0 1 1 1
1 P_2 1026 1026 0 0 0 1 1 1
1 P_2 1027 1027 0 0 0 1 1 1
1 P_2 1028 1028 0.5 0.5 0.5 1 1 1
1 P_2 1029 1029 0.122398 0.1396917148362235 0.1582045 1 1 1
1 P_2 1030 1030 0 0 0 1 1 1
1 P_2 1031 1031 0.5 0.5 0.5 1 1 1
1 P_2 1032 1032 0.5 0.5 0.5 1 1 1
1 P_2 1033 1033 0 0 0 1 1 1
1 P_2 1034 1034 0 0 0 1 1 1
1 P_2 1035 1035 0 0 0 1 1 1
1 P_2 1036 1036 0 0 0 1 1 1
1 P_2 1037 1037 0.5 0.5 0.5 1 1 1
1 P_2 1038 1038 0.2630275 0.2830739299610895 0.3027515 1 1 1
1 P_2 1039 1039 0.5 0.5 0.5 1 1 1
1 P_2 1040 1040 0 0 0 1 1 1
1 P_2 1041 1041 0.5 0.5 0.5 1 1 1
1 P_2 1042 1042 0.5 0.5 0.5 1 1 1
1 P_2 1043 1043 0 0 0 1 1 1
1 P_2 1044 1044 0.19536 0.21505376344086022 0.2351395 1 1 1
1 P_2 1045 1045 0.5 0.5 0.5 1 1 1
1 P_2 1046 1046 0.5 0.5 0.5 1 1 1
1 P_2 1047 1047 0.5 0.5 0.5 1 1 1
1 P_2 1048 1048 0.5 0.5 0.5 1 1 1
1 P_2 1049 1049 0 0 0 1 1 1
1 P_2 1050 1050 0 0 0 1 1 1
1 P_2 1051 1051 0 0 0 1 1 1
1 P_2 1052 1052 0.5 0.5 0.5 1 1 1
1 P_2 1053 1053 0 0 0 1 1 1
1 P_2 1054 1054 0 0 0 1 1 1
1 P_2 1055 1055 0.5 0.5 0.5 1 1 1
1 P_2 1056 1056 0 0 0 1 1 1
1 P_2 1057 1057 0 0 0 1 1 1
1 P_2 1058 1058 0 0 0 1 1 1
1 P_2 1059 1059 0.5 0.5 0.5 1 1 1
1 P_2 1060 1060 0 0 0 1 1 1
1 P_2 1061 1061 0.5 0.5 0.5 1 1 1
1 P_2 1062 1062 0.5 0.5 0.5 1 1 1
1 P_2 1063 1063 0 0 0 1 1 1
1 P_2 1064 1064 0.5 0.5 0.5 1 1 1
1 P_2 1065 1065 0.5 0.5 0.5 1 1 1
1 P_2 1066 1066 0.2479565 0.26810176125244617 0.2880435 1 1 1
1 P_2 1067 1067 0.5 0.5 0.5 1 1 1
1 P_2 1068 1068 0.5 0.5 0.5 1 1 1
1 P_2 1069 1069 0 0 0 1 1 1
1 P_2 1070 1070 0 0 0 1 1 1
1 P_2 1071 1071 0.206264 0.22596153846153846 0.2459245 1 1 1
1 P_2 1072 1072 0 0 0 1 1 1
1 P_2 1073 1073 0 0 0 1 1 1
1 P_2 1074 1074 0 0 0 1 1 1
1 P_2 1075 1075 0 0 0 1 1 1
1 P_2 1076 1076 0 0 0 1 1 1
1 P_2 1077 1077 0 0 0 1 1 1
1 P_2 1078 1078 0.5 0.5 0.5 1 1 1
1 P_2 1079 1079 0.5 0.5 0.5 1 1 1
1 P_2 1080 1080 0.5 0.5 0.5 1 1 1
1 P_2 1081 1081 0 0 0 1 1 1
1 P_2 1082 1082 0 0 0 1 1 1
1 P_2 1083 1083 0 0 0 1 1 1
1 P_2 1084 1084 0.5 0.5 0.5 1 1 1
1 P_2 1085 1085 0.5 0.5 0.5 1 1 1
1 P_2 1086 1086 0.5 0.5 0.5 1 1 1
1 P_2 1087 1087 0.5 0.5 0.5 1 1 1
1 P_2 1088 1088 0 0 0 1 1 1
1 P_2 1089 1089 0.5 0.5 0.5 1 1 1
1 P_2 1090 1090 0.5 0.5 0.5 1 1 1
1 P_2 1091 1091 0.5 0.5 0.5 1 1 1
1 P_2 1092 1092 0.5 0.5 0.5 1 1 1
