5 #m
8 #n
0 P_9 0 0 0.5 0.5 0.5 1 1 1
0 P_9 1 1 0.5 0.5 0.5 1 1 1
0 P_9 2 2 0.5 0.5 0.5 1 1 1
0 P_9 3 3 0 0 0 1 1 1
0 P_9 4 4 0 0 0 1 1 1
0 P_9 5 5 0 0 0 1 1 1
0 P_9 6 6 0.321536 0.3277 0.3337745 1 1 1
0 P_9 7 7 0.321536 0.3277 0.3337745 1 1 1
1 P_2 0 0 0.5 0.5 0.5 1 1 1
1 P_2 1 1 0.2956225 0.30195 0.3082175 1 1 1
1 P_2 2 2 0.2956225 0.30195 0.3082175 1 1 1
1 P_2 3 3 0 0 0 1 1 1
1 P_2 4 4 0 0 0 1 1 1
1 P_2 5 5 0 0 0 1 1 1
1 P_2 6 6 0 0 0 1 1 1
1 P_2 7 7 0 0 0 1 1 1
2 P_7 0 0 0.5 0.5 0.5 1 1 1
2 P_7 1 1 0.307287 0.31355 0.31974 1 1 1
2 P_7 2 2 0.307287 0.31355 0.31974 1 1 1
2 P_7 3 3 0.1749015 0.18105 0.187278 1 1 1
2 P_7 4 4 0.1749015 0.18105 0.187278 1 1 1
2 P_7 5 5 0 0 0 1 1 1
2 P_7 6 6 0.063058 0.06735 0.071852 1 1 1
2 P_7 7 7 0.063058 0.06735 0.071852 1 1 1
3 P_6 0 0 0.5 0.5 0.5 1 1 1
3 P_6 1 1 0.5 0.5 0.5 1 1 1
3 P_6 2 2 0.5 0.5 0.5 1 1 1
3 P_6 3 3 0 0 0 1 1 1
3 P_6 4 4 0 0 0 1 1 1
3 P_6 5 5 0 0 0 1 1 1
3 P_6 6 6 0 0 0 1 1 1
3 P_6 7 7 0 0 0 1 1 1
4 P_1 0 0 0.5 0.5 0.5 1 1 1
4 P_1 1 1 0.388145 0.3935 0.3986895 1 1 1
4 P_1 2 2 0.388145 0.3935 0.3986895 1 1 1
4 P_1 3 3 0.165185 0.17125 0.1774055 1 1 1
4 P_1 4 4 0.08852 0.09345 0.09856 1 1 1
4 P_1 5 5 0.1013595 0.10655 0.111906 1 1 1
4 P_1 6 6 0 0 0 1 1 1
4 P_1 7 7 0 0 0 1 1 1
