2 #m
601 #n
0 P_7 0 0 0.5 0.5 0.5 1 1 1
0 P_7 1 1 0.5 0.5 0.5 1 1 1
0 P_7 2 2 0.5 0.5 0.5 1 1 1
0 P_7 3 3 0 0 0 1 1 1
0 P_7 4 4 0 0 0 1 1 1
0 P_7 5 5 0 0 0 1 1 1
0 P_7 6 6 0.0329578 0.06701030927835051 0.121876 1 1 1
0 P_7 7 7 0 0 0 1 1 1
0 P_7 8 8 0 0 0 1 1 1
0 P_7 9 9 0 0 0 1 1 1
0 P_7 10 10 0 0 0 1 1 1
0 P_7 11 11 0 0 0 1 1 1
0 P_7 12 12 0 0 0 1 1 1
0 P_7 13 13 0.0613475 0.10377358490566038 0.161497 1 1 1
0 P_7 14 14 0 0 0 1 1 1
0 P_7 15 15 0 0 0 1 1 1
0 P_7 16 16 0.178933 0.2422680412371134 0.3064855 1 1 1
0 P_7 17 17 0 0 0 1 1 1
0 P_7 18 18 0 0 0 1 1 1
0 P_7 19 19 0 0 0 1 1 1
0 P_7 20 20 0 0 0 1 1 1
0 P_7 21 21 0 0 0 1 1 1
0 P_7 22 22 0 0 0 1 1 1
0 P_7 23 23 0.180889 0.2391304347826087 0.298424 1 1 1
0 P_7 24 24 0.02228345 0.048672566371681415 0.094805 1 1 1
0 P_7 25 25 0 0 0 1 1 1
0 P_7 26 26 0.1693835 0.22897196261682243 0.290743 1 1 1
0 P_7 27 27 0.01715755 0.04090909090909091 0.085681 1 1 1
0 P_7 28 28 0 0 0 1 1 1
0 P_7 29 29 0.5 0.5 0.5 1 1 1
0 P_7 30 30 0.03643025 0.07386363636363637 0.1332955 1 1 1
0 P_7 31 31 0.1420505 0.2073170731707317 0.2783025 1 1 1
0 P_7 32 32 0.5 0.5 0.5 1 1 1
0 P_7 33 33 0 0 0 1 1 1
0 P_7 34 34 0.1425125 0.20098039215686275 0.2647765 1 1 1
0 P_7 35 35 0 0 0 1 1 1
0 P_7 36 36 0.0410827 0.07589285714285714 0.127959 1 1 1
0 P_7 37 37 0 0 0 1 1 1
0 P_7 38 38 0.064936 0.10714285714285714 0.163523 1 1 1
0 P_7 39 39 0 0 0 1 1 1
0 P_7 40 40 0 0 0 1 1 1
0 P_7 41 41 0 0 0 1 1 1
0 P_7 42 42 0.5 0.5 0.5 1 1 1
0 P_7 43 43 0.0481743 0.08854166666666667 0.147478 1 1 1
0 P_7 44 44 0.0453386 0.0851063829787234 0.1442215 1 1 1
0 P_7 45 45 0 0 0 1 1 1
0 P_7 46 46 0.035454 0.07407407407407407 0.136472 1 1 1
0 P_7 47 47 0 0 0 1 1 1
0 P_7 48 48 0.5 0.5 0.5 1 1 1
0 P_7 49 49 0 0 0 1 1 1
0 P_7 50 50 0 0 0 1 1 1
0 P_7 51 51 0.04253 0.08 0.136263 1 1 1
0 P_7 52 52 0.135109 0.19387755102040816 0.2589855 1 1 1
0 P_7 53 53 0.213503 0.27722772277227725 0.3379645 1 1 1
0 P_7 54 54 0 0 0 1 1 1
0 P_7 55 55 0.149844 0.20512820512820512 0.264685 1 1 1
0 P_7 56 56 0 0 0 1 1 1
0 P_7 57 57 0 0 0 1 1 1
0 P_7 58 58 0.2038085 0.2629310344827586 0.320812 1 1 1
0 P_7 59 59 0 0 0 1 1 1
0 P_7 60 60 0.03334875 0.0660377358490566 0.117941 1 1 1
0 P_7 61 61 0 0 0 1 1 1
0 P_7 62 62 0 0 0 1 1 1
0 P_7 63 63 0 0 0 1 1 1
0 P_7 64 64 0 0 0 1 1 1
0 P_7 65 65 0.5 0.5 0.5 1 1 1
0 P_7 66 66 0.5 0.5 0.5 1 1 1
0 P_7 67 67 0.1899125 0.25 0.3100875 1 1 1
0 P_7 68 68 0.1826235 0.2412280701754386 0.300689 1 1 1
0 P_7 69 69 0.04651265 0.08411214953271028 0.1388985 1 1 1
0 P_7 70 70 0 0 0 1 1 1
0 P_7 71 71 0.5 0.5 0.5 1 1 1
0 P_7 72 72 0 0 0 1 1 1
0 P_7 73 73 0 0 0 1 1 1
0 P_7 74 74 0 0 0 1 1 1
0 P_7 75 75 0 0 0 1 1 1
0 P_7 76 76 0 0 0 1 1 1
0 P_7 77 77 0 0 0 1 1 1
0 P_7 78 78 0.5 0.5 0.5 1 1 1
0 P_7 79 79 0.5 0.5 0.5 1 1 1
0 P_7 80 80 0.1423985 0.2 0.2628865 1 1 1
0 P_7 81 81 0.114685 0.17204301075268819 0.2386595 1 1 1
0 P_7 82 82 0 0 0 1 1 1
0 P_7 83 83 0 0 0 1 1 1
0 P_7 84 84 0.5 0.5 0.5 1 1 1
0 P_7 85 85 0.5 0.5 0.5 1 1 1
0 P_7 86 86 0 0 0 1 1 1
0 P_7 87 87 0 0 0 1 1 1
0 P_7 88 88 0 0 0 1 1 1
0 P_7 89 89 0 0 0 1 1 1
0 P_7 90 90 0 0 0 1 1 1
0 P_7 91 91 0 0 0 1 1 1
0 P_7 92 92 0.1569595 0.2215909090909091 0.2897805 1 1 1
0 P_7 93 93 0.5 0.5 0.5 1 1 1
0 P_7 94 94 0 0 0 1 1 1
0 P_7 95 95 0.0091773 0.026785714285714284 0.066376 1 1 1
0 P_7 96 96 0 0 0 1 1 1
0 P_7 97 97 0.169342 0.23195876288659795 0.2966335 1 1 1
0 P_7 98 98 0.1250865 0.1853932584269663 0.253704 1 1 1
0 P_7 99 99 0 0 0 1 1 1
0 P_7 100 100 0 0 0 1 1 1
0 P_7 101 101 0 0 0 1 1 1
0 P_7 102 102 0.5 0.5 0.5 1 1 1
0 P_7 103 103 0.237474 0.30097087378640774 0.3589795 1 1 1
0 P_7 104 104 0 0 0 1 1 1
0 P_7 105 105 0.138284 0.19166666666666668 0.250469 1 1 1
0 P_7 106 106 0.1674535 0.22959183673469388 0.2940355 1 1 1
0 P_7 107 107 0.5 0.5 0.5 1 1 1
0 P_7 108 108 0.150108 0.21 0.2743235 1 1 1
0 P_7 109 109 0 0 0 1 1 1
0 P_7 110 110 0.5 0.5 0.5 1 1 1
0 P_7 111 111 0.5 0.5 0.5 1 1 1
0 P_7 112 112 0 0 0 1 1 1
0 P_7 113 113 0.010954 0.031914893617021274 0.078308 1 1 1
0 P_7 114 114 0.0396639 0.07476635514018691 0.128016 1 1 1
0 P_7 115 115 0 0 0 1 1 1
0 P_7 116 116 0.03400745 0.0673076923076923 0.120044 1 1 1
0 P_7 117 117 0.1586165 0.21844660194174756 0.2816745 1 1 1
0 P_7 118 118 0.134933 0.19662921348314608 0.2649375 1 1 1
0 P_7 119 119 0.1726835 0.228 0.2852815 1 1 1
0 P_7 120 120 0 0 0 1 1 1
0 P_7 121 121 0 0 0 1 1 1
0 P_7 122 122 0 0 0 1 1 1
0 P_7 123 123 0.0291126 0.06321839080459771 0.1208895 1 1 1
0 P_7 124 124 0 0 0 1 1 1
0 P_7 125 125 0.1349815 0.1956521739130435 0.2628455 1 1 1
0 P_7 126 126 0.03739575 0.07211538461538461 0.125765 1 1 1
0 P_7 127 127 0.106751 0.1588785046728972 0.2204615 1 1 1
0 P_7 128 128 0.2301375 0.2932692307692308 0.351785 1 1 1
0 P_7 129 129 0.5 0.5 0.5 1 1 1
0 P_7 130 130 0 0 0 1 1 1
0 P_7 131 131 0 0 0 1 1 1
0 P_7 132 132 0.5 0.5 0.5 1 1 1
0 P_7 133 133 0.168378 0.23157894736842105 0.296924 1 1 1
0 P_7 134 134 0 0 0 1 1 1
0 P_7 135 135 0 0 0 1 1 1
0 P_7 136 136 0.1307975 0.18811881188118812 0.25223 1 1 1
0 P_7 137 137 0 0 0 1 1 1
0 P_7 138 138 0 0 0 1 1 1
0 P_7 139 139 0 0 0 1 1 1
0 P_7 140 140 0 0 0 1 1 1
0 P_7 141 141 0 0 0 1 1 1
0 P_7 142 142 0 0 0 1 1 1
0 P_7 143 143 0 0 0 1 1 1
0 P_7 144 144 0.1165585 0.1715686274509804 0.2351025 1 1 1
0 P_7 145 145 0.141205 0.20103092783505155 0.266443 1 1 1
0 P_7 146 146 0.1781545 0.24210526315789474 0.306975 1 1 1
0 P_7 147 147 0 0 0 1 1 1
0 P_7 148 148 0.04790085 0.08653846153846154 0.142583 1 1 1
0 P_7 149 149 0.1623975 0.22169811320754718 0.283963 1 1 1
0 P_7 150 150 0.5 0.5 0.5 1 1 1
0 P_7 151 151 0.104113 0.15816326530612246 0.222584 1 1 1
0 P_7 152 152 0.142796 0.203125 0.268855 1 1 1
0 P_7 153 153 0 0 0 1 1 1
0 P_7 154 154 0 0 0 1 1 1
0 P_7 155 155 0.5 0.5 0.5 1 1 1
0 P_7 156 156 0.5 0.5 0.5 1 1 1
0 P_7 157 157 0.03313415 0.0641025641025641 0.1127235 1 1 1
0 P_7 158 158 0.1752775 0.2393617021276596 0.304697 1 1 1
0 P_7 159 159 0 0 0 1 1 1
0 P_7 160 160 0.01871305 0.04455445544554455 0.0928245 1 1 1
0 P_7 161 161 0.5 0.5 0.5 1 1 1
0 P_7 162 162 0.03559675 0.07222222222222222 0.1305775 1 1 1
0 P_7 163 163 0 0 0 1 1 1
0 P_7 164 164 0 0 0 1 1 1
0 P_7 165 165 0.172178 0.23469387755102042 0.2989385 1 1 1
0 P_7 166 166 0.5 0.5 0.5 1 1 1
0 P_7 167 167 0 0 0 1 1 1
0 P_7 168 168 0.1563455 0.21717171717171718 0.2816705 1 1 1
0 P_7 169 169 0.107287 0.16161616161616163 0.2258295 1 1 1
0 P_7 170 170 0 0 0 1 1 1
0 P_7 171 171 0.5 0.5 0.5 1 1 1
0 P_7 172 172 0 0 0 1 1 1
0 P_7 173 173 0 0 0 1 1 1
0 P_7 174 174 0.5 0.5 0.5 1 1 1
0 P_7 175 175 0 0 0 1 1 1
0 P_7 176 176 0 0 0 1 1 1
0 P_7 177 177 0 0 0 1 1 1
0 P_7 178 178 0.5 0.5 0.5 1 1 1
0 P_7 179 179 0.0304229 0.06382978723404255 0.119053 1 1 1
0 P_7 180 180 0 0 0 1 1 1
0 P_7 181 181 0.5 0.5 0.5 1 1 1
0 P_7 182 182 0 0 0 1 1 1
0 P_7 183 183 0 0 0 1 1 1
0 P_7 184 184 0.100766 0.15137614678899083 0.2120385 1 1 1
0 P_7 185 185 0 0 0 1 1 1
0 P_7 186 186 0.0851575 0.13736263736263737 0.2032205 1 1 1
0 P_7 187 187 0.1605545 0.22340425531914893 0.2893815 1 1 1
0 P_7 188 188 0.03815075 0.07352941176470588 0.1280425 1 1 1
0 P_7 189 189 0 0 0 1 1 1
0 P_7 190 190 0 0 0 1 1 1
0 P_7 191 191 0 0 0 1 1 1
0 P_7 192 192 0 0 0 1 1 1
0 P_7 193 193 0 0 0 1 1 1
0 P_7 194 194 0 0 0 1 1 1
0 P_7 195 195 0 0 0 1 1 1
0 P_7 196 196 0.02742955 0.057692307692307696 0.108399 1 1 1
0 P_7 197 197 0.5 0.5 0.5 1 1 1
0 P_7 198 198 0 0 0 1 1 1
0 P_7 199 199 0.1563455 0.21717171717171718 0.2816705 1 1 1
0 P_7 200 200 0 0 0 1 1 1
0 P_7 201 201 0.5 0.5 0.5 1 1 1
0 P_7 202 202 0 0 0 1 1 1
0 P_7 203 203 0 0 0 1 1 1
0 P_7 204 204 0.1354495 0.19090909090909092 0.25234 1 1 1
0 P_7 205 205 0.2301375 0.2932692307692308 0.351785 1 1 1
0 P_7 206 206 0 0 0 1 1 1
0 P_7 207 207 0 0 0 1 1 1
0 P_7 208 208 0 0 0 1 1 1
0 P_7 209 209 0 0 0 1 1 1
0 P_7 210 210 0 0 0 1 1 1
0 P_7 211 211 0.0997855 0.15196078431372548 0.2147885 1 1 1
0 P_7 212 212 0 0 0 1 1 1
0 P_7 213 213 0.1712745 0.234375 0.299276 1 1 1
0 P_7 214 214 0.5 0.5 0.5 1 1 1
0 P_7 215 215 0.1702505 0.23076923076923078 0.2933395 1 1 1
0 P_7 216 216 0.04297365 0.08080808080808081 0.1375285 1 1 1
0 P_7 217 217 0 0 0 1 1 1
0 P_7 218 218 0.5 0.5 0.5 1 1 1
0 P_7 219 219 0 0 0 1 1 1
0 P_7 220 220 0 0 0 1 1 1
0 P_7 221 221 0.5 0.5 0.5 1 1 1
0 P_7 222 222 0 0 0 1 1 1
0 P_7 223 223 0.5 0.5 0.5 1 1 1
0 P_7 224 224 0.02271905 0.05154639175257732 0.102914 1 1 1
0 P_7 225 225 0 0 0 1 1 1
0 P_7 226 226 0 0 0 1 1 1
0 P_7 227 227 0 0 0 1 1 1
0 P_7 228 228 0 0 0 1 1 1
0 P_7 229 229 0 0 0 1 1 1
0 P_7 230 230 0 0 0 1 1 1
0 P_7 231 231 0 0 0 1 1 1
0 P_7 232 232 0.0520225 0.09223300970873786 0.149405 1 1 1
0 P_7 233 233 0 0 0 1 1 1
0 P_7 234 234 0.0422486 0.0779816513761468 0.131217 1 1 1
0 P_7 235 235 0.1830805 0.24509803921568626 0.3076485 1 1 1
0 P_7 236 236 0.5 0.5 0.5 1 1 1
0 P_7 237 237 0.162757 0.22072072072072071 0.281618 1 1 1
0 P_7 238 238 0 0 0 1 1 1
0 P_7 239 239 0.5 0.5 0.5 1 1 1
0 P_7 240 240 0.211171 0.27450980392156865 0.3351845 1 1 1
0 P_7 241 241 0.184453 0.24166666666666667 0.2996545 1 1 1
0 P_7 242 242 0.05478 0.09693877551020408 0.156361 1 1 1
0 P_7 243 243 0.02945845 0.061855670103092786 0.115644 1 1 1
0 P_7 244 244 0.5 0.5 0.5 1 1 1
0 P_7 245 245 0.03739575 0.07211538461538461 0.125765 1 1 1
0 P_7 246 246 0 0 0 1 1 1
0 P_7 247 247 0.0568555 0.09900990099009901 0.1577095 1 1 1
0 P_7 248 248 0 0 0 1 1 1
0 P_7 249 249 0.1153815 0.17415730337078653 0.242328 1 1 1
0 P_7 250 250 0.5 0.5 0.5 1 1 1
0 P_7 251 251 0 0 0 1 1 1
0 P_7 252 252 0 0 0 1 1 1
0 P_7 253 253 0 0 0 1 1 1
0 P_7 254 254 0.03480055 0.07065217391304347 0.127968 1 1 1
0 P_7 255 255 0.1891985 0.25252525252525254 0.3155695 1 1 1
0 P_7 256 256 0 0 0 1 1 1
0 P_7 257 257 0 0 0 1 1 1
0 P_7 258 258 0 0 0 1 1 1
0 P_7 259 259 0 0 0 1 1 1
0 P_7 260 260 0.1801255 0.2471264367816092 0.314491 1 1 1
0 P_7 261 261 0.218469 0.28651685393258425 0.3500405 1 1 1
0 P_7 262 262 0.118869 0.17289719626168223 0.234927 1 1 1
0 P_7 263 263 0 0 0 1 1 1
0 P_7 264 264 0.01871305 0.04455445544554455 0.0928245 1 1 1
0 P_7 265 265 0 0 0 1 1 1
0 P_7 266 266 0.185234 0.25 0.314766 1 1 1
0 P_7 267 267 0 0 0 1 1 1
0 P_7 268 268 0 0 0 1 1 1
0 P_7 269 269 0.222853 0.28440366972477066 0.3424465 1 1 1
0 P_7 270 270 0.158933 0.22413793103448276 0.292618 1 1 1
0 P_7 271 271 0 0 0 1 1 1
0 P_7 272 272 0.105517 0.16129032258064516 0.227598 1 1 1
0 P_7 273 273 0 0 0 1 1 1
0 P_7 274 274 0 0 0 1 1 1
0 P_7 275 275 0.5 0.5 0.5 1 1 1
0 P_7 276 276 0.141325 0.20212765957446807 0.2685585 1 1 1
0 P_7 277 277 0.03815075 0.07352941176470588 0.1280425 1 1 1
0 P_7 278 278 0 0 0 1 1 1
0 P_7 279 279 0 0 0 1 1 1
0 P_7 280 280 0.5 0.5 0.5 1 1 1
0 P_7 281 281 0 0 0 1 1 1
0 P_7 282 282 0 0 0 1 1 1
0 P_7 283 283 0.136641 0.195 0.259452 1 1 1
0 P_7 284 284 0 0 0 1 1 1
0 P_7 285 285 0 0 0 1 1 1
0 P_7 286 286 0.164017 0.23170731707317074 0.301849 1 1 1
0 P_7 287 287 0.5 0.5 0.5 1 1 1
0 P_7 288 288 0 0 0 1 1 1
0 P_7 289 289 0.5 0.5 0.5 1 1 1
0 P_7 290 290 0 0 0 1 1 1
0 P_7 291 291 0 0 0 1 1 1
0 P_7 292 292 0 0 0 1 1 1
0 P_7 293 293 0.144917 0.20786516853932585 0.2760335 1 1 1
0 P_7 294 294 0 0 0 1 1 1
0 P_7 295 295 0.1734555 0.22950819672131148 0.2874345 1 1 1
0 P_7 296 296 0.5 0.5 0.5 1 1 1
0 P_7 297 297 0 0 0 1 1 1
0 P_7 298 298 0 0 0 1 1 1
0 P_7 299 299 0 0 0 1 1 1
0 P_7 300 300 0.5 0.5 0.5 1 1 1
0 P_7 301 301 0.5 0.5 0.5 1 1 1
0 P_7 302 302 0.5 0.5 0.5 1 1 1
0 P_7 303 303 0.5 0.5 0.5 1 1 1
0 P_7 304 304 0 0 0 1 1 1
0 P_7 305 305 0 0 0 1 1 1
0 P_7 306 306 0 0 0 1 1 1
0 P_7 307 307 0.054881 0.09322033898305085 0.1463445 1 1 1
0 P_7 308 308 0.03519415 0.07142857142857142 0.1292595 1 1 1
0 P_7 309 309 0 0 0 1 1 1
0 P_7 310 310 0 0 0 1 1 1
0 P_7 311 311 0.152179 0.21354166666666666 0.279105 1 1 1
0 P_7 312 312 0.5 0.5 0.5 1 1 1
0 P_7 313 313 0 0 0 1 1 1
0 P_7 314 314 0.1348975 0.19767441860465115 0.2671505 1 1 1
0 P_7 315 315 0.1575285 0.22043010752688172 0.2868445 1 1 1
0 P_7 316 316 0.2104835 0.27717391304347827 0.3406025 1 1 1
0 P_7 317 317 0.0314528 0.06593406593406594 0.122668 1 1 1
0 P_7 318 318 0 0 0 1 1 1
0 P_7 319 319 0 0 0 1 1 1
0 P_7 320 320 0.199302 0.26704545454545453 0.3326535 1 1 1
0 P_7 321 321 0.164586 0.2268041237113402 0.2916685 1 1 1
0 P_7 322 322 0 0 0 1 1 1
0 P_7 323 323 0 0 0 1 1 1
0 P_7 324 324 0 0 0 1 1 1
0 P_7 325 325 0 0 0 1 1 1
0 P_7 326 326 0 0 0 1 1 1
0 P_7 327 327 0 0 0 1 1 1
0 P_7 328 328 0.1601735 0.21818181818181817 0.279406 1 1 1
0 P_7 329 329 0.5 0.5 0.5 1 1 1
0 P_7 330 330 0.5 0.5 0.5 1 1 1
0 P_7 331 331 0.1654335 0.22872340425531915 0.294515 1 1 1
0 P_7 332 332 0 0 0 1 1 1
0 P_7 333 333 0 0 0 1 1 1
0 P_7 334 334 0 0 0 1 1 1
0 P_7 335 335 0 0 0 1 1 1
0 P_7 336 336 0.1160085 0.168141592920354 0.228334 1 1 1
0 P_7 337 337 0.055513 0.09545454545454546 0.150993 1 1 1
0 P_7 338 338 0 0 0 1 1 1
0 P_7 339 339 0.230608 0.295 0.3544065 1 1 1
0 P_7 340 340 0.1488125 0.20918367346938777 0.2741655 1 1 1
0 P_7 341 341 0 0 0 1 1 1
0 P_7 342 342 0 0 0 1 1 1
0 P_7 343 343 0.0122716 0.0330188679245283 0.076333 1 1 1
0 P_7 344 344 0 0 0 1 1 1
0 P_7 345 345 0 0 0 1 1 1
0 P_7 346 346 0 0 0 1 1 1
0 P_7 347 347 0.2038085 0.2629310344827586 0.320812 1 1 1
0 P_7 348 348 0.5 0.5 0.5 1 1 1
0 P_7 349 349 0 0 0 1 1 1
0 P_7 350 350 0.232935 0.297029702970297 0.3559635 1 1 1
0 P_7 351 351 0 0 0 1 1 1
0 P_7 352 352 0.0134397 0.03389830508474576 0.0746375 1 1 1
0 P_7 353 353 0 0 0 1 1 1
0 P_7 354 354 0.5 0.5 0.5 1 1 1
0 P_7 355 355 0 0 0 1 1 1
0 P_7 356 356 0 0 0 1 1 1
0 P_7 357 357 0 0 0 1 1 1
0 P_7 358 358 0.043567 0.07894736842105263 0.130996 1 1 1
0 P_7 359 359 0 0 0 1 1 1
0 P_7 360 360 0 0 0 1 1 1
0 P_7 361 361 0.0211607 0.04807692307692308 0.0964375 1 1 1
0 P_7 362 362 0 0 0 1 1 1
0 P_7 363 363 0 0 0 1 1 1
0 P_7 364 364 0.0263201 0.057291666666666664 0.1103825 1 1 1
0 P_7 365 365 0 0 0 1 1 1
0 P_7 366 366 0.5 0.5 0.5 1 1 1
0 P_7 367 367 0.174411 0.2391304347826087 0.3051545 1 1 1
0 P_7 368 368 0 0 0 1 1 1
0 P_7 369 369 0.5 0.5 0.5 1 1 1
0 P_7 370 370 0.5 0.5 0.5 1 1 1
0 P_7 371 371 0.16646 0.22916666666666666 0.2942735 1 1 1
0 P_7 372 372 0.03068345 0.0625 0.114257 1 1 1
0 P_7 373 373 0.171421 0.23626373626373626 0.302773 1 1 1
0 P_7 374 374 0.1234075 0.18 0.2443465 1 1 1
0 P_7 375 375 0 0 0 1 1 1
0 P_7 376 376 0 0 0 1 1 1
0 P_7 377 377 0 0 0 1 1 1
0 P_7 378 378 0 0 0 1 1 1
0 P_7 379 379 0 0 0 1 1 1
0 P_7 380 380 0 0 0 1 1 1
0 P_7 381 381 0 0 0 1 1 1
0 P_7 382 382 0.1806395 0.24074074074074073 0.3017945 1 1 1
0 P_7 383 383 0.2183245 0.28217821782178215 0.342501 1 1 1
0 P_7 384 384 0 0 0 1 1 1
0 P_7 385 385 0 0 0 1 1 1
0 P_7 386 386 0.0373256 0.07368421052631578 0.13051 1 1 1
0 P_7 387 387 0 0 0 1 1 1
0 P_7 388 388 0 0 0 1 1 1
0 P_7 389 389 0 0 0 1 1 1
0 P_7 390 390 0.04797955 0.0898876404494382 0.151595 1 1 1
0 P_7 391 391 0.03815075 0.07352941176470588 0.1280425 1 1 1
0 P_7 392 392 0 0 0 1 1 1
0 P_7 393 393 0 0 0 1 1 1
0 P_7 394 394 0 0 0 1 1 1
0 P_7 395 395 0 0 0 1 1 1
0 P_7 396 396 0 0 0 1 1 1
0 P_7 397 397 0.150108 0.21 0.2743235 1 1 1
0 P_7 398 398 0.153754 0.21226415094339623 0.274727 1 1 1
0 P_7 399 399 0.5 0.5 0.5 1 1 1
0 P_7 400 400 0.03161855 0.06435643564356436 0.117403 1 1 1
0 P_7 401 401 0.04253 0.08 0.136263 1 1 1
0 P_7 402 402 0.01498305 0.03773584905660377 0.0825875 1 1 1
0 P_7 403 403 0.167816 0.22566371681415928 0.285908 1 1 1
0 P_7 404 404 0 0 0 1 1 1
0 P_7 405 405 0.1582315 0.21311475409836064 0.271371 1 1 1
0 P_7 406 406 0.5 0.5 0.5 1 1 1
0 P_7 407 407 0.126146 0.18018018018018017 0.2412085 1 1 1
0 P_7 408 408 0 0 0 1 1 1
0 P_7 409 409 0.0434827 0.08018867924528301 0.134645 1 1 1
0 P_7 410 410 0.2010615 0.2653061224489796 0.327822 1 1 1
0 P_7 411 411 0 0 0 1 1 1
0 P_7 412 412 0.1868995 0.24766355140186916 0.30867 1 1 1
0 P_7 413 413 0 0 0 1 1 1
0 P_7 414 414 0.03038395 0.06190476190476191 0.1132455 1 1 1
0 P_7 415 415 0.0185298 0.046511627906976744 0.1004 1 1 1
0 P_7 416 416 0 0 0 1 1 1
0 P_7 417 417 0 0 0 1 1 1
0 P_7 418 418 0 0 0 1 1 1
0 P_7 419 419 0 0 0 1 1 1
0 P_7 420 420 0.134407 0.18803418803418803 0.247561 1 1 1
0 P_7 421 421 0.1801255 0.2471264367816092 0.314491 1 1 1
0 P_7 422 422 0.04253 0.08 0.136263 1 1 1
0 P_7 423 423 0 0 0 1 1 1
0 P_7 424 424 0 0 0 1 1 1
0 P_7 425 425 0.05253 0.09174311926605505 0.147067 1 1 1
0 P_7 426 426 0 0 0 1 1 1
0 P_7 427 427 0.143876 0.20192307692307693 0.265099 1 1 1
0 P_7 428 428 0.5 0.5 0.5 1 1 1
0 P_7 429 429 0.03815295 0.07526881720430108 0.133087 1 1 1
0 P_7 430 430 0 0 0 1 1 1
0 P_7 431 431 0.03692525 0.07291666666666667 0.129258 1 1 1
0 P_7 432 432 0 0 0 1 1 1
0 P_7 433 433 0.156003 0.21363636363636362 0.274945 1 1 1
0 P_7 434 434 0.5 0.5 0.5 1 1 1
0 P_7 435 435 0.0455971 0.0811965811965812 0.1328395 1 1 1
0 P_7 436 436 0 0 0 1 1 1
0 P_7 437 437 0.1868135 0.25274725274725274 0.318348 1 1 1
0 P_7 438 438 0.5 0.5 0.5 1 1 1
0 P_7 439 439 0.1286855 0.1881720430107527 0.2550025 1 1 1
0 P_7 440 440 0 0 0 1 1 1
0 P_7 441 441 0.0201328 0.047872340425531915 0.0992585 1 1 1
0 P_7 442 442 0 0 0 1 1 1
0 P_7 443 443 0 0 0 1 1 1
0 P_7 444 444 0.5 0.5 0.5 1 1 1
0 P_7 445 445 0.5 0.5 0.5 1 1 1
0 P_7 446 446 0 0 0 1 1 1
0 P_7 447 447 0.5 0.5 0.5 1 1 1
0 P_7 448 448 0.193319 0.25471698113207547 0.315621 1 1 1
0 P_7 449 449 0.1609635 0.2222222222222222 0.2865885 1 1 1
0 P_7 450 450 0 0 0 1 1 1
0 P_7 451 451 0 0 0 1 1 1
0 P_7 452 452 0 0 0 1 1 1
0 P_7 453 453 0 0 0 1 1 1
0 P_7 454 454 0.2350625 0.30337078651685395 0.365067 1 1 1
0 P_7 455 455 0 0 0 1 1 1
0 P_7 456 456 0 0 0 1 1 1
0 P_7 457 457 0.01589575 0.04 0.087232 1 1 1
0 P_7 458 458 0 0 0 1 1 1
0 P_7 459 459 0 0 0 1 1 1
0 P_7 460 460 0 0 0 1 1 1
0 P_7 461 461 0.197637 0.26344086021505375 0.327648 1 1 1
0 P_7 462 462 0 0 0 1 1 1
0 P_7 463 463 0.1504775 0.204 0.2616305 1 1 1
0 P_7 464 464 0 0 0 1 1 1
0 P_7 465 465 0.5 0.5 0.5 1 1 1
0 P_7 466 466 0.169377 0.23369565217391305 0.2999715 1 1 1
0 P_7 467 467 0.0266036 0.05789473684210526 0.1114595 1 1 1
0 P_7 468 468 0 0 0 1 1 1
0 P_7 469 469 0 0 0 1 1 1
0 P_7 470 470 0.0413623 0.08139534883720931 0.1429625 1 1 1
0 P_7 471 471 0.5 0.5 0.5 1 1 1
0 P_7 472 472 0 0 0 1 1 1
0 P_7 473 473 0 0 0 1 1 1
0 P_7 474 474 0.2280405 0.29207920792079206 0.3515005 1 1 1
0 P_7 475 475 0 0 0 1 1 1
0 P_7 476 476 0.1684825 0.22857142857142856 0.2909255 1 1 1
0 P_7 477 477 0.1861955 0.24553571428571427 0.3053195 1 1 1
0 P_7 478 478 0 0 0 1 1 1
0 P_7 479 479 0.02945995 0.06395348837209303 0.122181 1 1 1
0 P_7 480 480 0.1235925 0.18333333333333332 0.251245 1 1 1
0 P_7 481 481 0.5 0.5 0.5 1 1 1
0 P_7 482 482 0.1586165 0.21844660194174756 0.2816745 1 1 1
0 P_7 483 483 0 0 0 1 1 1
0 P_7 484 484 0.151362 0.2107843137254902 0.274469 1 1 1
0 P_7 485 485 0 0 0 1 1 1
0 P_7 486 486 0 0 0 1 1 1
0 P_7 487 487 0.5 0.5 0.5 1 1 1
0 P_7 488 488 0.5 0.5 0.5 1 1 1
0 P_7 489 489 0 0 0 1 1 1
0 P_7 490 490 0 0 0 1 1 1
0 P_7 491 491 0 0 0 1 1 1
0 P_7 492 492 0.5 0.5 0.5 1 1 1
0 P_7 493 493 0 0 0 1 1 1
0 P_7 494 494 0 0 0 1 1 1
0 P_7 495 495 0.0481743 0.08854166666666667 0.147478 1 1 1
0 P_7 496 496 0.5 0.5 0.5 1 1 1
0 P_7 497 497 0 0 0 1 1 1
0 P_7 498 498 0.138129 0.19696969696969696 0.2617425 1 1 1
0 P_7 499 499 0.2042075 0.2669902912621359 0.3279435 1 1 1
0 P_7 500 500 0.01448455 0.03888888888888889 0.088997 1 1 1
0 P_7 501 501 0.5 0.5 0.5 1 1 1
0 P_7 502 502 0.2183245 0.28217821782178215 0.342501 1 1 1
0 P_7 503 503 0 0 0 1 1 1
0 P_7 504 504 0.5 0.5 0.5 1 1 1
0 P_7 505 505 0 0 0 1 1 1
0 P_7 506 506 0 0 0 1 1 1
0 P_7 507 507 0 0 0 1 1 1
0 P_7 508 508 0 0 0 1 1 1
0 P_7 509 509 0.03214475 0.06962025316455696 0.132053 1 1 1
0 P_7 510 510 0.234596 0.2971698113207547 0.354803 1 1 1
0 P_7 511 511 0.1598565 0.22164948453608246 0.286677 1 1 1
0 P_7 512 512 0.5 0.5 0.5 1 1 1
0 P_7 513 513 0.2134115 0.2777777777777778 0.3390365 1 1 1
0 P_7 514 514 0.0231176 0.05045871559633028 0.0980625 1 1 1
0 P_7 515 515 0.5 0.5 0.5 1 1 1
0 P_7 516 516 0.5 0.5 0.5 1 1 1
0 P_7 517 517 0.5 0.5 0.5 1 1 1
0 P_7 518 518 0.136591 0.19680851063829788 0.2632795 1 1 1
0 P_7 519 519 0.1011025 0.15730337078651685 0.224985 1 1 1
0 P_7 520 520 0 0 0 1 1 1
0 P_7 521 521 0.147507 0.20353982300884957 0.2641475 1 1 1
0 P_7 522 522 0.5 0.5 0.5 1 1 1
0 P_7 523 523 0.0271894 0.05913978494623656 0.1136765 1 1 1
0 P_7 524 524 0.1076145 0.1631578947368421 0.2288055 1 1 1
0 P_7 525 525 0 0 0 1 1 1
0 P_7 526 526 0.1411045 0.2 0.264435 1 1 1
0 P_7 527 527 0 0 0 1 1 1
0 P_7 528 528 0 0 0 1 1 1
0 P_7 529 529 0.1422185 0.1981981981981982 0.259368 1 1 1
0 P_7 530 530 0.136592 0.19886363636363635 0.2675395 1 1 1
0 P_7 531 531 0.02690025 0.05660377358490566 0.106492 1 1 1
0 P_7 532 532 0 0 0 1 1 1
0 P_7 533 533 0.5 0.5 0.5 1 1 1
0 P_7 534 534 0.106751 0.1588785046728972 0.2204615 1 1 1
0 P_7 535 535 0.159295 0.21212121212121213 0.2681565 1 1 1
0 P_7 536 536 0 0 0 1 1 1
0 P_7 537 537 0.0325549 0.06818181818181818 0.126508 1 1 1
0 P_7 538 538 0 0 0 1 1 1
0 P_7 539 539 0.03530015 0.06818181818181818 0.1193915 1 1 1
0 P_7 540 540 0.122571 0.18085106382978725 0.24726 1 1 1
0 P_7 541 541 0 0 0 1 1 1
0 P_7 542 542 0 0 0 1 1 1
0 P_7 543 543 0 0 0 1 1 1
0 P_7 544 544 0 0 0 1 1 1
0 P_7 545 545 0 0 0 1 1 1
0 P_7 546 546 0 0 0 1 1 1
0 P_7 547 547 0 0 0 1 1 1
0 P_7 548 548 0.2138895 0.27522935779816515 0.3339965 1 1 1
0 P_7 549 549 0.1742745 0.23109243697478993 0.2896815 1 1 1
0 P_7 550 550 0.5 0.5 0.5 1 1 1
0 P_7 551 551 0 0 0 1 1 1
0 P_7 552 552 0.5 0.5 0.5 1 1 1
0 P_7 553 553 0 0 0 1 1 1
0 P_7 554 554 0.5 0.5 0.5 1 1 1
0 P_7 555 555 0 0 0 1 1 1
0 P_7 556 556 0.0306752 0.06086956521739131 0.109321 1 1 1
0 P_7 557 557 0 0 0 1 1 1
0 P_7 558 558 0.2121505 0.27155172413793105 0.3288835 1 1 1
0 P_7 559 559 0.5 0.5 0.5 1 1 1
0 P_7 560 560 0 0 0 1 1 1
0 P_7 561 561 0.1182275 0.1781609195402299 0.247189 1 1 1
0 P_7 562 562 0.5 0.5 0.5 1 1 1
0 P_7 563 563 0.5 0.5 0.5 1 1 1
0 P_7 564 564 0.5 0.5 0.5 1 1 1
0 P_7 565 565 0.2137905 0.2757009345794392 0.3349435 1 1 1
0 P_7 566 566 0.5 0.5 0.5 1 1 1
0 P_7 567 567 0.2036515 0.2676767676767677 0.3297245 1 1 1
0 P_7 568 568 0 0 0 1 1 1
0 P_7 569 569 0 0 0 1 1 1
0 P_7 570 570 0 0 0 1 1 1
0 P_7 571 571 0.5 0.5 0.5 1 1 1
0 P_7 572 572 0 0 0 1 1 1
0 P_7 573 573 0 0 0 1 1 1
0 P_7 574 574 0.040179 0.07731958762886598 0.134113 1 1 1
0 P_7 575 575 0.1165585 0.1715686274509804 0.2351025 1 1 1
0 P_7 576 576 0.1830805 0.24509803921568626 0.3076485 1 1 1
0 P_7 577 577 0 0 0 1 1 1
0 P_7 578 578 0.1923515 0.2549019607843137 0.3169195 1 1 1
0 P_7 579 579 0.168379 0.23333333333333334 0.300331 1 1 1
0 P_7 580 580 0.5 0.5 0.5 1 1 1
0 P_7 581 581 0.197022 0.25980392156862747 0.3215205 1 1 1
0 P_7 582 582 0.04044255 0.0761904761904762 0.1302695 1 1 1
0 P_7 583 583 0.02473835 0.05392156862745098 0.104334 1 1 1
0 P_7 584 584 0 0 0 1 1 1
0 P_7 585 585 0 0 0 1 1 1
0 P_7 586 586 0.0344157 0.06989247311827956 0.1267015 1 1 1
0 P_7 587 587 0 0 0 1 1 1
0 P_7 588 588 0 0 0 1 1 1
0 P_7 589 589 0.128933 0.1875 0.253268 1 1 1
0 P_7 590 590 0.135185 0.19306930693069307 0.2572005 1 1 1
0 P_7 591 591 0.5 0.5 0.5 1 1 1
0 P_7 592 592 0 0 0 1 1 1
0 P_7 593 593 0 0 0 1 1 1
0 P_7 594 594 0.162757 0.22072072072072071 0.281618 1 1 1
0 P_7 595 595 0.16418 0.22988505747126436 0.2981375 1 1 1
0 P_7 596 596 0 0 0 1 1 1
0 P_7 597 597 0.2183605 0.28421052631578947 0.346079 1 1 1
0 P_7 598 598 0 0 0 1 1 1
0 P_7 599 599 0 0 0 1 1 1
0 P_7 600 600 0 0 0 1 1 1
1 P_5 0 0 0.5 0.5 0.5 1 1 1
1 P_5 1 1 0.5 0.5 0.5 1 1 1
1 P_5 2 2 0.5 0.5 0.5 1 1 1
1 P_5 3 3 0 0 0 1 1 1
1 P_5 4 4 0 0 0 1 1 1
1 P_5 5 5 0 0 0 1 1 1
1 P_5 6 6 0.185032 0.24180327868852458 0.299324 1 1 1
1 P_5 7 7 0 0 0 1 1 1
1 P_5 8 8 0 0 0 1 1 1
1 P_5 9 9 0 0 0 1 1 1
1 P_5 10 10 0 0 0 1 1 1
1 P_5 11 11 0 0 0 1 1 1
1 P_5 12 12 0 0 0 1 1 1
1 P_5 13 13 0.166923 0.22522522522522523 0.28601 1 1 1
1 P_5 14 14 0 0 0 1 1 1
1 P_5 15 15 0 0 0 1 1 1
1 P_5 16 16 0.1954835 0.26506024096385544 0.3326425 1 1 1
1 P_5 17 17 0 0 0 1 1 1
1 P_5 18 18 0 0 0 1 1 1
1 P_5 19 19 0 0 0 1 1 1
1 P_5 20 20 0 0 0 1 1 1
1 P_5 21 21 0 0 0 1 1 1
1 P_5 22 22 0 0 0 1 1 1
1 P_5 23 23 0 0 0 1 1 1
1 P_5 24 24 0.152987 0.21287128712871287 0.2768295 1 1 1
1 P_5 25 25 0 0 0 1 1 1
1 P_5 26 26 0.205485 0.2712765957446808 0.3345665 1 1 1
1 P_5 27 27 0.18113 0.24271844660194175 0.3050915 1 1 1
1 P_5 28 28 0 0 0 1 1 1
1 P_5 29 29 0.5 0.5 0.5 1 1 1
1 P_5 30 30 0.1235925 0.18333333333333332 0.251245 1 1 1
1 P_5 31 31 0.16646 0.22916666666666666 0.2942735 1 1 1
1 P_5 32 32 0.5 0.5 0.5 1 1 1
1 P_5 33 33 0 0 0 1 1 1
1 P_5 34 34 0 0 0 1 1 1
1 P_5 35 35 0 0 0 1 1 1
1 P_5 36 36 0.1902545 0.2553191489361702 0.3197585 1 1 1
1 P_5 37 37 0 0 0 1 1 1
1 P_5 38 38 0.13956 0.1971153846153846 0.2603125 1 1 1
1 P_5 39 39 0 0 0 1 1 1
1 P_5 40 40 0 0 0 1 1 1
1 P_5 41 41 0 0 0 1 1 1
1 P_5 42 42 0.5 0.5 0.5 1 1 1
1 P_5 43 43 0.192314 0.25225225225225223 0.311965 1 1 1
1 P_5 44 44 0.1703415 0.23404255319148937 0.29962 1 1 1
1 P_5 45 45 0 0 0 1 1 1
1 P_5 46 46 0.1903625 0.25882352941176473 0.326142 1 1 1
1 P_5 47 47 0 0 0 1 1 1
1 P_5 48 48 0.5 0.5 0.5 1 1 1
1 P_5 49 49 0 0 0 1 1 1
1 P_5 50 50 0 0 0 1 1 1
1 P_5 51 51 0.1470725 0.21176470588235294 0.281407 1 1 1
1 P_5 52 52 0 0 0 1 1 1
1 P_5 53 53 0.183775 0.24324324324324326 0.3033885 1 1 1
1 P_5 54 54 0 0 0 1 1 1
1 P_5 55 55 0 0 0 1 1 1
1 P_5 56 56 0 0 0 1 1 1
1 P_5 57 57 0 0 0 1 1 1
1 P_5 58 58 0.1999035 0.2619047619047619 0.3226475 1 1 1
1 P_5 59 59 0 0 0 1 1 1
1 P_5 60 60 0.176582 0.23786407766990292 0.300453 1 1 1
1 P_5 61 61 0 0 0 1 1 1
1 P_5 62 62 0 0 0 1 1 1
1 P_5 63 63 0 0 0 1 1 1
1 P_5 64 64 0 0 0 1 1 1
1 P_5 65 65 0.5 0.5 0.5 1 1 1
1 P_5 66 66 0.5 0.5 0.5 1 1 1
1 P_5 67 67 0.20038 0.26595744680851063 0.3296585 1 1 1
1 P_5 68 68 0.2297235 0.2916666666666667 0.3493235 1 1 1
1 P_5 69 69 0.176116 0.23958333333333334 0.304251 1 1 1
1 P_5 70 70 0 0 0 1 1 1
1 P_5 71 71 0.5 0.5 0.5 1 1 1
1 P_5 72 72 0 0 0 1 1 1
1 P_5 73 73 0 0 0 1 1 1
1 P_5 74 74 0 0 0 1 1 1
1 P_5 75 75 0 0 0 1 1 1
1 P_5 76 76 0 0 0 1 1 1
1 P_5 77 77 0 0 0 1 1 1
1 P_5 78 78 0.5 0.5 0.5 1 1 1
1 P_5 79 79 0.5 0.5 0.5 1 1 1
1 P_5 80 80 0 0 0 1 1 1
1 P_5 81 81 0 0 0 1 1 1
1 P_5 82 82 0 0 0 1 1 1
1 P_5 83 83 0 0 0 1 1 1
1 P_5 84 84 0.5 0.5 0.5 1 1 1
1 P_5 85 85 0.5 0.5 0.5 1 1 1
1 P_5 86 86 0 0 0 1 1 1
1 P_5 87 87 0 0 0 1 1 1
1 P_5 88 88 0 0 0 1 1 1
1 P_5 89 89 0 0 0 1 1 1
1 P_5 90 90 0 0 0 1 1 1
1 P_5 91 91 0 0 0 1 1 1
1 P_5 92 92 0.250312 0.3227848101265823 0.3851545 1 1 1
1 P_5 93 93 0.5 0.5 0.5 1 1 1
1 P_5 94 94 0 0 0 1 1 1
1 P_5 95 95 0.158081 0.2193877551020408 0.2841525 1 1 1
1 P_5 96 96 0 0 0 1 1 1
1 P_5 97 97 0 0 0 1 1 1
1 P_5 98 98 0 0 0 1 1 1
1 P_5 99 99 0 0 0 1 1 1
1 P_5 100 100 0 0 0 1 1 1
1 P_5 101 101 0 0 0 1 1 1
1 P_5 102 102 0.5 0.5 0.5 1 1 1
1 P_5 103 103 0.153434 0.21428571428571427 0.279172 1 1 1
1 P_5 104 104 0 0 0 1 1 1
1 P_5 105 105 0 0 0 1 1 1
1 P_5 106 106 0.198037 0.2631578947368421 0.3267475 1 1 1
1 P_5 107 107 0.5 0.5 0.5 1 1 1
1 P_5 108 108 0 0 0 1 1 1
1 P_5 109 109 0 0 0 1 1 1
1 P_5 110 110 0.5 0.5 0.5 1 1 1
1 P_5 111 111 0.5 0.5 0.5 1 1 1
1 P_5 112 112 0 0 0 1 1 1
1 P_5 113 113 0.13965 0.1989795918367347 0.2640725 1 1 1
1 P_5 114 114 0.1830805 0.24509803921568626 0.3076485 1 1 1
1 P_5 115 115 0 0 0 1 1 1
1 P_5 116 116 0.199182 0.2623762376237624 0.324212 1 1 1
1 P_5 117 117 0 0 0 1 1 1
1 P_5 118 118 0 0 0 1 1 1
1 P_5 119 119 0 0 0 1 1 1
1 P_5 120 120 0 0 0 1 1 1
1 P_5 121 121 0 0 0 1 1 1
1 P_5 122 122 0 0 0 1 1 1
1 P_5 123 123 0.183739 0.24519230769230768 0.3071585 1 1 1
1 P_5 124 124 0 0 0 1 1 1
1 P_5 125 125 0 0 0 1 1 1
1 P_5 126 126 0.1633955 0.2222222222222222 0.2839065 1 1 1
1 P_5 127 127 0 0 0 1 1 1
1 P_5 128 128 0.172697 0.22916666666666666 0.287572 1 1 1
1 P_5 129 129 0.5 0.5 0.5 1 1 1
1 P_5 130 130 0 0 0 1 1 1
1 P_5 131 131 0 0 0 1 1 1
1 P_5 132 132 0.5 0.5 0.5 1 1 1
1 P_5 133 133 0.208519 0.2727272727272727 0.334393 1 1 1
1 P_5 134 134 0 0 0 1 1 1
1 P_5 135 135 0 0 0 1 1 1
1 P_5 136 136 0.2027805 0.26881720430107525 0.3326185 1 1 1
1 P_5 137 137 0 0 0 1 1 1
1 P_5 138 138 0 0 0 1 1 1
1 P_5 139 139 0 0 0 1 1 1
1 P_5 140 140 0 0 0 1 1 1
1 P_5 141 141 0 0 0 1 1 1
1 P_5 142 142 0 0 0 1 1 1
1 P_5 143 143 0 0 0 1 1 1
1 P_5 144 144 0 0 0 1 1 1
1 P_5 145 145 0 0 0 1 1 1
1 P_5 146 146 0.192522 0.25806451612903225 0.322649 1 1 1
1 P_5 147 147 0 0 0 1 1 1
1 P_5 148 148 0.195749 0.2604166666666667 0.323884 1 1 1
1 P_5 149 149 0 0 0 1 1 1
1 P_5 150 150 0.5 0.5 0.5 1 1 1
1 P_5 151 151 0 0 0 1 1 1
1 P_5 152 152 0 0 0 1 1 1
1 P_5 153 153 0 0 0 1 1 1
1 P_5 154 154 0 0 0 1 1 1
1 P_5 155 155 0.5 0.5 0.5 1 1 1
1 P_5 156 156 0.5 0.5 0.5 1 1 1
1 P_5 157 157 0.151362 0.2107843137254902 0.274469 1 1 1
1 P_5 158 158 0.2340365 0.29545454545454547 0.352279 1 1 1
1 P_5 159 159 0 0 0 1 1 1
1 P_5 160 160 0.164364 0.22272727272727272 0.283847 1 1 1
1 P_5 161 161 0.5 0.5 0.5 1 1 1
1 P_5 162 162 0.1959465 0.2542372881355932 0.312128 1 1 1
1 P_5 163 163 0 0 0 1 1 1
1 P_5 164 164 0 0 0 1 1 1
1 P_5 165 165 0.223386 0.28865979381443296 0.349523 1 1 1
1 P_5 166 166 0.5 0.5 0.5 1 1 1
1 P_5 167 167 0 0 0 1 1 1
1 P_5 168 168 0.185577 0.24358974358974358 0.302213 1 1 1
1 P_5 169 169 0.1918485 0.255 0.3175975 1 1 1
1 P_5 170 170 0 0 0 1 1 1
1 P_5 171 171 0.5 0.5 0.5 1 1 1
1 P_5 172 172 0 0 0 1 1 1
1 P_5 173 173 0 0 0 1 1 1
1 P_5 174 174 0.5 0.5 0.5 1 1 1
1 P_5 175 175 0 0 0 1 1 1
1 P_5 176 176 0 0 0 1 1 1
1 P_5 177 177 0 0 0 1 1 1
1 P_5 178 178 0.5 0.5 0.5 1 1 1
1 P_5 179 179 0.1673815 0.23118279569892472 0.2972195 1 1 1
1 P_5 180 180 0 0 0 1 1 1
1 P_5 181 181 0.5 0.5 0.5 1 1 1
1 P_5 182 182 0 0 0 1 1 1
1 P_5 183 183 0 0 0 1 1 1
1 P_5 184 184 0 0 0 1 1 1
1 P_5 185 185 0 0 0 1 1 1
1 P_5 186 186 0.19133 0.2523364485981308 0.3131005 1 1 1
1 P_5 187 187 0.228458 0.29381443298969073 0.3541725 1 1 1
1 P_5 188 188 0.1741245 0.23711340206185566 0.3015725 1 1 1
1 P_5 189 189 0 0 0 1 1 1
1 P_5 190 190 0 0 0 1 1 1
1 P_5 191 191 0 0 0 1 1 1
1 P_5 192 192 0 0 0 1 1 1
1 P_5 193 193 0 0 0 1 1 1
1 P_5 194 194 0 0 0 1 1 1
1 P_5 195 195 0 0 0 1 1 1
1 P_5 196 196 0.176068 0.2345132743362832 0.294484 1 1 1
1 P_5 197 197 0.5 0.5 0.5 1 1 1
1 P_5 198 198 0 0 0 1 1 1
1 P_5 199 199 0.1837675 0.24742268041237114 0.311372 1 1 1
1 P_5 200 200 0 0 0 1 1 1
1 P_5 201 201 0.5 0.5 0.5 1 1 1
1 P_5 202 202 0 0 0 1 1 1
1 P_5 203 203 0 0 0 1 1 1
1 P_5 204 204 0.199302 0.26704545454545453 0.3326535 1 1 1
1 P_5 205 205 0.1951125 0.2543859649122807 0.313231 1 1 1
1 P_5 206 206 0 0 0 1 1 1
1 P_5 207 207 0 0 0 1 1 1
1 P_5 208 208 0 0 0 1 1 1
1 P_5 209 209 0 0 0 1 1 1
1 P_5 210 210 0 0 0 1 1 1
1 P_5 211 211 0 0 0 1 1 1
1 P_5 212 212 0 0 0 1 1 1
1 P_5 213 213 0.2059645 0.27040816326530615 0.3325465 1 1 1
1 P_5 214 214 0.5 0.5 0.5 1 1 1
1 P_5 215 215 0.218469 0.28651685393258425 0.3500405 1 1 1
1 P_5 216 216 0.194456 0.25742574257425743 0.3195805 1 1 1
1 P_5 217 217 0 0 0 1 1 1
1 P_5 218 218 0.5 0.5 0.5 1 1 1
1 P_5 219 219 0 0 0 1 1 1
1 P_5 220 220 0 0 0 1 1 1
1 P_5 221 221 0.5 0.5 0.5 1 1 1
1 P_5 222 222 0 0 0 1 1 1
1 P_5 223 223 0.5 0.5 0.5 1 1 1
1 P_5 224 224 0.1741245 0.23711340206185566 0.3015725 1 1 1
1 P_5 225 225 0 0 0 1 1 1
1 P_5 226 226 0 0 0 1 1 1
1 P_5 227 227 0 0 0 1 1 1
1 P_5 228 228 0 0 0 1 1 1
1 P_5 229 229 0 0 0 1 1 1
1 P_5 230 230 0 0 0 1 1 1
1 P_5 231 231 0 0 0 1 1 1
1 P_5 232 232 0.170458 0.23595505617977527 0.3031925 1 1 1
1 P_5 233 233 0 0 0 1 1 1
1 P_5 234 234 0.1813195 0.2409090909090909 0.3014175 1 1 1
1 P_5 235 235 0.190293 0.2524271844660194 0.3142995 1 1 1
1 P_5 236 236 0.5 0.5 0.5 1 1 1
1 P_5 237 237 0.223386 0.28865979381443296 0.349523 1 1 1
1 P_5 238 238 0 0 0 1 1 1
1 P_5 239 239 0.5 0.5 0.5 1 1 1
1 P_5 240 240 0.166218 0.2236842105263158 0.28372000000000003 1 1 1
1 P_5 241 241 0.1616725 0.22395833333333334 0.2892445 1 1 1
1 P_5 242 242 0.1603075 0.22058823529411764 0.284066 1 1 1
1 P_5 243 243 0.180984 0.24479166666666666 0.3091995 1 1 1
1 P_5 244 244 0.5 0.5 0.5 1 1 1
1 P_5 245 245 0.1826335 0.25316455696202533 0.3232565 1 1 1
1 P_5 246 246 0 0 0 1 1 1
1 P_5 247 247 0.173732 0.2336448598130841 0.2952555 1 1 1
1 P_5 248 248 0 0 0 1 1 1
1 P_5 249 249 0 0 0 1 1 1
1 P_5 250 250 0.5 0.5 0.5 1 1 1
1 P_5 251 251 0 0 0 1 1 1
1 P_5 252 252 0 0 0 1 1 1
1 P_5 253 253 0 0 0 1 1 1
1 P_5 254 254 0.1627545 0.22448979591836735 0.289107 1 1 1
1 P_5 255 255 0.220644 0.2830188679245283 0.341935 1 1 1
1 P_5 256 256 0 0 0 1 1 1
1 P_5 257 257 0 0 0 1 1 1
1 P_5 258 258 0 0 0 1 1 1
1 P_5 259 259 0 0 0 1 1 1
1 P_5 260 260 0.2033665 0.26804123711340205 0.330658 1 1 1
1 P_5 261 261 0.204478 0.26666666666666666 0.3270935 1 1 1
1 P_5 262 262 0 0 0 1 1 1
1 P_5 263 263 0 0 0 1 1 1
1 P_5 264 264 0.2090745 0.2714285714285714 0.3315175 1 1 1
1 P_5 265 265 0 0 0 1 1 1
1 P_5 266 266 0.1806395 0.24074074074074073 0.3017945 1 1 1
1 P_5 267 267 0 0 0 1 1 1
1 P_5 268 268 0 0 0 1 1 1
1 P_5 269 269 0.153434 0.21428571428571427 0.279172 1 1 1
1 P_5 270 270 0 0 0 1 1 1
1 P_5 271 271 0 0 0 1 1 1
1 P_5 272 272 0 0 0 1 1 1
1 P_5 273 273 0 0 0 1 1 1
1 P_5 274 274 0 0 0 1 1 1
1 P_5 275 275 0.5 0.5 0.5 1 1 1
1 P_5 276 276 0 0 0 1 1 1
1 P_5 277 277 0.1586165 0.21844660194174756 0.2816745 1 1 1
1 P_5 278 278 0 0 0 1 1 1
1 P_5 279 279 0 0 0 1 1 1
1 P_5 280 280 0.5 0.5 0.5 1 1 1
1 P_5 281 281 0 0 0 1 1 1
1 P_5 282 282 0 0 0 1 1 1
1 P_5 283 283 0 0 0 1 1 1
1 P_5 284 284 0 0 0 1 1 1
1 P_5 285 285 0 0 0 1 1 1
1 P_5 286 286 0.166351 0.23076923076923078 0.29752 1 1 1
1 P_5 287 287 0.5 0.5 0.5 1 1 1
1 P_5 288 288 0 0 0 1 1 1
1 P_5 289 289 0.5 0.5 0.5 1 1 1
1 P_5 290 290 0 0 0 1 1 1
1 P_5 291 291 0 0 0 1 1 1
1 P_5 292 292 0 0 0 1 1 1
1 P_5 293 293 0 0 0 1 1 1
1 P_5 294 294 0 0 0 1 1 1
1 P_5 295 295 0.207329 0.2681818181818182 0.327197 1 1 1
1 P_5 296 296 0.5 0.5 0.5 1 1 1
1 P_5 297 297 0 0 0 1 1 1
1 P_5 298 298 0 0 0 1 1 1
1 P_5 299 299 0 0 0 1 1 1
1 P_5 300 300 0.5 0.5 0.5 1 1 1
1 P_5 301 301 0.5 0.5 0.5 1 1 1
1 P_5 302 302 0.5 0.5 0.5 1 1 1
1 P_5 303 303 0.5 0.5 0.5 1 1 1
1 P_5 304 304 0 0 0 1 1 1
1 P_5 305 305 0 0 0 1 1 1
1 P_5 306 306 0 0 0 1 1 1
1 P_5 307 307 0.153921 0.21578947368421053 0.2816395 1 1 1
1 P_5 308 308 0.218341 0.28350515463917525 0.3448465 1 1 1
1 P_5 309 309 0 0 0 1 1 1
1 P_5 310 310 0 0 0 1 1 1
1 P_5 311 311 0.223511 0.2894736842105263 0.350842 1 1 1
1 P_5 312 312 0.5 0.5 0.5 1 1 1
1 P_5 313 313 0 0 0 1 1 1
1 P_5 314 314 0 0 0 1 1 1
1 P_5 315 315 0.2473695 0.31382978723404253 0.3727865 1 1 1
1 P_5 316 316 0.218341 0.28350515463917525 0.3448465 1 1 1
1 P_5 317 317 0.149158 0.21052631578947367 0.276489 1 1 1
1 P_5 318 318 0 0 0 1 1 1
1 P_5 319 319 0 0 0 1 1 1
1 P_5 320 320 0.157499 0.21782178217821782 0.2816755 1 1 1
1 P_5 321 321 0.177716 0.24 0.303392 1 1 1
1 P_5 322 322 0 0 0 1 1 1
1 P_5 323 323 0 0 0 1 1 1
1 P_5 324 324 0 0 0 1 1 1
1 P_5 325 325 0 0 0 1 1 1
1 P_5 326 326 0 0 0 1 1 1
1 P_5 327 327 0 0 0 1 1 1
1 P_5 328 328 0.209971 0.26956521739130435 0.327265 1 1 1
1 P_5 329 329 0.5 0.5 0.5 1 1 1
1 P_5 330 330 0.5 0.5 0.5 1 1 1
1 P_5 331 331 0.189114 0.25555555555555554 0.321316 1 1 1
1 P_5 332 332 0 0 0 1 1 1
1 P_5 333 333 0 0 0 1 1 1
1 P_5 334 334 0 0 0 1 1 1
1 P_5 335 335 0 0 0 1 1 1
1 P_5 336 336 0 0 0 1 1 1
1 P_5 337 337 0.199547 0.2621359223300971 0.323418 1 1 1
1 P_5 338 338 0 0 0 1 1 1
1 P_5 339 339 0.1901355 0.24789915966386555 0.3058595 1 1 1
1 P_5 340 340 0 0 0 1 1 1
1 P_5 341 341 0 0 0 1 1 1
1 P_5 342 342 0 0 0 1 1 1
1 P_5 343 343 0.1684155 0.23 0.2938005 1 1 1
1 P_5 344 344 0 0 0 1 1 1
1 P_5 345 345 0 0 0 1 1 1
1 P_5 346 346 0 0 0 1 1 1
1 P_5 347 347 0.1984275 0.26288659793814434 0.3258755 1 1 1
1 P_5 348 348 0.5 0.5 0.5 1 1 1
1 P_5 349 349 0 0 0 1 1 1
1 P_5 350 350 0.1939915 0.25757575757575757 0.3203125 1 1 1
1 P_5 351 351 0 0 0 1 1 1
1 P_5 352 352 0.157499 0.21782178217821782 0.2816755 1 1 1
1 P_5 353 353 0 0 0 1 1 1
1 P_5 354 354 0.5 0.5 0.5 1 1 1
1 P_5 355 355 0 0 0 1 1 1
1 P_5 356 356 0 0 0 1 1 1
1 P_5 357 357 0 0 0 1 1 1
1 P_5 358 358 0.155823 0.21568627450980393 0.2792795 1 1 1
1 P_5 359 359 0 0 0 1 1 1
1 P_5 360 360 0 0 0 1 1 1
1 P_5 361 361 0.1693835 0.22897196261682243 0.290743 1 1 1
1 P_5 362 362 0 0 0 1 1 1
1 P_5 363 363 0 0 0 1 1 1
1 P_5 364 364 0.170458 0.23595505617977527 0.3031925 1 1 1
1 P_5 365 365 0 0 0 1 1 1
1 P_5 366 366 0.5 0.5 0.5 1 1 1
1 P_5 367 367 0.1586165 0.21844660194174756 0.2816745 1 1 1
1 P_5 368 368 0 0 0 1 1 1
1 P_5 369 369 0.5 0.5 0.5 1 1 1
1 P_5 370 370 0.5 0.5 0.5 1 1 1
1 P_5 371 371 0.218361 0.2798165137614679 0.3382315 1 1 1
1 P_5 372 372 0.1596995 0.21904761904761905 0.2816675 1 1 1
1 P_5 373 373 0 0 0 1 1 1
1 P_5 374 374 0 0 0 1 1 1
1 P_5 375 375 0 0 0 1 1 1
1 P_5 376 376 0 0 0 1 1 1
1 P_5 377 377 0 0 0 1 1 1
1 P_5 378 378 0 0 0 1 1 1
1 P_5 379 379 0 0 0 1 1 1
1 P_5 380 380 0 0 0 1 1 1
1 P_5 381 381 0 0 0 1 1 1
1 P_5 382 382 0.1955345 0.2543103448275862 0.3126725 1 1 1
1 P_5 383 383 0.213597 0.2766990291262136 0.336926 1 1 1
1 P_5 384 384 0 0 0 1 1 1
1 P_5 385 385 0 0 0 1 1 1
1 P_5 386 386 0.199182 0.2623762376237624 0.324212 1 1 1
1 P_5 387 387 0 0 0 1 1 1
1 P_5 388 388 0 0 0 1 1 1
1 P_5 389 389 0 0 0 1 1 1
1 P_5 390 390 0.1830805 0.24509803921568626 0.3076485 1 1 1
1 P_5 391 391 0.213323 0.27835051546391754 0.3401435 1 1 1
1 P_5 392 392 0 0 0 1 1 1
1 P_5 393 393 0 0 0 1 1 1
1 P_5 394 394 0 0 0 1 1 1
1 P_5 395 395 0 0 0 1 1 1
1 P_5 396 396 0 0 0 1 1 1
1 P_5 397 397 0 0 0 1 1 1
1 P_5 398 398 0.2183325 0.28095238095238095 0.3403005 1 1 1
1 P_5 399 399 0.5 0.5 0.5 1 1 1
1 P_5 400 400 0.184392 0.24336283185840707 0.3029875 1 1 1
1 P_5 401 401 0.158081 0.2193877551020408 0.2841525 1 1 1
1 P_5 402 402 0.1741245 0.23711340206185566 0.3015725 1 1 1
1 P_5 403 403 0.2134115 0.2777777777777778 0.3390365 1 1 1
1 P_5 404 404 0 0 0 1 1 1
1 P_5 405 405 0 0 0 1 1 1
1 P_5 406 406 0.5 0.5 0.5 1 1 1
1 P_5 407 407 0 0 0 1 1 1
1 P_5 408 408 0 0 0 1 1 1
1 P_5 409 409 0.126617 0.1875 0.25621 1 1 1
1 P_5 410 410 0.163074 0.22330097087378642 0.286403 1 1 1
1 P_5 411 411 0 0 0 1 1 1
1 P_5 412 412 0.1633955 0.2222222222222222 0.2839065 1 1 1
1 P_5 413 413 0 0 0 1 1 1
1 P_5 414 414 0.174969 0.23737373737373738 0.301191 1 1 1
1 P_5 415 415 0.1423985 0.2 0.2628865 1 1 1
1 P_5 416 416 0 0 0 1 1 1
1 P_5 417 417 0 0 0 1 1 1
1 P_5 418 418 0 0 0 1 1 1
1 P_5 419 419 0 0 0 1 1 1
1 P_5 420 420 0.190293 0.2524271844660194 0.3142995 1 1 1
1 P_5 421 421 0.195936 0.2647058823529412 0.3315715 1 1 1
1 P_5 422 422 0.171421 0.23626373626373626 0.302773 1 1 1
1 P_5 423 423 0 0 0 1 1 1
1 P_5 424 424 0 0 0 1 1 1
1 P_5 425 425 0.181704 0.24489795918367346 0.308668 1 1 1
1 P_5 426 426 0 0 0 1 1 1
1 P_5 427 427 0 0 0 1 1 1
1 P_5 428 428 0.5 0.5 0.5 1 1 1
1 P_5 429 429 0.185001 0.24537037037037038 0.306216 1 1 1
1 P_5 430 430 0 0 0 1 1 1
1 P_5 431 431 0.197404 0.2565217391304348 0.315008 1 1 1
1 P_5 432 432 0 0 0 1 1 1
1 P_5 433 433 0 0 0 1 1 1
1 P_5 434 434 0.5 0.5 0.5 1 1 1
1 P_5 435 435 0.171933 0.23008849557522124 0.290205 1 1 1
1 P_5 436 436 0 0 0 1 1 1
1 P_5 437 437 0.153921 0.21578947368421053 0.2816395 1 1 1
1 P_5 438 438 0.5 0.5 0.5 1 1 1
1 P_5 439 439 0 0 0 1 1 1
1 P_5 440 440 0 0 0 1 1 1
1 P_5 441 441 0.1434065 0.19827586206896552 0.2581115 1 1 1
1 P_5 442 442 0 0 0 1 1 1
1 P_5 443 443 0 0 0 1 1 1
1 P_5 444 444 0.5 0.5 0.5 1 1 1
1 P_5 445 445 0.5 0.5 0.5 1 1 1
1 P_5 446 446 0 0 0 1 1 1
1 P_5 447 447 0.5 0.5 0.5 1 1 1
1 P_5 448 448 0.2378545 0.30198019801980197 0.360402 1 1 1
1 P_5 449 449 0.177716 0.24 0.303392 1 1 1
1 P_5 450 450 0 0 0 1 1 1
1 P_5 451 451 0 0 0 1 1 1
1 P_5 452 452 0 0 0 1 1 1
1 P_5 453 453 0 0 0 1 1 1
1 P_5 454 454 0.1453845 0.20388349514563106 0.2673485 1 1 1
1 P_5 455 455 0 0 0 1 1 1
1 P_5 456 456 0 0 0 1 1 1
1 P_5 457 457 0.143961 0.20987654320987653 0.2812315 1 1 1
1 P_5 458 458 0 0 0 1 1 1
1 P_5 459 459 0 0 0 1 1 1
1 P_5 460 460 0 0 0 1 1 1
1 P_5 461 461 0.188628 0.25257731958762886 0.3162325 1 1 1
1 P_5 462 462 0 0 0 1 1 1
1 P_5 463 463 0 0 0 1 1 1
1 P_5 464 464 0 0 0 1 1 1
1 P_5 465 465 0.5 0.5 0.5 1 1 1
1 P_5 466 466 0.1673815 0.23118279569892472 0.2972195 1 1 1
1 P_5 467 467 0.1837675 0.24742268041237114 0.311372 1 1 1
1 P_5 468 468 0 0 0 1 1 1
1 P_5 469 469 0 0 0 1 1 1
1 P_5 470 470 0.174533 0.23394495412844038 0.294994 1 1 1
1 P_5 471 471 0.5 0.5 0.5 1 1 1
1 P_5 472 472 0 0 0 1 1 1
1 P_5 473 473 0 0 0 1 1 1
1 P_5 474 474 0.176116 0.23958333333333334 0.304251 1 1 1
1 P_5 475 475 0 0 0 1 1 1
1 P_5 476 476 0 0 0 1 1 1
1 P_5 477 477 0.158712 0.22105263157894736 0.2867625 1 1 1
1 P_5 478 478 0 0 0 1 1 1
1 P_5 479 479 0.1693835 0.22897196261682243 0.290743 1 1 1
1 P_5 480 480 0 0 0 1 1 1
1 P_5 481 481 0.5 0.5 0.5 1 1 1
1 P_5 482 482 0 0 0 1 1 1
1 P_5 483 483 0 0 0 1 1 1
1 P_5 484 484 0 0 0 1 1 1
1 P_5 485 485 0 0 0 1 1 1
1 P_5 486 486 0 0 0 1 1 1
1 P_5 487 487 0.5 0.5 0.5 1 1 1
1 P_5 488 488 0.5 0.5 0.5 1 1 1
1 P_5 489 489 0 0 0 1 1 1
1 P_5 490 490 0 0 0 1 1 1
1 P_5 491 491 0 0 0 1 1 1
1 P_5 492 492 0.5 0.5 0.5 1 1 1
1 P_5 493 493 0 0 0 1 1 1
1 P_5 494 494 0 0 0 1 1 1
1 P_5 495 495 0.152577 0.21153846153846154 0.2746035 1 1 1
1 P_5 496 496 0.5 0.5 0.5 1 1 1
1 P_5 497 497 0 0 0 1 1 1
1 P_5 498 498 0 0 0 1 1 1
1 P_5 499 499 0.2059645 0.27040816326530615 0.3325465 1 1 1
1 P_5 500 500 0.2102195 0.2784090909090909 0.3430405 1 1 1
1 P_5 501 501 0.5 0.5 0.5 1 1 1
1 P_5 502 502 0.172735 0.23043478260869565 0.290029 1 1 1
1 P_5 503 503 0 0 0 1 1 1
1 P_5 504 504 0.5 0.5 0.5 1 1 1
1 P_5 505 505 0 0 0 1 1 1
1 P_5 506 506 0 0 0 1 1 1
1 P_5 507 507 0 0 0 1 1 1
1 P_5 508 508 0 0 0 1 1 1
1 P_5 509 509 0.154808 0.21008403361344538 0.269099 1 1 1
1 P_5 510 510 0.167554 0.22815533980582525 0.2911095 1 1 1
1 P_5 511 511 0.18113 0.24271844660194175 0.3050915 1 1 1
1 P_5 512 512 0.5 0.5 0.5 1 1 1
1 P_5 513 513 0.150941 0.21686746987951808 0.2871825 1 1 1
1 P_5 514 514 0.173516 0.2388888888888889 0.305624 1 1 1
1 P_5 515 515 0.5 0.5 0.5 1 1 1
1 P_5 516 516 0.5 0.5 0.5 1 1 1
1 P_5 517 517 0.5 0.5 0.5 1 1 1
1 P_5 518 518 0.208519 0.2727272727272727 0.334393 1 1 1
1 P_5 519 519 0 0 0 1 1 1
1 P_5 520 520 0 0 0 1 1 1
1 P_5 521 521 0 0 0 1 1 1
1 P_5 522 522 0.5 0.5 0.5 1 1 1
1 P_5 523 523 0.1693835 0.22897196261682243 0.290743 1 1 1
1 P_5 524 524 0 0 0 1 1 1
1 P_5 525 525 0 0 0 1 1 1
1 P_5 526 526 0 0 0 1 1 1
1 P_5 527 527 0 0 0 1 1 1
1 P_5 528 528 0 0 0 1 1 1
1 P_5 529 529 0 0 0 1 1 1
1 P_5 530 530 0 0 0 1 1 1
1 P_5 531 531 0.1333145 0.19444444444444445 0.262384 1 1 1
1 P_5 532 532 0 0 0 1 1 1
1 P_5 533 533 0.5 0.5 0.5 1 1 1
1 P_5 534 534 0 0 0 1 1 1
1 P_5 535 535 0.173323 0.24358974358974358 0.3147575 1 1 1
1 P_5 536 536 0 0 0 1 1 1
1 P_5 537 537 0.1801255 0.2471264367816092 0.314491 1 1 1
1 P_5 538 538 0 0 0 1 1 1
1 P_5 539 539 0.1863085 0.24761904761904763 0.3091815 1 1 1
1 P_5 540 540 0 0 0 1 1 1
1 P_5 541 541 0 0 0 1 1 1
1 P_5 542 542 0 0 0 1 1 1
1 P_5 543 543 0 0 0 1 1 1
1 P_5 544 544 0 0 0 1 1 1
1 P_5 545 545 0 0 0 1 1 1
1 P_5 546 546 0 0 0 1 1 1
1 P_5 547 547 0 0 0 1 1 1
1 P_5 548 548 0.1637175 0.22123893805309736 0.2815925 1 1 1
1 P_5 549 549 0.1551535 0.21649484536082475 0.281659 1 1 1
1 P_5 550 550 0.5 0.5 0.5 1 1 1
1 P_5 551 551 0 0 0 1 1 1
1 P_5 552 552 0.5 0.5 0.5 1 1 1
1 P_5 553 553 0 0 0 1 1 1
1 P_5 554 554 0.5 0.5 0.5 1 1 1
1 P_5 555 555 0 0 0 1 1 1
1 P_5 556 556 0.1596995 0.21904761904761905 0.2816675 1 1 1
1 P_5 557 557 0 0 0 1 1 1
1 P_5 558 558 0.1674535 0.22959183673469388 0.2940355 1 1 1
1 P_5 559 559 0.5 0.5 0.5 1 1 1
1 P_5 560 560 0 0 0 1 1 1
1 P_5 561 561 0 0 0 1 1 1
1 P_5 562 562 0.5 0.5 0.5 1 1 1
1 P_5 563 563 0.5 0.5 0.5 1 1 1
1 P_5 564 564 0.5 0.5 0.5 1 1 1
1 P_5 565 565 0.2090745 0.2714285714285714 0.3315175 1 1 1
1 P_5 566 566 0.5 0.5 0.5 1 1 1
1 P_5 567 567 0.1537205 0.21839080459770116 0.287064 1 1 1
1 P_5 568 568 0 0 0 1 1 1
1 P_5 569 569 0 0 0 1 1 1
1 P_5 570 570 0 0 0 1 1 1
1 P_5 571 571 0.5 0.5 0.5 1 1 1
1 P_5 572 572 0 0 0 1 1 1
1 P_5 573 573 0 0 0 1 1 1
1 P_5 574 574 0.180984 0.24479166666666666 0.3091995 1 1 1
1 P_5 575 575 0 0 0 1 1 1
1 P_5 576 576 0.1657985 0.22596153846153846 0.288689 1 1 1
1 P_5 577 577 0 0 0 1 1 1
1 P_5 578 578 0.233779 0.29464285714285715 0.351073 1 1 1
1 P_5 579 579 0.1932495 0.25217391304347825 0.3108875 1 1 1
1 P_5 580 580 0.5 0.5 0.5 1 1 1
1 P_5 581 581 0.2128175 0.28313253012048195 0.349059 1 1 1
1 P_5 582 582 0.168574 0.22727272727272727 0.2882685 1 1 1
1 P_5 583 583 0.181652 0.24725274725274726 0.3131865 1 1 1
1 P_5 584 584 0 0 0 1 1 1
1 P_5 585 585 0 0 0 1 1 1
1 P_5 586 586 0.2042075 0.2669902912621359 0.3279435 1 1 1
1 P_5 587 587 0 0 0 1 1 1
1 P_5 588 588 0 0 0 1 1 1
1 P_5 589 589 0 0 0 1 1 1
1 P_5 590 590 0 0 0 1 1 1
1 P_5 591 591 0.5 0.5 0.5 1 1 1
1 P_5 592 592 0 0 0 1 1 1
1 P_5 593 593 0 0 0 1 1 1
1 P_5 594 594 0 0 0 1 1 1
1 P_5 595 595 0 0 0 1 1 1
1 P_5 596 596 0 0 0 1 1 1
1 P_5 597 597 0.1912685 0.26282051282051283 0.3325705 1 1 1
1 P_5 598 598 0 0 0 1 1 1
1 P_5 599 599 0 0 0 1 1 1
1 P_5 600 600 0 0 0 1 1 1
