5 #m
106 #n
0 P_2 0 0 0.5 0.5 0.5 1 1 1
0 P_2 1 1 0.5 0.5 0.5 1 1 1
0 P_2 2 2 0.5 0.5 0.5 1 1 1
0 P_2 3 3 0 0 0 1 1 1
0 P_2 4 4 0.5 0.5 0.5 1 1 1
0 P_2 5 5 0.5 0.5 0.5 1 1 1
0 P_2 6 6 0.5 0.5 0.5 1 1 1
0 P_2 7 7 0.5 0.5 0.5 1 1 1
0 P_2 8 8 0.5 0.5 0.5 1 1 1
0 P_2 9 9 0.5 0.5 0.5 1 1 1
0 P_2 10 10 0.5 0.5 0.5 1 1 1
0 P_2 11 11 0.5 0.5 0.5 1 1 1
0 P_2 12 12 0 0 0 1 1 1
0 P_2 13 13 0.5 0.5 0.5 1 1 1
0 P_2 14 14 0.5 0.5 0.5 1 1 1
0 P_2 15 15 0.1015065 0.1067 0.1120585 1 1 1
0 P_2 16 16 0.5 0.5 0.5 1 1 1
0 P_2 17 17 0.5 0.5 0.5 1 1 1
0 P_2 18 18 0 0 0 1 1 1
0 P_2 19 19 0.3879925 0.39335 0.3985425 1 1 1
0 P_2 20 20 0.5 0.5 0.5 1 1 1
0 P_2 21 21 0.5 0.5 0.5 1 1 1
0 P_2 22 22 0.5 0.5 0.5 1 1 1
0 P_2 23 23 0.5 0.5 0.5 1 1 1
0 P_2 24 24 0.5 0.5 0.5 1 1 1
0 P_2 25 25 0.5 0.5 0.5 1 1 1
0 P_2 26 26 0 0 0 1 1 1
0 P_2 27 27 0.5 0.5 0.5 1 1 1
0 P_2 28 28 0.5 0.5 0.5 1 1 1
0 P_2 29 29 0.5 0.5 0.5 1 1 1
0 P_2 30 30 0.1015065 0.1067 0.1120585 1 1 1
0 P_2 31 31 0.5 0.5 0.5 1 1 1
0 P_2 32 32 0.1015065 0.1067 0.1120585 1 1 1
0 P_2 33 33 0.5 0.5 0.5 1 1 1
0 P_2 34 34 0.3879925 0.39335 0.3985425 1 1 1
0 P_2 35 35 0.5 0.5 0.5 1 1 1
0 P_2 36 36 0 0 0 1 1 1
0 P_2 37 37 0.5 0.5 0.5 1 1 1
0 P_2 38 38 0.5 0.5 0.5 1 1 1
0 P_2 39 39 0 0 0 1 1 1
0 P_2 40 40 0.5 0.5 0.5 1 1 1
0 P_2 41 41 0.5 0.5 0.5 1 1 1
0 P_2 42 42 0.1015065 0.1067 0.1120585 1 1 1
0 P_2 43 43 0.5 0.5 0.5 1 1 1
0 P_2 44 44 0.5 0.5 0.5 1 1 1
0 P_2 45 45 0.1015065 0.1067 0.1120585 1 1 1
0 P_2 46 46 0.5 0.5 0.5 1 1 1
0 P_2 47 47 0.5 0.5 0.5 1 1 1
0 P_2 48 48 0 0 0 1 1 1
0 P_2 49 49 0.5 0.5 0.5 1 1 1
0 P_2 50 50 0.5 0.5 0.5 1 1 1
0 P_2 51 51 0.5 0.5 0.5 1 1 1
0 P_2 52 52 0.5 0.5 0.5 1 1 1
0 P_2 53 53 0 0 0 1 1 1
0 P_2 54 54 0.5 0.5 0.5 1 1 1
0 P_2 55 55 0.5 0.5 0.5 1 1 1
0 P_2 56 56 0.5 0.5 0.5 1 1 1
0 P_2 57 57 0.5 0.5 0.5 1 1 1
0 P_2 58 58 0 0 0 1 1 1
0 P_2 59 59 0.5 0.5 0.5 1 1 1
0 P_2 60 60 0.3879925 0.39335 0.3985425 1 1 1
0 P_2 61 61 0.5 0.5 0.5 1 1 1
0 P_2 62 62 0.5 0.5 0.5 1 1 1
0 P_2 63 63 0.5 0.5 0.5 1 1 1
0 P_2 64 64 0.5 0.5 0.5 1 1 1
0 P_2 65 65 0.5 0.5 0.5 1 1 1
0 P_2 66 66 0 0 0 1 1 1
0 P_2 67 67 0.5 0.5 0.5 1 1 1
0 P_2 68 68 0 0 0 1 1 1
0 P_2 69 69 0.5 0.5 0.5 1 1 1
0 P_2 70 70 0.5 0.5 0.5 1 1 1
0 P_2 71 71 0.5 0.5 0.5 1 1 1
0 P_2 72 72 0.1015065 0.1067 0.1120585 1 1 1
0 P_2 73 73 0.5 0.5 0.5 1 1 1
0 P_2 74 74 0.5 0.5 0.5 1 1 1
0 P_2 75 75 0.5 0.5 0.5 1 1 1
0 P_2 76 76 0.5 0.5 0.5 1 1 1
0 P_2 77 77 0.5 0.5 0.5 1 1 1
0 P_2 78 78 0 0 0 1 1 1
0 P_2 79 79 0.5 0.5 0.5 1 1 1
0 P_2 80 80 0.5 0.5 0.5 1 1 1
0 P_2 81 81 0.5 0.5 0.5 1 1 1
0 P_2 82 82 0.5 0.5 0.5 1 1 1
0 P_2 83 83 0.5 0.5 0.5 1 1 1
0 P_2 84 84 0.5 0.5 0.5 1 1 1
0 P_2 85 85 0.5 0.5 0.5 1 1 1
0 P_2 86 86 0.5 0.5 0.5 1 1 1
0 P_2 87 87 0.5 0.5 0.5 1 1 1
0 P_2 88 88 0 0 0 1 1 1
0 P_2 89 89 0 0 0 1 1 1
0 P_2 90 90 0.5 0.5 0.5 1 1 1
0 P_2 91 91 0.5 0.5 0.5 1 1 1
0 P_2 92 92 0 0 0 1 1 1
0 P_2 93 93 0.5 0.5 0.5 1 1 1
0 P_2 94 94 0.5 0.5 0.5 1 1 1
0 P_2 95 95 0.5 0.5 0.5 1 1 1
0 P_2 96 96 0.5 0.5 0.5 1 1 1
0 P_2 97 97 0.5 0.5 0.5 1 1 1
0 P_2 98 98 0.5 0.5 0.5 1 1 1
0 P_2 99 99 0.5 0.5 0.5 1 1 1
0 P_2 100 100 0.5 0.5 0.5 1 1 1
0 P_2 101 101 0.5 0.5 0.5 1 1 1
0 P_2 102 102 0 0 0 1 1 1
0 P_2 103 103 0.5 0.5 0.5 1 1 1
0 P_2 104 104 0 0 0 1 1 1
0 P_2 105 105 0.5 0.5 0.5 1 1 1
1 P_6 0 0 0.3209815 0.32715 0.3332295 1 1 1
1 P_6 1 1 0.3209815 0.32715 0.3332295 1 1 1
1 P_6 2 2 0.3209815 0.32715 0.3332295 1 1 1
1 P_6 3 3 0 0 0 1 1 1
1 P_6 4 4 0.3209815 0.32715 0.3332295 1 1 1
1 P_6 5 5 0.3209815 0.32715 0.3332295 1 1 1
1 P_6 6 6 0.3209815 0.32715 0.3332295 1 1 1
1 P_6 7 7 0.3209815 0.32715 0.3332295 1 1 1
1 P_6 8 8 0.3209815 0.32715 0.3332295 1 1 1
1 P_6 9 9 0.3209815 0.32715 0.3332295 1 1 1
1 P_6 10 10 0.3209815 0.32715 0.3332295 1 1 1
1 P_6 11 11 0.5 0.5 0.5 1 1 1
1 P_6 12 12 0.16682 0.1729 0.1790685 1 1 1
1 P_6 13 13 0.3209815 0.32715 0.3332295 1 1 1
1 P_6 14 14 0.3209815 0.32715 0.3332295 1 1 1
1 P_6 15 15 0.0857805 0.09065 0.095703 1 1 1
1 P_6 16 16 0.3209815 0.32715 0.3332295 1 1 1
1 P_6 17 17 0.3209815 0.32715 0.3332295 1 1 1
1 P_6 18 18 0 0 0 1 1 1
1 P_6 19 19 0.230079 0.2365 0.2429365 1 1 1
1 P_6 20 20 0.3209815 0.32715 0.3332295 1 1 1
1 P_6 21 21 0.3209815 0.32715 0.3332295 1 1 1
1 P_6 22 22 0.5 0.5 0.5 1 1 1
1 P_6 23 23 0.3209815 0.32715 0.3332295 1 1 1
1 P_6 24 24 0.3209815 0.32715 0.3332295 1 1 1
1 P_6 25 25 0.3209815 0.32715 0.3332295 1 1 1
1 P_6 26 26 0 0 0 1 1 1
1 P_6 27 27 0.3209815 0.32715 0.3332295 1 1 1
1 P_6 28 28 0.3209815 0.32715 0.3332295 1 1 1
1 P_6 29 29 0.3209815 0.32715 0.3332295 1 1 1
1 P_6 30 30 0.0857805 0.09065 0.095703 1 1 1
1 P_6 31 31 0.5 0.5 0.5 1 1 1
1 P_6 32 32 0.0857805 0.09065 0.095703 1 1 1
1 P_6 33 33 0.5 0.5 0.5 1 1 1
1 P_6 34 34 0.230079 0.2365 0.2429365 1 1 1
1 P_6 35 35 0.3209815 0.32715 0.3332295 1 1 1
1 P_6 36 36 0 0 0 1 1 1
1 P_6 37 37 0.3209815 0.32715 0.3332295 1 1 1
1 P_6 38 38 0.3209815 0.32715 0.3332295 1 1 1
1 P_6 39 39 0 0 0 1 1 1
1 P_6 40 40 0.3209815 0.32715 0.3332295 1 1 1
1 P_6 41 41 0.3209815 0.32715 0.3332295 1 1 1
1 P_6 42 42 0 0 0 1 1 1
1 P_6 43 43 0.3209815 0.32715 0.3332295 1 1 1
1 P_6 44 44 0.3209815 0.32715 0.3332295 1 1 1
1 P_6 45 45 0.0857805 0.09065 0.095703 1 1 1
1 P_6 46 46 0.3209815 0.32715 0.3332295 1 1 1
1 P_6 47 47 0.3209815 0.32715 0.3332295 1 1 1
1 P_6 48 48 0 0 0 1 1 1
1 P_6 49 49 0.3209815 0.32715 0.3332295 1 1 1
1 P_6 50 50 0.3209815 0.32715 0.3332295 1 1 1
1 P_6 51 51 0.3209815 0.32715 0.3332295 1 1 1
1 P_6 52 52 0.3209815 0.32715 0.3332295 1 1 1
1 P_6 53 53 0 0 0 1 1 1
1 P_6 54 54 0.3209815 0.32715 0.3332295 1 1 1
1 P_6 55 55 0.3209815 0.32715 0.3332295 1 1 1
1 P_6 56 56 0.5 0.5 0.5 1 1 1
1 P_6 57 57 0.3209815 0.32715 0.3332295 1 1 1
1 P_6 58 58 0 0 0 1 1 1
1 P_6 59 59 0.3209815 0.32715 0.3332295 1 1 1
1 P_6 60 60 0.230079 0.2365 0.2429365 1 1 1
1 P_6 61 61 0.3209815 0.32715 0.3332295 1 1 1
1 P_6 62 62 0.3209815 0.32715 0.3332295 1 1 1
1 P_6 63 63 0.3209815 0.32715 0.3332295 1 1 1
1 P_6 64 64 0.3209815 0.32715 0.3332295 1 1 1
1 P_6 65 65 0.3209815 0.32715 0.3332295 1 1 1
1 P_6 66 66 0 0 0 1 1 1
1 P_6 67 67 0.5 0.5 0.5 1 1 1
1 P_6 68 68 0.0857805 0.09065 0.095703 1 1 1
1 P_6 69 69 0.3209815 0.32715 0.3332295 1 1 1
1 P_6 70 70 0.3209815 0.32715 0.3332295 1 1 1
1 P_6 71 71 0.3209815 0.32715 0.3332295 1 1 1
1 P_6 72 72 0.0857805 0.09065 0.095703 1 1 1
1 P_6 73 73 0.3209815 0.32715 0.3332295 1 1 1
1 P_6 74 74 0.3209815 0.32715 0.3332295 1 1 1
1 P_6 75 75 0.3209815 0.32715 0.3332295 1 1 1
1 P_6 76 76 0.3209815 0.32715 0.3332295 1 1 1
1 P_6 77 77 0.3209815 0.32715 0.3332295 1 1 1
1 P_6 78 78 0 0 0 1 1 1
1 P_6 79 79 0.3209815 0.32715 0.3332295 1 1 1
1 P_6 80 80 0.3209815 0.32715 0.3332295 1 1 1
1 P_6 81 81 0.3209815 0.32715 0.3332295 1 1 1
1 P_6 82 82 0.3209815 0.32715 0.3332295 1 1 1
1 P_6 83 83 0.3209815 0.32715 0.3332295 1 1 1
1 P_6 84 84 0.3209815 0.32715 0.3332295 1 1 1
1 P_6 85 85 0.3209815 0.32715 0.3332295 1 1 1
1 P_6 86 86 0.3209815 0.32715 0.3332295 1 1 1
1 P_6 87 87 0.3209815 0.32715 0.3332295 1 1 1
1 P_6 88 88 0.0857805 0.09065 0.095703 1 1 1
1 P_6 89 89 0.0857805 0.09065 0.095703 1 1 1
1 P_6 90 90 0.3209815 0.32715 0.3332295 1 1 1
1 P_6 91 91 0.5 0.5 0.5 1 1 1
1 P_6 92 92 0 0 0 1 1 1
1 P_6 93 93 0.3209815 0.32715 0.3332295 1 1 1
1 P_6 94 94 0.3209815 0.32715 0.3332295 1 1 1
1 P_6 95 95 0.3209815 0.32715 0.3332295 1 1 1
1 P_6 96 96 0.3209815 0.32715 0.3332295 1 1 1
1 P_6 97 97 0.3209815 0.32715 0.3332295 1 1 1
1 P_6 98 98 0.3209815 0.32715 0.3332295 1 1 1
1 P_6 99 99 0.3209815 0.32715 0.3332295 1 1 1
1 P_6 100 100 0.3209815 0.32715 0.3332295 1 1 1
1 P_6 101 101 0.3209815 0.32715 0.3332295 1 1 1
1 P_6 102 102 0 0 0 1 1 1
1 P_6 103 103 0.5 0.5 0.5 1 1 1
1 P_6 104 104 0 0 0 1 1 1
1 P_6 105 105 0.3209815 0.32715 0.3332295 1 1 1
2 P_3 0 0 0.5 0.5 0.5 1 1 1
2 P_3 1 1 0.5 0.5 0.5 1 1 1
2 P_3 2 2 0.5 0.5 0.5 1 1 1
2 P_3 3 3 0 0 0 1 1 1
2 P_3 4 4 0.5 0.5 0.5 1 1 1
2 P_3 5 5 0.5 0.5 0.5 1 1 1
2 P_3 6 6 0.5 0.5 0.5 1 1 1
2 P_3 7 7 0.5 0.5 0.5 1 1 1
2 P_3 8 8 0.5 0.5 0.5 1 1 1
2 P_3 9 9 0.5 0.5 0.5 1 1 1
2 P_3 10 10 0.5 0.5 0.5 1 1 1
2 P_3 11 11 0.5 0.5 0.5 1 1 1
2 P_3 12 12 0 0 0 1 1 1
2 P_3 13 13 0.5 0.5 0.5 1 1 1
2 P_3 14 14 0.5 0.5 0.5 1 1 1
2 P_3 15 15 0 0 0 1 1 1
2 P_3 16 16 0.5 0.5 0.5 1 1 1
2 P_3 17 17 0.5 0.5 0.5 1 1 1
2 P_3 18 18 0 0 0 1 1 1
2 P_3 19 19 0.5 0.5 0.5 1 1 1
2 P_3 20 20 0.5 0.5 0.5 1 1 1
2 P_3 21 21 0.5 0.5 0.5 1 1 1
2 P_3 22 22 0.5 0.5 0.5 1 1 1
2 P_3 23 23 0.5 0.5 0.5 1 1 1
2 P_3 24 24 0.5 0.5 0.5 1 1 1
2 P_3 25 25 0.5 0.5 0.5 1 1 1
2 P_3 26 26 0 0 0 1 1 1
2 P_3 27 27 0.5 0.5 0.5 1 1 1
2 P_3 28 28 0.5 0.5 0.5 1 1 1
2 P_3 29 29 0.5 0.5 0.5 1 1 1
2 P_3 30 30 0 0 0 1 1 1
2 P_3 31 31 0.5 0.5 0.5 1 1 1
2 P_3 32 32 0 0 0 1 1 1
2 P_3 33 33 0.5 0.5 0.5 1 1 1
2 P_3 34 34 0.5 0.5 0.5 1 1 1
2 P_3 35 35 0.5 0.5 0.5 1 1 1
2 P_3 36 36 0 0 0 1 1 1
2 P_3 37 37 0.5 0.5 0.5 1 1 1
2 P_3 38 38 0.5 0.5 0.5 1 1 1
2 P_3 39 39 0 0 0 1 1 1
2 P_3 40 40 0.5 0.5 0.5 1 1 1
2 P_3 41 41 0.5 0.5 0.5 1 1 1
2 P_3 42 42 0 0 0 1 1 1
2 P_3 43 43 0.5 0.5 0.5 1 1 1
2 P_3 44 44 0.5 0.5 0.5 1 1 1
2 P_3 45 45 0 0 0 1 1 1
2 P_3 46 46 0.5 0.5 0.5 1 1 1
2 P_3 47 47 0.5 0.5 0.5 1 1 1
2 P_3 48 48 0 0 0 1 1 1
2 P_3 49 49 0.5 0.5 0.5 1 1 1
2 P_3 50 50 0.5 0.5 0.5 1 1 1
2 P_3 51 51 0.5 0.5 0.5 1 1 1
2 P_3 52 52 0.5 0.5 0.5 1 1 1
2 P_3 53 53 0 0 0 1 1 1
2 P_3 54 54 0.5 0.5 0.5 1 1 1
2 P_3 55 55 0.5 0.5 0.5 1 1 1
2 P_3 56 56 0.5 0.5 0.5 1 1 1
2 P_3 57 57 0.5 0.5 0.5 1 1 1
2 P_3 58 58 0 0 0 1 1 1
2 P_3 59 59 0.5 0.5 0.5 1 1 1
2 P_3 60 60 0.5 0.5 0.5 1 1 1
2 P_3 61 61 0.5 0.5 0.5 1 1 1
2 P_3 62 62 0.5 0.5 0.5 1 1 1
2 P_3 63 63 0.5 0.5 0.5 1 1 1
2 P_3 64 64 0.5 0.5 0.5 1 1 1
2 P_3 65 65 0.5 0.5 0.5 1 1 1
2 P_3 66 66 0 0 0 1 1 1
2 P_3 67 67 0.5 0.5 0.5 1 1 1
2 P_3 68 68 0 0 0 1 1 1
2 P_3 69 69 0.5 0.5 0.5 1 1 1
2 P_3 70 70 0.5 0.5 0.5 1 1 1
2 P_3 71 71 0.5 0.5 0.5 1 1 1
2 P_3 72 72 0 0 0 1 1 1
2 P_3 73 73 0.5 0.5 0.5 1 1 1
2 P_3 74 74 0.5 0.5 0.5 1 1 1
2 P_3 75 75 0.5 0.5 0.5 1 1 1
2 P_3 76 76 0.5 0.5 0.5 1 1 1
2 P_3 77 77 0.5 0.5 0.5 1 1 1
2 P_3 78 78 0 0 0 1 1 1
2 P_3 79 79 0.5 0.5 0.5 1 1 1
2 P_3 80 80 0.5 0.5 0.5 1 1 1
2 P_3 81 81 0.5 0.5 0.5 1 1 1
2 P_3 82 82 0.5 0.5 0.5 1 1 1
2 P_3 83 83 0.5 0.5 0.5 1 1 1
2 P_3 84 84 0.5 0.5 0.5 1 1 1
2 P_3 85 85 0.5 0.5 0.5 1 1 1
2 P_3 86 86 0.5 0.5 0.5 1 1 1
2 P_3 87 87 0.5 0.5 0.5 1 1 1
2 P_3 88 88 0 0 0 1 1 1
2 P_3 89 89 0 0 0 1 1 1
2 P_3 90 90 0.5 0.5 0.5 1 1 1
2 P_3 91 91 0.5 0.5 0.5 1 1 1
2 P_3 92 92 0 0 0 1 1 1
2 P_3 93 93 0.5 0.5 0.5 1 1 1
2 P_3 94 94 0.5 0.5 0.5 1 1 1
2 P_3 95 95 0.5 0.5 0.5 1 1 1
2 P_3 96 96 0.5 0.5 0.5 1 1 1
2 P_3 97 97 0.5 0.5 0.5 1 1 1
2 P_3 98 98 0.5 0.5 0.5 1 1 1
2 P_3 99 99 0.5 0.5 0.5 1 1 1
2 P_3 100 100 0.5 0.5 0.5 1 1 1
2 P_3 101 101 0.5 0.5 0.5 1 1 1
2 P_3 102 102 0 0 0 1 1 1
2 P_3 103 103 0.5 0.5 0.5 1 1 1
2 P_3 104 104 0 0 0 1 1 1
2 P_3 105 105 0.5 0.5 0.5 1 1 1
3 P_5 0 0 0.310658 0.3169 0.323065 1 1 1
3 P_5 1 1 0.310658 0.3169 0.323065 1 1 1
3 P_5 2 2 0.310658 0.3169 0.323065 1 1 1
3 P_5 3 3 0 0 0 1 1 1
3 P_5 4 4 0.310658 0.3169 0.323065 1 1 1
3 P_5 5 5 0.310658 0.3169 0.323065 1 1 1
3 P_5 6 6 0.310658 0.3169 0.323065 1 1 1
3 P_5 7 7 0.310658 0.3169 0.323065 1 1 1
3 P_5 8 8 0.310658 0.3169 0.323065 1 1 1
3 P_5 9 9 0.310658 0.3169 0.323065 1 1 1
3 P_5 10 10 0.310658 0.3169 0.323065 1 1 1
3 P_5 11 11 0.5 0.5 0.5 1 1 1
3 P_5 12 12 0 0 0 1 1 1
3 P_5 13 13 0.434676 0.439 0.4431065 1 1 1
3 P_5 14 14 0.310658 0.3169 0.323065 1 1 1
3 P_5 15 15 0.1553315 0.1613 0.1673705 1 1 1
3 P_5 16 16 0.310658 0.3169 0.323065 1 1 1
3 P_5 17 17 0.310658 0.3169 0.323065 1 1 1
3 P_5 18 18 0.056942 0.06105 0.0653755 1 1 1
3 P_5 19 19 0.1496925 0.1556 0.161616 1 1 1
3 P_5 20 20 0.310658 0.3169 0.323065 1 1 1
3 P_5 21 21 0.310658 0.3169 0.323065 1 1 1
3 P_5 22 22 0.5 0.5 0.5 1 1 1
3 P_5 23 23 0.310658 0.3169 0.323065 1 1 1
3 P_5 24 24 0.310658 0.3169 0.323065 1 1 1
3 P_5 25 25 0.310658 0.3169 0.323065 1 1 1
3 P_5 26 26 0.1166415 0.1221 0.1277055 1 1 1
3 P_5 27 27 0.310658 0.3169 0.323065 1 1 1
3 P_5 28 28 0.310658 0.3169 0.323065 1 1 1
3 P_5 29 29 0.310658 0.3169 0.323065 1 1 1
3 P_5 30 30 0.1553315 0.1613 0.1673705 1 1 1
3 P_5 31 31 0.5 0.5 0.5 1 1 1
3 P_5 32 32 0.1553315 0.1613 0.1673705 1 1 1
3 P_5 33 33 0.5 0.5 0.5 1 1 1
3 P_5 34 34 0.1496925 0.1556 0.161616 1 1 1
3 P_5 35 35 0.310658 0.3169 0.323065 1 1 1
3 P_5 36 36 0 0 0 1 1 1
3 P_5 37 37 0.310658 0.3169 0.323065 1 1 1
3 P_5 38 38 0.310658 0.3169 0.323065 1 1 1
3 P_5 39 39 0.1166415 0.1221 0.1277055 1 1 1
3 P_5 40 40 0.310658 0.3169 0.323065 1 1 1
3 P_5 41 41 0.310658 0.3169 0.323065 1 1 1
3 P_5 42 42 0 0 0 1 1 1
3 P_5 43 43 0.310658 0.3169 0.323065 1 1 1
3 P_5 44 44 0.310658 0.3169 0.323065 1 1 1
3 P_5 45 45 0.1553315 0.1613 0.1673705 1 1 1
3 P_5 46 46 0.310658 0.3169 0.323065 1 1 1
3 P_5 47 47 0.310658 0.3169 0.323065 1 1 1
3 P_5 48 48 0.1166415 0.1221 0.1277055 1 1 1
3 P_5 49 49 0.310658 0.3169 0.323065 1 1 1
3 P_5 50 50 0.310658 0.3169 0.323065 1 1 1
3 P_5 51 51 0.310658 0.3169 0.323065 1 1 1
3 P_5 52 52 0.310658 0.3169 0.323065 1 1 1
3 P_5 53 53 0.056942 0.06105 0.0653755 1 1 1
3 P_5 54 54 0.310658 0.3169 0.323065 1 1 1
3 P_5 55 55 0.310658 0.3169 0.323065 1 1 1
3 P_5 56 56 0.5 0.5 0.5 1 1 1
3 P_5 57 57 0.310658 0.3169 0.323065 1 1 1
3 P_5 58 58 0 0 0 1 1 1
3 P_5 59 59 0.310658 0.3169 0.323065 1 1 1
3 P_5 60 60 0.1496925 0.1556 0.161616 1 1 1
3 P_5 61 61 0.310658 0.3169 0.323065 1 1 1
3 P_5 62 62 0.310658 0.3169 0.323065 1 1 1
3 P_5 63 63 0.310658 0.3169 0.323065 1 1 1
3 P_5 64 64 0.310658 0.3169 0.323065 1 1 1
3 P_5 65 65 0.310658 0.3169 0.323065 1 1 1
3 P_5 66 66 0 0 0 1 1 1
3 P_5 67 67 0.5 0.5 0.5 1 1 1
3 P_5 68 68 0.1553315 0.1613 0.1673705 1 1 1
3 P_5 69 69 0.434676 0.439 0.4431065 1 1 1
3 P_5 70 70 0.434676 0.439 0.4431065 1 1 1
3 P_5 71 71 0.310658 0.3169 0.323065 1 1 1
3 P_5 72 72 0.1553315 0.1613 0.1673705 1 1 1
3 P_5 73 73 0.310658 0.3169 0.323065 1 1 1
3 P_5 74 74 0.310658 0.3169 0.323065 1 1 1
3 P_5 75 75 0.310658 0.3169 0.323065 1 1 1
3 P_5 76 76 0.5 0.5 0.5 1 1 1
3 P_5 77 77 0.310658 0.3169 0.323065 1 1 1
3 P_5 78 78 0 0 0 1 1 1
3 P_5 79 79 0.310658 0.3169 0.323065 1 1 1
3 P_5 80 80 0.310658 0.3169 0.323065 1 1 1
3 P_5 81 81 0.310658 0.3169 0.323065 1 1 1
3 P_5 82 82 0.310658 0.3169 0.323065 1 1 1
3 P_5 83 83 0.310658 0.3169 0.323065 1 1 1
3 P_5 84 84 0.310658 0.3169 0.323065 1 1 1
3 P_5 85 85 0.310658 0.3169 0.323065 1 1 1
3 P_5 86 86 0.310658 0.3169 0.323065 1 1 1
3 P_5 87 87 0.310658 0.3169 0.323065 1 1 1
3 P_5 88 88 0.1553315 0.1613 0.1673705 1 1 1
3 P_5 89 89 0.1553315 0.1613 0.1673705 1 1 1
3 P_5 90 90 0.310658 0.3169 0.323065 1 1 1
3 P_5 91 91 0.5 0.5 0.5 1 1 1
3 P_5 92 92 0.056942 0.06105 0.0653755 1 1 1
3 P_5 93 93 0.434676 0.439 0.4431065 1 1 1
3 P_5 94 94 0.310658 0.3169 0.323065 1 1 1
3 P_5 95 95 0.310658 0.3169 0.323065 1 1 1
3 P_5 96 96 0.310658 0.3169 0.323065 1 1 1
3 P_5 97 97 0.310658 0.3169 0.323065 1 1 1
3 P_5 98 98 0.310658 0.3169 0.323065 1 1 1
3 P_5 99 99 0.310658 0.3169 0.323065 1 1 1
3 P_5 100 100 0.310658 0.3169 0.323065 1 1 1
3 P_5 101 101 0.310658 0.3169 0.323065 1 1 1
3 P_5 102 102 0 0 0 1 1 1
3 P_5 103 103 0.5 0.5 0.5 1 1 1
3 P_5 104 104 0 0 0 1 1 1
3 P_5 105 105 0.310658 0.3169 0.323065 1 1 1
4 P_1 0 0 0.0879815 0.0929 0.097999 1 1 1
4 P_1 1 1 0.0879815 0.0929 0.097999 1 1 1
4 P_1 2 2 0.0879815 0.0929 0.097999 1 1 1
4 P_1 3 3 0 0 0 1 1 1
4 P_1 4 4 0.0879815 0.0929 0.097999 1 1 1
4 P_1 5 5 0.0879815 0.0929 0.097999 1 1 1
4 P_1 6 6 0.0879815 0.0929 0.097999 1 1 1
4 P_1 7 7 0.0879815 0.0929 0.097999 1 1 1
4 P_1 8 8 0.0879815 0.0929 0.097999 1 1 1
4 P_1 9 9 0.0879815 0.0929 0.097999 1 1 1
4 P_1 10 10 0.0879815 0.0929 0.097999 1 1 1
4 P_1 11 11 0.5 0.5 0.5 1 1 1
4 P_1 12 12 0 0 0 1 1 1
4 P_1 13 13 0.237018 0.24345 0.2498895 1 1 1
4 P_1 14 14 0.0879815 0.0929 0.097999 1 1 1
4 P_1 15 15 0.0879815 0.0929 0.097999 1 1 1
4 P_1 16 16 0.0879815 0.0929 0.097999 1 1 1
4 P_1 17 17 0.0879815 0.0929 0.097999 1 1 1
4 P_1 18 18 0.2501605 0.2566 0.263032 1 1 1
4 P_1 19 19 0 0 0 1 1 1
4 P_1 20 20 0.0879815 0.0929 0.097999 1 1 1
4 P_1 21 21 0.0879815 0.0929 0.097999 1 1 1
4 P_1 22 22 0.5 0.5 0.5 1 1 1
4 P_1 23 23 0.0879815 0.0929 0.097999 1 1 1
4 P_1 24 24 0.0879815 0.0929 0.097999 1 1 1
4 P_1 25 25 0.0879815 0.0929 0.097999 1 1 1
4 P_1 26 26 0.1447495 0.1506 0.1565645 1 1 1
4 P_1 27 27 0.0879815 0.0929 0.097999 1 1 1
4 P_1 28 28 0.0879815 0.0929 0.097999 1 1 1
4 P_1 29 29 0.0879815 0.0929 0.097999 1 1 1
4 P_1 30 30 0.0879815 0.0929 0.097999 1 1 1
4 P_1 31 31 0.5 0.5 0.5 1 1 1
4 P_1 32 32 0.0879815 0.0929 0.097999 1 1 1
4 P_1 33 33 0.5 0.5 0.5 1 1 1
4 P_1 34 34 0 0 0 1 1 1
4 P_1 35 35 0.0879815 0.0929 0.097999 1 1 1
4 P_1 36 36 0 0 0 1 1 1
4 P_1 37 37 0.0879815 0.0929 0.097999 1 1 1
4 P_1 38 38 0.0879815 0.0929 0.097999 1 1 1
4 P_1 39 39 0.1447495 0.1506 0.1565645 1 1 1
4 P_1 40 40 0.0879815 0.0929 0.097999 1 1 1
4 P_1 41 41 0.0879815 0.0929 0.097999 1 1 1
4 P_1 42 42 0 0 0 1 1 1
4 P_1 43 43 0.0879815 0.0929 0.097999 1 1 1
4 P_1 44 44 0.0879815 0.0929 0.097999 1 1 1
4 P_1 45 45 0.0879815 0.0929 0.097999 1 1 1
4 P_1 46 46 0.0879815 0.0929 0.097999 1 1 1
4 P_1 47 47 0.0879815 0.0929 0.097999 1 1 1
4 P_1 48 48 0.1447495 0.1506 0.1565645 1 1 1
4 P_1 49 49 0.0879815 0.0929 0.097999 1 1 1
4 P_1 50 50 0.0879815 0.0929 0.097999 1 1 1
4 P_1 51 51 0.0879815 0.0929 0.097999 1 1 1
4 P_1 52 52 0.0879815 0.0929 0.097999 1 1 1
4 P_1 53 53 0.2501605 0.2566 0.263032 1 1 1
4 P_1 54 54 0.0879815 0.0929 0.097999 1 1 1
4 P_1 55 55 0.0879815 0.0929 0.097999 1 1 1
4 P_1 56 56 0.5 0.5 0.5 1 1 1
4 P_1 57 57 0.0879815 0.0929 0.097999 1 1 1
4 P_1 58 58 0 0 0 1 1 1
4 P_1 59 59 0.0879815 0.0929 0.097999 1 1 1
4 P_1 60 60 0 0 0 1 1 1
4 P_1 61 61 0.0879815 0.0929 0.097999 1 1 1
4 P_1 62 62 0.0879815 0.0929 0.097999 1 1 1
4 P_1 63 63 0.0879815 0.0929 0.097999 1 1 1
4 P_1 64 64 0.0879815 0.0929 0.097999 1 1 1
4 P_1 65 65 0.0879815 0.0929 0.097999 1 1 1
4 P_1 66 66 0 0 0 1 1 1
4 P_1 67 67 0.5 0.5 0.5 1 1 1
4 P_1 68 68 0.0879815 0.0929 0.097999 1 1 1
4 P_1 69 69 0.237018 0.24345 0.2498895 1 1 1
4 P_1 70 70 0.237018 0.24345 0.2498895 1 1 1
4 P_1 71 71 0.0879815 0.0929 0.097999 1 1 1
4 P_1 72 72 0.0879815 0.0929 0.097999 1 1 1
4 P_1 73 73 0.0879815 0.0929 0.097999 1 1 1
4 P_1 74 74 0.0879815 0.0929 0.097999 1 1 1
4 P_1 75 75 0.0879815 0.0929 0.097999 1 1 1
4 P_1 76 76 0.5 0.5 0.5 1 1 1
4 P_1 77 77 0.0879815 0.0929 0.097999 1 1 1
4 P_1 78 78 0 0 0 1 1 1
4 P_1 79 79 0.0879815 0.0929 0.097999 1 1 1
4 P_1 80 80 0.0879815 0.0929 0.097999 1 1 1
4 P_1 81 81 0.0879815 0.0929 0.097999 1 1 1
4 P_1 82 82 0.0879815 0.0929 0.097999 1 1 1
4 P_1 83 83 0.0879815 0.0929 0.097999 1 1 1
4 P_1 84 84 0.0879815 0.0929 0.097999 1 1 1
4 P_1 85 85 0.0879815 0.0929 0.097999 1 1 1
4 P_1 86 86 0.0879815 0.0929 0.097999 1 1 1
4 P_1 87 87 0.0879815 0.0929 0.097999 1 1 1
4 P_1 88 88 0.0879815 0.0929 0.097999 1 1 1
4 P_1 89 89 0.0879815 0.0929 0.097999 1 1 1
4 P_1 90 90 0.0879815 0.0929 0.097999 1 1 1
4 P_1 91 91 0.5 0.5 0.5 1 1 1
4 P_1 92 92 0.2501605 0.2566 0.263032 1 1 1
4 P_1 93 93 0.237018 0.24345 0.2498895 1 1 1
4 P_1 94 94 0.0879815 0.0929 0.097999 1 1 1
4 P_1 95 95 0.0879815 0.0929 0.097999 1 1 1
4 P_1 96 96 0.0879815 0.0929 0.097999 1 1 1
4 P_1 97 97 0.0879815 0.0929 0.097999 1 1 1
4 P_1 98 98 0.0879815 0.0929 0.097999 1 1 1
4 P_1 99 99 0.0879815 0.0929 0.097999 1 1 1
4 P_1 100 100 0.0879815 0.0929 0.097999 1 1 1
4 P_1 101 101 0.0879815 0.0929 0.097999 1 1 1
4 P_1 102 102 0 0 0 1 1 1
4 P_1 103 103 0.5 0.5 0.5 1 1 1
4 P_1 104 104 0 0 0 1 1 1
4 P_1 105 105 0.0879815 0.0929 0.097999 1 1 1
