10 #m
6 #n
0 P_0 0 0 0.5 0.5 0.5 1 1 1
0 P_0 1 1 0.151374 0.1573 0.1633325 1 1 1
0 P_0 2 2 0 0 0 1 1 1
0 P_0 3 3 0 0 0 1 1 1
0 P_0 4 4 0 0 0 1 1 1
0 P_0 5 5 0.062718 0.067 0.0714925 1 1 1
1 P_2 0 0 0.5 0.5 0.5 1 1 1
1 P_2 1 1 0.330763 0.33685 0.342837 1 1 1
1 P_2 2 2 0 0 0 1 1 1
1 P_2 3 3 0 0 0 1 1 1
1 P_2 4 4 0 0 0 1 1 1
1 P_2 5 5 0.1572125 0.1632 0.1692875 1 1 1
2 P_9 0 0 0.5 0.5 0.5 1 1 1
2 P_9 1 1 0.5 0.5 0.5 1 1 1
2 P_9 2 2 0.106121 0.1114 0.1168385 1 1 1
2 P_9 3 3 0 0 0 1 1 1
2 P_9 4 4 0.106121 0.1114 0.1168385 1 1 1
2 P_9 5 5 0 0 0 1 1 1
3 P_8 0 0 0.5 0.5 0.5 1 1 1
3 P_8 1 1 0.2285325 0.23495 0.241385 1 1 1
3 P_8 2 2 0 0 0 1 1 1
3 P_8 3 3 0 0 0 1 1 1
3 P_8 4 4 0 0 0 1 1 1
3 P_8 5 5 0.0935635 0.0986 0.103811 1 1 1
4 P_6 0 0 0.5 0.5 0.5 1 1 1
4 P_6 1 1 0.2504105 0.25685 0.2632815 1 1 1
4 P_6 2 2 0 0 0 1 1 1
4 P_6 3 3 0 0 0 1 1 1
4 P_6 4 4 0 0 0 1 1 1
4 P_6 5 5 0 0 0 1 1 1
5 P_3 0 0 0.5 0.5 0.5 1 1 1
5 P_3 1 1 0.1189055 0.1244 0.130039 1 1 1
5 P_3 2 2 0 0 0 1 1 1
5 P_3 3 3 0 0 0 1 1 1
5 P_3 4 4 0 0 0 1 1 1
5 P_3 5 5 0.3700115 0.37565 0.381144 1 1 1
6 P_1 0 0 0.5 0.5 0.5 1 1 1
6 P_1 1 1 0.2751455 0.28155 0.2879185 1 1 1
6 P_1 2 2 0 0 0 1 1 1
6 P_1 3 3 0 0 0 1 1 1
6 P_1 4 4 0 0 0 1 1 1
6 P_1 5 5 0 0 0 1 1 1
7 P_5 0 0 0.5 0.5 0.5 1 1 1
7 P_5 1 1 0.234022 0.24045 0.246889 1 1 1
7 P_5 2 2 0 0 0 1 1 1
7 P_5 3 3 0.1239775 0.12955 0.135261 1 1 1
7 P_5 4 4 0 0 0 1 1 1
7 P_5 5 5 0.183586 0.1898 0.1960835 1 1 1
8 P_7 0 0 0.5 0.5 0.5 1 1 1
8 P_7 1 1 0.342425 0.3484 0.354262 1 1 1
8 P_7 2 2 0 0 0 1 1 1
8 P_7 3 3 0 0 0 1 1 1
8 P_7 4 4 0 0 0 1 1 1
8 P_7 5 5 0 0 0 1 1 1
9 P_4 0 0 0.5 0.5 0.5 1 1 1
9 P_4 1 1 0 0 0 1 1 1
9 P_4 2 2 0 0 0 1 1 1
9 P_4 3 3 0 0 0 1 1 1
9 P_4 4 4 0 0 0 1 1 1
9 P_4 5 5 0.3864155 0.3918 0.397021 1 1 1
