10 #m
38 #n
0 P_1 0 0 0.5 0.5 0.5 1 1 1
0 P_1 1 1 0 0 0 1 1 1
0 P_1 2 2 0 0 0 1 1 1
0 P_1 3 3 0 0 0 1 1 1
0 P_1 4 4 0.313045 0.4 0.455029 1 1 1
0 P_1 5 5 0 0 0 1 1 1
0 P_1 6 6 0 0 0 1 1 1
0 P_1 7 7 0 0 0 1 1 1
0 P_1 8 8 0.5 0.5 0.5 1 1 1
0 P_1 9 9 0.333253 0.41836734693877553 0.4670195 1 1 1
0 P_1 10 10 0 0 0 1 1 1
0 P_1 11 11 0 0 0 1 1 1
0 P_1 12 12 0 0 0 1 1 1
0 P_1 13 13 0 0 0 1 1 1
0 P_1 14 14 0.0701415 0.13829787234042554 0.231664 1 1 1
0 P_1 15 15 0.5 0.5 0.5 1 1 1
0 P_1 16 16 0.5 0.5 0.5 1 1 1
0 P_1 17 17 0.071295 0.13392857142857142 0.218831 1 1 1
0 P_1 18 18 0.2531055 0.35365853658536583 0.4276975 1 1 1
0 P_1 19 19 0.058284 0.11607142857142858 0.1995385 1 1 1
0 P_1 20 20 0 0 0 1 1 1
0 P_1 21 21 0 0 0 1 1 1
0 P_1 22 22 0.5 0.5 0.5 1 1 1
0 P_1 23 23 0 0 0 1 1 1
0 P_1 24 24 0 0 0 1 1 1
0 P_1 25 25 0 0 0 1 1 1
0 P_1 26 26 0 0 0 1 1 1
0 P_1 27 27 0 0 0 1 1 1
0 P_1 28 28 0 0 0 1 1 1
0 P_1 29 29 0 0 0 1 1 1
0 P_1 30 30 0 0 0 1 1 1
0 P_1 31 31 0 0 0 1 1 1
0 P_1 32 32 0.313363 0.4069767441860465 0.462239 1 1 1
0 P_1 33 33 0 0 0 1 1 1
0 P_1 34 34 0.5 0.5 0.5 1 1 1
0 P_1 35 35 0 0 0 1 1 1
0 P_1 36 36 0 0 0 1 1 1
0 P_1 37 37 0 0 0 1 1 1
1 P_0 0 0 0.2471485 0.33653846153846156 0.4081295 1 1 1
1 P_0 1 1 0.175594 0.25892857142857145 0.340548 1 1 1
1 P_0 2 2 0.1821925 0.2804878048780488 0.3709755 1 1 1
1 P_0 3 3 0.085759 0.16279069767441862 0.2611905 1 1 1
1 P_0 4 4 0.0237081 0.06818181818181818 0.156048 1 1 1
1 P_0 5 5 0.0340193 0.0967741935483871 0.209739 1 1 1
1 P_0 6 6 0.02638325 0.07 0.151835 1 1 1
1 P_0 7 7 0 0 0 1 1 1
1 P_0 8 8 0.02638325 0.07 0.151835 1 1 1
1 P_0 9 9 0.03967855 0.0975609756097561 0.1943475 1 1 1
1 P_0 10 10 0 0 0 1 1 1
1 P_0 11 11 0.042322 0.09433962264150944 0.1777385 1 1 1
1 P_0 12 12 0.059018 0.11194029850746269 0.1872355 1 1 1
1 P_0 13 13 0 0 0 1 1 1
1 P_0 14 14 0 0 0 1 1 1
1 P_0 15 15 0.5 0.5 0.5 1 1 1
1 P_0 16 16 0.5 0.5 0.5 1 1 1
1 P_0 17 17 0 0 0 1 1 1
1 P_0 18 18 0.0467633 0.0967741935483871 0.1734765 1 1 1
1 P_0 19 19 0 0 0 1 1 1
1 P_0 20 20 0.0169889 0.05434782608695652 0.1364465 1 1 1
1 P_0 21 21 0 0 0 1 1 1
1 P_0 22 22 0.5 0.5 0.5 1 1 1
1 P_0 23 23 0 0 0 1 1 1
1 P_0 24 24 0 0 0 1 1 1
1 P_0 25 25 0.0058125 0.02586206896551724 0.0869455 1 1 1
1 P_0 26 26 0.0237081 0.06818181818181818 0.156048 1 1 1
1 P_0 27 27 0.103671 0.18604651162790697 0.284098 1 1 1
1 P_0 28 28 0.125738 0.2037037037037037 0.2908675 1 1 1
1 P_0 29 29 0.084029 0.15625 0.2492325 1 1 1
1 P_0 30 30 0.04906695 0.10869565217391304 0.200814 1 1 1
1 P_0 31 31 0 0 0 1 1 1
1 P_0 32 32 0.1037635 0.18 0.2711705 1 1 1
1 P_0 33 33 0 0 0 1 1 1
1 P_0 34 34 0.5 0.5 0.5 1 1 1
1 P_0 35 35 0.03537945 0.07936507936507936 0.152601 1 1 1
1 P_0 36 36 0.0881075 0.17105263157894737 0.275644 1 1 1
1 P_0 37 37 0.1487955 0.23469387755102042 0.3239205 1 1 1
2 P_5 0 0 0.26693 0.3557692307692308 0.422863 1 1 1
2 P_5 1 1 0.139277 0.22115384615384615 0.3089675 1 1 1
2 P_5 2 2 0.05721 0.11403508771929824 0.1965015 1 1 1
2 P_5 3 3 0.1084735 0.1875 0.2803745 1 1 1
2 P_5 4 4 0.1001635 0.17708333333333334 0.2701565 1 1 1
2 P_5 5 5 0.0243796 0.06481481481481481 0.1418485 1 1 1
2 P_5 6 6 0 0 0 1 1 1
2 P_5 7 7 0 0 0 1 1 1
2 P_5 8 8 0.145479 0.23 0.31879 1 1 1
2 P_5 9 9 0.1185225 0.19298245614035087 0.2782125 1 1 1
2 P_5 10 10 0 0 0 1 1 1
2 P_5 11 11 0.093811 0.16666666666666666 0.2569745 1 1 1
2 P_5 12 12 0.069066 0.14473684210526316 0.24925 1 1 1
2 P_5 13 13 0 0 0 1 1 1
2 P_5 14 14 0 0 0 1 1 1
2 P_5 15 15 0.5 0.5 0.5 1 1 1
2 P_5 16 16 0.5 0.5 0.5 1 1 1
2 P_5 17 17 0 0 0 1 1 1
2 P_5 18 18 0.145744 0.22413793103448276 0.307339 1 1 1
2 P_5 19 19 0 0 0 1 1 1
2 P_5 20 20 0 0 0 1 1 1
2 P_5 21 21 0 0 0 1 1 1
2 P_5 22 22 0.5 0.5 0.5 1 1 1
2 P_5 23 23 0 0 0 1 1 1
2 P_5 24 24 0 0 0 1 1 1
2 P_5 25 25 0.0177755 0.056818181818181816 0.141884 1 1 1
2 P_5 26 26 0 0 0 1 1 1
2 P_5 27 27 0.085666 0.16666666666666666 0.269984 1 1 1
2 P_5 28 28 0.0687215 0.13953488372093023 0.237398 1 1 1
2 P_5 29 29 0.052775 0.11224489795918367 0.201605 1 1 1
2 P_5 30 30 0.03967855 0.0975609756097561 0.1943475 1 1 1
2 P_5 31 31 0 0 0 1 1 1
2 P_5 32 32 0.114875 0.18548387096774194 0.2673555 1 1 1
2 P_5 33 33 0 0 0 1 1 1
2 P_5 34 34 0.5 0.5 0.5 1 1 1
2 P_5 35 35 0 0 0 1 1 1
2 P_5 36 36 0.1122195 0.2 0.3008735 1 1 1
2 P_5 37 37 0.0989065 0.16964285714285715 0.255807 1 1 1
3 P_3 0 0 0.5 0.5 0.5 1 1 1
3 P_3 1 1 0 0 0 1 1 1
3 P_3 2 2 0 0 0 1 1 1
3 P_3 3 3 0 0 0 1 1 1
3 P_3 4 4 0 0 0 1 1 1
3 P_3 5 5 0 0 0 1 1 1
3 P_3 6 6 0 0 0 1 1 1
3 P_3 7 7 0 0 0 1 1 1
3 P_3 8 8 0.5 0.5 0.5 1 1 1
3 P_3 9 9 0 0 0 1 1 1
3 P_3 10 10 0 0 0 1 1 1
3 P_3 11 11 0 0 0 1 1 1
3 P_3 12 12 0 0 0 1 1 1
3 P_3 13 13 0 0 0 1 1 1
3 P_3 14 14 0.5 0.5 0.5 1 1 1
3 P_3 15 15 0.5 0.5 0.5 1 1 1
3 P_3 16 16 0.5 0.5 0.5 1 1 1
3 P_3 17 17 0.5 0.5 0.5 1 1 1
3 P_3 18 18 0 0 0 1 1 1
3 P_3 19 19 0.5 0.5 0.5 1 1 1
3 P_3 20 20 0 0 0 1 1 1
3 P_3 21 21 0 0 0 1 1 1
3 P_3 22 22 0.5 0.5 0.5 1 1 1
3 P_3 23 23 0 0 0 1 1 1
3 P_3 24 24 0 0 0 1 1 1
3 P_3 25 25 0 0 0 1 1 1
3 P_3 26 26 0 0 0 1 1 1
3 P_3 27 27 0 0 0 1 1 1
3 P_3 28 28 0 0 0 1 1 1
3 P_3 29 29 0 0 0 1 1 1
3 P_3 30 30 0 0 0 1 1 1
3 P_3 31 31 0 0 0 1 1 1
3 P_3 32 32 0 0 0 1 1 1
3 P_3 33 33 0 0 0 1 1 1
3 P_3 34 34 0.5 0.5 0.5 1 1 1
3 P_3 35 35 0 0 0 1 1 1
3 P_3 36 36 0 0 0 1 1 1
3 P_3 37 37 0 0 0 1 1 1
4 P_8 0 0 0.035553800000000003 0.08333333333333333 0.1641105 1 1 1
4 P_8 1 1 0.02390765 0.05970149253731343 0.126228 1 1 1
4 P_8 2 2 0.2505895 0.3488372093023256 0.4228745 1 1 1
4 P_8 3 3 0.02427375 0.06976744186046512 0.159194 1 1 1
4 P_8 4 4 0 0 0 1 1 1
4 P_8 5 5 0.01670425 0.04838709677419355 0.115023 1 1 1
4 P_8 6 6 0 0 0 1 1 1
4 P_8 7 7 0.0779515 0.14893617021276595 0.2427365 1 1 1
4 P_8 8 8 0.03537945 0.07936507936507936 0.152601 1 1 1
4 P_8 9 9 0 0 0 1 1 1
4 P_8 10 10 0 0 0 1 1 1
4 P_8 11 11 0 0 0 1 1 1
4 P_8 12 12 0 0 0 1 1 1
4 P_8 13 13 0.156334 0.23684210526315788 0.3198365 1 1 1
4 P_8 14 14 0.0368699 0.09090909090909091 0.1830035 1 1 1
4 P_8 15 15 0.5 0.5 0.5 1 1 1
4 P_8 16 16 0.5 0.5 0.5 1 1 1
4 P_8 17 17 0.00661325 0.029411764705882353 0.097755 1 1 1
4 P_8 18 18 0 0 0 1 1 1
4 P_8 19 19 0.00391401 0.023255813953488372 0.097051 1 1 1
4 P_8 20 20 0.114875 0.18548387096774194 0.2673555 1 1 1
4 P_8 21 21 0.1466275 0.23404255319148937 0.3250635 1 1 1
4 P_8 22 22 0.5 0.5 0.5 1 1 1
4 P_8 23 23 0.117999 0.19444444444444445 0.281927 1 1 1
4 P_8 24 24 0 0 0 1 1 1
4 P_8 25 25 0.0126776 0.046511627906976744 0.1297345 1 1 1
4 P_8 26 26 0 0 0 1 1 1
4 P_8 27 27 0.0392412 0.08771929824561403 0.166761 1 1 1
4 P_8 28 28 0.0237081 0.06818181818181818 0.156048 1 1 1
4 P_8 29 29 0 0 0 1 1 1
4 P_8 30 30 0 0 0 1 1 1
4 P_8 31 31 0 0 0 1 1 1
4 P_8 32 32 0 0 0 1 1 1
4 P_8 33 33 0 0 0 1 1 1
4 P_8 34 34 0.5 0.5 0.5 1 1 1
4 P_8 35 35 0.3187875 0.3983050847457627 0.4507545 1 1 1
4 P_8 36 36 0.0106689 0.0392156862745098 0.111453 1 1 1
4 P_8 37 37 0.00938385 0.041666666666666664 0.1331725 1 1 1
5 P_9 0 0 0.1200445 0.2 0.2906255 1 1 1
5 P_9 1 1 0 0 0 1 1 1
5 P_9 2 2 0.1996525 0.2916666666666667 0.374447 1 1 1
5 P_9 3 3 0 0 0 1 1 1
5 P_9 4 4 0 0 0 1 1 1
5 P_9 5 5 0 0 0 1 1 1
5 P_9 6 6 0.1810795 0.2627118644067797 0.342019 1 1 1
5 P_9 7 7 0 0 0 1 1 1
5 P_9 8 8 0.1821125 0.2692307692307692 0.3523915 1 1 1
5 P_9 9 9 0 0 0 1 1 1
5 P_9 10 10 0 0 0 1 1 1
5 P_9 11 11 0 0 0 1 1 1
5 P_9 12 12 0 0 0 1 1 1
5 P_9 13 13 0 0 0 1 1 1
5 P_9 14 14 0 0 0 1 1 1
5 P_9 15 15 0.5 0.5 0.5 1 1 1
5 P_9 16 16 0.5 0.5 0.5 1 1 1
5 P_9 17 17 0 0 0 1 1 1
5 P_9 18 18 0 0 0 1 1 1
5 P_9 19 19 0 0 0 1 1 1
5 P_9 20 20 0.188099 0.2857142857142857 0.3743825 1 1 1
5 P_9 21 21 0 0 0 1 1 1
5 P_9 22 22 0.5 0.5 0.5 1 1 1
5 P_9 23 23 0 0 0 1 1 1
5 P_9 24 24 0 0 0 1 1 1
5 P_9 25 25 0 0 0 1 1 1
5 P_9 26 26 0.1664905 0.2619047619047619 0.354336 1 1 1
5 P_9 27 27 0 0 0 1 1 1
5 P_9 28 28 0 0 0 1 1 1
5 P_9 29 29 0 0 0 1 1 1
5 P_9 30 30 0 0 0 1 1 1
5 P_9 31 31 0.170795 0.2604166666666667 0.3477295 1 1 1
5 P_9 32 32 0 0 0 1 1 1
5 P_9 33 33 0.1359785 0.21428571428571427 0.2994525 1 1 1
5 P_9 34 34 0.5 0.5 0.5 1 1 1
5 P_9 35 35 0.242915 0.3275862068965517 0.3978415 1 1 1
5 P_9 36 36 0 0 0 1 1 1
5 P_9 37 37 0 0 0 1 1 1
6 P_7 0 0 0.0710635 0.14864864864864866 0.2546835 1 1 1
6 P_7 1 1 0 0 0 1 1 1
6 P_7 2 2 0.257944 0.35714285714285715 0.4295335 1 1 1
6 P_7 3 3 0 0 0 1 1 1
6 P_7 4 4 0.1120985 0.18333333333333332 0.26657 1 1 1
6 P_7 5 5 0 0 0 1 1 1
6 P_7 6 6 0.0377228 0.08823529411764706 0.172528 1 1 1
6 P_7 7 7 0.1103745 0.18518518518518517 0.2728715 1 1 1
6 P_7 8 8 0.1109955 0.1796875 0.2602925 1 1 1
6 P_7 9 9 0.075588 0.14150943396226415 0.2293435 1 1 1
6 P_7 10 10 0.165351 0.2553191489361702 0.344085 1 1 1
6 P_7 11 11 0 0 0 1 1 1
6 P_7 12 12 0 0 0 1 1 1
6 P_7 13 13 0 0 0 1 1 1
6 P_7 14 14 0 0 0 1 1 1
6 P_7 15 15 0.5 0.5 0.5 1 1 1
6 P_7 16 16 0.5 0.5 0.5 1 1 1
6 P_7 17 17 0 0 0 1 1 1
6 P_7 18 18 0.123236 0.2 0.2865295 1 1 1
6 P_7 19 19 0 0 0 1 1 1
6 P_7 20 20 0.0369709 0.08653846153846154 0.169629 1 1 1
6 P_7 21 21 0 0 0 1 1 1
6 P_7 22 22 0.5 0.5 0.5 1 1 1
6 P_7 23 23 0.2134705 0.3 0.376764 1 1 1
6 P_7 24 24 0.1737365 0.26666666666666666 0.355677 1 1 1
6 P_7 25 25 0 0 0 1 1 1
6 P_7 26 26 0.052775 0.11224489795918367 0.201605 1 1 1
6 P_7 27 27 0 0 0 1 1 1
6 P_7 28 28 0 0 0 1 1 1
6 P_7 29 29 0 0 0 1 1 1
6 P_7 30 30 0 0 0 1 1 1
6 P_7 31 31 0 0 0 1 1 1
6 P_7 32 32 0.0980585 0.18421052631578946 0.2884055 1 1 1
6 P_7 33 33 0 0 0 1 1 1
6 P_7 34 34 0.5 0.5 0.5 1 1 1
6 P_7 35 35 0.2387715 0.33 0.4041635 1 1 1
6 P_7 36 36 0 0 0 1 1 1
6 P_7 37 37 0 0 0 1 1 1
7 P_2 0 0 0.231929 0.3125 0.3824805 1 1 1
7 P_2 1 1 0.1255445 0.2111111111111111 0.3058235 1 1 1
7 P_2 2 2 0.2047465 0.2909090909090909 0.369081 1 1 1
7 P_2 3 3 0.12231 0.2125 0.312511 1 1 1
7 P_2 4 4 0.042322 0.09433962264150944 0.1777385 1 1 1
7 P_2 5 5 0 0 0 1 1 1
7 P_2 6 6 0 0 0 1 1 1
7 P_2 7 7 0.1156615 0.19090909090909092 0.277697 1 1 1
7 P_2 8 8 0.0377228 0.08823529411764706 0.172528 1 1 1
7 P_2 9 9 0.0526665 0.11627906976744186 0.2126065 1 1 1
7 P_2 10 10 0.112932 0.19767441860465115 0.2952445 1 1 1
7 P_2 11 11 0.096344 0.17391304347826086 0.269011 1 1 1
7 P_2 12 12 0 0 0 1 1 1
7 P_2 13 13 0 0 0 1 1 1
7 P_2 14 14 0 0 0 1 1 1
7 P_2 15 15 0.5 0.5 0.5 1 1 1
7 P_2 16 16 0.5 0.5 0.5 1 1 1
7 P_2 17 17 0 0 0 1 1 1
7 P_2 18 18 0.0506075 0.10784313725490197 0.194799 1 1 1
7 P_2 19 19 0 0 0 1 1 1
7 P_2 20 20 0 0 0 1 1 1
7 P_2 21 21 0 0 0 1 1 1
7 P_2 22 22 0.5 0.5 0.5 1 1 1
7 P_2 23 23 0.1502035 0.2391304347826087 0.3305625 1 1 1
7 P_2 24 24 0.133187 0.20833333333333334 0.2909825 1 1 1
7 P_2 25 25 0 0 0 1 1 1
7 P_2 26 26 0 0 0 1 1 1
7 P_2 27 27 0.0984965 0.16666666666666666 0.249836 1 1 1
7 P_2 28 28 0.145479 0.23 0.31879 1 1 1
7 P_2 29 29 0 0 0 1 1 1
7 P_2 30 30 0.1487955 0.23469387755102042 0.3239205 1 1 1
7 P_2 31 31 0 0 0 1 1 1
7 P_2 32 32 0.02534185 0.0673076923076923 0.1466735 1 1 1
7 P_2 33 33 0 0 0 1 1 1
7 P_2 34 34 0.5 0.5 0.5 1 1 1
7 P_2 35 35 0.1529525 0.22727272727272727 0.3053345 1 1 1
7 P_2 36 36 0.1560585 0.2403846153846154 0.3266895 1 1 1
7 P_2 37 37 0.142309 0.22549019607843138 0.313807 1 1 1
8 P_4 0 0 0.5 0.5 0.5 1 1 1
8 P_4 1 1 0 0 0 1 1 1
8 P_4 2 2 0 0 0 1 1 1
8 P_4 3 3 0 0 0 1 1 1
8 P_4 4 4 0.106066 0.1836734693877551 0.275699 1 1 1
8 P_4 5 5 0 0 0 1 1 1
8 P_4 6 6 0 0 0 1 1 1
8 P_4 7 7 0 0 0 1 1 1
8 P_4 8 8 0.5 0.5 0.5 1 1 1
8 P_4 9 9 0.0941285 0.1702127659574468 0.264317 1 1 1
8 P_4 10 10 0 0 0 1 1 1
8 P_4 11 11 0 0 0 1 1 1
8 P_4 12 12 0 0 0 1 1 1
8 P_4 13 13 0 0 0 1 1 1
8 P_4 14 14 0.129493 0.2236842105263158 0.3250955 1 1 1
8 P_4 15 15 0.5 0.5 0.5 1 1 1
8 P_4 16 16 0.5 0.5 0.5 1 1 1
8 P_4 17 17 0.144323 0.23333333333333334 0.3262635 1 1 1
8 P_4 18 18 0.0523865 0.10483870967741936 0.182587 1 1 1
8 P_4 19 19 0.136373 0.2169811320754717 0.304265 1 1 1
8 P_4 20 20 0 0 0 1 1 1
8 P_4 21 21 0 0 0 1 1 1
8 P_4 22 22 0.5 0.5 0.5 1 1 1
8 P_4 23 23 0 0 0 1 1 1
8 P_4 24 24 0 0 0 1 1 1
8 P_4 25 25 0 0 0 1 1 1
8 P_4 26 26 0 0 0 1 1 1
8 P_4 27 27 0 0 0 1 1 1
8 P_4 28 28 0 0 0 1 1 1
8 P_4 29 29 0 0 0 1 1 1
8 P_4 30 30 0 0 0 1 1 1
8 P_4 31 31 0.086206 0.1568627450980392 0.247021 1 1 1
8 P_4 32 32 0.0516685 0.11 0.1981445 1 1 1
8 P_4 33 33 0.10497 0.1792452830188679 0.267821 1 1 1
8 P_4 34 34 0.5 0.5 0.5 1 1 1
8 P_4 35 35 0 0 0 1 1 1
8 P_4 36 36 0 0 0 1 1 1
8 P_4 37 37 0 0 0 1 1 1
9 P_6 0 0 0.225203 0.30833333333333335 0.3809615 1 1 1
9 P_6 1 1 0 0 0 1 1 1
9 P_6 2 2 0.1092155 0.1951219512195122 0.2950785 1 1 1
9 P_6 3 3 0 0 0 1 1 1
9 P_6 4 4 0 0 0 1 1 1
9 P_6 5 5 0 0 0 1 1 1
9 P_6 6 6 0 0 0 1 1 1
9 P_6 7 7 0 0 0 1 1 1
9 P_6 8 8 0.2396505 0.3472222222222222 0.4268195 1 1 1
9 P_6 9 9 0 0 0 1 1 1
9 P_6 10 10 0 0 0 1 1 1
9 P_6 11 11 0 0 0 1 1 1
9 P_6 12 12 0.097952 0.17346938775510204 0.2656205 1 1 1
9 P_6 13 13 0 0 0 1 1 1
9 P_6 14 14 0 0 0 1 1 1
9 P_6 15 15 0.5 0.5 0.5 1 1 1
9 P_6 16 16 0.5 0.5 0.5 1 1 1
9 P_6 17 17 0 0 0 1 1 1
9 P_6 18 18 0 0 0 1 1 1
9 P_6 19 19 0 0 0 1 1 1
9 P_6 20 20 0 0 0 1 1 1
9 P_6 21 21 0 0 0 1 1 1
9 P_6 22 22 0.5 0.5 0.5 1 1 1
9 P_6 23 23 0 0 0 1 1 1
9 P_6 24 24 0 0 0 1 1 1
9 P_6 25 25 0 0 0 1 1 1
9 P_6 26 26 0 0 0 1 1 1
9 P_6 27 27 0 0 0 1 1 1
9 P_6 28 28 0 0 0 1 1 1
9 P_6 29 29 0.083663 0.1590909090909091 0.256328 1 1 1
9 P_6 30 30 0 0 0 1 1 1
9 P_6 31 31 0.1931155 0.2948717948717949 0.3846045 1 1 1
9 P_6 32 32 0 0 0 1 1 1
9 P_6 33 33 0.232288 0.32954545454545453 0.4077155 1 1 1
9 P_6 34 34 0.5 0.5 0.5 1 1 1
9 P_6 35 35 0 0 0 1 1 1
9 P_6 36 36 0 0 0 1 1 1
9 P_6 37 37 0 0 0 1 1 1
