5 #m
11 #n
0 P_6 0 0 0.5 0.5 0.5 1 1 1
0 P_6 1 1 0.2183255 0.2815533980582524 0.3413835 1 1 1
0 P_6 2 2 0.20188999999999999 0.2606837606837607 0.31846 1 1 1
0 P_6 3 3 0.213597 0.2766990291262136 0.336926 1 1 1
0 P_6 4 4 0.1799405 0.24056603773584906 0.30218 1 1 1
0 P_6 5 5 0.5 0.5 0.5 1 1 1
0 P_6 6 6 0 0 0 1 1 1
0 P_6 7 7 0.201715 0.2647058823529412 0.326098 1 1 1
0 P_6 8 8 0.2106185 0.2765957446808511 0.3394455 1 1 1
0 P_6 9 9 0.2158885 0.28 0.3407875 1 1 1
0 P_6 10 10 0.1499595 0.21348314606741572 0.281531 1 1 1
1 P_4 0 0 0.5 0.5 0.5 1 1 1
1 P_4 1 1 0.337803 0.3938053097345133 0.435662 1 1 1
1 P_4 2 2 0.5 0.5 0.5 1 1 1
1 P_4 3 3 0.5 0.5 0.5 1 1 1
1 P_4 4 4 0.298671 0.36627906976744184 0.4190115 1 1 1
1 P_4 5 5 0.5 0.5 0.5 1 1 1
1 P_4 6 6 0.03637975 0.0759493670886076 0.1396115 1 1 1
1 P_4 7 7 0.5 0.5 0.5 1 1 1
1 P_4 8 8 0.5 0.5 0.5 1 1 1
1 P_4 9 9 0.5 0.5 0.5 1 1 1
1 P_4 10 10 0.5 0.5 0.5 1 1 1
2 P_8 0 0 0.5 0.5 0.5 1 1 1
2 P_8 1 1 0 0 0 1 1 1
2 P_8 2 2 0.163074 0.22330097087378642 0.286403 1 1 1
2 P_8 3 3 0.0543965 0.09782608695652174 0.159491 1 1 1
2 P_8 4 4 0 0 0 1 1 1
2 P_8 5 5 0.5 0.5 0.5 1 1 1
2 P_8 6 6 0 0 0 1 1 1
2 P_8 7 7 0.060751 0.102803738317757 0.1601165 1 1 1
2 P_8 8 8 0.1609575 0.22674418604651161 0.2955085 1 1 1
2 P_8 9 9 0.0771045 0.12380952380952381 0.183843 1 1 1
2 P_8 10 10 0.080831 0.12727272727272726 0.186109 1 1 1
3 P_9 0 0 0.5 0.5 0.5 1 1 1
3 P_9 1 1 0.3043485 0.3673469387755102 0.4170985 1 1 1
3 P_9 2 2 0.394037 0.44680851063829785 0.4765405 1 1 1
3 P_9 3 3 0.2994105 0.3584070796460177 0.4067335 1 1 1
3 P_9 4 4 0.3006995 0.36666666666666664 0.418343 1 1 1
3 P_9 5 5 0.5 0.5 0.5 1 1 1
3 P_9 6 6 0 0 0 1 1 1
3 P_9 7 7 0.2391355 0.30526315789473685 0.3649595 1 1 1
3 P_9 8 8 0.376059 0.4256198347107438 0.4590275 1 1 1
3 P_9 9 9 0.32134 0.38095238095238093 0.426735 1 1 1
3 P_9 10 10 0.2825905 0.3443396226415094 0.396211 1 1 1
4 P_3 0 0 0.5 0.5 0.5 1 1 1
4 P_3 1 1 0.050922 0.09340659340659341 0.1548505 1 1 1
4 P_3 2 2 0.5 0.5 0.5 1 1 1
4 P_3 3 3 0.5 0.5 0.5 1 1 1
4 P_3 4 4 0.092161 0.1527777777777778 0.228128 1 1 1
4 P_3 5 5 0.5 0.5 0.5 1 1 1
4 P_3 6 6 0 0 0 1 1 1
4 P_3 7 7 0.5 0.5 0.5 1 1 1
4 P_3 8 8 0.5 0.5 0.5 1 1 1
4 P_3 9 9 0.5 0.5 0.5 1 1 1
4 P_3 10 10 0.5 0.5 0.5 1 1 1
