5 #m
4 #n
0 P_0 0 0 0.5 0.5 0.5 1 1 1
0 P_0 1 1 0 0 0 1 1 1
0 P_0 2 2 0 0 0 1 1 1
0 P_0 3 3 0.201056 0.2833333333333333 0.3596085 1 1 1
1 P_2 0 0 0.5 0.5 0.5 1 1 1
1 P_2 1 1 0 0 0 1 1 1
1 P_2 2 2 0 0 0 1 1 1
1 P_2 3 3 0 0 0 1 1 1
2 P_6 0 0 0.5 0.5 0.5 1 1 1
2 P_6 1 1 0 0 0 1 1 1
2 P_6 2 2 0.064323 0.12745098039215685 0.2162195 1 1 1
2 P_6 3 3 0.0542145 0.10833333333333334 0.187913 1 1 1
3 P_9 0 0 0.5 0.5 0.5 1 1 1
3 P_9 1 1 0 0 0 1 1 1
3 P_9 2 2 0.083663 0.1590909090909091 0.256328 1 1 1
3 P_9 3 3 0.277771 0.36363636363636365 0.4273295 1 1 1
4 P_7 0 0 0.5 0.5 0.5 1 1 1
4 P_7 1 1 0.0970395 0.16666666666666666 0.2520305 1 1 1
4 P_7 2 2 0 0 0 1 1 1
4 P_7 3 3 0.01210765 0.044444444444444446 0.124627 1 1 1
