10 #m
9 #n
0 P_8 0 0 0.5 0.5 0.5 1 1 1
0 P_8 1 1 0 0 0 1 1 1
0 P_8 2 2 0.5 0.5 0.5 1 1 1
0 P_8 3 3 0 0 0 1 1 1
0 P_8 4 4 0 0 0 1 1 1
0 P_8 5 5 0 0 0 1 1 1
0 P_8 6 6 0 0 0 1 1 1
0 P_8 7 7 0 0 0 1 1 1
0 P_8 8 8 0 0 0 1 1 1
1 P_4 0 0 0.5 0.5 0.5 1 1 1
1 P_4 1 1 0 0 0 1 1 1
1 P_4 2 2 0.126109 0.1836734693877551 0.248729 1 1 1
1 P_4 3 3 0 0 0 1 1 1
1 P_4 4 4 0 0 0 1 1 1
1 P_4 5 5 0 0 0 1 1 1
1 P_4 6 6 0 0 0 1 1 1
1 P_4 7 7 0 0 0 1 1 1
1 P_4 8 8 0 0 0 1 1 1
2 P_6 0 0 0.5 0.5 0.5 1 1 1
2 P_6 1 1 0.3042065 0.36538461538461536 0.4142605 1 1 1
2 P_6 2 2 0 0 0 1 1 1
2 P_6 3 3 0 0 0 1 1 1
2 P_6 4 4 0.3169115 0.375 0.420682 1 1 1
2 P_6 5 5 0.5 0.5 0.5 1 1 1
2 P_6 6 6 0.311007 0.37142857142857144 0.4190235 1 1 1
2 P_6 7 7 0.263106 0.32547169811320753 0.379934 1 1 1
2 P_6 8 8 0 0 0 1 1 1
3 P_0 0 0 0.5 0.5 0.5 1 1 1
3 P_0 1 1 0 0 0 1 1 1
3 P_0 2 2 0.05478 0.09693877551020408 0.156361 1 1 1
3 P_0 3 3 0.0704155 0.1125 0.1673485 1 1 1
3 P_0 4 4 0 0 0 1 1 1
3 P_0 5 5 0 0 0 1 1 1
3 P_0 6 6 0 0 0 1 1 1
3 P_0 7 7 0 0 0 1 1 1
3 P_0 8 8 0.0754375 0.125 0.1895525 1 1 1
4 P_2 0 0 0.5 0.5 0.5 1 1 1
4 P_2 1 1 0.1286855 0.1881720430107527 0.2550025 1 1 1
4 P_2 2 2 0.2326515 0.2961165048543689 0.3546155 1 1 1
4 P_2 3 3 0 0 0 1 1 1
4 P_2 4 4 0.1284365 0.18888888888888888 0.2568315 1 1 1
4 P_2 5 5 0.151236 0.20689655172413793 0.266695 1 1 1
4 P_2 6 6 0.1331385 0.19642857142857142 0.266733 1 1 1
4 P_2 7 7 0.1712745 0.234375 0.299276 1 1 1
4 P_2 8 8 0 0 0 1 1 1
5 P_3 0 0 0.5 0.5 0.5 1 1 1
5 P_3 1 1 0 0 0 1 1 1
5 P_3 2 2 0.0694595 0.11428571428571428 0.1734435 1 1 1
5 P_3 3 3 0 0 0 1 1 1
5 P_3 4 4 0 0 0 1 1 1
5 P_3 5 5 0 0 0 1 1 1
5 P_3 6 6 0 0 0 1 1 1
5 P_3 7 7 0 0 0 1 1 1
5 P_3 8 8 0 0 0 1 1 1
6 P_5 0 0 0.5 0.5 0.5 1 1 1
6 P_5 1 1 0 0 0 1 1 1
6 P_5 2 2 0.5 0.5 0.5 1 1 1
6 P_5 3 3 0 0 0 1 1 1
6 P_5 4 4 0 0 0 1 1 1
6 P_5 5 5 0 0 0 1 1 1
6 P_5 6 6 0 0 0 1 1 1
6 P_5 7 7 0 0 0 1 1 1
6 P_5 8 8 0 0 0 1 1 1
7 P_7 0 0 0.5 0.5 0.5 1 1 1
7 P_7 1 1 0 0 0 1 1 1
7 P_7 2 2 0 0 0 1 1 1
7 P_7 3 3 0 0 0 1 1 1
7 P_7 4 4 0 0 0 1 1 1
7 P_7 5 5 0.215779 0.2875 0.3540765 1 1 1
7 P_7 6 6 0.0249886 0.054455445544554455 0.1052955 1 1 1
7 P_7 7 7 0 0 0 1 1 1
7 P_7 8 8 0 0 0 1 1 1
8 P_1 0 0 0.5 0.5 0.5 1 1 1
8 P_1 1 1 0 0 0 1 1 1
8 P_1 2 2 0.262838 0.32673267326732675 0.382209 1 1 1
8 P_1 3 3 0 0 0 1 1 1
8 P_1 4 4 0 0 0 1 1 1
8 P_1 5 5 0 0 0 1 1 1
8 P_1 6 6 0 0 0 1 1 1
8 P_1 7 7 0 0 0 1 1 1
8 P_1 8 8 0 0 0 1 1 1
9 P_9 0 0 0.5 0.5 0.5 1 1 1
9 P_9 1 1 0.285714 0.3476190476190476 0.3992095 1 1 1
9 P_9 2 2 0.077882 0.125 0.185443 1 1 1
9 P_9 3 3 0.0557085 0.0970873786407767 0.154908 1 1 1
9 P_9 4 4 0.199547 0.2621359223300971 0.323418 1 1 1
9 P_9 5 5 0.2427995 0.3069306930693069 0.364815 1 1 1
9 P_9 6 6 0.2555485 0.3177570093457944 0.372933 1 1 1
9 P_9 7 7 0.2883855 0.3482142857142857 0.398292 1 1 1
9 P_9 8 8 0.04388935 0.08247422680412371 0.14013 1 1 1
