2 #m
38 #n
0 P_1 0 0 0.5 0.5 0.5 1 1 1
0 P_1 1 1 0.30116 0.37333333333333335 0.427535 1 1 1
0 P_1 2 2 0 0 0 1 1 1
0 P_1 3 3 0.296483 0.36585365853658536 0.4197135 1 1 1
0 P_1 4 4 0 0 0 1 1 1
0 P_1 5 5 0 0 0 1 1 1
0 P_1 6 6 0 0 0 1 1 1
0 P_1 7 7 0 0 0 1 1 1
0 P_1 8 8 0 0 0 1 1 1
0 P_1 9 9 0 0 0 1 1 1
0 P_1 10 10 0.0870755 0.1377551020408163 0.2011065 1 1 1
0 P_1 11 11 0.090994 0.14361702127659576 0.208741 1 1 1
0 P_1 12 12 0 0 0 1 1 1
0 P_1 13 13 0.0945075 0.14646464646464646 0.2099985 1 1 1
0 P_1 14 14 0 0 0 1 1 1
0 P_1 15 15 0.5 0.5 0.5 1 1 1
0 P_1 16 16 0.5 0.5 0.5 1 1 1
0 P_1 17 17 0.5 0.5 0.5 1 1 1
0 P_1 18 18 0.107107 0.16477272727272727 0.2331095 1 1 1
0 P_1 19 19 0 0 0 1 1 1
0 P_1 20 20 0.0940185 0.14942528735632185 0.217561 1 1 1
0 P_1 21 21 0.082409 0.1375 0.2080125 1 1 1
0 P_1 22 22 0.5 0.5 0.5 1 1 1
0 P_1 23 23 0 0 0 1 1 1
0 P_1 24 24 0 0 0 1 1 1
0 P_1 25 25 0.089912 0.13675213675213677 0.1943695 1 1 1
0 P_1 26 26 0 0 0 1 1 1
0 P_1 27 27 0 0 0 1 1 1
0 P_1 28 28 0 0 0 1 1 1
0 P_1 29 29 0 0 0 1 1 1
0 P_1 30 30 0 0 0 1 1 1
0 P_1 31 31 0.5 0.5 0.5 1 1 1
0 P_1 32 32 0.0605605 0.10674157303370786 0.170648 1 1 1
0 P_1 33 33 0 0 0 1 1 1
0 P_1 34 34 0 0 0 1 1 1
0 P_1 35 35 0 0 0 1 1 1
0 P_1 36 36 0.0813815 0.13157894736842105 0.195549 1 1 1
0 P_1 37 37 0.0565805 0.09722222222222222 0.1535585 1 1 1
1 P_0 0 0 0.5 0.5 0.5 1 1 1
1 P_0 1 1 0 0 0 1 1 1
1 P_0 2 2 0 0 0 1 1 1
1 P_0 3 3 0 0 0 1 1 1
1 P_0 4 4 0 0 0 1 1 1
1 P_0 5 5 0 0 0 1 1 1
1 P_0 6 6 0 0 0 1 1 1
1 P_0 7 7 0 0 0 1 1 1
1 P_0 8 8 0 0 0 1 1 1
1 P_0 9 9 0 0 0 1 1 1
1 P_0 10 10 0.5 0.5 0.5 1 1 1
1 P_0 11 11 0.5 0.5 0.5 1 1 1
1 P_0 12 12 0 0 0 1 1 1
1 P_0 13 13 0.5 0.5 0.5 1 1 1
1 P_0 14 14 0 0 0 1 1 1
1 P_0 15 15 0.5 0.5 0.5 1 1 1
1 P_0 16 16 0.5 0.5 0.5 1 1 1
1 P_0 17 17 0.5 0.5 0.5 1 1 1
1 P_0 18 18 0.5 0.5 0.5 1 1 1
1 P_0 19 19 0 0 0 1 1 1
1 P_0 20 20 0.5 0.5 0.5 1 1 1
1 P_0 21 21 0.5 0.5 0.5 1 1 1
1 P_0 22 22 0.5 0.5 0.5 1 1 1
1 P_0 23 23 0 0 0 1 1 1
1 P_0 24 24 0 0 0 1 1 1
1 P_0 25 25 0.5 0.5 0.5 1 1 1
1 P_0 26 26 0 0 0 1 1 1
1 P_0 27 27 0 0 0 1 1 1
1 P_0 28 28 0 0 0 1 1 1
1 P_0 29 29 0 0 0 1 1 1
1 P_0 30 30 0 0 0 1 1 1
1 P_0 31 31 0.5 0.5 0.5 1 1 1
1 P_0 32 32 0.5 0.5 0.5 1 1 1
1 P_0 33 33 0 0 0 1 1 1
1 P_0 34 34 0 0 0 1 1 1
1 P_0 35 35 0 0 0 1 1 1
1 P_0 36 36 0.5 0.5 0.5 1 1 1
1 P_0 37 37 0.5 0.5 0.5 1 1 1
