5 #m
70 #n
0 P_3 0 0 0.0313006 0.06372549019607843 0.1163355 1 1 1
0 P_3 1 1 0.5 0.5 0.5 1 1 1
0 P_3 2 2 0.070158 0.11538461538461539 0.1749585 1 1 1
0 P_3 3 3 0.0530915 0.09405940594059406 0.1521125 1 1 1
0 P_3 4 4 0.060853 0.10176991150442478 0.157266 1 1 1
0 P_3 5 5 0 0 0 1 1 1
0 P_3 6 6 0.04797955 0.0898876404494382 0.151595 1 1 1
0 P_3 7 7 0.1221795 0.17567567567567569 0.236617 1 1 1
0 P_3 8 8 0.1908005 0.2552083333333333 0.319016 1 1 1
0 P_3 9 9 0.5 0.5 0.5 1 1 1
0 P_3 10 10 0.11417 0.16826923076923078 0.231086 1 1 1
0 P_3 11 11 0 0 0 1 1 1
0 P_3 12 12 0.5 0.5 0.5 1 1 1
0 P_3 13 13 0.1171375 0.17142857142857143 0.2340235 1 1 1
0 P_3 14 14 0 0 0 1 1 1
0 P_3 15 15 0.5 0.5 0.5 1 1 1
0 P_3 16 16 0 0 0 1 1 1
0 P_3 17 17 0.02269285 0.04954954954954955 0.0964065 1 1 1
0 P_3 18 18 0.0309509 0.06140350877192982 0.110216 1 1 1
0 P_3 19 19 0 0 0 1 1 1
0 P_3 20 20 0.038267 0.07083333333333333 0.120009 1 1 1
0 P_3 21 21 0.5 0.5 0.5 1 1 1
0 P_3 22 22 0.5 0.5 0.5 1 1 1
0 P_3 23 23 0.0809765 0.12857142857142856 0.188993 1 1 1
0 P_3 24 24 0.1333145 0.19444444444444445 0.262384 1 1 1
0 P_3 25 25 0 0 0 1 1 1
0 P_3 26 26 0 0 0 1 1 1
0 P_3 27 27 0.03992295 0.07865168539325842 0.1385575 1 1 1
0 P_3 28 28 0 0 0 1 1 1
0 P_3 29 29 0 0 0 1 1 1
0 P_3 30 30 0 0 0 1 1 1
0 P_3 31 31 0.0582325 0.10625 0.173957 1 1 1
0 P_3 32 32 0 0 0 1 1 1
0 P_3 33 33 0 0 0 1 1 1
0 P_3 34 34 0.132693 0.18807339449541285 0.2497675 1 1 1
0 P_3 35 35 0.0430634 0.0794392523364486 0.1334825 1 1 1
0 P_3 36 36 0 0 0 1 1 1
0 P_3 37 37 0 0 0 1 1 1
0 P_3 38 38 0.5 0.5 0.5 1 1 1
0 P_3 39 39 0.5 0.5 0.5 1 1 1
0 P_3 40 40 0.1052545 0.15979381443298968 0.2246205 1 1 1
0 P_3 41 41 0 0 0 1 1 1
0 P_3 42 42 0.11905 0.175 0.2392575 1 1 1
0 P_3 43 43 0.5 0.5 0.5 1 1 1
0 P_3 44 44 0.04683645 0.08333333333333333 0.136074 1 1 1
0 P_3 45 45 0 0 0 1 1 1
0 P_3 46 46 0 0 0 1 1 1
0 P_3 47 47 0 0 0 1 1 1
0 P_3 48 48 0.090994 0.14361702127659576 0.208741 1 1 1
0 P_3 49 49 0 0 0 1 1 1
0 P_3 50 50 0 0 0 1 1 1
0 P_3 51 51 0.047429 0.08571428571428572 0.1413335 1 1 1
0 P_3 52 52 0 0 0 1 1 1
0 P_3 53 53 0 0 0 1 1 1
0 P_3 54 54 0 0 0 1 1 1
0 P_3 55 55 0.047427 0.08888888888888889 0.150061 1 1 1
0 P_3 56 56 0 0 0 1 1 1
0 P_3 57 57 0.051504 0.09134615384615384 0.1480865 1 1 1
0 P_3 58 58 0 0 0 1 1 1
0 P_3 59 59 0 0 0 1 1 1
0 P_3 60 60 0.112107 0.16842105263157894 0.234227 1 1 1
0 P_3 61 61 0.5 0.5 0.5 1 1 1
0 P_3 62 62 0.112565 0.1651376146788991 0.2263605 1 1 1
0 P_3 63 63 0 0 0 1 1 1
0 P_3 64 64 0.04342665 0.08163265306122448 0.138817 1 1 1
0 P_3 65 65 0 0 0 1 1 1
0 P_3 66 66 0 0 0 1 1 1
0 P_3 67 67 0 0 0 1 1 1
0 P_3 68 68 0.1949085 0.25728155339805825 0.31887 1 1 1
0 P_3 69 69 0.3518515 0.41379310344827586 0.4550395 1 1 1
1 P_5 0 0 0.3694225 0.42777777777777776 0.4644035 1 1 1
1 P_5 1 1 0.5 0.5 0.5 1 1 1
1 P_5 2 2 0 0 0 1 1 1
1 P_5 3 3 0 0 0 1 1 1
1 P_5 4 4 0.302538 0.36597938144329895 0.4161985 1 1 1
1 P_5 5 5 0 0 0 1 1 1
1 P_5 6 6 0.360023 0.41304347826086957 0.4503045 1 1 1
1 P_5 7 7 0.0373256 0.07368421052631578 0.13051 1 1 1
1 P_5 8 8 0.3646035 0.421875 0.459389 1 1 1
1 P_5 9 9 0.5 0.5 0.5 1 1 1
1 P_5 10 10 0.02600225 0.058823529411764705 0.1162945 1 1 1
1 P_5 11 11 0 0 0 1 1 1
1 P_5 12 12 0.5 0.5 0.5 1 1 1
1 P_5 13 13 0.0779275 0.12626262626262627 0.1884285 1 1 1
1 P_5 14 14 0 0 0 1 1 1
1 P_5 15 15 0.5 0.5 0.5 1 1 1
1 P_5 16 16 0 0 0 1 1 1
1 P_5 17 17 0.370926 0.43209876543209874 0.468671 1 1 1
1 P_5 18 18 0 0 0 1 1 1
1 P_5 19 19 0 0 0 1 1 1
1 P_5 20 20 0.371984 0.4252336448598131 0.460336 1 1 1
1 P_5 21 21 0.5 0.5 0.5 1 1 1
1 P_5 22 22 0.5 0.5 0.5 1 1 1
1 P_5 23 23 0 0 0 1 1 1
1 P_5 24 24 0.083026 0.13690476190476192 0.205582 1 1 1
1 P_5 25 25 0 0 0 1 1 1
1 P_5 26 26 0 0 0 1 1 1
1 P_5 27 27 0 0 0 1 1 1
1 P_5 28 28 0 0 0 1 1 1
1 P_5 29 29 0 0 0 1 1 1
1 P_5 30 30 0 0 0 1 1 1
1 P_5 31 31 0 0 0 1 1 1
1 P_5 32 32 0 0 0 1 1 1
1 P_5 33 33 0 0 0 1 1 1
1 P_5 34 34 0.04584325 0.08602150537634409 0.1456385 1 1 1
1 P_5 35 35 0 0 0 1 1 1
1 P_5 36 36 0 0 0 1 1 1
1 P_5 37 37 0 0 0 1 1 1
1 P_5 38 38 0.5 0.5 0.5 1 1 1
1 P_5 39 39 0.5 0.5 0.5 1 1 1
1 P_5 40 40 0.064516 0.10891089108910891 0.16877 1 1 1
1 P_5 41 41 0 0 0 1 1 1
1 P_5 42 42 0.0360087 0.07303370786516854 0.1319225 1 1 1
1 P_5 43 43 0.5 0.5 0.5 1 1 1
1 P_5 44 44 0 0 0 1 1 1
1 P_5 45 45 0 0 0 1 1 1
1 P_5 46 46 0 0 0 1 1 1
1 P_5 47 47 0 0 0 1 1 1
1 P_5 48 48 0.03815075 0.07352941176470588 0.1280425 1 1 1
1 P_5 49 49 0 0 0 1 1 1
1 P_5 50 50 0 0 0 1 1 1
1 P_5 51 51 0.397538 0.44711538461538464 0.4757475 1 1 1
1 P_5 52 52 0 0 0 1 1 1
1 P_5 53 53 0 0 0 1 1 1
1 P_5 54 54 0 0 0 1 1 1
1 P_5 55 55 0 0 0 1 1 1
1 P_5 56 56 0 0 0 1 1 1
1 P_5 57 57 0.3671465 0.42346938775510207 0.460244 1 1 1
1 P_5 58 58 0 0 0 1 1 1
1 P_5 59 59 0 0 0 1 1 1
1 P_5 60 60 0.3777775 0.43137254901960786 0.465307 1 1 1
1 P_5 61 61 0.5 0.5 0.5 1 1 1
1 P_5 62 62 0.0540725 0.09433962264150944 0.1508865 1 1 1
1 P_5 63 63 0 0 0 1 1 1
1 P_5 64 64 0 0 0 1 1 1
1 P_5 65 65 0 0 0 1 1 1
1 P_5 66 66 0 0 0 1 1 1
1 P_5 67 67 0 0 0 1 1 1
1 P_5 68 68 0.323054 0.3902439024390244 0.4386685 1 1 1
1 P_5 69 69 0.5 0.5 0.5 1 1 1
2 P_0 0 0 0.2658595 0.33 0.3852795 1 1 1
2 P_0 1 1 0.5 0.5 0.5 1 1 1
2 P_0 2 2 0.061942 0.10606060606060606 0.166261 1 1 1
2 P_0 3 3 0 0 0 1 1 1
2 P_0 4 4 0.275015 0.34269662921348315 0.3988975 1 1 1
2 P_0 5 5 0 0 0 1 1 1
2 P_0 6 6 0 0 0 1 1 1
2 P_0 7 7 0 0 0 1 1 1
2 P_0 8 8 0.5 0.5 0.5 1 1 1
2 P_0 9 9 0.5 0.5 0.5 1 1 1
2 P_0 10 10 0 0 0 1 1 1
2 P_0 11 11 0 0 0 1 1 1
2 P_0 12 12 0.5 0.5 0.5 1 1 1
2 P_0 13 13 0 0 0 1 1 1
2 P_0 14 14 0.03858055 0.07608695652173914 0.134414 1 1 1
2 P_0 15 15 0.5 0.5 0.5 1 1 1
2 P_0 16 16 0.02296065 0.052083333333333336 0.1039105 1 1 1
2 P_0 17 17 0.2930775 0.35267857142857145 0.4020855 1 1 1
2 P_0 18 18 0 0 0 1 1 1
2 P_0 19 19 0 0 0 1 1 1
2 P_0 20 20 0 0 0 1 1 1
2 P_0 21 21 0.5 0.5 0.5 1 1 1
2 P_0 22 22 0.5 0.5 0.5 1 1 1
2 P_0 23 23 0 0 0 1 1 1
2 P_0 24 24 0 0 0 1 1 1
2 P_0 25 25 0.0626015 0.10714285714285714 0.167802 1 1 1
2 P_0 26 26 0.0424353 0.08152173913043478 0.140784 1 1 1
2 P_0 27 27 0 0 0 1 1 1
2 P_0 28 28 0 0 0 1 1 1
2 P_0 29 29 0 0 0 1 1 1
2 P_0 30 30 0 0 0 1 1 1
2 P_0 31 31 0 0 0 1 1 1
2 P_0 32 32 0 0 0 1 1 1
2 P_0 33 33 0.258296 0.32075471698113206 0.3758035 1 1 1
2 P_0 34 34 0 0 0 1 1 1
2 P_0 35 35 0 0 0 1 1 1
2 P_0 36 36 0.055513 0.09545454545454546 0.150993 1 1 1
2 P_0 37 37 0.2668905 0.3352272727272727 0.392893 1 1 1
2 P_0 38 38 0.5 0.5 0.5 1 1 1
2 P_0 39 39 0.5 0.5 0.5 1 1 1
2 P_0 40 40 0 0 0 1 1 1
2 P_0 41 41 0.03859765 0.07142857142857142 0.1209485 1 1 1
2 P_0 42 42 0 0 0 1 1 1
2 P_0 43 43 0.5 0.5 0.5 1 1 1
2 P_0 44 44 0 0 0 1 1 1
2 P_0 45 45 0.0313006 0.06372549019607843 0.1163355 1 1 1
2 P_0 46 46 0 0 0 1 1 1
2 P_0 47 47 0 0 0 1 1 1
2 P_0 48 48 0 0 0 1 1 1
2 P_0 49 49 0.04367125 0.0778688524590164 0.127776 1 1 1
2 P_0 50 50 0 0 0 1 1 1
2 P_0 51 51 0 0 0 1 1 1
2 P_0 52 52 0 0 0 1 1 1
2 P_0 53 53 0 0 0 1 1 1
2 P_0 54 54 0.01639515 0.041237113402061855 0.089755 1 1 1
2 P_0 55 55 0.0883245 0.13445378151260504 0.1914005 1 1 1
2 P_0 56 56 0 0 0 1 1 1
2 P_0 57 57 0 0 0 1 1 1
2 P_0 58 58 0.04166965 0.0784313725490196 0.133801 1 1 1
2 P_0 59 59 0 0 0 1 1 1
2 P_0 60 60 0.25727 0.3229166666666667 0.3801635 1 1 1
2 P_0 61 61 0.5 0.5 0.5 1 1 1
2 P_0 62 62 0 0 0 1 1 1
2 P_0 63 63 0 0 0 1 1 1
2 P_0 64 64 0 0 0 1 1 1
2 P_0 65 65 0.265773 0.33157894736842103 0.387893 1 1 1
2 P_0 66 66 0 0 0 1 1 1
2 P_0 67 67 0.0325549 0.06818181818181818 0.126508 1 1 1
2 P_0 68 68 0.5 0.5 0.5 1 1 1
2 P_0 69 69 0.5 0.5 0.5 1 1 1
3 P_7 0 0 0 0 0 1 1 1
3 P_7 1 1 0.5 0.5 0.5 1 1 1
3 P_7 2 2 0.0313006 0.06372549019607843 0.1163355 1 1 1
3 P_7 3 3 0 0 0 1 1 1
3 P_7 4 4 0 0 0 1 1 1
3 P_7 5 5 0 0 0 1 1 1
3 P_7 6 6 0 0 0 1 1 1
3 P_7 7 7 0 0 0 1 1 1
3 P_7 8 8 0.191901 0.25 0.308099 1 1 1
3 P_7 9 9 0.5 0.5 0.5 1 1 1
3 P_7 10 10 0 0 0 1 1 1
3 P_7 11 11 0 0 0 1 1 1
3 P_7 12 12 0.5 0.5 0.5 1 1 1
3 P_7 13 13 0.173902 0.23529411764705882 0.298285 1 1 1
3 P_7 14 14 0 0 0 1 1 1
3 P_7 15 15 0.5 0.5 0.5 1 1 1
3 P_7 16 16 0 0 0 1 1 1
3 P_7 17 17 0 0 0 1 1 1
3 P_7 18 18 0 0 0 1 1 1
3 P_7 19 19 0 0 0 1 1 1
3 P_7 20 20 0 0 0 1 1 1
3 P_7 21 21 0.5 0.5 0.5 1 1 1
3 P_7 22 22 0.5 0.5 0.5 1 1 1
3 P_7 23 23 0 0 0 1 1 1
3 P_7 24 24 0 0 0 1 1 1
3 P_7 25 25 0 0 0 1 1 1
3 P_7 26 26 0 0 0 1 1 1
3 P_7 27 27 0 0 0 1 1 1
3 P_7 28 28 0 0 0 1 1 1
3 P_7 29 29 0 0 0 1 1 1
3 P_7 30 30 0 0 0 1 1 1
3 P_7 31 31 0 0 0 1 1 1
3 P_7 32 32 0 0 0 1 1 1
3 P_7 33 33 0 0 0 1 1 1
3 P_7 34 34 0 0 0 1 1 1
3 P_7 35 35 0 0 0 1 1 1
3 P_7 36 36 0 0 0 1 1 1
3 P_7 37 37 0 0 0 1 1 1
3 P_7 38 38 0.5 0.5 0.5 1 1 1
3 P_7 39 39 0.5 0.5 0.5 1 1 1
3 P_7 40 40 0 0 0 1 1 1
3 P_7 41 41 0 0 0 1 1 1
3 P_7 42 42 0.1529535 0.21951219512195122 0.290156 1 1 1
3 P_7 43 43 0.5 0.5 0.5 1 1 1
3 P_7 44 44 0 0 0 1 1 1
3 P_7 45 45 0 0 0 1 1 1
3 P_7 46 46 0 0 0 1 1 1
3 P_7 47 47 0 0 0 1 1 1
3 P_7 48 48 0.139908 0.20224719101123595 0.2705025 1 1 1
3 P_7 49 49 0 0 0 1 1 1
3 P_7 50 50 0 0 0 1 1 1
3 P_7 51 51 0 0 0 1 1 1
3 P_7 52 52 0 0 0 1 1 1
3 P_7 53 53 0.184379 0.24528301886792453 0.306681 1 1 1
3 P_7 54 54 0 0 0 1 1 1
3 P_7 55 55 0.04388935 0.08247422680412371 0.14013 1 1 1
3 P_7 56 56 0 0 0 1 1 1
3 P_7 57 57 0 0 0 1 1 1
3 P_7 58 58 0 0 0 1 1 1
3 P_7 59 59 0 0 0 1 1 1
3 P_7 60 60 0.1349815 0.1956521739130435 0.2628455 1 1 1
3 P_7 61 61 0.5 0.5 0.5 1 1 1
3 P_7 62 62 0 0 0 1 1 1
3 P_7 63 63 0 0 0 1 1 1
3 P_7 64 64 0 0 0 1 1 1
3 P_7 65 65 0 0 0 1 1 1
3 P_7 66 66 0.1425125 0.20098039215686275 0.2647765 1 1 1
3 P_7 67 67 0 0 0 1 1 1
3 P_7 68 68 0.234262 0.3010752688172043 0.361822 1 1 1
3 P_7 69 69 0.5 0.5 0.5 1 1 1
4 P_6 0 0 0.0820585 0.1271186440677966 0.183776 1 1 1
4 P_6 1 1 0.5 0.5 0.5 1 1 1
4 P_6 2 2 0 0 0 1 1 1
4 P_6 3 3 0.0646665 0.11052631578947368 0.1726 1 1 1
4 P_6 4 4 0.0755945 0.12149532710280374 0.1807235 1 1 1
4 P_6 5 5 0 0 0 1 1 1
4 P_6 6 6 0.05155 0.09009009009009009 0.144626 1 1 1
4 P_6 7 7 0.195781 0.2570093457943925 0.31751 1 1 1
4 P_6 8 8 0.04651265 0.08411214953271028 0.1388985 1 1 1
4 P_6 9 9 0.5 0.5 0.5 1 1 1
4 P_6 10 10 0.2130045 0.2808988764044944 0.344965 1 1 1
4 P_6 11 11 0 0 0 1 1 1
4 P_6 12 12 0.5 0.5 0.5 1 1 1
4 P_6 13 13 0.2102195 0.2784090909090909 0.3430405 1 1 1
4 P_6 14 14 0 0 0 1 1 1
4 P_6 15 15 0.5 0.5 0.5 1 1 1
4 P_6 16 16 0 0 0 1 1 1
4 P_6 17 17 0.07712 0.12272727272727273 0.1811875 1 1 1
4 P_6 18 18 0.09253 0.14356435643564355 0.2062725 1 1 1
4 P_6 19 19 0 0 0 1 1 1
4 P_6 20 20 0.067234 0.10964912280701754 0.1657545 1 1 1
4 P_6 21 21 0.5 0.5 0.5 1 1 1
4 P_6 22 22 0.5 0.5 0.5 1 1 1
4 P_6 23 23 0.104838 0.15714285714285714 0.21926 1 1 1
4 P_6 24 24 0.1753115 0.23423423423423423 0.294737 1 1 1
4 P_6 25 25 0 0 0 1 1 1
4 P_6 26 26 0 0 0 1 1 1
4 P_6 27 27 0.0763545 0.12790697674418605 0.1950775 1 1 1
4 P_6 28 28 0 0 0 1 1 1
4 P_6 29 29 0 0 0 1 1 1
4 P_6 30 30 0 0 0 1 1 1
4 P_6 31 31 0.107287 0.16161616161616163 0.2258295 1 1 1
4 P_6 32 32 0 0 0 1 1 1
4 P_6 33 33 0 0 0 1 1 1
4 P_6 34 34 0.244008 0.30660377358490565 0.363271 1 1 1
4 P_6 35 35 0.0568795 0.09649122807017543 0.1510715 1 1 1
4 P_6 36 36 0 0 0 1 1 1
4 P_6 37 37 0 0 0 1 1 1
4 P_6 38 38 0.5 0.5 0.5 1 1 1
4 P_6 39 39 0.5 0.5 0.5 1 1 1
4 P_6 40 40 0.2286905 0.29473684210526313 0.3555765 1 1 1
4 P_6 41 41 0 0 0 1 1 1
4 P_6 42 42 0.238631 0.3081395348837209 0.370205 1 1 1
4 P_6 43 43 0.5 0.5 0.5 1 1 1
4 P_6 44 44 0.0807115 0.13186813186813187 0.197342 1 1 1
4 P_6 45 45 0 0 0 1 1 1
4 P_6 46 46 0 0 0 1 1 1
4 P_6 47 47 0 0 0 1 1 1
4 P_6 48 48 0.1908005 0.2552083333333333 0.319016 1 1 1
4 P_6 49 49 0 0 0 1 1 1
4 P_6 50 50 0 0 0 1 1 1
4 P_6 51 51 0.050922 0.09340659340659341 0.1548505 1 1 1
4 P_6 52 52 0 0 0 1 1 1
4 P_6 53 53 0 0 0 1 1 1
4 P_6 54 54 0 0 0 1 1 1
4 P_6 55 55 0 0 0 1 1 1
4 P_6 56 56 0 0 0 1 1 1
4 P_6 57 57 0.044845 0.08421052631578947 0.1428315 1 1 1
4 P_6 58 58 0 0 0 1 1 1
4 P_6 59 59 0 0 0 1 1 1
4 P_6 60 60 0.0506055 0.08849557522123894 0.142264 1 1 1
4 P_6 61 61 0.5 0.5 0.5 1 1 1
4 P_6 62 62 0.149158 0.21052631578947367 0.276489 1 1 1
4 P_6 63 63 0 0 0 1 1 1
4 P_6 64 64 0.1058235 0.16292134831460675 0.2308045 1 1 1
4 P_6 65 65 0 0 0 1 1 1
4 P_6 66 66 0 0 0 1 1 1
4 P_6 67 67 0 0 0 1 1 1
4 P_6 68 68 0.047427 0.08888888888888889 0.150061 1 1 1
4 P_6 69 69 0.3129295 0.3737864077669903 0.421324 1 1 1
