10 #m
6 #n
0 P_0 0 0 0.5 0.5 0.5 1 1 1
0 P_0 1 1 0.016269 0.052083333333333336 0.131408 1 1 1
0 P_0 2 2 0.02354785 0.058823529411764705 0.1245435 1 1 1
0 P_0 3 3 0.0410639 0.09574468085106383 0.185173 1 1 1
0 P_0 4 4 0.03967855 0.0975609756097561 0.1943475 1 1 1
0 P_0 5 5 0.130919 0.20909090909090908 0.2952535 1 1 1
1 P_2 0 0 0.5 0.5 0.5 1 1 1
1 P_2 1 1 0 0 0 1 1 1
1 P_2 2 2 0 0 0 1 1 1
1 P_2 3 3 0 0 0 1 1 1
1 P_2 4 4 0 0 0 1 1 1
1 P_2 5 5 0.5 0.5 0.5 1 1 1
2 P_9 0 0 0.5 0.5 0.5 1 1 1
2 P_9 1 1 0 0 0 1 1 1
2 P_9 2 2 0 0 0 1 1 1
2 P_9 3 3 0 0 0 1 1 1
2 P_9 4 4 0 0 0 1 1 1
2 P_9 5 5 0 0 0 1 1 1
3 P_8 0 0 0.5 0.5 0.5 1 1 1
3 P_8 1 1 0 0 0 1 1 1
3 P_8 2 2 0 0 0 1 1 1
3 P_8 3 3 0 0 0 1 1 1
3 P_8 4 4 0 0 0 1 1 1
3 P_8 5 5 0 0 0 1 1 1
4 P_6 0 0 0.5 0.5 0.5 1 1 1
4 P_6 1 1 0 0 0 1 1 1
4 P_6 2 2 0 0 0 1 1 1
4 P_6 3 3 0 0 0 1 1 1
4 P_6 4 4 0 0 0 1 1 1
4 P_6 5 5 0.0216869 0.0625 0.144607 1 1 1
5 P_3 0 0 0.5 0.5 0.5 1 1 1
5 P_3 1 1 0 0 0 1 1 1
5 P_3 2 2 0 0 0 1 1 1
5 P_3 3 3 0 0 0 1 1 1
5 P_3 4 4 0 0 0 1 1 1
5 P_3 5 5 0 0 0 1 1 1
6 P_1 0 0 0.5 0.5 0.5 1 1 1
6 P_1 1 1 0 0 0 1 1 1
6 P_1 2 2 0 0 0 1 1 1
6 P_1 3 3 0 0 0 1 1 1
6 P_1 4 4 0 0 0 1 1 1
6 P_1 5 5 0.3018555 0.39 0.4483315 1 1 1
7 P_5 0 0 0.5 0.5 0.5 1 1 1
7 P_5 1 1 0 0 0 1 1 1
7 P_5 2 2 0 0 0 1 1 1
7 P_5 3 3 0 0 0 1 1 1
7 P_5 4 4 0 0 0 1 1 1
7 P_5 5 5 0.0399685 0.08928571428571429 0.169378 1 1 1
8 P_7 0 0 0.5 0.5 0.5 1 1 1
8 P_7 1 1 0 0 0 1 1 1
8 P_7 2 2 0 0 0 1 1 1
8 P_7 3 3 0 0 0 1 1 1
8 P_7 4 4 0.0064856 0.028846153846153848 0.0960495 1 1 1
8 P_7 5 5 0 0 0 1 1 1
9 P_4 0 0 0.5 0.5 0.5 1 1 1
9 P_4 1 1 0 0 0 1 1 1
9 P_4 2 2 0 0 0 1 1 1
9 P_4 3 3 0 0 0 1 1 1
9 P_4 4 4 0 0 0 1 1 1
9 P_4 5 5 0 0 0 1 1 1
