2 #m
38 #n
0 P_1 0 0 0.5 0.5 0.5 1 1 1
0 P_1 1 1 0.226133 0.32222222222222224 0.4013325 1 1 1
0 P_1 2 2 0 0 0 1 1 1
0 P_1 3 3 0.330371 0.41346153846153844 0.463029 1 1 1
0 P_1 4 4 0 0 0 1 1 1
0 P_1 5 5 0 0 0 1 1 1
0 P_1 6 6 0 0 0 1 1 1
0 P_1 7 7 0 0 0 1 1 1
0 P_1 8 8 0 0 0 1 1 1
0 P_1 9 9 0 0 0 1 1 1
0 P_1 10 10 0.076218 0.14583333333333334 0.238511 1 1 1
0 P_1 11 11 0.0741005 0.1388888888888889 0.2257315 1 1 1
0 P_1 12 12 0 0 0 1 1 1
0 P_1 13 13 0.078751 0.14705882352941177 0.2369165 1 1 1
0 P_1 14 14 0 0 0 1 1 1
0 P_1 15 15 0.5 0.5 0.5 1 1 1
0 P_1 16 16 0.5 0.5 0.5 1 1 1
0 P_1 17 17 0.5 0.5 0.5 1 1 1
0 P_1 18 18 0.0710635 0.14864864864864866 0.2546835 1 1 1
0 P_1 19 19 0 0 0 1 1 1
0 P_1 20 20 0.0458962 0.09821428571428571 0.179613 1 1 1
0 P_1 21 21 0.079766 0.15217391304347827 0.247109 1 1 1
0 P_1 22 22 0.5 0.5 0.5 1 1 1
0 P_1 23 23 0 0 0 1 1 1
0 P_1 24 24 0 0 0 1 1 1
0 P_1 25 25 0.0832645 0.14912280701754385 0.2340245 1 1 1
0 P_1 26 26 0 0 0 1 1 1
0 P_1 27 27 0 0 0 1 1 1
0 P_1 28 28 0 0 0 1 1 1
0 P_1 29 29 0 0 0 1 1 1
0 P_1 30 30 0 0 0 1 1 1
0 P_1 31 31 0.5 0.5 0.5 1 1 1
0 P_1 32 32 0.0479743 0.10638297872340426 0.197163 1 1 1
0 P_1 33 33 0 0 0 1 1 1
0 P_1 34 34 0 0 0 1 1 1
0 P_1 35 35 0 0 0 1 1 1
0 P_1 36 36 0.120833 0.19642857142857142 0.2823125 1 1 1
0 P_1 37 37 0.1103745 0.18518518518518517 0.2728715 1 1 1
1 P_0 0 0 0.5 0.5 0.5 1 1 1
1 P_0 1 1 0 0 0 1 1 1
1 P_0 2 2 0 0 0 1 1 1
1 P_0 3 3 0 0 0 1 1 1
1 P_0 4 4 0 0 0 1 1 1
1 P_0 5 5 0 0 0 1 1 1
1 P_0 6 6 0 0 0 1 1 1
1 P_0 7 7 0 0 0 1 1 1
1 P_0 8 8 0 0 0 1 1 1
1 P_0 9 9 0 0 0 1 1 1
1 P_0 10 10 0.5 0.5 0.5 1 1 1
1 P_0 11 11 0.5 0.5 0.5 1 1 1
1 P_0 12 12 0 0 0 1 1 1
1 P_0 13 13 0.5 0.5 0.5 1 1 1
1 P_0 14 14 0 0 0 1 1 1
1 P_0 15 15 0.5 0.5 0.5 1 1 1
1 P_0 16 16 0.5 0.5 0.5 1 1 1
1 P_0 17 17 0.5 0.5 0.5 1 1 1
1 P_0 18 18 0.5 0.5 0.5 1 1 1
1 P_0 19 19 0 0 0 1 1 1
1 P_0 20 20 0.5 0.5 0.5 1 1 1
1 P_0 21 21 0.5 0.5 0.5 1 1 1
1 P_0 22 22 0.5 0.5 0.5 1 1 1
1 P_0 23 23 0 0 0 1 1 1
1 P_0 24 24 0 0 0 1 1 1
1 P_0 25 25 0.5 0.5 0.5 1 1 1
1 P_0 26 26 0 0 0 1 1 1
1 P_0 27 27 0 0 0 1 1 1
1 P_0 28 28 0 0 0 1 1 1
1 P_0 29 29 0 0 0 1 1 1
1 P_0 30 30 0 0 0 1 1 1
1 P_0 31 31 0.5 0.5 0.5 1 1 1
1 P_0 32 32 0.5 0.5 0.5 1 1 1
1 P_0 33 33 0 0 0 1 1 1
1 P_0 34 34 0 0 0 1 1 1
1 P_0 35 35 0 0 0 1 1 1
1 P_0 36 36 0.5 0.5 0.5 1 1 1
1 P_0 37 37 0.5 0.5 0.5 1 1 1
