2 #m
11 #n
0 P_6 0 0 0.5 0.5 0.5 1 1 1
0 P_6 1 1 0.2519485 0.2723618090452261 0.292517 1 1 1
0 P_6 2 2 0.247469 0.2679474216380182 0.288218 1 1 1
0 P_6 3 3 0.235791 0.2564366632337796 0.2770065 1 1 1
0 P_6 4 4 0.238722 0.25849056603773585 0.2781675 1 1 1
0 P_6 5 5 0.5 0.5 0.5 1 1 1
0 P_6 6 6 0 0 0 1 1 1
0 P_6 7 7 0.240901 0.2613521695257316 0.281672 1 1 1
0 P_6 8 8 0.2451245 0.2654690618762475 0.2856365 1 1 1
0 P_6 9 9 0.24702 0.2672244094488189 0.2872345 1 1 1
0 P_6 10 10 0.2553475 0.2760041194644696 0.2963535 1 1 1
1 P_4 0 0 0.5 0.5 0.5 1 1 1
1 P_4 1 1 0.357517 0.3761706555671176 0.393319 1 1 1
1 P_4 2 2 0.5 0.5 0.5 1 1 1
1 P_4 3 3 0.5 0.5 0.5 1 1 1
1 P_4 4 4 0.3478525 0.36676954732510286 0.3843095 1 1 1
1 P_4 5 5 0.5 0.5 0.5 1 1 1
1 P_4 6 6 0.054119 0.06714876033057851 0.0823435 1 1 1
1 P_4 7 7 0.5 0.5 0.5 1 1 1
1 P_4 8 8 0.5 0.5 0.5 1 1 1
1 P_4 9 9 0.5 0.5 0.5 1 1 1
1 P_4 10 10 0.5 0.5 0.5 1 1 1
