5 #m
8 #n
0 P_9 0 0 0.5 0.5 0.5 1 1 1
0 P_9 1 1 0.422402 0.42705 0.4314945 1 1 1
0 P_9 2 2 0.422402 0.42705 0.4314945 1 1 1
0 P_9 3 3 0.422402 0.42705 0.4314945 1 1 1
0 P_9 4 4 0 0 0 1 1 1
0 P_9 5 5 0.422402 0.42705 0.4314945 1 1 1
0 P_9 6 6 0.422402 0.42705 0.4314945 1 1 1
0 P_9 7 7 0.422402 0.42705 0.4314945 1 1 1
1 P_2 0 0 0.5 0.5 0.5 1 1 1
1 P_2 1 1 0.5 0.5 0.5 1 1 1
1 P_2 2 2 0.5 0.5 0.5 1 1 1
1 P_2 3 3 0.5 0.5 0.5 1 1 1
1 P_2 4 4 0 0 0 1 1 1
1 P_2 5 5 0.5 0.5 0.5 1 1 1
1 P_2 6 6 0.5 0.5 0.5 1 1 1
1 P_2 7 7 0.5 0.5 0.5 1 1 1
2 P_7 0 0 0.5 0.5 0.5 1 1 1
2 P_7 1 1 0.427121 0.43165 0.43597 1 1 1
2 P_7 2 2 0.427121 0.43165 0.43597 1 1 1
2 P_7 3 3 0.427121 0.43165 0.43597 1 1 1
2 P_7 4 4 0 0 0 1 1 1
2 P_7 5 5 0.427121 0.43165 0.43597 1 1 1
2 P_7 6 6 0.427121 0.43165 0.43597 1 1 1
2 P_7 7 7 0.427121 0.43165 0.43597 1 1 1
3 P_6 0 0 0.5 0.5 0.5 1 1 1
3 P_6 1 1 0.207102 0.21345 0.21984 1 1 1
3 P_6 2 2 0.207102 0.21345 0.21984 1 1 1
3 P_6 3 3 0.207102 0.21345 0.21984 1 1 1
3 P_6 4 4 0 0 0 1 1 1
3 P_6 5 5 0.207102 0.21345 0.21984 1 1 1
3 P_6 6 6 0.207102 0.21345 0.21984 1 1 1
3 P_6 7 7 0.207102 0.21345 0.21984 1 1 1
4 P_1 0 0 0.5 0.5 0.5 1 1 1
4 P_1 1 1 0.318211 0.3244 0.3305035 1 1 1
4 P_1 2 2 0.318211 0.3244 0.3305035 1 1 1
4 P_1 3 3 0.318211 0.3244 0.3305035 1 1 1
4 P_1 4 4 0 0 0 1 1 1
4 P_1 5 5 0.318211 0.3244 0.3305035 1 1 1
4 P_1 6 6 0.318211 0.3244 0.3305035 1 1 1
4 P_1 7 7 0.318211 0.3244 0.3305035 1 1 1
