2 #m
601 #n
0 P_7 0 0 0 0 0 1 1 1
0 P_7 1 1 0.0673375 0.07175 0.0763675 1 1 1
0 P_7 2 2 0.5 0.5 0.5 1 1 1
0 P_7 3 3 0.0696255 0.0741 0.078777 1 1 1
0 P_7 4 4 0 0 0 1 1 1
0 P_7 5 5 0.0696255 0.0741 0.078777 1 1 1
0 P_7 6 6 0 0 0 1 1 1
0 P_7 7 7 0.5 0.5 0.5 1 1 1
0 P_7 8 8 0 0 0 1 1 1
0 P_7 9 9 0.0696255 0.0741 0.078777 1 1 1
0 P_7 10 10 0 0 0 1 1 1
0 P_7 11 11 0.0696255 0.0741 0.078777 1 1 1
0 P_7 12 12 0 0 0 1 1 1
0 P_7 13 13 0.3482875 0.3542 0.3599925 1 1 1
0 P_7 14 14 0 0 0 1 1 1
0 P_7 15 15 0.3482875 0.3542 0.3599925 1 1 1
0 P_7 16 16 0.0696255 0.0741 0.078777 1 1 1
0 P_7 17 17 0.0673375 0.07175 0.0763675 1 1 1
0 P_7 18 18 0.0696255 0.0741 0.078777 1 1 1
0 P_7 19 19 0 0 0 1 1 1
0 P_7 20 20 0 0 0 1 1 1
0 P_7 21 21 0 0 0 1 1 1
0 P_7 22 22 0 0 0 1 1 1
0 P_7 23 23 0.0696255 0.0741 0.078777 1 1 1
0 P_7 24 24 0.5 0.5 0.5 1 1 1
0 P_7 25 25 0.0673375 0.07175 0.0763675 1 1 1
0 P_7 26 26 0 0 0 1 1 1
0 P_7 27 27 0 0 0 1 1 1
0 P_7 28 28 0.0696255 0.0741 0.078777 1 1 1
0 P_7 29 29 0.3482875 0.3542 0.3599925 1 1 1
0 P_7 30 30 0.0696255 0.0741 0.078777 1 1 1
0 P_7 31 31 0.3482875 0.3542 0.3599925 1 1 1
0 P_7 32 32 0.3482875 0.3542 0.3599925 1 1 1
0 P_7 33 33 0.0696255 0.0741 0.078777 1 1 1
0 P_7 34 34 0.3482875 0.3542 0.3599925 1 1 1
0 P_7 35 35 0.0673375 0.07175 0.0763675 1 1 1
0 P_7 36 36 0 0 0 1 1 1
0 P_7 37 37 0 0 0 1 1 1
0 P_7 38 38 0 0 0 1 1 1
0 P_7 39 39 0 0 0 1 1 1
0 P_7 40 40 0.0673375 0.07175 0.0763675 1 1 1
0 P_7 41 41 0 0 0 1 1 1
0 P_7 42 42 0.3482875 0.3542 0.3599925 1 1 1
0 P_7 43 43 0.0696255 0.0741 0.078777 1 1 1
0 P_7 44 44 0.3482875 0.3542 0.3599925 1 1 1
0 P_7 45 45 0.5 0.5 0.5 1 1 1
0 P_7 46 46 0.5 0.5 0.5 1 1 1
0 P_7 47 47 0.3482875 0.3542 0.3599925 1 1 1
0 P_7 48 48 0 0 0 1 1 1
0 P_7 49 49 0 0 0 1 1 1
0 P_7 50 50 0.5 0.5 0.5 1 1 1
0 P_7 51 51 0 0 0 1 1 1
0 P_7 52 52 0.5 0.5 0.5 1 1 1
0 P_7 53 53 0.0673375 0.07175 0.0763675 1 1 1
0 P_7 54 54 0.0673375 0.07175 0.0763675 1 1 1
0 P_7 55 55 0.0696255 0.0741 0.078777 1 1 1
0 P_7 56 56 0 0 0 1 1 1
0 P_7 57 57 0.0673375 0.07175 0.0763675 1 1 1
0 P_7 58 58 0.5 0.5 0.5 1 1 1
0 P_7 59 59 0.0696255 0.0741 0.078777 1 1 1
0 P_7 60 60 0.0696255 0.0741 0.078777 1 1 1
0 P_7 61 61 0.3482875 0.3542 0.3599925 1 1 1
0 P_7 62 62 0 0 0 1 1 1
0 P_7 63 63 0 0 0 1 1 1
0 P_7 64 64 0 0 0 1 1 1
0 P_7 65 65 0.5 0.5 0.5 1 1 1
0 P_7 66 66 0 0 0 1 1 1
0 P_7 67 67 0 0 0 1 1 1
0 P_7 68 68 0.140057 0.14585 0.151763 1 1 1
0 P_7 69 69 0 0 0 1 1 1
0 P_7 70 70 0 0 0 1 1 1
0 P_7 71 71 0.5 0.5 0.5 1 1 1
0 P_7 72 72 0 0 0 1 1 1
0 P_7 73 73 0 0 0 1 1 1
0 P_7 74 74 0 0 0 1 1 1
0 P_7 75 75 0 0 0 1 1 1
0 P_7 76 76 0.0696255 0.0741 0.078777 1 1 1
0 P_7 77 77 0 0 0 1 1 1
0 P_7 78 78 0 0 0 1 1 1
0 P_7 79 79 0.5 0.5 0.5 1 1 1
0 P_7 80 80 0.3482875 0.3542 0.3599925 1 1 1
0 P_7 81 81 0.3482875 0.3542 0.3599925 1 1 1
0 P_7 82 82 0 0 0 1 1 1
0 P_7 83 83 0.0696255 0.0741 0.078777 1 1 1
0 P_7 84 84 0.5 0.5 0.5 1 1 1
0 P_7 85 85 0 0 0 1 1 1
0 P_7 86 86 0.3482875 0.3542 0.3599925 1 1 1
0 P_7 87 87 0.0696255 0.0741 0.078777 1 1 1
0 P_7 88 88 0 0 0 1 1 1
0 P_7 89 89 0 0 0 1 1 1
0 P_7 90 90 0 0 0 1 1 1
0 P_7 91 91 0.5 0.5 0.5 1 1 1
0 P_7 92 92 0.140057 0.14585 0.151763 1 1 1
0 P_7 93 93 0.3482875 0.3542 0.3599925 1 1 1
0 P_7 94 94 0 0 0 1 1 1
0 P_7 95 95 0.0696255 0.0741 0.078777 1 1 1
0 P_7 96 96 0 0 0 1 1 1
0 P_7 97 97 0.3482875 0.3542 0.3599925 1 1 1
0 P_7 98 98 0 0 0 1 1 1
0 P_7 99 99 0 0 0 1 1 1
0 P_7 100 100 0 0 0 1 1 1
0 P_7 101 101 0 0 0 1 1 1
0 P_7 102 102 0 0 0 1 1 1
0 P_7 103 103 0 0 0 1 1 1
0 P_7 104 104 0.3482875 0.3542 0.3599925 1 1 1
0 P_7 105 105 0.0696255 0.0741 0.078777 1 1 1
0 P_7 106 106 0.140057 0.14585 0.151763 1 1 1
0 P_7 107 107 0.3482875 0.3542 0.3599925 1 1 1
0 P_7 108 108 0.0696255 0.0741 0.078777 1 1 1
0 P_7 109 109 0.5 0.5 0.5 1 1 1
0 P_7 110 110 0 0 0 1 1 1
0 P_7 111 111 0.5 0.5 0.5 1 1 1
0 P_7 112 112 0.3482875 0.3542 0.3599925 1 1 1
0 P_7 113 113 0 0 0 1 1 1
0 P_7 114 114 0 0 0 1 1 1
0 P_7 115 115 0 0 0 1 1 1
0 P_7 116 116 0 0 0 1 1 1
0 P_7 117 117 0 0 0 1 1 1
0 P_7 118 118 0.5 0.5 0.5 1 1 1
0 P_7 119 119 0.3482875 0.3542 0.3599925 1 1 1
0 P_7 120 120 0.5 0.5 0.5 1 1 1
0 P_7 121 121 0.5 0.5 0.5 1 1 1
0 P_7 122 122 0 0 0 1 1 1
0 P_7 123 123 0 0 0 1 1 1
0 P_7 124 124 0 0 0 1 1 1
0 P_7 125 125 0.0696255 0.0741 0.078777 1 1 1
0 P_7 126 126 0.0696255 0.0741 0.078777 1 1 1
0 P_7 127 127 0.0696255 0.0741 0.078777 1 1 1
0 P_7 128 128 0.0673375 0.07175 0.0763675 1 1 1
0 P_7 129 129 0.3482875 0.3542 0.3599925 1 1 1
0 P_7 130 130 0.0673375 0.07175 0.0763675 1 1 1
0 P_7 131 131 0.3482875 0.3542 0.3599925 1 1 1
0 P_7 132 132 0.5 0.5 0.5 1 1 1
0 P_7 133 133 0.140057 0.14585 0.151763 1 1 1
0 P_7 134 134 0 0 0 1 1 1
0 P_7 135 135 0 0 0 1 1 1
0 P_7 136 136 0.3482875 0.3542 0.3599925 1 1 1
0 P_7 137 137 0.5 0.5 0.5 1 1 1
0 P_7 138 138 0 0 0 1 1 1
0 P_7 139 139 0.5 0.5 0.5 1 1 1
0 P_7 140 140 0.3482875 0.3542 0.3599925 1 1 1
0 P_7 141 141 0.0673375 0.07175 0.0763675 1 1 1
0 P_7 142 142 0 0 0 1 1 1
0 P_7 143 143 0 0 0 1 1 1
0 P_7 144 144 0.0696255 0.0741 0.078777 1 1 1
0 P_7 145 145 0 0 0 1 1 1
0 P_7 146 146 0.5 0.5 0.5 1 1 1
0 P_7 147 147 0 0 0 1 1 1
0 P_7 148 148 0.3482875 0.3542 0.3599925 1 1 1
0 P_7 149 149 0.0696255 0.0741 0.078777 1 1 1
0 P_7 150 150 0 0 0 1 1 1
0 P_7 151 151 0.0696255 0.0741 0.078777 1 1 1
0 P_7 152 152 0.3482875 0.3542 0.3599925 1 1 1
0 P_7 153 153 0 0 0 1 1 1
0 P_7 154 154 0.3482875 0.3542 0.3599925 1 1 1
0 P_7 155 155 0 0 0 1 1 1
0 P_7 156 156 0.5 0.5 0.5 1 1 1
0 P_7 157 157 0.0696255 0.0741 0.078777 1 1 1
0 P_7 158 158 0 0 0 1 1 1
0 P_7 159 159 0.0673375 0.07175 0.0763675 1 1 1
0 P_7 160 160 0.0696255 0.0741 0.078777 1 1 1
0 P_7 161 161 0 0 0 1 1 1
0 P_7 162 162 0 0 0 1 1 1
0 P_7 163 163 0 0 0 1 1 1
0 P_7 164 164 0.5 0.5 0.5 1 1 1
0 P_7 165 165 0 0 0 1 1 1
0 P_7 166 166 0.0673375 0.07175 0.0763675 1 1 1
0 P_7 167 167 0.3482875 0.3542 0.3599925 1 1 1
0 P_7 168 168 0.3482875 0.3542 0.3599925 1 1 1
0 P_7 169 169 0.3482875 0.3542 0.3599925 1 1 1
0 P_7 170 170 0.5 0.5 0.5 1 1 1
0 P_7 171 171 0 0 0 1 1 1
0 P_7 172 172 0.0673375 0.07175 0.0763675 1 1 1
0 P_7 173 173 0 0 0 1 1 1
0 P_7 174 174 0.5 0.5 0.5 1 1 1
0 P_7 175 175 0.0673375 0.07175 0.0763675 1 1 1
0 P_7 176 176 0.5 0.5 0.5 1 1 1
0 P_7 177 177 0 0 0 1 1 1
0 P_7 178 178 0.5 0.5 0.5 1 1 1
0 P_7 179 179 0.3482875 0.3542 0.3599925 1 1 1
0 P_7 180 180 0.0696255 0.0741 0.078777 1 1 1
0 P_7 181 181 0.0696255 0.0741 0.078777 1 1 1
0 P_7 182 182 0.0673375 0.07175 0.0763675 1 1 1
0 P_7 183 183 0 0 0 1 1 1
0 P_7 184 184 0.5 0.5 0.5 1 1 1
0 P_7 185 185 0.0696255 0.0741 0.078777 1 1 1
0 P_7 186 186 0.0696255 0.0741 0.078777 1 1 1
0 P_7 187 187 0 0 0 1 1 1
0 P_7 188 188 0.0673375 0.07175 0.0763675 1 1 1
0 P_7 189 189 0 0 0 1 1 1
0 P_7 190 190 0.5 0.5 0.5 1 1 1
0 P_7 191 191 0 0 0 1 1 1
0 P_7 192 192 0.3482875 0.3542 0.3599925 1 1 1
0 P_7 193 193 0.0673375 0.07175 0.0763675 1 1 1
0 P_7 194 194 0 0 0 1 1 1
0 P_7 195 195 0 0 0 1 1 1
0 P_7 196 196 0.0696255 0.0741 0.078777 1 1 1
0 P_7 197 197 0.5 0.5 0.5 1 1 1
0 P_7 198 198 0.0673375 0.07175 0.0763675 1 1 1
0 P_7 199 199 0.3482875 0.3542 0.3599925 1 1 1
0 P_7 200 200 0 0 0 1 1 1
0 P_7 201 201 0.5 0.5 0.5 1 1 1
0 P_7 202 202 0.3482875 0.3542 0.3599925 1 1 1
0 P_7 203 203 0 0 0 1 1 1
0 P_7 204 204 0 0 0 1 1 1
0 P_7 205 205 0.5 0.5 0.5 1 1 1
0 P_7 206 206 0.0696255 0.0741 0.078777 1 1 1
0 P_7 207 207 0 0 0 1 1 1
0 P_7 208 208 0.3482875 0.3542 0.3599925 1 1 1
0 P_7 209 209 0.0673375 0.07175 0.0763675 1 1 1
0 P_7 210 210 0.0673375 0.07175 0.0763675 1 1 1
0 P_7 211 211 0 0 0 1 1 1
0 P_7 212 212 0.3482875 0.3542 0.3599925 1 1 1
0 P_7 213 213 0.3482875 0.3542 0.3599925 1 1 1
0 P_7 214 214 0.5 0.5 0.5 1 1 1
0 P_7 215 215 0.140057 0.14585 0.151763 1 1 1
0 P_7 216 216 0.3482875 0.3542 0.3599925 1 1 1
0 P_7 217 217 0 0 0 1 1 1
0 P_7 218 218 0.0696255 0.0741 0.078777 1 1 1
0 P_7 219 219 0.0696255 0.0741 0.078777 1 1 1
0 P_7 220 220 0 0 0 1 1 1
0 P_7 221 221 0 0 0 1 1 1
0 P_7 222 222 0.0673375 0.07175 0.0763675 1 1 1
0 P_7 223 223 0.5 0.5 0.5 1 1 1
0 P_7 224 224 0.0673375 0.07175 0.0763675 1 1 1
0 P_7 225 225 0.3482875 0.3542 0.3599925 1 1 1
0 P_7 226 226 0.0696255 0.0741 0.078777 1 1 1
0 P_7 227 227 0 0 0 1 1 1
0 P_7 228 228 0 0 0 1 1 1
0 P_7 229 229 0 0 0 1 1 1
0 P_7 230 230 0.0673375 0.07175 0.0763675 1 1 1
0 P_7 231 231 0 0 0 1 1 1
0 P_7 232 232 0 0 0 1 1 1
0 P_7 233 233 0 0 0 1 1 1
0 P_7 234 234 0.5 0.5 0.5 1 1 1
0 P_7 235 235 0.0696255 0.0741 0.078777 1 1 1
0 P_7 236 236 0.5 0.5 0.5 1 1 1
0 P_7 237 237 0 0 0 1 1 1
0 P_7 238 238 0.5 0.5 0.5 1 1 1
0 P_7 239 239 0.5 0.5 0.5 1 1 1
0 P_7 240 240 0.140057 0.14585 0.151763 1 1 1
0 P_7 241 241 0.5 0.5 0.5 1 1 1
0 P_7 242 242 0 0 0 1 1 1
0 P_7 243 243 0.0696255 0.0741 0.078777 1 1 1
0 P_7 244 244 0 0 0 1 1 1
0 P_7 245 245 0.3482875 0.3542 0.3599925 1 1 1
0 P_7 246 246 0 0 0 1 1 1
0 P_7 247 247 0.0696255 0.0741 0.078777 1 1 1
0 P_7 248 248 0.3482875 0.3542 0.3599925 1 1 1
0 P_7 249 249 0.5 0.5 0.5 1 1 1
0 P_7 250 250 0.5 0.5 0.5 1 1 1
0 P_7 251 251 0 0 0 1 1 1
0 P_7 252 252 0.5 0.5 0.5 1 1 1
0 P_7 253 253 0 0 0 1 1 1
0 P_7 254 254 0.0673375 0.07175 0.0763675 1 1 1
0 P_7 255 255 0.3482875 0.3542 0.3599925 1 1 1
0 P_7 256 256 0.0696255 0.0741 0.078777 1 1 1
0 P_7 257 257 0 0 0 1 1 1
0 P_7 258 258 0 0 0 1 1 1
0 P_7 259 259 0 0 0 1 1 1
0 P_7 260 260 0 0 0 1 1 1
0 P_7 261 261 0.0673375 0.07175 0.0763675 1 1 1
0 P_7 262 262 0.3482875 0.3542 0.3599925 1 1 1
0 P_7 263 263 0 0 0 1 1 1
0 P_7 264 264 0 0 0 1 1 1
0 P_7 265 265 0 0 0 1 1 1
0 P_7 266 266 0.0673375 0.07175 0.0763675 1 1 1
0 P_7 267 267 0 0 0 1 1 1
0 P_7 268 268 0 0 0 1 1 1
0 P_7 269 269 0.0673375 0.07175 0.0763675 1 1 1
0 P_7 270 270 0.0696255 0.0741 0.078777 1 1 1
0 P_7 271 271 0.0673375 0.07175 0.0763675 1 1 1
0 P_7 272 272 0.0696255 0.0741 0.078777 1 1 1
0 P_7 273 273 0 0 0 1 1 1
0 P_7 274 274 0.3482875 0.3542 0.3599925 1 1 1
0 P_7 275 275 0.5 0.5 0.5 1 1 1
0 P_7 276 276 0.3482875 0.3542 0.3599925 1 1 1
0 P_7 277 277 0 0 0 1 1 1
0 P_7 278 278 0 0 0 1 1 1
0 P_7 279 279 0.5 0.5 0.5 1 1 1
0 P_7 280 280 0.5 0.5 0.5 1 1 1
0 P_7 281 281 0.5 0.5 0.5 1 1 1
0 P_7 282 282 0 0 0 1 1 1
0 P_7 283 283 0.3482875 0.3542 0.3599925 1 1 1
0 P_7 284 284 0.0696255 0.0741 0.078777 1 1 1
0 P_7 285 285 0.0673375 0.07175 0.0763675 1 1 1
0 P_7 286 286 0.0673375 0.07175 0.0763675 1 1 1
0 P_7 287 287 0.5 0.5 0.5 1 1 1
0 P_7 288 288 0.3482875 0.3542 0.3599925 1 1 1
0 P_7 289 289 0.5 0.5 0.5 1 1 1
0 P_7 290 290 0 0 0 1 1 1
0 P_7 291 291 0 0 0 1 1 1
0 P_7 292 292 0 0 0 1 1 1
0 P_7 293 293 0.3482875 0.3542 0.3599925 1 1 1
0 P_7 294 294 0.3482875 0.3542 0.3599925 1 1 1
0 P_7 295 295 0 0 0 1 1 1
0 P_7 296 296 0 0 0 1 1 1
0 P_7 297 297 0.5 0.5 0.5 1 1 1
0 P_7 298 298 0.3482875 0.3542 0.3599925 1 1 1
0 P_7 299 299 0.3482875 0.3542 0.3599925 1 1 1
0 P_7 300 300 0.0673375 0.07175 0.0763675 1 1 1
0 P_7 301 301 0.5 0.5 0.5 1 1 1
0 P_7 302 302 0.5 0.5 0.5 1 1 1
0 P_7 303 303 0.3482875 0.3542 0.3599925 1 1 1
0 P_7 304 304 0 0 0 1 1 1
0 P_7 305 305 0.0696255 0.0741 0.078777 1 1 1
0 P_7 306 306 0 0 0 1 1 1
0 P_7 307 307 0.5 0.5 0.5 1 1 1
0 P_7 308 308 0 0 0 1 1 1
0 P_7 309 309 0.0696255 0.0741 0.078777 1 1 1
0 P_7 310 310 0 0 0 1 1 1
0 P_7 311 311 0 0 0 1 1 1
0 P_7 312 312 0.0696255 0.0741 0.078777 1 1 1
0 P_7 313 313 0.3482875 0.3542 0.3599925 1 1 1
0 P_7 314 314 0.3482875 0.3542 0.3599925 1 1 1
0 P_7 315 315 0.3482875 0.3542 0.3599925 1 1 1
0 P_7 316 316 0 0 0 1 1 1
0 P_7 317 317 0.3482875 0.3542 0.3599925 1 1 1
0 P_7 318 318 0.0696255 0.0741 0.078777 1 1 1
0 P_7 319 319 0 0 0 1 1 1
0 P_7 320 320 0.0673375 0.07175 0.0763675 1 1 1
0 P_7 321 321 0.0696255 0.0741 0.078777 1 1 1
0 P_7 322 322 0.5 0.5 0.5 1 1 1
0 P_7 323 323 0.3482875 0.3542 0.3599925 1 1 1
0 P_7 324 324 0 0 0 1 1 1
0 P_7 325 325 0.0673375 0.07175 0.0763675 1 1 1
0 P_7 326 326 0 0 0 1 1 1
0 P_7 327 327 0 0 0 1 1 1
0 P_7 328 328 0.3482875 0.3542 0.3599925 1 1 1
0 P_7 329 329 0.0696255 0.0741 0.078777 1 1 1
0 P_7 330 330 0.3482875 0.3542 0.3599925 1 1 1
0 P_7 331 331 0.0696255 0.0741 0.078777 1 1 1
0 P_7 332 332 0.3482875 0.3542 0.3599925 1 1 1
0 P_7 333 333 0.5 0.5 0.5 1 1 1
0 P_7 334 334 0 0 0 1 1 1
0 P_7 335 335 0 0 0 1 1 1
0 P_7 336 336 0 0 0 1 1 1
0 P_7 337 337 0.0696255 0.0741 0.078777 1 1 1
0 P_7 338 338 0 0 0 1 1 1
0 P_7 339 339 0.5 0.5 0.5 1 1 1
0 P_7 340 340 0.3482875 0.3542 0.3599925 1 1 1
0 P_7 341 341 0.0696255 0.0741 0.078777 1 1 1
0 P_7 342 342 0.5 0.5 0.5 1 1 1
0 P_7 343 343 0 0 0 1 1 1
0 P_7 344 344 0 0 0 1 1 1
0 P_7 345 345 0.5 0.5 0.5 1 1 1
0 P_7 346 346 0.0696255 0.0741 0.078777 1 1 1
0 P_7 347 347 0.0673375 0.07175 0.0763675 1 1 1
0 P_7 348 348 0.0696255 0.0741 0.078777 1 1 1
0 P_7 349 349 0.5 0.5 0.5 1 1 1
0 P_7 350 350 0.0673375 0.07175 0.0763675 1 1 1
0 P_7 351 351 0.0696255 0.0741 0.078777 1 1 1
0 P_7 352 352 0 0 0 1 1 1
0 P_7 353 353 0.0673375 0.07175 0.0763675 1 1 1
0 P_7 354 354 0.0696255 0.0741 0.078777 1 1 1
0 P_7 355 355 0 0 0 1 1 1
0 P_7 356 356 0.0673375 0.07175 0.0763675 1 1 1
0 P_7 357 357 0 0 0 1 1 1
0 P_7 358 358 0.0696255 0.0741 0.078777 1 1 1
0 P_7 359 359 0 0 0 1 1 1
0 P_7 360 360 0 0 0 1 1 1
0 P_7 361 361 0 0 0 1 1 1
0 P_7 362 362 0.0696255 0.0741 0.078777 1 1 1
0 P_7 363 363 0 0 0 1 1 1
0 P_7 364 364 0 0 0 1 1 1
0 P_7 365 365 0 0 0 1 1 1
0 P_7 366 366 0.3482875 0.3542 0.3599925 1 1 1
0 P_7 367 367 0.0673375 0.07175 0.0763675 1 1 1
0 P_7 368 368 0.5 0.5 0.5 1 1 1
0 P_7 369 369 0.5 0.5 0.5 1 1 1
0 P_7 370 370 0.5 0.5 0.5 1 1 1
0 P_7 371 371 0 0 0 1 1 1
0 P_7 372 372 0 0 0 1 1 1
0 P_7 373 373 0.0696255 0.0741 0.078777 1 1 1
0 P_7 374 374 0.5 0.5 0.5 1 1 1
0 P_7 375 375 0.3482875 0.3542 0.3599925 1 1 1
0 P_7 376 376 0.5 0.5 0.5 1 1 1
0 P_7 377 377 0.3482875 0.3542 0.3599925 1 1 1
0 P_7 378 378 0.3482875 0.3542 0.3599925 1 1 1
0 P_7 379 379 0 0 0 1 1 1
0 P_7 380 380 0.3482875 0.3542 0.3599925 1 1 1
0 P_7 381 381 0.3482875 0.3542 0.3599925 1 1 1
0 P_7 382 382 0 0 0 1 1 1
0 P_7 383 383 0.0673375 0.07175 0.0763675 1 1 1
0 P_7 384 384 0.5 0.5 0.5 1 1 1
0 P_7 385 385 0 0 0 1 1 1
0 P_7 386 386 0.5 0.5 0.5 1 1 1
0 P_7 387 387 0.3482875 0.3542 0.3599925 1 1 1
0 P_7 388 388 0 0 0 1 1 1
0 P_7 389 389 0 0 0 1 1 1
0 P_7 390 390 0.0696255 0.0741 0.078777 1 1 1
0 P_7 391 391 0 0 0 1 1 1
0 P_7 392 392 0 0 0 1 1 1
0 P_7 393 393 0.5 0.5 0.5 1 1 1
0 P_7 394 394 0.0696255 0.0741 0.078777 1 1 1
0 P_7 395 395 0 0 0 1 1 1
0 P_7 396 396 0.5 0.5 0.5 1 1 1
0 P_7 397 397 0.0696255 0.0741 0.078777 1 1 1
0 P_7 398 398 0.3482875 0.3542 0.3599925 1 1 1
0 P_7 399 399 0.5 0.5 0.5 1 1 1
0 P_7 400 400 0 0 0 1 1 1
0 P_7 401 401 0.3482875 0.3542 0.3599925 1 1 1
0 P_7 402 402 0.0696255 0.0741 0.078777 1 1 1
0 P_7 403 403 0.3482875 0.3542 0.3599925 1 1 1
0 P_7 404 404 0 0 0 1 1 1
0 P_7 405 405 0 0 0 1 1 1
0 P_7 406 406 0.0696255 0.0741 0.078777 1 1 1
0 P_7 407 407 0.3482875 0.3542 0.3599925 1 1 1
0 P_7 408 408 0.3482875 0.3542 0.3599925 1 1 1
0 P_7 409 409 0.3482875 0.3542 0.3599925 1 1 1
0 P_7 410 410 0.5 0.5 0.5 1 1 1
0 P_7 411 411 0 0 0 1 1 1
0 P_7 412 412 0.5 0.5 0.5 1 1 1
0 P_7 413 413 0 0 0 1 1 1
0 P_7 414 414 0.3482875 0.3542 0.3599925 1 1 1
0 P_7 415 415 0.0696255 0.0741 0.078777 1 1 1
0 P_7 416 416 0 0 0 1 1 1
0 P_7 417 417 0 0 0 1 1 1
0 P_7 418 418 0 0 0 1 1 1
0 P_7 419 419 0 0 0 1 1 1
0 P_7 420 420 0.140057 0.14585 0.151763 1 1 1
0 P_7 421 421 0.3482875 0.3542 0.3599925 1 1 1
0 P_7 422 422 0.0673375 0.07175 0.0763675 1 1 1
0 P_7 423 423 0 0 0 1 1 1
0 P_7 424 424 0.0696255 0.0741 0.078777 1 1 1
0 P_7 425 425 0.0673375 0.07175 0.0763675 1 1 1
0 P_7 426 426 0.5 0.5 0.5 1 1 1
0 P_7 427 427 0.3482875 0.3542 0.3599925 1 1 1
0 P_7 428 428 0 0 0 1 1 1
0 P_7 429 429 0.5 0.5 0.5 1 1 1
0 P_7 430 430 0.0696255 0.0741 0.078777 1 1 1
0 P_7 431 431 0 0 0 1 1 1
0 P_7 432 432 0 0 0 1 1 1
0 P_7 433 433 0.5 0.5 0.5 1 1 1
0 P_7 434 434 0.5 0.5 0.5 1 1 1
0 P_7 435 435 0 0 0 1 1 1
0 P_7 436 436 0.3482875 0.3542 0.3599925 1 1 1
0 P_7 437 437 0.140057 0.14585 0.151763 1 1 1
0 P_7 438 438 0.5 0.5 0.5 1 1 1
0 P_7 439 439 0 0 0 1 1 1
0 P_7 440 440 0.0696255 0.0741 0.078777 1 1 1
0 P_7 441 441 0.3482875 0.3542 0.3599925 1 1 1
0 P_7 442 442 0 0 0 1 1 1
0 P_7 443 443 0.3482875 0.3542 0.3599925 1 1 1
0 P_7 444 444 0.0696255 0.0741 0.078777 1 1 1
0 P_7 445 445 0 0 0 1 1 1
0 P_7 446 446 0 0 0 1 1 1
0 P_7 447 447 0.5 0.5 0.5 1 1 1
0 P_7 448 448 0 0 0 1 1 1
0 P_7 449 449 0 0 0 1 1 1
0 P_7 450 450 0.5 0.5 0.5 1 1 1
0 P_7 451 451 0 0 0 1 1 1
0 P_7 452 452 0 0 0 1 1 1
0 P_7 453 453 0 0 0 1 1 1
0 P_7 454 454 0.0673375 0.07175 0.0763675 1 1 1
0 P_7 455 455 0.3482875 0.3542 0.3599925 1 1 1
0 P_7 456 456 0 0 0 1 1 1
0 P_7 457 457 0 0 0 1 1 1
0 P_7 458 458 0 0 0 1 1 1
0 P_7 459 459 0 0 0 1 1 1
0 P_7 460 460 0.3482875 0.3542 0.3599925 1 1 1
0 P_7 461 461 0.3482875 0.3542 0.3599925 1 1 1
0 P_7 462 462 0 0 0 1 1 1
0 P_7 463 463 0.0696255 0.0741 0.078777 1 1 1
0 P_7 464 464 0.0673375 0.07175 0.0763675 1 1 1
0 P_7 465 465 0 0 0 1 1 1
0 P_7 466 466 0.5 0.5 0.5 1 1 1
0 P_7 467 467 0.0696255 0.0741 0.078777 1 1 1
0 P_7 468 468 0.3482875 0.3542 0.3599925 1 1 1
0 P_7 469 469 0.0696255 0.0741 0.078777 1 1 1
0 P_7 470 470 0.0696255 0.0741 0.078777 1 1 1
0 P_7 471 471 0 0 0 1 1 1
0 P_7 472 472 0.0696255 0.0741 0.078777 1 1 1
0 P_7 473 473 0.3482875 0.3542 0.3599925 1 1 1
0 P_7 474 474 0.5 0.5 0.5 1 1 1
0 P_7 475 475 0.5 0.5 0.5 1 1 1
0 P_7 476 476 0.3482875 0.3542 0.3599925 1 1 1
0 P_7 477 477 0.140057 0.14585 0.151763 1 1 1
0 P_7 478 478 0.5 0.5 0.5 1 1 1
0 P_7 479 479 0 0 0 1 1 1
0 P_7 480 480 0 0 0 1 1 1
0 P_7 481 481 0.5 0.5 0.5 1 1 1
0 P_7 482 482 0.0696255 0.0741 0.078777 1 1 1
0 P_7 483 483 0.5 0.5 0.5 1 1 1
0 P_7 484 484 0.0696255 0.0741 0.078777 1 1 1
0 P_7 485 485 0 0 0 1 1 1
0 P_7 486 486 0.0673375 0.07175 0.0763675 1 1 1
0 P_7 487 487 0.5 0.5 0.5 1 1 1
0 P_7 488 488 0.3482875 0.3542 0.3599925 1 1 1
0 P_7 489 489 0.0696255 0.0741 0.078777 1 1 1
0 P_7 490 490 0 0 0 1 1 1
0 P_7 491 491 0.0696255 0.0741 0.078777 1 1 1
0 P_7 492 492 0.5 0.5 0.5 1 1 1
0 P_7 493 493 0 0 0 1 1 1
0 P_7 494 494 0 0 0 1 1 1
0 P_7 495 495 0.0696255 0.0741 0.078777 1 1 1
0 P_7 496 496 0.5 0.5 0.5 1 1 1
0 P_7 497 497 0 0 0 1 1 1
0 P_7 498 498 0.0696255 0.0741 0.078777 1 1 1
0 P_7 499 499 0.0673375 0.07175 0.0763675 1 1 1
0 P_7 500 500 0.5 0.5 0.5 1 1 1
0 P_7 501 501 0 0 0 1 1 1
0 P_7 502 502 0.0673375 0.07175 0.0763675 1 1 1
0 P_7 503 503 0 0 0 1 1 1
0 P_7 504 504 0.0696255 0.0741 0.078777 1 1 1
0 P_7 505 505 0 0 0 1 1 1
0 P_7 506 506 0.0673375 0.07175 0.0763675 1 1 1
0 P_7 507 507 0.0696255 0.0741 0.078777 1 1 1
0 P_7 508 508 0.0696255 0.0741 0.078777 1 1 1
0 P_7 509 509 0 0 0 1 1 1
0 P_7 510 510 0.0673375 0.07175 0.0763675 1 1 1
0 P_7 511 511 0.140057 0.14585 0.151763 1 1 1
0 P_7 512 512 0.0673375 0.07175 0.0763675 1 1 1
0 P_7 513 513 0.5 0.5 0.5 1 1 1
0 P_7 514 514 0.0673375 0.07175 0.0763675 1 1 1
0 P_7 515 515 0 0 0 1 1 1
0 P_7 516 516 0 0 0 1 1 1
0 P_7 517 517 0 0 0 1 1 1
0 P_7 518 518 0 0 0 1 1 1
0 P_7 519 519 0.0696255 0.0741 0.078777 1 1 1
0 P_7 520 520 0.0673375 0.07175 0.0763675 1 1 1
0 P_7 521 521 0.0696255 0.0741 0.078777 1 1 1
0 P_7 522 522 0.0696255 0.0741 0.078777 1 1 1
0 P_7 523 523 0.0696255 0.0741 0.078777 1 1 1
0 P_7 524 524 0.0696255 0.0741 0.078777 1 1 1
0 P_7 525 525 0.3482875 0.3542 0.3599925 1 1 1
0 P_7 526 526 0.5 0.5 0.5 1 1 1
0 P_7 527 527 0 0 0 1 1 1
0 P_7 528 528 0 0 0 1 1 1
0 P_7 529 529 0.3482875 0.3542 0.3599925 1 1 1
0 P_7 530 530 0.3482875 0.3542 0.3599925 1 1 1
0 P_7 531 531 0.0673375 0.07175 0.0763675 1 1 1
0 P_7 532 532 0 0 0 1 1 1
0 P_7 533 533 0.0696255 0.0741 0.078777 1 1 1
0 P_7 534 534 0.0696255 0.0741 0.078777 1 1 1
0 P_7 535 535 0.3482875 0.3542 0.3599925 1 1 1
0 P_7 536 536 0 0 0 1 1 1
0 P_7 537 537 0.0696255 0.0741 0.078777 1 1 1
0 P_7 538 538 0.0673375 0.07175 0.0763675 1 1 1
0 P_7 539 539 0.0696255 0.0741 0.078777 1 1 1
0 P_7 540 540 0 0 0 1 1 1
0 P_7 541 541 0 0 0 1 1 1
0 P_7 542 542 0.5 0.5 0.5 1 1 1
0 P_7 543 543 0 0 0 1 1 1
0 P_7 544 544 0 0 0 1 1 1
0 P_7 545 545 0 0 0 1 1 1
0 P_7 546 546 0 0 0 1 1 1
0 P_7 547 547 0 0 0 1 1 1
0 P_7 548 548 0.0673375 0.07175 0.0763675 1 1 1
0 P_7 549 549 0.0673375 0.07175 0.0763675 1 1 1
0 P_7 550 550 0.3482875 0.3542 0.3599925 1 1 1
0 P_7 551 551 0 0 0 1 1 1
0 P_7 552 552 0.3482875 0.3542 0.3599925 1 1 1
0 P_7 553 553 0.5 0.5 0.5 1 1 1
0 P_7 554 554 0.5 0.5 0.5 1 1 1
0 P_7 555 555 0.3482875 0.3542 0.3599925 1 1 1
0 P_7 556 556 0.5 0.5 0.5 1 1 1
0 P_7 557 557 0 0 0 1 1 1
0 P_7 558 558 0.0673375 0.07175 0.0763675 1 1 1
0 P_7 559 559 0 0 0 1 1 1
0 P_7 560 560 0 0 0 1 1 1
0 P_7 561 561 0.3482875 0.3542 0.3599925 1 1 1
0 P_7 562 562 0 0 0 1 1 1
0 P_7 563 563 0.5 0.5 0.5 1 1 1
0 P_7 564 564 0.5 0.5 0.5 1 1 1
0 P_7 565 565 0.0673375 0.07175 0.0763675 1 1 1
0 P_7 566 566 0.5 0.5 0.5 1 1 1
0 P_7 567 567 0.0673375 0.07175 0.0763675 1 1 1
0 P_7 568 568 0.0696255 0.0741 0.078777 1 1 1
0 P_7 569 569 0 0 0 1 1 1
0 P_7 570 570 0 0 0 1 1 1
0 P_7 571 571 0.3482875 0.3542 0.3599925 1 1 1
0 P_7 572 572 0 0 0 1 1 1
0 P_7 573 573 0 0 0 1 1 1
0 P_7 574 574 0.3482875 0.3542 0.3599925 1 1 1
0 P_7 575 575 0 0 0 1 1 1
0 P_7 576 576 0.5 0.5 0.5 1 1 1
0 P_7 577 577 0 0 0 1 1 1
0 P_7 578 578 0.3482875 0.3542 0.3599925 1 1 1
0 P_7 579 579 0 0 0 1 1 1
0 P_7 580 580 0 0 0 1 1 1
0 P_7 581 581 0.5 0.5 0.5 1 1 1
0 P_7 582 582 0.0696255 0.0741 0.078777 1 1 1
0 P_7 583 583 0 0 0 1 1 1
0 P_7 584 584 0.0673375 0.07175 0.0763675 1 1 1
0 P_7 585 585 0.0696255 0.0741 0.078777 1 1 1
0 P_7 586 586 0.0696255 0.0741 0.078777 1 1 1
0 P_7 587 587 0.3482875 0.3542 0.3599925 1 1 1
0 P_7 588 588 0.5 0.5 0.5 1 1 1
0 P_7 589 589 0.0696255 0.0741 0.078777 1 1 1
0 P_7 590 590 0.3482875 0.3542 0.3599925 1 1 1
0 P_7 591 591 0 0 0 1 1 1
0 P_7 592 592 0 0 0 1 1 1
0 P_7 593 593 0.3482875 0.3542 0.3599925 1 1 1
0 P_7 594 594 0 0 0 1 1 1
0 P_7 595 595 0 0 0 1 1 1
0 P_7 596 596 0 0 0 1 1 1
0 P_7 597 597 0.5 0.5 0.5 1 1 1
0 P_7 598 598 0 0 0 1 1 1
0 P_7 599 599 0.0696255 0.0741 0.078777 1 1 1
0 P_7 600 600 0.0696255 0.0741 0.078777 1 1 1
1 P_5 0 0 0 0 0 1 1 1
1 P_5 1 1 0.125012 0.1306 0.1363255 1 1 1
1 P_5 2 2 0.5 0.5 0.5 1 1 1
1 P_5 3 3 0.0722075 0.07675 0.081492 1 1 1
1 P_5 4 4 0 0 0 1 1 1
1 P_5 5 5 0.0722075 0.07675 0.081492 1 1 1
1 P_5 6 6 0.286382 0.29275 0.2990685 1 1 1
1 P_5 7 7 0.5 0.5 0.5 1 1 1
1 P_5 8 8 0 0 0 1 1 1
1 P_5 9 9 0.0722075 0.07675 0.081492 1 1 1
1 P_5 10 10 0 0 0 1 1 1
1 P_5 11 11 0.0722075 0.07675 0.081492 1 1 1
1 P_5 12 12 0.286382 0.29275 0.2990685 1 1 1
1 P_5 13 13 0 0 0 1 1 1
1 P_5 14 14 0 0 0 1 1 1
1 P_5 15 15 0 0 0 1 1 1
1 P_5 16 16 0.0722075 0.07675 0.081492 1 1 1
1 P_5 17 17 0.125012 0.1306 0.1363255 1 1 1
1 P_5 18 18 0.0722075 0.07675 0.081492 1 1 1
1 P_5 19 19 0 0 0 1 1 1
1 P_5 20 20 0.286382 0.29275 0.2990685 1 1 1
1 P_5 21 21 0.286382 0.29275 0.2990685 1 1 1
1 P_5 22 22 0 0 0 1 1 1
1 P_5 23 23 0.0722075 0.07675 0.081492 1 1 1
1 P_5 24 24 0.5 0.5 0.5 1 1 1
1 P_5 25 25 0.125012 0.1306 0.1363255 1 1 1
1 P_5 26 26 0 0 0 1 1 1
1 P_5 27 27 0 0 0 1 1 1
1 P_5 28 28 0.0722075 0.07675 0.081492 1 1 1
1 P_5 29 29 0 0 0 1 1 1
1 P_5 30 30 0.0722075 0.07675 0.081492 1 1 1
1 P_5 31 31 0 0 0 1 1 1
1 P_5 32 32 0 0 0 1 1 1
1 P_5 33 33 0.0722075 0.07675 0.081492 1 1 1
1 P_5 34 34 0 0 0 1 1 1
1 P_5 35 35 0.125012 0.1306 0.1363255 1 1 1
1 P_5 36 36 0 0 0 1 1 1
1 P_5 37 37 0.286382 0.29275 0.2990685 1 1 1
1 P_5 38 38 0.286382 0.29275 0.2990685 1 1 1
1 P_5 39 39 0 0 0 1 1 1
1 P_5 40 40 0.125012 0.1306 0.1363255 1 1 1
1 P_5 41 41 0 0 0 1 1 1
1 P_5 42 42 0 0 0 1 1 1
1 P_5 43 43 0.0722075 0.07675 0.081492 1 1 1
1 P_5 44 44 0 0 0 1 1 1
1 P_5 45 45 0.5 0.5 0.5 1 1 1
1 P_5 46 46 0.5 0.5 0.5 1 1 1
1 P_5 47 47 0 0 0 1 1 1
1 P_5 48 48 0.286382 0.29275 0.2990685 1 1 1
1 P_5 49 49 0.286382 0.29275 0.2990685 1 1 1
1 P_5 50 50 0.5 0.5 0.5 1 1 1
1 P_5 51 51 0.286382 0.29275 0.2990685 1 1 1
1 P_5 52 52 0.5 0.5 0.5 1 1 1
1 P_5 53 53 0.125012 0.1306 0.1363255 1 1 1
1 P_5 54 54 0.125012 0.1306 0.1363255 1 1 1
1 P_5 55 55 0.0722075 0.07675 0.081492 1 1 1
1 P_5 56 56 0 0 0 1 1 1
1 P_5 57 57 0.125012 0.1306 0.1363255 1 1 1
1 P_5 58 58 0.5 0.5 0.5 1 1 1
1 P_5 59 59 0.0722075 0.07675 0.081492 1 1 1
1 P_5 60 60 0.0722075 0.07675 0.081492 1 1 1
1 P_5 61 61 0 0 0 1 1 1
1 P_5 62 62 0 0 0 1 1 1
1 P_5 63 63 0.286382 0.29275 0.2990685 1 1 1
1 P_5 64 64 0 0 0 1 1 1
1 P_5 65 65 0.5 0.5 0.5 1 1 1
1 P_5 66 66 0.286382 0.29275 0.2990685 1 1 1
1 P_5 67 67 0 0 0 1 1 1
1 P_5 68 68 0.5 0.5 0.5 1 1 1
1 P_5 69 69 0.286382 0.29275 0.2990685 1 1 1
1 P_5 70 70 0.286382 0.29275 0.2990685 1 1 1
1 P_5 71 71 0.5 0.5 0.5 1 1 1
1 P_5 72 72 0 0 0 1 1 1
1 P_5 73 73 0 0 0 1 1 1
1 P_5 74 74 0 0 0 1 1 1
1 P_5 75 75 0 0 0 1 1 1
1 P_5 76 76 0.0722075 0.07675 0.081492 1 1 1
1 P_5 77 77 0 0 0 1 1 1
1 P_5 78 78 0 0 0 1 1 1
1 P_5 79 79 0.5 0.5 0.5 1 1 1
1 P_5 80 80 0 0 0 1 1 1
1 P_5 81 81 0 0 0 1 1 1
1 P_5 82 82 0 0 0 1 1 1
1 P_5 83 83 0.0722075 0.07675 0.081492 1 1 1
1 P_5 84 84 0.5 0.5 0.5 1 1 1
1 P_5 85 85 0 0 0 1 1 1
1 P_5 86 86 0 0 0 1 1 1
1 P_5 87 87 0.0722075 0.07675 0.081492 1 1 1
1 P_5 88 88 0 0 0 1 1 1
1 P_5 89 89 0 0 0 1 1 1
1 P_5 90 90 0 0 0 1 1 1
1 P_5 91 91 0.5 0.5 0.5 1 1 1
1 P_5 92 92 0.5 0.5 0.5 1 1 1
1 P_5 93 93 0 0 0 1 1 1
1 P_5 94 94 0.286382 0.29275 0.2990685 1 1 1
1 P_5 95 95 0.0722075 0.07675 0.081492 1 1 1
1 P_5 96 96 0.286382 0.29275 0.2990685 1 1 1
1 P_5 97 97 0 0 0 1 1 1
1 P_5 98 98 0.286382 0.29275 0.2990685 1 1 1
1 P_5 99 99 0 0 0 1 1 1
1 P_5 100 100 0 0 0 1 1 1
1 P_5 101 101 0 0 0 1 1 1
1 P_5 102 102 0 0 0 1 1 1
1 P_5 103 103 0.286382 0.29275 0.2990685 1 1 1
1 P_5 104 104 0 0 0 1 1 1
1 P_5 105 105 0.0722075 0.07675 0.081492 1 1 1
1 P_5 106 106 0.5 0.5 0.5 1 1 1
1 P_5 107 107 0 0 0 1 1 1
1 P_5 108 108 0.0722075 0.07675 0.081492 1 1 1
1 P_5 109 109 0.5 0.5 0.5 1 1 1
1 P_5 110 110 0.286382 0.29275 0.2990685 1 1 1
1 P_5 111 111 0.5 0.5 0.5 1 1 1
1 P_5 112 112 0 0 0 1 1 1
1 P_5 113 113 0 0 0 1 1 1
1 P_5 114 114 0.286382 0.29275 0.2990685 1 1 1
1 P_5 115 115 0.286382 0.29275 0.2990685 1 1 1
1 P_5 116 116 0.286382 0.29275 0.2990685 1 1 1
1 P_5 117 117 0.286382 0.29275 0.2990685 1 1 1
1 P_5 118 118 0.5 0.5 0.5 1 1 1
1 P_5 119 119 0 0 0 1 1 1
1 P_5 120 120 0.5 0.5 0.5 1 1 1
1 P_5 121 121 0.5 0.5 0.5 1 1 1
1 P_5 122 122 0 0 0 1 1 1
1 P_5 123 123 0.286382 0.29275 0.2990685 1 1 1
1 P_5 124 124 0 0 0 1 1 1
1 P_5 125 125 0.0722075 0.07675 0.081492 1 1 1
1 P_5 126 126 0.0722075 0.07675 0.081492 1 1 1
1 P_5 127 127 0.0722075 0.07675 0.081492 1 1 1
1 P_5 128 128 0.125012 0.1306 0.1363255 1 1 1
1 P_5 129 129 0 0 0 1 1 1
1 P_5 130 130 0.125012 0.1306 0.1363255 1 1 1
1 P_5 131 131 0 0 0 1 1 1
1 P_5 132 132 0.5 0.5 0.5 1 1 1
1 P_5 133 133 0.5 0.5 0.5 1 1 1
1 P_5 134 134 0 0 0 1 1 1
1 P_5 135 135 0 0 0 1 1 1
1 P_5 136 136 0 0 0 1 1 1
1 P_5 137 137 0.5 0.5 0.5 1 1 1
1 P_5 138 138 0 0 0 1 1 1
1 P_5 139 139 0.5 0.5 0.5 1 1 1
1 P_5 140 140 0 0 0 1 1 1
1 P_5 141 141 0.125012 0.1306 0.1363255 1 1 1
1 P_5 142 142 0 0 0 1 1 1
1 P_5 143 143 0.286382 0.29275 0.2990685 1 1 1
1 P_5 144 144 0.0722075 0.07675 0.081492 1 1 1
1 P_5 145 145 0.286382 0.29275 0.2990685 1 1 1
1 P_5 146 146 0.5 0.5 0.5 1 1 1
1 P_5 147 147 0 0 0 1 1 1
1 P_5 148 148 0 0 0 1 1 1
1 P_5 149 149 0.0722075 0.07675 0.081492 1 1 1
1 P_5 150 150 0 0 0 1 1 1
1 P_5 151 151 0.0722075 0.07675 0.081492 1 1 1
1 P_5 152 152 0 0 0 1 1 1
1 P_5 153 153 0 0 0 1 1 1
1 P_5 154 154 0 0 0 1 1 1
1 P_5 155 155 0 0 0 1 1 1
1 P_5 156 156 0.5 0.5 0.5 1 1 1
1 P_5 157 157 0.0722075 0.07675 0.081492 1 1 1
1 P_5 158 158 0.286382 0.29275 0.2990685 1 1 1
1 P_5 159 159 0.125012 0.1306 0.1363255 1 1 1
1 P_5 160 160 0.0722075 0.07675 0.081492 1 1 1
1 P_5 161 161 0 0 0 1 1 1
1 P_5 162 162 0 0 0 1 1 1
1 P_5 163 163 0 0 0 1 1 1
1 P_5 164 164 0.5 0.5 0.5 1 1 1
1 P_5 165 165 0.286382 0.29275 0.2990685 1 1 1
1 P_5 166 166 0.125012 0.1306 0.1363255 1 1 1
1 P_5 167 167 0 0 0 1 1 1
1 P_5 168 168 0 0 0 1 1 1
1 P_5 169 169 0 0 0 1 1 1
1 P_5 170 170 0.5 0.5 0.5 1 1 1
1 P_5 171 171 0.286382 0.29275 0.2990685 1 1 1
1 P_5 172 172 0.125012 0.1306 0.1363255 1 1 1
1 P_5 173 173 0 0 0 1 1 1
1 P_5 174 174 0.5 0.5 0.5 1 1 1
1 P_5 175 175 0.125012 0.1306 0.1363255 1 1 1
1 P_5 176 176 0.5 0.5 0.5 1 1 1
1 P_5 177 177 0 0 0 1 1 1
1 P_5 178 178 0.5 0.5 0.5 1 1 1
1 P_5 179 179 0 0 0 1 1 1
1 P_5 180 180 0.0722075 0.07675 0.081492 1 1 1
1 P_5 181 181 0.0722075 0.07675 0.081492 1 1 1
1 P_5 182 182 0.125012 0.1306 0.1363255 1 1 1
1 P_5 183 183 0.286382 0.29275 0.2990685 1 1 1
1 P_5 184 184 0.5 0.5 0.5 1 1 1
1 P_5 185 185 0.0722075 0.07675 0.081492 1 1 1
1 P_5 186 186 0.0722075 0.07675 0.081492 1 1 1
1 P_5 187 187 0 0 0 1 1 1
1 P_5 188 188 0.125012 0.1306 0.1363255 1 1 1
1 P_5 189 189 0.286382 0.29275 0.2990685 1 1 1
1 P_5 190 190 0.5 0.5 0.5 1 1 1
1 P_5 191 191 0.286382 0.29275 0.2990685 1 1 1
1 P_5 192 192 0 0 0 1 1 1
1 P_5 193 193 0.125012 0.1306 0.1363255 1 1 1
1 P_5 194 194 0 0 0 1 1 1
1 P_5 195 195 0 0 0 1 1 1
1 P_5 196 196 0.0722075 0.07675 0.081492 1 1 1
1 P_5 197 197 0.5 0.5 0.5 1 1 1
1 P_5 198 198 0.125012 0.1306 0.1363255 1 1 1
1 P_5 199 199 0 0 0 1 1 1
1 P_5 200 200 0 0 0 1 1 1
1 P_5 201 201 0.5 0.5 0.5 1 1 1
1 P_5 202 202 0 0 0 1 1 1
1 P_5 203 203 0 0 0 1 1 1
1 P_5 204 204 0.286382 0.29275 0.2990685 1 1 1
1 P_5 205 205 0.5 0.5 0.5 1 1 1
1 P_5 206 206 0.0722075 0.07675 0.081492 1 1 1
1 P_5 207 207 0 0 0 1 1 1
1 P_5 208 208 0 0 0 1 1 1
1 P_5 209 209 0.125012 0.1306 0.1363255 1 1 1
1 P_5 210 210 0.125012 0.1306 0.1363255 1 1 1
1 P_5 211 211 0 0 0 1 1 1
1 P_5 212 212 0 0 0 1 1 1
1 P_5 213 213 0 0 0 1 1 1
1 P_5 214 214 0.5 0.5 0.5 1 1 1
1 P_5 215 215 0.5 0.5 0.5 1 1 1
1 P_5 216 216 0 0 0 1 1 1
1 P_5 217 217 0 0 0 1 1 1
1 P_5 218 218 0.0722075 0.07675 0.081492 1 1 1
1 P_5 219 219 0.0722075 0.07675 0.081492 1 1 1
1 P_5 220 220 0 0 0 1 1 1
1 P_5 221 221 0 0 0 1 1 1
1 P_5 222 222 0.125012 0.1306 0.1363255 1 1 1
1 P_5 223 223 0.5 0.5 0.5 1 1 1
1 P_5 224 224 0.125012 0.1306 0.1363255 1 1 1
1 P_5 225 225 0 0 0 1 1 1
1 P_5 226 226 0.0722075 0.07675 0.081492 1 1 1
1 P_5 227 227 0.286382 0.29275 0.2990685 1 1 1
1 P_5 228 228 0 0 0 1 1 1
1 P_5 229 229 0 0 0 1 1 1
1 P_5 230 230 0.125012 0.1306 0.1363255 1 1 1
1 P_5 231 231 0 0 0 1 1 1
1 P_5 232 232 0 0 0 1 1 1
1 P_5 233 233 0 0 0 1 1 1
1 P_5 234 234 0.5 0.5 0.5 1 1 1
1 P_5 235 235 0.0722075 0.07675 0.081492 1 1 1
1 P_5 236 236 0.5 0.5 0.5 1 1 1
1 P_5 237 237 0.286382 0.29275 0.2990685 1 1 1
1 P_5 238 238 0.5 0.5 0.5 1 1 1
1 P_5 239 239 0.5 0.5 0.5 1 1 1
1 P_5 240 240 0.5 0.5 0.5 1 1 1
1 P_5 241 241 0.5 0.5 0.5 1 1 1
1 P_5 242 242 0.286382 0.29275 0.2990685 1 1 1
1 P_5 243 243 0.0722075 0.07675 0.081492 1 1 1
1 P_5 244 244 0 0 0 1 1 1
1 P_5 245 245 0 0 0 1 1 1
1 P_5 246 246 0.286382 0.29275 0.2990685 1 1 1
1 P_5 247 247 0.0722075 0.07675 0.081492 1 1 1
1 P_5 248 248 0 0 0 1 1 1
1 P_5 249 249 0.5 0.5 0.5 1 1 1
1 P_5 250 250 0.5 0.5 0.5 1 1 1
1 P_5 251 251 0 0 0 1 1 1
1 P_5 252 252 0.5 0.5 0.5 1 1 1
1 P_5 253 253 0 0 0 1 1 1
1 P_5 254 254 0.125012 0.1306 0.1363255 1 1 1
1 P_5 255 255 0 0 0 1 1 1
1 P_5 256 256 0.0722075 0.07675 0.081492 1 1 1
1 P_5 257 257 0 0 0 1 1 1
1 P_5 258 258 0 0 0 1 1 1
1 P_5 259 259 0 0 0 1 1 1
1 P_5 260 260 0.286382 0.29275 0.2990685 1 1 1
1 P_5 261 261 0.125012 0.1306 0.1363255 1 1 1
1 P_5 262 262 0 0 0 1 1 1
1 P_5 263 263 0.286382 0.29275 0.2990685 1 1 1
1 P_5 264 264 0.286382 0.29275 0.2990685 1 1 1
1 P_5 265 265 0.286382 0.29275 0.2990685 1 1 1
1 P_5 266 266 0.125012 0.1306 0.1363255 1 1 1
1 P_5 267 267 0.286382 0.29275 0.2990685 1 1 1
1 P_5 268 268 0 0 0 1 1 1
1 P_5 269 269 0.125012 0.1306 0.1363255 1 1 1
1 P_5 270 270 0.0722075 0.07675 0.081492 1 1 1
1 P_5 271 271 0.125012 0.1306 0.1363255 1 1 1
1 P_5 272 272 0.0722075 0.07675 0.081492 1 1 1
1 P_5 273 273 0 0 0 1 1 1
1 P_5 274 274 0 0 0 1 1 1
1 P_5 275 275 0.5 0.5 0.5 1 1 1
1 P_5 276 276 0 0 0 1 1 1
1 P_5 277 277 0 0 0 1 1 1
1 P_5 278 278 0 0 0 1 1 1
1 P_5 279 279 0.5 0.5 0.5 1 1 1
1 P_5 280 280 0.5 0.5 0.5 1 1 1
1 P_5 281 281 0.5 0.5 0.5 1 1 1
1 P_5 282 282 0 0 0 1 1 1
1 P_5 283 283 0 0 0 1 1 1
1 P_5 284 284 0.0722075 0.07675 0.081492 1 1 1
1 P_5 285 285 0.125012 0.1306 0.1363255 1 1 1
1 P_5 286 286 0.125012 0.1306 0.1363255 1 1 1
1 P_5 287 287 0.5 0.5 0.5 1 1 1
1 P_5 288 288 0 0 0 1 1 1
1 P_5 289 289 0.5 0.5 0.5 1 1 1
1 P_5 290 290 0 0 0 1 1 1
1 P_5 291 291 0.286382 0.29275 0.2990685 1 1 1
1 P_5 292 292 0 0 0 1 1 1
1 P_5 293 293 0 0 0 1 1 1
1 P_5 294 294 0 0 0 1 1 1
1 P_5 295 295 0.286382 0.29275 0.2990685 1 1 1
1 P_5 296 296 0 0 0 1 1 1
1 P_5 297 297 0.5 0.5 0.5 1 1 1
1 P_5 298 298 0 0 0 1 1 1
1 P_5 299 299 0 0 0 1 1 1
1 P_5 300 300 0.125012 0.1306 0.1363255 1 1 1
1 P_5 301 301 0.5 0.5 0.5 1 1 1
1 P_5 302 302 0.5 0.5 0.5 1 1 1
1 P_5 303 303 0 0 0 1 1 1
1 P_5 304 304 0.286382 0.29275 0.2990685 1 1 1
1 P_5 305 305 0.0722075 0.07675 0.081492 1 1 1
1 P_5 306 306 0 0 0 1 1 1
1 P_5 307 307 0.5 0.5 0.5 1 1 1
1 P_5 308 308 0 0 0 1 1 1
1 P_5 309 309 0.0722075 0.07675 0.081492 1 1 1
1 P_5 310 310 0 0 0 1 1 1
1 P_5 311 311 0.286382 0.29275 0.2990685 1 1 1
1 P_5 312 312 0.0722075 0.07675 0.081492 1 1 1
1 P_5 313 313 0 0 0 1 1 1
1 P_5 314 314 0 0 0 1 1 1
1 P_5 315 315 0 0 0 1 1 1
1 P_5 316 316 0.286382 0.29275 0.2990685 1 1 1
1 P_5 317 317 0 0 0 1 1 1
1 P_5 318 318 0.0722075 0.07675 0.081492 1 1 1
1 P_5 319 319 0.286382 0.29275 0.2990685 1 1 1
1 P_5 320 320 0.125012 0.1306 0.1363255 1 1 1
1 P_5 321 321 0.0722075 0.07675 0.081492 1 1 1
1 P_5 322 322 0.5 0.5 0.5 1 1 1
1 P_5 323 323 0 0 0 1 1 1
1 P_5 324 324 0 0 0 1 1 1
1 P_5 325 325 0.125012 0.1306 0.1363255 1 1 1
1 P_5 326 326 0 0 0 1 1 1
1 P_5 327 327 0 0 0 1 1 1
1 P_5 328 328 0 0 0 1 1 1
1 P_5 329 329 0.0722075 0.07675 0.081492 1 1 1
1 P_5 330 330 0 0 0 1 1 1
1 P_5 331 331 0.0722075 0.07675 0.081492 1 1 1
1 P_5 332 332 0 0 0 1 1 1
1 P_5 333 333 0.5 0.5 0.5 1 1 1
1 P_5 334 334 0 0 0 1 1 1
1 P_5 335 335 0 0 0 1 1 1
1 P_5 336 336 0.286382 0.29275 0.2990685 1 1 1
1 P_5 337 337 0.0722075 0.07675 0.081492 1 1 1
1 P_5 338 338 0 0 0 1 1 1
1 P_5 339 339 0.5 0.5 0.5 1 1 1
1 P_5 340 340 0 0 0 1 1 1
1 P_5 341 341 0.0722075 0.07675 0.081492 1 1 1
1 P_5 342 342 0.5 0.5 0.5 1 1 1
1 P_5 343 343 0.286382 0.29275 0.2990685 1 1 1
1 P_5 344 344 0.286382 0.29275 0.2990685 1 1 1
1 P_5 345 345 0.5 0.5 0.5 1 1 1
1 P_5 346 346 0.0722075 0.07675 0.081492 1 1 1
1 P_5 347 347 0.125012 0.1306 0.1363255 1 1 1
1 P_5 348 348 0.0722075 0.07675 0.081492 1 1 1
1 P_5 349 349 0.5 0.5 0.5 1 1 1
1 P_5 350 350 0.125012 0.1306 0.1363255 1 1 1
1 P_5 351 351 0.0722075 0.07675 0.081492 1 1 1
1 P_5 352 352 0.286382 0.29275 0.2990685 1 1 1
1 P_5 353 353 0.125012 0.1306 0.1363255 1 1 1
1 P_5 354 354 0.0722075 0.07675 0.081492 1 1 1
1 P_5 355 355 0 0 0 1 1 1
1 P_5 356 356 0.125012 0.1306 0.1363255 1 1 1
1 P_5 357 357 0 0 0 1 1 1
1 P_5 358 358 0.0722075 0.07675 0.081492 1 1 1
1 P_5 359 359 0.286382 0.29275 0.2990685 1 1 1
1 P_5 360 360 0 0 0 1 1 1
1 P_5 361 361 0 0 0 1 1 1
1 P_5 362 362 0.0722075 0.07675 0.081492 1 1 1
1 P_5 363 363 0 0 0 1 1 1
1 P_5 364 364 0.286382 0.29275 0.2990685 1 1 1
1 P_5 365 365 0 0 0 1 1 1
1 P_5 366 366 0 0 0 1 1 1
1 P_5 367 367 0.125012 0.1306 0.1363255 1 1 1
1 P_5 368 368 0.5 0.5 0.5 1 1 1
1 P_5 369 369 0.5 0.5 0.5 1 1 1
1 P_5 370 370 0.5 0.5 0.5 1 1 1
1 P_5 371 371 0.286382 0.29275 0.2990685 1 1 1
1 P_5 372 372 0.286382 0.29275 0.2990685 1 1 1
1 P_5 373 373 0.0722075 0.07675 0.081492 1 1 1
1 P_5 374 374 0.5 0.5 0.5 1 1 1
1 P_5 375 375 0 0 0 1 1 1
1 P_5 376 376 0.5 0.5 0.5 1 1 1
1 P_5 377 377 0 0 0 1 1 1
1 P_5 378 378 0 0 0 1 1 1
1 P_5 379 379 0.286382 0.29275 0.2990685 1 1 1
1 P_5 380 380 0 0 0 1 1 1
1 P_5 381 381 0 0 0 1 1 1
1 P_5 382 382 0.286382 0.29275 0.2990685 1 1 1
1 P_5 383 383 0.125012 0.1306 0.1363255 1 1 1
1 P_5 384 384 0.5 0.5 0.5 1 1 1
1 P_5 385 385 0.286382 0.29275 0.2990685 1 1 1
1 P_5 386 386 0.5 0.5 0.5 1 1 1
1 P_5 387 387 0 0 0 1 1 1
1 P_5 388 388 0 0 0 1 1 1
1 P_5 389 389 0 0 0 1 1 1
1 P_5 390 390 0.0722075 0.07675 0.081492 1 1 1
1 P_5 391 391 0.286382 0.29275 0.2990685 1 1 1
1 P_5 392 392 0 0 0 1 1 1
1 P_5 393 393 0.5 0.5 0.5 1 1 1
1 P_5 394 394 0.0722075 0.07675 0.081492 1 1 1
1 P_5 395 395 0 0 0 1 1 1
1 P_5 396 396 0.5 0.5 0.5 1 1 1
1 P_5 397 397 0.0722075 0.07675 0.081492 1 1 1
1 P_5 398 398 0 0 0 1 1 1
1 P_5 399 399 0.5 0.5 0.5 1 1 1
1 P_5 400 400 0.286382 0.29275 0.2990685 1 1 1
1 P_5 401 401 0 0 0 1 1 1
1 P_5 402 402 0.0722075 0.07675 0.081492 1 1 1
1 P_5 403 403 0 0 0 1 1 1
1 P_5 404 404 0 0 0 1 1 1
1 P_5 405 405 0.286382 0.29275 0.2990685 1 1 1
1 P_5 406 406 0.0722075 0.07675 0.081492 1 1 1
1 P_5 407 407 0 0 0 1 1 1
1 P_5 408 408 0 0 0 1 1 1
1 P_5 409 409 0 0 0 1 1 1
1 P_5 410 410 0.5 0.5 0.5 1 1 1
1 P_5 411 411 0 0 0 1 1 1
1 P_5 412 412 0.5 0.5 0.5 1 1 1
1 P_5 413 413 0 0 0 1 1 1
1 P_5 414 414 0 0 0 1 1 1
1 P_5 415 415 0.0722075 0.07675 0.081492 1 1 1
1 P_5 416 416 0 0 0 1 1 1
1 P_5 417 417 0 0 0 1 1 1
1 P_5 418 418 0.286382 0.29275 0.2990685 1 1 1
1 P_5 419 419 0.286382 0.29275 0.2990685 1 1 1
1 P_5 420 420 0.5 0.5 0.5 1 1 1
1 P_5 421 421 0 0 0 1 1 1
1 P_5 422 422 0.125012 0.1306 0.1363255 1 1 1
1 P_5 423 423 0 0 0 1 1 1
1 P_5 424 424 0.0722075 0.07675 0.081492 1 1 1
1 P_5 425 425 0.125012 0.1306 0.1363255 1 1 1
1 P_5 426 426 0.5 0.5 0.5 1 1 1
1 P_5 427 427 0 0 0 1 1 1
1 P_5 428 428 0.286382 0.29275 0.2990685 1 1 1
1 P_5 429 429 0.5 0.5 0.5 1 1 1
1 P_5 430 430 0.0722075 0.07675 0.081492 1 1 1
1 P_5 431 431 0 0 0 1 1 1
1 P_5 432 432 0 0 0 1 1 1
1 P_5 433 433 0.5 0.5 0.5 1 1 1
1 P_5 434 434 0.5 0.5 0.5 1 1 1
1 P_5 435 435 0.286382 0.29275 0.2990685 1 1 1
1 P_5 436 436 0 0 0 1 1 1
1 P_5 437 437 0.5 0.5 0.5 1 1 1
1 P_5 438 438 0.5 0.5 0.5 1 1 1
1 P_5 439 439 0 0 0 1 1 1
1 P_5 440 440 0.0722075 0.07675 0.081492 1 1 1
1 P_5 441 441 0 0 0 1 1 1
1 P_5 442 442 0 0 0 1 1 1
1 P_5 443 443 0 0 0 1 1 1
1 P_5 444 444 0.0722075 0.07675 0.081492 1 1 1
1 P_5 445 445 0.286382 0.29275 0.2990685 1 1 1
1 P_5 446 446 0 0 0 1 1 1
1 P_5 447 447 0.5 0.5 0.5 1 1 1
1 P_5 448 448 0.286382 0.29275 0.2990685 1 1 1
1 P_5 449 449 0.286382 0.29275 0.2990685 1 1 1
1 P_5 450 450 0.5 0.5 0.5 1 1 1
1 P_5 451 451 0 0 0 1 1 1
1 P_5 452 452 0 0 0 1 1 1
1 P_5 453 453 0 0 0 1 1 1
1 P_5 454 454 0.125012 0.1306 0.1363255 1 1 1
1 P_5 455 455 0 0 0 1 1 1
1 P_5 456 456 0 0 0 1 1 1
1 P_5 457 457 0.286382 0.29275 0.2990685 1 1 1
1 P_5 458 458 0 0 0 1 1 1
1 P_5 459 459 0.286382 0.29275 0.2990685 1 1 1
1 P_5 460 460 0 0 0 1 1 1
1 P_5 461 461 0 0 0 1 1 1
1 P_5 462 462 0.286382 0.29275 0.2990685 1 1 1
1 P_5 463 463 0.0722075 0.07675 0.081492 1 1 1
1 P_5 464 464 0.125012 0.1306 0.1363255 1 1 1
1 P_5 465 465 0 0 0 1 1 1
1 P_5 466 466 0.5 0.5 0.5 1 1 1
1 P_5 467 467 0.0722075 0.07675 0.081492 1 1 1
1 P_5 468 468 0 0 0 1 1 1
1 P_5 469 469 0.0722075 0.07675 0.081492 1 1 1
1 P_5 470 470 0.0722075 0.07675 0.081492 1 1 1
1 P_5 471 471 0 0 0 1 1 1
1 P_5 472 472 0.0722075 0.07675 0.081492 1 1 1
1 P_5 473 473 0 0 0 1 1 1
1 P_5 474 474 0.5 0.5 0.5 1 1 1
1 P_5 475 475 0.5 0.5 0.5 1 1 1
1 P_5 476 476 0 0 0 1 1 1
1 P_5 477 477 0.5 0.5 0.5 1 1 1
1 P_5 478 478 0.5 0.5 0.5 1 1 1
1 P_5 479 479 0 0 0 1 1 1
1 P_5 480 480 0 0 0 1 1 1
1 P_5 481 481 0.5 0.5 0.5 1 1 1
1 P_5 482 482 0.0722075 0.07675 0.081492 1 1 1
1 P_5 483 483 0.5 0.5 0.5 1 1 1
1 P_5 484 484 0.0722075 0.07675 0.081492 1 1 1
1 P_5 485 485 0 0 0 1 1 1
1 P_5 486 486 0.125012 0.1306 0.1363255 1 1 1
1 P_5 487 487 0.5 0.5 0.5 1 1 1
1 P_5 488 488 0 0 0 1 1 1
1 P_5 489 489 0.0722075 0.07675 0.081492 1 1 1
1 P_5 490 490 0 0 0 1 1 1
1 P_5 491 491 0.0722075 0.07675 0.081492 1 1 1
1 P_5 492 492 0.5 0.5 0.5 1 1 1
1 P_5 493 493 0 0 0 1 1 1
1 P_5 494 494 0 0 0 1 1 1
1 P_5 495 495 0.0722075 0.07675 0.081492 1 1 1
1 P_5 496 496 0.5 0.5 0.5 1 1 1
1 P_5 497 497 0 0 0 1 1 1
1 P_5 498 498 0.0722075 0.07675 0.081492 1 1 1
1 P_5 499 499 0.125012 0.1306 0.1363255 1 1 1
1 P_5 500 500 0.5 0.5 0.5 1 1 1
1 P_5 501 501 0.286382 0.29275 0.2990685 1 1 1
1 P_5 502 502 0.125012 0.1306 0.1363255 1 1 1
1 P_5 503 503 0.286382 0.29275 0.2990685 1 1 1
1 P_5 504 504 0.0722075 0.07675 0.081492 1 1 1
1 P_5 505 505 0 0 0 1 1 1
1 P_5 506 506 0.125012 0.1306 0.1363255 1 1 1
1 P_5 507 507 0.0722075 0.07675 0.081492 1 1 1
1 P_5 508 508 0.0722075 0.07675 0.081492 1 1 1
1 P_5 509 509 0 0 0 1 1 1
1 P_5 510 510 0.125012 0.1306 0.1363255 1 1 1
1 P_5 511 511 0.5 0.5 0.5 1 1 1
1 P_5 512 512 0.125012 0.1306 0.1363255 1 1 1
1 P_5 513 513 0.5 0.5 0.5 1 1 1
1 P_5 514 514 0.125012 0.1306 0.1363255 1 1 1
1 P_5 515 515 0 0 0 1 1 1
1 P_5 516 516 0 0 0 1 1 1
1 P_5 517 517 0 0 0 1 1 1
1 P_5 518 518 0.286382 0.29275 0.2990685 1 1 1
1 P_5 519 519 0.0722075 0.07675 0.081492 1 1 1
1 P_5 520 520 0.125012 0.1306 0.1363255 1 1 1
1 P_5 521 521 0.0722075 0.07675 0.081492 1 1 1
1 P_5 522 522 0.0722075 0.07675 0.081492 1 1 1
1 P_5 523 523 0.0722075 0.07675 0.081492 1 1 1
1 P_5 524 524 0.0722075 0.07675 0.081492 1 1 1
1 P_5 525 525 0 0 0 1 1 1
1 P_5 526 526 0.5 0.5 0.5 1 1 1
1 P_5 527 527 0 0 0 1 1 1
1 P_5 528 528 0 0 0 1 1 1
1 P_5 529 529 0 0 0 1 1 1
1 P_5 530 530 0 0 0 1 1 1
1 P_5 531 531 0.125012 0.1306 0.1363255 1 1 1
1 P_5 532 532 0 0 0 1 1 1
1 P_5 533 533 0.0722075 0.07675 0.081492 1 1 1
1 P_5 534 534 0.0722075 0.07675 0.081492 1 1 1
1 P_5 535 535 0 0 0 1 1 1
1 P_5 536 536 0.286382 0.29275 0.2990685 1 1 1
1 P_5 537 537 0.0722075 0.07675 0.081492 1 1 1
1 P_5 538 538 0.125012 0.1306 0.1363255 1 1 1
1 P_5 539 539 0.0722075 0.07675 0.081492 1 1 1
1 P_5 540 540 0 0 0 1 1 1
1 P_5 541 541 0 0 0 1 1 1
1 P_5 542 542 0.5 0.5 0.5 1 1 1
1 P_5 543 543 0 0 0 1 1 1
1 P_5 544 544 0 0 0 1 1 1
1 P_5 545 545 0 0 0 1 1 1
1 P_5 546 546 0 0 0 1 1 1
1 P_5 547 547 0 0 0 1 1 1
1 P_5 548 548 0.125012 0.1306 0.1363255 1 1 1
1 P_5 549 549 0.125012 0.1306 0.1363255 1 1 1
1 P_5 550 550 0 0 0 1 1 1
1 P_5 551 551 0 0 0 1 1 1
1 P_5 552 552 0 0 0 1 1 1
1 P_5 553 553 0.5 0.5 0.5 1 1 1
1 P_5 554 554 0.5 0.5 0.5 1 1 1
1 P_5 555 555 0 0 0 1 1 1
1 P_5 556 556 0.5 0.5 0.5 1 1 1
1 P_5 557 557 0 0 0 1 1 1
1 P_5 558 558 0.125012 0.1306 0.1363255 1 1 1
1 P_5 559 559 0 0 0 1 1 1
1 P_5 560 560 0 0 0 1 1 1
1 P_5 561 561 0 0 0 1 1 1
1 P_5 562 562 0.286382 0.29275 0.2990685 1 1 1
1 P_5 563 563 0.5 0.5 0.5 1 1 1
1 P_5 564 564 0.5 0.5 0.5 1 1 1
1 P_5 565 565 0.125012 0.1306 0.1363255 1 1 1
1 P_5 566 566 0.5 0.5 0.5 1 1 1
1 P_5 567 567 0.125012 0.1306 0.1363255 1 1 1
1 P_5 568 568 0.0722075 0.07675 0.081492 1 1 1
1 P_5 569 569 0 0 0 1 1 1
1 P_5 570 570 0 0 0 1 1 1
1 P_5 571 571 0 0 0 1 1 1
1 P_5 572 572 0 0 0 1 1 1
1 P_5 573 573 0 0 0 1 1 1
1 P_5 574 574 0 0 0 1 1 1
1 P_5 575 575 0 0 0 1 1 1
1 P_5 576 576 0.5 0.5 0.5 1 1 1
1 P_5 577 577 0.286382 0.29275 0.2990685 1 1 1
1 P_5 578 578 0 0 0 1 1 1
1 P_5 579 579 0.286382 0.29275 0.2990685 1 1 1
1 P_5 580 580 0.286382 0.29275 0.2990685 1 1 1
1 P_5 581 581 0.5 0.5 0.5 1 1 1
1 P_5 582 582 0.0722075 0.07675 0.081492 1 1 1
1 P_5 583 583 0 0 0 1 1 1
1 P_5 584 584 0.125012 0.1306 0.1363255 1 1 1
1 P_5 585 585 0.0722075 0.07675 0.081492 1 1 1
1 P_5 586 586 0.0722075 0.07675 0.081492 1 1 1
1 P_5 587 587 0 0 0 1 1 1
1 P_5 588 588 0.5 0.5 0.5 1 1 1
1 P_5 589 589 0.0722075 0.07675 0.081492 1 1 1
1 P_5 590 590 0 0 0 1 1 1
1 P_5 591 591 0 0 0 1 1 1
1 P_5 592 592 0 0 0 1 1 1
1 P_5 593 593 0 0 0 1 1 1
1 P_5 594 594 0.286382 0.29275 0.2990685 1 1 1
1 P_5 595 595 0 0 0 1 1 1
1 P_5 596 596 0 0 0 1 1 1
1 P_5 597 597 0.5 0.5 0.5 1 1 1
1 P_5 598 598 0 0 0 1 1 1
1 P_5 599 599 0.0722075 0.07675 0.081492 1 1 1
1 P_5 600 600 0.0722075 0.07675 0.081492 1 1 1
