5 #m
38 #n
0 P_1 0 0 0.5 0.5 0.5 1 1 1
0 P_1 1 1 0.34113 0.3607800650054171 0.379054 1 1 1
0 P_1 2 2 0 0 0 1 1 1
0 P_1 3 3 0.349791 0.3684475806451613 0.385735 1 1 1
0 P_1 4 4 0 0 0 1 1 1
0 P_1 5 5 0 0 0 1 1 1
0 P_1 6 6 0 0 0 1 1 1
0 P_1 7 7 0 0 0 1 1 1
0 P_1 8 8 0 0 0 1 1 1
0 P_1 9 9 0 0 0 1 1 1
0 P_1 10 10 0.112867 0.12970106075216972 0.1478655 1 1 1
0 P_1 11 11 0.1128285 0.13004032258064516 0.148639 1 1 1
0 P_1 12 12 0 0 0 1 1 1
0 P_1 13 13 0.1125565 0.12955665024630542 0.147918 1 1 1
0 P_1 14 14 0 0 0 1 1 1
0 P_1 15 15 0.5 0.5 0.5 1 1 1
0 P_1 16 16 0.5 0.5 0.5 1 1 1
0 P_1 17 17 0.5 0.5 0.5 1 1 1
0 P_1 18 18 0.1323955 0.15024390243902438 0.1692085 1 1 1
0 P_1 19 19 0 0 0 1 1 1
0 P_1 20 20 0.1197495 0.1372255489021956 0.1559925 1 1 1
0 P_1 21 21 0.1204275 0.1381243628950051 0.157129 1 1 1
0 P_1 22 22 0.5 0.5 0.5 1 1 1
0 P_1 23 23 0 0 0 1 1 1
0 P_1 24 24 0 0 0 1 1 1
0 P_1 25 25 0.121759 0.13891531874405327 0.157284 1 1 1
0 P_1 26 26 0 0 0 1 1 1
0 P_1 27 27 0 0 0 1 1 1
0 P_1 28 28 0 0 0 1 1 1
0 P_1 29 29 0 0 0 1 1 1
0 P_1 30 30 0 0 0 1 1 1
0 P_1 31 31 0.5 0.5 0.5 1 1 1
0 P_1 32 32 0.1222855 0.14031413612565444 0.15966 1 1 1
0 P_1 33 33 0 0 0 1 1 1
0 P_1 34 34 0 0 0 1 1 1
0 P_1 35 35 0 0 0 1 1 1
0 P_1 36 36 0.118992 0.1366906474820144 0.1557245 1 1 1
0 P_1 37 37 0.1179095 0.13565488565488565 0.154763 1 1 1
1 P_0 0 0 0.5 0.5 0.5 1 1 1
1 P_0 1 1 0 0 0 1 1 1
1 P_0 2 2 0 0 0 1 1 1
1 P_0 3 3 0 0 0 1 1 1
1 P_0 4 4 0 0 0 1 1 1
1 P_0 5 5 0 0 0 1 1 1
1 P_0 6 6 0 0 0 1 1 1
1 P_0 7 7 0 0 0 1 1 1
1 P_0 8 8 0 0 0 1 1 1
1 P_0 9 9 0 0 0 1 1 1
1 P_0 10 10 0.5 0.5 0.5 1 1 1
1 P_0 11 11 0.5 0.5 0.5 1 1 1
1 P_0 12 12 0 0 0 1 1 1
1 P_0 13 13 0.5 0.5 0.5 1 1 1
1 P_0 14 14 0 0 0 1 1 1
1 P_0 15 15 0.5 0.5 0.5 1 1 1
1 P_0 16 16 0.5 0.5 0.5 1 1 1
1 P_0 17 17 0.5 0.5 0.5 1 1 1
1 P_0 18 18 0.5 0.5 0.5 1 1 1
1 P_0 19 19 0 0 0 1 1 1
1 P_0 20 20 0.5 0.5 0.5 1 1 1
1 P_0 21 21 0.5 0.5 0.5 1 1 1
1 P_0 22 22 0.5 0.5 0.5 1 1 1
1 P_0 23 23 0 0 0 1 1 1
1 P_0 24 24 0 0 0 1 1 1
1 P_0 25 25 0.5 0.5 0.5 1 1 1
1 P_0 26 26 0 0 0 1 1 1
1 P_0 27 27 0 0 0 1 1 1
1 P_0 28 28 0 0 0 1 1 1
1 P_0 29 29 0 0 0 1 1 1
1 P_0 30 30 0 0 0 1 1 1
1 P_0 31 31 0.5 0.5 0.5 1 1 1
1 P_0 32 32 0.5 0.5 0.5 1 1 1
1 P_0 33 33 0 0 0 1 1 1
1 P_0 34 34 0 0 0 1 1 1
1 P_0 35 35 0 0 0 1 1 1
1 P_0 36 36 0.5 0.5 0.5 1 1 1
1 P_0 37 37 0.5 0.5 0.5 1 1 1
2 P_5 0 0 0.3707515 0.38866189989785493 0.404948 1 1 1
2 P_5 1 1 0 0 0 1 1 1
2 P_5 2 2 0 0 0 1 1 1
2 P_5 3 3 0 0 0 1 1 1
2 P_5 4 4 0 0 0 1 1 1
2 P_5 5 5 0 0 0 1 1 1
2 P_5 6 6 0 0 0 1 1 1
2 P_5 7 7 0.08807 0.10349854227405247 0.12056 1 1 1
2 P_5 8 8 0 0 0 1 1 1
2 P_5 9 9 0 0 0 1 1 1
2 P_5 10 10 0 0 0 1 1 1
2 P_5 11 11 0 0 0 1 1 1
2 P_5 12 12 0.0931525 0.10869565217391304 0.1257705 1 1 1
2 P_5 13 13 0 0 0 1 1 1
2 P_5 14 14 0.092081 0.10776699029126213 0.1250365 1 1 1
2 P_5 15 15 0.5 0.5 0.5 1 1 1
2 P_5 16 16 0.5 0.5 0.5 1 1 1
2 P_5 17 17 0.5 0.5 0.5 1 1 1
2 P_5 18 18 0 0 0 1 1 1
2 P_5 19 19 0.0957055 0.11221294363256785 0.1303695 1 1 1
2 P_5 20 20 0 0 0 1 1 1
2 P_5 21 21 0 0 0 1 1 1
2 P_5 22 22 0.5 0.5 0.5 1 1 1
2 P_5 23 23 0 0 0 1 1 1
2 P_5 24 24 0 0 0 1 1 1
2 P_5 25 25 0 0 0 1 1 1
2 P_5 26 26 0 0 0 1 1 1
2 P_5 27 27 0 0 0 1 1 1
2 P_5 28 28 0 0 0 1 1 1
2 P_5 29 29 0.386317 0.4033232628398791 0.418559 1 1 1
2 P_5 30 30 0 0 0 1 1 1
2 P_5 31 31 0.5 0.5 0.5 1 1 1
2 P_5 32 32 0 0 0 1 1 1
2 P_5 33 33 0 0 0 1 1 1
2 P_5 34 34 0 0 0 1 1 1
2 P_5 35 35 0.0897915 0.10536585365853658 0.122558 1 1 1
2 P_5 36 36 0 0 0 1 1 1
2 P_5 37 37 0.3629335 0.381 0.397564 1 1 1
3 P_3 0 0 0.3715165 0.3887310606060606 0.404439 1 1 1
3 P_3 1 1 0.086082 0.10124164278892073 0.118031 1 1 1
3 P_3 2 2 0 0 0 1 1 1
3 P_3 3 3 0.076991 0.09186746987951808 0.1085645 1 1 1
3 P_3 4 4 0.093063 0.10859301227573183 0.1256545 1 1 1
3 P_3 5 5 0 0 0 1 1 1
3 P_3 6 6 0 0 0 1 1 1
3 P_3 7 7 0.0923625 0.10836693548387097 0.1260085 1 1 1
3 P_3 8 8 0 0 0 1 1 1
3 P_3 9 9 0 0 0 1 1 1
3 P_3 10 10 0 0 0 1 1 1
3 P_3 11 11 0.267118 0.2869399428026692 0.306358 1 1 1
3 P_3 12 12 0.0917015 0.10764587525150905 0.1252325 1 1 1
3 P_3 13 13 0.2909375 0.3108910891089109 0.3301535 1 1 1
3 P_3 14 14 0.081608 0.09687184661957618 0.1139075 1 1 1
3 P_3 15 15 0.5 0.5 0.5 1 1 1
3 P_3 16 16 0.5 0.5 0.5 1 1 1
3 P_3 17 17 0.5 0.5 0.5 1 1 1
3 P_3 18 18 0.2776785 0.2980671414038657 0.317895 1 1 1
3 P_3 19 19 0.096007 0.11174242424242424 0.1289795 1 1 1
3 P_3 20 20 0.2886725 0.3091286307053942 0.328881 1 1 1
3 P_3 21 21 0 0 0 1 1 1
3 P_3 22 22 0.5 0.5 0.5 1 1 1
3 P_3 23 23 0 0 0 1 1 1
3 P_3 24 24 0 0 0 1 1 1
3 P_3 25 25 0.2699985 0.2902902902902903 0.3101195 1 1 1
3 P_3 26 26 0 0 0 1 1 1
3 P_3 27 27 0 0 0 1 1 1
3 P_3 28 28 0 0 0 1 1 1
3 P_3 29 29 0 0 0 1 1 1
3 P_3 30 30 0 0 0 1 1 1
3 P_3 31 31 0.5 0.5 0.5 1 1 1
3 P_3 32 32 0.273328 0.2935323383084577 0.31324 1 1 1
3 P_3 33 33 0 0 0 1 1 1
3 P_3 34 34 0 0 0 1 1 1
3 P_3 35 35 0.080615 0.09571286141575275 0.112575 1 1 1
3 P_3 36 36 0.265361 0.28564307078763707 0.3055175 1 1 1
3 P_3 37 37 0.2847225 0.30493951612903225 0.3245215 1 1 1
4 P_8 0 0 0.5 0.5 0.5 1 1 1
4 P_8 1 1 0.252929 0.2733199598796389 0.2934425 1 1 1
4 P_8 2 2 0 0 0 1 1 1
4 P_8 3 3 0.2477625 0.2682926829268293 0.28861 1 1 1
4 P_8 4 4 0.059802 0.07294685990338164 0.0880535 1 1 1
4 P_8 5 5 0 0 0 1 1 1
4 P_8 6 6 0 0 0 1 1 1
4 P_8 7 7 0 0 0 1 1 1
4 P_8 8 8 0 0 0 1 1 1
4 P_8 9 9 0 0 0 1 1 1
4 P_8 10 10 0.101017 0.11805555555555555 0.13671 1 1 1
4 P_8 11 11 0.0988115 0.11476190476190476 0.1321895 1 1 1
4 P_8 12 12 0 0 0 1 1 1
4 P_8 13 13 0.0987305 0.1150398406374502 0.1328905 1 1 1
4 P_8 14 14 0 0 0 1 1 1
4 P_8 15 15 0.5 0.5 0.5 1 1 1
4 P_8 16 16 0.5 0.5 0.5 1 1 1
4 P_8 17 17 0.5 0.5 0.5 1 1 1
4 P_8 18 18 0.1030185 0.1198559670781893 0.1382285 1 1 1
4 P_8 19 19 0 0 0 1 1 1
4 P_8 20 20 0.097466 0.11348205625606207 0.131017 1 1 1
4 P_8 21 21 0.0947165 0.11083249749247744 0.128549 1 1 1
4 P_8 22 22 0.5 0.5 0.5 1 1 1
4 P_8 23 23 0.168592 0.18842105263157893 0.208993 1 1 1
4 P_8 24 24 0 0 0 1 1 1
4 P_8 25 25 0.092651 0.10873983739837398 0.1264745 1 1 1
4 P_8 26 26 0.1588165 0.17799188640973632 0.198005 1 1 1
4 P_8 27 27 0.1680895 0.18775933609958506 0.2081695 1 1 1
4 P_8 28 28 0 0 0 1 1 1
4 P_8 29 29 0.099605 0.11643835616438356 0.1348855 1 1 1
4 P_8 30 30 0 0 0 1 1 1
4 P_8 31 31 0.5 0.5 0.5 1 1 1
4 P_8 32 32 0.0949685 0.11073825503355705 0.128039 1 1 1
4 P_8 33 33 0 0 0 1 1 1
4 P_8 34 34 0 0 0 1 1 1
4 P_8 35 35 0 0 0 1 1 1
4 P_8 36 36 0.092654 0.10878447395301327 0.1265685 1 1 1
4 P_8 37 37 0.211012 0.23076923076923078 0.2507385 1 1 1
