2 #m
60 #n
0 P_3 0 0 0.2592785 0.2798165137614679 0.300006 1 1 1
0 P_3 1 1 0.2375095 0.2574162679425837 0.2772415 1 1 1
0 P_3 2 2 0.2311875 0.250945179584121 0.2706925 1 1 1
0 P_3 3 3 0 0 0 1 1 1
0 P_3 4 4 0.239144 0.2595190380761523 0.2797845 1 1 1
0 P_3 5 5 0.116056 0.13367875647668392 0.1526835 1 1 1
0 P_3 6 6 0 0 0 1 1 1
0 P_3 7 7 0 0 0 1 1 1
0 P_3 8 8 0.213112 0.23336693548387097 0.253814 1 1 1
0 P_3 9 9 0.245907 0.2658959537572254 0.285709 1 1 1
0 P_3 10 10 0.256346 0.27697841726618705 0.297293 1 1 1
0 P_3 11 11 0.234853 0.2548169556840077 0.27472800000000003 1 1 1
0 P_3 12 12 0.2505295 0.2707920792079208 0.2908185 1 1 1
0 P_3 13 13 0.239641 0.26024590163934425 0.2807305 1 1 1
0 P_3 14 14 0.2403905 0.26071784646061813 0.2809225 1 1 1
0 P_3 15 15 0.2391495 0.25944333996023855 0.2796295 1 1 1
0 P_3 16 16 0.5 0.5 0.5 1 1 1
0 P_3 17 17 0.221091 0.24129353233830847 0.2615955 1 1 1
0 P_3 18 18 0.247813 0.26808721506442024 0.288156 1 1 1
0 P_3 19 19 0.2340485 0.2545918367346939 0.2750815 1 1 1
0 P_3 20 20 0.2584685 0.27871287128712874 0.298631 1 1 1
0 P_3 21 21 0.2520725 0.27258883248730964 0.292842 1 1 1
0 P_3 22 22 0.231025 0.2512363996043521 0.2714335 1 1 1
0 P_3 23 23 0.2340825 0.255047821466525 0.2759515 1 1 1
0 P_3 24 24 0.221165 0.24132804757185333 0.2615895 1 1 1
0 P_3 25 25 0.238884 0.25937183383991896 0.2797505 1 1 1
0 P_3 26 26 0.2426845 0.2632113821138211 0.2835845 1 1 1
0 P_3 27 27 0.241875 0.26216484607745777 0.282316 1 1 1
0 P_3 28 28 0.245272 0.2654260528893242 0.285407 1 1 1
0 P_3 29 29 0 0 0 1 1 1
0 P_3 30 30 0.219102 0.2396694214876033 0.2603595 1 1 1
0 P_3 31 31 0.2292935 0.2495049504950495 0.269722 1 1 1
0 P_3 32 32 0.2396435 0.26002004008016033 0.280281 1 1 1
0 P_3 33 33 0 0 0 1 1 1
0 P_3 34 34 0.2355725 0.25612244897959185 0.2766005 1 1 1
0 P_3 35 35 0.1133075 0.1309148264984227 0.149958 1 1 1
0 P_3 36 36 0 0 0 1 1 1
0 P_3 37 37 0.109708 0.12617702448210924 0.1439835 1 1 1
0 P_3 38 38 0.243966 0.26452599388379205 0.284916 1 1 1
0 P_3 39 39 0.215131 0.23605150214592274 0.257144 1 1 1
0 P_3 40 40 0.23657 0.2571868583162218 0.277719 1 1 1
0 P_3 41 41 0.243105 0.2633663366336634 0.283476 1 1 1
0 P_3 42 42 0.236829 0.25743589743589745 0.2779555 1 1 1
0 P_3 43 43 0 0 0 1 1 1
0 P_3 44 44 0 0 0 1 1 1
0 P_3 45 45 0.2386235 0.25918367346938775 0.279636 1 1 1
0 P_3 46 46 0.2477885 0.26772030651340994 0.2874575 1 1 1
0 P_3 47 47 0.2458455 0.2653247941445563 0.2846435 1 1 1
0 P_3 48 48 0.2481015 0.2684262948207171 0.2885405 1 1 1
0 P_3 49 49 0.2524265 0.2728184553660983 0.292948 1 1 1
0 P_3 50 50 0 0 0 1 1 1
0 P_3 51 51 0 0 0 1 1 1
0 P_3 52 52 0 0 0 1 1 1
0 P_3 53 53 0.2468775 0.2675983436853002 0.2881105 1 1 1
0 P_3 54 54 0.238092 0.2587991718426501 0.2794015 1 1 1
0 P_3 55 55 0.250136 0.2705 0.290629 1 1 1
0 P_3 56 56 0.243992 0.26461538461538464 0.2850665 1 1 1
0 P_3 57 57 0 0 0 1 1 1
0 P_3 58 58 0.238884 0.25937183383991896 0.2797505 1 1 1
0 P_3 59 59 0 0 0 1 1 1
1 P_9 0 0 0.212871 0.23284313725490197 0.253008 1 1 1
1 P_9 1 1 0.209283 0.2288135593220339 0.248573 1 1 1
1 P_9 2 2 0.2027175 0.2229591836734694 0.2435175 1 1 1
1 P_9 3 3 0 0 0 1 1 1
1 P_9 4 4 0.218995 0.23948717948717949 0.260103 1 1 1
1 P_9 5 5 0 0 0 1 1 1
1 P_9 6 6 0.2422615 0.26313025210084034 0.2838405 1 1 1
1 P_9 7 7 0 0 0 1 1 1
1 P_9 8 8 0 0 0 1 1 1
1 P_9 9 9 0.2119465 0.23253388946819603 0.25333 1 1 1
1 P_9 10 10 0.1998735 0.21953578336557059 0.239536 1 1 1
1 P_9 11 11 0.210978 0.23099703849950642 0.251231 1 1 1
1 P_9 12 12 0.2070895 0.22760416666666666 0.2483865 1 1 1
1 P_9 13 13 0.225425 0.24591836734693878 0.2664595 1 1 1
1 P_9 14 14 0.2088145 0.22879684418145957 0.249019 1 1 1
1 P_9 15 15 0.212004 0.23266806722689076 0.2535405 1 1 1
1 P_9 16 16 0.5 0.5 0.5 1 1 1
1 P_9 17 17 0.213641 0.23333333333333334 0.253208 1 1 1
1 P_9 18 18 0.2179945 0.2381188118811881 0.258378 1 1 1
1 P_9 19 19 0.2085725 0.22847358121330724 0.248616 1 1 1
1 P_9 20 20 0.2011095 0.22096456692913385 0.2411475 1 1 1
1 P_9 21 21 0.2125635 0.2329255861365953 0.2534875 1 1 1
1 P_9 22 22 0.212922 0.2335423197492163 0.25436 1 1 1
1 P_9 23 23 0.2092295 0.2289272030651341 0.2488565 1 1 1
1 P_9 24 24 0 0 0 1 1 1
1 P_9 25 25 0.2103275 0.23006724303554274 0.2500265 1 1 1
1 P_9 26 26 0.1958095 0.21562809099901087 0.2358365 1 1 1
1 P_9 27 27 0.209121 0.22916666666666666 0.2494495 1 1 1
1 P_9 28 28 0.2155335 0.2354368932038835 0.2555025 1 1 1
1 P_9 29 29 0.0591835 0.0725 0.0878515 1 1 1
1 P_9 30 30 0.212552 0.2326388888888889 0.2529235 1 1 1
1 P_9 31 31 0.200074 0.2202441505595117 0.2407615 1 1 1
1 P_9 32 32 0.201228 0.22093023255813954 0.2409555 1 1 1
1 P_9 33 33 0.0549325 0.06808731808731809 0.0834095 1 1 1
1 P_9 34 34 0.209336 0.22939424031777558 0.2496875 1 1 1
1 P_9 35 35 0.051532 0.06431535269709543 0.0793065 1 1 1
1 P_9 36 36 0 0 0 1 1 1
1 P_9 37 37 0.1411625 0.15917782026768643 0.178189 1 1 1
1 P_9 38 38 0.220913 0.24148606811145512 0.26216 1 1 1
1 P_9 39 39 0.248894 0.26926926926926925 0.2894235 1 1 1
1 P_9 40 40 0.221254 0.24164133738601823 0.262126 1 1 1
1 P_9 41 41 0.223984 0.2436500470366886 0.2633845 1 1 1
1 P_9 42 42 0.205666 0.22597137014314927 0.2465585 1 1 1
1 P_9 43 43 0.048954 0.06119402985074627 0.075588 1 1 1
1 P_9 44 44 0.241972 0.26272066458982346 0.2833175 1 1 1
1 P_9 45 45 0.2021075 0.22216649949849548 0.242546 1 1 1
1 P_9 46 46 0.2100225 0.2299412915851272 0.2500855 1 1 1
1 P_9 47 47 0.214982 0.23481195756991322 0.25481 1 1 1
1 P_9 48 48 0.1997175 0.2197197197197197 0.2400695 1 1 1
1 P_9 49 49 0.1962625 0.2158760890609874 0.2358685 1 1 1
1 P_9 50 50 0.05562 0.06829035339063992 0.082951 1 1 1
1 P_9 51 51 0 0 0 1 1 1
1 P_9 52 52 0.2465545 0.2671794871794872 0.2876025 1 1 1
1 P_9 53 53 0.216478 0.23660714285714285 0.256889 1 1 1
1 P_9 54 54 0.2139215 0.2340637450199203 0.254388 1 1 1
1 P_9 55 55 0.2292795 0.24974619289340103 0.270216 1 1 1
1 P_9 56 56 0.220597 0.24092741935483872 0.2613625 1 1 1
1 P_9 57 57 0 0 0 1 1 1
1 P_9 58 58 0.208723 0.2288135593220339 0.2491465 1 1 1
1 P_9 59 59 0.059211 0.07285115303983228 0.08862 1 1 1
