10 #m
112 #n
0 P_0 0 0 0.0928855 0.14772727272727273 0.215372 1 1 1
0 P_0 1 1 0 0 0 1 1 1
0 P_0 2 2 0.1463805 0.2087912087912088 0.2762 1 1 1
0 P_0 3 3 0.2090745 0.2714285714285714 0.3315175 1 1 1
0 P_0 4 4 0 0 0 1 1 1
0 P_0 5 5 0.2391895 0.30952380952380953 0.3720645 1 1 1
0 P_0 6 6 0.1092715 0.16666666666666666 0.234274 1 1 1
0 P_0 7 7 0 0 0 1 1 1
0 P_0 8 8 0.23702 0.30864197530864196 0.372315 1 1 1
0 P_0 9 9 0.220578 0.28125 0.338818 1 1 1
0 P_0 10 10 0.2183605 0.28421052631578947 0.346079 1 1 1
0 P_0 11 11 0 0 0 1 1 1
0 P_0 12 12 0 0 0 1 1 1
0 P_0 13 13 0 0 0 1 1 1
0 P_0 14 14 0 0 0 1 1 1
0 P_0 15 15 0.2756015 0.34523809523809523 0.4024095 1 1 1
0 P_0 16 16 0.2397865 0.31097560975609756 0.373996 1 1 1
0 P_0 17 17 0 0 0 1 1 1
0 P_0 18 18 0.24777 0.3118811881188119 0.3692025 1 1 1
0 P_0 19 19 0.2595285 0.3211009174311927 0.375425 1 1 1
0 P_0 20 20 0 0 0 1 1 1
0 P_0 21 21 0 0 0 1 1 1
0 P_0 22 22 0.1999035 0.2619047619047619 0.3226475 1 1 1
0 P_0 23 23 0.2522425 0.31363636363636366 0.3685995 1 1 1
0 P_0 24 24 0.2711945 0.3368421052631579 0.3923855 1 1 1
0 P_0 25 25 0.129412 0.19375 0.265804 1 1 1
0 P_0 26 26 0.2668685 0.33163265306122447 0.3871775 1 1 1
0 P_0 27 27 0.259274 0.31896551724137934 0.3720365 1 1 1
0 P_0 28 28 0 0 0 1 1 1
0 P_0 29 29 0.300878 0.37037037037037035 0.4235595 1 1 1
0 P_0 30 30 0 0 0 1 1 1
0 P_0 31 31 0 0 0 1 1 1
0 P_0 32 32 0.2659765 0.32857142857142857 0.3828625 1 1 1
0 P_0 33 33 0 0 0 1 1 1
0 P_0 34 34 0 0 0 1 1 1
0 P_0 35 35 0 0 0 1 1 1
0 P_0 36 36 0 0 0 1 1 1
0 P_0 37 37 0 0 0 1 1 1
0 P_0 38 38 0.25351 0.3160377358490566 0.371649 1 1 1
0 P_0 39 39 0.281997 0.3446601941747573 0.397134 1 1 1
0 P_0 40 40 0 0 0 1 1 1
0 P_0 41 41 0 0 0 1 1 1
0 P_0 42 42 0.2047445 0.26635514018691586 0.326268 1 1 1
0 P_0 43 43 0.238684 0.30412371134020616 0.3633895 1 1 1
0 P_0 44 44 0.276556 0.33796296296296297 0.3903235 1 1 1
0 P_0 45 45 0 0 0 1 1 1
0 P_0 46 46 0 0 0 1 1 1
0 P_0 47 47 0.2298085 0.2988505747126437 0.3617075 1 1 1
0 P_0 48 48 0 0 0 1 1 1
0 P_0 49 49 0 0 0 1 1 1
0 P_0 50 50 0 0 0 1 1 1
0 P_0 51 51 0 0 0 1 1 1
0 P_0 52 52 0 0 0 1 1 1
0 P_0 53 53 0 0 0 1 1 1
0 P_0 54 54 0.223511 0.2894736842105263 0.350842 1 1 1
0 P_0 55 55 0.1250865 0.1853932584269663 0.253704 1 1 1
0 P_0 56 56 0.0900615 0.1388888888888889 0.19914 1 1 1
0 P_0 57 57 0 0 0 1 1 1
0 P_0 58 58 0.208143 0.2736842105263158 0.3364685 1 1 1
0 P_0 59 59 0 0 0 1 1 1
0 P_0 60 60 0.243305 0.30808080808080807 0.36636 1 1 1
0 P_0 61 61 0.2793285 0.3375 0.3875435 1 1 1
0 P_0 62 62 0 0 0 1 1 1
0 P_0 63 63 0.096882 0.14678899082568808 0.207215 1 1 1
0 P_0 64 64 0 0 0 1 1 1
0 P_0 65 65 0 0 0 1 1 1
0 P_0 66 66 0.2239665 0.29213483146067415 0.355083 1 1 1
0 P_0 67 67 0.2367725 0.29906542056074764 0.3562655 1 1 1
0 P_0 68 68 0 0 0 1 1 1
0 P_0 69 69 0 0 0 1 1 1
0 P_0 70 70 0 0 0 1 1 1
0 P_0 71 71 0.213323 0.27835051546391754 0.3401435 1 1 1
0 P_0 72 72 0.2158885 0.28 0.3407875 1 1 1
0 P_0 73 73 0 0 0 1 1 1
0 P_0 74 74 0.2059645 0.27040816326530615 0.3325465 1 1 1
0 P_0 75 75 0.0832265 0.13440860215053763 0.199312 1 1 1
0 P_0 76 76 0 0 0 1 1 1
0 P_0 77 77 0 0 0 1 1 1
0 P_0 78 78 0.277985 0.34408602150537637 0.399015 1 1 1
0 P_0 79 79 0 0 0 1 1 1
0 P_0 80 80 0 0 0 1 1 1
0 P_0 81 81 0 0 0 1 1 1
0 P_0 82 82 0.1247435 0.18181818181818182 0.246519 1 1 1
0 P_0 83 83 0.261471 0.32272727272727275 0.3766345 1 1 1
0 P_0 84 84 0 0 0 1 1 1
0 P_0 85 85 0 0 0 1 1 1
0 P_0 86 86 0.272873 0.3466666666666667 0.406367 1 1 1
0 P_0 87 87 0 0 0 1 1 1
0 P_0 88 88 0 0 0 1 1 1
0 P_0 89 89 0.280081 0.34574468085106386 0.400156 1 1 1
0 P_0 90 90 0 0 0 1 1 1
0 P_0 91 91 0.5 0.5 0.5 1 1 1
0 P_0 92 92 0 0 0 1 1 1
0 P_0 93 93 0.2410145 0.30612244897959184 0.364891 1 1 1
0 P_0 94 94 0 0 0 1 1 1
0 P_0 95 95 0 0 0 1 1 1
0 P_0 96 96 0 0 0 1 1 1
0 P_0 97 97 0.2396875 0.30288461538461536 0.36044 1 1 1
0 P_0 98 98 0 0 0 1 1 1
0 P_0 99 99 0.230868 0.29591836734693877 0.355782 1 1 1
0 P_0 100 100 0 0 0 1 1 1
0 P_0 101 101 0 0 0 1 1 1
0 P_0 102 102 0.284694 0.3412698412698413 0.3897595 1 1 1
0 P_0 103 103 0 0 0 1 1 1
0 P_0 104 104 0 0 0 1 1 1
0 P_0 105 105 0.2473695 0.31382978723404253 0.3727865 1 1 1
0 P_0 106 106 0.257006 0.32038834951456313 0.3761925 1 1 1
0 P_0 107 107 0.301002 0.35964912280701755 0.4075955 1 1 1
0 P_0 108 108 0 0 0 1 1 1
0 P_0 109 109 0 0 0 1 1 1
0 P_0 110 110 0 0 0 1 1 1
0 P_0 111 111 0.2459005 0.3170731707317073 0.37926 1 1 1
1 P_4 0 0 0 0 0 1 1 1
1 P_4 1 1 0.0291504 0.061224489795918366 0.1145505 1 1 1
1 P_4 2 2 0 0 0 1 1 1
1 P_4 3 3 0.1596995 0.21904761904761905 0.2816675 1 1 1
1 P_4 4 4 0.0271894 0.05913978494623656 0.1136765 1 1 1
1 P_4 5 5 0.139908 0.20224719101123595 0.2705025 1 1 1
1 P_4 6 6 0.173516 0.2388888888888889 0.305624 1 1 1
1 P_4 7 7 0.0257708 0.05612244897959184 0.10829 1 1 1
1 P_4 8 8 0.188581 0.24778761061946902 0.3072125 1 1 1
1 P_4 9 9 0.1603075 0.22058823529411764 0.284066 1 1 1
1 P_4 10 10 0.205006 0.26605504587155965 0.325467 1 1 1
1 P_4 11 11 0.0304229 0.06382978723404255 0.119053 1 1 1
1 P_4 12 12 0.02158365 0.049019607843137254 0.0982035 1 1 1
1 P_4 13 13 0.04168175 0.07563025210084033 0.1258785 1 1 1
1 P_4 14 14 0.03643025 0.07386363636363637 0.1332955 1 1 1
1 P_4 15 15 0.1837675 0.24742268041237114 0.311372 1 1 1
1 P_4 16 16 0.1824025 0.245 0.3081515 1 1 1
1 P_4 17 17 0.03342715 0.06465517241379311 0.1136305 1 1 1
1 P_4 18 18 0.181652 0.24725274725274726 0.3131865 1 1 1
1 P_4 19 19 0.2183325 0.28095238095238095 0.3403005 1 1 1
1 P_4 20 20 0.1830805 0.24509803921568626 0.3076485 1 1 1
1 P_4 21 21 0 0 0 1 1 1
1 P_4 22 22 0.1868135 0.25274725274725274 0.318348 1 1 1
1 P_4 23 23 0.1948455 0.2608695652173913 0.325589 1 1 1
1 P_4 24 24 0.1989505 0.25892857142857145 0.3180195 1 1 1
1 P_4 25 25 0.1624405 0.22580645161290322 0.2920465 1 1 1
1 P_4 26 26 0.2106185 0.2765957446808511 0.3394455 1 1 1
1 P_4 27 27 0.151532 0.2079646017699115 0.268537 1 1 1
1 P_4 28 28 0.02225085 0.050505050505050504 0.100977 1 1 1
1 P_4 29 29 0.2102195 0.2784090909090909 0.3430405 1 1 1
1 P_4 30 30 0.01711195 0.043010752688172046 0.093355 1 1 1
1 P_4 31 31 0 0 0 1 1 1
1 P_4 32 32 0.1844305 0.2474747474747475 0.3108015 1 1 1
1 P_4 33 33 0.0192121 0.04819277108433735 0.1037545 1 1 1
1 P_4 34 34 0.01748045 0.041666666666666664 0.087172 1 1 1
1 P_4 35 35 0 0 0 1 1 1
1 P_4 36 36 0.0291504 0.061224489795918366 0.1145505 1 1 1
1 P_4 37 37 0 0 0 1 1 1
1 P_4 38 38 0.1831755 0.25 0.3168245 1 1 1
1 P_4 39 39 0.2183605 0.28421052631578947 0.346079 1 1 1
1 P_4 40 40 0.2042075 0.2669902912621359 0.3279435 1 1 1
1 P_4 41 41 0.0324072 0.06422018348623854 0.114921 1 1 1
1 P_4 42 42 0.1818195 0.24285714285714285 0.30465 1 1 1
1 P_4 43 43 0.184379 0.24528301886792453 0.306681 1 1 1
1 P_4 44 44 0.1479565 0.205607476635514 0.2678665 1 1 1
1 P_4 45 45 0.02473835 0.05392156862745098 0.104334 1 1 1
1 P_4 46 46 0.01171245 0.03153153153153153 0.073082 1 1 1
1 P_4 47 47 0.153434 0.21428571428571427 0.279172 1 1 1
1 P_4 48 48 0.0257708 0.05612244897959184 0.10829 1 1 1
1 P_4 49 49 0.0594385 0.10194174757281553 0.160367 1 1 1
1 P_4 50 50 0.02095535 0.047619047619047616 0.095578 1 1 1
1 P_4 51 51 0 0 0 1 1 1
1 P_4 52 52 0.01050215 0.030612244897959183 0.0753005 1 1 1
1 P_4 53 53 0.03559675 0.07222222222222222 0.1305775 1 1 1
1 P_4 54 54 0.1756635 0.24157303370786518 0.308527 1 1 1
1 P_4 55 55 0.193319 0.25471698113207547 0.315621 1 1 1
1 P_4 56 56 0 0 0 1 1 1
1 P_4 57 57 0.0220239 0.05 0.100035 1 1 1
1 P_4 58 58 0.176116 0.23958333333333334 0.304251 1 1 1
1 P_4 59 59 0.02664405 0.060240963855421686 0.118869 1 1 1
1 P_4 60 60 0.2145075 0.2727272727272727 0.328852 1 1 1
1 P_4 61 61 0.2205585 0.2796610169491525 0.3359625 1 1 1
1 P_4 62 62 0.03597205 0.06944444444444445 0.121443 1 1 1
1 P_4 63 63 0 0 0 1 1 1
1 P_4 64 64 0.0211607 0.04807692307692308 0.0964375 1 1 1
1 P_4 65 65 0.03643025 0.07386363636363637 0.1332955 1 1 1
1 P_4 66 66 0.122134 0.1813186813186813 0.2488325 1 1 1
1 P_4 67 67 0.181704 0.24489795918367346 0.308668 1 1 1
1 P_4 68 68 0.02398065 0.05434782608695652 0.1080975 1 1 1
1 P_4 69 69 0.01301735 0.035 0.0806365 1 1 1
1 P_4 70 70 0.02188855 0.04782608695652174 0.093256 1 1 1
1 P_4 71 71 0.208143 0.2736842105263158 0.3364685 1 1 1
1 P_4 72 72 0.149539 0.21195652173913043 0.2789405 1 1 1
1 P_4 73 73 0.02425255 0.052884615384615384 0.102462 1 1 1
1 P_4 74 74 0.186171 0.25280898876404495 0.3190985 1 1 1
1 P_4 75 75 0 0 0 1 1 1
1 P_4 76 76 0.02884875 0.06060606060606061 0.1134775 1 1 1
1 P_4 77 77 0.02780155 0.06043956043956044 0.1159835 1 1 1
1 P_4 78 78 0.193025 0.2578947368421053 0.3218455 1 1 1
1 P_4 79 79 0 0 0 1 1 1
1 P_4 80 80 0 0 0 1 1 1
1 P_4 81 81 0.0659785 0.11585365853658537 0.1836815 1 1 1
1 P_4 82 82 0 0 0 1 1 1
1 P_4 83 83 0.167554 0.22815533980582525 0.2911095 1 1 1
1 P_4 84 84 0 0 0 1 1 1
1 P_4 85 85 0 0 0 1 1 1
1 P_4 86 86 0.165813 0.22131147540983606 0.279433 1 1 1
1 P_4 87 87 0.0224825 0.05102040816326531 0.101936 1 1 1
1 P_4 88 88 0.0304229 0.06382978723404255 0.119053 1 1 1
1 P_4 89 89 0.210827 0.268 0.3235655 1 1 1
1 P_4 90 90 0.0520435 0.09375 0.1534295 1 1 1
1 P_4 91 91 0.5 0.5 0.5 1 1 1
1 P_4 92 92 0.0355571 0.06722689075630252 0.1159745 1 1 1
1 P_4 93 93 0.1966115 0.25675675675675674 0.316225 1 1 1
1 P_4 94 94 0 0 0 1 1 1
1 P_4 95 95 0 0 0 1 1 1
1 P_4 96 96 0 0 0 1 1 1
1 P_4 97 97 0.196184 0.2602040816326531 0.3230715 1 1 1
1 P_4 98 98 0.0263201 0.057291666666666664 0.1103825 1 1 1
1 P_4 99 99 0.1269175 0.18681318681318682 0.254372 1 1 1
1 P_4 100 100 0.02742955 0.057692307692307696 0.108399 1 1 1
1 P_4 101 101 0.044845 0.08421052631578947 0.1428315 1 1 1
1 P_4 102 102 0.1781005 0.2383177570093458 0.2997475 1 1 1
1 P_4 103 103 0.0343381 0.06637168141592921 0.11644 1 1 1
1 P_4 104 104 0.02378545 0.05188679245283019 0.100656 1 1 1
1 P_4 105 105 0.1823795 0.24731182795698925 0.312564 1 1 1
1 P_4 106 106 0.1868995 0.24766355140186916 0.30867 1 1 1
1 P_4 107 107 0.2107555 0.2760416666666667 0.3383275 1 1 1
1 P_4 108 108 0.02095535 0.047619047619047616 0.095578 1 1 1
1 P_4 109 109 0.0224863 0.049107142857142856 0.095599 1 1 1
1 P_4 110 110 0.026391 0.05555555555555555 0.104651 1 1 1
1 P_4 111 111 0.199182 0.2623762376237624 0.324212 1 1 1
2 P_8 0 0 0.047427 0.08888888888888889 0.150061 1 1 1
2 P_8 1 1 0.1350405 0.19473684210526315 0.2608645 1 1 1
2 P_8 2 2 0.131887 0.19148936170212766 0.2579705 1 1 1
2 P_8 3 3 0.2299235 0.29245283018867924 0.3505355 1 1 1
2 P_8 4 4 0.136729 0.19339622641509435 0.255992 1 1 1
2 P_8 5 5 0.276962 0.33620689655172414 0.387177 1 1 1
2 P_8 6 6 0 0 0 1 1 1
2 P_8 7 7 0.152052 0.2066115702479339 0.26517 1 1 1
2 P_8 8 8 0.238631 0.3081395348837209 0.370205 1 1 1
2 P_8 9 9 0.2106185 0.2765957446808511 0.3394455 1 1 1
2 P_8 10 10 0.2359275 0.3010204081632653 0.36035 1 1 1
2 P_8 11 11 0.1466905 0.20476190476190476 0.267615 1 1 1
2 P_8 12 12 0.135547 0.1902654867256637 0.2508655 1 1 1
2 P_8 13 13 0.138178 0.1989247311827957 0.265738 1 1 1
2 P_8 14 14 0.1303645 0.18421052631578946 0.2444795 1 1 1
2 P_8 15 15 0.24766 0.3090909090909091 0.3645505 1 1 1
2 P_8 16 16 0.2973255 0.3592233009708738 0.409366 1 1 1
2 P_8 17 17 0.176116 0.23958333333333334 0.304251 1 1 1
2 P_8 18 18 0.304451 0.3684210526315789 0.4186185 1 1 1
2 P_8 19 19 0.297634 0.3577981651376147 0.4069765 1 1 1
2 P_8 20 20 0 0 0 1 1 1
2 P_8 21 21 0 0 0 1 1 1
2 P_8 22 22 0.246296 0.3146067415730337 0.3749135 1 1 1
2 P_8 23 23 0.2872235 0.3532608695652174 0.4069105 1 1 1
2 P_8 24 24 0.230365 0.29411764705882354 0.35307500000000003 1 1 1
2 P_8 25 25 0.1850745 0.24752475247524752 0.3102465 1 1 1
2 P_8 26 26 0.2700465 0.33505154639175255 0.3903565 1 1 1
2 P_8 27 27 0.2122895 0.2711864406779661 0.3280825 1 1 1
2 P_8 28 28 0.128623 0.1834862385321101 0.2451305 1 1 1
2 P_8 29 29 0.213503 0.27722772277227725 0.3379645 1 1 1
2 P_8 30 30 0.142301 0.19907407407407407 0.2610855 1 1 1
2 P_8 31 31 0 0 0 1 1 1
2 P_8 32 32 0.199182 0.2623762376237624 0.324212 1 1 1
2 P_8 33 33 0.1310385 0.18292682926829268 0.240899 1 1 1
2 P_8 34 34 0.153158 0.21666666666666667 0.2842615 1 1 1
2 P_8 35 35 0.0670215 0.11165048543689321 0.1711615 1 1 1
2 P_8 36 36 0.1833885 0.25308641975308643 0.3223655 1 1 1
2 P_8 37 37 0 0 0 1 1 1
2 P_8 38 38 0.243098 0.30454545454545456 0.3604805 1 1 1
2 P_8 39 39 0.2418885 0.3017241379310345 0.3565935 1 1 1
2 P_8 40 40 0 0 0 1 1 1
2 P_8 41 41 0.1123235 0.16666666666666666 0.2300655 1 1 1
2 P_8 42 42 0.252086 0.3155339805825243 0.371926 1 1 1
2 P_8 43 43 0.208519 0.2727272727272727 0.334393 1 1 1
2 P_8 44 44 0.2324605 0.30113636363636365 0.363408 1 1 1
2 P_8 45 45 0.1160085 0.168141592920354 0.228334 1 1 1
2 P_8 46 46 0.1411045 0.2 0.264435 1 1 1
2 P_8 47 47 0.2210595 0.28804347826086957 0.350461 1 1 1
2 P_8 48 48 0.1582315 0.21311475409836064 0.271371 1 1 1
2 P_8 49 49 0.1609575 0.22674418604651161 0.2955085 1 1 1
2 P_8 50 50 0.1471855 0.20707070707070707 0.2717585 1 1 1
2 P_8 51 51 0.055655 0.1 0.1627035 1 1 1
2 P_8 52 52 0.117651 0.17857142857142858 0.248843 1 1 1
2 P_8 53 53 0.1510045 0.20952380952380953 0.2723215 1 1 1
2 P_8 54 54 0.260033 0.3277777777777778 0.3859905 1 1 1
2 P_8 55 55 0.1813195 0.2409090909090909 0.3014175 1 1 1
2 P_8 56 56 0.0698545 0.11616161616161616 0.1774255 1 1 1
2 P_8 57 57 0.1425125 0.20098039215686275 0.2647765 1 1 1
2 P_8 58 58 0.2541905 0.3173076923076923 0.3732455 1 1 1
2 P_8 59 59 0.101662 0.15 0.2076255 1 1 1
2 P_8 60 60 0.267929 0.3333333333333333 0.3891385 1 1 1
2 P_8 61 61 0.2807435 0.34536082474226804 0.3991035 1 1 1
2 P_8 62 62 0.136591 0.19680851063829788 0.2632795 1 1 1
2 P_8 63 63 0.0572065 0.10106382978723404 0.162407 1 1 1
2 P_8 64 64 0.1325285 0.18867924528301888 0.2512525 1 1 1
2 P_8 65 65 0.117657 0.16956521739130434 0.2292595 1 1 1
2 P_8 66 66 0.275793 0.3380952380952381 0.391088 1 1 1
2 P_8 67 67 0.240548 0.305 0.363359 1 1 1
2 P_8 68 68 0.1027615 0.1542056074766355 0.2155895 1 1 1
2 P_8 69 69 0.1551535 0.21649484536082475 0.281659 1 1 1
2 P_8 70 70 0.141826 0.20588235294117646 0.275651 1 1 1
2 P_8 71 71 0.2781515 0.3415841584158416 0.3949705 1 1 1
2 P_8 72 72 0.246732 0.3125 0.371067 1 1 1
2 P_8 73 73 0.096666 0.1485148514851485 0.211495 1 1 1
2 P_8 74 74 0.224569 0.29518072289156627 0.3598085 1 1 1
2 P_8 75 75 0.03815075 0.07352941176470588 0.1280425 1 1 1
2 P_8 76 76 0.103155 0.15789473684210525 0.2233505 1 1 1
2 P_8 77 77 0.1153335 0.171875 0.237416 1 1 1
2 P_8 78 78 0.2689435 0.32894736842105265 0.381244 1 1 1
2 P_8 79 79 0 0 0 1 1 1
2 P_8 80 80 0 0 0 1 1 1
2 P_8 81 81 0.1605545 0.22340425531914893 0.2893815 1 1 1
2 P_8 82 82 0.0585025 0.10326086956521739 0.1656065 1 1 1
2 P_8 83 83 0.2939805 0.3557692307692308 0.40628 1 1 1
2 P_8 84 84 0 0 0 1 1 1
2 P_8 85 85 0 0 0 1 1 1
2 P_8 86 86 0.2807435 0.34536082474226804 0.3991035 1 1 1
2 P_8 87 87 0.116858 0.18309859154929578 0.259617 1 1 1
2 P_8 88 88 0.114064 0.17010309278350516 0.2352545 1 1 1
2 P_8 89 89 0.267249 0.326271186440678 0.378092 1 1 1
2 P_8 90 90 0.1250865 0.1853932584269663 0.253704 1 1 1
2 P_8 91 91 0.5 0.5 0.5 1 1 1
2 P_8 92 92 0.1251075 0.18137254901960784 0.245096 1 1 1
2 P_8 93 93 0.2332365 0.29797979797979796 0.357356 1 1 1
2 P_8 94 94 0 0 0 1 1 1
2 P_8 95 95 0 0 0 1 1 1
2 P_8 96 96 0 0 0 1 1 1
2 P_8 97 97 0.2183605 0.28421052631578947 0.346079 1 1 1
2 P_8 98 98 0.141325 0.20212765957446807 0.2685585 1 1 1
2 P_8 99 99 0.277416 0.34183673469387754 0.395887 1 1 1
2 P_8 100 100 0.1466905 0.20476190476190476 0.267615 1 1 1
2 P_8 101 101 0.155035 0.21910112359550563 0.2869955 1 1 1
2 P_8 102 102 0.273019 0.33663366336633666 0.3907445 1 1 1
2 P_8 103 103 0.1221 0.1782178217821782 0.2422115 1 1 1
2 P_8 104 104 0.089358 0.14 0.202822 1 1 1
2 P_8 105 105 0.255265 0.32386363636363635 0.383213 1 1 1
2 P_8 106 106 0.2378545 0.30198019801980197 0.360402 1 1 1
2 P_8 107 107 0.272269 0.34375 0.402376 1 1 1
2 P_8 108 108 0.1395195 0.19545454545454546 0.256902 1 1 1
2 P_8 109 109 0.1264355 0.18316831683168316 0.247234 1 1 1
2 P_8 110 110 0.1211885 0.17894736842105263 0.2449745 1 1 1
2 P_8 111 111 0.205485 0.2712765957446808 0.3345665 1 1 1
3 P_7 0 0 0.304734 0.3707865168539326 0.421886 1 1 1
3 P_7 1 1 0 0 0 1 1 1
3 P_7 2 2 0.1064215 0.16145833333333334 0.226694 1 1 1
3 P_7 3 3 0.5 0.5 0.5 1 1 1
3 P_7 4 4 0 0 0 1 1 1
3 P_7 5 5 0.5 0.5 0.5 1 1 1
3 P_7 6 6 0 0 0 1 1 1
3 P_7 7 7 0 0 0 1 1 1
3 P_7 8 8 0.5 0.5 0.5 1 1 1
3 P_7 9 9 0.5 0.5 0.5 1 1 1
3 P_7 10 10 0.5 0.5 0.5 1 1 1
3 P_7 11 11 0 0 0 1 1 1
3 P_7 12 12 0 0 0 1 1 1
3 P_7 13 13 0 0 0 1 1 1
3 P_7 14 14 0 0 0 1 1 1
3 P_7 15 15 0.5 0.5 0.5 1 1 1
3 P_7 16 16 0.5 0.5 0.5 1 1 1
3 P_7 17 17 0 0 0 1 1 1
3 P_7 18 18 0.5 0.5 0.5 1 1 1
3 P_7 19 19 0.5 0.5 0.5 1 1 1
3 P_7 20 20 0 0 0 1 1 1
3 P_7 21 21 0 0 0 1 1 1
3 P_7 22 22 0.5 0.5 0.5 1 1 1
3 P_7 23 23 0.5 0.5 0.5 1 1 1
3 P_7 24 24 0.5 0.5 0.5 1 1 1
3 P_7 25 25 0.090403 0.14534883720930233 0.213686 1 1 1
3 P_7 26 26 0.5 0.5 0.5 1 1 1
3 P_7 27 27 0.5 0.5 0.5 1 1 1
3 P_7 28 28 0 0 0 1 1 1
3 P_7 29 29 0.5 0.5 0.5 1 1 1
3 P_7 30 30 0 0 0 1 1 1
3 P_7 31 31 0 0 0 1 1 1
3 P_7 32 32 0.5 0.5 0.5 1 1 1
3 P_7 33 33 0 0 0 1 1 1
3 P_7 34 34 0 0 0 1 1 1
3 P_7 35 35 0 0 0 1 1 1
3 P_7 36 36 0 0 0 1 1 1
3 P_7 37 37 0 0 0 1 1 1
3 P_7 38 38 0.5 0.5 0.5 1 1 1
3 P_7 39 39 0.5 0.5 0.5 1 1 1
3 P_7 40 40 0 0 0 1 1 1
3 P_7 41 41 0 0 0 1 1 1
3 P_7 42 42 0.5 0.5 0.5 1 1 1
3 P_7 43 43 0.5 0.5 0.5 1 1 1
3 P_7 44 44 0.5 0.5 0.5 1 1 1
3 P_7 45 45 0 0 0 1 1 1
3 P_7 46 46 0 0 0 1 1 1
3 P_7 47 47 0.5 0.5 0.5 1 1 1
3 P_7 48 48 0 0 0 1 1 1
3 P_7 49 49 0 0 0 1 1 1
3 P_7 50 50 0 0 0 1 1 1
3 P_7 51 51 0 0 0 1 1 1
3 P_7 52 52 0 0 0 1 1 1
3 P_7 53 53 0 0 0 1 1 1
3 P_7 54 54 0.5 0.5 0.5 1 1 1
3 P_7 55 55 0.080831 0.12727272727272726 0.186109 1 1 1
3 P_7 56 56 0.0997855 0.15196078431372548 0.2147885 1 1 1
3 P_7 57 57 0 0 0 1 1 1
3 P_7 58 58 0.5 0.5 0.5 1 1 1
3 P_7 59 59 0 0 0 1 1 1
3 P_7 60 60 0.5 0.5 0.5 1 1 1
3 P_7 61 61 0.5 0.5 0.5 1 1 1
3 P_7 62 62 0 0 0 1 1 1
3 P_7 63 63 0.283604 0.34946236559139787 0.403511 1 1 1
3 P_7 64 64 0 0 0 1 1 1
3 P_7 65 65 0 0 0 1 1 1
3 P_7 66 66 0.5 0.5 0.5 1 1 1
3 P_7 67 67 0.5 0.5 0.5 1 1 1
3 P_7 68 68 0 0 0 1 1 1
3 P_7 69 69 0 0 0 1 1 1
3 P_7 70 70 0 0 0 1 1 1
3 P_7 71 71 0.5 0.5 0.5 1 1 1
3 P_7 72 72 0.5 0.5 0.5 1 1 1
3 P_7 73 73 0 0 0 1 1 1
3 P_7 74 74 0.5 0.5 0.5 1 1 1
3 P_7 75 75 0.3098395 0.37244897959183676 0.421237 1 1 1
3 P_7 76 76 0 0 0 1 1 1
3 P_7 77 77 0 0 0 1 1 1
3 P_7 78 78 0.5 0.5 0.5 1 1 1
3 P_7 79 79 0 0 0 1 1 1
3 P_7 80 80 0 0 0 1 1 1
3 P_7 81 81 0 0 0 1 1 1
3 P_7 82 82 0.09677 0.14761904761904762 0.209285 1 1 1
3 P_7 83 83 0.5 0.5 0.5 1 1 1
3 P_7 84 84 0 0 0 1 1 1
3 P_7 85 85 0 0 0 1 1 1
3 P_7 86 86 0.5 0.5 0.5 1 1 1
3 P_7 87 87 0 0 0 1 1 1
3 P_7 88 88 0 0 0 1 1 1
3 P_7 89 89 0.5 0.5 0.5 1 1 1
3 P_7 90 90 0 0 0 1 1 1
3 P_7 91 91 0.5 0.5 0.5 1 1 1
3 P_7 92 92 0 0 0 1 1 1
3 P_7 93 93 0.5 0.5 0.5 1 1 1
3 P_7 94 94 0 0 0 1 1 1
3 P_7 95 95 0 0 0 1 1 1
3 P_7 96 96 0 0 0 1 1 1
3 P_7 97 97 0.5 0.5 0.5 1 1 1
3 P_7 98 98 0 0 0 1 1 1
3 P_7 99 99 0.5 0.5 0.5 1 1 1
3 P_7 100 100 0 0 0 1 1 1
3 P_7 101 101 0 0 0 1 1 1
3 P_7 102 102 0.5 0.5 0.5 1 1 1
3 P_7 103 103 0 0 0 1 1 1
3 P_7 104 104 0 0 0 1 1 1
3 P_7 105 105 0.5 0.5 0.5 1 1 1
3 P_7 106 106 0.5 0.5 0.5 1 1 1
3 P_7 107 107 0.5 0.5 0.5 1 1 1
3 P_7 108 108 0 0 0 1 1 1
3 P_7 109 109 0 0 0 1 1 1
3 P_7 110 110 0 0 0 1 1 1
3 P_7 111 111 0.5 0.5 0.5 1 1 1
4 P_2 0 0 0.03858055 0.07608695652173914 0.134414 1 1 1
4 P_2 1 1 0 0 0 1 1 1
4 P_2 2 2 0.051487 0.09278350515463918 0.151985 1 1 1
4 P_2 3 3 0.2561685 0.3169642857142857 0.37111 1 1 1
4 P_2 4 4 0 0 0 1 1 1
4 P_2 5 5 0.2870775 0.34951456310679613 0.4012405 1 1 1
4 P_2 6 6 0.1050295 0.15841584158415842 0.2218485 1 1 1
4 P_2 7 7 0 0 0 1 1 1
4 P_2 8 8 0.267929 0.3333333333333333 0.3891385 1 1 1
4 P_2 9 9 0.2825515 0.34210526315789475 0.392669 1 1 1
4 P_2 10 10 0.3203335 0.3811881188118812 0.42766 1 1 1
4 P_2 11 11 0 0 0 1 1 1
4 P_2 12 12 0 0 0 1 1 1
4 P_2 13 13 0 0 0 1 1 1
4 P_2 14 14 0 0 0 1 1 1
4 P_2 15 15 0.263577 0.32978723404255317 0.386619 1 1 1
4 P_2 16 16 0.276962 0.33620689655172414 0.387177 1 1 1
4 P_2 17 17 0 0 0 1 1 1
4 P_2 18 18 0.234596 0.2971698113207547 0.354803 1 1 1
4 P_2 19 19 0.2842515 0.34347826086956523 0.3936575 1 1 1
4 P_2 20 20 0 0 0 1 1 1
4 P_2 21 21 0.1117995 0.1623931623931624 0.221326 1 1 1
4 P_2 22 22 0.2537065 0.3235294117647059 0.3838345 1 1 1
4 P_2 23 23 0.325819 0.39080459770114945 0.4379845 1 1 1
4 P_2 24 24 0.2542335 0.31958762886597936 0.3770045 1 1 1
4 P_2 25 25 0.059806 0.10714285714285714 0.173159 1 1 1
4 P_2 26 26 0.234262 0.3010752688172043 0.361822 1 1 1
4 P_2 27 27 0.273019 0.33663366336633666 0.3907445 1 1 1
4 P_2 28 28 0 0 0 1 1 1
4 P_2 29 29 0.2813655 0.3425925925925926 0.3942975 1 1 1
4 P_2 30 30 0 0 0 1 1 1
4 P_2 31 31 0 0 0 1 1 1
4 P_2 32 32 0.2802055 0.3488372093023256 0.4048205 1 1 1
4 P_2 33 33 0 0 0 1 1 1
4 P_2 34 34 0 0 0 1 1 1
4 P_2 35 35 0 0 0 1 1 1
4 P_2 36 36 0 0 0 1 1 1
4 P_2 37 37 0 0 0 1 1 1
4 P_2 38 38 0.255667 0.3271604938271605 0.3881965 1 1 1
4 P_2 39 39 0.297037 0.36082474226804123 0.411977 1 1 1
4 P_2 40 40 0 0 0 1 1 1
4 P_2 41 41 0 0 0 1 1 1
4 P_2 42 42 0.2949545 0.3602150537634409 0.4123915 1 1 1
4 P_2 43 43 0.300717 0.36363636363636365 0.4138515 1 1 1
4 P_2 44 44 0.2455565 0.31 0.3677965 1 1 1
4 P_2 45 45 0 0 0 1 1 1
4 P_2 46 46 0 0 0 1 1 1
4 P_2 47 47 0.3011705 0.35833333333333334 0.405435 1 1 1
4 P_2 48 48 0 0 0 1 1 1
4 P_2 49 49 0 0 0 1 1 1
4 P_2 50 50 0 0 0 1 1 1
4 P_2 51 51 0 0 0 1 1 1
4 P_2 52 52 0 0 0 1 1 1
4 P_2 53 53 0 0 0 1 1 1
4 P_2 54 54 0.2431685 0.3111111111111111 0.3715635 1 1 1
4 P_2 55 55 0.071833 0.11682242990654206 0.175623 1 1 1
4 P_2 56 56 0 0 0 1 1 1
4 P_2 57 57 0 0 0 1 1 1
4 P_2 58 58 0.2711945 0.3368421052631579 0.3923855 1 1 1
4 P_2 59 59 0 0 0 1 1 1
4 P_2 60 60 0.2418655 0.3047619047619048 0.36187 1 1 1
4 P_2 61 61 0.2299235 0.29245283018867924 0.3505355 1 1 1
4 P_2 62 62 0 0 0 1 1 1
4 P_2 63 63 0.0203534 0.04838709677419355 0.100251 1 1 1
4 P_2 64 64 0 0 0 1 1 1
4 P_2 65 65 0 0 0 1 1 1
4 P_2 66 66 0.2607425 0.325 0.38095 1 1 1
4 P_2 67 67 0.2425825 0.30978260869565216 0.369808 1 1 1
4 P_2 68 68 0 0 0 1 1 1
4 P_2 69 69 0 0 0 1 1 1
4 P_2 70 70 0 0 0 1 1 1
4 P_2 71 71 0.2586105 0.32323232323232326 0.3796635 1 1 1
4 P_2 72 72 0.2561685 0.3169642857142857 0.37111 1 1 1
4 P_2 73 73 0 0 0 1 1 1
4 P_2 74 74 0.2689435 0.32894736842105265 0.381244 1 1 1
4 P_2 75 75 0.1474735 0.20833333333333334 0.273994 1 1 1
4 P_2 76 76 0 0 0 1 1 1
4 P_2 77 77 0 0 0 1 1 1
4 P_2 78 78 0.267394 0.3252032520325203 0.376191 1 1 1
4 P_2 79 79 0.090634 0.1407766990291262 0.2026745 1 1 1
4 P_2 80 80 0 0 0 1 1 1
4 P_2 81 81 0 0 0 1 1 1
4 P_2 82 82 0 0 0 1 1 1
4 P_2 83 83 0.223386 0.28865979381443296 0.349523 1 1 1
4 P_2 84 84 0 0 0 1 1 1
4 P_2 85 85 0.1153335 0.171875 0.237416 1 1 1
4 P_2 86 86 0.2679965 0.32882882882882886 0.381765 1 1 1
4 P_2 87 87 0 0 0 1 1 1
4 P_2 88 88 0 0 0 1 1 1
4 P_2 89 89 0.2455565 0.31 0.3677965 1 1 1
4 P_2 90 90 0 0 0 1 1 1
4 P_2 91 91 0.5 0.5 0.5 1 1 1
4 P_2 92 92 0 0 0 1 1 1
4 P_2 93 93 0.2359275 0.3010204081632653 0.36035 1 1 1
4 P_2 94 94 0 0 0 1 1 1
4 P_2 95 95 0 0 0 1 1 1
4 P_2 96 96 0 0 0 1 1 1
4 P_2 97 97 0.266854 0.3333333333333333 0.389916 1 1 1
4 P_2 98 98 0 0 0 1 1 1
4 P_2 99 99 0.2648975 0.3284313725490196 0.3834415 1 1 1
4 P_2 100 100 0 0 0 1 1 1
4 P_2 101 101 0 0 0 1 1 1
4 P_2 102 102 0.2939805 0.3557692307692308 0.40628 1 1 1
4 P_2 103 103 0 0 0 1 1 1
4 P_2 104 104 0 0 0 1 1 1
4 P_2 105 105 0.2927165 0.3595505617977528 0.4128195 1 1 1
4 P_2 106 106 0.291881 0.355 0.406492 1 1 1
4 P_2 107 107 0.280091 0.3431372549019608 0.3960635 1 1 1
4 P_2 108 108 0 0 0 1 1 1
4 P_2 109 109 0 0 0 1 1 1
4 P_2 110 110 0 0 0 1 1 1
4 P_2 111 111 0.2835405 0.35365853658536583 0.4098955 1 1 1
5 P_3 0 0 0.1135095 0.16831683168316833 0.2320855 1 1 1
5 P_3 1 1 0 0 0 1 1 1
5 P_3 2 2 0.220567 0.2807017543859649 0.337839 1 1 1
5 P_3 3 3 0.5 0.5 0.5 1 1 1
5 P_3 4 4 0 0 0 1 1 1
5 P_3 5 5 0.5 0.5 0.5 1 1 1
5 P_3 6 6 0 0 0 1 1 1
5 P_3 7 7 0 0 0 1 1 1
5 P_3 8 8 0.5 0.5 0.5 1 1 1
5 P_3 9 9 0.5 0.5 0.5 1 1 1
5 P_3 10 10 0.5 0.5 0.5 1 1 1
5 P_3 11 11 0 0 0 1 1 1
5 P_3 12 12 0 0 0 1 1 1
5 P_3 13 13 0 0 0 1 1 1
5 P_3 14 14 0 0 0 1 1 1
5 P_3 15 15 0.5 0.5 0.5 1 1 1
5 P_3 16 16 0.5 0.5 0.5 1 1 1
5 P_3 17 17 0 0 0 1 1 1
5 P_3 18 18 0.5 0.5 0.5 1 1 1
5 P_3 19 19 0.5 0.5 0.5 1 1 1
5 P_3 20 20 0 0 0 1 1 1
5 P_3 21 21 0 0 0 1 1 1
5 P_3 22 22 0.5 0.5 0.5 1 1 1
5 P_3 23 23 0.5 0.5 0.5 1 1 1
5 P_3 24 24 0.5 0.5 0.5 1 1 1
5 P_3 25 25 0.2165585 0.27459016393442626 0.33037300000000003 1 1 1
5 P_3 26 26 0.5 0.5 0.5 1 1 1
5 P_3 27 27 0.5 0.5 0.5 1 1 1
5 P_3 28 28 0 0 0 1 1 1
5 P_3 29 29 0.5 0.5 0.5 1 1 1
5 P_3 30 30 0 0 0 1 1 1
5 P_3 31 31 0.03855065 0.07272727272727272 0.124778 1 1 1
5 P_3 32 32 0.5 0.5 0.5 1 1 1
5 P_3 33 33 0 0 0 1 1 1
5 P_3 34 34 0 0 0 1 1 1
5 P_3 35 35 0.080007 0.13218390804597702 0.1992675 1 1 1
5 P_3 36 36 0 0 0 1 1 1
5 P_3 37 37 0.0483822 0.08737864077669903 0.143855 1 1 1
5 P_3 38 38 0.5 0.5 0.5 1 1 1
5 P_3 39 39 0.5 0.5 0.5 1 1 1
5 P_3 40 40 0 0 0 1 1 1
5 P_3 41 41 0 0 0 1 1 1
5 P_3 42 42 0.5 0.5 0.5 1 1 1
5 P_3 43 43 0.5 0.5 0.5 1 1 1
5 P_3 44 44 0.5 0.5 0.5 1 1 1
5 P_3 45 45 0 0 0 1 1 1
5 P_3 46 46 0 0 0 1 1 1
5 P_3 47 47 0.5 0.5 0.5 1 1 1
5 P_3 48 48 0 0 0 1 1 1
5 P_3 49 49 0 0 0 1 1 1
5 P_3 50 50 0 0 0 1 1 1
5 P_3 51 51 0.083616 0.13636363636363635 0.203334 1 1 1
5 P_3 52 52 0 0 0 1 1 1
5 P_3 53 53 0 0 0 1 1 1
5 P_3 54 54 0.5 0.5 0.5 1 1 1
5 P_3 55 55 0.3126985 0.37777777777777777 0.4272085 1 1 1
5 P_3 56 56 0.115418 0.16818181818181818 0.229213 1 1 1
5 P_3 57 57 0 0 0 1 1 1
5 P_3 58 58 0.5 0.5 0.5 1 1 1
5 P_3 59 59 0 0 0 1 1 1
5 P_3 60 60 0.5 0.5 0.5 1 1 1
5 P_3 61 61 0.5 0.5 0.5 1 1 1
5 P_3 62 62 0 0 0 1 1 1
5 P_3 63 63 0.080007 0.13218390804597702 0.1992675 1 1 1
5 P_3 64 64 0 0 0 1 1 1
5 P_3 65 65 0 0 0 1 1 1
5 P_3 66 66 0.5 0.5 0.5 1 1 1
5 P_3 67 67 0.5 0.5 0.5 1 1 1
5 P_3 68 68 0 0 0 1 1 1
5 P_3 69 69 0 0 0 1 1 1
5 P_3 70 70 0 0 0 1 1 1
5 P_3 71 71 0.5 0.5 0.5 1 1 1
5 P_3 72 72 0.5 0.5 0.5 1 1 1
5 P_3 73 73 0 0 0 1 1 1
5 P_3 74 74 0.5 0.5 0.5 1 1 1
5 P_3 75 75 0.0822145 0.12831858407079647 0.186397 1 1 1
5 P_3 76 76 0 0 0 1 1 1
5 P_3 77 77 0 0 0 1 1 1
5 P_3 78 78 0.5 0.5 0.5 1 1 1
5 P_3 79 79 0 0 0 1 1 1
5 P_3 80 80 0.02742955 0.057692307692307696 0.108399 1 1 1
5 P_3 81 81 0 0 0 1 1 1
5 P_3 82 82 0.0715975 0.11764705882352941 0.1780695 1 1 1
5 P_3 83 83 0.5 0.5 0.5 1 1 1
5 P_3 84 84 0.04297365 0.08080808080808081 0.1375285 1 1 1
5 P_3 85 85 0 0 0 1 1 1
5 P_3 86 86 0.5 0.5 0.5 1 1 1
5 P_3 87 87 0 0 0 1 1 1
5 P_3 88 88 0 0 0 1 1 1
5 P_3 89 89 0.5 0.5 0.5 1 1 1
5 P_3 90 90 0 0 0 1 1 1
5 P_3 91 91 0.5 0.5 0.5 1 1 1
5 P_3 92 92 0 0 0 1 1 1
5 P_3 93 93 0.5 0.5 0.5 1 1 1
5 P_3 94 94 0.0551525 0.09615384615384616 0.153544 1 1 1
5 P_3 95 95 0.03819335 0.07207207207207207 0.123735 1 1 1
5 P_3 96 96 0.0211607 0.04807692307692308 0.0964375 1 1 1
5 P_3 97 97 0.5 0.5 0.5 1 1 1
5 P_3 98 98 0 0 0 1 1 1
5 P_3 99 99 0.5 0.5 0.5 1 1 1
5 P_3 100 100 0 0 0 1 1 1
5 P_3 101 101 0 0 0 1 1 1
5 P_3 102 102 0.5 0.5 0.5 1 1 1
5 P_3 103 103 0 0 0 1 1 1
5 P_3 104 104 0 0 0 1 1 1
5 P_3 105 105 0.5 0.5 0.5 1 1 1
5 P_3 106 106 0.5 0.5 0.5 1 1 1
5 P_3 107 107 0.5 0.5 0.5 1 1 1
5 P_3 108 108 0 0 0 1 1 1
5 P_3 109 109 0 0 0 1 1 1
5 P_3 110 110 0 0 0 1 1 1
5 P_3 111 111 0.5 0.5 0.5 1 1 1
6 P_9 0 0 0 0 0 1 1 1
6 P_9 1 1 0.063963 0.109375 0.170971 1 1 1
6 P_9 2 2 0.166923 0.22522522522522523 0.28601 1 1 1
6 P_9 3 3 0.191332 0.25510204081632654 0.318296 1 1 1
6 P_9 4 4 0.066433 0.11494252873563218 0.1805335 1 1 1
6 P_9 5 5 0.1655575 0.2222222222222222 0.281532 1 1 1
6 P_9 6 6 0 0 0 1 1 1
6 P_9 7 7 0.0950395 0.14414414414414414 0.203849 1 1 1
6 P_9 8 8 0.173732 0.2336448598130841 0.2952555 1 1 1
6 P_9 9 9 0.1736055 0.23214285714285715 0.292454 1 1 1
6 P_9 10 10 0.158065 0.2169811320754717 0.279356 1 1 1
6 P_9 11 11 0.061959 0.10752688172043011 0.1699975 1 1 1
6 P_9 12 12 0.0568555 0.09900990099009901 0.1577095 1 1 1
6 P_9 13 13 0.0882285 0.14204545454545456 0.209375 1 1 1
6 P_9 14 14 0.204478 0.26666666666666666 0.3270935 1 1 1
6 P_9 15 15 0.185879 0.25 0.314121 1 1 1
6 P_9 16 16 0.1796875 0.24242424242424243 0.3060085 1 1 1
6 P_9 17 17 0.0763925 0.12162162162162163 0.1797025 1 1 1
6 P_9 18 18 0.1831415 0.24311926605504589 0.3037985 1 1 1
6 P_9 19 19 0.170458 0.23595505617977527 0.3031925 1 1 1
6 P_9 20 20 0 0 0 1 1 1
6 P_9 21 21 0 0 0 1 1 1
6 P_9 22 22 0.1541825 0.21359223300970873 0.2769225 1 1 1
6 P_9 23 23 0.1781005 0.2383177570093458 0.2997475 1 1 1
6 P_9 24 24 0.164586 0.2268041237113402 0.2916685 1 1 1
6 P_9 25 25 0.176068 0.2345132743362832 0.294484 1 1 1
6 P_9 26 26 0.169461 0.23563218390804597 0.303623 1 1 1
6 P_9 27 27 0.1804195 0.24257425742574257 0.305544 1 1 1
6 P_9 28 28 0.050922 0.09340659340659341 0.1548505 1 1 1
6 P_9 29 29 0.1802415 0.24468085106382978 0.3097455 1 1 1
6 P_9 30 30 0.078763 0.12755102040816327 0.1901605 1 1 1
6 P_9 31 31 0 0 0 1 1 1
6 P_9 32 32 0.152987 0.21287128712871287 0.2768295 1 1 1
6 P_9 33 33 0.088814 0.1380952380952381 0.1991985 1 1 1
6 P_9 34 34 0.078885 0.12903225806451613 0.1935375 1 1 1
6 P_9 35 35 0.1416325 0.20454545454545456 0.2731515 1 1 1
6 P_9 36 36 0.0832265 0.13440860215053763 0.199312 1 1 1
6 P_9 37 37 0 0 0 1 1 1
6 P_9 38 38 0.1868135 0.25274725274725274 0.318348 1 1 1
6 P_9 39 39 0.1781545 0.24210526315789474 0.306975 1 1 1
6 P_9 40 40 0 0 0 1 1 1
6 P_9 41 41 0.097585 0.1534090909090909 0.2213255 1 1 1
6 P_9 42 42 0.230365 0.29411764705882354 0.35307500000000003 1 1 1
6 P_9 43 43 0.1775195 0.23504273504273504 0.2939905 1 1 1
6 P_9 44 44 0.1506765 0.20833333333333334 0.2702765 1 1 1
6 P_9 45 45 0.0606645 0.10396039603960396 0.1632615 1 1 1
6 P_9 46 46 0.0602985 0.10087719298245613 0.1559985 1 1 1
6 P_9 47 47 0.1584655 0.22560975609756098 0.2960225 1 1 1
6 P_9 48 48 0.0633815 0.10989010989010989 0.1733715 1 1 1
6 P_9 49 49 0.04790085 0.08653846153846154 0.142583 1 1 1
6 P_9 50 50 0.0658775 0.1111111111111111 0.1718645 1 1 1
6 P_9 51 51 0.166596 0.22772277227722773 0.2912945 1 1 1
6 P_9 52 52 0.051504 0.09134615384615384 0.1480865 1 1 1
6 P_9 53 53 0.0790495 0.13068181818181818 0.1972465 1 1 1
6 P_9 54 54 0.198037 0.2631578947368421 0.3267475 1 1 1
6 P_9 55 55 0.2035265 0.2631578947368421 0.3215045 1 1 1
6 P_9 56 56 0 0 0 1 1 1
6 P_9 57 57 0.0939325 0.14351851851851852 0.204053 1 1 1
6 P_9 58 58 0.190932 0.25 0.309068 1 1 1
6 P_9 59 59 0.060559 0.10843373493975904 0.1750325 1 1 1
6 P_9 60 60 0.1586105 0.21621621621621623 0.2772065 1 1 1
6 P_9 61 61 0.178684 0.24444444444444444 0.310886 1 1 1
6 P_9 62 62 0.0701325 0.1111111111111111 0.1643875 1 1 1
6 P_9 63 63 0 0 0 1 1 1
6 P_9 64 64 0.097585 0.1534090909090909 0.2213255 1 1 1
6 P_9 65 65 0.0684085 0.11386138613861387 0.174238 1 1 1
6 P_9 66 66 0.1741245 0.23711340206185566 0.3015725 1 1 1
6 P_9 67 67 0.165607 0.22727272727272727 0.291481 1 1 1
6 P_9 68 68 0.059592 0.10091743119266056 0.1574245 1 1 1
6 P_9 69 69 0.0754585 0.12804878048780488 0.196964 1 1 1
6 P_9 70 70 0.063275 0.10824742268041238 0.169372 1 1 1
6 P_9 71 71 0.1966115 0.25675675675675674 0.316225 1 1 1
6 P_9 72 72 0.140952 0.19811320754716982 0.260709 1 1 1
6 P_9 73 73 0.06805 0.10887096774193548 0.1623825 1 1 1
6 P_9 74 74 0.176116 0.23958333333333334 0.304251 1 1 1
6 P_9 75 75 0 0 0 1 1 1
6 P_9 76 76 0.0651895 0.11 0.170303 1 1 1
6 P_9 77 77 0.04790085 0.08653846153846154 0.142583 1 1 1
6 P_9 78 78 0.18113 0.24271844660194175 0.3050915 1 1 1
6 P_9 79 79 0 0 0 1 1 1
6 P_9 80 80 0 0 0 1 1 1
6 P_9 81 81 0.0648715 0.11235955056179775 0.176881 1 1 1
6 P_9 82 82 0 0 0 1 1 1
6 P_9 83 83 0.184379 0.24528301886792453 0.306681 1 1 1
6 P_9 84 84 0 0 0 1 1 1
6 P_9 85 85 0 0 0 1 1 1
6 P_9 86 86 0.183739 0.24519230769230768 0.3071585 1 1 1
6 P_9 87 87 0.0949775 0.140625 0.195814 1 1 1
6 P_9 88 88 0.0592185 0.09913793103448276 0.1535235 1 1 1
6 P_9 89 89 0.14361 0.2 0.261443 1 1 1
6 P_9 90 90 0.099797 0.15 0.2103055 1 1 1
6 P_9 91 91 0.5 0.5 0.5 1 1 1
6 P_9 92 92 0.090311 0.1414141414141414 0.2046575 1 1 1
6 P_9 93 93 0.174411 0.2391304347826087 0.3051545 1 1 1
6 P_9 94 94 0 0 0 1 1 1
6 P_9 95 95 0 0 0 1 1 1
6 P_9 96 96 0 0 0 1 1 1
6 P_9 97 97 0.195749 0.2604166666666667 0.323884 1 1 1
6 P_9 98 98 0.0924985 0.15 0.221212 1 1 1
6 P_9 99 99 0.1720565 0.23300970873786409 0.2957925 1 1 1
6 P_9 100 100 0.1092555 0.16336633663366337 0.226981 1 1 1
6 P_9 101 101 0.0906995 0.14444444444444443 0.211121 1 1 1
6 P_9 102 102 0.162757 0.22072072072072071 0.281618 1 1 1
6 P_9 103 103 0.083482 0.1323529411764706 0.194003 1 1 1
6 P_9 104 104 0.0586675 0.10204081632653061 0.162105 1 1 1
6 P_9 105 105 0.1667515 0.22641509433962265 0.288549 1 1 1
6 P_9 106 106 0.192522 0.25806451612903225 0.322649 1 1 1
6 P_9 107 107 0.1529535 0.21951219512195122 0.290156 1 1 1
6 P_9 108 108 0.0582615 0.1 0.157573 1 1 1
6 P_9 109 109 0.1794755 0.24456521739130435 0.3103075 1 1 1
6 P_9 110 110 0.069124 0.115 0.1758175 1 1 1
6 P_9 111 111 0.1133055 0.1724137931034483 0.241344 1 1 1
7 P_6 0 0 0 0 0 1 1 1
7 P_6 1 1 0.243098 0.30454545454545456 0.3604805 1 1 1
7 P_6 2 2 0.0668005 0.11009174311926606 0.1676335 1 1 1
7 P_6 3 3 0.153111 0.2073170731707317 0.265395 1 1 1
7 P_6 4 4 0.2522425 0.31363636363636366 0.3685995 1 1 1
7 P_6 5 5 0.1416325 0.20454545454545456 0.2731515 1 1 1
7 P_6 6 6 0 0 0 1 1 1
7 P_6 7 7 0.273674 0.34065934065934067 0.3966525 1 1 1
7 P_6 8 8 0.1673465 0.23295454545454544 0.300698 1 1 1
7 P_6 9 9 0.1437345 0.20093457943925233 0.2632275 1 1 1
7 P_6 10 10 0.0918545 0.14150943396226415 0.2025225 1 1 1
7 P_6 11 11 0.251966 0.3202247191011236 0.379784 1 1 1
7 P_6 12 12 0.2205585 0.2796610169491525 0.3359625 1 1 1
7 P_6 13 13 0.224651 0.2833333333333333 0.3389185 1 1 1
7 P_6 14 14 0.277927 0.34705882352941175 0.40363 1 1 1
7 P_6 15 15 0.1702755 0.23232323232323232 0.2963485 1 1 1
7 P_6 16 16 0.0870755 0.1377551020408163 0.2011065 1 1 1
7 P_6 17 17 0.2691955 0.33707865168539325 0.3941765 1 1 1
7 P_6 18 18 0.1198365 0.17708333333333334 0.24273 1 1 1
7 P_6 19 19 0.1434 0.20689655172413793 0.275851 1 1 1
7 P_6 20 20 0.078763 0.12755102040816327 0.1901605 1 1 1
7 P_6 21 21 0 0 0 1 1 1
7 P_6 22 22 0.133416 0.1935483870967742 0.260386 1 1 1
7 P_6 23 23 0.136784 0.1926605504587156 0.254383 1 1 1
7 P_6 24 24 0.102801 0.1625 0.234198 1 1 1
7 P_6 25 25 0.146925 0.20588235294117646 0.269635 1 1 1
7 P_6 26 26 0.142796 0.203125 0.268855 1 1 1
7 P_6 27 27 0.1591945 0.21370967741935484 0.271491 1 1 1
7 P_6 28 28 0.2689545 0.3333333333333333 0.3883925 1 1 1
7 P_6 29 29 0.1299925 0.19101123595505617 0.259338 1 1 1
7 P_6 30 30 0.263768 0.3282828282828283 0.3840425 1 1 1
7 P_6 31 31 0 0 0 1 1 1
7 P_6 32 32 0.116858 0.18309859154929578 0.259617 1 1 1
7 P_6 33 33 0.240662 0.3089887640449438 0.3700075 1 1 1
7 P_6 34 34 0.211451 0.27358490566037735 0.3332485 1 1 1
7 P_6 35 35 0 0 0 1 1 1
7 P_6 36 36 0.212936 0.28160919540229884 0.3462795 1 1 1
7 P_6 37 37 0 0 0 1 1 1
7 P_6 38 38 0.1521995 0.2102803738317757 0.272484 1 1 1
7 P_6 39 39 0.1039365 0.1568627450980392 0.219909 1 1 1
7 P_6 40 40 0.0764405 0.12962962962962962 0.199122 1 1 1
7 P_6 41 41 0.288097 0.35714285714285715 0.412168 1 1 1
7 P_6 42 42 0.157078 0.21428571428571427 0.2750405 1 1 1
7 P_6 43 43 0.1423985 0.2 0.2628865 1 1 1
7 P_6 44 44 0.114685 0.17204301075268819 0.2386595 1 1 1
7 P_6 45 45 0.230868 0.29591836734693877 0.355782 1 1 1
7 P_6 46 46 0.230365 0.29411764705882354 0.35307500000000003 1 1 1
7 P_6 47 47 0.1263125 0.18823529411764706 0.258154 1 1 1
7 P_6 48 48 0.2310775 0.2905982905982906 0.3462535 1 1 1
7 P_6 49 49 0.223511 0.2894736842105263 0.350842 1 1 1
7 P_6 50 50 0.222741 0.2831858407079646 0.340363 1 1 1
7 P_6 51 51 0 0 0 1 1 1
7 P_6 52 52 0.2607065 0.32142857142857145 0.375057 1 1 1
7 P_6 53 53 0.2659765 0.32857142857142857 0.3828625 1 1 1
7 P_6 54 54 0.1233655 0.17727272727272728 0.238529 1 1 1
7 P_6 55 55 0.163074 0.22330097087378642 0.286403 1 1 1
7 P_6 56 56 0.0406108 0.078125 0.1353965 1 1 1
7 P_6 57 57 0.2522425 0.31363636363636366 0.3685995 1 1 1
7 P_6 58 58 0.1299925 0.19101123595505617 0.259338 1 1 1
7 P_6 59 59 0.2079535 0.27419354838709675 0.3375595 1 1 1
7 P_6 60 60 0.143876 0.20192307692307693 0.265099 1 1 1
7 P_6 61 61 0.138129 0.19696969696969696 0.2617425 1 1 1
7 P_6 62 62 0.193784 0.25462962962962965 0.314999 1 1 1
7 P_6 63 63 0 0 0 1 1 1
7 P_6 64 64 0.238889 0.31333333333333335 0.378541 1 1 1
7 P_6 65 65 0.220567 0.2807017543859649 0.337839 1 1 1
7 P_6 66 66 0.1410205 0.19902912621359223 0.262526 1 1 1
7 P_6 67 67 0.17118 0.23267326732673269 0.296068 1 1 1
7 P_6 68 68 0.2670085 0.3287037037037037 0.382304 1 1 1
7 P_6 69 69 0.2046245 0.26229508196721313 0.3188415 1 1 1
7 P_6 70 70 0.249332 0.3125 0.369001 1 1 1
7 P_6 71 71 0.1368455 0.19196428571428573 0.252847 1 1 1
7 P_6 72 72 0.1247435 0.18181818181818182 0.246519 1 1 1
7 P_6 73 73 0.226192 0.2925531914893617 0.3539115 1 1 1
7 P_6 74 74 0.1366805 0.1941747572815534 0.25768 1 1 1
7 P_6 75 75 0 0 0 1 1 1
7 P_6 76 76 0.240122 0.3076923076923077 0.3682655 1 1 1
7 P_6 77 77 0.230504 0.30120481927710846 0.365124 1 1 1
7 P_6 78 78 0.1411045 0.2 0.264435 1 1 1
7 P_6 79 79 0 0 0 1 1 1
7 P_6 80 80 0 0 0 1 1 1
7 P_6 81 81 0.257672 0.3258426966292135 0.3846185 1 1 1
7 P_6 82 82 0.0394652 0.07777777777777778 0.1371485 1 1 1
7 P_6 83 83 0.09769 0.15 0.213384 1 1 1
7 P_6 84 84 0 0 0 1 1 1
7 P_6 85 85 0 0 0 1 1 1
7 P_6 86 86 0.1084225 0.16666666666666666 0.23546 1 1 1
7 P_6 87 87 0.225273 0.28773584905660377 0.346246 1 1 1
7 P_6 88 88 0.253481 0.3181818181818182 0.3752565 1 1 1
7 P_6 89 89 0.14503 0.2018348623853211 0.2635505 1 1 1
7 P_6 90 90 0.251966 0.3202247191011236 0.379784 1 1 1
7 P_6 91 91 0.5 0.5 0.5 1 1 1
7 P_6 92 92 0.2502325 0.3119266055045872 0.367307 1 1 1
7 P_6 93 93 0.1039365 0.1568627450980392 0.219909 1 1 1
7 P_6 94 94 0 0 0 1 1 1
7 P_6 95 95 0 0 0 1 1 1
7 P_6 96 96 0 0 0 1 1 1
7 P_6 97 97 0.128933 0.1875 0.253268 1 1 1
7 P_6 98 98 0.2575545 0.3194444444444444 0.3741915 1 1 1
7 P_6 99 99 0.128186 0.1896551724137931 0.2587645 1 1 1
7 P_6 100 100 0.263768 0.3282828282828283 0.3840425 1 1 1
7 P_6 101 101 0.218361 0.2798165137614679 0.3382315 1 1 1
7 P_6 102 102 0.1075605 0.1590909090909091 0.2198065 1 1 1
7 P_6 103 103 0.2580865 0.3185840707964602 0.372329 1 1 1
7 P_6 104 104 0.336375 0.39690721649484534 0.440703 1 1 1
7 P_6 105 105 0.141205 0.20103092783505155 0.266443 1 1 1
7 P_6 106 106 0.1325285 0.18867924528301888 0.2512525 1 1 1
7 P_6 107 107 0.1414665 0.2032967032967033 0.2707915 1 1 1
7 P_6 108 108 0.251986 0.3177083333333333 0.37563 1 1 1
7 P_6 109 109 0.2490215 0.31443298969072164 0.372495 1 1 1
7 P_6 110 110 0.2625925 0.3230088495575221 0.376237 1 1 1
7 P_6 111 111 0.129178 0.18686868686868688 0.2516205 1 1 1
8 P_5 0 0 0.0584765 0.0990990990990991 0.1548205 1 1 1
8 P_5 1 1 0 0 0 1 1 1
8 P_5 2 2 0 0 0 1 1 1
8 P_5 3 3 0.5 0.5 0.5 1 1 1
8 P_5 4 4 0 0 0 1 1 1
8 P_5 5 5 0.5 0.5 0.5 1 1 1
8 P_5 6 6 0 0 0 1 1 1
8 P_5 7 7 0 0 0 1 1 1
8 P_5 8 8 0.5 0.5 0.5 1 1 1
8 P_5 9 9 0.5 0.5 0.5 1 1 1
8 P_5 10 10 0.5 0.5 0.5 1 1 1
8 P_5 11 11 0 0 0 1 1 1
8 P_5 12 12 0 0 0 1 1 1
8 P_5 13 13 0 0 0 1 1 1
8 P_5 14 14 0 0 0 1 1 1
8 P_5 15 15 0.5 0.5 0.5 1 1 1
8 P_5 16 16 0.5 0.5 0.5 1 1 1
8 P_5 17 17 0 0 0 1 1 1
8 P_5 18 18 0.5 0.5 0.5 1 1 1
8 P_5 19 19 0.5 0.5 0.5 1 1 1
8 P_5 20 20 0.3464495 0.4017857142857143 0.442066 1 1 1
8 P_5 21 21 0 0 0 1 1 1
8 P_5 22 22 0.5 0.5 0.5 1 1 1
8 P_5 23 23 0.5 0.5 0.5 1 1 1
8 P_5 24 24 0.5 0.5 0.5 1 1 1
8 P_5 25 25 0.3667045 0.42613636363636365 0.4635695 1 1 1
8 P_5 26 26 0.5 0.5 0.5 1 1 1
8 P_5 27 27 0.5 0.5 0.5 1 1 1
8 P_5 28 28 0 0 0 1 1 1
8 P_5 29 29 0.5 0.5 0.5 1 1 1
8 P_5 30 30 0 0 0 1 1 1
8 P_5 31 31 0 0 0 1 1 1
8 P_5 32 32 0.5 0.5 0.5 1 1 1
8 P_5 33 33 0 0 0 1 1 1
8 P_5 34 34 0 0 0 1 1 1
8 P_5 35 35 0 0 0 1 1 1
8 P_5 36 36 0 0 0 1 1 1
8 P_5 37 37 0 0 0 1 1 1
8 P_5 38 38 0.5 0.5 0.5 1 1 1
8 P_5 39 39 0.5 0.5 0.5 1 1 1
8 P_5 40 40 0.3438885 0.4 0.440971 1 1 1
8 P_5 41 41 0 0 0 1 1 1
8 P_5 42 42 0.5 0.5 0.5 1 1 1
8 P_5 43 43 0.5 0.5 0.5 1 1 1
8 P_5 44 44 0.5 0.5 0.5 1 1 1
8 P_5 45 45 0 0 0 1 1 1
8 P_5 46 46 0 0 0 1 1 1
8 P_5 47 47 0.5 0.5 0.5 1 1 1
8 P_5 48 48 0 0 0 1 1 1
8 P_5 49 49 0 0 0 1 1 1
8 P_5 50 50 0 0 0 1 1 1
8 P_5 51 51 0 0 0 1 1 1
8 P_5 52 52 0 0 0 1 1 1
8 P_5 53 53 0 0 0 1 1 1
8 P_5 54 54 0.5 0.5 0.5 1 1 1
8 P_5 55 55 0.359216 0.41847826086956524 0.4575645 1 1 1
8 P_5 56 56 0 0 0 1 1 1
8 P_5 57 57 0 0 0 1 1 1
8 P_5 58 58 0.5 0.5 0.5 1 1 1
8 P_5 59 59 0 0 0 1 1 1
8 P_5 60 60 0.5 0.5 0.5 1 1 1
8 P_5 61 61 0.5 0.5 0.5 1 1 1
8 P_5 62 62 0 0 0 1 1 1
8 P_5 63 63 0.0343467 0.06796116504854369 0.1211235 1 1 1
8 P_5 64 64 0 0 0 1 1 1
8 P_5 65 65 0 0 0 1 1 1
8 P_5 66 66 0.5 0.5 0.5 1 1 1
8 P_5 67 67 0.5 0.5 0.5 1 1 1
8 P_5 68 68 0 0 0 1 1 1
8 P_5 69 69 0 0 0 1 1 1
8 P_5 70 70 0 0 0 1 1 1
8 P_5 71 71 0.5 0.5 0.5 1 1 1
8 P_5 72 72 0.5 0.5 0.5 1 1 1
8 P_5 73 73 0 0 0 1 1 1
8 P_5 74 74 0.5 0.5 0.5 1 1 1
8 P_5 75 75 0.057447 0.1 0.159148 1 1 1
8 P_5 76 76 0 0 0 1 1 1
8 P_5 77 77 0 0 0 1 1 1
8 P_5 78 78 0.5 0.5 0.5 1 1 1
8 P_5 79 79 0 0 0 1 1 1
8 P_5 80 80 0 0 0 1 1 1
8 P_5 81 81 0 0 0 1 1 1
8 P_5 82 82 0 0 0 1 1 1
8 P_5 83 83 0.5 0.5 0.5 1 1 1
8 P_5 84 84 0 0 0 1 1 1
8 P_5 85 85 0 0 0 1 1 1
8 P_5 86 86 0.5 0.5 0.5 1 1 1
8 P_5 87 87 0 0 0 1 1 1
8 P_5 88 88 0 0 0 1 1 1
8 P_5 89 89 0.5 0.5 0.5 1 1 1
8 P_5 90 90 0 0 0 1 1 1
8 P_5 91 91 0.5 0.5 0.5 1 1 1
8 P_5 92 92 0 0 0 1 1 1
8 P_5 93 93 0.5 0.5 0.5 1 1 1
8 P_5 94 94 0 0 0 1 1 1
8 P_5 95 95 0 0 0 1 1 1
8 P_5 96 96 0 0 0 1 1 1
8 P_5 97 97 0.5 0.5 0.5 1 1 1
8 P_5 98 98 0 0 0 1 1 1
8 P_5 99 99 0.5 0.5 0.5 1 1 1
8 P_5 100 100 0 0 0 1 1 1
8 P_5 101 101 0 0 0 1 1 1
8 P_5 102 102 0.5 0.5 0.5 1 1 1
8 P_5 103 103 0 0 0 1 1 1
8 P_5 104 104 0 0 0 1 1 1
8 P_5 105 105 0.5 0.5 0.5 1 1 1
8 P_5 106 106 0.5 0.5 0.5 1 1 1
8 P_5 107 107 0.5 0.5 0.5 1 1 1
8 P_5 108 108 0 0 0 1 1 1
8 P_5 109 109 0 0 0 1 1 1
8 P_5 110 110 0 0 0 1 1 1
8 P_5 111 111 0.5 0.5 0.5 1 1 1
9 P_1 0 0 0.161847 0.2289156626506024 0.298777 1 1 1
9 P_1 1 1 0.201576 0.2608695652173913 0.319111 1 1 1
9 P_1 2 2 0 0 0 1 1 1
9 P_1 3 3 0.1239865 0.1827956989247312 0.249587 1 1 1
9 P_1 4 4 0.2410145 0.30612244897959184 0.364891 1 1 1
9 P_1 5 5 0.16646 0.22916666666666666 0.2942735 1 1 1
9 P_1 6 6 0 0 0 1 1 1
9 P_1 7 7 0.234901 0.2980769230769231 0.356124 1 1 1
9 P_1 8 8 0.1804195 0.24257425742574257 0.305544 1 1 1
9 P_1 9 9 0.1591355 0.2175925925925926 0.279384 1 1 1
9 P_1 10 10 0.1638015 0.225 0.2889685 1 1 1
9 P_1 11 11 0.2205605 0.2801724137931034 0.3368875 1 1 1
9 P_1 12 12 0.2159835 0.27884615384615385 0.338631 1 1 1
9 P_1 13 13 0.1818195 0.24285714285714285 0.30465 1 1 1
9 P_1 14 14 0.2367525 0.29508196721311475 0.349289 1 1 1
9 P_1 15 15 0.1720565 0.23300970873786409 0.2957925 1 1 1
9 P_1 16 16 0.1397175 0.2 0.2661015 1 1 1
9 P_1 17 17 0.2162155 0.2767857142857143 0.3346955 1 1 1
9 P_1 18 18 0.1712745 0.234375 0.299276 1 1 1
9 P_1 19 19 0.129421 0.18627450980392157 0.250054 1 1 1
9 P_1 20 20 0 0 0 1 1 1
9 P_1 21 21 0 0 0 1 1 1
9 P_1 22 22 0.173516 0.2388888888888889 0.305624 1 1 1
9 P_1 23 23 0.102996 0.15656565656565657 0.2205835 1 1 1
9 P_1 24 24 0.1484995 0.2079207920792079 0.2719595 1 1 1
9 P_1 25 25 0 0 0 1 1 1
9 P_1 26 26 0.1939915 0.25757575757575757 0.3203125 1 1 1
9 P_1 27 27 0.1703415 0.23404255319148937 0.29962 1 1 1
9 P_1 28 28 0.1935145 0.25773195876288657 0.321067 1 1 1
9 P_1 29 29 0.189114 0.25555555555555554 0.321316 1 1 1
9 P_1 30 30 0.196608 0.26 0.322284 1 1 1
9 P_1 31 31 0 0 0 1 1 1
9 P_1 32 32 0.1592125 0.22 0.2841115 1 1 1
9 P_1 33 33 0.2157285 0.2840909090909091 0.3481835 1 1 1
9 P_1 34 34 0.207109 0.26851851851851855 0.328023 1 1 1
9 P_1 35 35 0 0 0 1 1 1
9 P_1 36 36 0.2157505 0.2865853658536585 0.352518 1 1 1
9 P_1 37 37 0 0 0 1 1 1
9 P_1 38 38 0.143961 0.20987654320987653 0.2812315 1 1 1
9 P_1 39 39 0.1702585 0.22935779816513763 0.290562 1 1 1
9 P_1 40 40 0 0 0 1 1 1
9 P_1 41 41 0.175523 0.2358490566037736 0.2976575 1 1 1
9 P_1 42 42 0.1702585 0.22935779816513763 0.290562 1 1 1
9 P_1 43 43 0.1221795 0.17567567567567569 0.236617 1 1 1
9 P_1 44 44 0.1350405 0.19473684210526315 0.2608645 1 1 1
9 P_1 45 45 0.218382 0.27927927927927926 0.337243 1 1 1
9 P_1 46 46 0.2158885 0.28 0.3407875 1 1 1
9 P_1 47 47 0.149539 0.21195652173913043 0.2789405 1 1 1
9 P_1 48 48 0.1966115 0.25675675675675674 0.316225 1 1 1
9 P_1 49 49 0.2318965 0.29357798165137616 0.350816 1 1 1
9 P_1 50 50 0.2231705 0.2871287128712871 0.347013 1 1 1
9 P_1 51 51 0 0 0 1 1 1
9 P_1 52 52 0.2371545 0.30434782608695654 0.3650185 1 1 1
9 P_1 53 53 0.2263935 0.29347826086956524 0.3553445 1 1 1
9 P_1 54 54 0.192522 0.25806451612903225 0.322649 1 1 1
9 P_1 55 55 0 0 0 1 1 1
9 P_1 56 56 0 0 0 1 1 1
9 P_1 57 57 0.204236 0.27380952380952384 0.3402655 1 1 1
9 P_1 58 58 0.1902545 0.2553191489361702 0.3197585 1 1 1
9 P_1 59 59 0.1830805 0.24509803921568626 0.3076485 1 1 1
9 P_1 60 60 0.152179 0.21354166666666666 0.279105 1 1 1
9 P_1 61 61 0.169528 0.2264957264957265 0.2857015 1 1 1
9 P_1 62 62 0.2453435 0.30416666666666664 0.3579575 1 1 1
9 P_1 63 63 0.1414665 0.2032967032967033 0.2707915 1 1 1
9 P_1 64 64 0.257203 0.3273809523809524 0.387429 1 1 1
9 P_1 65 65 0.203717 0.275 0.342853 1 1 1
9 P_1 66 66 0.1500165 0.21794871794871795 0.2903855 1 1 1
9 P_1 67 67 0.17702 0.2441860465116279 0.3120965 1 1 1
9 P_1 68 68 0.2087055 0.2722772277227723 0.333404 1 1 1
9 P_1 69 69 0.237895 0.2982456140350877 0.353886 1 1 1
9 P_1 70 70 0.252086 0.3155339805825243 0.371926 1 1 1
9 P_1 71 71 0.187436 0.25268817204301075 0.3176205 1 1 1
9 P_1 72 72 0.171977 0.23148148148148148 0.292891 1 1 1
9 P_1 73 73 0.226479 0.284 0.3384845 1 1 1
9 P_1 74 74 0.1809015 0.24719101123595505 0.313829 1 1 1
9 P_1 75 75 0.1601435 0.2247191011235955 0.292427 1 1 1
9 P_1 76 76 0.208143 0.2736842105263158 0.3364685 1 1 1
9 P_1 77 77 0.185879 0.25 0.314121 1 1 1
9 P_1 78 78 0.171127 0.23113207547169812 0.293114 1 1 1
9 P_1 79 79 0 0 0 1 1 1
9 P_1 80 80 0 0 0 1 1 1
9 P_1 81 81 0.2470045 0.3160919540229885 0.376812 1 1 1
9 P_1 82 82 0 0 0 1 1 1
9 P_1 83 83 0.1856065 0.24545454545454545 0.305762 1 1 1
9 P_1 84 84 0 0 0 1 1 1
9 P_1 85 85 0 0 0 1 1 1
9 P_1 86 86 0.2298085 0.2988505747126437 0.3617075 1 1 1
9 P_1 87 87 0.1863085 0.24761904761904763 0.3091815 1 1 1
9 P_1 88 88 0.216153 0.2772727272727273 0.335636 1 1 1
9 P_1 89 89 0.20248 0.2692307692307692 0.333649 1 1 1
9 P_1 90 90 0.2355035 0.3045977011494253 0.366779 1 1 1
9 P_1 91 91 0.5 0.5 0.5 1 1 1
9 P_1 92 92 0.180519 0.2375 0.2956425 1 1 1
9 P_1 93 93 0.1551535 0.21649484536082475 0.281659 1 1 1
9 P_1 94 94 0 0 0 1 1 1
9 P_1 95 95 0 0 0 1 1 1
9 P_1 96 96 0 0 0 1 1 1
9 P_1 97 97 0.1638015 0.225 0.2889685 1 1 1
9 P_1 98 98 0.2137905 0.2757009345794392 0.3349435 1 1 1
9 P_1 99 99 0.1366105 0.1958762886597938 0.261316 1 1 1
9 P_1 100 100 0.2090745 0.2714285714285714 0.3315175 1 1 1
9 P_1 101 101 0.2321335 0.29439252336448596 0.3520435 1 1 1
9 P_1 102 102 0.202032 0.2644230769230769 0.3252755 1 1 1
9 P_1 103 103 0.2044915 0.27325581395348836 0.3390425 1 1 1
9 P_1 104 104 0.239614 0.3064516129032258 0.366584 1 1 1
9 P_1 105 105 0.1386335 0.20512820512820512 0.2779285 1 1 1
9 P_1 106 106 0.1593975 0.22282608695652173 0.2895165 1 1 1
9 P_1 107 107 0.185032 0.24180327868852458 0.299324 1 1 1
9 P_1 108 108 0.1893825 0.25 0.3106175 1 1 1
9 P_1 109 109 0.209727 0.28125 0.348486 1 1 1
9 P_1 110 110 0.2210595 0.28804347826086957 0.350461 1 1 1
9 P_1 111 111 0.169834 0.24025974025974026 0.312071 1 1 1
