5 #m
73 #n
0 P_2 0 0 0.405059 0.4209466263846928 0.4348605 1 1 1
0 P_2 1 1 0.398782 0.41514227642276424 0.4295785 1 1 1
0 P_2 2 2 0 0 0 1 1 1
0 P_2 3 3 0.1434565 0.162217659137577 0.182012 1 1 1
0 P_2 4 4 0.1342145 0.1524822695035461 0.171883 1 1 1
0 P_2 5 5 0.410121 0.4257932446264074 0.439403 1 1 1
0 P_2 6 6 0.408475 0.4241658240647118 0.437838 1 1 1
0 P_2 7 7 0.4097275 0.4252243270189432 0.438718 1 1 1
0 P_2 8 8 0.146361 0.1652892561983471 0.185221 1 1 1
0 P_2 9 9 0 0 0 1 1 1
0 P_2 10 10 0.1497145 0.16872427983539096 0.188693 1 1 1
0 P_2 11 11 0.409094 0.42428571428571427 0.437574 1 1 1
0 P_2 12 12 0 0 0 1 1 1
0 P_2 13 13 0.5 0.5 0.5 1 1 1
0 P_2 14 14 0.4044305 0.42005813953488375 0.4337965 1 1 1
0 P_2 15 15 0.142686 0.16127401415571285 0.180891 1 1 1
0 P_2 16 16 0.4001185 0.4163306451612903 0.43062 1 1 1
0 P_2 17 17 0 0 0 1 1 1
0 P_2 18 18 0 0 0 1 1 1
0 P_2 19 19 0.152893 0.17158308751229107 0.1911575 1 1 1
0 P_2 20 20 0.398139 0.4145473041709054 0.429036 1 1 1
0 P_2 21 21 0 0 0 1 1 1
0 P_2 22 22 0 0 0 1 1 1
0 P_2 23 23 0.408655 0.4244126659856997 0.438128 1 1 1
0 P_2 24 24 0.397335 0.4141791044776119 0.429017 1 1 1
0 P_2 25 25 0.066194 0.07988450433108758 0.0954525 1 1 1
0 P_2 26 26 0 0 0 1 1 1
0 P_2 27 27 0.154818 0.174163179916318 0.194418 1 1 1
0 P_2 28 28 0.3988445 0.41515151515151516 0.429546 1 1 1
0 P_2 29 29 0.3992625 0.4154228855721393 0.429696 1 1 1
0 P_2 30 30 0.4031565 0.41919191919191917 0.433268 1 1 1
0 P_2 31 31 0 0 0 1 1 1
0 P_2 32 32 0.5 0.5 0.5 1 1 1
0 P_2 33 33 0.5 0.5 0.5 1 1 1
0 P_2 34 34 0 0 0 1 1 1
0 P_2 35 35 0.4081785 0.42430703624733473 0.4383055 1 1 1
0 P_2 36 36 0.407474 0.42327235772357724 0.437052 1 1 1
0 P_2 37 37 0.390581 0.40735146022155083 0.422305 1 1 1
0 P_2 38 38 0.400076 0.4167556029882604 0.431395 1 1 1
0 P_2 39 39 0.413869 0.4289940828402367 0.442095 1 1 1
0 P_2 40 40 0.40712 0.4225216554379211 0.4360195 1 1 1
0 P_2 41 41 0.4070935 0.42299794661190965 0.436866 1 1 1
0 P_2 42 42 0.23204 0.2522167487684729 0.2723685 1 1 1
0 P_2 43 43 0.399594 0.4160621761658031 0.4305575 1 1 1
0 P_2 44 44 0.4075475 0.4229287090558767 0.4363995 1 1 1
0 P_2 45 45 0.068719 0.08307692307692308 0.099398 1 1 1
0 P_2 46 46 0.38909 0.4059356136820926 0.4209825 1 1 1
0 P_2 47 47 0 0 0 1 1 1
0 P_2 48 48 0 0 0 1 1 1
0 P_2 49 49 0.3968065 0.41261682242990655 0.426684 1 1 1
0 P_2 50 50 0.400763 0.4166666666666667 0.4307075 1 1 1
0 P_2 51 51 0.399594 0.4160621761658031 0.4305575 1 1 1
0 P_2 52 52 0.397942 0.4139941690962099 0.4282185 1 1 1
0 P_2 53 53 0 0 0 1 1 1
0 P_2 54 54 0.391855 0.408252427184466 0.422888 1 1 1
0 P_2 55 55 0 0 0 1 1 1
0 P_2 56 56 0.3977175 0.41375968992248063 0.4279825 1 1 1
0 P_2 57 57 0.403538 0.41951710261569414 0.4335405 1 1 1
0 P_2 58 58 0 0 0 1 1 1
0 P_2 59 59 0.39594 0.41222879684418146 0.426683 1 1 1
0 P_2 60 60 0.248688 0.26911468812877265 0.2893205 1 1 1
0 P_2 61 61 0.5 0.5 0.5 1 1 1
0 P_2 62 62 0 0 0 1 1 1
0 P_2 63 63 0.4025025 0.4185 0.4325655 1 1 1
0 P_2 64 64 0 0 0 1 1 1
0 P_2 65 65 0 0 0 1 1 1
0 P_2 66 66 0 0 0 1 1 1
0 P_2 67 67 0 0 0 1 1 1
0 P_2 68 68 0 0 0 1 1 1
0 P_2 69 69 0.5 0.5 0.5 1 1 1
0 P_2 70 70 0.139503 0.15776458951533134 0.1770725 1 1 1
0 P_2 71 71 0 0 0 1 1 1
0 P_2 72 72 0 0 0 1 1 1
1 P_4 0 0 0 0 0 1 1 1
1 P_4 1 1 0 0 0 1 1 1
1 P_4 2 2 0.1077905 0.124282982791587 0.142154 1 1 1
1 P_4 3 3 0 0 0 1 1 1
1 P_4 4 4 0 0 0 1 1 1
1 P_4 5 5 0 0 0 1 1 1
1 P_4 6 6 0 0 0 1 1 1
1 P_4 7 7 0 0 0 1 1 1
1 P_4 8 8 0 0 0 1 1 1
1 P_4 9 9 0 0 0 1 1 1
1 P_4 10 10 0 0 0 1 1 1
1 P_4 11 11 0 0 0 1 1 1
1 P_4 12 12 0.1030775 0.12004175365344467 0.1385615 1 1 1
1 P_4 13 13 0 0 0 1 1 1
1 P_4 14 14 0 0 0 1 1 1
1 P_4 15 15 0 0 0 1 1 1
1 P_4 16 16 0 0 0 1 1 1
1 P_4 17 17 0.102908 0.1193516699410609 0.137267 1 1 1
1 P_4 18 18 0.3551265 0.3736097067745197 0.39066 1 1 1
1 P_4 19 19 0 0 0 1 1 1
1 P_4 20 20 0 0 0 1 1 1
1 P_4 21 21 0 0 0 1 1 1
1 P_4 22 22 0.5 0.5 0.5 1 1 1
1 P_4 23 23 0 0 0 1 1 1
1 P_4 24 24 0 0 0 1 1 1
1 P_4 25 25 0 0 0 1 1 1
1 P_4 26 26 0 0 0 1 1 1
1 P_4 27 27 0 0 0 1 1 1
1 P_4 28 28 0 0 0 1 1 1
1 P_4 29 29 0 0 0 1 1 1
1 P_4 30 30 0 0 0 1 1 1
1 P_4 31 31 0 0 0 1 1 1
1 P_4 32 32 0 0 0 1 1 1
1 P_4 33 33 0 0 0 1 1 1
1 P_4 34 34 0.3757025 0.3932527693856999 0.409149 1 1 1
1 P_4 35 35 0 0 0 1 1 1
1 P_4 36 36 0 0 0 1 1 1
1 P_4 37 37 0 0 0 1 1 1
1 P_4 38 38 0 0 0 1 1 1
1 P_4 39 39 0 0 0 1 1 1
1 P_4 40 40 0 0 0 1 1 1
1 P_4 41 41 0 0 0 1 1 1
1 P_4 42 42 0 0 0 1 1 1
1 P_4 43 43 0 0 0 1 1 1
1 P_4 44 44 0 0 0 1 1 1
1 P_4 45 45 0 0 0 1 1 1
1 P_4 46 46 0 0 0 1 1 1
1 P_4 47 47 0 0 0 1 1 1
1 P_4 48 48 0.3633225 0.3813813813813814 0.397932 1 1 1
1 P_4 49 49 0 0 0 1 1 1
1 P_4 50 50 0 0 0 1 1 1
1 P_4 51 51 0 0 0 1 1 1
1 P_4 52 52 0 0 0 1 1 1
1 P_4 53 53 0.349142 0.3674757281553398 0.3845015 1 1 1
1 P_4 54 54 0 0 0 1 1 1
1 P_4 55 55 0.1068715 0.12420382165605096 0.1430675 1 1 1
1 P_4 56 56 0 0 0 1 1 1
1 P_4 57 57 0 0 0 1 1 1
1 P_4 58 58 0.0985305 0.11481113320079522 0.132633 1 1 1
1 P_4 59 59 0 0 0 1 1 1
1 P_4 60 60 0 0 0 1 1 1
1 P_4 61 61 0.5 0.5 0.5 1 1 1
1 P_4 62 62 0 0 0 1 1 1
1 P_4 63 63 0 0 0 1 1 1
1 P_4 64 64 0.1098825 0.1270408163265306 0.145638 1 1 1
1 P_4 65 65 0.36186 0.3803329864724246 0.397251 1 1 1
1 P_4 66 66 0.113463 0.13097713097713098 0.1499095 1 1 1
1 P_4 67 67 0 0 0 1 1 1
1 P_4 68 68 0.104853 0.12109744560075686 0.1387405 1 1 1
1 P_4 69 69 0 0 0 1 1 1
1 P_4 70 70 0 0 0 1 1 1
1 P_4 71 71 0 0 0 1 1 1
1 P_4 72 72 0.0971495 0.11354378818737271 0.1315315 1 1 1
2 P_3 0 0 0.156261 0.17476190476190476 0.1940845 1 1 1
2 P_3 1 1 0.166929 0.186414708886619 0.206645 1 1 1
2 P_3 2 2 0 0 0 1 1 1
2 P_3 3 3 0 0 0 1 1 1
2 P_3 4 4 0 0 0 1 1 1
2 P_3 5 5 0.164366 0.1830188679245283 0.2023965 1 1 1
2 P_3 6 6 0.1706855 0.19023397761953204 0.21048 1 1 1
2 P_3 7 7 0.1613095 0.18025540275049115 0.1999875 1 1 1
2 P_3 8 8 0 0 0 1 1 1
2 P_3 9 9 0 0 0 1 1 1
2 P_3 10 10 0 0 0 1 1 1
2 P_3 11 11 0.1736265 0.19303482587064677 0.2130935 1 1 1
2 P_3 12 12 0 0 0 1 1 1
2 P_3 13 13 0.162165 0.1809432146294514 0.2004835 1 1 1
2 P_3 14 14 0.1636035 0.182720953326713 0.2026045 1 1 1
2 P_3 15 15 0 0 0 1 1 1
2 P_3 16 16 0.1752965 0.19486404833836857 0.2150685 1 1 1
2 P_3 17 17 0 0 0 1 1 1
2 P_3 18 18 0.195135 0.21515151515151515 0.2355715 1 1 1
2 P_3 19 19 0 0 0 1 1 1
2 P_3 20 20 0.166015 0.1861353711790393 0.207055 1 1 1
2 P_3 21 21 0.080613 0.09584178498985801 0.112863 1 1 1
2 P_3 22 22 0.2038965 0.22349570200573066 0.243385 1 1 1
2 P_3 23 23 0.159801 0.17840152235965748 0.1977835 1 1 1
2 P_3 24 24 0.1667545 0.1860581745235707 0.206097 1 1 1
2 P_3 25 25 0 0 0 1 1 1
2 P_3 26 26 0 0 0 1 1 1
2 P_3 27 27 0 0 0 1 1 1
2 P_3 28 28 0.178803 0.1984848484848485 0.2187635 1 1 1
2 P_3 29 29 0.160125 0.17933130699088146 0.199359 1 1 1
2 P_3 30 30 0.1680265 0.18719211822660098 0.2070675 1 1 1
2 P_3 31 31 0 0 0 1 1 1
2 P_3 32 32 0.1588735 0.1774193548387097 0.196755 1 1 1
2 P_3 33 33 0.1655335 0.18451801363193768 0.2042335 1 1 1
2 P_3 34 34 0.1991185 0.21932515337423314 0.2398915 1 1 1
2 P_3 35 35 0.1571785 0.17606330365974282 0.195787 1 1 1
2 P_3 36 36 0.168466 0.18774900398406374 0.207743 1 1 1
2 P_3 37 37 0.17231 0.1919917864476386 0.2123565 1 1 1
2 P_3 38 38 0.1565555 0.17521781219748306 0.1947105 1 1 1
2 P_3 39 39 0.1635485 0.18282828282828284 0.202886 1 1 1
2 P_3 40 40 0.170693 0.18989205103042198 0.2097675 1 1 1
2 P_3 41 41 0.1772165 0.1965686274509804 0.2165215 1 1 1
2 P_3 42 42 0 0 0 1 1 1
2 P_3 43 43 0.156169 0.1755485893416928 0.1958205 1 1 1
2 P_3 44 44 0.157812 0.17661448140900196 0.1962405 1 1 1
2 P_3 45 45 0 0 0 1 1 1
2 P_3 46 46 0.1628715 0.18209255533199195 0.202097 1 1 1
2 P_3 47 47 0.0830135 0.09855521155830753 0.1158885 1 1 1
2 P_3 48 48 0.1905605 0.21021611001964635 0.23032 1 1 1
2 P_3 49 49 0.1748285 0.1943056943056943 0.214421 1 1 1
2 P_3 50 50 0.1610965 0.1803030303030303 0.200317 1 1 1
2 P_3 51 51 0.163889 0.18319838056680163 0.203283 1 1 1
2 P_3 52 52 0.176054 0.19552238805970149 0.2156125 1 1 1
2 P_3 53 53 0.1959065 0.21522556390977443 0.2349195 1 1 1
2 P_3 54 54 0.162288 0.1822633297062024 0.2030835 1 1 1
2 P_3 55 55 0 0 0 1 1 1
2 P_3 56 56 0.143593 0.1618217054263566 0.1810305 1 1 1
2 P_3 57 57 0.1676375 0.18687872763419483 0.2068395 1 1 1
2 P_3 58 58 0 0 0 1 1 1
2 P_3 59 59 0.155146 0.17455310199789695 0.19487 1 1 1
2 P_3 60 60 0 0 0 1 1 1
2 P_3 61 61 0.5 0.5 0.5 1 1 1
2 P_3 62 62 0 0 0 1 1 1
2 P_3 63 63 0.179764 0.19903381642512077 0.2188685 1 1 1
2 P_3 64 64 0 0 0 1 1 1
2 P_3 65 65 0.2108775 0.2312820512820513 0.251907 1 1 1
2 P_3 66 66 0 0 0 1 1 1
2 P_3 67 67 0 0 0 1 1 1
2 P_3 68 68 0 0 0 1 1 1
2 P_3 69 69 0.168257 0.18823529411764706 0.208971 1 1 1
2 P_3 70 70 0 0 0 1 1 1
2 P_3 71 71 0.157844 0.17713697219361482 0.1972905 1 1 1
2 P_3 72 72 0 0 0 1 1 1
3 P_9 0 0 0 0 0 1 1 1
3 P_9 1 1 0 0 0 1 1 1
3 P_9 2 2 0 0 0 1 1 1
3 P_9 3 3 0 0 0 1 1 1
3 P_9 4 4 0 0 0 1 1 1
3 P_9 5 5 0 0 0 1 1 1
3 P_9 6 6 0 0 0 1 1 1
3 P_9 7 7 0 0 0 1 1 1
3 P_9 8 8 0 0 0 1 1 1
3 P_9 9 9 0.111881 0.1287952987267385 0.147071 1 1 1
3 P_9 10 10 0 0 0 1 1 1
3 P_9 11 11 0 0 0 1 1 1
3 P_9 12 12 0 0 0 1 1 1
3 P_9 13 13 0 0 0 1 1 1
3 P_9 14 14 0 0 0 1 1 1
3 P_9 15 15 0 0 0 1 1 1
3 P_9 16 16 0 0 0 1 1 1
3 P_9 17 17 0 0 0 1 1 1
3 P_9 18 18 0 0 0 1 1 1
3 P_9 19 19 0 0 0 1 1 1
3 P_9 20 20 0 0 0 1 1 1
3 P_9 21 21 0.360783 0.3790485829959514 0.395816 1 1 1
3 P_9 22 22 0.1002485 0.11647173489278752 0.1341875 1 1 1
3 P_9 23 23 0 0 0 1 1 1
3 P_9 24 24 0 0 0 1 1 1
3 P_9 25 25 0 0 0 1 1 1
3 P_9 26 26 0.0523445 0.06481481481481481 0.079355 1 1 1
3 P_9 27 27 0 0 0 1 1 1
3 P_9 28 28 0 0 0 1 1 1
3 P_9 29 29 0 0 0 1 1 1
3 P_9 30 30 0 0 0 1 1 1
3 P_9 31 31 0.0512225 0.06360078277886497 0.0780705 1 1 1
3 P_9 32 32 0 0 0 1 1 1
3 P_9 33 33 0 0 0 1 1 1
3 P_9 34 34 0 0 0 1 1 1
3 P_9 35 35 0 0 0 1 1 1
3 P_9 36 36 0 0 0 1 1 1
3 P_9 37 37 0 0 0 1 1 1
3 P_9 38 38 0 0 0 1 1 1
3 P_9 39 39 0 0 0 1 1 1
3 P_9 40 40 0 0 0 1 1 1
3 P_9 41 41 0 0 0 1 1 1
3 P_9 42 42 0 0 0 1 1 1
3 P_9 43 43 0 0 0 1 1 1
3 P_9 44 44 0 0 0 1 1 1
3 P_9 45 45 0 0 0 1 1 1
3 P_9 46 46 0 0 0 1 1 1
3 P_9 47 47 0.3428125 0.36138132295719844 0.3787075 1 1 1
3 P_9 48 48 0 0 0 1 1 1
3 P_9 49 49 0 0 0 1 1 1
3 P_9 50 50 0 0 0 1 1 1
3 P_9 51 51 0 0 0 1 1 1
3 P_9 52 52 0 0 0 1 1 1
3 P_9 53 53 0 0 0 1 1 1
3 P_9 54 54 0 0 0 1 1 1
3 P_9 55 55 0 0 0 1 1 1
3 P_9 56 56 0 0 0 1 1 1
3 P_9 57 57 0 0 0 1 1 1
3 P_9 58 58 0 0 0 1 1 1
3 P_9 59 59 0 0 0 1 1 1
3 P_9 60 60 0 0 0 1 1 1
3 P_9 61 61 0.5 0.5 0.5 1 1 1
3 P_9 62 62 0.04810615 0.060038424591738714 0.074063 1 1 1
3 P_9 63 63 0 0 0 1 1 1
3 P_9 64 64 0 0 0 1 1 1
3 P_9 65 65 0 0 0 1 1 1
3 P_9 66 66 0 0 0 1 1 1
3 P_9 67 67 0.04697055 0.05938494167550371 0.074116 1 1 1
3 P_9 68 68 0 0 0 1 1 1
3 P_9 69 69 0 0 0 1 1 1
3 P_9 70 70 0 0 0 1 1 1
3 P_9 71 71 0 0 0 1 1 1
3 P_9 72 72 0.10778 0.125 0.143713 1 1 1
4 P_8 0 0 0.322088 0.3413793103448276 0.359638 1 1 1
4 P_8 1 1 0.315392 0.335423197492163 0.354431 1 1 1
4 P_8 2 2 0 0 0 1 1 1
4 P_8 3 3 0 0 0 1 1 1
4 P_8 4 4 0 0 0 1 1 1
4 P_8 5 5 0.315104 0.3342911877394636 0.3525525 1 1 1
4 P_8 6 6 0.3321565 0.35129740518962077 0.369279 1 1 1
4 P_8 7 7 0.3109135 0.33135775862068967 0.3507965 1 1 1
4 P_8 8 8 0 0 0 1 1 1
4 P_8 9 9 0.050649 0.06334371754932502 0.07826 1 1 1
4 P_8 10 10 0 0 0 1 1 1
4 P_8 11 11 0.317682 0.33712871287128715 0.355586 1 1 1
4 P_8 12 12 0 0 0 1 1 1
4 P_8 13 13 0.308341 0.32782101167315175 0.346433 1 1 1
4 P_8 14 14 0.313504 0.33350622406639 0.352515 1 1 1
4 P_8 15 15 0 0 0 1 1 1
4 P_8 16 16 0.314668 0.3341559723593287 0.352691 1 1 1
4 P_8 17 17 0 0 0 1 1 1
4 P_8 18 18 0 0 0 1 1 1
4 P_8 19 19 0 0 0 1 1 1
4 P_8 20 20 0.3150705 0.3350676378772112 0.35405 1 1 1
4 P_8 21 21 0.0944615 0.11065989847715736 0.12848 1 1 1
4 P_8 22 22 0.04725745 0.059322033898305086 0.073566 1 1 1
4 P_8 23 23 0.3094085 0.3287081339712919 0.347144 1 1 1
4 P_8 24 24 0.3089335 0.32914046121593293 0.348396 1 1 1
4 P_8 25 25 0 0 0 1 1 1
4 P_8 26 26 0.105188 0.12179487179487179 0.1398515 1 1 1
4 P_8 27 27 0 0 0 1 1 1
4 P_8 28 28 0.316703 0.33589990375360923 0.3541485 1 1 1
4 P_8 29 29 0.3217245 0.34115884115884115 0.359549 1 1 1
4 P_8 30 30 0.3138365 0.3333333333333333 0.3518875 1 1 1
4 P_8 31 31 0.0875505 0.10289855072463767 0.1198765 1 1 1
4 P_8 32 32 0.304504 0.32441977800201816 0.343474 1 1 1
4 P_8 33 33 0.3188845 0.33826429980276135 0.356646 1 1 1
4 P_8 34 34 0 0 0 1 1 1
4 P_8 35 35 0.3098715 0.32929194956353053 0.3478305 1 1 1
4 P_8 36 36 0.3068535 0.32665330661322645 0.3455725 1 1 1
4 P_8 37 37 0.309036 0.3292939936775553 0.348594 1 1 1
4 P_8 38 38 0.3006655 0.32025193798449614 0.3390575 1 1 1
4 P_8 39 39 0.306666 0.3267838676318511 0.345991 1 1 1
4 P_8 40 40 0.2994915 0.31910766246362754 0.337955 1 1 1
4 P_8 41 41 0.306911 0.3269824922760041 0.346145 1 1 1
4 P_8 42 42 0 0 0 1 1 1
4 P_8 43 43 0.3183475 0.33779761904761907 0.356249 1 1 1
4 P_8 44 44 0.316271 0.33582834331337325 0.3544035 1 1 1
4 P_8 45 45 0 0 0 1 1 1
4 P_8 46 46 0.314072 0.33349657198824684 0.3519835 1 1 1
4 P_8 47 47 0.091894 0.10770750988142293 0.1251335 1 1 1
4 P_8 48 48 0 0 0 1 1 1
4 P_8 49 49 0.309919 0.33016877637130804 0.3494485 1 1 1
4 P_8 50 50 0.306717 0.3265 0.3454055 1 1 1
4 P_8 51 51 0.311677 0.3309386973180077 0.3493115 1 1 1
4 P_8 52 52 0.314304 0.3336575875486381 0.352078 1 1 1
4 P_8 53 53 0 0 0 1 1 1
4 P_8 54 54 0.3145765 0.333648393194707 0.3518135 1 1 1
4 P_8 55 55 0 0 0 1 1 1
4 P_8 56 56 0.317312 0.33681592039800995 0.355329 1 1 1
4 P_8 57 57 0.3177865 0.33733733733733734 0.3558855 1 1 1
4 P_8 58 58 0 0 0 1 1 1
4 P_8 59 59 0.3142955 0.3340060544904137 0.3527445 1 1 1
4 P_8 60 60 0 0 0 1 1 1
4 P_8 61 61 0.5 0.5 0.5 1 1 1
4 P_8 62 62 0.0869415 0.10207939508506617 0.118821 1 1 1
4 P_8 63 63 0.3147205 0.3349256900212314 0.3540975 1 1 1
4 P_8 64 64 0 0 0 1 1 1
4 P_8 65 65 0 0 0 1 1 1
4 P_8 66 66 0 0 0 1 1 1
4 P_8 67 67 0.098361 0.11465603190428714 0.1324985 1 1 1
4 P_8 68 68 0 0 0 1 1 1
4 P_8 69 69 0.3080715 0.32751937984496127 0.3461055 1 1 1
4 P_8 70 70 0 0 0 1 1 1
4 P_8 71 71 0.3282425 0.347542627883651 0.365721 1 1 1
4 P_8 72 72 0.03971835 0.05102040816326531 0.06465 1 1 1
