2 #m
1093 #n
0 P_8 0 0 0 0 0 1 1 1
0 P_8 1 1 0.5 0.5 0.5 1 1 1
0 P_8 2 2 0.5 0.5 0.5 1 1 1
0 P_8 3 3 0.2430255 0.3333333333333333 0.406189 1 1 1
0 P_8 4 4 0 0 0 1 1 1
0 P_8 5 5 0.240222 0.3333333333333333 0.4079865 1 1 1
0 P_8 6 6 0.5 0.5 0.5 1 1 1
0 P_8 7 7 0.5 0.5 0.5 1 1 1
0 P_8 8 8 0.5 0.5 0.5 1 1 1
0 P_8 9 9 0 0 0 1 1 1
0 P_8 10 10 0.5 0.5 0.5 1 1 1
0 P_8 11 11 0 0 0 1 1 1
0 P_8 12 12 0 0 0 1 1 1
0 P_8 13 13 0 0 0 1 1 1
0 P_8 14 14 0 0 0 1 1 1
0 P_8 15 15 0 0 0 1 1 1
0 P_8 16 16 0.2003045 0.28703703703703703 0.3664105 1 1 1
0 P_8 17 17 0.5 0.5 0.5 1 1 1
0 P_8 18 18 0 0 0 1 1 1
0 P_8 19 19 0 0 0 1 1 1
0 P_8 20 20 0 0 0 1 1 1
0 P_8 21 21 0.5 0.5 0.5 1 1 1
0 P_8 22 22 0.19534 0.28431372549019607 0.3660975 1 1 1
0 P_8 23 23 0.5 0.5 0.5 1 1 1
0 P_8 24 24 0.5 0.5 0.5 1 1 1
0 P_8 25 25 0.5 0.5 0.5 1 1 1
0 P_8 26 26 0 0 0 1 1 1
0 P_8 27 27 0 0 0 1 1 1
0 P_8 28 28 0.5 0.5 0.5 1 1 1
0 P_8 29 29 0 0 0 1 1 1
0 P_8 30 30 0 0 0 1 1 1
0 P_8 31 31 0.5 0.5 0.5 1 1 1
0 P_8 32 32 0.5 0.5 0.5 1 1 1
0 P_8 33 33 0 0 0 1 1 1
0 P_8 34 34 0 0 0 1 1 1
0 P_8 35 35 0.5 0.5 0.5 1 1 1
0 P_8 36 36 0 0 0 1 1 1
0 P_8 37 37 0.5 0.5 0.5 1 1 1
0 P_8 38 38 0.5 0.5 0.5 1 1 1
0 P_8 39 39 0.1118345 0.19 0.280968 1 1 1
0 P_8 40 40 0.5 0.5 0.5 1 1 1
0 P_8 41 41 0 0 0 1 1 1
0 P_8 42 42 0 0 0 1 1 1
0 P_8 43 43 0 0 0 1 1 1
0 P_8 44 44 0 0 0 1 1 1
0 P_8 45 45 0 0 0 1 1 1
0 P_8 46 46 0.5 0.5 0.5 1 1 1
0 P_8 47 47 0.5 0.5 0.5 1 1 1
0 P_8 48 48 0 0 0 1 1 1
0 P_8 49 49 0 0 0 1 1 1
0 P_8 50 50 0 0 0 1 1 1
0 P_8 51 51 0 0 0 1 1 1
0 P_8 52 52 0 0 0 1 1 1
0 P_8 53 53 0 0 0 1 1 1
0 P_8 54 54 0.5 0.5 0.5 1 1 1
0 P_8 55 55 0.5 0.5 0.5 1 1 1
0 P_8 56 56 0.5 0.5 0.5 1 1 1
0 P_8 57 57 0.5 0.5 0.5 1 1 1
0 P_8 58 58 0 0 0 1 1 1
0 P_8 59 59 0 0 0 1 1 1
0 P_8 60 60 0 0 0 1 1 1
0 P_8 61 61 0.5 0.5 0.5 1 1 1
0 P_8 62 62 0 0 0 1 1 1
0 P_8 63 63 0.5 0.5 0.5 1 1 1
0 P_8 64 64 0 0 0 1 1 1
0 P_8 65 65 0 0 0 1 1 1
0 P_8 66 66 0 0 0 1 1 1
0 P_8 67 67 0 0 0 1 1 1
0 P_8 68 68 0 0 0 1 1 1
0 P_8 69 69 0 0 0 1 1 1
0 P_8 70 70 0.5 0.5 0.5 1 1 1
0 P_8 71 71 0 0 0 1 1 1
0 P_8 72 72 0 0 0 1 1 1
0 P_8 73 73 0.5 0.5 0.5 1 1 1
0 P_8 74 74 0 0 0 1 1 1
0 P_8 75 75 0.0639725 0.13043478260869565 0.2244135 1 1 1
0 P_8 76 76 0.1941765 0.28888888888888886 0.3744555 1 1 1
0 P_8 77 77 0 0 0 1 1 1
0 P_8 78 78 0 0 0 1 1 1
0 P_8 79 79 0.5 0.5 0.5 1 1 1
0 P_8 80 80 0.5 0.5 0.5 1 1 1
0 P_8 81 81 0 0 0 1 1 1
0 P_8 82 82 0 0 0 1 1 1
0 P_8 83 83 0 0 0 1 1 1
0 P_8 84 84 0.5 0.5 0.5 1 1 1
0 P_8 85 85 0 0 0 1 1 1
0 P_8 86 86 0.5 0.5 0.5 1 1 1
0 P_8 87 87 0 0 0 1 1 1
0 P_8 88 88 0 0 0 1 1 1
0 P_8 89 89 0 0 0 1 1 1
0 P_8 90 90 0 0 0 1 1 1
0 P_8 91 91 0.5 0.5 0.5 1 1 1
0 P_8 92 92 0 0 0 1 1 1
0 P_8 93 93 0 0 0 1 1 1
0 P_8 94 94 0.5 0.5 0.5 1 1 1
0 P_8 95 95 0 0 0 1 1 1
0 P_8 96 96 0 0 0 1 1 1
0 P_8 97 97 0.5 0.5 0.5 1 1 1
0 P_8 98 98 0 0 0 1 1 1
0 P_8 99 99 0 0 0 1 1 1
0 P_8 100 100 0.2095635 0.3020833333333333 0.383062 1 1 1
0 P_8 101 101 0 0 0 1 1 1
0 P_8 102 102 0 0 0 1 1 1
0 P_8 103 103 0 0 0 1 1 1
0 P_8 104 104 0 0 0 1 1 1
0 P_8 105 105 0 0 0 1 1 1
0 P_8 106 106 0 0 0 1 1 1
0 P_8 107 107 0 0 0 1 1 1
0 P_8 108 108 0 0 0 1 1 1
0 P_8 109 109 0 0 0 1 1 1
0 P_8 110 110 0.5 0.5 0.5 1 1 1
0 P_8 111 111 0.5 0.5 0.5 1 1 1
0 P_8 112 112 0 0 0 1 1 1
0 P_8 113 113 0.5 0.5 0.5 1 1 1
0 P_8 114 114 0 0 0 1 1 1
0 P_8 115 115 0 0 0 1 1 1
0 P_8 116 116 0 0 0 1 1 1
0 P_8 117 117 0 0 0 1 1 1
0 P_8 118 118 0 0 0 1 1 1
0 P_8 119 119 0 0 0 1 1 1
0 P_8 120 120 0.5 0.5 0.5 1 1 1
0 P_8 121 121 0.5 0.5 0.5 1 1 1
0 P_8 122 122 0.5 0.5 0.5 1 1 1
0 P_8 123 123 0.5 0.5 0.5 1 1 1
0 P_8 124 124 0 0 0 1 1 1
0 P_8 125 125 0 0 0 1 1 1
0 P_8 126 126 0 0 0 1 1 1
0 P_8 127 127 0.5 0.5 0.5 1 1 1
0 P_8 128 128 0 0 0 1 1 1
0 P_8 129 129 0 0 0 1 1 1
0 P_8 130 130 0.5 0.5 0.5 1 1 1
0 P_8 131 131 0.1339025 0.21568627450980393 0.30466 1 1 1
0 P_8 132 132 0.5 0.5 0.5 1 1 1
0 P_8 133 133 0.5 0.5 0.5 1 1 1
0 P_8 134 134 0.5 0.5 0.5 1 1 1
0 P_8 135 135 0 0 0 1 1 1
0 P_8 136 136 0 0 0 1 1 1
0 P_8 137 137 0.5 0.5 0.5 1 1 1
0 P_8 138 138 0.5 0.5 0.5 1 1 1
0 P_8 139 139 0 0 0 1 1 1
0 P_8 140 140 0 0 0 1 1 1
0 P_8 141 141 0.5 0.5 0.5 1 1 1
0 P_8 142 142 0 0 0 1 1 1
0 P_8 143 143 0.5 0.5 0.5 1 1 1
0 P_8 144 144 0.5 0.5 0.5 1 1 1
0 P_8 145 145 0.5 0.5 0.5 1 1 1
0 P_8 146 146 0 0 0 1 1 1
0 P_8 147 147 0.5 0.5 0.5 1 1 1
0 P_8 148 148 0.5 0.5 0.5 1 1 1
0 P_8 149 149 0 0 0 1 1 1
0 P_8 150 150 0 0 0 1 1 1
0 P_8 151 151 0 0 0 1 1 1
0 P_8 152 152 0 0 0 1 1 1
0 P_8 153 153 0.0550965 0.11320754716981132 0.1989225 1 1 1
0 P_8 154 154 0 0 0 1 1 1
0 P_8 155 155 0.5 0.5 0.5 1 1 1
0 P_8 156 156 0 0 0 1 1 1
0 P_8 157 157 0 0 0 1 1 1
0 P_8 158 158 0.5 0.5 0.5 1 1 1
0 P_8 159 159 0.5 0.5 0.5 1 1 1
0 P_8 160 160 0.5 0.5 0.5 1 1 1
0 P_8 161 161 0 0 0 1 1 1
0 P_8 162 162 0.5 0.5 0.5 1 1 1
0 P_8 163 163 0 0 0 1 1 1
0 P_8 164 164 0.5 0.5 0.5 1 1 1
0 P_8 165 165 0 0 0 1 1 1
0 P_8 166 166 0.5 0.5 0.5 1 1 1
0 P_8 167 167 0 0 0 1 1 1
0 P_8 168 168 0.5 0.5 0.5 1 1 1
0 P_8 169 169 0.5 0.5 0.5 1 1 1
0 P_8 170 170 0.5 0.5 0.5 1 1 1
0 P_8 171 171 0 0 0 1 1 1
0 P_8 172 172 0.5 0.5 0.5 1 1 1
0 P_8 173 173 0.5 0.5 0.5 1 1 1
0 P_8 174 174 0.5 0.5 0.5 1 1 1
0 P_8 175 175 0.5 0.5 0.5 1 1 1
0 P_8 176 176 0.5 0.5 0.5 1 1 1
0 P_8 177 177 0 0 0 1 1 1
0 P_8 178 178 0 0 0 1 1 1
0 P_8 179 179 0 0 0 1 1 1
0 P_8 180 180 0 0 0 1 1 1
0 P_8 181 181 0 0 0 1 1 1
0 P_8 182 182 0.5 0.5 0.5 1 1 1
0 P_8 183 183 0.5 0.5 0.5 1 1 1
0 P_8 184 184 0.5 0.5 0.5 1 1 1
0 P_8 185 185 0.5 0.5 0.5 1 1 1
0 P_8 186 186 0 0 0 1 1 1
0 P_8 187 187 0.5 0.5 0.5 1 1 1
0 P_8 188 188 0 0 0 1 1 1
0 P_8 189 189 0 0 0 1 1 1
0 P_8 190 190 0.5 0.5 0.5 1 1 1
0 P_8 191 191 0.5 0.5 0.5 1 1 1
0 P_8 192 192 0.219032 0.31 0.3881655 1 1 1
0 P_8 193 193 0 0 0 1 1 1
0 P_8 194 194 0 0 0 1 1 1
0 P_8 195 195 0.5 0.5 0.5 1 1 1
0 P_8 196 196 0 0 0 1 1 1
0 P_8 197 197 0.5 0.5 0.5 1 1 1
0 P_8 198 198 0 0 0 1 1 1
0 P_8 199 199 0.5 0.5 0.5 1 1 1
0 P_8 200 200 0.5 0.5 0.5 1 1 1
0 P_8 201 201 0.5 0.5 0.5 1 1 1
0 P_8 202 202 0 0 0 1 1 1
0 P_8 203 203 0.5 0.5 0.5 1 1 1
0 P_8 204 204 0 0 0 1 1 1
0 P_8 205 205 0.5 0.5 0.5 1 1 1
0 P_8 206 206 0.03229925 0.08 0.163832 1 1 1
0 P_8 207 207 0 0 0 1 1 1
0 P_8 208 208 0 0 0 1 1 1
0 P_8 209 209 0.5 0.5 0.5 1 1 1
0 P_8 210 210 0.5 0.5 0.5 1 1 1
0 P_8 211 211 0.5 0.5 0.5 1 1 1
0 P_8 212 212 0.5 0.5 0.5 1 1 1
0 P_8 213 213 0 0 0 1 1 1
0 P_8 214 214 0.5 0.5 0.5 1 1 1
0 P_8 215 215 0.5 0.5 0.5 1 1 1
0 P_8 216 216 0 0 0 1 1 1
0 P_8 217 217 0.5 0.5 0.5 1 1 1
0 P_8 218 218 0 0 0 1 1 1
0 P_8 219 219 0.0192285 0.05555555555555555 0.13026 1 1 1
0 P_8 220 220 0 0 0 1 1 1
0 P_8 221 221 0.5 0.5 0.5 1 1 1
0 P_8 222 222 0.5 0.5 0.5 1 1 1
0 P_8 223 223 0 0 0 1 1 1
0 P_8 224 224 0 0 0 1 1 1
0 P_8 225 225 0 0 0 1 1 1
0 P_8 226 226 0 0 0 1 1 1
0 P_8 227 227 0.5 0.5 0.5 1 1 1
0 P_8 228 228 0 0 0 1 1 1
0 P_8 229 229 0 0 0 1 1 1
0 P_8 230 230 0.5 0.5 0.5 1 1 1
0 P_8 231 231 0 0 0 1 1 1
0 P_8 232 232 0.5 0.5 0.5 1 1 1
0 P_8 233 233 0 0 0 1 1 1
0 P_8 234 234 0 0 0 1 1 1
0 P_8 235 235 0 0 0 1 1 1
0 P_8 236 236 0.5 0.5 0.5 1 1 1
0 P_8 237 237 0 0 0 1 1 1
0 P_8 238 238 0 0 0 1 1 1
0 P_8 239 239 0.5 0.5 0.5 1 1 1
0 P_8 240 240 0.5 0.5 0.5 1 1 1
0 P_8 241 241 0 0 0 1 1 1
0 P_8 242 242 0 0 0 1 1 1
0 P_8 243 243 0 0 0 1 1 1
0 P_8 244 244 0 0 0 1 1 1
0 P_8 245 245 0.5 0.5 0.5 1 1 1
0 P_8 246 246 0 0 0 1 1 1
0 P_8 247 247 0.5 0.5 0.5 1 1 1
0 P_8 248 248 0 0 0 1 1 1
0 P_8 249 249 0.5 0.5 0.5 1 1 1
0 P_8 250 250 0 0 0 1 1 1
0 P_8 251 251 0 0 0 1 1 1
0 P_8 252 252 0.5 0.5 0.5 1 1 1
0 P_8 253 253 0 0 0 1 1 1
0 P_8 254 254 0.5 0.5 0.5 1 1 1
0 P_8 255 255 0.5 0.5 0.5 1 1 1
0 P_8 256 256 0 0 0 1 1 1
0 P_8 257 257 0 0 0 1 1 1
0 P_8 258 258 0 0 0 1 1 1
0 P_8 259 259 0 0 0 1 1 1
0 P_8 260 260 0.5 0.5 0.5 1 1 1
0 P_8 261 261 0.5 0.5 0.5 1 1 1
0 P_8 262 262 0.5 0.5 0.5 1 1 1
0 P_8 263 263 0 0 0 1 1 1
0 P_8 264 264 0 0 0 1 1 1
0 P_8 265 265 0 0 0 1 1 1
0 P_8 266 266 0.5 0.5 0.5 1 1 1
0 P_8 267 267 0.5 0.5 0.5 1 1 1
0 P_8 268 268 0.5 0.5 0.5 1 1 1
0 P_8 269 269 0.5 0.5 0.5 1 1 1
0 P_8 270 270 0.5 0.5 0.5 1 1 1
0 P_8 271 271 0.5 0.5 0.5 1 1 1
0 P_8 272 272 0.5 0.5 0.5 1 1 1
0 P_8 273 273 0.5 0.5 0.5 1 1 1
0 P_8 274 274 0 0 0 1 1 1
0 P_8 275 275 0.5 0.5 0.5 1 1 1
0 P_8 276 276 0 0 0 1 1 1
0 P_8 277 277 0 0 0 1 1 1
0 P_8 278 278 0 0 0 1 1 1
0 P_8 279 279 0 0 0 1 1 1
0 P_8 280 280 0 0 0 1 1 1
0 P_8 281 281 0 0 0 1 1 1
0 P_8 282 282 0.5 0.5 0.5 1 1 1
0 P_8 283 283 0 0 0 1 1 1
0 P_8 284 284 0 0 0 1 1 1
0 P_8 285 285 0 0 0 1 1 1
0 P_8 286 286 0 0 0 1 1 1
0 P_8 287 287 0.5 0.5 0.5 1 1 1
0 P_8 288 288 0.228356 0.30952380952380953 0.380455 1 1 1
0 P_8 289 289 0 0 0 1 1 1
0 P_8 290 290 0 0 0 1 1 1
0 P_8 291 291 0.5 0.5 0.5 1 1 1
0 P_8 292 292 0 0 0 1 1 1
0 P_8 293 293 0 0 0 1 1 1
0 P_8 294 294 0 0 0 1 1 1
0 P_8 295 295 0 0 0 1 1 1
0 P_8 296 296 0.0832645 0.14912280701754385 0.2340245 1 1 1
0 P_8 297 297 0 0 0 1 1 1
0 P_8 298 298 0 0 0 1 1 1
0 P_8 299 299 0 0 0 1 1 1
0 P_8 300 300 0.5 0.5 0.5 1 1 1
0 P_8 301 301 0.5 0.5 0.5 1 1 1
0 P_8 302 302 0.5 0.5 0.5 1 1 1
0 P_8 303 303 0.5 0.5 0.5 1 1 1
0 P_8 304 304 0 0 0 1 1 1
0 P_8 305 305 0.5 0.5 0.5 1 1 1
0 P_8 306 306 0 0 0 1 1 1
0 P_8 307 307 0 0 0 1 1 1
0 P_8 308 308 0.5 0.5 0.5 1 1 1
0 P_8 309 309 0.5 0.5 0.5 1 1 1
0 P_8 310 310 0.5 0.5 0.5 1 1 1
0 P_8 311 311 0.5 0.5 0.5 1 1 1
0 P_8 312 312 0 0 0 1 1 1
0 P_8 313 313 0 0 0 1 1 1
0 P_8 314 314 0.5 0.5 0.5 1 1 1
0 P_8 315 315 0.5 0.5 0.5 1 1 1
0 P_8 316 316 0.5 0.5 0.5 1 1 1
0 P_8 317 317 0 0 0 1 1 1
0 P_8 318 318 0.5 0.5 0.5 1 1 1
0 P_8 319 319 0 0 0 1 1 1
0 P_8 320 320 0 0 0 1 1 1
0 P_8 321 321 0.5 0.5 0.5 1 1 1
0 P_8 322 322 0 0 0 1 1 1
0 P_8 323 323 0.5 0.5 0.5 1 1 1
0 P_8 324 324 0 0 0 1 1 1
0 P_8 325 325 0 0 0 1 1 1
0 P_8 326 326 0 0 0 1 1 1
0 P_8 327 327 0 0 0 1 1 1
0 P_8 328 328 0 0 0 1 1 1
0 P_8 329 329 0 0 0 1 1 1
0 P_8 330 330 0 0 0 1 1 1
0 P_8 331 331 0.5 0.5 0.5 1 1 1
0 P_8 332 332 0.5 0.5 0.5 1 1 1
0 P_8 333 333 0 0 0 1 1 1
0 P_8 334 334 0.5 0.5 0.5 1 1 1
0 P_8 335 335 0 0 0 1 1 1
0 P_8 336 336 0 0 0 1 1 1
0 P_8 337 337 0.5 0.5 0.5 1 1 1
0 P_8 338 338 0 0 0 1 1 1
0 P_8 339 339 0 0 0 1 1 1
0 P_8 340 340 0 0 0 1 1 1
0 P_8 341 341 0.5 0.5 0.5 1 1 1
0 P_8 342 342 0.5 0.5 0.5 1 1 1
0 P_8 343 343 0.5 0.5 0.5 1 1 1
0 P_8 344 344 0.5 0.5 0.5 1 1 1
0 P_8 345 345 0 0 0 1 1 1
0 P_8 346 346 0.5 0.5 0.5 1 1 1
0 P_8 347 347 0.5 0.5 0.5 1 1 1
0 P_8 348 348 0.5 0.5 0.5 1 1 1
0 P_8 349 349 0.5 0.5 0.5 1 1 1
0 P_8 350 350 0.5 0.5 0.5 1 1 1
0 P_8 351 351 0 0 0 1 1 1
0 P_8 352 352 0 0 0 1 1 1
0 P_8 353 353 0 0 0 1 1 1
0 P_8 354 354 0.5 0.5 0.5 1 1 1
0 P_8 355 355 0.5 0.5 0.5 1 1 1
0 P_8 356 356 0 0 0 1 1 1
0 P_8 357 357 0 0 0 1 1 1
0 P_8 358 358 0.5 0.5 0.5 1 1 1
0 P_8 359 359 0 0 0 1 1 1
0 P_8 360 360 0 0 0 1 1 1
0 P_8 361 361 0.5 0.5 0.5 1 1 1
0 P_8 362 362 0 0 0 1 1 1
0 P_8 363 363 0 0 0 1 1 1
0 P_8 364 364 0.5 0.5 0.5 1 1 1
0 P_8 365 365 0 0 0 1 1 1
0 P_8 366 366 0 0 0 1 1 1
0 P_8 367 367 0.5 0.5 0.5 1 1 1
0 P_8 368 368 0 0 0 1 1 1
0 P_8 369 369 0 0 0 1 1 1
0 P_8 370 370 0.5 0.5 0.5 1 1 1
0 P_8 371 371 0 0 0 1 1 1
0 P_8 372 372 0.5 0.5 0.5 1 1 1
0 P_8 373 373 0.5 0.5 0.5 1 1 1
0 P_8 374 374 0 0 0 1 1 1
0 P_8 375 375 0.5 0.5 0.5 1 1 1
0 P_8 376 376 0 0 0 1 1 1
0 P_8 377 377 0 0 0 1 1 1
0 P_8 378 378 0 0 0 1 1 1
0 P_8 379 379 0.5 0.5 0.5 1 1 1
0 P_8 380 380 0 0 0 1 1 1
0 P_8 381 381 0.5 0.5 0.5 1 1 1
0 P_8 382 382 0.5 0.5 0.5 1 1 1
0 P_8 383 383 0 0 0 1 1 1
0 P_8 384 384 0.5 0.5 0.5 1 1 1
0 P_8 385 385 0 0 0 1 1 1
0 P_8 386 386 0.5 0.5 0.5 1 1 1
0 P_8 387 387 0 0 0 1 1 1
0 P_8 388 388 0 0 0 1 1 1
0 P_8 389 389 0 0 0 1 1 1
0 P_8 390 390 0 0 0 1 1 1
0 P_8 391 391 0 0 0 1 1 1
0 P_8 392 392 0.5 0.5 0.5 1 1 1
0 P_8 393 393 0.5 0.5 0.5 1 1 1
0 P_8 394 394 0 0 0 1 1 1
0 P_8 395 395 0.05737 0.11764705882352941 0.2056065 1 1 1
0 P_8 396 396 0 0 0 1 1 1
0 P_8 397 397 0.5 0.5 0.5 1 1 1
0 P_8 398 398 0.5 0.5 0.5 1 1 1
0 P_8 399 399 0.5 0.5 0.5 1 1 1
0 P_8 400 400 0.5 0.5 0.5 1 1 1
0 P_8 401 401 0.5 0.5 0.5 1 1 1
0 P_8 402 402 0 0 0 1 1 1
0 P_8 403 403 0.5 0.5 0.5 1 1 1
0 P_8 404 404 0.5 0.5 0.5 1 1 1
0 P_8 405 405 0 0 0 1 1 1
0 P_8 406 406 0 0 0 1 1 1
0 P_8 407 407 0 0 0 1 1 1
0 P_8 408 408 0 0 0 1 1 1
0 P_8 409 409 0 0 0 1 1 1
0 P_8 410 410 0.5 0.5 0.5 1 1 1
0 P_8 411 411 0.03502315 0.09210526315789473 0.1923305 1 1 1
0 P_8 412 412 0 0 0 1 1 1
0 P_8 413 413 0.02265245 0.06521739130434782 0.1501115 1 1 1
0 P_8 414 414 0 0 0 1 1 1
0 P_8 415 415 0.5 0.5 0.5 1 1 1
0 P_8 416 416 0 0 0 1 1 1
0 P_8 417 417 0.5 0.5 0.5 1 1 1
0 P_8 418 418 0 0 0 1 1 1
0 P_8 419 419 0 0 0 1 1 1
0 P_8 420 420 0.5 0.5 0.5 1 1 1
0 P_8 421 421 0 0 0 1 1 1
0 P_8 422 422 0.5 0.5 0.5 1 1 1
0 P_8 423 423 0.5 0.5 0.5 1 1 1
0 P_8 424 424 0.5 0.5 0.5 1 1 1
0 P_8 425 425 0 0 0 1 1 1
0 P_8 426 426 0.5 0.5 0.5 1 1 1
0 P_8 427 427 0 0 0 1 1 1
0 P_8 428 428 0.5 0.5 0.5 1 1 1
0 P_8 429 429 0 0 0 1 1 1
0 P_8 430 430 0.5 0.5 0.5 1 1 1
0 P_8 431 431 0 0 0 1 1 1
0 P_8 432 432 0.5 0.5 0.5 1 1 1
0 P_8 433 433 0 0 0 1 1 1
0 P_8 434 434 0 0 0 1 1 1
0 P_8 435 435 0 0 0 1 1 1
0 P_8 436 436 0 0 0 1 1 1
0 P_8 437 437 0.5 0.5 0.5 1 1 1
0 P_8 438 438 0 0 0 1 1 1
0 P_8 439 439 0 0 0 1 1 1
0 P_8 440 440 0.5 0.5 0.5 1 1 1
0 P_8 441 441 0 0 0 1 1 1
0 P_8 442 442 0.5 0.5 0.5 1 1 1
0 P_8 443 443 0 0 0 1 1 1
0 P_8 444 444 0 0 0 1 1 1
0 P_8 445 445 0 0 0 1 1 1
0 P_8 446 446 0 0 0 1 1 1
0 P_8 447 447 0.5 0.5 0.5 1 1 1
0 P_8 448 448 0.5 0.5 0.5 1 1 1
0 P_8 449 449 0 0 0 1 1 1
0 P_8 450 450 0 0 0 1 1 1
0 P_8 451 451 0.5 0.5 0.5 1 1 1
0 P_8 452 452 0.5 0.5 0.5 1 1 1
0 P_8 453 453 0.5 0.5 0.5 1 1 1
0 P_8 454 454 0 0 0 1 1 1
0 P_8 455 455 0 0 0 1 1 1
0 P_8 456 456 0 0 0 1 1 1
0 P_8 457 457 0 0 0 1 1 1
0 P_8 458 458 0.5 0.5 0.5 1 1 1
0 P_8 459 459 0.5 0.5 0.5 1 1 1
0 P_8 460 460 0 0 0 1 1 1
0 P_8 461 461 0.5 0.5 0.5 1 1 1
0 P_8 462 462 0.5 0.5 0.5 1 1 1
0 P_8 463 463 0 0 0 1 1 1
0 P_8 464 464 0.5 0.5 0.5 1 1 1
0 P_8 465 465 0.5 0.5 0.5 1 1 1
0 P_8 466 466 0 0 0 1 1 1
0 P_8 467 467 0 0 0 1 1 1
0 P_8 468 468 0 0 0 1 1 1
0 P_8 469 469 0.5 0.5 0.5 1 1 1
0 P_8 470 470 0 0 0 1 1 1
0 P_8 471 471 0 0 0 1 1 1
0 P_8 472 472 0 0 0 1 1 1
0 P_8 473 473 0 0 0 1 1 1
0 P_8 474 474 0 0 0 1 1 1
0 P_8 475 475 0 0 0 1 1 1
0 P_8 476 476 0.5 0.5 0.5 1 1 1
0 P_8 477 477 0.5 0.5 0.5 1 1 1
0 P_8 478 478 0 0 0 1 1 1
0 P_8 479 479 0.5 0.5 0.5 1 1 1
0 P_8 480 480 0 0 0 1 1 1
0 P_8 481 481 0.5 0.5 0.5 1 1 1
0 P_8 482 482 0.5 0.5 0.5 1 1 1
0 P_8 483 483 0.5 0.5 0.5 1 1 1
0 P_8 484 484 0 0 0 1 1 1
0 P_8 485 485 0 0 0 1 1 1
0 P_8 486 486 0.5 0.5 0.5 1 1 1
0 P_8 487 487 0 0 0 1 1 1
0 P_8 488 488 0 0 0 1 1 1
0 P_8 489 489 0.5 0.5 0.5 1 1 1
0 P_8 490 490 0 0 0 1 1 1
0 P_8 491 491 0.5 0.5 0.5 1 1 1
0 P_8 492 492 0 0 0 1 1 1
0 P_8 493 493 0 0 0 1 1 1
0 P_8 494 494 0 0 0 1 1 1
0 P_8 495 495 0.5 0.5 0.5 1 1 1
0 P_8 496 496 0 0 0 1 1 1
0 P_8 497 497 0 0 0 1 1 1
0 P_8 498 498 0.5 0.5 0.5 1 1 1
0 P_8 499 499 0 0 0 1 1 1
0 P_8 500 500 0 0 0 1 1 1
0 P_8 501 501 0 0 0 1 1 1
0 P_8 502 502 0 0 0 1 1 1
0 P_8 503 503 0 0 0 1 1 1
0 P_8 504 504 0 0 0 1 1 1
0 P_8 505 505 0.5 0.5 0.5 1 1 1
0 P_8 506 506 0.5 0.5 0.5 1 1 1
0 P_8 507 507 0 0 0 1 1 1
0 P_8 508 508 0.5 0.5 0.5 1 1 1
0 P_8 509 509 0 0 0 1 1 1
0 P_8 510 510 0 0 0 1 1 1
0 P_8 511 511 0.5 0.5 0.5 1 1 1
0 P_8 512 512 0 0 0 1 1 1
0 P_8 513 513 0 0 0 1 1 1
0 P_8 514 514 0 0 0 1 1 1
0 P_8 515 515 0 0 0 1 1 1
0 P_8 516 516 0.2403055 0.32727272727272727 0.399152 1 1 1
0 P_8 517 517 0.5 0.5 0.5 1 1 1
0 P_8 518 518 0 0 0 1 1 1
0 P_8 519 519 0.5 0.5 0.5 1 1 1
0 P_8 520 520 0.5 0.5 0.5 1 1 1
0 P_8 521 521 0.5 0.5 0.5 1 1 1
0 P_8 522 522 0.5 0.5 0.5 1 1 1
0 P_8 523 523 0.5 0.5 0.5 1 1 1
0 P_8 524 524 0 0 0 1 1 1
0 P_8 525 525 0 0 0 1 1 1
0 P_8 526 526 0.5 0.5 0.5 1 1 1
0 P_8 527 527 0 0 0 1 1 1
0 P_8 528 528 0 0 0 1 1 1
0 P_8 529 529 0 0 0 1 1 1
0 P_8 530 530 0.5 0.5 0.5 1 1 1
0 P_8 531 531 0 0 0 1 1 1
0 P_8 532 532 0.5 0.5 0.5 1 1 1
0 P_8 533 533 0 0 0 1 1 1
0 P_8 534 534 0.5 0.5 0.5 1 1 1
0 P_8 535 535 0.5 0.5 0.5 1 1 1
0 P_8 536 536 0.5 0.5 0.5 1 1 1
0 P_8 537 537 0.5 0.5 0.5 1 1 1
0 P_8 538 538 0.5 0.5 0.5 1 1 1
0 P_8 539 539 0 0 0 1 1 1
0 P_8 540 540 0 0 0 1 1 1
0 P_8 541 541 0.03291725 0.09375 0.2043565 1 1 1
0 P_8 542 542 0.5 0.5 0.5 1 1 1
0 P_8 543 543 0.5 0.5 0.5 1 1 1
0 P_8 544 544 0 0 0 1 1 1
0 P_8 545 545 0.5 0.5 0.5 1 1 1
0 P_8 546 546 0.5 0.5 0.5 1 1 1
0 P_8 547 547 0.5 0.5 0.5 1 1 1
0 P_8 548 548 0 0 0 1 1 1
0 P_8 549 549 0.5 0.5 0.5 1 1 1
0 P_8 550 550 0 0 0 1 1 1
0 P_8 551 551 0 0 0 1 1 1
0 P_8 552 552 0.5 0.5 0.5 1 1 1
0 P_8 553 553 0.035553800000000003 0.08333333333333333 0.1641105 1 1 1
0 P_8 554 554 0 0 0 1 1 1
0 P_8 555 555 0 0 0 1 1 1
0 P_8 556 556 0 0 0 1 1 1
0 P_8 557 557 0 0 0 1 1 1
0 P_8 558 558 0 0 0 1 1 1
0 P_8 559 559 0.5 0.5 0.5 1 1 1
0 P_8 560 560 0 0 0 1 1 1
0 P_8 561 561 0 0 0 1 1 1
0 P_8 562 562 0 0 0 1 1 1
0 P_8 563 563 0.5 0.5 0.5 1 1 1
0 P_8 564 564 0 0 0 1 1 1
0 P_8 565 565 0 0 0 1 1 1
0 P_8 566 566 0 0 0 1 1 1
0 P_8 567 567 0.5 0.5 0.5 1 1 1
0 P_8 568 568 0.5 0.5 0.5 1 1 1
0 P_8 569 569 0 0 0 1 1 1
0 P_8 570 570 0 0 0 1 1 1
0 P_8 571 571 0 0 0 1 1 1
0 P_8 572 572 0 0 0 1 1 1
0 P_8 573 573 0.5 0.5 0.5 1 1 1
0 P_8 574 574 0 0 0 1 1 1
0 P_8 575 575 0.5 0.5 0.5 1 1 1
0 P_8 576 576 0 0 0 1 1 1
0 P_8 577 577 0 0 0 1 1 1
0 P_8 578 578 0.5 0.5 0.5 1 1 1
0 P_8 579 579 0 0 0 1 1 1
0 P_8 580 580 0.5 0.5 0.5 1 1 1
0 P_8 581 581 0 0 0 1 1 1
0 P_8 582 582 0.5 0.5 0.5 1 1 1
0 P_8 583 583 0 0 0 1 1 1
0 P_8 584 584 0.5 0.5 0.5 1 1 1
0 P_8 585 585 0 0 0 1 1 1
0 P_8 586 586 0 0 0 1 1 1
0 P_8 587 587 0.5 0.5 0.5 1 1 1
0 P_8 588 588 0.5 0.5 0.5 1 1 1
0 P_8 589 589 0 0 0 1 1 1
0 P_8 590 590 0 0 0 1 1 1
0 P_8 591 591 0 0 0 1 1 1
0 P_8 592 592 0 0 0 1 1 1
0 P_8 593 593 0 0 0 1 1 1
0 P_8 594 594 0 0 0 1 1 1
0 P_8 595 595 0 0 0 1 1 1
0 P_8 596 596 0 0 0 1 1 1
0 P_8 597 597 0 0 0 1 1 1
0 P_8 598 598 0.1153955 0.20512820512820512 0.3068845 1 1 1
0 P_8 599 599 0.5 0.5 0.5 1 1 1
0 P_8 600 600 0.5 0.5 0.5 1 1 1
0 P_8 601 601 0 0 0 1 1 1
0 P_8 602 602 0.5 0.5 0.5 1 1 1
0 P_8 603 603 0 0 0 1 1 1
0 P_8 604 604 0 0 0 1 1 1
0 P_8 605 605 0.5 0.5 0.5 1 1 1
0 P_8 606 606 0 0 0 1 1 1
0 P_8 607 607 0.5 0.5 0.5 1 1 1
0 P_8 608 608 0.5 0.5 0.5 1 1 1
0 P_8 609 609 0 0 0 1 1 1
0 P_8 610 610 0 0 0 1 1 1
0 P_8 611 611 0 0 0 1 1 1
0 P_8 612 612 0 0 0 1 1 1
0 P_8 613 613 0 0 0 1 1 1
0 P_8 614 614 0 0 0 1 1 1
0 P_8 615 615 0 0 0 1 1 1
0 P_8 616 616 0 0 0 1 1 1
0 P_8 617 617 0.5 0.5 0.5 1 1 1
0 P_8 618 618 0.5 0.5 0.5 1 1 1
0 P_8 619 619 0 0 0 1 1 1
0 P_8 620 620 0 0 0 1 1 1
0 P_8 621 621 0 0 0 1 1 1
0 P_8 622 622 0 0 0 1 1 1
0 P_8 623 623 0 0 0 1 1 1
0 P_8 624 624 0.5 0.5 0.5 1 1 1
0 P_8 625 625 0.5 0.5 0.5 1 1 1
0 P_8 626 626 0.5 0.5 0.5 1 1 1
0 P_8 627 627 0 0 0 1 1 1
0 P_8 628 628 0 0 0 1 1 1
0 P_8 629 629 0.5 0.5 0.5 1 1 1
0 P_8 630 630 0 0 0 1 1 1
0 P_8 631 631 0 0 0 1 1 1
0 P_8 632 632 0.5 0.5 0.5 1 1 1
0 P_8 633 633 0 0 0 1 1 1
0 P_8 634 634 0.5 0.5 0.5 1 1 1
0 P_8 635 635 0.5 0.5 0.5 1 1 1
0 P_8 636 636 0 0 0 1 1 1
0 P_8 637 637 0 0 0 1 1 1
0 P_8 638 638 0.5 0.5 0.5 1 1 1
0 P_8 639 639 0.5 0.5 0.5 1 1 1
0 P_8 640 640 0 0 0 1 1 1
0 P_8 641 641 0.5 0.5 0.5 1 1 1
0 P_8 642 642 0.5 0.5 0.5 1 1 1
0 P_8 643 643 0 0 0 1 1 1
0 P_8 644 644 0 0 0 1 1 1
0 P_8 645 645 0 0 0 1 1 1
0 P_8 646 646 0 0 0 1 1 1
0 P_8 647 647 0.03869585 0.09523809523809523 0.1904155 1 1 1
0 P_8 648 648 0 0 0 1 1 1
0 P_8 649 649 0 0 0 1 1 1
0 P_8 650 650 0 0 0 1 1 1
0 P_8 651 651 0 0 0 1 1 1
0 P_8 652 652 0 0 0 1 1 1
0 P_8 653 653 0 0 0 1 1 1
0 P_8 654 654 0 0 0 1 1 1
0 P_8 655 655 0.065685 0.13 0.219889 1 1 1
0 P_8 656 656 0.5 0.5 0.5 1 1 1
0 P_8 657 657 0 0 0 1 1 1
0 P_8 658 658 0.5 0.5 0.5 1 1 1
0 P_8 659 659 0.5 0.5 0.5 1 1 1
0 P_8 660 660 0 0 0 1 1 1
0 P_8 661 661 0.5 0.5 0.5 1 1 1
0 P_8 662 662 0 0 0 1 1 1
0 P_8 663 663 0 0 0 1 1 1
0 P_8 664 664 0.5 0.5 0.5 1 1 1
0 P_8 665 665 0 0 0 1 1 1
0 P_8 666 666 0 0 0 1 1 1
0 P_8 667 667 0.5 0.5 0.5 1 1 1
0 P_8 668 668 0 0 0 1 1 1
0 P_8 669 669 0 0 0 1 1 1
0 P_8 670 670 0 0 0 1 1 1
0 P_8 671 671 0.5 0.5 0.5 1 1 1
0 P_8 672 672 0 0 0 1 1 1
0 P_8 673 673 0.5 0.5 0.5 1 1 1
0 P_8 674 674 0.5 0.5 0.5 1 1 1
0 P_8 675 675 0 0 0 1 1 1
0 P_8 676 676 0 0 0 1 1 1
0 P_8 677 677 0.5 0.5 0.5 1 1 1
0 P_8 678 678 0 0 0 1 1 1
0 P_8 679 679 0 0 0 1 1 1
0 P_8 680 680 0 0 0 1 1 1
0 P_8 681 681 0 0 0 1 1 1
0 P_8 682 682 0.5 0.5 0.5 1 1 1
0 P_8 683 683 0 0 0 1 1 1
0 P_8 684 684 0 0 0 1 1 1
0 P_8 685 685 0 0 0 1 1 1
0 P_8 686 686 0.5 0.5 0.5 1 1 1
0 P_8 687 687 0 0 0 1 1 1
0 P_8 688 688 0 0 0 1 1 1
0 P_8 689 689 0 0 0 1 1 1
0 P_8 690 690 0 0 0 1 1 1
0 P_8 691 691 0 0 0 1 1 1
0 P_8 692 692 0.5 0.5 0.5 1 1 1
0 P_8 693 693 0 0 0 1 1 1
0 P_8 694 694 0 0 0 1 1 1
0 P_8 695 695 0.5 0.5 0.5 1 1 1
0 P_8 696 696 0.5 0.5 0.5 1 1 1
0 P_8 697 697 0.5 0.5 0.5 1 1 1
0 P_8 698 698 0 0 0 1 1 1
0 P_8 699 699 0.5 0.5 0.5 1 1 1
0 P_8 700 700 0 0 0 1 1 1
0 P_8 701 701 0.5 0.5 0.5 1 1 1
0 P_8 702 702 0.089992 0.16326530612244897 0.255387 1 1 1
0 P_8 703 703 0 0 0 1 1 1
0 P_8 704 704 0 0 0 1 1 1
0 P_8 705 705 0.5 0.5 0.5 1 1 1
0 P_8 706 706 0 0 0 1 1 1
0 P_8 707 707 0 0 0 1 1 1
0 P_8 708 708 0 0 0 1 1 1
0 P_8 709 709 0 0 0 1 1 1
0 P_8 710 710 0 0 0 1 1 1
0 P_8 711 711 0.0362485 0.08490566037735849 0.166825 1 1 1
0 P_8 712 712 0.0248671 0.07142857142857142 0.162468 1 1 1
0 P_8 713 713 0 0 0 1 1 1
0 P_8 714 714 0 0 0 1 1 1
0 P_8 715 715 0.5 0.5 0.5 1 1 1
0 P_8 716 716 0.08595 0.1595744680851064 0.2536175 1 1 1
0 P_8 717 717 0 0 0 1 1 1
0 P_8 718 718 0.0111089 0.04081632653061224 0.1155255 1 1 1
0 P_8 719 719 0.5 0.5 0.5 1 1 1
0 P_8 720 720 0 0 0 1 1 1
0 P_8 721 721 0 0 0 1 1 1
0 P_8 722 722 0 0 0 1 1 1
0 P_8 723 723 0.5 0.5 0.5 1 1 1
0 P_8 724 724 0.5 0.5 0.5 1 1 1
0 P_8 725 725 0.5 0.5 0.5 1 1 1
0 P_8 726 726 0.5 0.5 0.5 1 1 1
0 P_8 727 727 0 0 0 1 1 1
0 P_8 728 728 0.5 0.5 0.5 1 1 1
0 P_8 729 729 0 0 0 1 1 1
0 P_8 730 730 0 0 0 1 1 1
0 P_8 731 731 0 0 0 1 1 1
0 P_8 732 732 0.5 0.5 0.5 1 1 1
0 P_8 733 733 0.5 0.5 0.5 1 1 1
0 P_8 734 734 0 0 0 1 1 1
0 P_8 735 735 0 0 0 1 1 1
0 P_8 736 736 0.5 0.5 0.5 1 1 1
0 P_8 737 737 0.5 0.5 0.5 1 1 1
0 P_8 738 738 0.5 0.5 0.5 1 1 1
0 P_8 739 739 0 0 0 1 1 1
0 P_8 740 740 0.5 0.5 0.5 1 1 1
0 P_8 741 741 0.5 0.5 0.5 1 1 1
0 P_8 742 742 0 0 0 1 1 1
0 P_8 743 743 0 0 0 1 1 1
0 P_8 744 744 0.5 0.5 0.5 1 1 1
0 P_8 745 745 0 0 0 1 1 1
0 P_8 746 746 0.5 0.5 0.5 1 1 1
0 P_8 747 747 0.5 0.5 0.5 1 1 1
0 P_8 748 748 0.5 0.5 0.5 1 1 1
0 P_8 749 749 0 0 0 1 1 1
0 P_8 750 750 0 0 0 1 1 1
0 P_8 751 751 0.5 0.5 0.5 1 1 1
0 P_8 752 752 0.5 0.5 0.5 1 1 1
0 P_8 753 753 0.03967855 0.0975609756097561 0.1943475 1 1 1
0 P_8 754 754 0 0 0 1 1 1
0 P_8 755 755 0 0 0 1 1 1
0 P_8 756 756 0 0 0 1 1 1
0 P_8 757 757 0 0 0 1 1 1
0 P_8 758 758 0 0 0 1 1 1
0 P_8 759 759 0.5 0.5 0.5 1 1 1
0 P_8 760 760 0.5 0.5 0.5 1 1 1
0 P_8 761 761 0.5 0.5 0.5 1 1 1
0 P_8 762 762 0 0 0 1 1 1
0 P_8 763 763 0 0 0 1 1 1
0 P_8 764 764 0 0 0 1 1 1
0 P_8 765 765 0.5 0.5 0.5 1 1 1
0 P_8 766 766 0 0 0 1 1 1
0 P_8 767 767 0 0 0 1 1 1
0 P_8 768 768 0 0 0 1 1 1
0 P_8 769 769 0 0 0 1 1 1
0 P_8 770 770 0 0 0 1 1 1
0 P_8 771 771 0.5 0.5 0.5 1 1 1
0 P_8 772 772 0.5 0.5 0.5 1 1 1
0 P_8 773 773 0.5 0.5 0.5 1 1 1
0 P_8 774 774 0 0 0 1 1 1
0 P_8 775 775 0 0 0 1 1 1
0 P_8 776 776 0.0539305 0.11458333333333333 0.205186 1 1 1
0 P_8 777 777 0 0 0 1 1 1
0 P_8 778 778 0 0 0 1 1 1
0 P_8 779 779 0 0 0 1 1 1
0 P_8 780 780 0.5 0.5 0.5 1 1 1
0 P_8 781 781 0.5 0.5 0.5 1 1 1
0 P_8 782 782 0 0 0 1 1 1
0 P_8 783 783 0 0 0 1 1 1
0 P_8 784 784 0 0 0 1 1 1
0 P_8 785 785 0 0 0 1 1 1
0 P_8 786 786 0 0 0 1 1 1
0 P_8 787 787 0 0 0 1 1 1
0 P_8 788 788 0 0 0 1 1 1
0 P_8 789 789 0.5 0.5 0.5 1 1 1
0 P_8 790 790 0.5 0.5 0.5 1 1 1
0 P_8 791 791 0 0 0 1 1 1
0 P_8 792 792 0.5 0.5 0.5 1 1 1
0 P_8 793 793 0 0 0 1 1 1
0 P_8 794 794 0.5 0.5 0.5 1 1 1
0 P_8 795 795 0.5 0.5 0.5 1 1 1
0 P_8 796 796 0.07628 0.15384615384615385 0.257154 1 1 1
0 P_8 797 797 0 0 0 1 1 1
0 P_8 798 798 0.5 0.5 0.5 1 1 1
0 P_8 799 799 0 0 0 1 1 1
0 P_8 800 800 0 0 0 1 1 1
0 P_8 801 801 0.130163 0.22857142857142856 0.333311 1 1 1
0 P_8 802 802 0.03229925 0.08 0.163832 1 1 1
0 P_8 803 803 0 0 0 1 1 1
0 P_8 804 804 0 0 0 1 1 1
0 P_8 805 805 0.5 0.5 0.5 1 1 1
0 P_8 806 806 0.5 0.5 0.5 1 1 1
0 P_8 807 807 0 0 0 1 1 1
0 P_8 808 808 0.5 0.5 0.5 1 1 1
0 P_8 809 809 0 0 0 1 1 1
0 P_8 810 810 0.5 0.5 0.5 1 1 1
0 P_8 811 811 0 0 0 1 1 1
0 P_8 812 812 0 0 0 1 1 1
0 P_8 813 813 0.5 0.5 0.5 1 1 1
0 P_8 814 814 0.5 0.5 0.5 1 1 1
0 P_8 815 815 0.5 0.5 0.5 1 1 1
0 P_8 816 816 0 0 0 1 1 1
0 P_8 817 817 0 0 0 1 1 1
0 P_8 818 818 0 0 0 1 1 1
0 P_8 819 819 0.5 0.5 0.5 1 1 1
0 P_8 820 820 0.5 0.5 0.5 1 1 1
0 P_8 821 821 0 0 0 1 1 1
0 P_8 822 822 0.5 0.5 0.5 1 1 1
0 P_8 823 823 0.5 0.5 0.5 1 1 1
0 P_8 824 824 0 0 0 1 1 1
0 P_8 825 825 0 0 0 1 1 1
0 P_8 826 826 0 0 0 1 1 1
0 P_8 827 827 0.5 0.5 0.5 1 1 1
0 P_8 828 828 0 0 0 1 1 1
0 P_8 829 829 0.5 0.5 0.5 1 1 1
0 P_8 830 830 0 0 0 1 1 1
0 P_8 831 831 0.5 0.5 0.5 1 1 1
0 P_8 832 832 0 0 0 1 1 1
0 P_8 833 833 0 0 0 1 1 1
0 P_8 834 834 0 0 0 1 1 1
0 P_8 835 835 0.5 0.5 0.5 1 1 1
0 P_8 836 836 0.5 0.5 0.5 1 1 1
0 P_8 837 837 0 0 0 1 1 1
0 P_8 838 838 0.5 0.5 0.5 1 1 1
0 P_8 839 839 0 0 0 1 1 1
0 P_8 840 840 0 0 0 1 1 1
0 P_8 841 841 0 0 0 1 1 1
0 P_8 842 842 0 0 0 1 1 1
0 P_8 843 843 0 0 0 1 1 1
0 P_8 844 844 0.5 0.5 0.5 1 1 1
0 P_8 845 845 0 0 0 1 1 1
0 P_8 846 846 0 0 0 1 1 1
0 P_8 847 847 0.5 0.5 0.5 1 1 1
0 P_8 848 848 0 0 0 1 1 1
0 P_8 849 849 0 0 0 1 1 1
0 P_8 850 850 0 0 0 1 1 1
0 P_8 851 851 0 0 0 1 1 1
0 P_8 852 852 0 0 0 1 1 1
0 P_8 853 853 0 0 0 1 1 1
0 P_8 854 854 0.5 0.5 0.5 1 1 1
0 P_8 855 855 0.5 0.5 0.5 1 1 1
0 P_8 856 856 0.237105 0.319672131147541 0.38989 1 1 1
0 P_8 857 857 0 0 0 1 1 1
0 P_8 858 858 0 0 0 1 1 1
0 P_8 859 859 0.5 0.5 0.5 1 1 1
0 P_8 860 860 0 0 0 1 1 1
0 P_8 861 861 0.5 0.5 0.5 1 1 1
0 P_8 862 862 0.5 0.5 0.5 1 1 1
0 P_8 863 863 0 0 0 1 1 1
0 P_8 864 864 0 0 0 1 1 1
0 P_8 865 865 0 0 0 1 1 1
0 P_8 866 866 0.5 0.5 0.5 1 1 1
0 P_8 867 867 0 0 0 1 1 1
0 P_8 868 868 0 0 0 1 1 1
0 P_8 869 869 0.5 0.5 0.5 1 1 1
0 P_8 870 870 0.5 0.5 0.5 1 1 1
0 P_8 871 871 0 0 0 1 1 1
0 P_8 872 872 0.5 0.5 0.5 1 1 1
0 P_8 873 873 0.5 0.5 0.5 1 1 1
0 P_8 874 874 0.5 0.5 0.5 1 1 1
0 P_8 875 875 0 0 0 1 1 1
0 P_8 876 876 0 0 0 1 1 1
0 P_8 877 877 0.264924 0.34328358208955223 0.4065105 1 1 1
0 P_8 878 878 0 0 0 1 1 1
0 P_8 879 879 0 0 0 1 1 1
0 P_8 880 880 0.5 0.5 0.5 1 1 1
0 P_8 881 881 0.1991505 0.3055555555555556 0.3959615 1 1 1
0 P_8 882 882 0.5 0.5 0.5 1 1 1
0 P_8 883 883 0.5 0.5 0.5 1 1 1
0 P_8 884 884 0.5 0.5 0.5 1 1 1
0 P_8 885 885 0 0 0 1 1 1
0 P_8 886 886 0 0 0 1 1 1
0 P_8 887 887 0.5 0.5 0.5 1 1 1
0 P_8 888 888 0 0 0 1 1 1
0 P_8 889 889 0.5 0.5 0.5 1 1 1
0 P_8 890 890 0 0 0 1 1 1
0 P_8 891 891 0.5 0.5 0.5 1 1 1
0 P_8 892 892 0 0 0 1 1 1
0 P_8 893 893 0.5 0.5 0.5 1 1 1
0 P_8 894 894 0.5 0.5 0.5 1 1 1
0 P_8 895 895 0 0 0 1 1 1
0 P_8 896 896 0 0 0 1 1 1
0 P_8 897 897 0.5 0.5 0.5 1 1 1
0 P_8 898 898 0 0 0 1 1 1
0 P_8 899 899 0 0 0 1 1 1
0 P_8 900 900 0.5 0.5 0.5 1 1 1
0 P_8 901 901 0 0 0 1 1 1
0 P_8 902 902 0.5 0.5 0.5 1 1 1
0 P_8 903 903 0 0 0 1 1 1
0 P_8 904 904 0 0 0 1 1 1
0 P_8 905 905 0.5 0.5 0.5 1 1 1
0 P_8 906 906 0 0 0 1 1 1
0 P_8 907 907 0 0 0 1 1 1
0 P_8 908 908 0 0 0 1 1 1
0 P_8 909 909 0 0 0 1 1 1
0 P_8 910 910 0 0 0 1 1 1
0 P_8 911 911 0 0 0 1 1 1
0 P_8 912 912 0 0 0 1 1 1
0 P_8 913 913 0.5 0.5 0.5 1 1 1
0 P_8 914 914 0 0 0 1 1 1
0 P_8 915 915 0 0 0 1 1 1
0 P_8 916 916 0 0 0 1 1 1
0 P_8 917 917 0 0 0 1 1 1
0 P_8 918 918 0 0 0 1 1 1
0 P_8 919 919 0 0 0 1 1 1
0 P_8 920 920 0 0 0 1 1 1
0 P_8 921 921 0 0 0 1 1 1
0 P_8 922 922 0.5 0.5 0.5 1 1 1
0 P_8 923 923 0 0 0 1 1 1
0 P_8 924 924 0.5 0.5 0.5 1 1 1
0 P_8 925 925 0 0 0 1 1 1
0 P_8 926 926 0 0 0 1 1 1
0 P_8 927 927 0 0 0 1 1 1
0 P_8 928 928 0.5 0.5 0.5 1 1 1
0 P_8 929 929 0.0419892 0.09016393442622951 0.1665985 1 1 1
0 P_8 930 930 0 0 0 1 1 1
0 P_8 931 931 0 0 0 1 1 1
0 P_8 932 932 0 0 0 1 1 1
0 P_8 933 933 0 0 0 1 1 1
0 P_8 934 934 0 0 0 1 1 1
0 P_8 935 935 0.5 0.5 0.5 1 1 1
0 P_8 936 936 0.5 0.5 0.5 1 1 1
0 P_8 937 937 0.5 0.5 0.5 1 1 1
0 P_8 938 938 0 0 0 1 1 1
0 P_8 939 939 0 0 0 1 1 1
0 P_8 940 940 0.5 0.5 0.5 1 1 1
0 P_8 941 941 0.5 0.5 0.5 1 1 1
0 P_8 942 942 0.5 0.5 0.5 1 1 1
0 P_8 943 943 0 0 0 1 1 1
0 P_8 944 944 0 0 0 1 1 1
0 P_8 945 945 0 0 0 1 1 1
0 P_8 946 946 0.5 0.5 0.5 1 1 1
0 P_8 947 947 0 0 0 1 1 1
0 P_8 948 948 0.5 0.5 0.5 1 1 1
0 P_8 949 949 0.5 0.5 0.5 1 1 1
0 P_8 950 950 0.5 0.5 0.5 1 1 1
0 P_8 951 951 0 0 0 1 1 1
0 P_8 952 952 0 0 0 1 1 1
0 P_8 953 953 0 0 0 1 1 1
0 P_8 954 954 0.5 0.5 0.5 1 1 1
0 P_8 955 955 0.5 0.5 0.5 1 1 1
0 P_8 956 956 0.5 0.5 0.5 1 1 1
0 P_8 957 957 0.5 0.5 0.5 1 1 1
0 P_8 958 958 0 0 0 1 1 1
0 P_8 959 959 0.0368699 0.09090909090909091 0.1830035 1 1 1
0 P_8 960 960 0.5 0.5 0.5 1 1 1
0 P_8 961 961 0 0 0 1 1 1
0 P_8 962 962 0 0 0 1 1 1
0 P_8 963 963 0 0 0 1 1 1
0 P_8 964 964 0.5 0.5 0.5 1 1 1
0 P_8 965 965 0 0 0 1 1 1
0 P_8 966 966 0.5 0.5 0.5 1 1 1
0 P_8 967 967 0 0 0 1 1 1
0 P_8 968 968 0.204589 0.29591836734693877 0.377264 1 1 1
0 P_8 969 969 0.5 0.5 0.5 1 1 1
0 P_8 970 970 0 0 0 1 1 1
0 P_8 971 971 0.5 0.5 0.5 1 1 1
0 P_8 972 972 0 0 0 1 1 1
0 P_8 973 973 0.5 0.5 0.5 1 1 1
0 P_8 974 974 0.0625675 0.11594202898550725 0.190449 1 1 1
0 P_8 975 975 0.5 0.5 0.5 1 1 1
0 P_8 976 976 0 0 0 1 1 1
0 P_8 977 977 0.5 0.5 0.5 1 1 1
0 P_8 978 978 0 0 0 1 1 1
0 P_8 979 979 0 0 0 1 1 1
0 P_8 980 980 0.5 0.5 0.5 1 1 1
0 P_8 981 981 0 0 0 1 1 1
0 P_8 982 982 0 0 0 1 1 1
0 P_8 983 983 0 0 0 1 1 1
0 P_8 984 984 0 0 0 1 1 1
0 P_8 985 985 0.5 0.5 0.5 1 1 1
0 P_8 986 986 0 0 0 1 1 1
0 P_8 987 987 0 0 0 1 1 1
0 P_8 988 988 0.283499 0.375 0.438844 1 1 1
0 P_8 989 989 0.5 0.5 0.5 1 1 1
0 P_8 990 990 0.2695245 0.36 0.427026 1 1 1
0 P_8 991 991 0.5 0.5 0.5 1 1 1
0 P_8 992 992 0.5 0.5 0.5 1 1 1
0 P_8 993 993 0.5 0.5 0.5 1 1 1
0 P_8 994 994 0 0 0 1 1 1
0 P_8 995 995 0.5 0.5 0.5 1 1 1
0 P_8 996 996 0.5 0.5 0.5 1 1 1
0 P_8 997 997 0.5 0.5 0.5 1 1 1
0 P_8 998 998 0 0 0 1 1 1
0 P_8 999 999 0 0 0 1 1 1
0 P_8 1000 1000 0 0 0 1 1 1
0 P_8 1001 1001 0 0 0 1 1 1
0 P_8 1002 1002 0 0 0 1 1 1
0 P_8 1003 1003 0 0 0 1 1 1
0 P_8 1004 1004 0 0 0 1 1 1
0 P_8 1005 1005 0.5 0.5 0.5 1 1 1
0 P_8 1006 1006 0.5 0.5 0.5 1 1 1
0 P_8 1007 1007 0.2415965 0.330188679245283 0.4025755 1 1 1
0 P_8 1008 1008 0.5 0.5 0.5 1 1 1
0 P_8 1009 1009 0.0362485 0.08490566037735849 0.166825 1 1 1
0 P_8 1010 1010 0 0 0 1 1 1
0 P_8 1011 1011 0.244613 0.336734693877551 0.410008 1 1 1
0 P_8 1012 1012 0.5 0.5 0.5 1 1 1
0 P_8 1013 1013 0.5 0.5 0.5 1 1 1
0 P_8 1014 1014 0 0 0 1 1 1
0 P_8 1015 1015 0.5 0.5 0.5 1 1 1
0 P_8 1016 1016 0 0 0 1 1 1
0 P_8 1017 1017 0.5 0.5 0.5 1 1 1
0 P_8 1018 1018 0.5 0.5 0.5 1 1 1
0 P_8 1019 1019 0 0 0 1 1 1
0 P_8 1020 1020 0.5 0.5 0.5 1 1 1
0 P_8 1021 1021 0.5 0.5 0.5 1 1 1
0 P_8 1022 1022 0.5 0.5 0.5 1 1 1
0 P_8 1023 1023 0.5 0.5 0.5 1 1 1
0 P_8 1024 1024 0.5 0.5 0.5 1 1 1
0 P_8 1025 1025 0 0 0 1 1 1
0 P_8 1026 1026 0 0 0 1 1 1
0 P_8 1027 1027 0.2723955 0.3645833333333333 0.43141 1 1 1
0 P_8 1028 1028 0.5 0.5 0.5 1 1 1
0 P_8 1029 1029 0.0342415 0.08035714285714286 0.1589365 1 1 1
0 P_8 1030 1030 0 0 0 1 1 1
0 P_8 1031 1031 0.5 0.5 0.5 1 1 1
0 P_8 1032 1032 0.5 0.5 0.5 1 1 1
0 P_8 1033 1033 0 0 0 1 1 1
0 P_8 1034 1034 0 0 0 1 1 1
0 P_8 1035 1035 0 0 0 1 1 1
0 P_8 1036 1036 0 0 0 1 1 1
0 P_8 1037 1037 0.5 0.5 0.5 1 1 1
0 P_8 1038 1038 0 0 0 1 1 1
0 P_8 1039 1039 0.5 0.5 0.5 1 1 1
0 P_8 1040 1040 0 0 0 1 1 1
0 P_8 1041 1041 0.5 0.5 0.5 1 1 1
0 P_8 1042 1042 0.5 0.5 0.5 1 1 1
0 P_8 1043 1043 0 0 0 1 1 1
0 P_8 1044 1044 0.5 0.5 0.5 1 1 1
0 P_8 1045 1045 0.5 0.5 0.5 1 1 1
0 P_8 1046 1046 0.5 0.5 0.5 1 1 1
0 P_8 1047 1047 0.5 0.5 0.5 1 1 1
0 P_8 1048 1048 0.5 0.5 0.5 1 1 1
0 P_8 1049 1049 0 0 0 1 1 1
0 P_8 1050 1050 0 0 0 1 1 1
0 P_8 1051 1051 0 0 0 1 1 1
0 P_8 1052 1052 0.5 0.5 0.5 1 1 1
0 P_8 1053 1053 0 0 0 1 1 1
0 P_8 1054 1054 0 0 0 1 1 1
0 P_8 1055 1055 0.5 0.5 0.5 1 1 1
0 P_8 1056 1056 0 0 0 1 1 1
0 P_8 1057 1057 0 0 0 1 1 1
0 P_8 1058 1058 0.226133 0.32222222222222224 0.4013325 1 1 1
0 P_8 1059 1059 0.5 0.5 0.5 1 1 1
0 P_8 1060 1060 0 0 0 1 1 1
0 P_8 1061 1061 0.5 0.5 0.5 1 1 1
0 P_8 1062 1062 0.5 0.5 0.5 1 1 1
0 P_8 1063 1063 0 0 0 1 1 1
0 P_8 1064 1064 0.5 0.5 0.5 1 1 1
0 P_8 1065 1065 0.5 0.5 0.5 1 1 1
0 P_8 1066 1066 0 0 0 1 1 1
0 P_8 1067 1067 0.5 0.5 0.5 1 1 1
0 P_8 1068 1068 0.5 0.5 0.5 1 1 1
0 P_8 1069 1069 0 0 0 1 1 1
0 P_8 1070 1070 0 0 0 1 1 1
0 P_8 1071 1071 0.130163 0.22857142857142856 0.333311 1 1 1
0 P_8 1072 1072 0 0 0 1 1 1
0 P_8 1073 1073 0 0 0 1 1 1
0 P_8 1074 1074 0 0 0 1 1 1
0 P_8 1075 1075 0 0 0 1 1 1
0 P_8 1076 1076 0 0 0 1 1 1
0 P_8 1077 1077 0 0 0 1 1 1
0 P_8 1078 1078 0.5 0.5 0.5 1 1 1
0 P_8 1079 1079 0.5 0.5 0.5 1 1 1
0 P_8 1080 1080 0.5 0.5 0.5 1 1 1
0 P_8 1081 1081 0 0 0 1 1 1
0 P_8 1082 1082 0 0 0 1 1 1
0 P_8 1083 1083 0 0 0 1 1 1
0 P_8 1084 1084 0.5 0.5 0.5 1 1 1
0 P_8 1085 1085 0.5 0.5 0.5 1 1 1
0 P_8 1086 1086 0.5 0.5 0.5 1 1 1
0 P_8 1087 1087 0.5 0.5 0.5 1 1 1
0 P_8 1088 1088 0 0 0 1 1 1
0 P_8 1089 1089 0.5 0.5 0.5 1 1 1
0 P_8 1090 1090 0.5 0.5 0.5 1 1 1
0 P_8 1091 1091 0.5 0.5 0.5 1 1 1
0 P_8 1092 1092 0.5 0.5 0.5 1 1 1
1 P_2 0 0 0.2098085 0.30434782608695654 0.386363 1 1 1
1 P_2 1 1 0.5 0.5 0.5 1 1 1
1 P_2 2 2 0.5 0.5 0.5 1 1 1
1 P_2 3 3 0 0 0 1 1 1
1 P_2 4 4 0 0 0 1 1 1
1 P_2 5 5 0 0 0 1 1 1
1 P_2 6 6 0.5 0.5 0.5 1 1 1
1 P_2 7 7 0.5 0.5 0.5 1 1 1
1 P_2 8 8 0.5 0.5 0.5 1 1 1
1 P_2 9 9 0 0 0 1 1 1
1 P_2 10 10 0.5 0.5 0.5 1 1 1
1 P_2 11 11 0.228356 0.30952380952380953 0.380455 1 1 1
1 P_2 12 12 0 0 0 1 1 1
1 P_2 13 13 0 0 0 1 1 1
1 P_2 14 14 0 0 0 1 1 1
1 P_2 15 15 0.175476 0.25396825396825395 0.3317775 1 1 1
1 P_2 16 16 0 0 0 1 1 1
1 P_2 17 17 0.5 0.5 0.5 1 1 1
1 P_2 18 18 0 0 0 1 1 1
1 P_2 19 19 0 0 0 1 1 1
1 P_2 20 20 0 0 0 1 1 1
1 P_2 21 21 0.5 0.5 0.5 1 1 1
1 P_2 22 22 0 0 0 1 1 1
1 P_2 23 23 0.5 0.5 0.5 1 1 1
1 P_2 24 24 0.5 0.5 0.5 1 1 1
1 P_2 25 25 0.5 0.5 0.5 1 1 1
1 P_2 26 26 0 0 0 1 1 1
1 P_2 27 27 0 0 0 1 1 1
1 P_2 28 28 0.5 0.5 0.5 1 1 1
1 P_2 29 29 0 0 0 1 1 1
1 P_2 30 30 0 0 0 1 1 1
1 P_2 31 31 0.5 0.5 0.5 1 1 1
1 P_2 32 32 0.5 0.5 0.5 1 1 1
1 P_2 33 33 0 0 0 1 1 1
1 P_2 34 34 0 0 0 1 1 1
1 P_2 35 35 0.5 0.5 0.5 1 1 1
1 P_2 36 36 0.2288295 0.32 0.3962365 1 1 1
1 P_2 37 37 0.5 0.5 0.5 1 1 1
1 P_2 38 38 0.5 0.5 0.5 1 1 1
1 P_2 39 39 0.1476815 0.225 0.3068205 1 1 1
1 P_2 40 40 0.5 0.5 0.5 1 1 1
1 P_2 41 41 0 0 0 1 1 1
1 P_2 42 42 0.166086 0.25 0.333914 1 1 1
1 P_2 43 43 0 0 0 1 1 1
1 P_2 44 44 0.248863 0.34 0.411942 1 1 1
1 P_2 45 45 0 0 0 1 1 1
1 P_2 46 46 0.5 0.5 0.5 1 1 1
1 P_2 47 47 0.5 0.5 0.5 1 1 1
1 P_2 48 48 0 0 0 1 1 1
1 P_2 49 49 0 0 0 1 1 1
1 P_2 50 50 0 0 0 1 1 1
1 P_2 51 51 0 0 0 1 1 1
1 P_2 52 52 0 0 0 1 1 1
1 P_2 53 53 0 0 0 1 1 1
1 P_2 54 54 0.5 0.5 0.5 1 1 1
1 P_2 55 55 0.5 0.5 0.5 1 1 1
1 P_2 56 56 0.5 0.5 0.5 1 1 1
1 P_2 57 57 0.5 0.5 0.5 1 1 1
1 P_2 58 58 0 0 0 1 1 1
1 P_2 59 59 0.1712585 0.25 0.3287415 1 1 1
1 P_2 60 60 0 0 0 1 1 1
1 P_2 61 61 0.5 0.5 0.5 1 1 1
1 P_2 62 62 0 0 0 1 1 1
1 P_2 63 63 0.5 0.5 0.5 1 1 1
1 P_2 64 64 0 0 0 1 1 1
1 P_2 65 65 0 0 0 1 1 1
1 P_2 66 66 0 0 0 1 1 1
1 P_2 67 67 0 0 0 1 1 1
1 P_2 68 68 0 0 0 1 1 1
1 P_2 69 69 0 0 0 1 1 1
1 P_2 70 70 0.5 0.5 0.5 1 1 1
1 P_2 71 71 0 0 0 1 1 1
1 P_2 72 72 0 0 0 1 1 1
1 P_2 73 73 0.5 0.5 0.5 1 1 1
1 P_2 74 74 0 0 0 1 1 1
1 P_2 75 75 0.152771 0.2358490566037736 0.321788 1 1 1
1 P_2 76 76 0 0 0 1 1 1
1 P_2 77 77 0 0 0 1 1 1
1 P_2 78 78 0 0 0 1 1 1
1 P_2 79 79 0.5 0.5 0.5 1 1 1
1 P_2 80 80 0.5 0.5 0.5 1 1 1
1 P_2 81 81 0 0 0 1 1 1
1 P_2 82 82 0 0 0 1 1 1
1 P_2 83 83 0.210995 0.3125 0.3976415 1 1 1
1 P_2 84 84 0.5 0.5 0.5 1 1 1
1 P_2 85 85 0 0 0 1 1 1
1 P_2 86 86 0.5 0.5 0.5 1 1 1
1 P_2 87 87 0.166086 0.25 0.333914 1 1 1
1 P_2 88 88 0 0 0 1 1 1
1 P_2 89 89 0.1682705 0.2549019607843137 0.3405065 1 1 1
1 P_2 90 90 0 0 0 1 1 1
1 P_2 91 91 0.5 0.5 0.5 1 1 1
1 P_2 92 92 0 0 0 1 1 1
1 P_2 93 93 0 0 0 1 1 1
1 P_2 94 94 0.5 0.5 0.5 1 1 1
1 P_2 95 95 0.2363025 0.32407407407407407 0.3971325 1 1 1
1 P_2 96 96 0 0 0 1 1 1
1 P_2 97 97 0.5 0.5 0.5 1 1 1
1 P_2 98 98 0 0 0 1 1 1
1 P_2 99 99 0 0 0 1 1 1
1 P_2 100 100 0 0 0 1 1 1
1 P_2 101 101 0 0 0 1 1 1
1 P_2 102 102 0 0 0 1 1 1
1 P_2 103 103 0 0 0 1 1 1
1 P_2 104 104 0 0 0 1 1 1
1 P_2 105 105 0 0 0 1 1 1
1 P_2 106 106 0 0 0 1 1 1
1 P_2 107 107 0 0 0 1 1 1
1 P_2 108 108 0 0 0 1 1 1
1 P_2 109 109 0 0 0 1 1 1
1 P_2 110 110 0.5 0.5 0.5 1 1 1
1 P_2 111 111 0.5 0.5 0.5 1 1 1
1 P_2 112 112 0 0 0 1 1 1
1 P_2 113 113 0.5 0.5 0.5 1 1 1
1 P_2 114 114 0 0 0 1 1 1
1 P_2 115 115 0 0 0 1 1 1
1 P_2 116 116 0 0 0 1 1 1
1 P_2 117 117 0 0 0 1 1 1
1 P_2 118 118 0 0 0 1 1 1
1 P_2 119 119 0 0 0 1 1 1
1 P_2 120 120 0.5 0.5 0.5 1 1 1
1 P_2 121 121 0.5 0.5 0.5 1 1 1
1 P_2 122 122 0.5 0.5 0.5 1 1 1
1 P_2 123 123 0.5 0.5 0.5 1 1 1
1 P_2 124 124 0 0 0 1 1 1
1 P_2 125 125 0 0 0 1 1 1
1 P_2 126 126 0 0 0 1 1 1
1 P_2 127 127 0.5 0.5 0.5 1 1 1
1 P_2 128 128 0 0 0 1 1 1
1 P_2 129 129 0.1409195 0.21929824561403508 0.3034775 1 1 1
1 P_2 130 130 0.153914 0.25 0.346086 1 1 1
1 P_2 131 131 0.12589 0.20175438596491227 0.286733 1 1 1
1 P_2 132 132 0.5 0.5 0.5 1 1 1
1 P_2 133 133 0.5 0.5 0.5 1 1 1
1 P_2 134 134 0.5 0.5 0.5 1 1 1
1 P_2 135 135 0 0 0 1 1 1
1 P_2 136 136 0.1594935 0.24509803921568626 0.3317295 1 1 1
1 P_2 137 137 0.5 0.5 0.5 1 1 1
1 P_2 138 138 0.5 0.5 0.5 1 1 1
1 P_2 139 139 0 0 0 1 1 1
1 P_2 140 140 0 0 0 1 1 1
1 P_2 141 141 0.12231 0.2125 0.312511 1 1 1
1 P_2 142 142 0 0 0 1 1 1
1 P_2 143 143 0.5 0.5 0.5 1 1 1
1 P_2 144 144 0.5 0.5 0.5 1 1 1
1 P_2 145 145 0.5 0.5 0.5 1 1 1
1 P_2 146 146 0 0 0 1 1 1
1 P_2 147 147 0.5 0.5 0.5 1 1 1
1 P_2 148 148 0.5 0.5 0.5 1 1 1
1 P_2 149 149 0 0 0 1 1 1
1 P_2 150 150 0 0 0 1 1 1
1 P_2 151 151 0 0 0 1 1 1
1 P_2 152 152 0 0 0 1 1 1
1 P_2 153 153 0.0790955 0.15476190476190477 0.2542655 1 1 1
1 P_2 154 154 0 0 0 1 1 1
1 P_2 155 155 0.5 0.5 0.5 1 1 1
1 P_2 156 156 0 0 0 1 1 1
1 P_2 157 157 0 0 0 1 1 1
1 P_2 158 158 0.5 0.5 0.5 1 1 1
1 P_2 159 159 0.1403915 0.21666666666666667 0.298944 1 1 1
1 P_2 160 160 0.5 0.5 0.5 1 1 1
1 P_2 161 161 0.19534 0.28431372549019607 0.3660975 1 1 1
1 P_2 162 162 0.5 0.5 0.5 1 1 1
1 P_2 163 163 0 0 0 1 1 1
1 P_2 164 164 0.5 0.5 0.5 1 1 1
1 P_2 165 165 0 0 0 1 1 1
1 P_2 166 166 0.15084 0.23529411764705882 0.32283 1 1 1
1 P_2 167 167 0 0 0 1 1 1
1 P_2 168 168 0.5 0.5 0.5 1 1 1
1 P_2 169 169 0.5 0.5 0.5 1 1 1
1 P_2 170 170 0.5 0.5 0.5 1 1 1
1 P_2 171 171 0 0 0 1 1 1
1 P_2 172 172 0.5 0.5 0.5 1 1 1
1 P_2 173 173 0.5 0.5 0.5 1 1 1
1 P_2 174 174 0.5 0.5 0.5 1 1 1
1 P_2 175 175 0.1103745 0.18518518518518517 0.2728715 1 1 1
1 P_2 176 176 0.5 0.5 0.5 1 1 1
1 P_2 177 177 0.105234 0.19230769230769232 0.2948375 1 1 1
1 P_2 178 178 0.1846715 0.2765957446808511 0.36251 1 1 1
1 P_2 179 179 0.218073 0.3055555555555556 0.382001 1 1 1
1 P_2 180 180 0 0 0 1 1 1
1 P_2 181 181 0.128345 0.20754716981132076 0.295332 1 1 1
1 P_2 182 182 0.5 0.5 0.5 1 1 1
1 P_2 183 183 0.5 0.5 0.5 1 1 1
1 P_2 184 184 0.5 0.5 0.5 1 1 1
1 P_2 185 185 0.5 0.5 0.5 1 1 1
1 P_2 186 186 0 0 0 1 1 1
1 P_2 187 187 0.5 0.5 0.5 1 1 1
1 P_2 188 188 0 0 0 1 1 1
1 P_2 189 189 0 0 0 1 1 1
1 P_2 190 190 0.5 0.5 0.5 1 1 1
1 P_2 191 191 0.5 0.5 0.5 1 1 1
1 P_2 192 192 0 0 0 1 1 1
1 P_2 193 193 0 0 0 1 1 1
1 P_2 194 194 0 0 0 1 1 1
1 P_2 195 195 0.5 0.5 0.5 1 1 1
1 P_2 196 196 0 0 0 1 1 1
1 P_2 197 197 0.5 0.5 0.5 1 1 1
1 P_2 198 198 0 0 0 1 1 1
1 P_2 199 199 0.5 0.5 0.5 1 1 1
1 P_2 200 200 0.5 0.5 0.5 1 1 1
1 P_2 201 201 0.5 0.5 0.5 1 1 1
1 P_2 202 202 0 0 0 1 1 1
1 P_2 203 203 0.5 0.5 0.5 1 1 1
1 P_2 204 204 0 0 0 1 1 1
1 P_2 205 205 0.5 0.5 0.5 1 1 1
1 P_2 206 206 0.077137 0.14423076923076922 0.23307 1 1 1
1 P_2 207 207 0 0 0 1 1 1
1 P_2 208 208 0 0 0 1 1 1
1 P_2 209 209 0.5 0.5 0.5 1 1 1
1 P_2 210 210 0.5 0.5 0.5 1 1 1
1 P_2 211 211 0.5 0.5 0.5 1 1 1
1 P_2 212 212 0.5 0.5 0.5 1 1 1
1 P_2 213 213 0 0 0 1 1 1
1 P_2 214 214 0.5 0.5 0.5 1 1 1
1 P_2 215 215 0.5 0.5 0.5 1 1 1
1 P_2 216 216 0 0 0 1 1 1
1 P_2 217 217 0.5 0.5 0.5 1 1 1
1 P_2 218 218 0 0 0 1 1 1
1 P_2 219 219 0.0670615 0.13636363636363635 0.2329105 1 1 1
1 P_2 220 220 0.18121 0.27 0.354521 1 1 1
1 P_2 221 221 0.5 0.5 0.5 1 1 1
1 P_2 222 222 0.5 0.5 0.5 1 1 1
1 P_2 223 223 0 0 0 1 1 1
1 P_2 224 224 0 0 0 1 1 1
1 P_2 225 225 0 0 0 1 1 1
1 P_2 226 226 0.1382685 0.22727272727272727 0.321734 1 1 1
1 P_2 227 227 0.5 0.5 0.5 1 1 1
1 P_2 228 228 0 0 0 1 1 1
1 P_2 229 229 0.1838725 0.2777777777777778 0.36515 1 1 1
1 P_2 230 230 0.5 0.5 0.5 1 1 1
1 P_2 231 231 0 0 0 1 1 1
1 P_2 232 232 0.5 0.5 0.5 1 1 1
1 P_2 233 233 0 0 0 1 1 1
1 P_2 234 234 0 0 0 1 1 1
1 P_2 235 235 0.185388 0.26666666666666666 0.344944 1 1 1
1 P_2 236 236 0.5 0.5 0.5 1 1 1
1 P_2 237 237 0 0 0 1 1 1
1 P_2 238 238 0 0 0 1 1 1
1 P_2 239 239 0.5 0.5 0.5 1 1 1
1 P_2 240 240 0.5 0.5 0.5 1 1 1
1 P_2 241 241 0 0 0 1 1 1
1 P_2 242 242 0 0 0 1 1 1
1 P_2 243 243 0 0 0 1 1 1
1 P_2 244 244 0 0 0 1 1 1
1 P_2 245 245 0.5 0.5 0.5 1 1 1
1 P_2 246 246 0 0 0 1 1 1
1 P_2 247 247 0.5 0.5 0.5 1 1 1
1 P_2 248 248 0 0 0 1 1 1
1 P_2 249 249 0.5 0.5 0.5 1 1 1
1 P_2 250 250 0 0 0 1 1 1
1 P_2 251 251 0 0 0 1 1 1
1 P_2 252 252 0.5 0.5 0.5 1 1 1
1 P_2 253 253 0 0 0 1 1 1
1 P_2 254 254 0.5 0.5 0.5 1 1 1
1 P_2 255 255 0.5 0.5 0.5 1 1 1
1 P_2 256 256 0.195735 0.2830188679245283 0.363627 1 1 1
1 P_2 257 257 0 0 0 1 1 1
1 P_2 258 258 0 0 0 1 1 1
1 P_2 259 259 0 0 0 1 1 1
1 P_2 260 260 0.5 0.5 0.5 1 1 1
1 P_2 261 261 0.5 0.5 0.5 1 1 1
1 P_2 262 262 0.5 0.5 0.5 1 1 1
1 P_2 263 263 0 0 0 1 1 1
1 P_2 264 264 0 0 0 1 1 1
1 P_2 265 265 0 0 0 1 1 1
1 P_2 266 266 0.5 0.5 0.5 1 1 1
1 P_2 267 267 0.5 0.5 0.5 1 1 1
1 P_2 268 268 0.5 0.5 0.5 1 1 1
1 P_2 269 269 0.5 0.5 0.5 1 1 1
1 P_2 270 270 0.5 0.5 0.5 1 1 1
1 P_2 271 271 0.5 0.5 0.5 1 1 1
1 P_2 272 272 0.5 0.5 0.5 1 1 1
1 P_2 273 273 0.5 0.5 0.5 1 1 1
1 P_2 274 274 0 0 0 1 1 1
1 P_2 275 275 0.5 0.5 0.5 1 1 1
1 P_2 276 276 0 0 0 1 1 1
1 P_2 277 277 0 0 0 1 1 1
1 P_2 278 278 0 0 0 1 1 1
1 P_2 279 279 0 0 0 1 1 1
1 P_2 280 280 0 0 0 1 1 1
1 P_2 281 281 0 0 0 1 1 1
1 P_2 282 282 0.5 0.5 0.5 1 1 1
1 P_2 283 283 0 0 0 1 1 1
1 P_2 284 284 0 0 0 1 1 1
1 P_2 285 285 0 0 0 1 1 1
1 P_2 286 286 0 0 0 1 1 1
1 P_2 287 287 0.5 0.5 0.5 1 1 1
1 P_2 288 288 0 0 0 1 1 1
1 P_2 289 289 0 0 0 1 1 1
1 P_2 290 290 0 0 0 1 1 1
1 P_2 291 291 0.5 0.5 0.5 1 1 1
1 P_2 292 292 0 0 0 1 1 1
1 P_2 293 293 0 0 0 1 1 1
1 P_2 294 294 0 0 0 1 1 1
1 P_2 295 295 0 0 0 1 1 1
1 P_2 296 296 0.125622 0.20588235294117646 0.2953865 1 1 1
1 P_2 297 297 0 0 0 1 1 1
1 P_2 298 298 0 0 0 1 1 1
1 P_2 299 299 0 0 0 1 1 1
1 P_2 300 300 0.5 0.5 0.5 1 1 1
1 P_2 301 301 0.5 0.5 0.5 1 1 1
1 P_2 302 302 0.5 0.5 0.5 1 1 1
1 P_2 303 303 0.5 0.5 0.5 1 1 1
1 P_2 304 304 0 0 0 1 1 1
1 P_2 305 305 0.5 0.5 0.5 1 1 1
1 P_2 306 306 0.1579185 0.25 0.3420815 1 1 1
1 P_2 307 307 0 0 0 1 1 1
1 P_2 308 308 0.5 0.5 0.5 1 1 1
1 P_2 309 309 0.5 0.5 0.5 1 1 1
1 P_2 310 310 0.5 0.5 0.5 1 1 1
1 P_2 311 311 0.5 0.5 0.5 1 1 1
1 P_2 312 312 0 0 0 1 1 1
1 P_2 313 313 0 0 0 1 1 1
1 P_2 314 314 0.5 0.5 0.5 1 1 1
1 P_2 315 315 0.5 0.5 0.5 1 1 1
1 P_2 316 316 0.5 0.5 0.5 1 1 1
1 P_2 317 317 0 0 0 1 1 1
1 P_2 318 318 0.5 0.5 0.5 1 1 1
1 P_2 319 319 0 0 0 1 1 1
1 P_2 320 320 0 0 0 1 1 1
1 P_2 321 321 0.5 0.5 0.5 1 1 1
1 P_2 322 322 0 0 0 1 1 1
1 P_2 323 323 0.5 0.5 0.5 1 1 1
1 P_2 324 324 0 0 0 1 1 1
1 P_2 325 325 0 0 0 1 1 1
1 P_2 326 326 0 0 0 1 1 1
1 P_2 327 327 0 0 0 1 1 1
1 P_2 328 328 0.2046135 0.29411764705882354 0.374378 1 1 1
1 P_2 329 329 0 0 0 1 1 1
1 P_2 330 330 0 0 0 1 1 1
1 P_2 331 331 0.5 0.5 0.5 1 1 1
1 P_2 332 332 0.5 0.5 0.5 1 1 1
1 P_2 333 333 0 0 0 1 1 1
1 P_2 334 334 0.5 0.5 0.5 1 1 1
1 P_2 335 335 0 0 0 1 1 1
1 P_2 336 336 0 0 0 1 1 1
1 P_2 337 337 0.5 0.5 0.5 1 1 1
1 P_2 338 338 0 0 0 1 1 1
1 P_2 339 339 0 0 0 1 1 1
1 P_2 340 340 0 0 0 1 1 1
1 P_2 341 341 0.5 0.5 0.5 1 1 1
1 P_2 342 342 0.5 0.5 0.5 1 1 1
1 P_2 343 343 0.5 0.5 0.5 1 1 1
1 P_2 344 344 0.5 0.5 0.5 1 1 1
1 P_2 345 345 0 0 0 1 1 1
1 P_2 346 346 0.5 0.5 0.5 1 1 1
1 P_2 347 347 0.5 0.5 0.5 1 1 1
1 P_2 348 348 0.5 0.5 0.5 1 1 1
1 P_2 349 349 0.5 0.5 0.5 1 1 1
1 P_2 350 350 0.5 0.5 0.5 1 1 1
1 P_2 351 351 0 0 0 1 1 1
1 P_2 352 352 0 0 0 1 1 1
1 P_2 353 353 0 0 0 1 1 1
1 P_2 354 354 0.5 0.5 0.5 1 1 1
1 P_2 355 355 0.5 0.5 0.5 1 1 1
1 P_2 356 356 0 0 0 1 1 1
1 P_2 357 357 0.170795 0.2604166666666667 0.3477295 1 1 1
1 P_2 358 358 0.5 0.5 0.5 1 1 1
1 P_2 359 359 0 0 0 1 1 1
1 P_2 360 360 0 0 0 1 1 1
1 P_2 361 361 0.5 0.5 0.5 1 1 1
1 P_2 362 362 0.1502035 0.2391304347826087 0.3305625 1 1 1
1 P_2 363 363 0.2196255 0.3125 0.3915265 1 1 1
1 P_2 364 364 0.5 0.5 0.5 1 1 1
1 P_2 365 365 0 0 0 1 1 1
1 P_2 366 366 0 0 0 1 1 1
1 P_2 367 367 0.5 0.5 0.5 1 1 1
1 P_2 368 368 0 0 0 1 1 1
1 P_2 369 369 0 0 0 1 1 1
1 P_2 370 370 0.5 0.5 0.5 1 1 1
1 P_2 371 371 0 0 0 1 1 1
1 P_2 372 372 0.5 0.5 0.5 1 1 1
1 P_2 373 373 0.5 0.5 0.5 1 1 1
1 P_2 374 374 0 0 0 1 1 1
1 P_2 375 375 0.5 0.5 0.5 1 1 1
1 P_2 376 376 0 0 0 1 1 1
1 P_2 377 377 0 0 0 1 1 1
1 P_2 378 378 0.2047555 0.3023255813953488 0.387068 1 1 1
1 P_2 379 379 0.5 0.5 0.5 1 1 1
1 P_2 380 380 0 0 0 1 1 1
1 P_2 381 381 0.5 0.5 0.5 1 1 1
1 P_2 382 382 0.5 0.5 0.5 1 1 1
1 P_2 383 383 0 0 0 1 1 1
1 P_2 384 384 0.5 0.5 0.5 1 1 1
1 P_2 385 385 0 0 0 1 1 1
1 P_2 386 386 0.5 0.5 0.5 1 1 1
1 P_2 387 387 0.1830465 0.27906976744186046 0.3679655 1 1 1
1 P_2 388 388 0 0 0 1 1 1
1 P_2 389 389 0 0 0 1 1 1
1 P_2 390 390 0 0 0 1 1 1
1 P_2 391 391 0 0 0 1 1 1
1 P_2 392 392 0.5 0.5 0.5 1 1 1
1 P_2 393 393 0.5 0.5 0.5 1 1 1
1 P_2 394 394 0 0 0 1 1 1
1 P_2 395 395 0.065685 0.13 0.219889 1 1 1
1 P_2 396 396 0 0 0 1 1 1
1 P_2 397 397 0.5 0.5 0.5 1 1 1
1 P_2 398 398 0.5 0.5 0.5 1 1 1
1 P_2 399 399 0.5 0.5 0.5 1 1 1
1 P_2 400 400 0.5 0.5 0.5 1 1 1
1 P_2 401 401 0.5 0.5 0.5 1 1 1
1 P_2 402 402 0 0 0 1 1 1
1 P_2 403 403 0.5 0.5 0.5 1 1 1
1 P_2 404 404 0.5 0.5 0.5 1 1 1
1 P_2 405 405 0 0 0 1 1 1
1 P_2 406 406 0 0 0 1 1 1
1 P_2 407 407 0 0 0 1 1 1
1 P_2 408 408 0 0 0 1 1 1
1 P_2 409 409 0.1771965 0.27380952380952384 0.3644575 1 1 1
1 P_2 410 410 0.5 0.5 0.5 1 1 1
1 P_2 411 411 0.166689 0.2714285714285714 0.369837 1 1 1
1 P_2 412 412 0 0 0 1 1 1
1 P_2 413 413 0.0934385 0.18055555555555555 0.287667 1 1 1
1 P_2 414 414 0 0 0 1 1 1
1 P_2 415 415 0.5 0.5 0.5 1 1 1
1 P_2 416 416 0 0 0 1 1 1
1 P_2 417 417 0.5 0.5 0.5 1 1 1
1 P_2 418 418 0 0 0 1 1 1
1 P_2 419 419 0 0 0 1 1 1
1 P_2 420 420 0.5 0.5 0.5 1 1 1
1 P_2 421 421 0.187489 0.2875 0.37769 1 1 1
1 P_2 422 422 0.5 0.5 0.5 1 1 1
1 P_2 423 423 0.5 0.5 0.5 1 1 1
1 P_2 424 424 0.5 0.5 0.5 1 1 1
1 P_2 425 425 0 0 0 1 1 1
1 P_2 426 426 0.5 0.5 0.5 1 1 1
1 P_2 427 427 0 0 0 1 1 1
1 P_2 428 428 0.5 0.5 0.5 1 1 1
1 P_2 429 429 0 0 0 1 1 1
1 P_2 430 430 0.5 0.5 0.5 1 1 1
1 P_2 431 431 0 0 0 1 1 1
1 P_2 432 432 0.5 0.5 0.5 1 1 1
1 P_2 433 433 0 0 0 1 1 1
1 P_2 434 434 0 0 0 1 1 1
1 P_2 435 435 0 0 0 1 1 1
1 P_2 436 436 0 0 0 1 1 1
1 P_2 437 437 0.5 0.5 0.5 1 1 1
1 P_2 438 438 0 0 0 1 1 1
1 P_2 439 439 0 0 0 1 1 1
1 P_2 440 440 0.5 0.5 0.5 1 1 1
1 P_2 441 441 0 0 0 1 1 1
1 P_2 442 442 0.5 0.5 0.5 1 1 1
1 P_2 443 443 0 0 0 1 1 1
1 P_2 444 444 0 0 0 1 1 1
1 P_2 445 445 0 0 0 1 1 1
1 P_2 446 446 0 0 0 1 1 1
1 P_2 447 447 0.5 0.5 0.5 1 1 1
1 P_2 448 448 0.5 0.5 0.5 1 1 1
1 P_2 449 449 0 0 0 1 1 1
1 P_2 450 450 0 0 0 1 1 1
1 P_2 451 451 0.087962 0.16304347826086957 0.258154 1 1 1
1 P_2 452 452 0.5 0.5 0.5 1 1 1
1 P_2 453 453 0.5 0.5 0.5 1 1 1
1 P_2 454 454 0 0 0 1 1 1
1 P_2 455 455 0 0 0 1 1 1
1 P_2 456 456 0 0 0 1 1 1
1 P_2 457 457 0 0 0 1 1 1
1 P_2 458 458 0.5 0.5 0.5 1 1 1
1 P_2 459 459 0.5 0.5 0.5 1 1 1
1 P_2 460 460 0.1579185 0.25 0.3420815 1 1 1
1 P_2 461 461 0.5 0.5 0.5 1 1 1
1 P_2 462 462 0.5 0.5 0.5 1 1 1
1 P_2 463 463 0 0 0 1 1 1
1 P_2 464 464 0.5 0.5 0.5 1 1 1
1 P_2 465 465 0.5 0.5 0.5 1 1 1
1 P_2 466 466 0 0 0 1 1 1
1 P_2 467 467 0 0 0 1 1 1
1 P_2 468 468 0 0 0 1 1 1
1 P_2 469 469 0.5 0.5 0.5 1 1 1
1 P_2 470 470 0 0 0 1 1 1
1 P_2 471 471 0 0 0 1 1 1
1 P_2 472 472 0 0 0 1 1 1
1 P_2 473 473 0 0 0 1 1 1
1 P_2 474 474 0 0 0 1 1 1
1 P_2 475 475 0 0 0 1 1 1
1 P_2 476 476 0.5 0.5 0.5 1 1 1
1 P_2 477 477 0.5 0.5 0.5 1 1 1
1 P_2 478 478 0 0 0 1 1 1
1 P_2 479 479 0.5 0.5 0.5 1 1 1
1 P_2 480 480 0 0 0 1 1 1
1 P_2 481 481 0.5 0.5 0.5 1 1 1
1 P_2 482 482 0.5 0.5 0.5 1 1 1
1 P_2 483 483 0.5 0.5 0.5 1 1 1
1 P_2 484 484 0 0 0 1 1 1
1 P_2 485 485 0 0 0 1 1 1
1 P_2 486 486 0.5 0.5 0.5 1 1 1
1 P_2 487 487 0 0 0 1 1 1
1 P_2 488 488 0 0 0 1 1 1
1 P_2 489 489 0.5 0.5 0.5 1 1 1
1 P_2 490 490 0 0 0 1 1 1
1 P_2 491 491 0.5 0.5 0.5 1 1 1
1 P_2 492 492 0 0 0 1 1 1
1 P_2 493 493 0 0 0 1 1 1
1 P_2 494 494 0 0 0 1 1 1
1 P_2 495 495 0.5 0.5 0.5 1 1 1
1 P_2 496 496 0 0 0 1 1 1
1 P_2 497 497 0.164183 0.24561403508771928 0.327874 1 1 1
1 P_2 498 498 0.5 0.5 0.5 1 1 1
1 P_2 499 499 0 0 0 1 1 1
1 P_2 500 500 0 0 0 1 1 1
1 P_2 501 501 0 0 0 1 1 1
1 P_2 502 502 0 0 0 1 1 1
1 P_2 503 503 0 0 0 1 1 1
1 P_2 504 504 0 0 0 1 1 1
1 P_2 505 505 0.5 0.5 0.5 1 1 1
1 P_2 506 506 0.5 0.5 0.5 1 1 1
1 P_2 507 507 0.1760795 0.2653061224489796 0.3512045 1 1 1
1 P_2 508 508 0.5 0.5 0.5 1 1 1
1 P_2 509 509 0.13749 0.22340425531914893 0.3153285 1 1 1
1 P_2 510 510 0 0 0 1 1 1
1 P_2 511 511 0.5 0.5 0.5 1 1 1
1 P_2 512 512 0 0 0 1 1 1
1 P_2 513 513 0 0 0 1 1 1
1 P_2 514 514 0 0 0 1 1 1
1 P_2 515 515 0 0 0 1 1 1
1 P_2 516 516 0 0 0 1 1 1
1 P_2 517 517 0.5 0.5 0.5 1 1 1
1 P_2 518 518 0 0 0 1 1 1
1 P_2 519 519 0.5 0.5 0.5 1 1 1
1 P_2 520 520 0.5 0.5 0.5 1 1 1
1 P_2 521 521 0.5 0.5 0.5 1 1 1
1 P_2 522 522 0.5 0.5 0.5 1 1 1
1 P_2 523 523 0.5 0.5 0.5 1 1 1
1 P_2 524 524 0 0 0 1 1 1
1 P_2 525 525 0 0 0 1 1 1
1 P_2 526 526 0.5 0.5 0.5 1 1 1
1 P_2 527 527 0.1466275 0.23404255319148937 0.3250635 1 1 1
1 P_2 528 528 0 0 0 1 1 1
1 P_2 529 529 0 0 0 1 1 1
1 P_2 530 530 0.5 0.5 0.5 1 1 1
1 P_2 531 531 0 0 0 1 1 1
1 P_2 532 532 0.5 0.5 0.5 1 1 1
1 P_2 533 533 0 0 0 1 1 1
1 P_2 534 534 0.5 0.5 0.5 1 1 1
1 P_2 535 535 0.5 0.5 0.5 1 1 1
1 P_2 536 536 0.5 0.5 0.5 1 1 1
1 P_2 537 537 0.5 0.5 0.5 1 1 1
1 P_2 538 538 0.5 0.5 0.5 1 1 1
1 P_2 539 539 0 0 0 1 1 1
1 P_2 540 540 0 0 0 1 1 1
1 P_2 541 541 0.061156 0.125 0.216501 1 1 1
1 P_2 542 542 0.5 0.5 0.5 1 1 1
1 P_2 543 543 0.5 0.5 0.5 1 1 1
1 P_2 544 544 0 0 0 1 1 1
1 P_2 545 545 0.5 0.5 0.5 1 1 1
1 P_2 546 546 0.5 0.5 0.5 1 1 1
1 P_2 547 547 0.5 0.5 0.5 1 1 1
1 P_2 548 548 0 0 0 1 1 1
1 P_2 549 549 0.5 0.5 0.5 1 1 1
1 P_2 550 550 0 0 0 1 1 1
1 P_2 551 551 0 0 0 1 1 1
1 P_2 552 552 0.5 0.5 0.5 1 1 1
1 P_2 553 553 0.080968 0.14285714285714285 0.2231595 1 1 1
1 P_2 554 554 0 0 0 1 1 1
1 P_2 555 555 0 0 0 1 1 1
1 P_2 556 556 0 0 0 1 1 1
1 P_2 557 557 0 0 0 1 1 1
1 P_2 558 558 0 0 0 1 1 1
1 P_2 559 559 0.5 0.5 0.5 1 1 1
1 P_2 560 560 0 0 0 1 1 1
1 P_2 561 561 0 0 0 1 1 1
1 P_2 562 562 0 0 0 1 1 1
1 P_2 563 563 0.5 0.5 0.5 1 1 1
1 P_2 564 564 0 0 0 1 1 1
1 P_2 565 565 0 0 0 1 1 1
1 P_2 566 566 0 0 0 1 1 1
1 P_2 567 567 0.5 0.5 0.5 1 1 1
1 P_2 568 568 0.5 0.5 0.5 1 1 1
1 P_2 569 569 0 0 0 1 1 1
1 P_2 570 570 0 0 0 1 1 1
1 P_2 571 571 0 0 0 1 1 1
1 P_2 572 572 0 0 0 1 1 1
1 P_2 573 573 0.5 0.5 0.5 1 1 1
1 P_2 574 574 0 0 0 1 1 1
1 P_2 575 575 0.5 0.5 0.5 1 1 1
1 P_2 576 576 0 0 0 1 1 1
1 P_2 577 577 0 0 0 1 1 1
1 P_2 578 578 0.5 0.5 0.5 1 1 1
1 P_2 579 579 0 0 0 1 1 1
1 P_2 580 580 0.5 0.5 0.5 1 1 1
1 P_2 581 581 0 0 0 1 1 1
1 P_2 582 582 0.5 0.5 0.5 1 1 1
1 P_2 583 583 0.1882955 0.2719298245614035 0.351421 1 1 1
1 P_2 584 584 0.5 0.5 0.5 1 1 1
1 P_2 585 585 0 0 0 1 1 1
1 P_2 586 586 0 0 0 1 1 1
1 P_2 587 587 0.5 0.5 0.5 1 1 1
1 P_2 588 588 0.5 0.5 0.5 1 1 1
1 P_2 589 589 0 0 0 1 1 1
1 P_2 590 590 0 0 0 1 1 1
1 P_2 591 591 0.061621 0.14814814814814814 0.2724485 1 1 1
1 P_2 592 592 0 0 0 1 1 1
1 P_2 593 593 0 0 0 1 1 1
1 P_2 594 594 0 0 0 1 1 1
1 P_2 595 595 0 0 0 1 1 1
1 P_2 596 596 0 0 0 1 1 1
1 P_2 597 597 0 0 0 1 1 1
1 P_2 598 598 0.1024785 0.18085106382978725 0.2748435 1 1 1
1 P_2 599 599 0.5 0.5 0.5 1 1 1
1 P_2 600 600 0.5 0.5 0.5 1 1 1
1 P_2 601 601 0 0 0 1 1 1
1 P_2 602 602 0.5 0.5 0.5 1 1 1
1 P_2 603 603 0 0 0 1 1 1
1 P_2 604 604 0 0 0 1 1 1
1 P_2 605 605 0.5 0.5 0.5 1 1 1
1 P_2 606 606 0 0 0 1 1 1
1 P_2 607 607 0.5 0.5 0.5 1 1 1
1 P_2 608 608 0.5 0.5 0.5 1 1 1
1 P_2 609 609 0 0 0 1 1 1
1 P_2 610 610 0.2371505 0.3333333333333333 0.409929 1 1 1
1 P_2 611 611 0 0 0 1 1 1
1 P_2 612 612 0 0 0 1 1 1
1 P_2 613 613 0 0 0 1 1 1
1 P_2 614 614 0.195735 0.2830188679245283 0.363627 1 1 1
1 P_2 615 615 0 0 0 1 1 1
1 P_2 616 616 0.225203 0.30833333333333335 0.3809615 1 1 1
1 P_2 617 617 0.5 0.5 0.5 1 1 1
1 P_2 618 618 0.5 0.5 0.5 1 1 1
1 P_2 619 619 0 0 0 1 1 1
1 P_2 620 620 0 0 0 1 1 1
1 P_2 621 621 0 0 0 1 1 1
1 P_2 622 622 0 0 0 1 1 1
1 P_2 623 623 0 0 0 1 1 1
1 P_2 624 624 0.5 0.5 0.5 1 1 1
1 P_2 625 625 0.5 0.5 0.5 1 1 1
1 P_2 626 626 0.5 0.5 0.5 1 1 1
1 P_2 627 627 0 0 0 1 1 1
1 P_2 628 628 0.2463825 0.3404255319148936 0.41405 1 1 1
1 P_2 629 629 0.5 0.5 0.5 1 1 1
1 P_2 630 630 0 0 0 1 1 1
1 P_2 631 631 0 0 0 1 1 1
1 P_2 632 632 0.5 0.5 0.5 1 1 1
1 P_2 633 633 0 0 0 1 1 1
1 P_2 634 634 0.5 0.5 0.5 1 1 1
1 P_2 635 635 0.5 0.5 0.5 1 1 1
1 P_2 636 636 0 0 0 1 1 1
1 P_2 637 637 0 0 0 1 1 1
1 P_2 638 638 0.5 0.5 0.5 1 1 1
1 P_2 639 639 0.5 0.5 0.5 1 1 1
1 P_2 640 640 0 0 0 1 1 1
1 P_2 641 641 0.5 0.5 0.5 1 1 1
1 P_2 642 642 0.5 0.5 0.5 1 1 1
1 P_2 643 643 0 0 0 1 1 1
1 P_2 644 644 0 0 0 1 1 1
1 P_2 645 645 0 0 0 1 1 1
1 P_2 646 646 0 0 0 1 1 1
1 P_2 647 647 0.061254 0.11864406779661017 0.200025 1 1 1
1 P_2 648 648 0 0 0 1 1 1
1 P_2 649 649 0 0 0 1 1 1
1 P_2 650 650 0 0 0 1 1 1
1 P_2 651 651 0 0 0 1 1 1
1 P_2 652 652 0 0 0 1 1 1
1 P_2 653 653 0 0 0 1 1 1
1 P_2 654 654 0 0 0 1 1 1
1 P_2 655 655 0.2091325 0.2962962962962963 0.374262 1 1 1
1 P_2 656 656 0.5 0.5 0.5 1 1 1
1 P_2 657 657 0 0 0 1 1 1
1 P_2 658 658 0.5 0.5 0.5 1 1 1
1 P_2 659 659 0.5 0.5 0.5 1 1 1
1 P_2 660 660 0 0 0 1 1 1
1 P_2 661 661 0.5 0.5 0.5 1 1 1
1 P_2 662 662 0 0 0 1 1 1
1 P_2 663 663 0 0 0 1 1 1
1 P_2 664 664 0.5 0.5 0.5 1 1 1
1 P_2 665 665 0 0 0 1 1 1
1 P_2 666 666 0 0 0 1 1 1
1 P_2 667 667 0.5 0.5 0.5 1 1 1
1 P_2 668 668 0.151886 0.25757575757575757 0.3609065 1 1 1
1 P_2 669 669 0 0 0 1 1 1
1 P_2 670 670 0 0 0 1 1 1
1 P_2 671 671 0.5 0.5 0.5 1 1 1
1 P_2 672 672 0 0 0 1 1 1
1 P_2 673 673 0.5 0.5 0.5 1 1 1
1 P_2 674 674 0.5 0.5 0.5 1 1 1
1 P_2 675 675 0 0 0 1 1 1
1 P_2 676 676 0 0 0 1 1 1
1 P_2 677 677 0.5 0.5 0.5 1 1 1
1 P_2 678 678 0 0 0 1 1 1
1 P_2 679 679 0 0 0 1 1 1
1 P_2 680 680 0 0 0 1 1 1
1 P_2 681 681 0 0 0 1 1 1
1 P_2 682 682 0.5 0.5 0.5 1 1 1
1 P_2 683 683 0 0 0 1 1 1
1 P_2 684 684 0.209029 0.29310344827586204 0.369166 1 1 1
1 P_2 685 685 0.224301 0.3163265306122449 0.393934 1 1 1
1 P_2 686 686 0.5 0.5 0.5 1 1 1
1 P_2 687 687 0 0 0 1 1 1
1 P_2 688 688 0 0 0 1 1 1
1 P_2 689 689 0 0 0 1 1 1
1 P_2 690 690 0 0 0 1 1 1
1 P_2 691 691 0 0 0 1 1 1
1 P_2 692 692 0.1522705 0.23958333333333334 0.329205 1 1 1
1 P_2 693 693 0 0 0 1 1 1
1 P_2 694 694 0 0 0 1 1 1
1 P_2 695 695 0.5 0.5 0.5 1 1 1
1 P_2 696 696 0.5 0.5 0.5 1 1 1
1 P_2 697 697 0.5 0.5 0.5 1 1 1
1 P_2 698 698 0 0 0 1 1 1
1 P_2 699 699 0.5 0.5 0.5 1 1 1
1 P_2 700 700 0 0 0 1 1 1
1 P_2 701 701 0.5 0.5 0.5 1 1 1
1 P_2 702 702 0.1287065 0.2159090909090909 0.3112965 1 1 1
1 P_2 703 703 0 0 0 1 1 1
1 P_2 704 704 0 0 0 1 1 1
1 P_2 705 705 0.5 0.5 0.5 1 1 1
1 P_2 706 706 0 0 0 1 1 1
1 P_2 707 707 0 0 0 1 1 1
1 P_2 708 708 0.1887035 0.2840909090909091 0.3712935 1 1 1
1 P_2 709 709 0 0 0 1 1 1
1 P_2 710 710 0.2092335 0.2980769230769231 0.3770275 1 1 1
1 P_2 711 711 0.03814875 0.1 0.2060015 1 1 1
1 P_2 712 712 0.074597 0.16129032258064516 0.2771505 1 1 1
1 P_2 713 713 0 0 0 1 1 1
1 P_2 714 714 0 0 0 1 1 1
1 P_2 715 715 0.5 0.5 0.5 1 1 1
1 P_2 716 716 0.175594 0.25892857142857145 0.340548 1 1 1
1 P_2 717 717 0.1256175 0.21428571428571427 0.311901 1 1 1
1 P_2 718 718 0.0817345 0.14655172413793102 0.230582 1 1 1
1 P_2 719 719 0.5 0.5 0.5 1 1 1
1 P_2 720 720 0 0 0 1 1 1
1 P_2 721 721 0 0 0 1 1 1
1 P_2 722 722 0 0 0 1 1 1
1 P_2 723 723 0.5 0.5 0.5 1 1 1
1 P_2 724 724 0.5 0.5 0.5 1 1 1
1 P_2 725 725 0.5 0.5 0.5 1 1 1
1 P_2 726 726 0.5 0.5 0.5 1 1 1
1 P_2 727 727 0 0 0 1 1 1
1 P_2 728 728 0.5 0.5 0.5 1 1 1
1 P_2 729 729 0 0 0 1 1 1
1 P_2 730 730 0 0 0 1 1 1
1 P_2 731 731 0 0 0 1 1 1
1 P_2 732 732 0.5 0.5 0.5 1 1 1
1 P_2 733 733 0.5 0.5 0.5 1 1 1
1 P_2 734 734 0 0 0 1 1 1
1 P_2 735 735 0 0 0 1 1 1
1 P_2 736 736 0.5 0.5 0.5 1 1 1
1 P_2 737 737 0.5 0.5 0.5 1 1 1
1 P_2 738 738 0.5 0.5 0.5 1 1 1
1 P_2 739 739 0 0 0 1 1 1
1 P_2 740 740 0.5 0.5 0.5 1 1 1
1 P_2 741 741 0.5 0.5 0.5 1 1 1
1 P_2 742 742 0.19534 0.28431372549019607 0.3660975 1 1 1
1 P_2 743 743 0 0 0 1 1 1
1 P_2 744 744 0.5 0.5 0.5 1 1 1
1 P_2 745 745 0 0 0 1 1 1
1 P_2 746 746 0.5 0.5 0.5 1 1 1
1 P_2 747 747 0.5 0.5 0.5 1 1 1
1 P_2 748 748 0.5 0.5 0.5 1 1 1
1 P_2 749 749 0.1846715 0.2765957446808511 0.36251 1 1 1
1 P_2 750 750 0 0 0 1 1 1
1 P_2 751 751 0.5 0.5 0.5 1 1 1
1 P_2 752 752 0.5 0.5 0.5 1 1 1
1 P_2 753 753 0.0598395 0.12244897959183673 0.212746 1 1 1
1 P_2 754 754 0.0778205 0.16176470588235295 0.272437 1 1 1
1 P_2 755 755 0.2047465 0.2909090909090909 0.369081 1 1 1
1 P_2 756 756 0 0 0 1 1 1
1 P_2 757 757 0 0 0 1 1 1
1 P_2 758 758 0 0 0 1 1 1
1 P_2 759 759 0.5 0.5 0.5 1 1 1
1 P_2 760 760 0.5 0.5 0.5 1 1 1
1 P_2 761 761 0.5 0.5 0.5 1 1 1
1 P_2 762 762 0 0 0 1 1 1
1 P_2 763 763 0 0 0 1 1 1
1 P_2 764 764 0 0 0 1 1 1
1 P_2 765 765 0.5 0.5 0.5 1 1 1
1 P_2 766 766 0 0 0 1 1 1
1 P_2 767 767 0 0 0 1 1 1
1 P_2 768 768 0 0 0 1 1 1
1 P_2 769 769 0 0 0 1 1 1
1 P_2 770 770 0.164183 0.24561403508771928 0.327874 1 1 1
1 P_2 771 771 0.5 0.5 0.5 1 1 1
1 P_2 772 772 0.5 0.5 0.5 1 1 1
1 P_2 773 773 0.5 0.5 0.5 1 1 1
1 P_2 774 774 0 0 0 1 1 1
1 P_2 775 775 0 0 0 1 1 1
1 P_2 776 776 0.078751 0.14705882352941177 0.2369165 1 1 1
1 P_2 777 777 0 0 0 1 1 1
1 P_2 778 778 0 0 0 1 1 1
1 P_2 779 779 0 0 0 1 1 1
1 P_2 780 780 0.5 0.5 0.5 1 1 1
1 P_2 781 781 0.5 0.5 0.5 1 1 1
1 P_2 782 782 0 0 0 1 1 1
1 P_2 783 783 0 0 0 1 1 1
1 P_2 784 784 0 0 0 1 1 1
1 P_2 785 785 0 0 0 1 1 1
1 P_2 786 786 0.1611395 0.24528301886792453 0.3303805 1 1 1
1 P_2 787 787 0 0 0 1 1 1
1 P_2 788 788 0.1594935 0.24509803921568626 0.3317295 1 1 1
1 P_2 789 789 0.5 0.5 0.5 1 1 1
1 P_2 790 790 0.5 0.5 0.5 1 1 1
1 P_2 791 791 0 0 0 1 1 1
1 P_2 792 792 0.5 0.5 0.5 1 1 1
1 P_2 793 793 0 0 0 1 1 1
1 P_2 794 794 0.5 0.5 0.5 1 1 1
1 P_2 795 795 0.5 0.5 0.5 1 1 1
1 P_2 796 796 0.103671 0.18604651162790697 0.284098 1 1 1
1 P_2 797 797 0 0 0 1 1 1
1 P_2 798 798 0.5 0.5 0.5 1 1 1
1 P_2 799 799 0 0 0 1 1 1
1 P_2 800 800 0.1961295 0.2818181818181818 0.361292 1 1 1
1 P_2 801 801 0 0 0 1 1 1
1 P_2 802 802 0.10637 0.19047619047619047 0.28949 1 1 1
1 P_2 803 803 0 0 0 1 1 1
1 P_2 804 804 0 0 0 1 1 1
1 P_2 805 805 0.5 0.5 0.5 1 1 1
1 P_2 806 806 0.5 0.5 0.5 1 1 1
1 P_2 807 807 0 0 0 1 1 1
1 P_2 808 808 0.5 0.5 0.5 1 1 1
1 P_2 809 809 0 0 0 1 1 1
1 P_2 810 810 0.5 0.5 0.5 1 1 1
1 P_2 811 811 0 0 0 1 1 1
1 P_2 812 812 0 0 0 1 1 1
1 P_2 813 813 0.5 0.5 0.5 1 1 1
1 P_2 814 814 0.5 0.5 0.5 1 1 1
1 P_2 815 815 0.5 0.5 0.5 1 1 1
1 P_2 816 816 0 0 0 1 1 1
1 P_2 817 817 0 0 0 1 1 1
1 P_2 818 818 0 0 0 1 1 1
1 P_2 819 819 0.5 0.5 0.5 1 1 1
1 P_2 820 820 0.5 0.5 0.5 1 1 1
1 P_2 821 821 0 0 0 1 1 1
1 P_2 822 822 0.5 0.5 0.5 1 1 1
1 P_2 823 823 0.5 0.5 0.5 1 1 1
1 P_2 824 824 0 0 0 1 1 1
1 P_2 825 825 0 0 0 1 1 1
1 P_2 826 826 0 0 0 1 1 1
1 P_2 827 827 0.5 0.5 0.5 1 1 1
1 P_2 828 828 0 0 0 1 1 1
1 P_2 829 829 0.5 0.5 0.5 1 1 1
1 P_2 830 830 0 0 0 1 1 1
1 P_2 831 831 0.5 0.5 0.5 1 1 1
1 P_2 832 832 0 0 0 1 1 1
1 P_2 833 833 0 0 0 1 1 1
1 P_2 834 834 0 0 0 1 1 1
1 P_2 835 835 0.5 0.5 0.5 1 1 1
1 P_2 836 836 0.5 0.5 0.5 1 1 1
1 P_2 837 837 0 0 0 1 1 1
1 P_2 838 838 0.15084 0.23529411764705882 0.32283 1 1 1
1 P_2 839 839 0 0 0 1 1 1
1 P_2 840 840 0 0 0 1 1 1
1 P_2 841 841 0 0 0 1 1 1
1 P_2 842 842 0 0 0 1 1 1
1 P_2 843 843 0 0 0 1 1 1
1 P_2 844 844 0.5 0.5 0.5 1 1 1
1 P_2 845 845 0.195735 0.2830188679245283 0.363627 1 1 1
1 P_2 846 846 0 0 0 1 1 1
1 P_2 847 847 0.5 0.5 0.5 1 1 1
1 P_2 848 848 0 0 0 1 1 1
1 P_2 849 849 0 0 0 1 1 1
1 P_2 850 850 0 0 0 1 1 1
1 P_2 851 851 0 0 0 1 1 1
1 P_2 852 852 0 0 0 1 1 1
1 P_2 853 853 0 0 0 1 1 1
1 P_2 854 854 0.5 0.5 0.5 1 1 1
1 P_2 855 855 0.5 0.5 0.5 1 1 1
1 P_2 856 856 0 0 0 1 1 1
1 P_2 857 857 0 0 0 1 1 1
1 P_2 858 858 0 0 0 1 1 1
1 P_2 859 859 0.5 0.5 0.5 1 1 1
1 P_2 860 860 0 0 0 1 1 1
1 P_2 861 861 0.5 0.5 0.5 1 1 1
1 P_2 862 862 0.5 0.5 0.5 1 1 1
1 P_2 863 863 0 0 0 1 1 1
1 P_2 864 864 0 0 0 1 1 1
1 P_2 865 865 0 0 0 1 1 1
1 P_2 866 866 0.5 0.5 0.5 1 1 1
1 P_2 867 867 0 0 0 1 1 1
1 P_2 868 868 0 0 0 1 1 1
1 P_2 869 869 0.5 0.5 0.5 1 1 1
1 P_2 870 870 0.5 0.5 0.5 1 1 1
1 P_2 871 871 0 0 0 1 1 1
1 P_2 872 872 0.5 0.5 0.5 1 1 1
1 P_2 873 873 0.5 0.5 0.5 1 1 1
1 P_2 874 874 0.5 0.5 0.5 1 1 1
1 P_2 875 875 0 0 0 1 1 1
1 P_2 876 876 0 0 0 1 1 1
1 P_2 877 877 0 0 0 1 1 1
1 P_2 878 878 0 0 0 1 1 1
1 P_2 879 879 0 0 0 1 1 1
1 P_2 880 880 0.5 0.5 0.5 1 1 1
1 P_2 881 881 0 0 0 1 1 1
1 P_2 882 882 0.5 0.5 0.5 1 1 1
1 P_2 883 883 0.5 0.5 0.5 1 1 1
1 P_2 884 884 0.5 0.5 0.5 1 1 1
1 P_2 885 885 0 0 0 1 1 1
1 P_2 886 886 0 0 0 1 1 1
1 P_2 887 887 0.5 0.5 0.5 1 1 1
1 P_2 888 888 0 0 0 1 1 1
1 P_2 889 889 0.5 0.5 0.5 1 1 1
1 P_2 890 890 0 0 0 1 1 1
1 P_2 891 891 0.5 0.5 0.5 1 1 1
1 P_2 892 892 0 0 0 1 1 1
1 P_2 893 893 0.5 0.5 0.5 1 1 1
1 P_2 894 894 0.5 0.5 0.5 1 1 1
1 P_2 895 895 0 0 0 1 1 1
1 P_2 896 896 0 0 0 1 1 1
1 P_2 897 897 0.5 0.5 0.5 1 1 1
1 P_2 898 898 0.2196255 0.3125 0.3915265 1 1 1
1 P_2 899 899 0 0 0 1 1 1
1 P_2 900 900 0.5 0.5 0.5 1 1 1
1 P_2 901 901 0 0 0 1 1 1
1 P_2 902 902 0.5 0.5 0.5 1 1 1
1 P_2 903 903 0 0 0 1 1 1
1 P_2 904 904 0 0 0 1 1 1
1 P_2 905 905 0.5 0.5 0.5 1 1 1
1 P_2 906 906 0 0 0 1 1 1
1 P_2 907 907 0 0 0 1 1 1
1 P_2 908 908 0 0 0 1 1 1
1 P_2 909 909 0 0 0 1 1 1
1 P_2 910 910 0 0 0 1 1 1
1 P_2 911 911 0 0 0 1 1 1
1 P_2 912 912 0 0 0 1 1 1
1 P_2 913 913 0.5 0.5 0.5 1 1 1
1 P_2 914 914 0 0 0 1 1 1
1 P_2 915 915 0 0 0 1 1 1
1 P_2 916 916 0 0 0 1 1 1
1 P_2 917 917 0.243105 0.3230769230769231 0.390847 1 1 1
1 P_2 918 918 0 0 0 1 1 1
1 P_2 919 919 0 0 0 1 1 1
1 P_2 920 920 0 0 0 1 1 1
1 P_2 921 921 0 0 0 1 1 1
1 P_2 922 922 0.5 0.5 0.5 1 1 1
1 P_2 923 923 0 0 0 1 1 1
1 P_2 924 924 0.5 0.5 0.5 1 1 1
1 P_2 925 925 0 0 0 1 1 1
1 P_2 926 926 0 0 0 1 1 1
1 P_2 927 927 0 0 0 1 1 1
1 P_2 928 928 0.5 0.5 0.5 1 1 1
1 P_2 929 929 0.13485 0.2222222222222222 0.3161275 1 1 1
1 P_2 930 930 0 0 0 1 1 1
1 P_2 931 931 0.2095635 0.3020833333333333 0.383062 1 1 1
1 P_2 932 932 0 0 0 1 1 1
1 P_2 933 933 0 0 0 1 1 1
1 P_2 934 934 0 0 0 1 1 1
1 P_2 935 935 0.5 0.5 0.5 1 1 1
1 P_2 936 936 0.5 0.5 0.5 1 1 1
1 P_2 937 937 0.5 0.5 0.5 1 1 1
1 P_2 938 938 0 0 0 1 1 1
1 P_2 939 939 0 0 0 1 1 1
1 P_2 940 940 0.5 0.5 0.5 1 1 1
1 P_2 941 941 0.5 0.5 0.5 1 1 1
1 P_2 942 942 0.5 0.5 0.5 1 1 1
1 P_2 943 943 0 0 0 1 1 1
1 P_2 944 944 0.18121 0.27 0.354521 1 1 1
1 P_2 945 945 0.165351 0.2553191489361702 0.344085 1 1 1
1 P_2 946 946 0.5 0.5 0.5 1 1 1
1 P_2 947 947 0 0 0 1 1 1
1 P_2 948 948 0.5 0.5 0.5 1 1 1
1 P_2 949 949 0.5 0.5 0.5 1 1 1
1 P_2 950 950 0.5 0.5 0.5 1 1 1
1 P_2 951 951 0 0 0 1 1 1
1 P_2 952 952 0 0 0 1 1 1
1 P_2 953 953 0 0 0 1 1 1
1 P_2 954 954 0.5 0.5 0.5 1 1 1
1 P_2 955 955 0.5 0.5 0.5 1 1 1
1 P_2 956 956 0.5 0.5 0.5 1 1 1
1 P_2 957 957 0.5 0.5 0.5 1 1 1
1 P_2 958 958 0 0 0 1 1 1
1 P_2 959 959 0.075588 0.14150943396226415 0.2293435 1 1 1
1 P_2 960 960 0.5 0.5 0.5 1 1 1
1 P_2 961 961 0 0 0 1 1 1
1 P_2 962 962 0 0 0 1 1 1
1 P_2 963 963 0 0 0 1 1 1
1 P_2 964 964 0.5 0.5 0.5 1 1 1
1 P_2 965 965 0 0 0 1 1 1
1 P_2 966 966 0.5 0.5 0.5 1 1 1
1 P_2 967 967 0.1749365 0.26595744680851063 0.3533725 1 1 1
1 P_2 968 968 0 0 0 1 1 1
1 P_2 969 969 0.5 0.5 0.5 1 1 1
1 P_2 970 970 0 0 0 1 1 1
1 P_2 971 971 0.5 0.5 0.5 1 1 1
1 P_2 972 972 0 0 0 1 1 1
1 P_2 973 973 0.5 0.5 0.5 1 1 1
1 P_2 974 974 0.0568385 0.125 0.2258345 1 1 1
1 P_2 975 975 0.5 0.5 0.5 1 1 1
1 P_2 976 976 0 0 0 1 1 1
1 P_2 977 977 0.5 0.5 0.5 1 1 1
1 P_2 978 978 0.1493395 0.25 0.3506605 1 1 1
1 P_2 979 979 0 0 0 1 1 1
1 P_2 980 980 0.5 0.5 0.5 1 1 1
1 P_2 981 981 0 0 0 1 1 1
1 P_2 982 982 0 0 0 1 1 1
1 P_2 983 983 0 0 0 1 1 1
1 P_2 984 984 0 0 0 1 1 1
1 P_2 985 985 0.5 0.5 0.5 1 1 1
1 P_2 986 986 0 0 0 1 1 1
1 P_2 987 987 0 0 0 1 1 1
1 P_2 988 988 0 0 0 1 1 1
1 P_2 989 989 0.5 0.5 0.5 1 1 1
1 P_2 990 990 0 0 0 1 1 1
1 P_2 991 991 0.5 0.5 0.5 1 1 1
1 P_2 992 992 0.164626 0.25 0.335374 1 1 1
1 P_2 993 993 0.5 0.5 0.5 1 1 1
1 P_2 994 994 0 0 0 1 1 1
1 P_2 995 995 0.5 0.5 0.5 1 1 1
1 P_2 996 996 0.5 0.5 0.5 1 1 1
1 P_2 997 997 0.5 0.5 0.5 1 1 1
1 P_2 998 998 0 0 0 1 1 1
1 P_2 999 999 0.1934495 0.2926829268292683 0.380987 1 1 1
1 P_2 1000 1000 0.170795 0.2604166666666667 0.3477295 1 1 1
1 P_2 1001 1001 0 0 0 1 1 1
1 P_2 1002 1002 0.1919505 0.26811594202898553 0.3414215 1 1 1
1 P_2 1003 1003 0 0 0 1 1 1
1 P_2 1004 1004 0 0 0 1 1 1
1 P_2 1005 1005 0.5 0.5 0.5 1 1 1
1 P_2 1006 1006 0.5 0.5 0.5 1 1 1
1 P_2 1007 1007 0 0 0 1 1 1
1 P_2 1008 1008 0.5 0.5 0.5 1 1 1
1 P_2 1009 1009 0.0816675 0.15555555555555556 0.251637 1 1 1
1 P_2 1010 1010 0 0 0 1 1 1
1 P_2 1011 1011 0 0 0 1 1 1
1 P_2 1012 1012 0.5 0.5 0.5 1 1 1
1 P_2 1013 1013 0.5 0.5 0.5 1 1 1
1 P_2 1014 1014 0 0 0 1 1 1
1 P_2 1015 1015 0.5 0.5 0.5 1 1 1
1 P_2 1016 1016 0 0 0 1 1 1
1 P_2 1017 1017 0.5 0.5 0.5 1 1 1
1 P_2 1018 1018 0.5 0.5 0.5 1 1 1
1 P_2 1019 1019 0 0 0 1 1 1
1 P_2 1020 1020 0.5 0.5 0.5 1 1 1
1 P_2 1021 1021 0.5 0.5 0.5 1 1 1
1 P_2 1022 1022 0.5 0.5 0.5 1 1 1
1 P_2 1023 1023 0.5 0.5 0.5 1 1 1
1 P_2 1024 1024 0.5 0.5 0.5 1 1 1
1 P_2 1025 1025 0 0 0 1 1 1
1 P_2 1026 1026 0 0 0 1 1 1
1 P_2 1027 1027 0 0 0 1 1 1
1 P_2 1028 1028 0.5 0.5 0.5 1 1 1
1 P_2 1029 1029 0.04295185 0.10526315789473684 0.207161 1 1 1
1 P_2 1030 1030 0 0 0 1 1 1
1 P_2 1031 1031 0.5 0.5 0.5 1 1 1
1 P_2 1032 1032 0.5 0.5 0.5 1 1 1
1 P_2 1033 1033 0 0 0 1 1 1
1 P_2 1034 1034 0 0 0 1 1 1
1 P_2 1035 1035 0 0 0 1 1 1
1 P_2 1036 1036 0 0 0 1 1 1
1 P_2 1037 1037 0.5 0.5 0.5 1 1 1
1 P_2 1038 1038 0.2092335 0.2980769230769231 0.3770275 1 1 1
1 P_2 1039 1039 0.5 0.5 0.5 1 1 1
1 P_2 1040 1040 0 0 0 1 1 1
1 P_2 1041 1041 0.5 0.5 0.5 1 1 1
1 P_2 1042 1042 0.5 0.5 0.5 1 1 1
1 P_2 1043 1043 0 0 0 1 1 1
1 P_2 1044 1044 0.1122195 0.2 0.3008735 1 1 1
1 P_2 1045 1045 0.5 0.5 0.5 1 1 1
1 P_2 1046 1046 0.5 0.5 0.5 1 1 1
1 P_2 1047 1047 0.5 0.5 0.5 1 1 1
1 P_2 1048 1048 0.5 0.5 0.5 1 1 1
1 P_2 1049 1049 0 0 0 1 1 1
1 P_2 1050 1050 0 0 0 1 1 1
1 P_2 1051 1051 0 0 0 1 1 1
1 P_2 1052 1052 0.5 0.5 0.5 1 1 1
1 P_2 1053 1053 0 0 0 1 1 1
1 P_2 1054 1054 0 0 0 1 1 1
1 P_2 1055 1055 0.5 0.5 0.5 1 1 1
1 P_2 1056 1056 0 0 0 1 1 1
1 P_2 1057 1057 0 0 0 1 1 1
1 P_2 1058 1058 0 0 0 1 1 1
1 P_2 1059 1059 0.5 0.5 0.5 1 1 1
1 P_2 1060 1060 0 0 0 1 1 1
1 P_2 1061 1061 0.5 0.5 0.5 1 1 1
1 P_2 1062 1062 0.5 0.5 0.5 1 1 1
1 P_2 1063 1063 0 0 0 1 1 1
1 P_2 1064 1064 0.5 0.5 0.5 1 1 1
1 P_2 1065 1065 0.5 0.5 0.5 1 1 1
1 P_2 1066 1066 0.2047465 0.2909090909090909 0.369081 1 1 1
1 P_2 1067 1067 0.5 0.5 0.5 1 1 1
1 P_2 1068 1068 0.5 0.5 0.5 1 1 1
1 P_2 1069 1069 0 0 0 1 1 1
1 P_2 1070 1070 0 0 0 1 1 1
1 P_2 1071 1071 0.1415515 0.2222222222222222 0.3084125 1 1 1
1 P_2 1072 1072 0 0 0 1 1 1
1 P_2 1073 1073 0 0 0 1 1 1
1 P_2 1074 1074 0 0 0 1 1 1
1 P_2 1075 1075 0 0 0 1 1 1
1 P_2 1076 1076 0 0 0 1 1 1
1 P_2 1077 1077 0 0 0 1 1 1
1 P_2 1078 1078 0.5 0.5 0.5 1 1 1
1 P_2 1079 1079 0.5 0.5 0.5 1 1 1
1 P_2 1080 1080 0.5 0.5 0.5 1 1 1
1 P_2 1081 1081 0 0 0 1 1 1
1 P_2 1082 1082 0 0 0 1 1 1
1 P_2 1083 1083 0 0 0 1 1 1
1 P_2 1084 1084 0.5 0.5 0.5 1 1 1
1 P_2 1085 1085 0.5 0.5 0.5 1 1 1
1 P_2 1086 1086 0.5 0.5 0.5 1 1 1
1 P_2 1087 1087 0.5 0.5 0.5 1 1 1
1 P_2 1088 1088 0 0 0 1 1 1
1 P_2 1089 1089 0.5 0.5 0.5 1 1 1
1 P_2 1090 1090 0.5 0.5 0.5 1 1 1
1 P_2 1091 1091 0.5 0.5 0.5 1 1 1
1 P_2 1092 1092 0.5 0.5 0.5 1 1 1
