10 #m
58 #n
0 P_1 0 0 0.5 0.5 0.5 1 1 1
0 P_1 1 1 0.5 0.5 0.5 1 1 1
0 P_1 2 2 0 0 0 1 1 1
0 P_1 3 3 0 0 0 1 1 1
0 P_1 4 4 0 0 0 1 1 1
0 P_1 5 5 0 0 0 1 1 1
0 P_1 6 6 0.5 0.5 0.5 1 1 1
0 P_1 7 7 0 0 0 1 1 1
0 P_1 8 8 0 0 0 1 1 1
0 P_1 9 9 0 0 0 1 1 1
0 P_1 10 10 0 0 0 1 1 1
0 P_1 11 11 0 0 0 1 1 1
0 P_1 12 12 0.5 0.5 0.5 1 1 1
0 P_1 13 13 0 0 0 1 1 1
0 P_1 14 14 0 0 0 1 1 1
0 P_1 15 15 0.5 0.5 0.5 1 1 1
0 P_1 16 16 0.5 0.5 0.5 1 1 1
0 P_1 17 17 0 0 0 1 1 1
0 P_1 18 18 0.5 0.5 0.5 1 1 1
0 P_1 19 19 0 0 0 1 1 1
0 P_1 20 20 0 0 0 1 1 1
0 P_1 21 21 0 0 0 1 1 1
0 P_1 22 22 0.5 0.5 0.5 1 1 1
0 P_1 23 23 0 0 0 1 1 1
0 P_1 24 24 0 0 0 1 1 1
0 P_1 25 25 0 0 0 1 1 1
0 P_1 26 26 0 0 0 1 1 1
0 P_1 27 27 0 0 0 1 1 1
0 P_1 28 28 0 0 0 1 1 1
0 P_1 29 29 0.5 0.5 0.5 1 1 1
0 P_1 30 30 0 0 0 1 1 1
0 P_1 31 31 0.5 0.5 0.5 1 1 1
0 P_1 32 32 0 0 0 1 1 1
0 P_1 33 33 0 0 0 1 1 1
0 P_1 34 34 0 0 0 1 1 1
0 P_1 35 35 0 0 0 1 1 1
0 P_1 36 36 0 0 0 1 1 1
0 P_1 37 37 0 0 0 1 1 1
0 P_1 38 38 0 0 0 1 1 1
0 P_1 39 39 0 0 0 1 1 1
0 P_1 40 40 0 0 0 1 1 1
0 P_1 41 41 0.5 0.5 0.5 1 1 1
0 P_1 42 42 0 0 0 1 1 1
0 P_1 43 43 0 0 0 1 1 1
0 P_1 44 44 0 0 0 1 1 1
0 P_1 45 45 0 0 0 1 1 1
0 P_1 46 46 0 0 0 1 1 1
0 P_1 47 47 0 0 0 1 1 1
0 P_1 48 48 0 0 0 1 1 1
0 P_1 49 49 0 0 0 1 1 1
0 P_1 50 50 0 0 0 1 1 1
0 P_1 51 51 0 0 0 1 1 1
0 P_1 52 52 0.5 0.5 0.5 1 1 1
0 P_1 53 53 0.5 0.5 0.5 1 1 1
0 P_1 54 54 0 0 0 1 1 1
0 P_1 55 55 0 0 0 1 1 1
0 P_1 56 56 0 0 0 1 1 1
0 P_1 57 57 0.5 0.5 0.5 1 1 1
1 P_5 0 0 0 0 0 1 1 1
1 P_5 1 1 0 0 0 1 1 1
1 P_5 2 2 0 0 0 1 1 1
1 P_5 3 3 0 0 0 1 1 1
1 P_5 4 4 0 0 0 1 1 1
1 P_5 5 5 0 0 0 1 1 1
1 P_5 6 6 0 0 0 1 1 1
1 P_5 7 7 0 0 0 1 1 1
1 P_5 8 8 0.0985305 0.11481113320079522 0.132633 1 1 1
1 P_5 9 9 0.3725465 0.3900990099009901 0.4060605 1 1 1
1 P_5 10 10 0 0 0 1 1 1
1 P_5 11 11 0 0 0 1 1 1
1 P_5 12 12 0 0 0 1 1 1
1 P_5 13 13 0 0 0 1 1 1
1 P_5 14 14 0 0 0 1 1 1
1 P_5 15 15 0.5 0.5 0.5 1 1 1
1 P_5 16 16 0.5 0.5 0.5 1 1 1
1 P_5 17 17 0.363043 0.3811681772406848 0.3977785 1 1 1
1 P_5 18 18 0.5 0.5 0.5 1 1 1
1 P_5 19 19 0.3613855 0.3792434529582929 0.395664 1 1 1
1 P_5 20 20 0 0 0 1 1 1
1 P_5 21 21 0.3570385 0.3751219512195122 0.3918055 1 1 1
1 P_5 22 22 0.5 0.5 0.5 1 1 1
1 P_5 23 23 0 0 0 1 1 1
1 P_5 24 24 0.100568 0.11694747274529237 0.134839 1 1 1
1 P_5 25 25 0 0 0 1 1 1
1 P_5 26 26 0 0 0 1 1 1
1 P_5 27 27 0 0 0 1 1 1
1 P_5 28 28 0.1122365 0.12892483349191247 0.1469345 1 1 1
1 P_5 29 29 0 0 0 1 1 1
1 P_5 30 30 0.5 0.5 0.5 1 1 1
1 P_5 31 31 0 0 0 1 1 1
1 P_5 32 32 0.35464 0.37280701754385964 0.3896015 1 1 1
1 P_5 33 33 0 0 0 1 1 1
1 P_5 34 34 0.1123145 0.12931885488647582 0.1476895 1 1 1
1 P_5 35 35 0 0 0 1 1 1
1 P_5 36 36 0 0 0 1 1 1
1 P_5 37 37 0 0 0 1 1 1
1 P_5 38 38 0 0 0 1 1 1
1 P_5 39 39 0 0 0 1 1 1
1 P_5 40 40 0 0 0 1 1 1
1 P_5 41 41 0 0 0 1 1 1
1 P_5 42 42 0 0 0 1 1 1
1 P_5 43 43 0.5 0.5 0.5 1 1 1
1 P_5 44 44 0 0 0 1 1 1
1 P_5 45 45 0 0 0 1 1 1
1 P_5 46 46 0.35918 0.378101402373247 0.3954385 1 1 1
1 P_5 47 47 0 0 0 1 1 1
1 P_5 48 48 0 0 0 1 1 1
1 P_5 49 49 0.360506 0.3785926660059465 0.395218 1 1 1
1 P_5 50 50 0 0 0 1 1 1
1 P_5 51 51 0 0 0 1 1 1
1 P_5 52 52 0 0 0 1 1 1
1 P_5 53 53 0 0 0 1 1 1
1 P_5 54 54 0 0 0 1 1 1
1 P_5 55 55 0 0 0 1 1 1
1 P_5 56 56 0 0 0 1 1 1
1 P_5 57 57 0 0 0 1 1 1
2 P_9 0 0 0.5 0.5 0.5 1 1 1
2 P_9 1 1 0.5 0.5 0.5 1 1 1
2 P_9 2 2 0 0 0 1 1 1
2 P_9 3 3 0 0 0 1 1 1
2 P_9 4 4 0 0 0 1 1 1
2 P_9 5 5 0 0 0 1 1 1
2 P_9 6 6 0.155864 0.17497456765005087 0.1949605 1 1 1
2 P_9 7 7 0 0 0 1 1 1
2 P_9 8 8 0 0 0 1 1 1
2 P_9 9 9 0 0 0 1 1 1
2 P_9 10 10 0 0 0 1 1 1
2 P_9 11 11 0 0 0 1 1 1
2 P_9 12 12 0.155995 0.17542016806722688 0.1957435 1 1 1
2 P_9 13 13 0 0 0 1 1 1
2 P_9 14 14 0 0 0 1 1 1
2 P_9 15 15 0.5 0.5 0.5 1 1 1
2 P_9 16 16 0.5 0.5 0.5 1 1 1
2 P_9 17 17 0 0 0 1 1 1
2 P_9 18 18 0.5 0.5 0.5 1 1 1
2 P_9 19 19 0 0 0 1 1 1
2 P_9 20 20 0 0 0 1 1 1
2 P_9 21 21 0 0 0 1 1 1
2 P_9 22 22 0.5 0.5 0.5 1 1 1
2 P_9 23 23 0 0 0 1 1 1
2 P_9 24 24 0 0 0 1 1 1
2 P_9 25 25 0 0 0 1 1 1
2 P_9 26 26 0 0 0 1 1 1
2 P_9 27 27 0 0 0 1 1 1
2 P_9 28 28 0 0 0 1 1 1
2 P_9 29 29 0.1651405 0.18461538461538463 0.204859 1 1 1
2 P_9 30 30 0 0 0 1 1 1
2 P_9 31 31 0.152956 0.17151162790697674 0.1909395 1 1 1
2 P_9 32 32 0 0 0 1 1 1
2 P_9 33 33 0 0 0 1 1 1
2 P_9 34 34 0 0 0 1 1 1
2 P_9 35 35 0 0 0 1 1 1
2 P_9 36 36 0 0 0 1 1 1
2 P_9 37 37 0 0 0 1 1 1
2 P_9 38 38 0.300093 0.32 0.339104 1 1 1
2 P_9 39 39 0.3036155 0.3236493374108053 0.342822 1 1 1
2 P_9 40 40 0 0 0 1 1 1
2 P_9 41 41 0.166849 0.1856060606060606 0.2050625 1 1 1
2 P_9 42 42 0 0 0 1 1 1
2 P_9 43 43 0 0 0 1 1 1
2 P_9 44 44 0 0 0 1 1 1
2 P_9 45 45 0 0 0 1 1 1
2 P_9 46 46 0 0 0 1 1 1
2 P_9 47 47 0 0 0 1 1 1
2 P_9 48 48 0 0 0 1 1 1
2 P_9 49 49 0 0 0 1 1 1
2 P_9 50 50 0 0 0 1 1 1
2 P_9 51 51 0 0 0 1 1 1
2 P_9 52 52 0.5 0.5 0.5 1 1 1
2 P_9 53 53 0.163988 0.18368421052631578 0.204181 1 1 1
2 P_9 54 54 0 0 0 1 1 1
2 P_9 55 55 0 0 0 1 1 1
2 P_9 56 56 0.309805 0.32938856015779094 0.348074 1 1 1
2 P_9 57 57 0.1492415 0.1682051282051282 0.188131 1 1 1
3 P_2 0 0 0 0 0 1 1 1
3 P_2 1 1 0 0 0 1 1 1
3 P_2 2 2 0 0 0 1 1 1
3 P_2 3 3 0 0 0 1 1 1
3 P_2 4 4 0.146157 0.16455078125 0.1839015 1 1 1
3 P_2 5 5 0.155602 0.17431640625 0.1938785 1 1 1
3 P_2 6 6 0 0 0 1 1 1
3 P_2 7 7 0.1513005 0.16970278044103548 0.188988 1 1 1
3 P_2 8 8 0.222025 0.2424089068825911 0.262881 1 1 1
3 P_2 9 9 0.0704715 0.08463796477495107 0.10066 1 1 1
3 P_2 10 10 0 0 0 1 1 1
3 P_2 11 11 0.139776 0.15815815815815815 0.177595 1 1 1
3 P_2 12 12 0 0 0 1 1 1
3 P_2 13 13 0 0 0 1 1 1
3 P_2 14 14 0 0 0 1 1 1
3 P_2 15 15 0.5 0.5 0.5 1 1 1
3 P_2 16 16 0.5 0.5 0.5 1 1 1
3 P_2 17 17 0.083651 0.09882583170254403 0.115697 1 1 1
3 P_2 18 18 0.311384 0.3311491935483871 0.3499765 1 1 1
3 P_2 19 19 0.074503 0.08921370967741936 0.105783 1 1 1
3 P_2 20 20 0 0 0 1 1 1
3 P_2 21 21 0 0 0 1 1 1
3 P_2 22 22 0.5 0.5 0.5 1 1 1
3 P_2 23 23 0.159672 0.17901234567901234 0.1991905 1 1 1
3 P_2 24 24 0.2172855 0.23773006134969324 0.2583185 1 1 1
3 P_2 25 25 0 0 0 1 1 1
3 P_2 26 26 0.15255 0.1716188524590164 0.1916085 1 1 1
3 P_2 27 27 0 0 0 1 1 1
3 P_2 28 28 0.2214455 0.24262295081967214 0.2638925 1 1 1
3 P_2 29 29 0 0 0 1 1 1
3 P_2 30 30 0.314479 0.3338192419825073 0.3522255 1 1 1
3 P_2 31 31 0 0 0 1 1 1
3 P_2 32 32 0.08105 0.09613478691774034 0.112968 1 1 1
3 P_2 33 33 0.144186 0.16280241935483872 0.182427 1 1 1
3 P_2 34 34 0.204658 0.2249488752556237 0.2455335 1 1 1
3 P_2 35 35 0.1539425 0.17284569138276554 0.1926355 1 1 1
3 P_2 36 36 0 0 0 1 1 1
3 P_2 37 37 0.1518435 0.17013232514177692 0.189287 1 1 1
3 P_2 38 38 0 0 0 1 1 1
3 P_2 39 39 0 0 0 1 1 1
3 P_2 40 40 0 0 0 1 1 1
3 P_2 41 41 0 0 0 1 1 1
3 P_2 42 42 0 0 0 1 1 1
3 P_2 43 43 0.316874 0.33605769230769234 0.3542925 1 1 1
3 P_2 44 44 0 0 0 1 1 1
3 P_2 45 45 0 0 0 1 1 1
3 P_2 46 46 0.0766945 0.09170081967213115 0.1085665 1 1 1
3 P_2 47 47 0.155563 0.1745 0.194303 1 1 1
3 P_2 48 48 0 0 0 1 1 1
3 P_2 49 49 0 0 0 1 1 1
3 P_2 50 50 0.1503905 0.16940451745379878 0.1893675 1 1 1
3 P_2 51 51 0 0 0 1 1 1
3 P_2 52 52 0 0 0 1 1 1
3 P_2 53 53 0 0 0 1 1 1
3 P_2 54 54 0 0 0 1 1 1
3 P_2 55 55 0 0 0 1 1 1
3 P_2 56 56 0 0 0 1 1 1
3 P_2 57 57 0 0 0 1 1 1
4 P_8 0 0 0.145175 0.16407867494824016 0.1840025 1 1 1
4 P_8 1 1 0.138704 0.15709969788519637 0.1765685 1 1 1
4 P_8 2 2 0 0 0 1 1 1
4 P_8 3 3 0.0755065 0.09044193216855087 0.1072575 1 1 1
4 P_8 4 4 0 0 0 1 1 1
4 P_8 5 5 0 0 0 1 1 1
4 P_8 6 6 0 0 0 1 1 1
4 P_8 7 7 0.076555 0.09177215189873418 0.108903 1 1 1
4 P_8 8 8 0 0 0 1 1 1
4 P_8 9 9 0.08306 0.09847715736040609 0.115658 1 1 1
4 P_8 10 10 0.0745805 0.08978494623655914 0.106964 1 1 1
4 P_8 11 11 0 0 0 1 1 1
4 P_8 12 12 0 0 0 1 1 1
4 P_8 13 13 0 0 0 1 1 1
4 P_8 14 14 0.0877025 0.10383386581469649 0.1217495 1 1 1
4 P_8 15 15 0.5 0.5 0.5 1 1 1
4 P_8 16 16 0.5 0.5 0.5 1 1 1
4 P_8 17 17 0.092758 0.10898760330578512 0.126887 1 1 1
4 P_8 18 18 0.399041 0.4155440414507772 0.4300805 1 1 1
4 P_8 19 19 0.0819665 0.09742268041237113 0.1146825 1 1 1
4 P_8 20 20 0 0 0 1 1 1
4 P_8 21 21 0 0 0 1 1 1
4 P_8 22 22 0.5 0.5 0.5 1 1 1
4 P_8 23 23 0 0 0 1 1 1
4 P_8 24 24 0 0 0 1 1 1
4 P_8 25 25 0.1314845 0.14945382323733863 0.1685685 1 1 1
4 P_8 26 26 0 0 0 1 1 1
4 P_8 27 27 0 0 0 1 1 1
4 P_8 28 28 0 0 0 1 1 1
4 P_8 29 29 0 0 0 1 1 1
4 P_8 30 30 0.229103 0.24949596774193547 0.269895 1 1 1
4 P_8 31 31 0 0 0 1 1 1
4 P_8 32 32 0.0771355 0.091948310139165 0.1085625 1 1 1
4 P_8 33 33 0 0 0 1 1 1
4 P_8 34 34 0 0 0 1 1 1
4 P_8 35 35 0 0 0 1 1 1
4 P_8 36 36 0.078337 0.09340101522842639 0.110288 1 1 1
4 P_8 37 37 0 0 0 1 1 1
4 P_8 38 38 0.1362565 0.15471311475409835 0.174289 1 1 1
4 P_8 39 39 0.152095 0.17139852786540483 0.1916495 1 1 1
4 P_8 40 40 0.082379 0.09768378650553877 0.1147475 1 1 1
4 P_8 41 41 0 0 0 1 1 1
4 P_8 42 42 0 0 0 1 1 1
4 P_8 43 43 0.2249845 0.24617903930131005 0.2674215 1 1 1
4 P_8 44 44 0 0 0 1 1 1
4 P_8 45 45 0.115487 0.13261296660117877 0.1510615 1 1 1
4 P_8 46 46 0.0939455 0.11035564853556486 0.1284405 1 1 1
4 P_8 47 47 0 0 0 1 1 1
4 P_8 48 48 0.1219025 0.1395 0.158365 1 1 1
4 P_8 49 49 0 0 0 1 1 1
4 P_8 50 50 0.0669885 0.08126293995859213 0.09754 1 1 1
4 P_8 51 51 0.081955 0.09697855750487329 0.1137125 1 1 1
4 P_8 52 52 0.154338 0.17302052785923755 0.192566 1 1 1
4 P_8 53 53 0 0 0 1 1 1
4 P_8 54 54 0 0 0 1 1 1
4 P_8 55 55 0 0 0 1 1 1
4 P_8 56 56 0.1405 0.15886454183266932 0.17827 1 1 1
4 P_8 57 57 0 0 0 1 1 1
5 P_7 0 0 0.0915195 0.1073558648111332 0.1248185 1 1 1
5 P_7 1 1 0.0933215 0.1094704684317719 0.1272605 1 1 1
5 P_7 2 2 0.16386 0.18336776859504134 0.203665 1 1 1
5 P_7 3 3 0 0 0 1 1 1
5 P_7 4 4 0 0 0 1 1 1
5 P_7 5 5 0 0 0 1 1 1
5 P_7 6 6 0 0 0 1 1 1
5 P_7 7 7 0.1593015 0.17846309403437816 0.198454 1 1 1
5 P_7 8 8 0.1959815 0.2159318637274549 0.2362735 1 1 1
5 P_7 9 9 0 0 0 1 1 1
5 P_7 10 10 0 0 0 1 1 1
5 P_7 11 11 0 0 0 1 1 1
5 P_7 12 12 0 0 0 1 1 1
5 P_7 13 13 0.1538455 0.17303719008264462 0.1931405 1 1 1
5 P_7 14 14 0 0 0 1 1 1
5 P_7 15 15 0.5 0.5 0.5 1 1 1
5 P_7 16 16 0.5 0.5 0.5 1 1 1
5 P_7 17 17 0 0 0 1 1 1
5 P_7 18 18 0.310786 0.3302439024390244 0.348804 1 1 1
5 P_7 19 19 0 0 0 1 1 1
5 P_7 20 20 0.1789145 0.1985 0.218676 1 1 1
5 P_7 21 21 0 0 0 1 1 1
5 P_7 22 22 0.5 0.5 0.5 1 1 1
5 P_7 23 23 0 0 0 1 1 1
5 P_7 24 24 0.1968815 0.21686746987951808 0.2372345 1 1 1
5 P_7 25 25 0 0 0 1 1 1
5 P_7 26 26 0 0 0 1 1 1
5 P_7 27 27 0.1670495 0.18665977249224405 0.207021 1 1 1
5 P_7 28 28 0.1937025 0.21357285429141717 0.23386 1 1 1
5 P_7 29 29 0 0 0 1 1 1
5 P_7 30 30 0.1932755 0.21334012219959267 0.2338325 1 1 1
5 P_7 31 31 0 0 0 1 1 1
5 P_7 32 32 0 0 0 1 1 1
5 P_7 33 33 0 0 0 1 1 1
5 P_7 34 34 0.18482 0.20485036119711042 0.225415 1 1 1
5 P_7 35 35 0 0 0 1 1 1
5 P_7 36 36 0 0 0 1 1 1
5 P_7 37 37 0 0 0 1 1 1
5 P_7 38 38 0.0876725 0.10366492146596859 0.121414 1 1 1
5 P_7 39 39 0.09142 0.10732196589769308 0.124865 1 1 1
5 P_7 40 40 0 0 0 1 1 1
5 P_7 41 41 0 0 0 1 1 1
5 P_7 42 42 0.157658 0.17655786350148367 0.196291 1 1 1
5 P_7 43 43 0.1907385 0.21007604562737642 0.229849 1 1 1
5 P_7 44 44 0.1697545 0.18869731800766285 0.2083135 1 1 1
5 P_7 45 45 0 0 0 1 1 1
5 P_7 46 46 0 0 0 1 1 1
5 P_7 47 47 0 0 0 1 1 1
5 P_7 48 48 0 0 0 1 1 1
5 P_7 49 49 0 0 0 1 1 1
5 P_7 50 50 0.16971 0.18898809523809523 0.20896 1 1 1
5 P_7 51 51 0 0 0 1 1 1
5 P_7 52 52 0.0828755 0.09862142099681867 0.116208 1 1 1
5 P_7 53 53 0 0 0 1 1 1
5 P_7 54 54 0.168071 0.1871345029239766 0.206901 1 1 1
5 P_7 55 55 0.154286 0.17313432835820897 0.1928595 1 1 1
5 P_7 56 56 0.093249 0.10955347871235721 0.12753 1 1 1
5 P_7 57 57 0 0 0 1 1 1
6 P_4 0 0 0.2436225 0.26328052190121154 0.2827965 1 1 1
6 P_4 1 1 0.2386515 0.2589641434262948 0.2791745 1 1 1
6 P_4 2 2 0 0 0 1 1 1
6 P_4 3 3 0 0 0 1 1 1
6 P_4 4 4 0 0 0 1 1 1
6 P_4 5 5 0 0 0 1 1 1
6 P_4 6 6 0 0 0 1 1 1
6 P_4 7 7 0 0 0 1 1 1
6 P_4 8 8 0.2210165 0.24125874125874125 0.261601 1 1 1
6 P_4 9 9 0 0 0 1 1 1
6 P_4 10 10 0 0 0 1 1 1
6 P_4 11 11 0 0 0 1 1 1
6 P_4 12 12 0 0 0 1 1 1
6 P_4 13 13 0 0 0 1 1 1
6 P_4 14 14 0 0 0 1 1 1
6 P_4 15 15 0.5 0.5 0.5 1 1 1
6 P_4 16 16 0.5 0.5 0.5 1 1 1
6 P_4 17 17 0 0 0 1 1 1
6 P_4 18 18 0.5 0.5 0.5 1 1 1
6 P_4 19 19 0 0 0 1 1 1
6 P_4 20 20 0 0 0 1 1 1
6 P_4 21 21 0 0 0 1 1 1
6 P_4 22 22 0.5 0.5 0.5 1 1 1
6 P_4 23 23 0 0 0 1 1 1
6 P_4 24 24 0.219522 0.2395121951219512 0.25962 1 1 1
6 P_4 25 25 0 0 0 1 1 1
6 P_4 26 26 0 0 0 1 1 1
6 P_4 27 27 0 0 0 1 1 1
6 P_4 28 28 0.2294285 0.24906542056074765 0.2687125 1 1 1
6 P_4 29 29 0 0 0 1 1 1
6 P_4 30 30 0.212004 0.23228744939271256 0.2527765 1 1 1
6 P_4 31 31 0 0 0 1 1 1
6 P_4 32 32 0 0 0 1 1 1
6 P_4 33 33 0 0 0 1 1 1
6 P_4 34 34 0.2138305 0.2344074844074844 0.2551705 1 1 1
6 P_4 35 35 0 0 0 1 1 1
6 P_4 36 36 0 0 0 1 1 1
6 P_4 37 37 0 0 0 1 1 1
6 P_4 38 38 0.2411485 0.26156941649899396 0.2818565 1 1 1
6 P_4 39 39 0.2290375 0.24903100775193798 0.269035 1 1 1
6 P_4 40 40 0 0 0 1 1 1
6 P_4 41 41 0 0 0 1 1 1
6 P_4 42 42 0 0 0 1 1 1
6 P_4 43 43 0.1990635 0.21909547738693466 0.2394835 1 1 1
6 P_4 44 44 0 0 0 1 1 1
6 P_4 45 45 0 0 0 1 1 1
6 P_4 46 46 0 0 0 1 1 1
6 P_4 47 47 0 0 0 1 1 1
6 P_4 48 48 0 0 0 1 1 1
6 P_4 49 49 0 0 0 1 1 1
6 P_4 50 50 0 0 0 1 1 1
6 P_4 51 51 0 0 0 1 1 1
6 P_4 52 52 0.245017 0.26564102564102565 0.286081 1 1 1
6 P_4 53 53 0 0 0 1 1 1
6 P_4 54 54 0 0 0 1 1 1
6 P_4 55 55 0 0 0 1 1 1
6 P_4 56 56 0.2504575 0.2711340206185567 0.2915605 1 1 1
6 P_4 57 57 0 0 0 1 1 1
7 P_6 0 0 0.1903765 0.21036585365853658 0.2308175 1 1 1
7 P_6 1 1 0.1896845 0.2095 0.22978 1 1 1
7 P_6 2 2 0 0 0 1 1 1
7 P_6 3 3 0 0 0 1 1 1
7 P_6 4 4 0 0 0 1 1 1
7 P_6 5 5 0 0 0 1 1 1
7 P_6 6 6 0 0 0 1 1 1
7 P_6 7 7 0 0 0 1 1 1
7 P_6 8 8 0 0 0 1 1 1
7 P_6 9 9 0 0 0 1 1 1
7 P_6 10 10 0 0 0 1 1 1
7 P_6 11 11 0 0 0 1 1 1
7 P_6 12 12 0 0 0 1 1 1
7 P_6 13 13 0 0 0 1 1 1
7 P_6 14 14 0 0 0 1 1 1
7 P_6 15 15 0.5 0.5 0.5 1 1 1
7 P_6 16 16 0.5 0.5 0.5 1 1 1
7 P_6 17 17 0 0 0 1 1 1
7 P_6 18 18 0.5 0.5 0.5 1 1 1
7 P_6 19 19 0 0 0 1 1 1
7 P_6 20 20 0 0 0 1 1 1
7 P_6 21 21 0 0 0 1 1 1
7 P_6 22 22 0.5 0.5 0.5 1 1 1
7 P_6 23 23 0 0 0 1 1 1
7 P_6 24 24 0 0 0 1 1 1
7 P_6 25 25 0.270137 0.2903066271018793 0.310019 1 1 1
7 P_6 26 26 0 0 0 1 1 1
7 P_6 27 27 0 0 0 1 1 1
7 P_6 28 28 0 0 0 1 1 1
7 P_6 29 29 0 0 0 1 1 1
7 P_6 30 30 0.286051 0.305992141453831 0.3253025 1 1 1
7 P_6 31 31 0 0 0 1 1 1
7 P_6 32 32 0 0 0 1 1 1
7 P_6 33 33 0 0 0 1 1 1
7 P_6 34 34 0 0 0 1 1 1
7 P_6 35 35 0 0 0 1 1 1
7 P_6 36 36 0 0 0 1 1 1
7 P_6 37 37 0 0 0 1 1 1
7 P_6 38 38 0.2030225 0.22311557788944725 0.2435185 1 1 1
7 P_6 39 39 0.194461 0.21428571428571427 0.2345165 1 1 1
7 P_6 40 40 0 0 0 1 1 1
7 P_6 41 41 0 0 0 1 1 1
7 P_6 42 42 0 0 0 1 1 1
7 P_6 43 43 0.260988 0.2816032887975334 0.301846 1 1 1
7 P_6 44 44 0 0 0 1 1 1
7 P_6 45 45 0.2654125 0.2857142857142857 0.305607 1 1 1
7 P_6 46 46 0 0 0 1 1 1
7 P_6 47 47 0 0 0 1 1 1
7 P_6 48 48 0.2569685 0.2776628748707342 0.2980295 1 1 1
7 P_6 49 49 0 0 0 1 1 1
7 P_6 50 50 0 0 0 1 1 1
7 P_6 51 51 0 0 0 1 1 1
7 P_6 52 52 0.1870765 0.2064176245210728 0.226238 1 1 1
7 P_6 53 53 0 0 0 1 1 1
7 P_6 54 54 0 0 0 1 1 1
7 P_6 55 55 0 0 0 1 1 1
7 P_6 56 56 0.208505 0.22874493927125505 0.249232 1 1 1
7 P_6 57 57 0 0 0 1 1 1
8 P_3 0 0 0 0 0 1 1 1
8 P_3 1 1 0 0 0 1 1 1
8 P_3 2 2 0.3884045 0.4051383399209486 0.4201145 1 1 1
8 P_3 3 3 0 0 0 1 1 1
8 P_3 4 4 0 0 0 1 1 1
8 P_3 5 5 0 0 0 1 1 1
8 P_3 6 6 0 0 0 1 1 1
8 P_3 7 7 0.372393 0.3897485493230174 0.4055545 1 1 1
8 P_3 8 8 0 0 0 1 1 1
8 P_3 9 9 0 0 0 1 1 1
8 P_3 10 10 0 0 0 1 1 1
8 P_3 11 11 0 0 0 1 1 1
8 P_3 12 12 0 0 0 1 1 1
8 P_3 13 13 0.381416 0.39868951612903225 0.4142445 1 1 1
8 P_3 14 14 0 0 0 1 1 1
8 P_3 15 15 0.5 0.5 0.5 1 1 1
8 P_3 16 16 0.5 0.5 0.5 1 1 1
8 P_3 17 17 0 0 0 1 1 1
8 P_3 18 18 0.090404 0.10615079365079365 0.123534 1 1 1
8 P_3 19 19 0 0 0 1 1 1
8 P_3 20 20 0.3832555 0.40029761904761907 0.41563 1 1 1
8 P_3 21 21 0 0 0 1 1 1
8 P_3 22 22 0.5 0.5 0.5 1 1 1
8 P_3 23 23 0 0 0 1 1 1
8 P_3 24 24 0 0 0 1 1 1
8 P_3 25 25 0.092079 0.108 0.1255495 1 1 1
8 P_3 26 26 0 0 0 1 1 1
8 P_3 27 27 0.3729335 0.390625 0.406691 1 1 1
8 P_3 28 28 0 0 0 1 1 1
8 P_3 29 29 0 0 0 1 1 1
8 P_3 30 30 0.0832755 0.0985985985985986 0.1156595 1 1 1
8 P_3 31 31 0 0 0 1 1 1
8 P_3 32 32 0 0 0 1 1 1
8 P_3 33 33 0 0 0 1 1 1
8 P_3 34 34 0 0 0 1 1 1
8 P_3 35 35 0 0 0 1 1 1
8 P_3 36 36 0 0 0 1 1 1
8 P_3 37 37 0 0 0 1 1 1
8 P_3 38 38 0 0 0 1 1 1
8 P_3 39 39 0 0 0 1 1 1
8 P_3 40 40 0 0 0 1 1 1
8 P_3 41 41 0 0 0 1 1 1
8 P_3 42 42 0.392391 0.409 0.423786 1 1 1
8 P_3 43 43 0.0853625 0.10102564102564103 0.1184405 1 1 1
8 P_3 44 44 0.377629 0.3947623666343356 0.4102855 1 1 1
8 P_3 45 45 0.0883185 0.10362941738299905 0.1205435 1 1 1
8 P_3 46 46 0 0 0 1 1 1
8 P_3 47 47 0 0 0 1 1 1
8 P_3 48 48 0.090249 0.10585365853658536 0.123071 1 1 1
8 P_3 49 49 0 0 0 1 1 1
8 P_3 50 50 0.3710935 0.3888888888888889 0.4050755 1 1 1
8 P_3 51 51 0 0 0 1 1 1
8 P_3 52 52 0 0 0 1 1 1
8 P_3 53 53 0 0 0 1 1 1
8 P_3 54 54 0.395328 0.4119144602851324 0.4266105 1 1 1
8 P_3 55 55 0.3780645 0.3950381679389313 0.410425 1 1 1
8 P_3 56 56 0 0 0 1 1 1
8 P_3 57 57 0 0 0 1 1 1
9 P_0 0 0 0 0 0 1 1 1
9 P_0 1 1 0 0 0 1 1 1
9 P_0 2 2 0.5 0.5 0.5 1 1 1
9 P_0 3 3 0 0 0 1 1 1
9 P_0 4 4 0 0 0 1 1 1
9 P_0 5 5 0 0 0 1 1 1
9 P_0 6 6 0 0 0 1 1 1
9 P_0 7 7 0.5 0.5 0.5 1 1 1
9 P_0 8 8 0 0 0 1 1 1
9 P_0 9 9 0 0 0 1 1 1
9 P_0 10 10 0 0 0 1 1 1
9 P_0 11 11 0 0 0 1 1 1
9 P_0 12 12 0 0 0 1 1 1
9 P_0 13 13 0.5 0.5 0.5 1 1 1
9 P_0 14 14 0 0 0 1 1 1
9 P_0 15 15 0.5 0.5 0.5 1 1 1
9 P_0 16 16 0.5 0.5 0.5 1 1 1
9 P_0 17 17 0 0 0 1 1 1
9 P_0 18 18 0 0 0 1 1 1
9 P_0 19 19 0 0 0 1 1 1
9 P_0 20 20 0.5 0.5 0.5 1 1 1
9 P_0 21 21 0 0 0 1 1 1
9 P_0 22 22 0.5 0.5 0.5 1 1 1
9 P_0 23 23 0 0 0 1 1 1
9 P_0 24 24 0 0 0 1 1 1
9 P_0 25 25 0 0 0 1 1 1
9 P_0 26 26 0 0 0 1 1 1
9 P_0 27 27 0.5 0.5 0.5 1 1 1
9 P_0 28 28 0 0 0 1 1 1
9 P_0 29 29 0 0 0 1 1 1
9 P_0 30 30 0 0 0 1 1 1
9 P_0 31 31 0 0 0 1 1 1
9 P_0 32 32 0 0 0 1 1 1
9 P_0 33 33 0 0 0 1 1 1
9 P_0 34 34 0 0 0 1 1 1
9 P_0 35 35 0 0 0 1 1 1
9 P_0 36 36 0 0 0 1 1 1
9 P_0 37 37 0 0 0 1 1 1
9 P_0 38 38 0 0 0 1 1 1
9 P_0 39 39 0 0 0 1 1 1
9 P_0 40 40 0 0 0 1 1 1
9 P_0 41 41 0 0 0 1 1 1
9 P_0 42 42 0.5 0.5 0.5 1 1 1
9 P_0 43 43 0 0 0 1 1 1
9 P_0 44 44 0.5 0.5 0.5 1 1 1
9 P_0 45 45 0 0 0 1 1 1
9 P_0 46 46 0 0 0 1 1 1
9 P_0 47 47 0 0 0 1 1 1
9 P_0 48 48 0 0 0 1 1 1
9 P_0 49 49 0 0 0 1 1 1
9 P_0 50 50 0.5 0.5 0.5 1 1 1
9 P_0 51 51 0 0 0 1 1 1
9 P_0 52 52 0 0 0 1 1 1
9 P_0 53 53 0 0 0 1 1 1
9 P_0 54 54 0.5 0.5 0.5 1 1 1
9 P_0 55 55 0.5 0.5 0.5 1 1 1
9 P_0 56 56 0 0 0 1 1 1
9 P_0 57 57 0 0 0 1 1 1
