5 #m
13 #n
0 P_4 0 0 0.5 0.5 0.5 1 1 1
0 P_4 1 1 0.199182 0.2623762376237624 0.324212 1 1 1
0 P_4 2 2 0.1871135 0.25 0.3128865 1 1 1
0 P_4 3 3 0.0832265 0.13440860215053763 0.199312 1 1 1
0 P_4 4 4 0.1330675 0.19753086419753085 0.269107 1 1 1
0 P_4 5 5 0.188566 0.25949367088607594 0.329103 1 1 1
0 P_4 6 6 0.215781 0.28191489361702127 0.3442965 1 1 1
0 P_4 7 7 0.144218 0.20408163265306123 0.269132 1 1 1
0 P_4 8 8 0 0 0 1 1 1
0 P_4 9 9 0.196184 0.2602040816326531 0.3230715 1 1 1
0 P_4 10 10 0.070906 0.1206896551724138 0.1868305 1 1 1
0 P_4 11 11 0.090634 0.1407766990291262 0.2026745 1 1 1
0 P_4 12 12 0.2399065 0.3 0.3552525 1 1 1
1 P_6 0 0 0.5 0.5 0.5 1 1 1
1 P_6 1 1 0.211311 0.27403846153846156 0.3342015 1 1 1
1 P_6 2 2 0.01909785 0.045454545454545456 0.094576 1 1 1
1 P_6 3 3 0.077201 0.12777777777777777 0.193324 1 1 1
1 P_6 4 4 0.120354 0.1724137931034483 0.231921 1 1 1
1 P_6 5 5 0.2013915 0.265 0.3269465 1 1 1
1 P_6 6 6 0.2110315 0.275 0.3361985 1 1 1
1 P_6 7 7 0.1233655 0.17727272727272728 0.238529 1 1 1
1 P_6 8 8 0.02539065 0.05747126436781609 0.113829 1 1 1
1 P_6 9 9 0.204744 0.2727272727272727 0.337864 1 1 1
1 P_6 10 10 0.136784 0.1926605504587156 0.254383 1 1 1
1 P_6 11 11 0.0811575 0.13 0.1921275 1 1 1
1 P_6 12 12 0.1974255 0.25961538461538464 0.320779 1 1 1
2 P_1 0 0 0.5 0.5 0.5 1 1 1
2 P_1 1 1 0.3069255 0.3735632183908046 0.4245685 1 1 1
2 P_1 2 2 0.152179 0.21354166666666666 0.279105 1 1 1
2 P_1 3 3 0 0 0 1 1 1
2 P_1 4 4 0 0 0 1 1 1
2 P_1 5 5 0.322322 0.3858695652173913 0.4331275 1 1 1
2 P_1 6 6 0.330628 0.3917525773195876 0.436725 1 1 1
2 P_1 7 7 0 0 0 1 1 1
2 P_1 8 8 0 0 0 1 1 1
2 P_1 9 9 0.3154135 0.3738738738738739 0.4199325 1 1 1
2 P_1 10 10 0 0 0 1 1 1
2 P_1 11 11 0 0 0 1 1 1
2 P_1 12 12 0.3098395 0.37244897959183676 0.421237 1 1 1
3 P_7 0 0 0.5 0.5 0.5 1 1 1
3 P_7 1 1 0.3309505 0.3888888888888889 0.432554 1 1 1
3 P_7 2 2 0.21628 0.27631578947368424 0.333782 1 1 1
3 P_7 3 3 0 0 0 1 1 1
3 P_7 4 4 0 0 0 1 1 1
3 P_7 5 5 0.364979 0.4207920792079208 0.4579045 1 1 1
3 P_7 6 6 0.368205 0.4194915254237288 0.4548015 1 1 1
3 P_7 7 7 0 0 0 1 1 1
3 P_7 8 8 0 0 0 1 1 1
3 P_7 9 9 0.3514425 0.41208791208791207 0.453113 1 1 1
3 P_7 10 10 0 0 0 1 1 1
3 P_7 11 11 0 0 0 1 1 1
3 P_7 12 12 0.3600045 0.42045454545454547 0.4596085 1 1 1
4 P_8 0 0 0.5 0.5 0.5 1 1 1
4 P_8 1 1 0.044845 0.08421052631578947 0.1428315 1 1 1
4 P_8 2 2 0.0289701 0.05909090909090909 0.108444 1 1 1
4 P_8 3 3 0 0 0 1 1 1
4 P_8 4 4 0 0 0 1 1 1
4 P_8 5 5 0.0582615 0.1 0.157573 1 1 1
4 P_8 6 6 0.0551525 0.09615384615384616 0.153544 1 1 1
4 P_8 7 7 0 0 0 1 1 1
4 P_8 8 8 0 0 0 1 1 1
4 P_8 9 9 0.03181175 0.06666666666666667 0.123922 1 1 1
4 P_8 10 10 0 0 0 1 1 1
4 P_8 11 11 0 0 0 1 1 1
4 P_8 12 12 0.03692525 0.07291666666666667 0.129258 1 1 1
