5 #m
11 #n
0 P_6 0 0 0.5 0.5 0.5 1 1 1
0 P_6 1 1 0 0 0 1 1 1
0 P_6 2 2 0.5 0.5 0.5 1 1 1
0 P_6 3 3 0.412768 0.46 0.484104 1 1 1
0 P_6 4 4 0 0 0 1 1 1
0 P_6 5 5 0.5 0.5 0.5 1 1 1
0 P_6 6 6 0 0 0 1 1 1
0 P_6 7 7 0.176116 0.23958333333333334 0.304251 1 1 1
0 P_6 8 8 0.5 0.5 0.5 1 1 1
0 P_6 9 9 0 0 0 1 1 1
0 P_6 10 10 0 0 0 1 1 1
1 P_4 0 0 0.5 0.5 0.5 1 1 1
1 P_4 1 1 0.102866 0.1553398058252427 0.218003 1 1 1
1 P_4 2 2 0.5 0.5 0.5 1 1 1
1 P_4 3 3 0.5 0.5 0.5 1 1 1
1 P_4 4 4 0.0879315 0.13679245283018868 0.197504 1 1 1
1 P_4 5 5 0.5 0.5 0.5 1 1 1
1 P_4 6 6 0.04570825 0.08415841584158416 0.140771 1 1 1
1 P_4 7 7 0.230504 0.30120481927710846 0.365124 1 1 1
1 P_4 8 8 0.5 0.5 0.5 1 1 1
1 P_4 9 9 0.0276685 0.0625 0.1229505 1 1 1
1 P_4 10 10 0.074143 0.11926605504587157 0.1777075 1 1 1
2 P_8 0 0 0.5 0.5 0.5 1 1 1
2 P_8 1 1 0 0 0 1 1 1
2 P_8 2 2 0.5 0.5 0.5 1 1 1
2 P_8 3 3 0.5 0.5 0.5 1 1 1
2 P_8 4 4 0 0 0 1 1 1
2 P_8 5 5 0.5 0.5 0.5 1 1 1
2 P_8 6 6 0.109365 0.16071428571428573 0.2209295 1 1 1
2 P_8 7 7 0.333921 0.3884297520661157 0.430191 1 1 1
2 P_8 8 8 0.5 0.5 0.5 1 1 1
2 P_8 9 9 0 0 0 1 1 1
2 P_8 10 10 0 0 0 1 1 1
3 P_9 0 0 0.5 0.5 0.5 1 1 1
3 P_9 1 1 0 0 0 1 1 1
3 P_9 2 2 0.5 0.5 0.5 1 1 1
3 P_9 3 3 0.3344035 0.388 0.4292825 1 1 1
3 P_9 4 4 0 0 0 1 1 1
3 P_9 5 5 0.5 0.5 0.5 1 1 1
3 P_9 6 6 0 0 0 1 1 1
3 P_9 7 7 0 0 0 1 1 1
3 P_9 8 8 0.5 0.5 0.5 1 1 1
3 P_9 9 9 0.095401 0.14893617021276595 0.2143485 1 1 1
3 P_9 10 10 0 0 0 1 1 1
4 P_3 0 0 0.5 0.5 0.5 1 1 1
4 P_3 1 1 0.104536 0.15486725663716813 0.214563 1 1 1
4 P_3 2 2 0.5 0.5 0.5 1 1 1
4 P_3 3 3 0.5 0.5 0.5 1 1 1
4 P_3 4 4 0.1148055 0.16822429906542055 0.2301295 1 1 1
4 P_3 5 5 0.5 0.5 0.5 1 1 1
4 P_3 6 6 0 0 0 1 1 1
4 P_3 7 7 0 0 0 1 1 1
4 P_3 8 8 0.5 0.5 0.5 1 1 1
4 P_3 9 9 0 0 0 1 1 1
4 P_3 10 10 0.1408965 0.19724770642201836 0.2589775 1 1 1
