2 #m
47 #n
0 P_3 0 0 0.5 0.5 0.5 1 1 1
0 P_3 1 1 0.109201 0.12598039215686274 0.1441545 1 1 1
0 P_3 2 2 0.0683995 0.08250497017892644 0.09852 1 1 1
0 P_3 3 3 0.067826 0.08191808191808192 0.0979355 1 1 1
0 P_3 4 4 0 0 0 1 1 1
0 P_3 5 5 0 0 0 1 1 1
0 P_3 6 6 0.168987 0.1884498480243161 0.208628 1 1 1
0 P_3 7 7 0.056984 0.07025641025641026 0.0856425 1 1 1
0 P_3 8 8 0.0393528 0.05055611729019211 0.064071 1 1 1
0 P_3 9 9 0.062651 0.07627118644067797 0.091877 1 1 1
0 P_3 10 10 0 0 0 1 1 1
0 P_3 11 11 0.163104 0.18217821782178217 0.2020225 1 1 1
0 P_3 12 12 0.158529 0.1779749478079332 0.198283 1 1 1
0 P_3 13 13 0 0 0 1 1 1
0 P_3 14 14 0.088366 0.10396039603960396 0.121213 1 1 1
0 P_3 15 15 0.5 0.5 0.5 1 1 1
0 P_3 16 16 0.5 0.5 0.5 1 1 1
0 P_3 17 17 0.0635085 0.0771513353115727 0.0927545 1 1 1
0 P_3 18 18 0.5 0.5 0.5 1 1 1
0 P_3 19 19 0 0 0 1 1 1
0 P_3 20 20 0.115561 0.1331945889698231 0.152222 1 1 1
0 P_3 21 21 0.0951805 0.11182108626198083 0.130149 1 1 1
0 P_3 22 22 0.5 0.5 0.5 1 1 1
0 P_3 23 23 0.1773775 0.19730010384215993 0.21785 1 1 1
0 P_3 24 24 0.0580065 0.07107843137254902 0.0861615 1 1 1
0 P_3 25 25 0 0 0 1 1 1
0 P_3 26 26 0 0 0 1 1 1
0 P_3 27 27 0.04273595 0.05451713395638629 0.068625 1 1 1
0 P_3 28 28 0.04571175 0.057692307692307696 0.071904 1 1 1
0 P_3 29 29 0.16438 0.1834817012858556 0.203338 1 1 1
0 P_3 30 30 0.065701 0.07987551867219916 0.0960735 1 1 1
0 P_3 31 31 0.160499 0.17937438905180841 0.1990415 1 1 1
0 P_3 32 32 0 0 0 1 1 1
0 P_3 33 33 0.090231 0.10591133004926108 0.12322 1 1 1
0 P_3 34 34 0 0 0 1 1 1
0 P_3 35 35 0.346504 0.36528758829465185 0.3827375 1 1 1
0 P_3 36 36 0.162825 0.1816860465116279 0.2013065 1 1 1
0 P_3 37 37 0 0 0 1 1 1
0 P_3 38 38 0.0397999 0.05118924508790072 0.064935 1 1 1
0 P_3 39 39 0 0 0 1 1 1
0 P_3 40 40 0 0 0 1 1 1
0 P_3 41 41 0.1667875 0.1857976653696498 0.205524 1 1 1
0 P_3 42 42 0.0749125 0.08951533135509397 0.1059385 1 1 1
0 P_3 43 43 0.1593725 0.1781219748305905 0.1976695 1 1 1
0 P_3 44 44 0 0 0 1 1 1
0 P_3 45 45 0 0 0 1 1 1
0 P_3 46 46 0.04152435 0.053180396246089674 0.0671885 1 1 1
1 P_7 0 0 0.5 0.5 0.5 1 1 1
1 P_7 1 1 0 0 0 1 1 1
1 P_7 2 2 0 0 0 1 1 1
1 P_7 3 3 0 0 0 1 1 1
1 P_7 4 4 0.323604 0.3430290872617854 0.361384 1 1 1
1 P_7 5 5 0.324801 0.34415584415584416 0.362432 1 1 1
1 P_7 6 6 0.1306995 0.1487437185929648 0.1679545 1 1 1
1 P_7 7 7 0 0 0 1 1 1
1 P_7 8 8 0 0 0 1 1 1
1 P_7 9 9 0 0 0 1 1 1
1 P_7 10 10 0.3211085 0.3403115871470302 0.358506 1 1 1
1 P_7 11 11 0.128561 0.14690451206715635 0.1664885 1 1 1
1 P_7 12 12 0.1417485 0.1601796407185629 0.1796385 1 1 1
1 P_7 13 13 0.32683449999999997 0.346077457795432 0.3642265 1 1 1
1 P_7 14 14 0 0 0 1 1 1
1 P_7 15 15 0.5 0.5 0.5 1 1 1
1 P_7 16 16 0.5 0.5 0.5 1 1 1
1 P_7 17 17 0 0 0 1 1 1
1 P_7 18 18 0.5 0.5 0.5 1 1 1
1 P_7 19 19 0 0 0 1 1 1
1 P_7 20 20 0 0 0 1 1 1
1 P_7 21 21 0.332811 0.35207700101317124 0.370157 1 1 1
1 P_7 22 22 0.5 0.5 0.5 1 1 1
1 P_7 23 23 0.134714 0.15313463514902365 0.172697 1 1 1
1 P_7 24 24 0 0 0 1 1 1
1 P_7 25 25 0 0 0 1 1 1
1 P_7 26 26 0.3278045 0.3472931562819203 0.365642 1 1 1
1 P_7 27 27 0 0 0 1 1 1
1 P_7 28 28 0 0 0 1 1 1
1 P_7 29 29 0.138813 0.15715715715715717 0.1765675 1 1 1
1 P_7 30 30 0 0 0 1 1 1
1 P_7 31 31 0.133184 0.15124378109452735 0.1704305 1 1 1
1 P_7 32 32 0 0 0 1 1 1
1 P_7 33 33 0 0 0 1 1 1
1 P_7 34 34 0 0 0 1 1 1
1 P_7 35 35 0.5 0.5 0.5 1 1 1
1 P_7 36 36 0.3182995 0.33783783783783783 0.356368 1 1 1
1 P_7 37 37 0.3236055 0.3427458617332035 0.3608505 1 1 1
1 P_7 38 38 0 0 0 1 1 1
1 P_7 39 39 0 0 0 1 1 1
1 P_7 40 40 0.3466545 0.3654233870967742 0.382858 1 1 1
1 P_7 41 41 0.156853 0.17587939698492464 0.19576 1 1 1
1 P_7 42 42 0 0 0 1 1 1
1 P_7 43 43 0.1279675 0.14545454545454545 0.164089 1 1 1
1 P_7 44 44 0.321786 0.3418803418803419 0.360849 1 1 1
1 P_7 45 45 0 0 0 1 1 1
1 P_7 46 46 0 0 0 1 1 1
