5 #m
62 #n
0 P_8 0 0 0 0 0 1 1 1
0 P_8 1 1 0.5 0.5 0.5 1 1 1
0 P_8 2 2 0 0 0 1 1 1
0 P_8 3 3 0 0 0 1 1 1
0 P_8 4 4 0.0091773 0.026785714285714284 0.066376 1 1 1
0 P_8 5 5 0 0 0 1 1 1
0 P_8 6 6 0 0 0 1 1 1
0 P_8 7 7 0 0 0 1 1 1
0 P_8 8 8 0.04291735 0.08241758241758242 0.142198 1 1 1
0 P_8 9 9 0 0 0 1 1 1
0 P_8 10 10 0 0 0 1 1 1
0 P_8 11 11 0 0 0 1 1 1
0 P_8 12 12 0.5 0.5 0.5 1 1 1
0 P_8 13 13 0 0 0 1 1 1
0 P_8 14 14 0.03038395 0.06190476190476191 0.1132455 1 1 1
0 P_8 15 15 0.5 0.5 0.5 1 1 1
0 P_8 16 16 0.5 0.5 0.5 1 1 1
0 P_8 17 17 0 0 0 1 1 1
0 P_8 18 18 0.394247 0.4424778761061947 0.4718165 1 1 1
0 P_8 19 19 0.364979 0.4207920792079208 0.4579045 1 1 1
0 P_8 20 20 0 0 0 1 1 1
0 P_8 21 21 0.5 0.5 0.5 1 1 1
0 P_8 22 22 0.5 0.5 0.5 1 1 1
0 P_8 23 23 0 0 0 1 1 1
0 P_8 24 24 0.5 0.5 0.5 1 1 1
0 P_8 25 25 0 0 0 1 1 1
0 P_8 26 26 0 0 0 1 1 1
0 P_8 27 27 0 0 0 1 1 1
0 P_8 28 28 0.5 0.5 0.5 1 1 1
0 P_8 29 29 0 0 0 1 1 1
0 P_8 30 30 0.413578 0.4603960396039604 0.48426400000000003 1 1 1
0 P_8 31 31 0.3764335 0.42924528301886794 0.46333 1 1 1
0 P_8 32 32 0.3867545 0.4380952380952381 0.469616 1 1 1
0 P_8 33 33 0 0 0 1 1 1
0 P_8 34 34 0.01962255 0.044642857142857144 0.0899645 1 1 1
0 P_8 35 35 0 0 0 1 1 1
0 P_8 36 36 0 0 0 1 1 1
0 P_8 37 37 0 0 0 1 1 1
0 P_8 38 38 0 0 0 1 1 1
0 P_8 39 39 0.5 0.5 0.5 1 1 1
0 P_8 40 40 0 0 0 1 1 1
0 P_8 41 41 0 0 0 1 1 1
0 P_8 42 42 0 0 0 1 1 1
0 P_8 43 43 0.5 0.5 0.5 1 1 1
0 P_8 44 44 0.5 0.5 0.5 1 1 1
0 P_8 45 45 0 0 0 1 1 1
0 P_8 46 46 0 0 0 1 1 1
0 P_8 47 47 0 0 0 1 1 1
0 P_8 48 48 0 0 0 1 1 1
0 P_8 49 49 0 0 0 1 1 1
0 P_8 50 50 0 0 0 1 1 1
0 P_8 51 51 0 0 0 1 1 1
0 P_8 52 52 0 0 0 1 1 1
0 P_8 53 53 0.01328655 0.03571428571428571 0.082181 1 1 1
0 P_8 54 54 0.01656865 0.041666666666666664 0.090629 1 1 1
0 P_8 55 55 0 0 0 1 1 1
0 P_8 56 56 0 0 0 1 1 1
0 P_8 57 57 0 0 0 1 1 1
0 P_8 58 58 0 0 0 1 1 1
0 P_8 59 59 0 0 0 1 1 1
0 P_8 60 60 0.403605 0.4536082474226804 0.480501 1 1 1
0 P_8 61 61 0.5 0.5 0.5 1 1 1
1 P_7 0 0 0 0 0 1 1 1
1 P_7 1 1 0.5 0.5 0.5 1 1 1
1 P_7 2 2 0 0 0 1 1 1
1 P_7 3 3 0 0 0 1 1 1
1 P_7 4 4 0 0 0 1 1 1
1 P_7 5 5 0.0420954 0.07920792079207921 0.135021 1 1 1
1 P_7 6 6 0.1939915 0.25757575757575757 0.3203125 1 1 1
1 P_7 7 7 0.161312 0.22527472527472528 0.2922365 1 1 1
1 P_7 8 8 0.01798825 0.04285714285714286 0.089508 1 1 1
1 P_7 9 9 0.0539855 0.09292035398230089 0.147301 1 1 1
1 P_7 10 10 0 0 0 1 1 1
1 P_7 11 11 0.102326 0.1590909090909091 0.227238 1 1 1
1 P_7 12 12 0.5 0.5 0.5 1 1 1
1 P_7 13 13 0 0 0 1 1 1
1 P_7 14 14 0 0 0 1 1 1
1 P_7 15 15 0.5 0.5 0.5 1 1 1
1 P_7 16 16 0.5 0.5 0.5 1 1 1
1 P_7 17 17 0 0 0 1 1 1
1 P_7 18 18 0.244402 0.3105263157894737 0.369607 1 1 1
1 P_7 19 19 0.205765 0.26521739130434785 0.3231965 1 1 1
1 P_7 20 20 0.01692695 0.0425531914893617 0.0924285 1 1 1
1 P_7 21 21 0.5 0.5 0.5 1 1 1
1 P_7 22 22 0.5 0.5 0.5 1 1 1
1 P_7 23 23 0.1203365 0.17676767676767677 0.2413895 1 1 1
1 P_7 24 24 0.5 0.5 0.5 1 1 1
1 P_7 25 25 0 0 0 1 1 1
1 P_7 26 26 0 0 0 1 1 1
1 P_7 27 27 0.01684635 0.04017857142857143 0.08424 1 1 1
1 P_7 28 28 0.5 0.5 0.5 1 1 1
1 P_7 29 29 0 0 0 1 1 1
1 P_7 30 30 0 0 0 1 1 1
1 P_7 31 31 0.2183875 0.2849462365591398 0.347354 1 1 1
1 P_7 32 32 0.2183605 0.28421052631578947 0.346079 1 1 1
1 P_7 33 33 0 0 0 1 1 1
1 P_7 34 34 0 0 0 1 1 1
1 P_7 35 35 0 0 0 1 1 1
1 P_7 36 36 0 0 0 1 1 1
1 P_7 37 37 0.2071915 0.27647058823529413 0.3423225 1 1 1
1 P_7 38 38 0.157078 0.21428571428571427 0.2750405 1 1 1
1 P_7 39 39 0.5 0.5 0.5 1 1 1
1 P_7 40 40 0.12082 0.17647058823529413 0.2401125 1 1 1
1 P_7 41 41 0 0 0 1 1 1
1 P_7 42 42 0.1421485 0.19736842105263158 0.257727 1 1 1
1 P_7 43 43 0.5 0.5 0.5 1 1 1
1 P_7 44 44 0.5 0.5 0.5 1 1 1
1 P_7 45 45 0.078114 0.12921348314606743 0.195266 1 1 1
1 P_7 46 46 0 0 0 1 1 1
1 P_7 47 47 0.214403 0.27310924369747897 0.329651 1 1 1
1 P_7 48 48 0 0 0 1 1 1
1 P_7 49 49 0.208143 0.2736842105263158 0.3364685 1 1 1
1 P_7 50 50 0 0 0 1 1 1
1 P_7 51 51 0.12941 0.18220338983050846 0.2413985 1 1 1
1 P_7 52 52 0 0 0 1 1 1
1 P_7 53 53 0 0 0 1 1 1
1 P_7 54 54 0 0 0 1 1 1
1 P_7 55 55 0 0 0 1 1 1
1 P_7 56 56 0 0 0 1 1 1
1 P_7 57 57 0 0 0 1 1 1
1 P_7 58 58 0.105517 0.16129032258064516 0.227598 1 1 1
1 P_7 59 59 0 0 0 1 1 1
1 P_7 60 60 0.2047445 0.26635514018691586 0.326268 1 1 1
1 P_7 61 61 0.5 0.5 0.5 1 1 1
2 P_4 0 0 0 0 0 1 1 1
2 P_4 1 1 0.5 0.5 0.5 1 1 1
2 P_4 2 2 0 0 0 1 1 1
2 P_4 3 3 0.5 0.5 0.5 1 1 1
2 P_4 4 4 0 0 0 1 1 1
2 P_4 5 5 0 0 0 1 1 1
2 P_4 6 6 0 0 0 1 1 1
2 P_4 7 7 0 0 0 1 1 1
2 P_4 8 8 0 0 0 1 1 1
2 P_4 9 9 0 0 0 1 1 1
2 P_4 10 10 0.5 0.5 0.5 1 1 1
2 P_4 11 11 0 0 0 1 1 1
2 P_4 12 12 0.5 0.5 0.5 1 1 1
2 P_4 13 13 0.5 0.5 0.5 1 1 1
2 P_4 14 14 0 0 0 1 1 1
2 P_4 15 15 0.5 0.5 0.5 1 1 1
2 P_4 16 16 0.5 0.5 0.5 1 1 1
2 P_4 17 17 0 0 0 1 1 1
2 P_4 18 18 0 0 0 1 1 1
2 P_4 19 19 0 0 0 1 1 1
2 P_4 20 20 0 0 0 1 1 1
2 P_4 21 21 0.5 0.5 0.5 1 1 1
2 P_4 22 22 0.5 0.5 0.5 1 1 1
2 P_4 23 23 0 0 0 1 1 1
2 P_4 24 24 0.5 0.5 0.5 1 1 1
2 P_4 25 25 0.5 0.5 0.5 1 1 1
2 P_4 26 26 0 0 0 1 1 1
2 P_4 27 27 0 0 0 1 1 1
2 P_4 28 28 0.5 0.5 0.5 1 1 1
2 P_4 29 29 0 0 0 1 1 1
2 P_4 30 30 0 0 0 1 1 1
2 P_4 31 31 0 0 0 1 1 1
2 P_4 32 32 0 0 0 1 1 1
2 P_4 33 33 0 0 0 1 1 1
2 P_4 34 34 0 0 0 1 1 1
2 P_4 35 35 0 0 0 1 1 1
2 P_4 36 36 0 0 0 1 1 1
2 P_4 37 37 0 0 0 1 1 1
2 P_4 38 38 0 0 0 1 1 1
2 P_4 39 39 0.5 0.5 0.5 1 1 1
2 P_4 40 40 0 0 0 1 1 1
2 P_4 41 41 0 0 0 1 1 1
2 P_4 42 42 0 0 0 1 1 1
2 P_4 43 43 0.5 0.5 0.5 1 1 1
2 P_4 44 44 0 0 0 1 1 1
2 P_4 45 45 0 0 0 1 1 1
2 P_4 46 46 0 0 0 1 1 1
2 P_4 47 47 0 0 0 1 1 1
2 P_4 48 48 0.5 0.5 0.5 1 1 1
2 P_4 49 49 0 0 0 1 1 1
2 P_4 50 50 0 0 0 1 1 1
2 P_4 51 51 0 0 0 1 1 1
2 P_4 52 52 0 0 0 1 1 1
2 P_4 53 53 0 0 0 1 1 1
2 P_4 54 54 0 0 0 1 1 1
2 P_4 55 55 0 0 0 1 1 1
2 P_4 56 56 0 0 0 1 1 1
2 P_4 57 57 0 0 0 1 1 1
2 P_4 58 58 0 0 0 1 1 1
2 P_4 59 59 0 0 0 1 1 1
2 P_4 60 60 0 0 0 1 1 1
2 P_4 61 61 0.5 0.5 0.5 1 1 1
3 P_9 0 0 0 0 0 1 1 1
3 P_9 1 1 0.5 0.5 0.5 1 1 1
3 P_9 2 2 0 0 0 1 1 1
3 P_9 3 3 0.1035795 0.16091954022988506 0.229535 1 1 1
3 P_9 4 4 0.0625805 0.10454545454545454 0.1611935 1 1 1
3 P_9 5 5 0.141826 0.20588235294117646 0.275651 1 1 1
3 P_9 6 6 0 0 0 1 1 1
3 P_9 7 7 0 0 0 1 1 1
3 P_9 8 8 0.1551535 0.21649484536082475 0.281659 1 1 1
3 P_9 9 9 0.0536425 0.095 0.153503 1 1 1
3 P_9 10 10 0.090311 0.1414141414141414 0.2046575 1 1 1
3 P_9 11 11 0 0 0 1 1 1
3 P_9 12 12 0.5 0.5 0.5 1 1 1
3 P_9 13 13 0.0906995 0.14444444444444443 0.211121 1 1 1
3 P_9 14 14 0.079486 0.12745098039215685 0.1887265 1 1 1
3 P_9 15 15 0.5 0.5 0.5 1 1 1
3 P_9 16 16 0.5 0.5 0.5 1 1 1
3 P_9 17 17 0 0 0 1 1 1
3 P_9 18 18 0.0746625 0.12244897959183673 0.1846315 1 1 1
3 P_9 19 19 0.0778615 0.12385321100917432 0.182697 1 1 1
3 P_9 20 20 0.089358 0.14 0.202822 1 1 1
3 P_9 21 21 0.5 0.5 0.5 1 1 1
3 P_9 22 22 0.5 0.5 0.5 1 1 1
3 P_9 23 23 0 0 0 1 1 1
3 P_9 24 24 0.5 0.5 0.5 1 1 1
3 P_9 25 25 0.091572 0.14215686274509803 0.204458 1 1 1
3 P_9 26 26 0 0 0 1 1 1
3 P_9 27 27 0.0531945 0.10135135135135136 0.1714295 1 1 1
3 P_9 28 28 0.5 0.5 0.5 1 1 1
3 P_9 29 29 0 0 0 1 1 1
3 P_9 30 30 0.087511 0.13725490196078433 0.1992465 1 1 1
3 P_9 31 31 0.0853865 0.13302752293577982 0.1925875 1 1 1
3 P_9 32 32 0.072952 0.11637931034482758 0.1726245 1 1 1
3 P_9 33 33 0 0 0 1 1 1
3 P_9 34 34 0.070158 0.11538461538461539 0.1749585 1 1 1
3 P_9 35 35 0 0 0 1 1 1
3 P_9 36 36 0 0 0 1 1 1
3 P_9 37 37 0 0 0 1 1 1
3 P_9 38 38 0 0 0 1 1 1
3 P_9 39 39 0.5 0.5 0.5 1 1 1
3 P_9 40 40 0 0 0 1 1 1
3 P_9 41 41 0 0 0 1 1 1
3 P_9 42 42 0 0 0 1 1 1
3 P_9 43 43 0.5 0.5 0.5 1 1 1
3 P_9 44 44 0.285714 0.3476190476190476 0.3992095 1 1 1
3 P_9 45 45 0 0 0 1 1 1
3 P_9 46 46 0 0 0 1 1 1
3 P_9 47 47 0 0 0 1 1 1
3 P_9 48 48 0.0976385 0.15104166666666666 0.2158425 1 1 1
3 P_9 49 49 0 0 0 1 1 1
3 P_9 50 50 0 0 0 1 1 1
3 P_9 51 51 0 0 0 1 1 1
3 P_9 52 52 0 0 0 1 1 1
3 P_9 53 53 0.047427 0.08888888888888889 0.150061 1 1 1
3 P_9 54 54 0.0613475 0.10377358490566038 0.161497 1 1 1
3 P_9 55 55 0 0 0 1 1 1
3 P_9 56 56 0 0 0 1 1 1
3 P_9 57 57 0 0 0 1 1 1
3 P_9 58 58 0 0 0 1 1 1
3 P_9 59 59 0 0 0 1 1 1
3 P_9 60 60 0.074143 0.11926605504587157 0.1777075 1 1 1
3 P_9 61 61 0.5 0.5 0.5 1 1 1
4 P_3 0 0 0 0 0 1 1 1
4 P_3 1 1 0.5 0.5 0.5 1 1 1
4 P_3 2 2 0 0 0 1 1 1
4 P_3 3 3 0 0 0 1 1 1
4 P_3 4 4 0 0 0 1 1 1
4 P_3 5 5 0.0998585 0.1483050847457627 0.2063515 1 1 1
4 P_3 6 6 0 0 0 1 1 1
4 P_3 7 7 0 0 0 1 1 1
4 P_3 8 8 0.078763 0.12755102040816327 0.1901605 1 1 1
4 P_3 9 9 0.0930235 0.14220183486238533 0.202366 1 1 1
4 P_3 10 10 0 0 0 1 1 1
4 P_3 11 11 0.1871135 0.25 0.3128865 1 1 1
4 P_3 12 12 0.5 0.5 0.5 1 1 1
4 P_3 13 13 0 0 0 1 1 1
4 P_3 14 14 0 0 0 1 1 1
4 P_3 15 15 0.5 0.5 0.5 1 1 1
4 P_3 16 16 0.5 0.5 0.5 1 1 1
4 P_3 17 17 0 0 0 1 1 1
4 P_3 18 18 0.0658775 0.1111111111111111 0.1718645 1 1 1
4 P_3 19 19 0.0832125 0.1308411214953271 0.19083 1 1 1
4 P_3 20 20 0.085241 0.135 0.1974915 1 1 1
4 P_3 21 21 0.5 0.5 0.5 1 1 1
4 P_3 22 22 0.5 0.5 0.5 1 1 1
4 P_3 23 23 0.1548955 0.21296296296296297 0.2748405 1 1 1
4 P_3 24 24 0.5 0.5 0.5 1 1 1
4 P_3 25 25 0 0 0 1 1 1
4 P_3 26 26 0 0 0 1 1 1
4 P_3 27 27 0.0870755 0.1377551020408163 0.2011065 1 1 1
4 P_3 28 28 0.5 0.5 0.5 1 1 1
4 P_3 29 29 0 0 0 1 1 1
4 P_3 30 30 0.067708 0.11274509803921569 0.172686 1 1 1
4 P_3 31 31 0.07712 0.12272727272727273 0.1811875 1 1 1
4 P_3 32 32 0.0802865 0.13414634146341464 0.203517 1 1 1
4 P_3 33 33 0 0 0 1 1 1
4 P_3 34 34 0 0 0 1 1 1
4 P_3 35 35 0 0 0 1 1 1
4 P_3 36 36 0 0 0 1 1 1
4 P_3 37 37 0 0 0 1 1 1
4 P_3 38 38 0.174411 0.2391304347826087 0.3051545 1 1 1
4 P_3 39 39 0.5 0.5 0.5 1 1 1
4 P_3 40 40 0.199669 0.26666666666666666 0.331621 1 1 1
4 P_3 41 41 0 0 0 1 1 1
4 P_3 42 42 0.1317345 0.19230769230769232 0.259878 1 1 1
4 P_3 43 43 0.5 0.5 0.5 1 1 1
4 P_3 44 44 0.5 0.5 0.5 1 1 1
4 P_3 45 45 0.2036515 0.2676767676767677 0.3297245 1 1 1
4 P_3 46 46 0 0 0 1 1 1
4 P_3 47 47 0 0 0 1 1 1
4 P_3 48 48 0 0 0 1 1 1
4 P_3 49 49 0 0 0 1 1 1
4 P_3 50 50 0 0 0 1 1 1
4 P_3 51 51 0.17118 0.23267326732673269 0.296068 1 1 1
4 P_3 52 52 0 0 0 1 1 1
4 P_3 53 53 0 0 0 1 1 1
4 P_3 54 54 0 0 0 1 1 1
4 P_3 55 55 0 0 0 1 1 1
4 P_3 56 56 0 0 0 1 1 1
4 P_3 57 57 0 0 0 1 1 1
4 P_3 58 58 0.1781545 0.24210526315789474 0.306975 1 1 1
4 P_3 59 59 0 0 0 1 1 1
4 P_3 60 60 0.0870755 0.1377551020408163 0.2011065 1 1 1
4 P_3 61 61 0.5 0.5 0.5 1 1 1
