5 #m
4 #n
0 P_0 0 0 0.5 0.5 0.5 1 1 1
0 P_0 1 1 0.0350459 0.06930693069306931 0.1233415 1 1 1
0 P_0 2 2 0 0 0 1 1 1
0 P_0 3 3 0.5 0.5 0.5 1 1 1
1 P_2 0 0 0.5 0.5 0.5 1 1 1
1 P_2 1 1 0 0 0 1 1 1
1 P_2 2 2 0 0 0 1 1 1
1 P_2 3 3 0.5 0.5 0.5 1 1 1
2 P_6 0 0 0.5 0.5 0.5 1 1 1
2 P_6 1 1 0 0 0 1 1 1
2 P_6 2 2 0 0 0 1 1 1
2 P_6 3 3 0.5 0.5 0.5 1 1 1
3 P_9 0 0 0.5 0.5 0.5 1 1 1
3 P_9 1 1 0.1528265 0.20634920634920634 0.2637405 1 1 1
3 P_9 2 2 0 0 0 1 1 1
3 P_9 3 3 0.5 0.5 0.5 1 1 1
4 P_7 0 0 0.5 0.5 0.5 1 1 1
4 P_7 1 1 0 0 0 1 1 1
4 P_7 2 2 0 0 0 1 1 1
4 P_7 3 3 0.5 0.5 0.5 1 1 1
