2 #m
60 #n
0 P_3 0 0 0.1164095 0.2 0.295348 1 1 1
0 P_3 1 1 0.2174595 0.32051282051282054 0.4046785 1 1 1
0 P_3 2 2 0.1419395 0.2153846153846154 0.2946115 1 1 1
0 P_3 3 3 0 0 0 1 1 1
0 P_3 4 4 0.1836175 0.26153846153846155 0.337532 1 1 1
0 P_3 5 5 0.103671 0.18604651162790697 0.284098 1 1 1
0 P_3 6 6 0 0 0 1 1 1
0 P_3 7 7 0 0 0 1 1 1
0 P_3 8 8 0.1792085 0.2636363636363636 0.3454005 1 1 1
0 P_3 9 9 0.1993205 0.29545454545454547 0.380677 1 1 1
0 P_3 10 10 0.129493 0.2236842105263158 0.3250955 1 1 1
0 P_3 11 11 0.172409 0.25 0.327591 1 1 1
0 P_3 12 12 0.1749365 0.26595744680851063 0.3533725 1 1 1
0 P_3 13 13 0.180401 0.28378378378378377 0.377672 1 1 1
0 P_3 14 14 0.14316 0.2375 0.335114 1 1 1
0 P_3 15 15 0.1542155 0.2571428571428571 0.3579595 1 1 1
0 P_3 16 16 0.5 0.5 0.5 1 1 1
0 P_3 17 17 0.164626 0.25 0.335374 1 1 1
0 P_3 18 18 0.1830465 0.27906976744186046 0.3679655 1 1 1
0 P_3 19 19 0.1961295 0.2818181818181818 0.361292 1 1 1
0 P_3 20 20 0.163767 0.25555555555555554 0.3460375 1 1 1
0 P_3 21 21 0.1028675 0.17592592592592593 0.2636975 1 1 1
0 P_3 22 22 0.1620885 0.2558139534883721 0.348114 1 1 1
0 P_3 23 23 0.18027 0.2708333333333333 0.356779 1 1 1
0 P_3 24 24 0.142309 0.22549019607843138 0.313807 1 1 1
0 P_3 25 25 0.185445 0.2755102040816326 0.3600285 1 1 1
0 P_3 26 26 0.2332175 0.3235294117647059 0.39844 1 1 1
0 P_3 27 27 0.214797 0.30851063829787234 0.3890055 1 1 1
0 P_3 28 28 0.2003045 0.28703703703703703 0.3664105 1 1 1
0 P_3 29 29 0 0 0 1 1 1
0 P_3 30 30 0.2363025 0.32407407407407407 0.3971325 1 1 1
0 P_3 31 31 0.204589 0.29591836734693877 0.377264 1 1 1
0 P_3 32 32 0.1529525 0.22727272727272727 0.3053345 1 1 1
0 P_3 33 33 0 0 0 1 1 1
0 P_3 34 34 0.219032 0.31 0.3881655 1 1 1
0 P_3 35 35 0.055376 0.12195121951219512 0.2212505 1 1 1
0 P_3 36 36 0 0 0 1 1 1
0 P_3 37 37 0.0216869 0.0625 0.144607 1 1 1
0 P_3 38 38 0.168005 0.26136363636363635 0.351994 1 1 1
0 P_3 39 39 0.1287065 0.2159090909090909 0.3112965 1 1 1
0 P_3 40 40 0.181311 0.28205128205128205 0.3742025 1 1 1
0 P_3 41 41 0.136869 0.22 0.309534 1 1 1
0 P_3 42 42 0.2098085 0.30434782608695654 0.386363 1 1 1
0 P_3 43 43 0 0 0 1 1 1
0 P_3 44 44 0 0 0 1 1 1
0 P_3 45 45 0.165594 0.2457627118644068 0.3267065 1 1 1
0 P_3 46 46 0.126069 0.2 0.282934 1 1 1
0 P_3 47 47 0.125622 0.20588235294117646 0.2953865 1 1 1
0 P_3 48 48 0.161462 0.25 0.338538 1 1 1
0 P_3 49 49 0.1846715 0.2765957446808511 0.36251 1 1 1
0 P_3 50 50 0 0 0 1 1 1
0 P_3 51 51 0 0 0 1 1 1
0 P_3 52 52 0 0 0 1 1 1
0 P_3 53 53 0.1620885 0.2558139534883721 0.348114 1 1 1
0 P_3 54 54 0.1902065 0.2698412698412698 0.346063 1 1 1
0 P_3 55 55 0.2174595 0.32051282051282054 0.4046785 1 1 1
0 P_3 56 56 0.165351 0.2553191489361702 0.344085 1 1 1
0 P_3 57 57 0 0 0 1 1 1
0 P_3 58 58 0.145479 0.23 0.31879 1 1 1
0 P_3 59 59 0 0 0 1 1 1
1 P_9 0 0 0.1320345 0.22093023255813954 0.3169535 1 1 1
1 P_9 1 1 0.214797 0.30851063829787234 0.3890055 1 1 1
1 P_9 2 2 0.1315995 0.21739130434782608 0.310699 1 1 1
1 P_9 3 3 0 0 0 1 1 1
1 P_9 4 4 0.190466 0.28 0.363131 1 1 1
1 P_9 5 5 0 0 0 1 1 1
1 P_9 6 6 0.2051625 0.3076923076923077 0.394766 1 1 1
1 P_9 7 7 0 0 0 1 1 1
1 P_9 8 8 0 0 0 1 1 1
1 P_9 9 9 0.168005 0.26136363636363635 0.351994 1 1 1
1 P_9 10 10 0.1415515 0.2222222222222222 0.3084125 1 1 1
1 P_9 11 11 0.163087 0.25 0.336913 1 1 1
1 P_9 12 12 0.1408225 0.22826086956521738 0.32071 1 1 1
1 P_9 13 13 0.085759 0.16279069767441862 0.2611905 1 1 1
1 P_9 14 14 0.1522705 0.23958333333333334 0.329205 1 1 1
1 P_9 15 15 0.172084 0.26 0.3457815 1 1 1
1 P_9 16 16 0.5 0.5 0.5 1 1 1
1 P_9 17 17 0.204668 0.29245283018867924 0.371655 1 1 1
1 P_9 18 18 0.145744 0.22413793103448276 0.307339 1 1 1
1 P_9 19 19 0.168005 0.26136363636363635 0.351994 1 1 1
1 P_9 20 20 0.163087 0.25 0.336913 1 1 1
1 P_9 21 21 0.109179 0.1810344827586207 0.2657055 1 1 1
1 P_9 22 22 0.161462 0.25 0.338538 1 1 1
1 P_9 23 23 0.145664 0.23809523809523808 0.3335095 1 1 1
1 P_9 24 24 0 0 0 1 1 1
1 P_9 25 25 0.1529525 0.22727272727272727 0.3053345 1 1 1
1 P_9 26 26 0.0934385 0.18055555555555555 0.287667 1 1 1
1 P_9 27 27 0.1101215 0.19318181818181818 0.2898805 1 1 1
1 P_9 28 28 0.172475 0.26744186046511625 0.358132 1 1 1
1 P_9 29 29 0.0106689 0.0392156862745098 0.111453 1 1 1
1 P_9 30 30 0.1910325 0.27884615384615385 0.360723 1 1 1
1 P_9 31 31 0.1515285 0.23214285714285715 0.3161875 1 1 1
1 P_9 32 32 0.156334 0.23684210526315788 0.3198365 1 1 1
1 P_9 33 33 0.0263206 0.06557377049180328 0.13737 1 1 1
1 P_9 34 34 0.1399715 0.22448979591836735 0.314555 1 1 1
1 P_9 35 35 0.02874635 0.07608695652173914 0.163319 1 1 1
1 P_9 36 36 0 0 0 1 1 1
1 P_9 37 37 0.086206 0.1568627450980392 0.247021 1 1 1
1 P_9 38 38 0.1040945 0.17543859649122806 0.260864 1 1 1
1 P_9 39 39 0.1821925 0.2804878048780488 0.3709755 1 1 1
1 P_9 40 40 0.1542185 0.24 0.327916 1 1 1
1 P_9 41 41 0.231929 0.3125 0.3824805 1 1 1
1 P_9 42 42 0.21051 0.30952380952380953 0.39363 1 1 1
1 P_9 43 43 0.0275141 0.07291666666666667 0.15737 1 1 1
1 P_9 44 44 0.185388 0.26666666666666666 0.344944 1 1 1
1 P_9 45 45 0.1476085 0.23076923076923078 0.3178875 1 1 1
1 P_9 46 46 0.18453 0.3 0.398535 1 1 1
1 P_9 47 47 0.1408225 0.22826086956521738 0.32071 1 1 1
1 P_9 48 48 0.165351 0.2553191489361702 0.344085 1 1 1
1 P_9 49 49 0.1669385 0.2459016393442623 0.3255915 1 1 1
1 P_9 50 50 0.0073351 0.03260869565217391 0.107274 1 1 1
1 P_9 51 51 0 0 0 1 1 1
1 P_9 52 52 0.190466 0.28 0.363131 1 1 1
1 P_9 53 53 0.1225365 0.20652173913043478 0.3005275 1 1 1
1 P_9 54 54 0.1700555 0.25 0.3299445 1 1 1
1 P_9 55 55 0.1262685 0.1984126984126984 0.279429 1 1 1
1 P_9 56 56 0.146602 0.22727272727272727 0.312383 1 1 1
1 P_9 57 57 0 0 0 1 1 1
1 P_9 58 58 0.1364355 0.23076923076923078 0.3302565 1 1 1
1 P_9 59 59 0.0206435 0.06578947368421052 0.161117 1 1 1
