2 #m
60 #n
0 P_3 0 0 0.105517 0.16129032258064516 0.227598 1 1 1
0 P_3 1 1 0 0 0 1 1 1
0 P_3 2 2 0 0 0 1 1 1
0 P_3 3 3 0.186702 0.24380165289256198 0.3014725 1 1 1
0 P_3 4 4 0 0 0 1 1 1
0 P_3 5 5 0.172697 0.22916666666666666 0.287572 1 1 1
0 P_3 6 6 0 0 0 1 1 1
0 P_3 7 7 0 0 0 1 1 1
0 P_3 8 8 0.2299235 0.29245283018867924 0.3505355 1 1 1
0 P_3 9 9 0.2239665 0.29213483146067415 0.355083 1 1 1
0 P_3 10 10 0 0 0 1 1 1
0 P_3 11 11 0 0 0 1 1 1
0 P_3 12 12 0 0 0 1 1 1
0 P_3 13 13 0.5 0.5 0.5 1 1 1
0 P_3 14 14 0 0 0 1 1 1
0 P_3 15 15 0.161312 0.22527472527472528 0.2922365 1 1 1
0 P_3 16 16 0.5 0.5 0.5 1 1 1
0 P_3 17 17 0 0 0 1 1 1
0 P_3 18 18 0 0 0 1 1 1
0 P_3 19 19 0 0 0 1 1 1
0 P_3 20 20 0 0 0 1 1 1
0 P_3 21 21 0 0 0 1 1 1
0 P_3 22 22 0.5 0.5 0.5 1 1 1
0 P_3 23 23 0 0 0 1 1 1
0 P_3 24 24 0.134141 0.1891891891891892 0.250329 1 1 1
0 P_3 25 25 0 0 0 1 1 1
0 P_3 26 26 0.5 0.5 0.5 1 1 1
0 P_3 27 27 0 0 0 1 1 1
0 P_3 28 28 0.2066605 0.2692307692307692 0.3297495 1 1 1
0 P_3 29 29 0 0 0 1 1 1
0 P_3 30 30 0.2183605 0.28421052631578947 0.346079 1 1 1
0 P_3 31 31 0.1899125 0.25 0.3100875 1 1 1
0 P_3 32 32 0 0 0 1 1 1
0 P_3 33 33 0 0 0 1 1 1
0 P_3 34 34 0 0 0 1 1 1
0 P_3 35 35 0.1508815 0.2127659574468085 0.279028 1 1 1
0 P_3 36 36 0 0 0 1 1 1
0 P_3 37 37 0 0 0 1 1 1
0 P_3 38 38 0 0 0 1 1 1
0 P_3 39 39 0 0 0 1 1 1
0 P_3 40 40 0 0 0 1 1 1
0 P_3 41 41 0 0 0 1 1 1
0 P_3 42 42 0.1799405 0.24056603773584906 0.30218 1 1 1
0 P_3 43 43 0 0 0 1 1 1
0 P_3 44 44 0.1510045 0.20952380952380953 0.2723215 1 1 1
0 P_3 45 45 0 0 0 1 1 1
0 P_3 46 46 0.1381695 0.19369369369369369 0.2548585 1 1 1
0 P_3 47 47 0 0 0 1 1 1
0 P_3 48 48 0.2131555 0.27956989247311825 0.3424715 1 1 1
0 P_3 49 49 0 0 0 1 1 1
0 P_3 50 50 0 0 0 1 1 1
0 P_3 51 51 0.131887 0.19148936170212766 0.2579705 1 1 1
0 P_3 52 52 0 0 0 1 1 1
0 P_3 53 53 0 0 0 1 1 1
0 P_3 54 54 0 0 0 1 1 1
0 P_3 55 55 0.24010600000000001 0.30392156862745096 0.361876 1 1 1
0 P_3 56 56 0 0 0 1 1 1
0 P_3 57 57 0 0 0 1 1 1
0 P_3 58 58 0 0 0 1 1 1
0 P_3 59 59 0 0 0 1 1 1
1 P_9 0 0 0 0 0 1 1 1
1 P_9 1 1 0.03403925 0.06914893617021277 0.1254595 1 1 1
1 P_9 2 2 0 0 0 1 1 1
1 P_9 3 3 0 0 0 1 1 1
1 P_9 4 4 0 0 0 1 1 1
1 P_9 5 5 0 0 0 1 1 1
1 P_9 6 6 0 0 0 1 1 1
1 P_9 7 7 0 0 0 1 1 1
1 P_9 8 8 0 0 0 1 1 1
1 P_9 9 9 0 0 0 1 1 1
1 P_9 10 10 0.3927265 0.4444444444444444 0.4744955 1 1 1
1 P_9 11 11 0.385079 0.43577981651376146 0.467593 1 1 1
1 P_9 12 12 0 0 0 1 1 1
1 P_9 13 13 0.5 0.5 0.5 1 1 1
1 P_9 14 14 0 0 0 1 1 1
1 P_9 15 15 0 0 0 1 1 1
1 P_9 16 16 0.5 0.5 0.5 1 1 1
1 P_9 17 17 0.0568555 0.09900990099009901 0.1577095 1 1 1
1 P_9 18 18 0 0 0 1 1 1
1 P_9 19 19 0.025244 0.055 0.1062755 1 1 1
1 P_9 20 20 0 0 0 1 1 1
1 P_9 21 21 0 0 0 1 1 1
1 P_9 22 22 0.5 0.5 0.5 1 1 1
1 P_9 23 23 0 0 0 1 1 1
1 P_9 24 24 0.3232775 0.3854166666666667 0.431969 1 1 1
1 P_9 25 25 0 0 0 1 1 1
1 P_9 26 26 0.5 0.5 0.5 1 1 1
1 P_9 27 27 0 0 0 1 1 1
1 P_9 28 28 0 0 0 1 1 1
1 P_9 29 29 0 0 0 1 1 1
1 P_9 30 30 0 0 0 1 1 1
1 P_9 31 31 0.5 0.5 0.5 1 1 1
1 P_9 32 32 0.0336749 0.06666666666666667 0.118983 1 1 1
1 P_9 33 33 0 0 0 1 1 1
1 P_9 34 34 0 0 0 1 1 1
1 P_9 35 35 0 0 0 1 1 1
1 P_9 36 36 0.364979 0.4207920792079208 0.4579045 1 1 1
1 P_9 37 37 0 0 0 1 1 1
1 P_9 38 38 0 0 0 1 1 1
1 P_9 39 39 0.0231176 0.05045871559633028 0.0980625 1 1 1
1 P_9 40 40 0 0 0 1 1 1
1 P_9 41 41 0 0 0 1 1 1
1 P_9 42 42 0 0 0 1 1 1
1 P_9 43 43 0 0 0 1 1 1
1 P_9 44 44 0.404401 0.45089285714285715 0.4775135 1 1 1
1 P_9 45 45 0 0 0 1 1 1
1 P_9 46 46 0 0 0 1 1 1
1 P_9 47 47 0 0 0 1 1 1
1 P_9 48 48 0 0 0 1 1 1
1 P_9 49 49 0.03261245 0.0663265306122449 0.120726 1 1 1
1 P_9 50 50 0.3849515 0.4418604651162791 0.474307 1 1 1
1 P_9 51 51 0.5 0.5 0.5 1 1 1
1 P_9 52 52 0 0 0 1 1 1
1 P_9 53 53 0 0 0 1 1 1
1 P_9 54 54 0 0 0 1 1 1
1 P_9 55 55 0 0 0 1 1 1
1 P_9 56 56 0 0 0 1 1 1
1 P_9 57 57 0 0 0 1 1 1
1 P_9 58 58 0.0504085 0.09090909090909091 0.1491755 1 1 1
1 P_9 59 59 0 0 0 1 1 1
