2 #m
561 #n
0 P_7 0 0 0.5 0.5 0.5 1 1 1
0 P_7 1 1 0 0 0 1 1 1
0 P_7 2 2 0 0 0 1 1 1
0 P_7 3 3 0.417088 0.43192948090107736 0.4447275 1 1 1
0 P_7 4 4 0 0 0 1 1 1
0 P_7 5 5 0.403538 0.41951710261569414 0.4335405 1 1 1
0 P_7 6 6 0 0 0 1 1 1
0 P_7 7 7 0 0 0 1 1 1
0 P_7 8 8 0 0 0 1 1 1
0 P_7 9 9 0 0 0 1 1 1
0 P_7 10 10 0.056219 0.06906614785992218 0.0839315 1 1 1
0 P_7 11 11 0.0680555 0.0820969337289812 0.0980425 1 1 1
0 P_7 12 12 0.5 0.5 0.5 1 1 1
0 P_7 13 13 0 0 0 1 1 1
0 P_7 14 14 0 0 0 1 1 1
0 P_7 15 15 0 0 0 1 1 1
0 P_7 16 16 0.423374 0.4377450980392157 0.4500055 1 1 1
0 P_7 17 17 0 0 0 1 1 1
0 P_7 18 18 0.057711 0.07092555331991952 0.086206 1 1 1
0 P_7 19 19 0.0574985 0.07077393075356415 0.0861415 1 1 1
0 P_7 20 20 0 0 0 1 1 1
0 P_7 21 21 0.5 0.5 0.5 1 1 1
0 P_7 22 22 0.5 0.5 0.5 1 1 1
0 P_7 23 23 0 0 0 1 1 1
0 P_7 24 24 0.0509085 0.06316297010607522 0.0774835 1 1 1
0 P_7 25 25 0 0 0 1 1 1
0 P_7 26 26 0.5 0.5 0.5 1 1 1
0 P_7 27 27 0 0 0 1 1 1
0 P_7 28 28 0 0 0 1 1 1
0 P_7 29 29 0.5 0.5 0.5 1 1 1
0 P_7 30 30 0.052036 0.06443798449612403 0.0789015 1 1 1
0 P_7 31 31 0 0 0 1 1 1
0 P_7 32 32 0.0653395 0.07929292929292929 0.095223 1 1 1
0 P_7 33 33 0 0 0 1 1 1
0 P_7 34 34 0.5 0.5 0.5 1 1 1
0 P_7 35 35 0.5 0.5 0.5 1 1 1
0 P_7 36 36 0.062754 0.07649442755825735 0.0922505 1 1 1
0 P_7 37 37 0 0 0 1 1 1
0 P_7 38 38 0 0 0 1 1 1
0 P_7 39 39 0.5 0.5 0.5 1 1 1
0 P_7 40 40 0 0 0 1 1 1
0 P_7 41 41 0.04867645 0.061139896373056994 0.0758465 1 1 1
0 P_7 42 42 0 0 0 1 1 1
0 P_7 43 43 0 0 0 1 1 1
0 P_7 44 44 0 0 0 1 1 1
0 P_7 45 45 0 0 0 1 1 1
0 P_7 46 46 0.5 0.5 0.5 1 1 1
0 P_7 47 47 0 0 0 1 1 1
0 P_7 48 48 0 0 0 1 1 1
0 P_7 49 49 0 0 0 1 1 1
0 P_7 50 50 0 0 0 1 1 1
0 P_7 51 51 0 0 0 1 1 1
0 P_7 52 52 0 0 0 1 1 1
0 P_7 53 53 0.4223445 0.4369959677419355 0.4494865 1 1 1
0 P_7 54 54 0 0 0 1 1 1
0 P_7 55 55 0.5 0.5 0.5 1 1 1
0 P_7 56 56 0 0 0 1 1 1
0 P_7 57 57 0 0 0 1 1 1
0 P_7 58 58 0 0 0 1 1 1
0 P_7 59 59 0.0548835 0.06797116374871266 0.083208 1 1 1
0 P_7 60 60 0.0619025 0.07490808823529412 0.0897595 1 1 1
0 P_7 61 61 0.5 0.5 0.5 1 1 1
0 P_7 62 62 0 0 0 1 1 1
0 P_7 63 63 0 0 0 1 1 1
0 P_7 64 64 0 0 0 1 1 1
0 P_7 65 65 0 0 0 1 1 1
0 P_7 66 66 0 0 0 1 1 1
0 P_7 67 67 0 0 0 1 1 1
0 P_7 68 68 0.0514945 0.06415478615071284 0.0789845 1 1 1
0 P_7 69 69 0 0 0 1 1 1
0 P_7 70 70 0 0 0 1 1 1
0 P_7 71 71 0.5 0.5 0.5 1 1 1
0 P_7 72 72 0.0573695 0.07056451612903226 0.085833 1 1 1
0 P_7 73 73 0.061782 0.07537688442211055 0.090984 1 1 1
0 P_7 74 74 0 0 0 1 1 1
0 P_7 75 75 0.406872 0.4225774225774226 0.436306 1 1 1
0 P_7 76 76 0.427687 0.44191919191919193 0.453929 1 1 1
0 P_7 77 77 0 0 0 1 1 1
0 P_7 78 78 0 0 0 1 1 1
0 P_7 79 79 0.050585 0.0632065775950668 0.0780285 1 1 1
0 P_7 80 80 0 0 0 1 1 1
0 P_7 81 81 0 0 0 1 1 1
0 P_7 82 82 0.059244 0.07232401157184185 0.0873685 1 1 1
0 P_7 83 83 0 0 0 1 1 1
0 P_7 84 84 0 0 0 1 1 1
0 P_7 85 85 0 0 0 1 1 1
0 P_7 86 86 0 0 0 1 1 1
0 P_7 87 87 0 0 0 1 1 1
0 P_7 88 88 0 0 0 1 1 1
0 P_7 89 89 0 0 0 1 1 1
0 P_7 90 90 0.054609 0.06758130081300813 0.0826785 1 1 1
0 P_7 91 91 0 0 0 1 1 1
0 P_7 92 92 0.5 0.5 0.5 1 1 1
0 P_7 93 93 0 0 0 1 1 1
0 P_7 94 94 0 0 0 1 1 1
0 P_7 95 95 0.058196 0.07135777998017839 0.0865495 1 1 1
0 P_7 96 96 0.5 0.5 0.5 1 1 1
0 P_7 97 97 0 0 0 1 1 1
0 P_7 98 98 0.059512 0.0729483282674772 0.0884415 1 1 1
0 P_7 99 99 0 0 0 1 1 1
0 P_7 100 100 0 0 0 1 1 1
0 P_7 101 101 0.056429 0.06888686131386862 0.08324 1 1 1
0 P_7 102 102 0 0 0 1 1 1
0 P_7 103 103 0 0 0 1 1 1
0 P_7 104 104 0 0 0 1 1 1
0 P_7 105 105 0.05988 0.07371794871794872 0.089715 1 1 1
0 P_7 106 106 0.052811 0.06528046421663443 0.0797985 1 1 1
0 P_7 107 107 0.05207 0.06469408224674023 0.079449 1 1 1
0 P_7 108 108 0 0 0 1 1 1
0 P_7 109 109 0.5 0.5 0.5 1 1 1
0 P_7 110 110 0.061249 0.07454017424975799 0.089779 1 1 1
0 P_7 111 111 0 0 0 1 1 1
0 P_7 112 112 0 0 0 1 1 1
0 P_7 113 113 0.052443 0.06515151515151515 0.0800005 1 1 1
0 P_7 114 114 0 0 0 1 1 1
0 P_7 115 115 0 0 0 1 1 1
0 P_7 116 116 0 0 0 1 1 1
0 P_7 117 117 0.056165 0.06920762286860582 0.084329 1 1 1
0 P_7 118 118 0 0 0 1 1 1
0 P_7 119 119 0 0 0 1 1 1
0 P_7 120 120 0.4124285 0.42778335005015045 0.4410935 1 1 1
0 P_7 121 121 0 0 0 1 1 1
0 P_7 122 122 0 0 0 1 1 1
0 P_7 123 123 0 0 0 1 1 1
0 P_7 124 124 0.413049 0.4284984678243105 0.4418575 1 1 1
0 P_7 125 125 0 0 0 1 1 1
0 P_7 126 126 0 0 0 1 1 1
0 P_7 127 127 0.5 0.5 0.5 1 1 1
0 P_7 128 128 0.4149995 0.42971698113207546 0.44249 1 1 1
0 P_7 129 129 0 0 0 1 1 1
0 P_7 130 130 0 0 0 1 1 1
0 P_7 131 131 0.4158365 0.43093093093093093 0.443949 1 1 1
0 P_7 132 132 0 0 0 1 1 1
0 P_7 133 133 0.0552595 0.0681592039800995 0.0831335 1 1 1
0 P_7 134 134 0 0 0 1 1 1
0 P_7 135 135 0.065036 0.07933972310969116 0.0957265 1 1 1
0 P_7 136 136 0 0 0 1 1 1
0 P_7 137 137 0.420707 0.43543543543543545 0.4480355 1 1 1
0 P_7 138 138 0 0 0 1 1 1
0 P_7 139 139 0.5 0.5 0.5 1 1 1
0 P_7 140 140 0 0 0 1 1 1
0 P_7 141 141 0 0 0 1 1 1
0 P_7 142 142 0.410272 0.42577733199598794 0.4392615 1 1 1
0 P_7 143 143 0.055994 0.0690524193548387 0.0842025 1 1 1
0 P_7 144 144 0.0587475 0.07207661290322581 0.087462 1 1 1
0 P_7 145 145 0.058629 0.07177974434611603 0.08694 1 1 1
0 P_7 146 146 0 0 0 1 1 1
0 P_7 147 147 0.0564905 0.06924546322827126 0.0839805 1 1 1
0 P_7 148 148 0 0 0 1 1 1
0 P_7 149 149 0 0 0 1 1 1
0 P_7 150 150 0 0 0 1 1 1
0 P_7 151 151 0 0 0 1 1 1
0 P_7 152 152 0 0 0 1 1 1
0 P_7 153 153 0.061033 0.07423371647509579 0.089365 1 1 1
0 P_7 154 154 0 0 0 1 1 1
0 P_7 155 155 0 0 0 1 1 1
0 P_7 156 156 0 0 0 1 1 1
0 P_7 157 157 0 0 0 1 1 1
0 P_7 158 158 0 0 0 1 1 1
0 P_7 159 159 0 0 0 1 1 1
0 P_7 160 160 0.5 0.5 0.5 1 1 1
0 P_7 161 161 0.5 0.5 0.5 1 1 1
0 P_7 162 162 0 0 0 1 1 1
0 P_7 163 163 0 0 0 1 1 1
0 P_7 164 164 0.0685115 0.08259149357072205 0.09857 1 1 1
0 P_7 165 165 0 0 0 1 1 1
0 P_7 166 166 0 0 0 1 1 1
0 P_7 167 167 0.4200105 0.4343720491029273 0.446737 1 1 1
0 P_7 168 168 0.5 0.5 0.5 1 1 1
0 P_7 169 169 0 0 0 1 1 1
0 P_7 170 170 0 0 0 1 1 1
0 P_7 171 171 0.0571405 0.07066950053134963 0.086383 1 1 1
0 P_7 172 172 0 0 0 1 1 1
0 P_7 173 173 0.052442 0.06526207605344296 0.080259 1 1 1
0 P_7 174 174 0 0 0 1 1 1
0 P_7 175 175 0 0 0 1 1 1
0 P_7 176 176 0 0 0 1 1 1
0 P_7 177 177 0 0 0 1 1 1
0 P_7 178 178 0.056754 0.07003089598352215 0.085433 1 1 1
0 P_7 179 179 0 0 0 1 1 1
0 P_7 180 180 0 0 0 1 1 1
0 P_7 181 181 0.0528705 0.06556556556556556 0.080377 1 1 1
0 P_7 182 182 0 0 0 1 1 1
0 P_7 183 183 0 0 0 1 1 1
0 P_7 184 184 0 0 0 1 1 1
0 P_7 185 185 0 0 0 1 1 1
0 P_7 186 186 0.0507205 0.06325910931174089 0.0779645 1 1 1
0 P_7 187 187 0.414969 0.43005952380952384 0.443102 1 1 1
0 P_7 188 188 0 0 0 1 1 1
0 P_7 189 189 0 0 0 1 1 1
0 P_7 190 190 0 0 0 1 1 1
0 P_7 191 191 0 0 0 1 1 1
0 P_7 192 192 0 0 0 1 1 1
0 P_7 193 193 0 0 0 1 1 1
0 P_7 194 194 0.053812 0.06634615384615385 0.080905 1 1 1
0 P_7 195 195 0.0587115 0.07224532224532225 0.0878975 1 1 1
0 P_7 196 196 0.0587475 0.07207661290322581 0.087462 1 1 1
0 P_7 197 197 0.056221 0.06922310756972111 0.0842895 1 1 1
0 P_7 198 198 0 0 0 1 1 1
0 P_7 199 199 0 0 0 1 1 1
0 P_7 200 200 0 0 0 1 1 1
0 P_7 201 201 0 0 0 1 1 1
0 P_7 202 202 0 0 0 1 1 1
0 P_7 203 203 0.055321 0.06818181818181818 0.0831025 1 1 1
0 P_7 204 204 0 0 0 1 1 1
0 P_7 205 205 0.4151735 0.4302788844621514 0.4433255 1 1 1
0 P_7 206 206 0 0 0 1 1 1
0 P_7 207 207 0.059646 0.0729064039408867 0.0881675 1 1 1
0 P_7 208 208 0 0 0 1 1 1
0 P_7 209 209 0.5 0.5 0.5 1 1 1
0 P_7 210 210 0 0 0 1 1 1
0 P_7 211 211 0 0 0 1 1 1
0 P_7 212 212 0 0 0 1 1 1
0 P_7 213 213 0 0 0 1 1 1
0 P_7 214 214 0.0568355 0.06981317600786627 0.0848225 1 1 1
0 P_7 215 215 0.054576 0.06743256743256744 0.0823805 1 1 1
0 P_7 216 216 0 0 0 1 1 1
0 P_7 217 217 0.0634525 0.07703631010794897 0.0925665 1 1 1
0 P_7 218 218 0 0 0 1 1 1
0 P_7 219 219 0 0 0 1 1 1
0 P_7 220 220 0 0 0 1 1 1
0 P_7 221 221 0.5 0.5 0.5 1 1 1
0 P_7 222 222 0 0 0 1 1 1
0 P_7 223 223 0 0 0 1 1 1
0 P_7 224 224 0 0 0 1 1 1
0 P_7 225 225 0 0 0 1 1 1
0 P_7 226 226 0.0641465 0.07801418439716312 0.0938795 1 1 1
0 P_7 227 227 0.0502875 0.06256109481915934 0.0769355 1 1 1
0 P_7 228 228 0.050149 0.0625 0.0769835 1 1 1
0 P_7 229 229 0.419702 0.4345 0.447183 1 1 1
0 P_7 230 230 0.414894 0.42990196078431375 0.4428875 1 1 1
0 P_7 231 231 0 0 0 1 1 1
0 P_7 232 232 0.053249 0.06602822580645161 0.080934 1 1 1
0 P_7 233 233 0.4120585 0.42761806981519507 0.441087 1 1 1
0 P_7 234 234 0.5 0.5 0.5 1 1 1
0 P_7 235 235 0 0 0 1 1 1
0 P_7 236 236 0.5 0.5 0.5 1 1 1
0 P_7 237 237 0 0 0 1 1 1
0 P_7 238 238 0.0532055 0.06608606557377049 0.0811265 1 1 1
0 P_7 239 239 0.0571445 0.07034412955465587 0.0856285 1 1 1
0 P_7 240 240 0.0528905 0.0654296875 0.0800355 1 1 1
0 P_7 241 241 0.0523645 0.065 0.0797565 1 1 1
0 P_7 242 242 0 0 0 1 1 1
0 P_7 243 243 0 0 0 1 1 1
0 P_7 244 244 0.0663675 0.0802775024777007 0.096116 1 1 1
0 P_7 245 245 0 0 0 1 1 1
0 P_7 246 246 0 0 0 1 1 1
0 P_7 247 247 0 0 0 1 1 1
0 P_7 248 248 0.5 0.5 0.5 1 1 1
0 P_7 249 249 0 0 0 1 1 1
0 P_7 250 250 0 0 0 1 1 1
0 P_7 251 251 0 0 0 1 1 1
0 P_7 252 252 0.056225 0.06938775510204082 0.084663 1 1 1
0 P_7 253 253 0 0 0 1 1 1
0 P_7 254 254 0 0 0 1 1 1
0 P_7 255 255 0 0 0 1 1 1
0 P_7 256 256 0 0 0 1 1 1
0 P_7 257 257 0.4222675 0.43693239152371344 0.449435 1 1 1
0 P_7 258 258 0.407011 0.42288049029622066 0.4367255 1 1 1
0 P_7 259 259 0.0542875 0.06713426853707415 0.082082 1 1 1
0 P_7 260 260 0 0 0 1 1 1
0 P_7 261 261 0 0 0 1 1 1
0 P_7 262 262 0 0 0 1 1 1
0 P_7 263 263 0 0 0 1 1 1
0 P_7 264 264 0 0 0 1 1 1
0 P_7 265 265 0.0605265 0.07401812688821752 0.0895415 1 1 1
0 P_7 266 266 0.4150465 0.43022088353413657 0.443321 1 1 1
0 P_7 267 267 0 0 0 1 1 1
0 P_7 268 268 0 0 0 1 1 1
0 P_7 269 269 0.5 0.5 0.5 1 1 1
0 P_7 270 270 0.4220735 0.4364694471387003 0.4487915 1 1 1
0 P_7 271 271 0 0 0 1 1 1
0 P_7 272 272 0.4161295 0.43122489959839355 0.444234 1 1 1
0 P_7 273 273 0.420797 0.4353112840466926 0.447759 1 1 1
0 P_7 274 274 0 0 0 1 1 1
0 P_7 275 275 0 0 0 1 1 1
0 P_7 276 276 0 0 0 1 1 1
0 P_7 277 277 0 0 0 1 1 1
0 P_7 278 278 0.4139935 0.4289145052833814 0.4418645 1 1 1
0 P_7 279 279 0.4088355 0.42433234421364985 0.437852 1 1 1
0 P_7 280 280 0.416938 0.43204868154158216 0.445043 1 1 1
0 P_7 281 281 0 0 0 1 1 1
0 P_7 282 282 0.4142675 0.4294234592445328 0.4425345 1 1 1
0 P_7 283 283 0 0 0 1 1 1
0 P_7 284 284 0.4086545 0.42450879007238884 0.4382945 1 1 1
0 P_7 285 285 0 0 0 1 1 1
0 P_7 286 286 0.5 0.5 0.5 1 1 1
0 P_7 287 287 0 0 0 1 1 1
0 P_7 288 288 0 0 0 1 1 1
0 P_7 289 289 0 0 0 1 1 1
0 P_7 290 290 0.0551715 0.06832298136645963 0.0836305 1 1 1
0 P_7 291 291 0.0526065 0.0654639175257732 0.0805025 1 1 1
0 P_7 292 292 0 0 0 1 1 1
0 P_7 293 293 0.060309 0.07370517928286853 0.0891145 1 1 1
0 P_7 294 294 0.5 0.5 0.5 1 1 1
0 P_7 295 295 0 0 0 1 1 1
0 P_7 296 296 0 0 0 1 1 1
0 P_7 297 297 0.5 0.5 0.5 1 1 1
0 P_7 298 298 0 0 0 1 1 1
0 P_7 299 299 0 0 0 1 1 1
0 P_7 300 300 0 0 0 1 1 1
0 P_7 301 301 0 0 0 1 1 1
0 P_7 302 302 0 0 0 1 1 1
0 P_7 303 303 0.0649515 0.07902892561983471 0.0951315 1 1 1
0 P_7 304 304 0 0 0 1 1 1
0 P_7 305 305 0 0 0 1 1 1
0 P_7 306 306 0 0 0 1 1 1
0 P_7 307 307 0 0 0 1 1 1
0 P_7 308 308 0 0 0 1 1 1
0 P_7 309 309 0.5 0.5 0.5 1 1 1
0 P_7 310 310 0 0 0 1 1 1
0 P_7 311 311 0 0 0 1 1 1
0 P_7 312 312 0.5 0.5 0.5 1 1 1
0 P_7 313 313 0 0 0 1 1 1
0 P_7 314 314 0 0 0 1 1 1
0 P_7 315 315 0 0 0 1 1 1
0 P_7 316 316 0 0 0 1 1 1
0 P_7 317 317 0 0 0 1 1 1
0 P_7 318 318 0 0 0 1 1 1
0 P_7 319 319 0 0 0 1 1 1
0 P_7 320 320 0.4102015 0.4258130081300813 0.439376 1 1 1
0 P_7 321 321 0.4286635 0.4427710843373494 0.45466 1 1 1
0 P_7 322 322 0 0 0 1 1 1
0 P_7 323 323 0 0 0 1 1 1
0 P_7 324 324 0 0 0 1 1 1
0 P_7 325 325 0 0 0 1 1 1
0 P_7 326 326 0 0 0 1 1 1
0 P_7 327 327 0 0 0 1 1 1
0 P_7 328 328 0 0 0 1 1 1
0 P_7 329 329 0.5 0.5 0.5 1 1 1
0 P_7 330 330 0 0 0 1 1 1
0 P_7 331 331 0.40837 0.42446808510638295 0.4384385 1 1 1
0 P_7 332 332 0 0 0 1 1 1
0 P_7 333 333 0 0 0 1 1 1
0 P_7 334 334 0.42441 0.43912591050988553 0.451586 1 1 1
0 P_7 335 335 0 0 0 1 1 1
0 P_7 336 336 0.060005 0.07344064386317907 0.0889125 1 1 1
0 P_7 337 337 0 0 0 1 1 1
0 P_7 338 338 0.0574135 0.07083333333333333 0.0863925 1 1 1
0 P_7 339 339 0.412892 0.42807881773399015 0.441254 1 1 1
0 P_7 340 340 0.5 0.5 0.5 1 1 1
0 P_7 341 341 0 0 0 1 1 1
0 P_7 342 342 0 0 0 1 1 1
0 P_7 343 343 0.5 0.5 0.5 1 1 1
0 P_7 344 344 0.0565265 0.06986444212721585 0.0853555 1 1 1
0 P_7 345 345 0 0 0 1 1 1
0 P_7 346 346 0 0 0 1 1 1
0 P_7 347 347 0 0 0 1 1 1
0 P_7 348 348 0 0 0 1 1 1
0 P_7 349 349 0 0 0 1 1 1
0 P_7 350 350 0.402831 0.41896024464831805 0.43311500000000003 1 1 1
0 P_7 351 351 0.4213985 0.4358600583090379 0.4482505 1 1 1
0 P_7 352 352 0.0568525 0.06998992950654583 0.0852055 1 1 1
0 P_7 353 353 0 0 0 1 1 1
0 P_7 354 354 0 0 0 1 1 1
0 P_7 355 355 0 0 0 1 1 1
0 P_7 356 356 0 0 0 1 1 1
0 P_7 357 357 0 0 0 1 1 1
0 P_7 358 358 0 0 0 1 1 1
0 P_7 359 359 0 0 0 1 1 1
0 P_7 360 360 0 0 0 1 1 1
0 P_7 361 361 0 0 0 1 1 1
0 P_7 362 362 0 0 0 1 1 1
0 P_7 363 363 0 0 0 1 1 1
0 P_7 364 364 0 0 0 1 1 1
0 P_7 365 365 0.425999 0.440320962888666 0.4524545 1 1 1
0 P_7 366 366 0 0 0 1 1 1
0 P_7 367 367 0 0 0 1 1 1
0 P_7 368 368 0.4167855 0.43177290836653387 0.4446845 1 1 1
0 P_7 369 369 0.5 0.5 0.5 1 1 1
0 P_7 370 370 0 0 0 1 1 1
0 P_7 371 371 0 0 0 1 1 1
0 P_7 372 372 0 0 0 1 1 1
0 P_7 373 373 0 0 0 1 1 1
0 P_7 374 374 0.064545 0.07854209445585215 0.094557 1 1 1
0 P_7 375 375 0 0 0 1 1 1
0 P_7 376 376 0 0 0 1 1 1
0 P_7 377 377 0 0 0 1 1 1
0 P_7 378 378 0 0 0 1 1 1
0 P_7 379 379 0 0 0 1 1 1
0 P_7 380 380 0 0 0 1 1 1
0 P_7 381 381 0.5 0.5 0.5 1 1 1
0 P_7 382 382 0 0 0 1 1 1
0 P_7 383 383 0 0 0 1 1 1
0 P_7 384 384 0 0 0 1 1 1
0 P_7 385 385 0 0 0 1 1 1
0 P_7 386 386 0 0 0 1 1 1
0 P_7 387 387 0 0 0 1 1 1
0 P_7 388 388 0 0 0 1 1 1
0 P_7 389 389 0.5 0.5 0.5 1 1 1
0 P_7 390 390 0 0 0 1 1 1
0 P_7 391 391 0.5 0.5 0.5 1 1 1
0 P_7 392 392 0 0 0 1 1 1
0 P_7 393 393 0.4217925 0.4364364364364364 0.448941 1 1 1
0 P_7 394 394 0 0 0 1 1 1
0 P_7 395 395 0.0556815 0.06826741996233522 0.0828155 1 1 1
0 P_7 396 396 0.4163765 0.4314314314314314 0.444404 1 1 1
0 P_7 397 397 0.419233 0.43381642512077295 0.4463635 1 1 1
0 P_7 398 398 0 0 0 1 1 1
0 P_7 399 399 0.5 0.5 0.5 1 1 1
0 P_7 400 400 0 0 0 1 1 1
0 P_7 401 401 0 0 0 1 1 1
0 P_7 402 402 0 0 0 1 1 1
0 P_7 403 403 0 0 0 1 1 1
0 P_7 404 404 0 0 0 1 1 1
0 P_7 405 405 0.05828 0.07135874877810362 0.0864395 1 1 1
0 P_7 406 406 0 0 0 1 1 1
0 P_7 407 407 0.0598295 0.0730282375851996 0.088203 1 1 1
0 P_7 408 408 0 0 0 1 1 1
0 P_7 409 409 0 0 0 1 1 1
0 P_7 410 410 0.052146 0.06484295845997974 0.0796905 1 1 1
0 P_7 411 411 0.4048445 0.42119275825346114 0.4354515 1 1 1
0 P_7 412 412 0 0 0 1 1 1
0 P_7 413 413 0.0525245 0.06542056074766354 0.080514 1 1 1
0 P_7 414 414 0 0 0 1 1 1
0 P_7 415 415 0 0 0 1 1 1
0 P_7 416 416 0.04914695 0.06154628687690743 0.0761435 1 1 1
0 P_7 417 417 0 0 0 1 1 1
0 P_7 418 418 0 0 0 1 1 1
0 P_7 419 419 0 0 0 1 1 1
0 P_7 420 420 0.419171 0.43371757925072046 0.4462405 1 1 1
0 P_7 421 421 0 0 0 1 1 1
0 P_7 422 422 0 0 0 1 1 1
0 P_7 423 423 0.4249715 0.4392156862745098 0.451333 1 1 1
0 P_7 424 424 0 0 0 1 1 1
0 P_7 425 425 0 0 0 1 1 1
0 P_7 426 426 0 0 0 1 1 1
0 P_7 427 427 0 0 0 1 1 1
0 P_7 428 428 0 0 0 1 1 1
0 P_7 429 429 0.5 0.5 0.5 1 1 1
0 P_7 430 430 0 0 0 1 1 1
0 P_7 431 431 0.057585 0.07046979865771812 0.0853285 1 1 1
0 P_7 432 432 0 0 0 1 1 1
0 P_7 433 433 0.0630675 0.0763430725730443 0.0914955 1 1 1
0 P_7 434 434 0 0 0 1 1 1
0 P_7 435 435 0 0 0 1 1 1
0 P_7 436 436 0 0 0 1 1 1
0 P_7 437 437 0.0546865 0.06756756756756757 0.082542 1 1 1
0 P_7 438 438 0 0 0 1 1 1
0 P_7 439 439 0 0 0 1 1 1
0 P_7 440 440 0 0 0 1 1 1
0 P_7 441 441 0 0 0 1 1 1
0 P_7 442 442 0 0 0 1 1 1
0 P_7 443 443 0 0 0 1 1 1
0 P_7 444 444 0.420049 0.43509865005192105 0.447945 1 1 1
0 P_7 445 445 0.5 0.5 0.5 1 1 1
0 P_7 446 446 0.5 0.5 0.5 1 1 1
0 P_7 447 447 0 0 0 1 1 1
0 P_7 448 448 0 0 0 1 1 1
0 P_7 449 449 0 0 0 1 1 1
0 P_7 450 450 0.427254 0.4415650406504065 0.4536445 1 1 1
0 P_7 451 451 0.5 0.5 0.5 1 1 1
0 P_7 452 452 0.4204165 0.43499511241446726 0.4475 1 1 1
0 P_7 453 453 0.422854 0.43731490621915103 0.4496555 1 1 1
0 P_7 454 454 0 0 0 1 1 1
0 P_7 455 455 0.5 0.5 0.5 1 1 1
0 P_7 456 456 0.4149025 0.4298160696999032 0.4427335 1 1 1
0 P_7 457 457 0.5 0.5 0.5 1 1 1
0 P_7 458 458 0 0 0 1 1 1
0 P_7 459 459 0.062547 0.0762970498474059 0.092073 1 1 1
0 P_7 460 460 0 0 0 1 1 1
0 P_7 461 461 0 0 0 1 1 1
0 P_7 462 462 0 0 0 1 1 1
0 P_7 463 463 0.052448 0.06494140625 0.079507 1 1 1
0 P_7 464 464 0 0 0 1 1 1
0 P_7 465 465 0.4119175 0.4271653543307087 0.4404135 1 1 1
0 P_7 466 466 0 0 0 1 1 1
0 P_7 467 467 0.0605535 0.074 0.089464 1 1 1
0 P_7 468 468 0.04321685 0.054933875890132246 0.0689255 1 1 1
0 P_7 469 469 0 0 0 1 1 1
0 P_7 470 470 0.054769 0.06783144912641316 0.08304 1 1 1
0 P_7 471 471 0 0 0 1 1 1
0 P_7 472 472 0 0 0 1 1 1
0 P_7 473 473 0 0 0 1 1 1
0 P_7 474 474 0 0 0 1 1 1
0 P_7 475 475 0.5 0.5 0.5 1 1 1
0 P_7 476 476 0 0 0 1 1 1
0 P_7 477 477 0.0598695 0.07283834586466166 0.0877165 1 1 1
0 P_7 478 478 0 0 0 1 1 1
0 P_7 479 479 0 0 0 1 1 1
0 P_7 480 480 0 0 0 1 1 1
0 P_7 481 481 0.055666 0.06844660194174758 0.083248 1 1 1
0 P_7 482 482 0.0603465 0.07390417940876656 0.08952 1 1 1
0 P_7 483 483 0 0 0 1 1 1
0 P_7 484 484 0.421568 0.4363543788187373 0.4489655 1 1 1
0 P_7 485 485 0.0503185 0.06244041944709247 0.0766125 1 1 1
0 P_7 486 486 0 0 0 1 1 1
0 P_7 487 487 0 0 0 1 1 1
0 P_7 488 488 0 0 0 1 1 1
0 P_7 489 489 0.5 0.5 0.5 1 1 1
0 P_7 490 490 0 0 0 1 1 1
0 P_7 491 491 0 0 0 1 1 1
0 P_7 492 492 0 0 0 1 1 1
0 P_7 493 493 0 0 0 1 1 1
0 P_7 494 494 0 0 0 1 1 1
0 P_7 495 495 0 0 0 1 1 1
0 P_7 496 496 0.068945 0.083248730964467 0.0994935 1 1 1
0 P_7 497 497 0 0 0 1 1 1
0 P_7 498 498 0 0 0 1 1 1
0 P_7 499 499 0 0 0 1 1 1
0 P_7 500 500 0 0 0 1 1 1
0 P_7 501 501 0 0 0 1 1 1
0 P_7 502 502 0.407506 0.42311507936507936 0.436755 1 1 1
0 P_7 503 503 0 0 0 1 1 1
0 P_7 504 504 0.052475 0.06492248062015504 0.079426 1 1 1
0 P_7 505 505 0.415295 0.43052738336713997 0.4436605 1 1 1
0 P_7 506 506 0 0 0 1 1 1
0 P_7 507 507 0.056392 0.06943056943056942 0.0845375 1 1 1
0 P_7 508 508 0 0 0 1 1 1
0 P_7 509 509 0.0573615 0.07020057306590258 0.0850085 1 1 1
0 P_7 510 510 0.4138605 0.42884801548886736 0.44185 1 1 1
0 P_7 511 511 0.062729 0.07607655502392345 0.0913325 1 1 1
0 P_7 512 512 0 0 0 1 1 1
0 P_7 513 513 0 0 0 1 1 1
0 P_7 514 514 0.5 0.5 0.5 1 1 1
0 P_7 515 515 0 0 0 1 1 1
0 P_7 516 516 0 0 0 1 1 1
0 P_7 517 517 0.055641 0.06884057971014493 0.08419 1 1 1
0 P_7 518 518 0.5 0.5 0.5 1 1 1
0 P_7 519 519 0 0 0 1 1 1
0 P_7 520 520 0 0 0 1 1 1
0 P_7 521 521 0.4093805 0.42502532928064846 0.438637 1 1 1
0 P_7 522 522 0.4040705 0.4198813056379822 0.4337655 1 1 1
0 P_7 523 523 0 0 0 1 1 1
0 P_7 524 524 0.4108725 0.4262376237623762 0.439602 1 1 1
0 P_7 525 525 0 0 0 1 1 1
0 P_7 526 526 0 0 0 1 1 1
0 P_7 527 527 0 0 0 1 1 1
0 P_7 528 528 0 0 0 1 1 1
0 P_7 529 529 0 0 0 1 1 1
0 P_7 530 530 0.054328 0.06702544031311154 0.081776 1 1 1
0 P_7 531 531 0 0 0 1 1 1
0 P_7 532 532 0.5 0.5 0.5 1 1 1
0 P_7 533 533 0.0536695 0.06659836065573771 0.0816815 1 1 1
0 P_7 534 534 0 0 0 1 1 1
0 P_7 535 535 0 0 0 1 1 1
0 P_7 536 536 0 0 0 1 1 1
0 P_7 537 537 0.058709 0.07163187855787476 0.0864955 1 1 1
0 P_7 538 538 0 0 0 1 1 1
0 P_7 539 539 0 0 0 1 1 1
0 P_7 540 540 0 0 0 1 1 1
0 P_7 541 541 0.0568525 0.06998992950654583 0.0852055 1 1 1
0 P_7 542 542 0 0 0 1 1 1
0 P_7 543 543 0 0 0 1 1 1
0 P_7 544 544 0 0 0 1 1 1
0 P_7 545 545 0 0 0 1 1 1
0 P_7 546 546 0 0 0 1 1 1
0 P_7 547 547 0.04991855 0.0625 0.077302 1 1 1
0 P_7 548 548 0 0 0 1 1 1
0 P_7 549 549 0.4214165 0.4363354037267081 0.4490435 1 1 1
0 P_7 550 550 0 0 0 1 1 1
0 P_7 551 551 0 0 0 1 1 1
0 P_7 552 552 0.4132805 0.42864372469635625 0.441934 1 1 1
0 P_7 553 553 0.058916 0.07183364839319471 0.0866825 1 1 1
0 P_7 554 554 0 0 0 1 1 1
0 P_7 555 555 0.414578 0.4298780487804878 0.4430825 1 1 1
0 P_7 556 556 0 0 0 1 1 1
0 P_7 557 557 0 0 0 1 1 1
0 P_7 558 558 0 0 0 1 1 1
0 P_7 559 559 0 0 0 1 1 1
0 P_7 560 560 0.0545325 0.06732673267326733 0.0821945 1 1 1
1 P_0 0 0 0.3014625 0.3216494845360825 0.3409895 1 1 1
1 P_0 1 1 0.0489199 0.06168831168831169 0.0767925 1 1 1
1 P_0 2 2 0.1779435 0.19774590163934427 0.2181625 1 1 1
1 P_0 3 3 0 0 0 1 1 1
1 P_0 4 4 0.0613475 0.07470703125 0.0900295 1 1 1
1 P_0 5 5 0 0 0 1 1 1
1 P_0 6 6 0 0 0 1 1 1
1 P_0 7 7 0.1647055 0.18341232227488152 0.202843 1 1 1
1 P_0 8 8 0 0 0 1 1 1
1 P_0 9 9 0 0 0 1 1 1
1 P_0 10 10 0.0808375 0.09619341563786009 0.1133635 1 1 1
1 P_0 11 11 0.0846915 0.10020242914979757 0.117452 1 1 1
1 P_0 12 12 0.3004625 0.3204225352112676 0.33957 1 1 1
1 P_0 13 13 0.0489918 0.06141248720573183 0.076046 1 1 1
1 P_0 14 14 0 0 0 1 1 1
1 P_0 15 15 0 0 0 1 1 1
1 P_0 16 16 0 0 0 1 1 1
1 P_0 17 17 0 0 0 1 1 1
1 P_0 18 18 0.0799935 0.09473684210526316 0.1111845 1 1 1
1 P_0 19 19 0.225721 0.2461851475076297 0.266694 1 1 1
1 P_0 20 20 0.1705205 0.18970588235294117 0.209569 1 1 1
1 P_0 21 21 0.5 0.5 0.5 1 1 1
1 P_0 22 22 0.2801365 0.30009775171065495 0.3194975 1 1 1
1 P_0 23 23 0 0 0 1 1 1
1 P_0 24 24 0.0842755 0.09950980392156862 0.116436 1 1 1
1 P_0 25 25 0 0 0 1 1 1
1 P_0 26 26 0.2815345 0.3018200202224469 0.3215045 1 1 1
1 P_0 27 27 0 0 0 1 1 1
1 P_0 28 28 0.1623075 0.18136769078295342 0.201208 1 1 1
1 P_0 29 29 0.284736 0.30512820512820515 0.324872 1 1 1
1 P_0 30 30 0.218957 0.23898139079333985 0.2591295 1 1 1
1 P_0 31 31 0.153933 0.1728643216080402 0.192685 1 1 1
1 P_0 32 32 0.223333 0.24385245901639344 0.264444 1 1 1
1 P_0 33 33 0.159626 0.1787878787878788 0.1987745 1 1 1
1 P_0 34 34 0.5 0.5 0.5 1 1 1
1 P_0 35 35 0.5 0.5 0.5 1 1 1
1 P_0 36 36 0.083016 0.09846938775510204 0.115696 1 1 1
1 P_0 37 37 0.168539 0.18774703557312253 0.2076605 1 1 1
1 P_0 38 38 0 0 0 1 1 1
1 P_0 39 39 0.291089 0.3105560791705938 0.3293685 1 1 1
1 P_0 40 40 0 0 0 1 1 1
1 P_0 41 41 0.2218645 0.24219536757301108 0.2626165 1 1 1
1 P_0 42 42 0 0 0 1 1 1
1 P_0 43 43 0.1726155 0.19207622868605817 0.212203 1 1 1
1 P_0 44 44 0 0 0 1 1 1
1 P_0 45 45 0 0 0 1 1 1
1 P_0 46 46 0.5 0.5 0.5 1 1 1
1 P_0 47 47 0 0 0 1 1 1
1 P_0 48 48 0.132771 0.15084915084915085 0.1700635 1 1 1
1 P_0 49 49 0 0 0 1 1 1
1 P_0 50 50 0.058153 0.07135728542914171 0.0866055 1 1 1
1 P_0 51 51 0 0 0 1 1 1
1 P_0 52 52 0 0 0 1 1 1
1 P_0 53 53 0.059943 0.07346938775510205 0.089061 1 1 1
1 P_0 54 54 0.04380985 0.05555555555555555 0.0695525 1 1 1
1 P_0 55 55 0.5 0.5 0.5 1 1 1
1 P_0 56 56 0.0557315 0.06837606837606838 0.082999 1 1 1
1 P_0 57 57 0 0 0 1 1 1
1 P_0 58 58 0 0 0 1 1 1
1 P_0 59 59 0.078607 0.09332688588007737 0.109784 1 1 1
1 P_0 60 60 0.221936 0.24251805985552116 0.2631885 1 1 1
1 P_0 61 61 0.5 0.5 0.5 1 1 1
1 P_0 62 62 0.168917 0.1884576098059244 0.2087195 1 1 1
1 P_0 63 63 0.1611465 0.1800785083415113 0.1997975 1 1 1
1 P_0 64 64 0.052817 0.0655 0.080298 1 1 1
1 P_0 65 65 0.164667 0.18352601156069365 0.2031195 1 1 1
1 P_0 66 66 0.161613 0.18089430894308944 0.200981 1 1 1
1 P_0 67 67 0.134546 0.15262636273538158 0.1718135 1 1 1
1 P_0 68 68 0.2340945 0.25455465587044535 0.274962 1 1 1
1 P_0 69 69 0.063088 0.07684529828109202 0.09261 1 1 1
1 P_0 70 70 0.167872 0.1871871871871872 0.2072235 1 1 1
1 P_0 71 71 0.5 0.5 0.5 1 1 1
1 P_0 72 72 0.0797025 0.09443911792905081 0.110886 1 1 1
1 P_0 73 73 0.0780915 0.09280855199222546 0.1092775 1 1 1
1 P_0 74 74 0.1672825 0.18602455146364494 0.2054595 1 1 1
1 P_0 75 75 0 0 0 1 1 1
1 P_0 76 76 0 0 0 1 1 1
1 P_0 77 77 0.162374 0.18096135721017909 0.2002955 1 1 1
1 P_0 78 78 0 0 0 1 1 1
1 P_0 79 79 0.080024 0.09528688524590163 0.112367 1 1 1
1 P_0 80 80 0 0 0 1 1 1
1 P_0 81 81 0 0 0 1 1 1
1 P_0 82 82 0.079285 0.09424603174603174 0.110979 1 1 1
1 P_0 83 83 0.0685115 0.08259149357072205 0.09857 1 1 1
1 P_0 84 84 0 0 0 1 1 1
1 P_0 85 85 0.0524725 0.06502463054187192 0.079666 1 1 1
1 P_0 86 86 0 0 0 1 1 1
1 P_0 87 87 0.1275065 0.14545454545454545 0.1646135 1 1 1
1 P_0 88 88 0 0 0 1 1 1
1 P_0 89 89 0.1550285 0.17418032786885246 0.194223 1 1 1
1 P_0 90 90 0.076136 0.09086395233366434 0.107404 1 1 1
1 P_0 91 91 0 0 0 1 1 1
1 P_0 92 92 0.5 0.5 0.5 1 1 1
1 P_0 93 93 0.0627145 0.07634730538922156 0.091967 1 1 1
1 P_0 94 94 0.1712665 0.19089048106448311 0.2112085 1 1 1
1 P_0 95 95 0.0856985 0.10120240480961924 0.1184155 1 1 1
1 P_0 96 96 0.5 0.5 0.5 1 1 1
1 P_0 97 97 0.0533925 0.06625891946992865 0.081273 1 1 1
1 P_0 98 98 0.0811845 0.096248766041461 0.113054 1 1 1
1 P_0 99 99 0.125197 0.14314928425357873 0.162354 1 1 1
1 P_0 100 100 0.052442 0.06526207605344296 0.080259 1 1 1
1 P_0 101 101 0.0762935 0.09113796576032225 0.107817 1 1 1
1 P_0 102 102 0 0 0 1 1 1
1 P_0 103 103 0.157815 0.17667322834645668 0.196359 1 1 1
1 P_0 104 104 0 0 0 1 1 1
1 P_0 105 105 0.075906 0.09059405940594059 0.107092 1 1 1
1 P_0 106 106 0.2282865 0.24851190476190477 0.2687545 1 1 1
1 P_0 107 107 0.2164315 0.23658051689860835 0.2568825 1 1 1
1 P_0 108 108 0 0 0 1 1 1
1 P_0 109 109 0.5 0.5 0.5 1 1 1
1 P_0 110 110 0.23251 0.25306748466257667 0.273589 1 1 1
1 P_0 111 111 0 0 0 1 1 1
1 P_0 112 112 0 0 0 1 1 1
1 P_0 113 113 0.08737 0.10335781741867786 0.12111 1 1 1
1 P_0 114 114 0.166294 0.18561368209255533 0.205676 1 1 1
1 P_0 115 115 0.056221 0.06922310756972111 0.0842895 1 1 1
1 P_0 116 116 0.059173 0.07233626588465299 0.087491 1 1 1
1 P_0 117 117 0.0864735 0.10227272727272728 0.1198215 1 1 1
1 P_0 118 118 0 0 0 1 1 1
1 P_0 119 119 0.056932 0.07024793388429752 0.0856925 1 1 1
1 P_0 120 120 0 0 0 1 1 1
1 P_0 121 121 0.0588125 0.07231404958677685 0.0879195 1 1 1
1 P_0 122 122 0 0 0 1 1 1
1 P_0 123 123 0 0 0 1 1 1
1 P_0 124 124 0 0 0 1 1 1
1 P_0 125 125 0 0 0 1 1 1
1 P_0 126 126 0 0 0 1 1 1
1 P_0 127 127 0.5 0.5 0.5 1 1 1
1 P_0 128 128 0.04741435 0.05963302752293578 0.074076 1 1 1
1 P_0 129 129 0 0 0 1 1 1
1 P_0 130 130 0.056051 0.06912209889001009 0.0842855 1 1 1
1 P_0 131 131 0 0 0 1 1 1
1 P_0 132 132 0 0 0 1 1 1
1 P_0 133 133 0.2252745 0.24569402228976697 0.2661635 1 1 1
1 P_0 134 134 0.0585175 0.07149712092130518 0.0864415 1 1 1
1 P_0 135 135 0.2177335 0.2379759519038076 0.2583565 1 1 1
1 P_0 136 136 0 0 0 1 1 1
1 P_0 137 137 0 0 0 1 1 1
1 P_0 138 138 0.060653 0.0738255033557047 0.0889345 1 1 1
1 P_0 139 139 0.5 0.5 0.5 1 1 1
1 P_0 140 140 0 0 0 1 1 1
1 P_0 141 141 0.062181 0.07560975609756097 0.0909895 1 1 1
1 P_0 142 142 0 0 0 1 1 1
1 P_0 143 143 0.222761 0.24316109422492402 0.2636405 1 1 1
1 P_0 144 144 0.208517 0.22828185328185327 0.2482875 1 1 1
1 P_0 145 145 0.0947605 0.11042654028436019 0.12761 1 1 1
1 P_0 146 146 0 0 0 1 1 1
1 P_0 147 147 0.2262025 0.24613899613899615 0.2661185 1 1 1
1 P_0 148 148 0.0535225 0.06636271529888552 0.081336 1 1 1
1 P_0 149 149 0 0 0 1 1 1
1 P_0 150 150 0.054957 0.06795131845841786 0.083062 1 1 1
1 P_0 151 151 0 0 0 1 1 1
1 P_0 152 152 0 0 0 1 1 1
1 P_0 153 153 0.076295 0.0911854103343465 0.1079205 1 1 1
1 P_0 154 154 0 0 0 1 1 1
1 P_0 155 155 0.1734965 0.19292123629112662 0.2129985 1 1 1
1 P_0 156 156 0 0 0 1 1 1
1 P_0 157 157 0 0 0 1 1 1
1 P_0 158 158 0.132778 0.15079365079365079 0.169938 1 1 1
1 P_0 159 159 0.0660745 0.08012170385395538 0.096144 1 1 1
1 P_0 160 160 0.289118 0.3092369477911647 0.328674 1 1 1
1 P_0 161 161 0.2954075 0.31519607843137254 0.334252 1 1 1
1 P_0 162 162 0 0 0 1 1 1
1 P_0 163 163 0 0 0 1 1 1
1 P_0 164 164 0.219442 0.2394711067580803 0.2596185 1 1 1
1 P_0 165 165 0.1600405 0.17895771878072764 0.198676 1 1 1
1 P_0 166 166 0.0623205 0.07592407592407592 0.0915215 1 1 1
1 P_0 167 167 0 0 0 1 1 1
1 P_0 168 168 0.5 0.5 0.5 1 1 1
1 P_0 169 169 0.1775065 0.19724770642201836 0.2176055 1 1 1
1 P_0 170 170 0.171739 0.19091796875 0.210759 1 1 1
1 P_0 171 171 0.2141755 0.23422090729783038 0.254445 1 1 1
1 P_0 172 172 0 0 0 1 1 1
1 P_0 173 173 0.082832 0.09852476290832456 0.116047 1 1 1
1 P_0 174 174 0.176902 0.19641076769690927 0.216532 1 1 1
1 P_0 175 175 0.0585875 0.07193515704154002 0.087351 1 1 1
1 P_0 176 176 0.059485 0.0728643216080402 0.0882845 1 1 1
1 P_0 177 177 0 0 0 1 1 1
1 P_0 178 178 0.07673 0.09125840537944284 0.1075355 1 1 1
1 P_0 179 179 0 0 0 1 1 1
1 P_0 180 180 0 0 0 1 1 1
1 P_0 181 181 0.087006 0.10276073619631902 0.120242 1 1 1
1 P_0 182 182 0 0 0 1 1 1
1 P_0 183 183 0.174345 0.19362745098039216 0.213544 1 1 1
1 P_0 184 184 0.056993 0.06990291262135923 0.084818 1 1 1
1 P_0 185 185 0.177191 0.1970164609053498 0.217467 1 1 1
1 P_0 186 186 0.224867 0.24504950495049505 0.265288 1 1 1
1 P_0 187 187 0 0 0 1 1 1
1 P_0 188 188 0 0 0 1 1 1
1 P_0 189 189 0 0 0 1 1 1
1 P_0 190 190 0.04960035 0.061770428015564205 0.07604 1 1 1
1 P_0 191 191 0.160161 0.17895247332686712 0.1985345 1 1 1
1 P_0 192 192 0.060006 0.07365145228215768 0.089394 1 1 1
1 P_0 193 193 0 0 0 1 1 1
1 P_0 194 194 0.0829895 0.09805825242718447 0.1148185 1 1 1
1 P_0 195 195 0.0728615 0.08746208291203236 0.103947 1 1 1
1 P_0 196 196 0.2234865 0.24330783938814532 0.2632025 1 1 1
1 P_0 197 197 0.093494 0.10954773869346733 0.12722 1 1 1
1 P_0 198 198 0 0 0 1 1 1
1 P_0 199 199 0.1630405 0.1822759315206445 0.2022935 1 1 1
1 P_0 200 200 0 0 0 1 1 1
1 P_0 201 201 0.172675 0.19238683127572018 0.2127785 1 1 1
1 P_0 202 202 0.0648665 0.07848837209302326 0.094016 1 1 1
1 P_0 203 203 0.219655 0.24020618556701032 0.2608735 1 1 1
1 P_0 204 204 0.1796345 0.19948717948717948 0.219934 1 1 1
1 P_0 205 205 0 0 0 1 1 1
1 P_0 206 206 0.061808 0.07551020408163266 0.091254 1 1 1
1 P_0 207 207 0.208754 0.2289156626506024 0.24932000000000001 1 1 1
1 P_0 208 208 0 0 0 1 1 1
1 P_0 209 209 0.298575 0.31899265477439664 0.33858 1 1 1
1 P_0 210 210 0.062872 0.07668711656441718 0.092534 1 1 1
1 P_0 211 211 0 0 0 1 1 1
1 P_0 212 212 0 0 0 1 1 1
1 P_0 213 213 0.152617 0.1719077568134172 0.192137 1 1 1
1 P_0 214 214 0.082342 0.09759759759759759 0.1146025 1 1 1
1 P_0 215 215 0.21764 0.23781094527363184 0.258121 1 1 1
1 P_0 216 216 0.066211 0.08028455284552846 0.0963355 1 1 1
1 P_0 217 217 0.078643 0.09324452901998097 0.1095565 1 1 1
1 P_0 218 218 0.166675 0.18572825024437928 0.2055025 1 1 1
1 P_0 219 219 0.0612975 0.07505175983436853 0.090882 1 1 1
1 P_0 220 220 0 0 0 1 1 1
1 P_0 221 221 0.30719 0.32688492063492064 0.345705 1 1 1
1 P_0 222 222 0 0 0 1 1 1
1 P_0 223 223 0.172872 0.19219367588932806 0.2121705 1 1 1
1 P_0 224 224 0 0 0 1 1 1
1 P_0 225 225 0 0 0 1 1 1
1 P_0 226 226 0.0801495 0.09491850431447747 0.111393 1 1 1
1 P_0 227 227 0.212659 0.2327075098814229 0.252952 1 1 1
1 P_0 228 228 0.085404 0.10138740661686232 0.119189 1 1 1
1 P_0 229 229 0 0 0 1 1 1
1 P_0 230 230 0 0 0 1 1 1
1 P_0 231 231 0 0 0 1 1 1
1 P_0 232 232 0.0742445 0.08904810644831115 0.1057405 1 1 1
1 P_0 233 233 0 0 0 1 1 1
1 P_0 234 234 0.5 0.5 0.5 1 1 1
1 P_0 235 235 0 0 0 1 1 1
1 P_0 236 236 0.5 0.5 0.5 1 1 1
1 P_0 237 237 0.118549 0.13641133263378805 0.15564 1 1 1
1 P_0 238 238 0.2249845 0.2450884086444008 0.2652475 1 1 1
1 P_0 239 239 0.222902 0.24306930693069306 0.2633155 1 1 1
1 P_0 240 240 0.234944 0.25521350546176763 0.275424 1 1 1
1 P_0 241 241 0.0859635 0.10138476755687438 0.1184915 1 1 1
1 P_0 242 242 0 0 0 1 1 1
1 P_0 243 243 0 0 0 1 1 1
1 P_0 244 244 0.0823165 0.09744094488188976 0.1142875 1 1 1
1 P_0 245 245 0.0572665 0.0701839303000968 0.0850975 1 1 1
1 P_0 246 246 0.0518065 0.06437125748502993 0.0790595 1 1 1
1 P_0 247 247 0 0 0 1 1 1
1 P_0 248 248 0.5 0.5 0.5 1 1 1
1 P_0 249 249 0.0458863 0.058031088082901555 0.072456 1 1 1
1 P_0 250 250 0.0511855 0.06360946745562131 0.078141 1 1 1
1 P_0 251 251 0.0591645 0.07217973231357552 0.0871445 1 1 1
1 P_0 252 252 0.0789955 0.09378036929057337 0.110306 1 1 1
1 P_0 253 253 0.1283405 0.14631685166498487 0.165493 1 1 1
1 P_0 254 254 0 0 0 1 1 1
1 P_0 255 255 0.1709725 0.1903807615230461 0.210474 1 1 1
1 P_0 256 256 0.121069 0.13840155945419103 0.1569815 1 1 1
1 P_0 257 257 0 0 0 1 1 1
1 P_0 258 258 0 0 0 1 1 1
1 P_0 259 259 0.2172965 0.23809523809523808 0.2590385 1 1 1
1 P_0 260 260 0.121425 0.139 0.157848 1 1 1
1 P_0 261 261 0.1721335 0.19106463878326996 0.2106385 1 1 1
1 P_0 262 262 0.0601565 0.07347140039447732 0.0887825 1 1 1
1 P_0 263 263 0 0 0 1 1 1
1 P_0 264 264 0 0 0 1 1 1
1 P_0 265 265 0.2206745 0.24109867751780265 0.2616265 1 1 1
1 P_0 266 266 0.0619615 0.07544378698224852 0.0909 1 1 1
1 P_0 267 267 0.156513 0.17577319587628865 0.1959105 1 1 1
1 P_0 268 268 0.0576525 0.07135135135135136 0.0872635 1 1 1
1 P_0 269 269 0.5 0.5 0.5 1 1 1
1 P_0 270 270 0.0563895 0.06937561942517344 0.084414 1 1 1
1 P_0 271 271 0.057826 0.0712799167533819 0.0868655 1 1 1
1 P_0 272 272 0.0574085 0.07020872865275142 0.084965 1 1 1
1 P_0 273 273 0 0 0 1 1 1
1 P_0 274 274 0 0 0 1 1 1
1 P_0 275 275 0 0 0 1 1 1
1 P_0 276 276 0.168208 0.1872568093385214 0.2070055 1 1 1
1 P_0 277 277 0 0 0 1 1 1
1 P_0 278 278 0 0 0 1 1 1
1 P_0 279 279 0.0537415 0.06631171345595353 0.0809205 1 1 1
1 P_0 280 280 0.055768 0.06872509960159362 0.083752 1 1 1
1 P_0 281 281 0 0 0 1 1 1
1 P_0 282 282 0 0 0 1 1 1
1 P_0 283 283 0 0 0 1 1 1
1 P_0 284 284 0 0 0 1 1 1
1 P_0 285 285 0 0 0 1 1 1
1 P_0 286 286 0.5 0.5 0.5 1 1 1
1 P_0 287 287 0.168854 0.1878001921229587 0.2074315 1 1 1
1 P_0 288 288 0.0653295 0.07918326693227092 0.0949875 1 1 1
1 P_0 289 289 0 0 0 1 1 1
1 P_0 290 290 0.223328 0.24353876739562624 0.2638235 1 1 1
1 P_0 291 291 0.2071345 0.22755417956656346 0.2482395 1 1 1
1 P_0 292 292 0.057364 0.0708289611752361 0.086449 1 1 1
1 P_0 293 293 0.241238 0.2622601279317697 0.283132 1 1 1
1 P_0 294 294 0.5 0.5 0.5 1 1 1
1 P_0 295 295 0.136433 0.1545275590551181 0.1737 1 1 1
1 P_0 296 296 0 0 0 1 1 1
1 P_0 297 297 0.5 0.5 0.5 1 1 1
1 P_0 298 298 0 0 0 1 1 1
1 P_0 299 299 0 0 0 1 1 1
1 P_0 300 300 0 0 0 1 1 1
1 P_0 301 301 0 0 0 1 1 1
1 P_0 302 302 0.158186 0.17757009345794392 0.1978165 1 1 1
1 P_0 303 303 0.212559 0.23282828282828283 0.2532965 1 1 1
1 P_0 304 304 0.187159 0.20684523809523808 0.2270225 1 1 1
1 P_0 305 305 0.163021 0.1816888045540797 0.2011005 1 1 1
1 P_0 306 306 0 0 0 1 1 1
1 P_0 307 307 0 0 0 1 1 1
1 P_0 308 308 0 0 0 1 1 1
1 P_0 309 309 0.5 0.5 0.5 1 1 1
1 P_0 310 310 0 0 0 1 1 1
1 P_0 311 311 0.183263 0.20274240940254654 0.2227525 1 1 1
1 P_0 312 312 0.2876885 0.30784708249496984 0.3273385 1 1 1
1 P_0 313 313 0 0 0 1 1 1
1 P_0 314 314 0.0651225 0.07879377431906615 0.0943745 1 1 1
1 P_0 315 315 0 0 0 1 1 1
1 P_0 316 316 0.169221 0.1880952380952381 0.2076455 1 1 1
1 P_0 317 317 0 0 0 1 1 1
1 P_0 318 318 0.0598855 0.07319485657764589 0.0885095 1 1 1
1 P_0 319 319 0.180344 0.199343339587242 0.218888 1 1 1
1 P_0 320 320 0.063086 0.07655038759689922 0.091942 1 1 1
1 P_0 321 321 0 0 0 1 1 1
1 P_0 322 322 0 0 0 1 1 1
1 P_0 323 323 0 0 0 1 1 1
1 P_0 324 324 0.1327425 0.1510791366906475 0.170582 1 1 1
1 P_0 325 325 0.051111 0.06362725450901803 0.0782845 1 1 1
1 P_0 326 326 0 0 0 1 1 1
1 P_0 327 327 0.055371 0.0682951146560319 0.083296 1 1 1
1 P_0 328 328 0 0 0 1 1 1
1 P_0 329 329 0.5 0.5 0.5 1 1 1
1 P_0 330 330 0.058079 0.0712166172106825 0.0863815 1 1 1
1 P_0 331 331 0 0 0 1 1 1
1 P_0 332 332 0.058363 0.07135969141755062 0.086332 1 1 1
1 P_0 333 333 0.159186 0.17857142857142858 0.198805 1 1 1
1 P_0 334 334 0 0 0 1 1 1
1 P_0 335 335 0 0 0 1 1 1
1 P_0 336 336 0.0871835 0.10251450676982592 0.119481 1 1 1
1 P_0 337 337 0.1644295 0.1840458811261731 0.204451 1 1 1
1 P_0 338 338 0.2303635 0.25023923444976076 0.2701125 1 1 1
1 P_0 339 339 0 0 0 1 1 1
1 P_0 340 340 0.5 0.5 0.5 1 1 1
1 P_0 341 341 0.166654 0.18552253116011505 0.2051 1 1 1
1 P_0 342 342 0 0 0 1 1 1
1 P_0 343 343 0.5 0.5 0.5 1 1 1
1 P_0 344 344 0.2181435 0.23843058350100604 0.2588515 1 1 1
1 P_0 345 345 0.0516165 0.0641925777331996 0.0789055 1 1 1
1 P_0 346 346 0 0 0 1 1 1
1 P_0 347 347 0.166643 0.18582755203171458 0.2057415 1 1 1
1 P_0 348 348 0 0 0 1 1 1
1 P_0 349 349 0.1574925 0.17602283539486205 0.1953605 1 1 1
1 P_0 350 350 0.061069 0.07432432432432433 0.089524 1 1 1
1 P_0 351 351 0.0665685 0.08076131687242798 0.09695 1 1 1
1 P_0 352 352 0.231017 0.25096339113680155 0.270899 1 1 1
1 P_0 353 353 0.063682 0.07750759878419453 0.093337 1 1 1
1 P_0 354 354 0 0 0 1 1 1
1 P_0 355 355 0.0510705 0.06341463414634146 0.077846 1 1 1
1 P_0 356 356 0 0 0 1 1 1
1 P_0 357 357 0.051985 0.0643756050338819 0.0788265 1 1 1
1 P_0 358 358 0.157181 0.17659352142110762 0.196886 1 1 1
1 P_0 359 359 0 0 0 1 1 1
1 P_0 360 360 0.058071 0.07157784743991641 0.0872215 1 1 1
1 P_0 361 361 0 0 0 1 1 1
1 P_0 362 362 0 0 0 1 1 1
1 P_0 363 363 0.1635395 0.18207282913165265 0.201334 1 1 1
1 P_0 364 364 0.056166 0.0692618806875632 0.084453 1 1 1
1 P_0 365 365 0 0 0 1 1 1
1 P_0 366 366 0.0481208 0.060450819672131145 0.075007 1 1 1
1 P_0 367 367 0.161979 0.1806883365200765 0.200158 1 1 1
1 P_0 368 368 0 0 0 1 1 1
1 P_0 369 369 0.5 0.5 0.5 1 1 1
1 P_0 370 370 0.130361 0.14786729857819905 0.166484 1 1 1
1 P_0 371 371 0.1609865 0.18032786885245902 0.2004875 1 1 1
1 P_0 372 372 0 0 0 1 1 1
1 P_0 373 373 0 0 0 1 1 1
1 P_0 374 374 0.215637 0.23601220752797558 0.2565505 1 1 1
1 P_0 375 375 0 0 0 1 1 1
1 P_0 376 376 0.0614285 0.07537154989384288 0.0914395 1 1 1
1 P_0 377 377 0 0 0 1 1 1
1 P_0 378 378 0 0 0 1 1 1
1 P_0 379 379 0.1593555 0.17875647668393782 0.199004 1 1 1
1 P_0 380 380 0 0 0 1 1 1
1 P_0 381 381 0.2952565 0.31551901336073995 0.3350095 1 1 1
1 P_0 382 382 0.1594955 0.17879098360655737 0.198923 1 1 1
1 P_0 383 383 0.176816 0.19661190965092404 0.217036 1 1 1
1 P_0 384 384 0.1676375 0.18687872763419483 0.2068395 1 1 1
1 P_0 385 385 0.163949 0.1828793774319066 0.2025585 1 1 1
1 P_0 386 386 0 0 0 1 1 1
1 P_0 387 387 0 0 0 1 1 1
1 P_0 388 388 0.054676 0.06760847628657922 0.082651 1 1 1
1 P_0 389 389 0.2911485 0.3111888111888112 0.330528 1 1 1
1 P_0 390 390 0.174258 0.1941544885177453 0.2147195 1 1 1
1 P_0 391 391 0.2817545 0.3022774327122153 0.3221795 1 1 1
1 P_0 392 392 0.1761625 0.195357833655706 0.2151595 1 1 1
1 P_0 393 393 0 0 0 1 1 1
1 P_0 394 394 0 0 0 1 1 1
1 P_0 395 395 0.084954 0.10050761421319797 0.1178015 1 1 1
1 P_0 396 396 0.064938 0.07876370887337986 0.094547 1 1 1
1 P_0 397 397 0.0500495 0.06290322580645161 0.078063 1 1 1
1 P_0 398 398 0 0 0 1 1 1
1 P_0 399 399 0.5 0.5 0.5 1 1 1
1 P_0 400 400 0.1285835 0.14675592173017507 0.166148 1 1 1
1 P_0 401 401 0.062274 0.075626204238921 0.0909045 1 1 1
1 P_0 402 402 0.1683335 0.18822905620360553 0.2088755 1 1 1
1 P_0 403 403 0.1752965 0.19486404833836857 0.2150685 1 1 1
1 P_0 404 404 0.1667295 0.18584070796460178 0.2056755 1 1 1
1 P_0 405 405 0.0819245 0.09711155378486055 0.1140445 1 1 1
1 P_0 406 406 0.162825 0.1816860465116279 0.2013065 1 1 1
1 P_0 407 407 0.2297435 0.2502548419979613 0.270763 1 1 1
1 P_0 408 408 0.055388 0.06815968841285297 0.0829615 1 1 1
1 P_0 409 409 0 0 0 1 1 1
1 P_0 410 410 0.2296395 0.24952107279693486 0.269408 1 1 1
1 P_0 411 411 0 0 0 1 1 1
1 P_0 412 412 0.111489 0.12845849802371542 0.146805 1 1 1
1 P_0 413 413 0.076136 0.09048067860508954 0.1065495 1 1 1
1 P_0 414 414 0.04919285 0.061780104712041886 0.0766265 1 1 1
1 P_0 415 415 0.170051 0.18960244648318042 0.20986 1 1 1
1 P_0 416 416 0.0908875 0.10654936461388075 0.1238195 1 1 1
1 P_0 417 417 0.0646145 0.07872784150156413 0.094889 1 1 1
1 P_0 418 418 0.063117500000000007 0.07644824311490978 0.091669 1 1 1
1 P_0 419 419 0.1726155 0.19207622868605817 0.212203 1 1 1
1 P_0 420 420 0.0582285 0.07150050352467271 0.0868335 1 1 1
1 P_0 421 421 0 0 0 1 1 1
1 P_0 422 422 0 0 0 1 1 1
1 P_0 423 423 0 0 0 1 1 1
1 P_0 424 424 0.163869 0.18314833501513622 0.2032015 1 1 1
1 P_0 425 425 0 0 0 1 1 1
1 P_0 426 426 0.129581 0.14746772591857002 0.1665225 1 1 1
1 P_0 427 427 0.0509555 0.06343656343656344 0.078054 1 1 1
1 P_0 428 428 0.0563395 0.06947261663286004 0.084705 1 1 1
1 P_0 429 429 0.5 0.5 0.5 1 1 1
1 P_0 430 430 0.051702 0.06424302788844621 0.078905 1 1 1
1 P_0 431 431 0.098415 0.11491317671092952 0.1329935 1 1 1
1 P_0 432 432 0.066531 0.08033106134371958 0.0960255 1 1 1
1 P_0 433 433 0.086198 0.10182370820668693 0.119171 1 1 1
1 P_0 434 434 0 0 0 1 1 1
1 P_0 435 435 0.0490936 0.06153846153846154 0.076199 1 1 1
1 P_0 436 436 0 0 0 1 1 1
1 P_0 437 437 0.2080815 0.22870662460567823 0.2495885 1 1 1
1 P_0 438 438 0.0620065 0.07554671968190854 0.0910755 1 1 1
1 P_0 439 439 0 0 0 1 1 1
1 P_0 440 440 0.1806835 0.2002997002997003 0.2204855 1 1 1
1 P_0 441 441 0.058021 0.07114624505928854 0.086298 1 1 1
1 P_0 442 442 0.063941 0.0778688524590164 0.0938185 1 1 1
1 P_0 443 443 0 0 0 1 1 1
1 P_0 444 444 0.0608875 0.07435129740518961 0.089825 1 1 1
1 P_0 445 445 0.29369 0.31397738951695786 0.333511 1 1 1
1 P_0 446 446 0.5 0.5 0.5 1 1 1
1 P_0 447 447 0 0 0 1 1 1
1 P_0 448 448 0.173749 0.19363256784968685 0.214191 1 1 1
1 P_0 449 449 0 0 0 1 1 1
1 P_0 450 450 0 0 0 1 1 1
1 P_0 451 451 0.301524 0.3217616580310881 0.341147 1 1 1
1 P_0 452 452 0 0 0 1 1 1
1 P_0 453 453 0 0 0 1 1 1
1 P_0 454 454 0.164709 0.18362403100775193 0.2032765 1 1 1
1 P_0 455 455 0.2905635 0.3109504132231405 0.330615 1 1 1
1 P_0 456 456 0 0 0 1 1 1
1 P_0 457 457 0.2866245 0.3066271018793274 0.3259875 1 1 1
1 P_0 458 458 0.058588 0.0720954356846473 0.0877185 1 1 1
1 P_0 459 459 0.2108765 0.23084479371316308 0.251029 1 1 1
1 P_0 460 460 0 0 0 1 1 1
1 P_0 461 461 0.1733605 0.19309989701338826 0.2135115 1 1 1
1 P_0 462 462 0.161522 0.18059701492537314 0.200464 1 1 1
1 P_0 463 463 0.081594 0.09672619047619048 0.113602 1 1 1
1 P_0 464 464 0.051869 0.06461538461538462 0.079541 1 1 1
1 P_0 465 465 0 0 0 1 1 1
1 P_0 466 466 0.1214055 0.1389442231075697 0.1577515 1 1 1
1 P_0 467 467 0.235761 0.25530932594644506 0.274801 1 1 1
1 P_0 468 468 0.213304 0.23330058939096268 0.253485 1 1 1
1 P_0 469 469 0.167387 0.1871713985278654 0.2077135 1 1 1
1 P_0 470 470 0.222281 0.24281314168377824 0.26343 1 1 1
1 P_0 471 471 0.128019 0.1464059196617336 0.166048 1 1 1
1 P_0 472 472 0.12755 0.14543630892678033 0.1645255 1 1 1
1 P_0 473 473 0 0 0 1 1 1
1 P_0 474 474 0.0623205 0.07592407592407592 0.0915215 1 1 1
1 P_0 475 475 0.5 0.5 0.5 1 1 1
1 P_0 476 476 0.0587845 0.07177033492822966 0.086712 1 1 1
1 P_0 477 477 0.225156 0.24548192771084337 0.26586 1 1 1
1 P_0 478 478 0.059519 0.07285429141716566 0.0882165 1 1 1
1 P_0 479 479 0 0 0 1 1 1
1 P_0 480 480 0.1278905 0.14558823529411766 0.16446 1 1 1
1 P_0 481 481 0.081628 0.09627906976744185 0.1125705 1 1 1
1 P_0 482 482 0.089907 0.10574018126888217 0.123239 1 1 1
1 P_0 483 483 0.055943 0.06873184898354308 0.083533 1 1 1
1 P_0 484 484 0.05702 0.07014028056112225 0.085327 1 1 1
1 P_0 485 485 0.0971515 0.11323529411764706 0.1308565 1 1 1
1 P_0 486 486 0.069204 0.0830945558739255 0.0988135 1 1 1
1 P_0 487 487 0.1617965 0.18112244897959184 0.2012545 1 1 1
1 P_0 488 488 0 0 0 1 1 1
1 P_0 489 489 0.5 0.5 0.5 1 1 1
1 P_0 490 490 0.053419 0.06607495069033531 0.0808105 1 1 1
1 P_0 491 491 0.163499 0.18220742150333016 0.2016555 1 1 1
1 P_0 492 492 0.132286 0.15 0.168817 1 1 1
1 P_0 493 493 0.154436 0.17332667332667331 0.193096 1 1 1
1 P_0 494 494 0.0668005 0.08088978766430738 0.0969395 1 1 1
1 P_0 495 495 0 0 0 1 1 1
1 P_0 496 496 0.2222025 0.24248496993987975 0.262854 1 1 1
1 P_0 497 497 0 0 0 1 1 1
1 P_0 498 498 0 0 0 1 1 1
1 P_0 499 499 0.1659505 0.1852409638554217 0.205277 1 1 1
1 P_0 500 500 0 0 0 1 1 1
1 P_0 501 501 0.0600665 0.07351460221550855 0.0890005 1 1 1
1 P_0 502 502 0.05449 0.06722276741903828 0.082012 1 1 1
1 P_0 503 503 0.1677345 0.1867704280155642 0.206512 1 1 1
1 P_0 504 504 0.2443995 0.26479438314944836 0.285019 1 1 1
1 P_0 505 505 0 0 0 1 1 1
1 P_0 506 506 0.059975 0.07335329341317365 0.088753 1 1 1
1 P_0 507 507 0.0709065 0.08572949946751864 0.102558 1 1 1
1 P_0 508 508 0.168673 0.188 0.208038 1 1 1
1 P_0 509 509 0.0846405 0.10010060362173039 0.11729 1 1 1
1 P_0 510 510 0.0578215 0.07080504364694472 0.0857815 1 1 1
1 P_0 511 511 0.217821 0.23802395209580837 0.258364 1 1 1
1 P_0 512 512 0 0 0 1 1 1
1 P_0 513 513 0 0 0 1 1 1
1 P_0 514 514 0.294398 0.3148535564853556 0.334531 1 1 1
1 P_0 515 515 0 0 0 1 1 1
1 P_0 516 516 0.061719 0.07530120481927711 0.0908945 1 1 1
1 P_0 517 517 0.211403 0.2315369261477046 0.251882 1 1 1
1 P_0 518 518 0.5 0.5 0.5 1 1 1
1 P_0 519 519 0 0 0 1 1 1
1 P_0 520 520 0 0 0 1 1 1
1 P_0 521 521 0.059148 0.07277486910994764 0.088529 1 1 1
1 P_0 522 522 0 0 0 1 1 1
1 P_0 523 523 0 0 0 1 1 1
1 P_0 524 524 0.0593575 0.07319698600645856 0.0892175 1 1 1
1 P_0 525 525 0 0 0 1 1 1
1 P_0 526 526 0.065016 0.07905544147843943 0.095107 1 1 1
1 P_0 527 527 0 0 0 1 1 1
1 P_0 528 528 0.1706375 0.18991097922848665 0.2098665 1 1 1
1 P_0 529 529 0.057078 0.07021063189568706 0.085411 1 1 1
1 P_0 530 530 0.214276 0.2342829076620825 0.254467 1 1 1
1 P_0 531 531 0 0 0 1 1 1
1 P_0 532 532 0.289163 0.30879541108986613 0.327783 1 1 1
1 P_0 533 533 0.0823215 0.0977482088024565 0.1149615 1 1 1
1 P_0 534 534 0.1667335 0.18568665377176016 0.205353 1 1 1
1 P_0 535 535 0.158347 0.17768595041322313 0.1978815 1 1 1
1 P_0 536 536 0 0 0 1 1 1
1 P_0 537 537 0.230955 0.25124626121635096 0.2715235 1 1 1
1 P_0 538 538 0.0516475 0.06401551891367604 0.078452 1 1 1
1 P_0 539 539 0.165674 0.18539915966386555 0.205902 1 1 1
1 P_0 540 540 0.1798945 0.19979402677651906 0.2202865 1 1 1
1 P_0 541 541 0.072043 0.08635917566241413 0.102517 1 1 1
1 P_0 542 542 0.1627565 0.18177339901477832 0.2015615 1 1 1
1 P_0 543 543 0 0 0 1 1 1
1 P_0 544 544 0 0 0 1 1 1
1 P_0 545 545 0.1631915 0.18241206030150753 0.202412 1 1 1
1 P_0 546 546 0.160822 0.17972575905974536 0.199419 1 1 1
1 P_0 547 547 0.2234655 0.24390243902439024 0.2644105 1 1 1
1 P_0 548 548 0.1761095 0.19560878243512975 0.2157305 1 1 1
1 P_0 549 549 0.0559935 0.06910569105691057 0.0843255 1 1 1
1 P_0 550 550 0 0 0 1 1 1
1 P_0 551 551 0.058589 0.07178217821782178 0.0869985 1 1 1
1 P_0 552 552 0 0 0 1 1 1
1 P_0 553 553 0.07783 0.09303534303534304 0.1101115 1 1 1
1 P_0 554 554 0.0622885 0.07578740157480315 0.091252 1 1 1
1 P_0 555 555 0 0 0 1 1 1
1 P_0 556 556 0 0 0 1 1 1
1 P_0 557 557 0.175522 0.19549266247379454 0.2161185 1 1 1
1 P_0 558 558 0.1670805 0.18672199170124482 0.207116 1 1 1
1 P_0 559 559 0 0 0 1 1 1
1 P_0 560 560 0.082152 0.09724950884086445 0.1140675 1 1 1
