10 #m
62 #n
0 P_8 0 0 0 0 0 1 1 1
0 P_8 1 1 0.5 0.5 0.5 1 1 1
0 P_8 2 2 0 0 0 1 1 1
0 P_8 3 3 0 0 0 1 1 1
0 P_8 4 4 0.0380504 0.0488394584139265 0.061859 1 1 1
0 P_8 5 5 0 0 0 1 1 1
0 P_8 6 6 0 0 0 1 1 1
0 P_8 7 7 0 0 0 1 1 1
0 P_8 8 8 0.04353055 0.055327868852459015 0.0694115 1 1 1
0 P_8 9 9 0 0 0 1 1 1
0 P_8 10 10 0 0 0 1 1 1
0 P_8 11 11 0 0 0 1 1 1
0 P_8 12 12 0.5 0.5 0.5 1 1 1
0 P_8 13 13 0 0 0 1 1 1
0 P_8 14 14 0.055388 0.06815968841285297 0.0829615 1 1 1
0 P_8 15 15 0.5 0.5 0.5 1 1 1
0 P_8 16 16 0.5 0.5 0.5 1 1 1
0 P_8 17 17 0 0 0 1 1 1
0 P_8 18 18 0.4270915 0.44106280193236713 0.4529175 1 1 1
0 P_8 19 19 0.4256485 0.44054054054054054 0.453072 1 1 1
0 P_8 20 20 0 0 0 1 1 1
0 P_8 21 21 0.5 0.5 0.5 1 1 1
0 P_8 22 22 0.5 0.5 0.5 1 1 1
0 P_8 23 23 0 0 0 1 1 1
0 P_8 24 24 0.5 0.5 0.5 1 1 1
0 P_8 25 25 0 0 0 1 1 1
0 P_8 26 26 0 0 0 1 1 1
0 P_8 27 27 0 0 0 1 1 1
0 P_8 28 28 0.5 0.5 0.5 1 1 1
0 P_8 29 29 0 0 0 1 1 1
0 P_8 30 30 0.42832750000000003 0.44244244244244246 0.454349 1 1 1
0 P_8 31 31 0.430061 0.4437022900763359 0.4552245 1 1 1
0 P_8 32 32 0.4268135 0.44083414161008727 0.4527325 1 1 1
0 P_8 33 33 0 0 0 1 1 1
0 P_8 34 34 0.04480505 0.05668016194331984 0.0707985 1 1 1
0 P_8 35 35 0 0 0 1 1 1
0 P_8 36 36 0 0 0 1 1 1
0 P_8 37 37 0 0 0 1 1 1
0 P_8 38 38 0 0 0 1 1 1
0 P_8 39 39 0.5 0.5 0.5 1 1 1
0 P_8 40 40 0 0 0 1 1 1
0 P_8 41 41 0 0 0 1 1 1
0 P_8 42 42 0 0 0 1 1 1
0 P_8 43 43 0.5 0.5 0.5 1 1 1
0 P_8 44 44 0.5 0.5 0.5 1 1 1
0 P_8 45 45 0 0 0 1 1 1
0 P_8 46 46 0 0 0 1 1 1
0 P_8 47 47 0 0 0 1 1 1
0 P_8 48 48 0 0 0 1 1 1
0 P_8 49 49 0 0 0 1 1 1
0 P_8 50 50 0 0 0 1 1 1
0 P_8 51 51 0 0 0 1 1 1
0 P_8 52 52 0 0 0 1 1 1
0 P_8 53 53 0.04445245 0.056485355648535567 0.0708385 1 1 1
0 P_8 54 54 0.0381869 0.04933196300102775 0.062841 1 1 1
0 P_8 55 55 0 0 0 1 1 1
0 P_8 56 56 0 0 0 1 1 1
0 P_8 57 57 0 0 0 1 1 1
0 P_8 58 58 0 0 0 1 1 1
0 P_8 59 59 0 0 0 1 1 1
0 P_8 60 60 0.4284015 0.442090395480226 0.453705 1 1 1
0 P_8 61 61 0.5 0.5 0.5 1 1 1
1 P_7 0 0 0 0 0 1 1 1
1 P_7 1 1 0.5 0.5 0.5 1 1 1
1 P_7 2 2 0 0 0 1 1 1
1 P_7 3 3 0 0 0 1 1 1
1 P_7 4 4 0 0 0 1 1 1
1 P_7 5 5 0.0656545 0.07952286282306163 0.0953345 1 1 1
1 P_7 6 6 0.2488765 0.2686849574266793 0.2882905 1 1 1
1 P_7 7 7 0.249007 0.2692307692307692 0.289237 1 1 1
1 P_7 8 8 0.0628145 0.07632093933463796 0.091776 1 1 1
1 P_7 9 9 0.0559945 0.069 0.084081 1 1 1
1 P_7 10 10 0 0 0 1 1 1
1 P_7 11 11 0.129956 0.14747859181731685 0.16612 1 1 1
1 P_7 12 12 0.5 0.5 0.5 1 1 1
1 P_7 13 13 0 0 0 1 1 1
1 P_7 14 14 0 0 0 1 1 1
1 P_7 15 15 0.5 0.5 0.5 1 1 1
1 P_7 16 16 0.5 0.5 0.5 1 1 1
1 P_7 17 17 0 0 0 1 1 1
1 P_7 18 18 0.2539725 0.27420948616600793 0.2941725 1 1 1
1 P_7 19 19 0.2342635 0.25488180883864336 0.2754425 1 1 1
1 P_7 20 20 0.066499 0.08067831449126413 0.0968525 1 1 1
1 P_7 21 21 0.5 0.5 0.5 1 1 1
1 P_7 22 22 0.5 0.5 0.5 1 1 1
1 P_7 23 23 0.1518315 0.1706827309236948 0.1904475 1 1 1
1 P_7 24 24 0.5 0.5 0.5 1 1 1
1 P_7 25 25 0 0 0 1 1 1
1 P_7 26 26 0 0 0 1 1 1
1 P_7 27 27 0.061197 0.07472417251755266 0.090267 1 1 1
1 P_7 28 28 0.5 0.5 0.5 1 1 1
1 P_7 29 29 0 0 0 1 1 1
1 P_7 30 30 0 0 0 1 1 1
1 P_7 31 31 0.245012 0.26513671875 0.2850915 1 1 1
1 P_7 32 32 0.253377 0.27372627372627373 0.293804 1 1 1
1 P_7 33 33 0 0 0 1 1 1
1 P_7 34 34 0 0 0 1 1 1
1 P_7 35 35 0 0 0 1 1 1
1 P_7 36 36 0 0 0 1 1 1
1 P_7 37 37 0.246451 0.26653696498054474 0.2864385 1 1 1
1 P_7 38 38 0.159619 0.17875125881168177 0.1987065 1 1 1
1 P_7 39 39 0.5 0.5 0.5 1 1 1
1 P_7 40 40 0.1513005 0.16970278044103548 0.188988 1 1 1
1 P_7 41 41 0 0 0 1 1 1
1 P_7 42 42 0.1427105 0.16068052930056712 0.1796185 1 1 1
1 P_7 43 43 0.5 0.5 0.5 1 1 1
1 P_7 44 44 0.5 0.5 0.5 1 1 1
1 P_7 45 45 0.150998 0.16985887096774194 0.189646 1 1 1
1 P_7 46 46 0 0 0 1 1 1
1 P_7 47 47 0.231112 0.25122428991185114 0.271323 1 1 1
1 P_7 48 48 0 0 0 1 1 1
1 P_7 49 49 0.232113 0.2518939393939394 0.2716545 1 1 1
1 P_7 50 50 0 0 0 1 1 1
1 P_7 51 51 0.144241 0.16247582205029013 0.1816815 1 1 1
1 P_7 52 52 0 0 0 1 1 1
1 P_7 53 53 0 0 0 1 1 1
1 P_7 54 54 0 0 0 1 1 1
1 P_7 55 55 0 0 0 1 1 1
1 P_7 56 56 0 0 0 1 1 1
1 P_7 57 57 0 0 0 1 1 1
1 P_7 58 58 0.14034 0.15906735751295337 0.1788755 1 1 1
1 P_7 59 59 0 0 0 1 1 1
1 P_7 60 60 0.2477465 0.268586387434555 0.289203 1 1 1
1 P_7 61 61 0.5 0.5 0.5 1 1 1
2 P_4 0 0 0 0 0 1 1 1
2 P_4 1 1 0.5 0.5 0.5 1 1 1
2 P_4 2 2 0 0 0 1 1 1
2 P_4 3 3 0.5 0.5 0.5 1 1 1
2 P_4 4 4 0 0 0 1 1 1
2 P_4 5 5 0 0 0 1 1 1
2 P_4 6 6 0 0 0 1 1 1
2 P_4 7 7 0 0 0 1 1 1
2 P_4 8 8 0 0 0 1 1 1
2 P_4 9 9 0 0 0 1 1 1
2 P_4 10 10 0.5 0.5 0.5 1 1 1
2 P_4 11 11 0 0 0 1 1 1
2 P_4 12 12 0.5 0.5 0.5 1 1 1
2 P_4 13 13 0.5 0.5 0.5 1 1 1
2 P_4 14 14 0 0 0 1 1 1
2 P_4 15 15 0.5 0.5 0.5 1 1 1
2 P_4 16 16 0.5 0.5 0.5 1 1 1
2 P_4 17 17 0 0 0 1 1 1
2 P_4 18 18 0 0 0 1 1 1
2 P_4 19 19 0 0 0 1 1 1
2 P_4 20 20 0 0 0 1 1 1
2 P_4 21 21 0.5 0.5 0.5 1 1 1
2 P_4 22 22 0.5 0.5 0.5 1 1 1
2 P_4 23 23 0 0 0 1 1 1
2 P_4 24 24 0.5 0.5 0.5 1 1 1
2 P_4 25 25 0.5 0.5 0.5 1 1 1
2 P_4 26 26 0 0 0 1 1 1
2 P_4 27 27 0 0 0 1 1 1
2 P_4 28 28 0.5 0.5 0.5 1 1 1
2 P_4 29 29 0 0 0 1 1 1
2 P_4 30 30 0 0 0 1 1 1
2 P_4 31 31 0 0 0 1 1 1
2 P_4 32 32 0 0 0 1 1 1
2 P_4 33 33 0 0 0 1 1 1
2 P_4 34 34 0 0 0 1 1 1
2 P_4 35 35 0 0 0 1 1 1
2 P_4 36 36 0 0 0 1 1 1
2 P_4 37 37 0 0 0 1 1 1
2 P_4 38 38 0 0 0 1 1 1
2 P_4 39 39 0.5 0.5 0.5 1 1 1
2 P_4 40 40 0 0 0 1 1 1
2 P_4 41 41 0 0 0 1 1 1
2 P_4 42 42 0 0 0 1 1 1
2 P_4 43 43 0.5 0.5 0.5 1 1 1
2 P_4 44 44 0 0 0 1 1 1
2 P_4 45 45 0 0 0 1 1 1
2 P_4 46 46 0 0 0 1 1 1
2 P_4 47 47 0 0 0 1 1 1
2 P_4 48 48 0.5 0.5 0.5 1 1 1
2 P_4 49 49 0 0 0 1 1 1
2 P_4 50 50 0 0 0 1 1 1
2 P_4 51 51 0 0 0 1 1 1
2 P_4 52 52 0 0 0 1 1 1
2 P_4 53 53 0 0 0 1 1 1
2 P_4 54 54 0 0 0 1 1 1
2 P_4 55 55 0 0 0 1 1 1
2 P_4 56 56 0 0 0 1 1 1
2 P_4 57 57 0 0 0 1 1 1
2 P_4 58 58 0 0 0 1 1 1
2 P_4 59 59 0 0 0 1 1 1
2 P_4 60 60 0 0 0 1 1 1
2 P_4 61 61 0.5 0.5 0.5 1 1 1
3 P_9 0 0 0 0 0 1 1 1
3 P_9 1 1 0.5 0.5 0.5 1 1 1
3 P_9 2 2 0 0 0 1 1 1
3 P_9 3 3 0.133354 0.1509433962264151 0.1696045 1 1 1
3 P_9 4 4 0.0844805 0.1 0.117266 1 1 1
3 P_9 5 5 0.1091455 0.12658898305084745 0.1455315 1 1 1
3 P_9 6 6 0 0 0 1 1 1
3 P_9 7 7 0 0 0 1 1 1
3 P_9 8 8 0.191949 0.21184738955823293 0.232185 1 1 1
3 P_9 9 9 0.1049505 0.12163509471585245 0.1397875 1 1 1
3 P_9 10 10 0.141703 0.16016016016016016 0.1796485 1 1 1
3 P_9 11 11 0 0 0 1 1 1
3 P_9 12 12 0.5 0.5 0.5 1 1 1
3 P_9 13 13 0.1470115 0.16566566566566568 0.185288 1 1 1
3 P_9 14 14 0.0841535 0.09940944881889764 0.116365 1 1 1
3 P_9 15 15 0.5 0.5 0.5 1 1 1
3 P_9 16 16 0.5 0.5 0.5 1 1 1
3 P_9 17 17 0 0 0 1 1 1
3 P_9 18 18 0.1165415 0.13390170511534605 0.1525975 1 1 1
3 P_9 19 19 0.1139035 0.1311806256306761 0.1498325 1 1 1
3 P_9 20 20 0.099556 0.11621900826446281 0.134467 1 1 1
3 P_9 21 21 0.5 0.5 0.5 1 1 1
3 P_9 22 22 0.5 0.5 0.5 1 1 1
3 P_9 23 23 0 0 0 1 1 1
3 P_9 24 24 0.5 0.5 0.5 1 1 1
3 P_9 25 25 0.1477925 0.16603053435114504 0.185188 1 1 1
3 P_9 26 26 0 0 0 1 1 1
3 P_9 27 27 0.1014975 0.11767531219980788 0.135311 1 1 1
3 P_9 28 28 0.5 0.5 0.5 1 1 1
3 P_9 29 29 0 0 0 1 1 1
3 P_9 30 30 0.123189 0.140973630831643 0.160026 1 1 1
3 P_9 31 31 0.1189095 0.136318407960199 0.1550245 1 1 1
3 P_9 32 32 0.108382 0.12537917087967643 0.1438215 1 1 1
3 P_9 33 33 0 0 0 1 1 1
3 P_9 34 34 0.0746715 0.08932135728542914 0.10581 1 1 1
3 P_9 35 35 0 0 0 1 1 1
3 P_9 36 36 0 0 0 1 1 1
3 P_9 37 37 0 0 0 1 1 1
3 P_9 38 38 0 0 0 1 1 1
3 P_9 39 39 0.5 0.5 0.5 1 1 1
3 P_9 40 40 0 0 0 1 1 1
3 P_9 41 41 0 0 0 1 1 1
3 P_9 42 42 0 0 0 1 1 1
3 P_9 43 43 0.5 0.5 0.5 1 1 1
3 P_9 44 44 0.329557 0.3484555984555985 0.3662645 1 1 1
3 P_9 45 45 0 0 0 1 1 1
3 P_9 46 46 0 0 0 1 1 1
3 P_9 47 47 0 0 0 1 1 1
3 P_9 48 48 0.1506085 0.1695519348268839 0.189435 1 1 1
3 P_9 49 49 0 0 0 1 1 1
3 P_9 50 50 0 0 0 1 1 1
3 P_9 51 51 0 0 0 1 1 1
3 P_9 52 52 0 0 0 1 1 1
3 P_9 53 53 0.077594 0.09280500521376434 0.109895 1 1 1
3 P_9 54 54 0.0703315 0.08447265625 0.1004675 1 1 1
3 P_9 55 55 0 0 0 1 1 1
3 P_9 56 56 0 0 0 1 1 1
3 P_9 57 57 0 0 0 1 1 1
3 P_9 58 58 0 0 0 1 1 1
3 P_9 59 59 0 0 0 1 1 1
3 P_9 60 60 0.104899 0.12135922330097088 0.139252 1 1 1
3 P_9 61 61 0.5 0.5 0.5 1 1 1
4 P_3 0 0 0 0 0 1 1 1
4 P_3 1 1 0.5 0.5 0.5 1 1 1
4 P_3 2 2 0 0 0 1 1 1
4 P_3 3 3 0 0 0 1 1 1
4 P_3 4 4 0 0 0 1 1 1
4 P_3 5 5 0.107947 0.12463343108504399 0.1427255 1 1 1
4 P_3 6 6 0 0 0 1 1 1
4 P_3 7 7 0 0 0 1 1 1
4 P_3 8 8 0.1046325 0.12153846153846154 0.139955 1 1 1
4 P_3 9 9 0.1026985 0.11926147704590818 0.1373205 1 1 1
4 P_3 10 10 0 0 0 1 1 1
4 P_3 11 11 0.195224 0.21522177419354838 0.2356215 1 1 1
4 P_3 12 12 0.5 0.5 0.5 1 1 1
4 P_3 13 13 0 0 0 1 1 1
4 P_3 14 14 0 0 0 1 1 1
4 P_3 15 15 0.5 0.5 0.5 1 1 1
4 P_3 16 16 0.5 0.5 0.5 1 1 1
4 P_3 17 17 0 0 0 1 1 1
4 P_3 18 18 0.1350375 0.1537645811240721 0.1736615 1 1 1
4 P_3 19 19 0.123587 0.14128256513026052 0.160227 1 1 1
4 P_3 20 20 0.111527 0.1284313725490196 0.1467025 1 1 1
4 P_3 21 21 0.5 0.5 0.5 1 1 1
4 P_3 22 22 0.5 0.5 0.5 1 1 1
4 P_3 23 23 0.228595 0.24922600619195046 0.269866 1 1 1
4 P_3 24 24 0.5 0.5 0.5 1 1 1
4 P_3 25 25 0 0 0 1 1 1
4 P_3 26 26 0 0 0 1 1 1
4 P_3 27 27 0.1008215 0.11746680286006128 0.1356645 1 1 1
4 P_3 28 28 0.5 0.5 0.5 1 1 1
4 P_3 29 29 0 0 0 1 1 1
4 P_3 30 30 0.147646 0.16633266533066132 0.1859805 1 1 1
4 P_3 31 31 0.123152 0.1412133891213389 0.16057949999999999 1 1 1
4 P_3 32 32 0.11741 0.13509316770186336 0.15414 1 1 1
4 P_3 33 33 0 0 0 1 1 1
4 P_3 34 34 0 0 0 1 1 1
4 P_3 35 35 0 0 0 1 1 1
4 P_3 36 36 0 0 0 1 1 1
4 P_3 37 37 0 0 0 1 1 1
4 P_3 38 38 0.214727 0.234375 0.2541925 1 1 1
4 P_3 39 39 0.5 0.5 0.5 1 1 1
4 P_3 40 40 0.2052725 0.22524752475247525 0.2455035 1 1 1
4 P_3 41 41 0 0 0 1 1 1
4 P_3 42 42 0.2129895 0.2331013916500994 0.253406 1 1 1
4 P_3 43 43 0.5 0.5 0.5 1 1 1
4 P_3 44 44 0.5 0.5 0.5 1 1 1
4 P_3 45 45 0.2172835 0.23761375126390294 0.2580875 1 1 1
4 P_3 46 46 0 0 0 1 1 1
4 P_3 47 47 0 0 0 1 1 1
4 P_3 48 48 0 0 0 1 1 1
4 P_3 49 49 0 0 0 1 1 1
4 P_3 50 50 0 0 0 1 1 1
4 P_3 51 51 0.211841 0.232 0.2523655 1 1 1
4 P_3 52 52 0 0 0 1 1 1
4 P_3 53 53 0 0 0 1 1 1
4 P_3 54 54 0 0 0 1 1 1
4 P_3 55 55 0 0 0 1 1 1
4 P_3 56 56 0 0 0 1 1 1
4 P_3 57 57 0 0 0 1 1 1
4 P_3 58 58 0.202005 0.22189349112426035 0.2421 1 1 1
4 P_3 59 59 0 0 0 1 1 1
4 P_3 60 60 0.1233255 0.1408243375858685 0.159552 1 1 1
4 P_3 61 61 0.5 0.5 0.5 1 1 1
5 P_0 0 0 0 0 0 1 1 1
5 P_0 1 1 0.5 0.5 0.5 1 1 1
5 P_0 2 2 0 0 0 1 1 1
5 P_0 3 3 0 0 0 1 1 1
5 P_0 4 4 0.2501775 0.27058232931726905 0.2907505 1 1 1
5 P_0 5 5 0.0762865 0.09090909090909091 0.107315 1 1 1
5 P_0 6 6 0 0 0 1 1 1
5 P_0 7 7 0 0 0 1 1 1
5 P_0 8 8 0.5 0.5 0.5 1 1 1
5 P_0 9 9 0.2081415 0.22817460317460317 0.248456 1 1 1
5 P_0 10 10 0 0 0 1 1 1
5 P_0 11 11 0 0 0 1 1 1
5 P_0 12 12 0.5 0.5 0.5 1 1 1
5 P_0 13 13 0 0 0 1 1 1
5 P_0 14 14 0.258861 0.2787907869481766 0.2984035 1 1 1
5 P_0 15 15 0.5 0.5 0.5 1 1 1
5 P_0 16 16 0.5 0.5 0.5 1 1 1
5 P_0 17 17 0 0 0 1 1 1
5 P_0 18 18 0 0 0 1 1 1
5 P_0 19 19 0 0 0 1 1 1
5 P_0 20 20 0.0667415 0.08039961941008564 0.095908 1 1 1
5 P_0 21 21 0.5 0.5 0.5 1 1 1
5 P_0 22 22 0.5 0.5 0.5 1 1 1
5 P_0 23 23 0 0 0 1 1 1
5 P_0 24 24 0.5 0.5 0.5 1 1 1
5 P_0 25 25 0 0 0 1 1 1
5 P_0 26 26 0.105293 0.12209889001009082 0.1403845 1 1 1
5 P_0 27 27 0.2004955 0.22069317023445464 0.2412335 1 1 1
5 P_0 28 28 0.5 0.5 0.5 1 1 1
5 P_0 29 29 0.060912 0.07433102081268583 0.089746 1 1 1
5 P_0 30 30 0 0 0 1 1 1
5 P_0 31 31 0 0 0 1 1 1
5 P_0 32 32 0 0 0 1 1 1
5 P_0 33 33 0.0685915 0.08282828282828283 0.099001 1 1 1
5 P_0 34 34 0.2567135 0.27695351137487634 0.296888 1 1 1
5 P_0 35 35 0.108427 0.12524752475247525 0.143485 1 1 1
5 P_0 36 36 0 0 0 1 1 1
5 P_0 37 37 0 0 0 1 1 1
5 P_0 38 38 0 0 0 1 1 1
5 P_0 39 39 0.5 0.5 0.5 1 1 1
5 P_0 40 40 0 0 0 1 1 1
5 P_0 41 41 0 0 0 1 1 1
5 P_0 42 42 0 0 0 1 1 1
5 P_0 43 43 0.5 0.5 0.5 1 1 1
5 P_0 44 44 0.5 0.5 0.5 1 1 1
5 P_0 45 45 0 0 0 1 1 1
5 P_0 46 46 0 0 0 1 1 1
5 P_0 47 47 0 0 0 1 1 1
5 P_0 48 48 0 0 0 1 1 1
5 P_0 49 49 0 0 0 1 1 1
5 P_0 50 50 0 0 0 1 1 1
5 P_0 51 51 0 0 0 1 1 1
5 P_0 52 52 0 0 0 1 1 1
5 P_0 53 53 0.2419675 0.2626943005181347 0.2832705 1 1 1
5 P_0 54 54 0.2568405 0.27686350435624396 0.2965885 1 1 1
5 P_0 55 55 0.1209845 0.1381453154875717 0.156533 1 1 1
5 P_0 56 56 0 0 0 1 1 1
5 P_0 57 57 0 0 0 1 1 1
5 P_0 58 58 0 0 0 1 1 1
5 P_0 59 59 0 0 0 1 1 1
5 P_0 60 60 0 0 0 1 1 1
5 P_0 61 61 0.5 0.5 0.5 1 1 1
6 P_2 0 0 0 0 0 1 1 1
6 P_2 1 1 0.5 0.5 0.5 1 1 1
6 P_2 2 2 0 0 0 1 1 1
6 P_2 3 3 0.5 0.5 0.5 1 1 1
6 P_2 4 4 0 0 0 1 1 1
6 P_2 5 5 0 0 0 1 1 1
6 P_2 6 6 0 0 0 1 1 1
6 P_2 7 7 0 0 0 1 1 1
6 P_2 8 8 0 0 0 1 1 1
6 P_2 9 9 0 0 0 1 1 1
6 P_2 10 10 0.5 0.5 0.5 1 1 1
6 P_2 11 11 0 0 0 1 1 1
6 P_2 12 12 0.5 0.5 0.5 1 1 1
6 P_2 13 13 0.5 0.5 0.5 1 1 1
6 P_2 14 14 0 0 0 1 1 1
6 P_2 15 15 0.5 0.5 0.5 1 1 1
6 P_2 16 16 0.5 0.5 0.5 1 1 1
6 P_2 17 17 0 0 0 1 1 1
6 P_2 18 18 0 0 0 1 1 1
6 P_2 19 19 0 0 0 1 1 1
6 P_2 20 20 0 0 0 1 1 1
6 P_2 21 21 0.5 0.5 0.5 1 1 1
6 P_2 22 22 0.5 0.5 0.5 1 1 1
6 P_2 23 23 0 0 0 1 1 1
6 P_2 24 24 0.5 0.5 0.5 1 1 1
6 P_2 25 25 0.5 0.5 0.5 1 1 1
6 P_2 26 26 0 0 0 1 1 1
6 P_2 27 27 0 0 0 1 1 1
6 P_2 28 28 0.5 0.5 0.5 1 1 1
6 P_2 29 29 0 0 0 1 1 1
6 P_2 30 30 0 0 0 1 1 1
6 P_2 31 31 0 0 0 1 1 1
6 P_2 32 32 0 0 0 1 1 1
6 P_2 33 33 0 0 0 1 1 1
6 P_2 34 34 0 0 0 1 1 1
6 P_2 35 35 0 0 0 1 1 1
6 P_2 36 36 0 0 0 1 1 1
6 P_2 37 37 0 0 0 1 1 1
6 P_2 38 38 0 0 0 1 1 1
6 P_2 39 39 0.5 0.5 0.5 1 1 1
6 P_2 40 40 0 0 0 1 1 1
6 P_2 41 41 0 0 0 1 1 1
6 P_2 42 42 0 0 0 1 1 1
6 P_2 43 43 0.5 0.5 0.5 1 1 1
6 P_2 44 44 0 0 0 1 1 1
6 P_2 45 45 0 0 0 1 1 1
6 P_2 46 46 0 0 0 1 1 1
6 P_2 47 47 0 0 0 1 1 1
6 P_2 48 48 0.5 0.5 0.5 1 1 1
6 P_2 49 49 0 0 0 1 1 1
6 P_2 50 50 0 0 0 1 1 1
6 P_2 51 51 0 0 0 1 1 1
6 P_2 52 52 0 0 0 1 1 1
6 P_2 53 53 0 0 0 1 1 1
6 P_2 54 54 0 0 0 1 1 1
6 P_2 55 55 0 0 0 1 1 1
6 P_2 56 56 0 0 0 1 1 1
6 P_2 57 57 0 0 0 1 1 1
6 P_2 58 58 0 0 0 1 1 1
6 P_2 59 59 0 0 0 1 1 1
6 P_2 60 60 0 0 0 1 1 1
6 P_2 61 61 0.5 0.5 0.5 1 1 1
7 P_5 0 0 0.070037 0.0847457627118644 0.1014615 1 1 1
7 P_5 1 1 0.5 0.5 0.5 1 1 1
7 P_5 2 2 0.0818805 0.09732234809474768 0.114567 1 1 1
7 P_5 3 3 0.1458285 0.16448692152917505 0.184132 1 1 1
7 P_5 4 4 0.3236045 0.34288537549407117 0.361114 1 1 1
7 P_5 5 5 0 0 0 1 1 1
7 P_5 6 6 0 0 0 1 1 1
7 P_5 7 7 0 0 0 1 1 1
7 P_5 8 8 0.3216845 0.3413265306122449 0.3599 1 1 1
7 P_5 9 9 0 0 0 1 1 1
7 P_5 10 10 0.0664725 0.08054711246200608 0.0965905 1 1 1
7 P_5 11 11 0 0 0 1 1 1
7 P_5 12 12 0.5 0.5 0.5 1 1 1
7 P_5 13 13 0.1531085 0.1716779825412221 0.191119 1 1 1
7 P_5 14 14 0.33093 0.3498542274052478 0.3676655 1 1 1
7 P_5 15 15 0.5 0.5 0.5 1 1 1
7 P_5 16 16 0.5 0.5 0.5 1 1 1
7 P_5 17 17 0.06279 0.07614942528735633 0.0914185 1 1 1
7 P_5 18 18 0 0 0 1 1 1
7 P_5 19 19 0 0 0 1 1 1
7 P_5 20 20 0 0 0 1 1 1
7 P_5 21 21 0.5 0.5 0.5 1 1 1
7 P_5 22 22 0.5 0.5 0.5 1 1 1
7 P_5 23 23 0 0 0 1 1 1
7 P_5 24 24 0.5 0.5 0.5 1 1 1
7 P_5 25 25 0.062351 0.07586206896551724 0.0913405 1 1 1
7 P_5 26 26 0 0 0 1 1 1
7 P_5 27 27 0 0 0 1 1 1
7 P_5 28 28 0.5 0.5 0.5 1 1 1
7 P_5 29 29 0.3247935 0.34409136047666333 0.3623175 1 1 1
7 P_5 30 30 0 0 0 1 1 1
7 P_5 31 31 0 0 0 1 1 1
7 P_5 32 32 0 0 0 1 1 1
7 P_5 33 33 0.3150735 0.3344760039177277 0.3529295 1 1 1
7 P_5 34 34 0.3239365 0.34293948126801155 0.3609185 1 1 1
7 P_5 35 35 0 0 0 1 1 1
7 P_5 36 36 0 0 0 1 1 1
7 P_5 37 37 0 0 0 1 1 1
7 P_5 38 38 0 0 0 1 1 1
7 P_5 39 39 0.5 0.5 0.5 1 1 1
7 P_5 40 40 0 0 0 1 1 1
7 P_5 41 41 0 0 0 1 1 1
7 P_5 42 42 0 0 0 1 1 1
7 P_5 43 43 0.5 0.5 0.5 1 1 1
7 P_5 44 44 0.3220095 0.34180497925311204 0.3605085 1 1 1
7 P_5 45 45 0 0 0 1 1 1
7 P_5 46 46 0 0 0 1 1 1
7 P_5 47 47 0 0 0 1 1 1
7 P_5 48 48 0.1506475 0.16929911154985192 0.1888645 1 1 1
7 P_5 49 49 0 0 0 1 1 1
7 P_5 50 50 0.0662795 0.080078125 0.09578 1 1 1
7 P_5 51 51 0 0 0 1 1 1
7 P_5 52 52 0.061989 0.07557557557557558 0.091164 1 1 1
7 P_5 53 53 0.3156525 0.3355739400206825 0.354481 1 1 1
7 P_5 54 54 0.3227495 0.3421578421578422 0.3605105 1 1 1
7 P_5 55 55 0 0 0 1 1 1
7 P_5 56 56 0.0579915 0.0712136409227683 0.0864915 1 1 1
7 P_5 57 57 0.0640265 0.07772277227722772 0.093375 1 1 1
7 P_5 58 58 0 0 0 1 1 1
7 P_5 59 59 0 0 0 1 1 1
7 P_5 60 60 0 0 0 1 1 1
7 P_5 61 61 0.5 0.5 0.5 1 1 1
8 P_1 0 0 0.105587 0.12199807877041306 0.139819 1 1 1
8 P_1 1 1 0.5 0.5 0.5 1 1 1
8 P_1 2 2 0.111451 0.12848605577689243 0.146909 1 1 1
8 P_1 3 3 0.109758 0.12675350701402804 0.145165 1 1 1
8 P_1 4 4 0 0 0 1 1 1
8 P_1 5 5 0 0 0 1 1 1
8 P_1 6 6 0 0 0 1 1 1
8 P_1 7 7 0 0 0 1 1 1
8 P_1 8 8 0.058868 0.07222222222222222 0.087635 1 1 1
8 P_1 9 9 0.0568355 0.06981317600786627 0.0848225 1 1 1
8 P_1 10 10 0 0 0 1 1 1
8 P_1 11 11 0.248816 0.2693877551020408 0.289733 1 1 1
8 P_1 12 12 0.5 0.5 0.5 1 1 1
8 P_1 13 13 0.1073535 0.12436289500509684 0.1428405 1 1 1
8 P_1 14 14 0 0 0 1 1 1
8 P_1 15 15 0.5 0.5 0.5 1 1 1
8 P_1 16 16 0.5 0.5 0.5 1 1 1
8 P_1 17 17 0.095053 0.11054579093432007 0.1275185 1 1 1
8 P_1 18 18 0 0 0 1 1 1
8 P_1 19 19 0.035986 0.047058823529411764 0.060619 1 1 1
8 P_1 20 20 0 0 0 1 1 1
8 P_1 21 21 0.5 0.5 0.5 1 1 1
8 P_1 22 22 0.5 0.5 0.5 1 1 1
8 P_1 23 23 0.2484625 0.26892028254288597 0.289159 1 1 1
8 P_1 24 24 0.5 0.5 0.5 1 1 1
8 P_1 25 25 0 0 0 1 1 1
8 P_1 26 26 0.0592575 0.07274590163934426 0.0883165 1 1 1
8 P_1 27 27 0.063995 0.0781414994720169 0.0943685 1 1 1
8 P_1 28 28 0.5 0.5 0.5 1 1 1
8 P_1 29 29 0 0 0 1 1 1
8 P_1 30 30 0 0 0 1 1 1
8 P_1 31 31 0 0 0 1 1 1
8 P_1 32 32 0 0 0 1 1 1
8 P_1 33 33 0 0 0 1 1 1
8 P_1 34 34 0 0 0 1 1 1
8 P_1 35 35 0.054382 0.06709108716944172 0.0818545 1 1 1
8 P_1 36 36 0.0393985 0.05055055055055055 0.063991 1 1 1
8 P_1 37 37 0 0 0 1 1 1
8 P_1 38 38 0.2552865 0.27509469696969696 0.29463 1 1 1
8 P_1 39 39 0.5 0.5 0.5 1 1 1
8 P_1 40 40 0.2411515 0.2615927419354839 0.2819 1 1 1
8 P_1 41 41 0.0416239 0.05305305305305305 0.066742 1 1 1
8 P_1 42 42 0.2481275 0.2687950566426365 0.2892405 1 1 1
8 P_1 43 43 0.5 0.5 0.5 1 1 1
8 P_1 44 44 0.35695 0.37537993920972645 0.3923535 1 1 1
8 P_1 45 45 0.2353765 0.25579053373615307 0.2761375 1 1 1
8 P_1 46 46 0.0385402 0.0494613124387855 0.062634 1 1 1
8 P_1 47 47 0 0 0 1 1 1
8 P_1 48 48 0.0917895 0.10795454545454546 0.125802 1 1 1
8 P_1 49 49 0 0 0 1 1 1
8 P_1 50 50 0.109172 0.12642487046632125 0.145146 1 1 1
8 P_1 51 51 0.2618455 0.28225806451612906 0.302298 1 1 1
8 P_1 52 52 0.117743 0.13521695257315844 0.154019 1 1 1
8 P_1 53 53 0 0 0 1 1 1
8 P_1 54 54 0 0 0 1 1 1
8 P_1 55 55 0.054485 0.06748466257668712 0.0826235 1 1 1
8 P_1 56 56 0.0968675 0.11342351716961499 0.131609 1 1 1
8 P_1 57 57 0.0996975 0.11599210266535044 0.1338035 1 1 1
8 P_1 58 58 0.249334 0.2704741379310345 0.2913615 1 1 1
8 P_1 59 59 0.03728515 0.04811507936507937 0.061241 1 1 1
8 P_1 60 60 0.0387099 0.05 0.063678 1 1 1
8 P_1 61 61 0.5 0.5 0.5 1 1 1
9 P_6 0 0 0 0 0 1 1 1
9 P_6 1 1 0.5 0.5 0.5 1 1 1
9 P_6 2 2 0 0 0 1 1 1
9 P_6 3 3 0 0 0 1 1 1
9 P_6 4 4 0.246636 0.2666345226615236 0.2864495 1 1 1
9 P_6 5 5 0 0 0 1 1 1
9 P_6 6 6 0 0 0 1 1 1
9 P_6 7 7 0 0 0 1 1 1
9 P_6 8 8 0.2467035 0.26717171717171717 0.287441 1 1 1
9 P_6 9 9 0 0 0 1 1 1
9 P_6 10 10 0 0 0 1 1 1
9 P_6 11 11 0.071023 0.08519961051606621 0.1012165 1 1 1
9 P_6 12 12 0.5 0.5 0.5 1 1 1
9 P_6 13 13 0 0 0 1 1 1
9 P_6 14 14 0.2375935 0.2582135523613963 0.278737 1 1 1
9 P_6 15 15 0.5 0.5 0.5 1 1 1
9 P_6 16 16 0.5 0.5 0.5 1 1 1
9 P_6 17 17 0 0 0 1 1 1
9 P_6 18 18 0.1370025 0.15500485908649175 0.174066 1 1 1
9 P_6 19 19 0.139736 0.15849843587069865 0.1783545 1 1 1
9 P_6 20 20 0 0 0 1 1 1
9 P_6 21 21 0.5 0.5 0.5 1 1 1
9 P_6 22 22 0.5 0.5 0.5 1 1 1
9 P_6 23 23 0.066548 0.08115468409586056 0.0978695 1 1 1
9 P_6 24 24 0.5 0.5 0.5 1 1 1
9 P_6 25 25 0 0 0 1 1 1
9 P_6 26 26 0 0 0 1 1 1
9 P_6 27 27 0 0 0 1 1 1
9 P_6 28 28 0.5 0.5 0.5 1 1 1
9 P_6 29 29 0 0 0 1 1 1
9 P_6 30 30 0.125246 0.14337851929092804 0.162786 1 1 1
9 P_6 31 31 0.1357735 0.15392254220456802 0.1731655 1 1 1
9 P_6 32 32 0.1362505 0.15441906653426019 0.173676 1 1 1
9 P_6 33 33 0 0 0 1 1 1
9 P_6 34 34 0.2521385 0.2725 0.2926035 1 1 1
9 P_6 35 35 0 0 0 1 1 1
9 P_6 36 36 0 0 0 1 1 1
9 P_6 37 37 0 0 0 1 1 1
9 P_6 38 38 0.0611225 0.0749475890985325 0.090876 1 1 1
9 P_6 39 39 0.5 0.5 0.5 1 1 1
9 P_6 40 40 0.072289 0.08673978065802593 0.103057 1 1 1
9 P_6 41 41 0 0 0 1 1 1
9 P_6 42 42 0.0747995 0.08916586768935762 0.1053005 1 1 1
9 P_6 43 43 0.5 0.5 0.5 1 1 1
9 P_6 44 44 0.5 0.5 0.5 1 1 1
9 P_6 45 45 0.062613 0.07663847780126849 0.0927645 1 1 1
9 P_6 46 46 0 0 0 1 1 1
9 P_6 47 47 0 0 0 1 1 1
9 P_6 48 48 0 0 0 1 1 1
9 P_6 49 49 0 0 0 1 1 1
9 P_6 50 50 0 0 0 1 1 1
9 P_6 51 51 0.0623215 0.07554296506137866 0.090654 1 1 1
9 P_6 52 52 0 0 0 1 1 1
9 P_6 53 53 0.247255 0.26813880126182965 0.288804 1 1 1
9 P_6 54 54 0.2499145 0.2700587084148728 0.2899775 1 1 1
9 P_6 55 55 0 0 0 1 1 1
9 P_6 56 56 0 0 0 1 1 1
9 P_6 57 57 0 0 0 1 1 1
9 P_6 58 58 0.0571775 0.0702274975272008 0.0853165 1 1 1
9 P_6 59 59 0 0 0 1 1 1
9 P_6 60 60 0.1296675 0.14737354085603113 0.1662245 1 1 1
9 P_6 61 61 0.5 0.5 0.5 1 1 1
