5 #m
532 #n
0 P_6 0 0 0 0 0 1 1 1
0 P_6 1 1 0.5 0.5 0.5 1 1 1
0 P_6 2 2 0 0 0 1 1 1
0 P_6 3 3 0.5 0.5 0.5 1 1 1
0 P_6 4 4 0 0 0 1 1 1
0 P_6 5 5 0.5 0.5 0.5 1 1 1
0 P_6 6 6 0 0 0 1 1 1
0 P_6 7 7 0 0 0 1 1 1
0 P_6 8 8 0 0 0 1 1 1
0 P_6 9 9 0.5 0.5 0.5 1 1 1
0 P_6 10 10 0.150491 0.16936299292214357 0.18917 1 1 1
0 P_6 11 11 0.5 0.5 0.5 1 1 1
0 P_6 12 12 0 0 0 1 1 1
0 P_6 13 13 0.5 0.5 0.5 1 1 1
0 P_6 14 14 0.5 0.5 0.5 1 1 1
0 P_6 15 15 0 0 0 1 1 1
0 P_6 16 16 0.5 0.5 0.5 1 1 1
0 P_6 17 17 0.5 0.5 0.5 1 1 1
0 P_6 18 18 0.5 0.5 0.5 1 1 1
0 P_6 19 19 0.5 0.5 0.5 1 1 1
0 P_6 20 20 0.5 0.5 0.5 1 1 1
0 P_6 21 21 0.5 0.5 0.5 1 1 1
0 P_6 22 22 0.192536 0.2124248496993988 0.2327455 1 1 1
0 P_6 23 23 0.5 0.5 0.5 1 1 1
0 P_6 24 24 0.5 0.5 0.5 1 1 1
0 P_6 25 25 0.5 0.5 0.5 1 1 1
0 P_6 26 26 0.5 0.5 0.5 1 1 1
0 P_6 27 27 0.140497 0.158953722334004 0.178461 1 1 1
0 P_6 28 28 0.5 0.5 0.5 1 1 1
0 P_6 29 29 0.5 0.5 0.5 1 1 1
0 P_6 30 30 0.5 0.5 0.5 1 1 1
0 P_6 31 31 0 0 0 1 1 1
0 P_6 32 32 0.5 0.5 0.5 1 1 1
0 P_6 33 33 0 0 0 1 1 1
0 P_6 34 34 0.5 0.5 0.5 1 1 1
0 P_6 35 35 0.5 0.5 0.5 1 1 1
0 P_6 36 36 0.5 0.5 0.5 1 1 1
0 P_6 37 37 0.5 0.5 0.5 1 1 1
0 P_6 38 38 0 0 0 1 1 1
0 P_6 39 39 0.5 0.5 0.5 1 1 1
0 P_6 40 40 0.5 0.5 0.5 1 1 1
0 P_6 41 41 0.5 0.5 0.5 1 1 1
0 P_6 42 42 0 0 0 1 1 1
0 P_6 43 43 0.5 0.5 0.5 1 1 1
0 P_6 44 44 0.5 0.5 0.5 1 1 1
0 P_6 45 45 0.5 0.5 0.5 1 1 1
0 P_6 46 46 0.5 0.5 0.5 1 1 1
0 P_6 47 47 0 0 0 1 1 1
0 P_6 48 48 0.5 0.5 0.5 1 1 1
0 P_6 49 49 0.5 0.5 0.5 1 1 1
0 P_6 50 50 0.5 0.5 0.5 1 1 1
0 P_6 51 51 0.5 0.5 0.5 1 1 1
0 P_6 52 52 0 0 0 1 1 1
0 P_6 53 53 0 0 0 1 1 1
0 P_6 54 54 0 0 0 1 1 1
0 P_6 55 55 0.5 0.5 0.5 1 1 1
0 P_6 56 56 0.2007005 0.22034715525554485 0.2403215 1 1 1
0 P_6 57 57 0.5 0.5 0.5 1 1 1
0 P_6 58 58 0 0 0 1 1 1
0 P_6 59 59 0.5 0.5 0.5 1 1 1
0 P_6 60 60 0.5 0.5 0.5 1 1 1
0 P_6 61 61 0.5 0.5 0.5 1 1 1
0 P_6 62 62 0 0 0 1 1 1
0 P_6 63 63 0.5 0.5 0.5 1 1 1
0 P_6 64 64 0 0 0 1 1 1
0 P_6 65 65 0.5 0.5 0.5 1 1 1
0 P_6 66 66 0.5 0.5 0.5 1 1 1
0 P_6 67 67 0.5 0.5 0.5 1 1 1
0 P_6 68 68 0.5 0.5 0.5 1 1 1
0 P_6 69 69 0.5 0.5 0.5 1 1 1
0 P_6 70 70 0.5 0.5 0.5 1 1 1
0 P_6 71 71 0.3755055 0.3928923988153998 0.4086615 1 1 1
0 P_6 72 72 0 0 0 1 1 1
0 P_6 73 73 0.2030225 0.22311557788944725 0.2435185 1 1 1
0 P_6 74 74 0.5 0.5 0.5 1 1 1
0 P_6 75 75 0.5 0.5 0.5 1 1 1
0 P_6 76 76 0 0 0 1 1 1
0 P_6 77 77 0.5 0.5 0.5 1 1 1
0 P_6 78 78 0.5 0.5 0.5 1 1 1
0 P_6 79 79 0.5 0.5 0.5 1 1 1
0 P_6 80 80 0.5 0.5 0.5 1 1 1
0 P_6 81 81 0.376806 0.3946540880503145 0.410764 1 1 1
0 P_6 82 82 0.5 0.5 0.5 1 1 1
0 P_6 83 83 0.1503225 0.16897233201581027 0.1885405 1 1 1
0 P_6 84 84 0.5 0.5 0.5 1 1 1
0 P_6 85 85 0.20359 0.22367101303911735 0.244055 1 1 1
0 P_6 86 86 0.5 0.5 0.5 1 1 1
0 P_6 87 87 0.5 0.5 0.5 1 1 1
0 P_6 88 88 0.5 0.5 0.5 1 1 1
0 P_6 89 89 0 0 0 1 1 1
0 P_6 90 90 0 0 0 1 1 1
0 P_6 91 91 0 0 0 1 1 1
0 P_6 92 92 0.5 0.5 0.5 1 1 1
0 P_6 93 93 0.5 0.5 0.5 1 1 1
0 P_6 94 94 0.5 0.5 0.5 1 1 1
0 P_6 95 95 0.5 0.5 0.5 1 1 1
0 P_6 96 96 0.5 0.5 0.5 1 1 1
0 P_6 97 97 0 0 0 1 1 1
0 P_6 98 98 0 0 0 1 1 1
0 P_6 99 99 0.5 0.5 0.5 1 1 1
0 P_6 100 100 0.5 0.5 0.5 1 1 1
0 P_6 101 101 0 0 0 1 1 1
0 P_6 102 102 0 0 0 1 1 1
0 P_6 103 103 0.5 0.5 0.5 1 1 1
0 P_6 104 104 0.5 0.5 0.5 1 1 1
0 P_6 105 105 0 0 0 1 1 1
0 P_6 106 106 0.5 0.5 0.5 1 1 1
0 P_6 107 107 0.5 0.5 0.5 1 1 1
0 P_6 108 108 0.5 0.5 0.5 1 1 1
0 P_6 109 109 0.5 0.5 0.5 1 1 1
0 P_6 110 110 0.5 0.5 0.5 1 1 1
0 P_6 111 111 0.5 0.5 0.5 1 1 1
0 P_6 112 112 0 0 0 1 1 1
0 P_6 113 113 0.5 0.5 0.5 1 1 1
0 P_6 114 114 0.5 0.5 0.5 1 1 1
0 P_6 115 115 0.5 0.5 0.5 1 1 1
0 P_6 116 116 0.5 0.5 0.5 1 1 1
0 P_6 117 117 0 0 0 1 1 1
0 P_6 118 118 0.379842 0.396817743490839 0.41217 1 1 1
0 P_6 119 119 0.5 0.5 0.5 1 1 1
0 P_6 120 120 0 0 0 1 1 1
0 P_6 121 121 0.147802 0.16618217054263565 0.185494 1 1 1
0 P_6 122 122 0.5 0.5 0.5 1 1 1
0 P_6 123 123 0.5 0.5 0.5 1 1 1
0 P_6 124 124 0.5 0.5 0.5 1 1 1
0 P_6 125 125 0.5 0.5 0.5 1 1 1
0 P_6 126 126 0.5 0.5 0.5 1 1 1
0 P_6 127 127 0 0 0 1 1 1
0 P_6 128 128 0 0 0 1 1 1
0 P_6 129 129 0.5 0.5 0.5 1 1 1
0 P_6 130 130 0.5 0.5 0.5 1 1 1
0 P_6 131 131 0.5 0.5 0.5 1 1 1
0 P_6 132 132 0 0 0 1 1 1
0 P_6 133 133 0.5 0.5 0.5 1 1 1
0 P_6 134 134 0.1900775 0.2098703888334995 0.2301225 1 1 1
0 P_6 135 135 0.5 0.5 0.5 1 1 1
0 P_6 136 136 0.5 0.5 0.5 1 1 1
0 P_6 137 137 0.5 0.5 0.5 1 1 1
0 P_6 138 138 0.203808 0.22376237623762377 0.2440145 1 1 1
0 P_6 139 139 0.5 0.5 0.5 1 1 1
0 P_6 140 140 0.5 0.5 0.5 1 1 1
0 P_6 141 141 0.5 0.5 0.5 1 1 1
0 P_6 142 142 0.189294 0.2090818363273453 0.229338 1 1 1
0 P_6 143 143 0.5 0.5 0.5 1 1 1
0 P_6 144 144 0.5 0.5 0.5 1 1 1
0 P_6 145 145 0 0 0 1 1 1
0 P_6 146 146 0.5 0.5 0.5 1 1 1
0 P_6 147 147 0.5 0.5 0.5 1 1 1
0 P_6 148 148 0.5 0.5 0.5 1 1 1
0 P_6 149 149 0.5 0.5 0.5 1 1 1
0 P_6 150 150 0.5 0.5 0.5 1 1 1
0 P_6 151 151 0.5 0.5 0.5 1 1 1
0 P_6 152 152 0.3630195 0.38121827411167514 0.3978895 1 1 1
0 P_6 153 153 0.2134385 0.23406478578892373 0.254882 1 1 1
0 P_6 154 154 0.5 0.5 0.5 1 1 1
0 P_6 155 155 0.5 0.5 0.5 1 1 1
0 P_6 156 156 0.5 0.5 0.5 1 1 1
0 P_6 157 157 0.5 0.5 0.5 1 1 1
0 P_6 158 158 0.5 0.5 0.5 1 1 1
0 P_6 159 159 0.5 0.5 0.5 1 1 1
0 P_6 160 160 0.5 0.5 0.5 1 1 1
0 P_6 161 161 0.5 0.5 0.5 1 1 1
0 P_6 162 162 0.5 0.5 0.5 1 1 1
0 P_6 163 163 0.5 0.5 0.5 1 1 1
0 P_6 164 164 0.5 0.5 0.5 1 1 1
0 P_6 165 165 0.5 0.5 0.5 1 1 1
0 P_6 166 166 0.5 0.5 0.5 1 1 1
0 P_6 167 167 0.2083835 0.2285 0.248863 1 1 1
0 P_6 168 168 0 0 0 1 1 1
0 P_6 169 169 0 0 0 1 1 1
0 P_6 170 170 0.5 0.5 0.5 1 1 1
0 P_6 171 171 0.5 0.5 0.5 1 1 1
0 P_6 172 172 0.5 0.5 0.5 1 1 1
0 P_6 173 173 0.208389 0.2283464566929134 0.248548 1 1 1
0 P_6 174 174 0.5 0.5 0.5 1 1 1
0 P_6 175 175 0.5 0.5 0.5 1 1 1
0 P_6 176 176 0.146896 0.16521739130434782 0.1844785 1 1 1
0 P_6 177 177 0 0 0 1 1 1
0 P_6 178 178 0 0 0 1 1 1
0 P_6 179 179 0.5 0.5 0.5 1 1 1
0 P_6 180 180 0.5 0.5 0.5 1 1 1
0 P_6 181 181 0.5 0.5 0.5 1 1 1
0 P_6 182 182 0.5 0.5 0.5 1 1 1
0 P_6 183 183 0.5 0.5 0.5 1 1 1
0 P_6 184 184 0.5 0.5 0.5 1 1 1
0 P_6 185 185 0.5 0.5 0.5 1 1 1
0 P_6 186 186 0.5 0.5 0.5 1 1 1
0 P_6 187 187 0.5 0.5 0.5 1 1 1
0 P_6 188 188 0.153202 0.17192118226600986 0.1915225 1 1 1
0 P_6 189 189 0 0 0 1 1 1
0 P_6 190 190 0.1533685 0.17248459958932238 0.1925135 1 1 1
0 P_6 191 191 0.5 0.5 0.5 1 1 1
0 P_6 192 192 0.175282 0.19466403162055335 0.214673 1 1 1
0 P_6 193 193 0 0 0 1 1 1
0 P_6 194 194 0 0 0 1 1 1
0 P_6 195 195 0.19761 0.21779141104294478 0.2383505 1 1 1
0 P_6 196 196 0.5 0.5 0.5 1 1 1
0 P_6 197 197 0.5 0.5 0.5 1 1 1
0 P_6 198 198 0 0 0 1 1 1
0 P_6 199 199 0 0 0 1 1 1
0 P_6 200 200 0 0 0 1 1 1
0 P_6 201 201 0.5 0.5 0.5 1 1 1
0 P_6 202 202 0.5 0.5 0.5 1 1 1
0 P_6 203 203 0.5 0.5 0.5 1 1 1
0 P_6 204 204 0.5 0.5 0.5 1 1 1
0 P_6 205 205 0.5 0.5 0.5 1 1 1
0 P_6 206 206 0.1587045 0.17819706498951782 0.1985525 1 1 1
0 P_6 207 207 0.5 0.5 0.5 1 1 1
0 P_6 208 208 0.5 0.5 0.5 1 1 1
0 P_6 209 209 0.5 0.5 0.5 1 1 1
0 P_6 210 210 0 0 0 1 1 1
0 P_6 211 211 0.3690975 0.38731656184486374 0.4038855 1 1 1
0 P_6 212 212 0.5 0.5 0.5 1 1 1
0 P_6 213 213 0 0 0 1 1 1
0 P_6 214 214 0.5 0.5 0.5 1 1 1
0 P_6 215 215 0.5 0.5 0.5 1 1 1
0 P_6 216 216 0.5 0.5 0.5 1 1 1
0 P_6 217 217 0.5 0.5 0.5 1 1 1
0 P_6 218 218 0.5 0.5 0.5 1 1 1
0 P_6 219 219 0.1457195 0.1637043966323667 0.1826155 1 1 1
0 P_6 220 220 0 0 0 1 1 1
0 P_6 221 221 0.1910605 0.21092184368737474 0.2312325 1 1 1
0 P_6 222 222 0.5 0.5 0.5 1 1 1
0 P_6 223 223 0.5 0.5 0.5 1 1 1
0 P_6 224 224 0.5 0.5 0.5 1 1 1
0 P_6 225 225 0.5 0.5 0.5 1 1 1
0 P_6 226 226 0.5 0.5 0.5 1 1 1
0 P_6 227 227 0.5 0.5 0.5 1 1 1
0 P_6 228 228 0 0 0 1 1 1
0 P_6 229 229 0.1941425 0.21414141414141413 0.2345555 1 1 1
0 P_6 230 230 0.5 0.5 0.5 1 1 1
0 P_6 231 231 0.5 0.5 0.5 1 1 1
0 P_6 232 232 0.5 0.5 0.5 1 1 1
0 P_6 233 233 0.5 0.5 0.5 1 1 1
0 P_6 234 234 0.5 0.5 0.5 1 1 1
0 P_6 235 235 0.5 0.5 0.5 1 1 1
0 P_6 236 236 0.5 0.5 0.5 1 1 1
0 P_6 237 237 0.5 0.5 0.5 1 1 1
0 P_6 238 238 0.5 0.5 0.5 1 1 1
0 P_6 239 239 0.5 0.5 0.5 1 1 1
0 P_6 240 240 0.5 0.5 0.5 1 1 1
0 P_6 241 241 0 0 0 1 1 1
0 P_6 242 242 0.5 0.5 0.5 1 1 1
0 P_6 243 243 0.5 0.5 0.5 1 1 1
0 P_6 244 244 0 0 0 1 1 1
0 P_6 245 245 0.5 0.5 0.5 1 1 1
0 P_6 246 246 0.5 0.5 0.5 1 1 1
0 P_6 247 247 0 0 0 1 1 1
0 P_6 248 248 0.5 0.5 0.5 1 1 1
0 P_6 249 249 0 0 0 1 1 1
0 P_6 250 250 0.5 0.5 0.5 1 1 1
0 P_6 251 251 0.204437 0.2245 0.2448555 1 1 1
0 P_6 252 252 0.5 0.5 0.5 1 1 1
0 P_6 253 253 0.5 0.5 0.5 1 1 1
0 P_6 254 254 0.5 0.5 0.5 1 1 1
0 P_6 255 255 0 0 0 1 1 1
0 P_6 256 256 0.5 0.5 0.5 1 1 1
0 P_6 257 257 0.1968215 0.21642512077294687 0.236401 1 1 1
0 P_6 258 258 0 0 0 1 1 1
0 P_6 259 259 0.5 0.5 0.5 1 1 1
0 P_6 260 260 0.5 0.5 0.5 1 1 1
0 P_6 261 261 0 0 0 1 1 1
0 P_6 262 262 0.5 0.5 0.5 1 1 1
0 P_6 263 263 0.5 0.5 0.5 1 1 1
0 P_6 264 264 0.5 0.5 0.5 1 1 1
0 P_6 265 265 0.5 0.5 0.5 1 1 1
0 P_6 266 266 0 0 0 1 1 1
0 P_6 267 267 0.5 0.5 0.5 1 1 1
0 P_6 268 268 0.144241 0.16247582205029013 0.1816815 1 1 1
0 P_6 269 269 0 0 0 1 1 1
0 P_6 270 270 0.5 0.5 0.5 1 1 1
0 P_6 271 271 0.5 0.5 0.5 1 1 1
0 P_6 272 272 0.5 0.5 0.5 1 1 1
0 P_6 273 273 0.5 0.5 0.5 1 1 1
0 P_6 274 274 0.5 0.5 0.5 1 1 1
0 P_6 275 275 0.3730305 0.3902091254752852 0.405859 1 1 1
0 P_6 276 276 0.5 0.5 0.5 1 1 1
0 P_6 277 277 0.5 0.5 0.5 1 1 1
0 P_6 278 278 0.2067895 0.2269969666329626 0.247471 1 1 1
0 P_6 279 279 0 0 0 1 1 1
0 P_6 280 280 0.5 0.5 0.5 1 1 1
0 P_6 281 281 0.215054 0.23514851485148514 0.2554115 1 1 1
0 P_6 282 282 0.1972685 0.21711177052423344 0.237328 1 1 1
0 P_6 283 283 0.5 0.5 0.5 1 1 1
0 P_6 284 284 0.5 0.5 0.5 1 1 1
0 P_6 285 285 0.5 0.5 0.5 1 1 1
0 P_6 286 286 0 0 0 1 1 1
0 P_6 287 287 0.5 0.5 0.5 1 1 1
0 P_6 288 288 0.164362 0.18388429752066116 0.20419 1 1 1
0 P_6 289 289 0.5 0.5 0.5 1 1 1
0 P_6 290 290 0.5 0.5 0.5 1 1 1
0 P_6 291 291 0.5 0.5 0.5 1 1 1
0 P_6 292 292 0 0 0 1 1 1
0 P_6 293 293 0.5 0.5 0.5 1 1 1
0 P_6 294 294 0.5 0.5 0.5 1 1 1
0 P_6 295 295 0.5 0.5 0.5 1 1 1
0 P_6 296 296 0.5 0.5 0.5 1 1 1
0 P_6 297 297 0.5 0.5 0.5 1 1 1
0 P_6 298 298 0.5 0.5 0.5 1 1 1
0 P_6 299 299 0.5 0.5 0.5 1 1 1
0 P_6 300 300 0.1566855 0.1758130081300813 0.195805 1 1 1
0 P_6 301 301 0.5 0.5 0.5 1 1 1
0 P_6 302 302 0.5 0.5 0.5 1 1 1
0 P_6 303 303 0.5 0.5 0.5 1 1 1
0 P_6 304 304 0.5 0.5 0.5 1 1 1
0 P_6 305 305 0.5 0.5 0.5 1 1 1
0 P_6 306 306 0 0 0 1 1 1
0 P_6 307 307 0.1573385 0.17623762376237623 0.1959745 1 1 1
0 P_6 308 308 0.5 0.5 0.5 1 1 1
0 P_6 309 309 0.5 0.5 0.5 1 1 1
0 P_6 310 310 0.5 0.5 0.5 1 1 1
0 P_6 311 311 0.5 0.5 0.5 1 1 1
0 P_6 312 312 0 0 0 1 1 1
0 P_6 313 313 0.5 0.5 0.5 1 1 1
0 P_6 314 314 0 0 0 1 1 1
0 P_6 315 315 0.5 0.5 0.5 1 1 1
0 P_6 316 316 0.5 0.5 0.5 1 1 1
0 P_6 317 317 0.5 0.5 0.5 1 1 1
0 P_6 318 318 0 0 0 1 1 1
0 P_6 319 319 0.5 0.5 0.5 1 1 1
0 P_6 320 320 0 0 0 1 1 1
0 P_6 321 321 0.5 0.5 0.5 1 1 1
0 P_6 322 322 0.5 0.5 0.5 1 1 1
0 P_6 323 323 0.5 0.5 0.5 1 1 1
0 P_6 324 324 0.5 0.5 0.5 1 1 1
0 P_6 325 325 0.5 0.5 0.5 1 1 1
0 P_6 326 326 0 0 0 1 1 1
0 P_6 327 327 0.1981635 0.2179236043095005 0.238044 1 1 1
0 P_6 328 328 0 0 0 1 1 1
0 P_6 329 329 0.5 0.5 0.5 1 1 1
0 P_6 330 330 0.5 0.5 0.5 1 1 1
0 P_6 331 331 0.5 0.5 0.5 1 1 1
0 P_6 332 332 0.5 0.5 0.5 1 1 1
0 P_6 333 333 0 0 0 1 1 1
0 P_6 334 334 0.5 0.5 0.5 1 1 1
0 P_6 335 335 0.5 0.5 0.5 1 1 1
0 P_6 336 336 0 0 0 1 1 1
0 P_6 337 337 0.5 0.5 0.5 1 1 1
0 P_6 338 338 0.5 0.5 0.5 1 1 1
0 P_6 339 339 0.5 0.5 0.5 1 1 1
0 P_6 340 340 0.5 0.5 0.5 1 1 1
0 P_6 341 341 0.5 0.5 0.5 1 1 1
0 P_6 342 342 0.5 0.5 0.5 1 1 1
0 P_6 343 343 0.5 0.5 0.5 1 1 1
0 P_6 344 344 0.5 0.5 0.5 1 1 1
0 P_6 345 345 0 0 0 1 1 1
0 P_6 346 346 0.5 0.5 0.5 1 1 1
0 P_6 347 347 0 0 0 1 1 1
0 P_6 348 348 0.5 0.5 0.5 1 1 1
0 P_6 349 349 0 0 0 1 1 1
0 P_6 350 350 0 0 0 1 1 1
0 P_6 351 351 0.2028385 0.2232606438213915 0.244001 1 1 1
0 P_6 352 352 0.5 0.5 0.5 1 1 1
0 P_6 353 353 0.5 0.5 0.5 1 1 1
0 P_6 354 354 0.5 0.5 0.5 1 1 1
0 P_6 355 355 0 0 0 1 1 1
0 P_6 356 356 0.5 0.5 0.5 1 1 1
0 P_6 357 357 0.1701625 0.1891891891891892 0.208889 1 1 1
0 P_6 358 358 0.5 0.5 0.5 1 1 1
0 P_6 359 359 0.5 0.5 0.5 1 1 1
0 P_6 360 360 0.2007005 0.22034715525554485 0.2403215 1 1 1
0 P_6 361 361 0.5 0.5 0.5 1 1 1
0 P_6 362 362 0.5 0.5 0.5 1 1 1
0 P_6 363 363 0 0 0 1 1 1
0 P_6 364 364 0.5 0.5 0.5 1 1 1
0 P_6 365 365 0.199385 0.2193419740777667 0.2396495 1 1 1
0 P_6 366 366 0.1682935 0.18756218905472638 0.2075435 1 1 1
0 P_6 367 367 0 0 0 1 1 1
0 P_6 368 368 0 0 0 1 1 1
0 P_6 369 369 0.5 0.5 0.5 1 1 1
0 P_6 370 370 0 0 0 1 1 1
0 P_6 371 371 0.5 0.5 0.5 1 1 1
0 P_6 372 372 0.5 0.5 0.5 1 1 1
0 P_6 373 373 0.5 0.5 0.5 1 1 1
0 P_6 374 374 0.5 0.5 0.5 1 1 1
0 P_6 375 375 0.5 0.5 0.5 1 1 1
0 P_6 376 376 0.5 0.5 0.5 1 1 1
0 P_6 377 377 0.5 0.5 0.5 1 1 1
0 P_6 378 378 0 0 0 1 1 1
0 P_6 379 379 0.5 0.5 0.5 1 1 1
0 P_6 380 380 0 0 0 1 1 1
0 P_6 381 381 0 0 0 1 1 1
0 P_6 382 382 0.5 0.5 0.5 1 1 1
0 P_6 383 383 0 0 0 1 1 1
0 P_6 384 384 0 0 0 1 1 1
0 P_6 385 385 0.5 0.5 0.5 1 1 1
0 P_6 386 386 0.5 0.5 0.5 1 1 1
0 P_6 387 387 0 0 0 1 1 1
0 P_6 388 388 0.195779 0.2157157157157157 0.236046 1 1 1
0 P_6 389 389 0.5 0.5 0.5 1 1 1
0 P_6 390 390 0.5 0.5 0.5 1 1 1
0 P_6 391 391 0.5 0.5 0.5 1 1 1
0 P_6 392 392 0.5 0.5 0.5 1 1 1
0 P_6 393 393 0.2047215 0.22484909456740443 0.245267 1 1 1
0 P_6 394 394 0.5 0.5 0.5 1 1 1
0 P_6 395 395 0.197564 0.21728515625 0.237373 1 1 1
0 P_6 396 396 0 0 0 1 1 1
0 P_6 397 397 0.1470115 0.16566566566566568 0.185288 1 1 1
0 P_6 398 398 0 0 0 1 1 1
0 P_6 399 399 0.5 0.5 0.5 1 1 1
0 P_6 400 400 0.5 0.5 0.5 1 1 1
0 P_6 401 401 0.5 0.5 0.5 1 1 1
0 P_6 402 402 0.5 0.5 0.5 1 1 1
0 P_6 403 403 0 0 0 1 1 1
0 P_6 404 404 0.5 0.5 0.5 1 1 1
0 P_6 405 405 0 0 0 1 1 1
0 P_6 406 406 0.5 0.5 0.5 1 1 1
0 P_6 407 407 0.5 0.5 0.5 1 1 1
0 P_6 408 408 0.1391885 0.15760322255790535 0.177085 1 1 1
0 P_6 409 409 0.5 0.5 0.5 1 1 1
0 P_6 410 410 0 0 0 1 1 1
0 P_6 411 411 0.5 0.5 0.5 1 1 1
0 P_6 412 412 0 0 0 1 1 1
0 P_6 413 413 0.198737 0.2188449848024316 0.2393145 1 1 1
0 P_6 414 414 0.5 0.5 0.5 1 1 1
0 P_6 415 415 0.5 0.5 0.5 1 1 1
0 P_6 416 416 0 0 0 1 1 1
0 P_6 417 417 0 0 0 1 1 1
0 P_6 418 418 0.5 0.5 0.5 1 1 1
0 P_6 419 419 0.5 0.5 0.5 1 1 1
0 P_6 420 420 0.5 0.5 0.5 1 1 1
0 P_6 421 421 0 0 0 1 1 1
0 P_6 422 422 0.1558755 0.1748991935483871 0.194791 1 1 1
0 P_6 423 423 0.5 0.5 0.5 1 1 1
0 P_6 424 424 0.5 0.5 0.5 1 1 1
0 P_6 425 425 0.158912 0.17770204479065238 0.1972995 1 1 1
0 P_6 426 426 0.5 0.5 0.5 1 1 1
0 P_6 427 427 0.5 0.5 0.5 1 1 1
0 P_6 428 428 0.5 0.5 0.5 1 1 1
0 P_6 429 429 0.5 0.5 0.5 1 1 1
0 P_6 430 430 0.1582895 0.17713444553483806 0.1967995 1 1 1
0 P_6 431 431 0.5 0.5 0.5 1 1 1
0 P_6 432 432 0.1549805 0.17363813229571984 0.193148 1 1 1
0 P_6 433 433 0 0 0 1 1 1
0 P_6 434 434 0.5 0.5 0.5 1 1 1
0 P_6 435 435 0.5 0.5 0.5 1 1 1
0 P_6 436 436 0 0 0 1 1 1
0 P_6 437 437 0.5 0.5 0.5 1 1 1
0 P_6 438 438 0.5 0.5 0.5 1 1 1
0 P_6 439 439 0.3785655 0.3955152671755725 0.4108725 1 1 1
0 P_6 440 440 0.5 0.5 0.5 1 1 1
0 P_6 441 441 0.5 0.5 0.5 1 1 1
0 P_6 442 442 0 0 0 1 1 1
0 P_6 443 443 0 0 0 1 1 1
0 P_6 444 444 0 0 0 1 1 1
0 P_6 445 445 0 0 0 1 1 1
0 P_6 446 446 0.5 0.5 0.5 1 1 1
0 P_6 447 447 0.5 0.5 0.5 1 1 1
0 P_6 448 448 0.5 0.5 0.5 1 1 1
0 P_6 449 449 0.5 0.5 0.5 1 1 1
0 P_6 450 450 0.5 0.5 0.5 1 1 1
0 P_6 451 451 0.5 0.5 0.5 1 1 1
0 P_6 452 452 0 0 0 1 1 1
0 P_6 453 453 0.5 0.5 0.5 1 1 1
0 P_6 454 454 0 0 0 1 1 1
0 P_6 455 455 0 0 0 1 1 1
0 P_6 456 456 0.5 0.5 0.5 1 1 1
0 P_6 457 457 0.5 0.5 0.5 1 1 1
0 P_6 458 458 0.5 0.5 0.5 1 1 1
0 P_6 459 459 0.5 0.5 0.5 1 1 1
0 P_6 460 460 0 0 0 1 1 1
0 P_6 461 461 0 0 0 1 1 1
0 P_6 462 462 0.5 0.5 0.5 1 1 1
0 P_6 463 463 0.161406 0.1805835010060362 0.2005615 1 1 1
0 P_6 464 464 0 0 0 1 1 1
0 P_6 465 465 0.5 0.5 0.5 1 1 1
0 P_6 466 466 0.5 0.5 0.5 1 1 1
0 P_6 467 467 0.5 0.5 0.5 1 1 1
0 P_6 468 468 0.5 0.5 0.5 1 1 1
0 P_6 469 469 0.5 0.5 0.5 1 1 1
0 P_6 470 470 0.5 0.5 0.5 1 1 1
0 P_6 471 471 0.5 0.5 0.5 1 1 1
0 P_6 472 472 0.5 0.5 0.5 1 1 1
0 P_6 473 473 0 0 0 1 1 1
0 P_6 474 474 0.1497845 0.1689259645464025 0.1890365 1 1 1
0 P_6 475 475 0 0 0 1 1 1
0 P_6 476 476 0.5 0.5 0.5 1 1 1
0 P_6 477 477 0.5 0.5 0.5 1 1 1
0 P_6 478 478 0.144522 0.16326530612244897 0.1830235 1 1 1
0 P_6 479 479 0.1626 0.18191056910569106 0.202015 1 1 1
0 P_6 480 480 0.3786275 0.39613034623217924 0.411927 1 1 1
0 P_6 481 481 0.5 0.5 0.5 1 1 1
0 P_6 482 482 0 0 0 1 1 1
0 P_6 483 483 0.5 0.5 0.5 1 1 1
0 P_6 484 484 0 0 0 1 1 1
0 P_6 485 485 0.5 0.5 0.5 1 1 1
0 P_6 486 486 0.5 0.5 0.5 1 1 1
0 P_6 487 487 0.5 0.5 0.5 1 1 1
0 P_6 488 488 0.36836 0.38596491228070173 0.40205 1 1 1
0 P_6 489 489 0.1491565 0.16802030456852793 0.1878385 1 1 1
0 P_6 490 490 0 0 0 1 1 1
0 P_6 491 491 0.5 0.5 0.5 1 1 1
0 P_6 492 492 0.5 0.5 0.5 1 1 1
0 P_6 493 493 0.5 0.5 0.5 1 1 1
0 P_6 494 494 0.2068185 0.22741596638655462 0.2482855 1 1 1
0 P_6 495 495 0.5 0.5 0.5 1 1 1
0 P_6 496 496 0.5 0.5 0.5 1 1 1
0 P_6 497 497 0 0 0 1 1 1
0 P_6 498 498 0.5 0.5 0.5 1 1 1
0 P_6 499 499 0 0 0 1 1 1
0 P_6 500 500 0.5 0.5 0.5 1 1 1
0 P_6 501 501 0.5 0.5 0.5 1 1 1
0 P_6 502 502 0 0 0 1 1 1
0 P_6 503 503 0.5 0.5 0.5 1 1 1
0 P_6 504 504 0.5 0.5 0.5 1 1 1
0 P_6 505 505 0.182525 0.2022022022022022 0.222428 1 1 1
0 P_6 506 506 0.5 0.5 0.5 1 1 1
0 P_6 507 507 0.5 0.5 0.5 1 1 1
0 P_6 508 508 0.5 0.5 0.5 1 1 1
0 P_6 509 509 0.5 0.5 0.5 1 1 1
0 P_6 510 510 0 0 0 1 1 1
0 P_6 511 511 0.5 0.5 0.5 1 1 1
0 P_6 512 512 0.5 0.5 0.5 1 1 1
0 P_6 513 513 0.367637 0.3855 0.401809 1 1 1
0 P_6 514 514 0.148846 0.16767983789260385 0.18747 1 1 1
0 P_6 515 515 0.5 0.5 0.5 1 1 1
0 P_6 516 516 0.1488215 0.1676829268292683 0.187504 1 1 1
0 P_6 517 517 0.5 0.5 0.5 1 1 1
0 P_6 518 518 0.5 0.5 0.5 1 1 1
0 P_6 519 519 0.5 0.5 0.5 1 1 1
0 P_6 520 520 0.5 0.5 0.5 1 1 1
0 P_6 521 521 0.1986815 0.21815589353612166 0.2379775 1 1 1
0 P_6 522 522 0.5 0.5 0.5 1 1 1
0 P_6 523 523 0.5 0.5 0.5 1 1 1
0 P_6 524 524 0.1487525 0.16788702928870292 0.1880065 1 1 1
0 P_6 525 525 0 0 0 1 1 1
0 P_6 526 526 0.5 0.5 0.5 1 1 1
0 P_6 527 527 0 0 0 1 1 1
0 P_6 528 528 0.5 0.5 0.5 1 1 1
0 P_6 529 529 0.1911205 0.21057692307692308 0.230468 1 1 1
0 P_6 530 530 0 0 0 1 1 1
0 P_6 531 531 0 0 0 1 1 1
1 P_5 0 0 0 0 0 1 1 1
1 P_5 1 1 0.5 0.5 0.5 1 1 1
1 P_5 2 2 0 0 0 1 1 1
1 P_5 3 3 0.5 0.5 0.5 1 1 1
1 P_5 4 4 0 0 0 1 1 1
1 P_5 5 5 0.5 0.5 0.5 1 1 1
1 P_5 6 6 0 0 0 1 1 1
1 P_5 7 7 0 0 0 1 1 1
1 P_5 8 8 0 0 0 1 1 1
1 P_5 9 9 0.5 0.5 0.5 1 1 1
1 P_5 10 10 0.3519515 0.37083333333333335 0.388272 1 1 1
1 P_5 11 11 0.5 0.5 0.5 1 1 1
1 P_5 12 12 0.34909249999999997 0.3680917622523462 0.385679 1 1 1
1 P_5 13 13 0.5 0.5 0.5 1 1 1
1 P_5 14 14 0.5 0.5 0.5 1 1 1
1 P_5 15 15 0 0 0 1 1 1
1 P_5 16 16 0.5 0.5 0.5 1 1 1
1 P_5 17 17 0.5 0.5 0.5 1 1 1
1 P_5 18 18 0.5 0.5 0.5 1 1 1
1 P_5 19 19 0.5 0.5 0.5 1 1 1
1 P_5 20 20 0.5 0.5 0.5 1 1 1
1 P_5 21 21 0.5 0.5 0.5 1 1 1
1 P_5 22 22 0.110344 0.1268939393939394 0.144781 1 1 1
1 P_5 23 23 0.5 0.5 0.5 1 1 1
1 P_5 24 24 0.5 0.5 0.5 1 1 1
1 P_5 25 25 0.5 0.5 0.5 1 1 1
1 P_5 26 26 0.5 0.5 0.5 1 1 1
1 P_5 27 27 0.3416905 0.36058174523570713 0.378201 1 1 1
1 P_5 28 28 0.5 0.5 0.5 1 1 1
1 P_5 29 29 0.5 0.5 0.5 1 1 1
1 P_5 30 30 0.5 0.5 0.5 1 1 1
1 P_5 31 31 0 0 0 1 1 1
1 P_5 32 32 0.5 0.5 0.5 1 1 1
1 P_5 33 33 0 0 0 1 1 1
1 P_5 34 34 0.5 0.5 0.5 1 1 1
1 P_5 35 35 0.5 0.5 0.5 1 1 1
1 P_5 36 36 0.5 0.5 0.5 1 1 1
1 P_5 37 37 0.5 0.5 0.5 1 1 1
1 P_5 38 38 0 0 0 1 1 1
1 P_5 39 39 0.5 0.5 0.5 1 1 1
1 P_5 40 40 0.5 0.5 0.5 1 1 1
1 P_5 41 41 0.5 0.5 0.5 1 1 1
1 P_5 42 42 0 0 0 1 1 1
1 P_5 43 43 0.5 0.5 0.5 1 1 1
1 P_5 44 44 0.5 0.5 0.5 1 1 1
1 P_5 45 45 0.5 0.5 0.5 1 1 1
1 P_5 46 46 0.5 0.5 0.5 1 1 1
1 P_5 47 47 0 0 0 1 1 1
1 P_5 48 48 0.5 0.5 0.5 1 1 1
1 P_5 49 49 0.5 0.5 0.5 1 1 1
1 P_5 50 50 0.5 0.5 0.5 1 1 1
1 P_5 51 51 0.5 0.5 0.5 1 1 1
1 P_5 52 52 0 0 0 1 1 1
1 P_5 53 53 0 0 0 1 1 1
1 P_5 54 54 0 0 0 1 1 1
1 P_5 55 55 0.5 0.5 0.5 1 1 1
1 P_5 56 56 0 0 0 1 1 1
1 P_5 57 57 0.5 0.5 0.5 1 1 1
1 P_5 58 58 0 0 0 1 1 1
1 P_5 59 59 0.5 0.5 0.5 1 1 1
1 P_5 60 60 0.5 0.5 0.5 1 1 1
1 P_5 61 61 0.5 0.5 0.5 1 1 1
1 P_5 62 62 0 0 0 1 1 1
1 P_5 63 63 0.5 0.5 0.5 1 1 1
1 P_5 64 64 0 0 0 1 1 1
1 P_5 65 65 0.5 0.5 0.5 1 1 1
1 P_5 66 66 0.5 0.5 0.5 1 1 1
1 P_5 67 67 0.5 0.5 0.5 1 1 1
1 P_5 68 68 0.5 0.5 0.5 1 1 1
1 P_5 69 69 0.5 0.5 0.5 1 1 1
1 P_5 70 70 0.5 0.5 0.5 1 1 1
1 P_5 71 71 0.5 0.5 0.5 1 1 1
1 P_5 72 72 0 0 0 1 1 1
1 P_5 73 73 0.1170325 0.1345957011258956 0.1535135 1 1 1
1 P_5 74 74 0.5 0.5 0.5 1 1 1
1 P_5 75 75 0.5 0.5 0.5 1 1 1
1 P_5 76 76 0 0 0 1 1 1
1 P_5 77 77 0.5 0.5 0.5 1 1 1
1 P_5 78 78 0.5 0.5 0.5 1 1 1
1 P_5 79 79 0.5 0.5 0.5 1 1 1
1 P_5 80 80 0.5 0.5 0.5 1 1 1
1 P_5 81 81 0.5 0.5 0.5 1 1 1
1 P_5 82 82 0.5 0.5 0.5 1 1 1
1 P_5 83 83 0.351531 0.37035123966942146 0.387746 1 1 1
1 P_5 84 84 0.5 0.5 0.5 1 1 1
1 P_5 85 85 0 0 0 1 1 1
1 P_5 86 86 0.5 0.5 0.5 1 1 1
1 P_5 87 87 0.5 0.5 0.5 1 1 1
1 P_5 88 88 0.5 0.5 0.5 1 1 1
1 P_5 89 89 0 0 0 1 1 1
1 P_5 90 90 0 0 0 1 1 1
1 P_5 91 91 0 0 0 1 1 1
1 P_5 92 92 0.5 0.5 0.5 1 1 1
1 P_5 93 93 0.5 0.5 0.5 1 1 1
1 P_5 94 94 0.5 0.5 0.5 1 1 1
1 P_5 95 95 0.5 0.5 0.5 1 1 1
1 P_5 96 96 0.5 0.5 0.5 1 1 1
1 P_5 97 97 0.336272 0.35528942115768464 0.3731015 1 1 1
1 P_5 98 98 0.1131255 0.1301980198019802 0.1486305 1 1 1
1 P_5 99 99 0.5 0.5 0.5 1 1 1
1 P_5 100 100 0.5 0.5 0.5 1 1 1
1 P_5 101 101 0 0 0 1 1 1
1 P_5 102 102 0.3413565 0.36 0.3774125 1 1 1
1 P_5 103 103 0.5 0.5 0.5 1 1 1
1 P_5 104 104 0.5 0.5 0.5 1 1 1
1 P_5 105 105 0.115708 0.133 0.1516335 1 1 1
1 P_5 106 106 0.5 0.5 0.5 1 1 1
1 P_5 107 107 0.5 0.5 0.5 1 1 1
1 P_5 108 108 0.5 0.5 0.5 1 1 1
1 P_5 109 109 0.5 0.5 0.5 1 1 1
1 P_5 110 110 0.5 0.5 0.5 1 1 1
1 P_5 111 111 0.5 0.5 0.5 1 1 1
1 P_5 112 112 0 0 0 1 1 1
1 P_5 113 113 0.5 0.5 0.5 1 1 1
1 P_5 114 114 0.5 0.5 0.5 1 1 1
1 P_5 115 115 0.5 0.5 0.5 1 1 1
1 P_5 116 116 0.5 0.5 0.5 1 1 1
1 P_5 117 117 0.13093 0.1491317671092952 0.168515 1 1 1
1 P_5 118 118 0.5 0.5 0.5 1 1 1
1 P_5 119 119 0.5 0.5 0.5 1 1 1
1 P_5 120 120 0 0 0 1 1 1
1 P_5 121 121 0.341973 0.3609979633401222 0.378727 1 1 1
1 P_5 122 122 0.5 0.5 0.5 1 1 1
1 P_5 123 123 0.5 0.5 0.5 1 1 1
1 P_5 124 124 0.5 0.5 0.5 1 1 1
1 P_5 125 125 0.5 0.5 0.5 1 1 1
1 P_5 126 126 0.5 0.5 0.5 1 1 1
1 P_5 127 127 0 0 0 1 1 1
1 P_5 128 128 0 0 0 1 1 1
1 P_5 129 129 0.5 0.5 0.5 1 1 1
1 P_5 130 130 0.5 0.5 0.5 1 1 1
1 P_5 131 131 0.5 0.5 0.5 1 1 1
1 P_5 132 132 0.3382885 0.3574338085539715 0.375325 1 1 1
1 P_5 133 133 0.5 0.5 0.5 1 1 1
1 P_5 134 134 0 0 0 1 1 1
1 P_5 135 135 0.5 0.5 0.5 1 1 1
1 P_5 136 136 0.5 0.5 0.5 1 1 1
1 P_5 137 137 0.5 0.5 0.5 1 1 1
1 P_5 138 138 0.1248865 0.1423712342079689 0.1610555 1 1 1
1 P_5 139 139 0.5 0.5 0.5 1 1 1
1 P_5 140 140 0.5 0.5 0.5 1 1 1
1 P_5 141 141 0.5 0.5 0.5 1 1 1
1 P_5 142 142 0.1295395 0.14782157676348548 0.167319 1 1 1
1 P_5 143 143 0.5 0.5 0.5 1 1 1
1 P_5 144 144 0.5 0.5 0.5 1 1 1
1 P_5 145 145 0.1145655 0.13218390804597702 0.151214 1 1 1
1 P_5 146 146 0.5 0.5 0.5 1 1 1
1 P_5 147 147 0.5 0.5 0.5 1 1 1
1 P_5 148 148 0.5 0.5 0.5 1 1 1
1 P_5 149 149 0.5 0.5 0.5 1 1 1
1 P_5 150 150 0.5 0.5 0.5 1 1 1
1 P_5 151 151 0.5 0.5 0.5 1 1 1
1 P_5 152 152 0.5 0.5 0.5 1 1 1
1 P_5 153 153 0.1216145 0.13974495217853347 0.1592185 1 1 1
1 P_5 154 154 0.5 0.5 0.5 1 1 1
1 P_5 155 155 0.5 0.5 0.5 1 1 1
1 P_5 156 156 0.5 0.5 0.5 1 1 1
1 P_5 157 157 0.5 0.5 0.5 1 1 1
1 P_5 158 158 0.5 0.5 0.5 1 1 1
1 P_5 159 159 0.5 0.5 0.5 1 1 1
1 P_5 160 160 0.5 0.5 0.5 1 1 1
1 P_5 161 161 0.5 0.5 0.5 1 1 1
1 P_5 162 162 0.5 0.5 0.5 1 1 1
1 P_5 163 163 0.5 0.5 0.5 1 1 1
1 P_5 164 164 0.5 0.5 0.5 1 1 1
1 P_5 165 165 0.5 0.5 0.5 1 1 1
1 P_5 166 166 0.5 0.5 0.5 1 1 1
1 P_5 167 167 0.1167825 0.13420787083753785 0.152973 1 1 1
1 P_5 168 168 0 0 0 1 1 1
1 P_5 169 169 0 0 0 1 1 1
1 P_5 170 170 0.5 0.5 0.5 1 1 1
1 P_5 171 171 0.5 0.5 0.5 1 1 1
1 P_5 172 172 0.5 0.5 0.5 1 1 1
1 P_5 173 173 0.1176075 0.1349601593625498 0.153627 1 1 1
1 P_5 174 174 0.5 0.5 0.5 1 1 1
1 P_5 175 175 0.5 0.5 0.5 1 1 1
1 P_5 176 176 0.3299175 0.34910358565737054 0.367158 1 1 1
1 P_5 177 177 0.3372585 0.35669456066945604 0.374851 1 1 1
1 P_5 178 178 0 0 0 1 1 1
1 P_5 179 179 0.5 0.5 0.5 1 1 1
1 P_5 180 180 0.5 0.5 0.5 1 1 1
1 P_5 181 181 0.5 0.5 0.5 1 1 1
1 P_5 182 182 0.5 0.5 0.5 1 1 1
1 P_5 183 183 0.5 0.5 0.5 1 1 1
1 P_5 184 184 0.5 0.5 0.5 1 1 1
1 P_5 185 185 0.5 0.5 0.5 1 1 1
1 P_5 186 186 0.5 0.5 0.5 1 1 1
1 P_5 187 187 0.5 0.5 0.5 1 1 1
1 P_5 188 188 0.3480855 0.3670820353063344 0.3846845 1 1 1
1 P_5 189 189 0 0 0 1 1 1
1 P_5 190 190 0.345871 0.3644906033630069 0.3818115 1 1 1
1 P_5 191 191 0.5 0.5 0.5 1 1 1
1 P_5 192 192 0.3497245 0.3684210526315789 0.385743 1 1 1
1 P_5 193 193 0 0 0 1 1 1
1 P_5 194 194 0 0 0 1 1 1
1 P_5 195 195 0.1273745 0.14551083591331268 0.164884 1 1 1
1 P_5 196 196 0.5 0.5 0.5 1 1 1
1 P_5 197 197 0.5 0.5 0.5 1 1 1
1 P_5 198 198 0 0 0 1 1 1
1 P_5 199 199 0 0 0 1 1 1
1 P_5 200 200 0.34441 0.3625349487418453 0.3794565 1 1 1
1 P_5 201 201 0.5 0.5 0.5 1 1 1
1 P_5 202 202 0.5 0.5 0.5 1 1 1
1 P_5 203 203 0.5 0.5 0.5 1 1 1
1 P_5 204 204 0.5 0.5 0.5 1 1 1
1 P_5 205 205 0.5 0.5 0.5 1 1 1
1 P_5 206 206 0.3516205 0.3704663212435233 0.387881 1 1 1
1 P_5 207 207 0.5 0.5 0.5 1 1 1
1 P_5 208 208 0.5 0.5 0.5 1 1 1
1 P_5 209 209 0.5 0.5 0.5 1 1 1
1 P_5 210 210 0 0 0 1 1 1
1 P_5 211 211 0.5 0.5 0.5 1 1 1
1 P_5 212 212 0.5 0.5 0.5 1 1 1
1 P_5 213 213 0 0 0 1 1 1
1 P_5 214 214 0.5 0.5 0.5 1 1 1
1 P_5 215 215 0.5 0.5 0.5 1 1 1
1 P_5 216 216 0.5 0.5 0.5 1 1 1
1 P_5 217 217 0.5 0.5 0.5 1 1 1
1 P_5 218 218 0.5 0.5 0.5 1 1 1
1 P_5 219 219 0.345747 0.364604462474645 0.382129 1 1 1
1 P_5 220 220 0 0 0 1 1 1
1 P_5 221 221 0.1156955 0.13316326530612244 0.151998 1 1 1
1 P_5 222 222 0.5 0.5 0.5 1 1 1
1 P_5 223 223 0.5 0.5 0.5 1 1 1
1 P_5 224 224 0.5 0.5 0.5 1 1 1
1 P_5 225 225 0.5 0.5 0.5 1 1 1
1 P_5 226 226 0.5 0.5 0.5 1 1 1
1 P_5 227 227 0.5 0.5 0.5 1 1 1
1 P_5 228 228 0 0 0 1 1 1
1 P_5 229 229 0.119081 0.13627546071774976 0.1547355 1 1 1
1 P_5 230 230 0.5 0.5 0.5 1 1 1
1 P_5 231 231 0.5 0.5 0.5 1 1 1
1 P_5 232 232 0.5 0.5 0.5 1 1 1
1 P_5 233 233 0.5 0.5 0.5 1 1 1
1 P_5 234 234 0.5 0.5 0.5 1 1 1
1 P_5 235 235 0.5 0.5 0.5 1 1 1
1 P_5 236 236 0.5 0.5 0.5 1 1 1
1 P_5 237 237 0.5 0.5 0.5 1 1 1
1 P_5 238 238 0.5 0.5 0.5 1 1 1
1 P_5 239 239 0.5 0.5 0.5 1 1 1
1 P_5 240 240 0.5 0.5 0.5 1 1 1
1 P_5 241 241 0.118338 0.1358148893360161 0.154609 1 1 1
1 P_5 242 242 0.5 0.5 0.5 1 1 1
1 P_5 243 243 0.5 0.5 0.5 1 1 1
1 P_5 244 244 0 0 0 1 1 1
1 P_5 245 245 0.5 0.5 0.5 1 1 1
1 P_5 246 246 0.5 0.5 0.5 1 1 1
1 P_5 247 247 0 0 0 1 1 1
1 P_5 248 248 0.5 0.5 0.5 1 1 1
1 P_5 249 249 0 0 0 1 1 1
1 P_5 250 250 0.5 0.5 0.5 1 1 1
1 P_5 251 251 0 0 0 1 1 1
1 P_5 252 252 0.5 0.5 0.5 1 1 1
1 P_5 253 253 0.5 0.5 0.5 1 1 1
1 P_5 254 254 0.5 0.5 0.5 1 1 1
1 P_5 255 255 0 0 0 1 1 1
1 P_5 256 256 0.5 0.5 0.5 1 1 1
1 P_5 257 257 0.118723 0.1363173957273652 0.155238 1 1 1
1 P_5 258 258 0 0 0 1 1 1
1 P_5 259 259 0.5 0.5 0.5 1 1 1
1 P_5 260 260 0.5 0.5 0.5 1 1 1
1 P_5 261 261 0 0 0 1 1 1
1 P_5 262 262 0.5 0.5 0.5 1 1 1
1 P_5 263 263 0.5 0.5 0.5 1 1 1
1 P_5 264 264 0.5 0.5 0.5 1 1 1
1 P_5 265 265 0.5 0.5 0.5 1 1 1
1 P_5 266 266 0 0 0 1 1 1
1 P_5 267 267 0.5 0.5 0.5 1 1 1
1 P_5 268 268 0.3542275 0.3723404255319149 0.389096 1 1 1
1 P_5 269 269 0 0 0 1 1 1
1 P_5 270 270 0.5 0.5 0.5 1 1 1
1 P_5 271 271 0.5 0.5 0.5 1 1 1
1 P_5 272 272 0.5 0.5 0.5 1 1 1
1 P_5 273 273 0.5 0.5 0.5 1 1 1
1 P_5 274 274 0.5 0.5 0.5 1 1 1
1 P_5 275 275 0.5 0.5 0.5 1 1 1
1 P_5 276 276 0.5 0.5 0.5 1 1 1
1 P_5 277 277 0.5 0.5 0.5 1 1 1
1 P_5 278 278 0.127333 0.14512922465208747 0.164121 1 1 1
1 P_5 279 279 0 0 0 1 1 1
1 P_5 280 280 0.5 0.5 0.5 1 1 1
1 P_5 281 281 0 0 0 1 1 1
1 P_5 282 282 0.110275 0.12741116751269035 0.1459745 1 1 1
1 P_5 283 283 0.5 0.5 0.5 1 1 1
1 P_5 284 284 0.5 0.5 0.5 1 1 1
1 P_5 285 285 0.5 0.5 0.5 1 1 1
1 P_5 286 286 0 0 0 1 1 1
1 P_5 287 287 0.5 0.5 0.5 1 1 1
1 P_5 288 288 0.343582 0.36232604373757454 0.3797895 1 1 1
1 P_5 289 289 0.5 0.5 0.5 1 1 1
1 P_5 290 290 0.5 0.5 0.5 1 1 1
1 P_5 291 291 0.5 0.5 0.5 1 1 1
1 P_5 292 292 0 0 0 1 1 1
1 P_5 293 293 0.5 0.5 0.5 1 1 1
1 P_5 294 294 0.5 0.5 0.5 1 1 1
1 P_5 295 295 0.5 0.5 0.5 1 1 1
1 P_5 296 296 0.5 0.5 0.5 1 1 1
1 P_5 297 297 0.5 0.5 0.5 1 1 1
1 P_5 298 298 0.5 0.5 0.5 1 1 1
1 P_5 299 299 0.5 0.5 0.5 1 1 1
1 P_5 300 300 0.330867 0.34971098265895956 0.367453 1 1 1
1 P_5 301 301 0.5 0.5 0.5 1 1 1
1 P_5 302 302 0.5 0.5 0.5 1 1 1
1 P_5 303 303 0.5 0.5 0.5 1 1 1
1 P_5 304 304 0.5 0.5 0.5 1 1 1
1 P_5 305 305 0.5 0.5 0.5 1 1 1
1 P_5 306 306 0.3551955 0.3726372637263726 0.3888125 1 1 1
1 P_5 307 307 0.3379945 0.3565300285986654 0.373901 1 1 1
1 P_5 308 308 0.5 0.5 0.5 1 1 1
1 P_5 309 309 0.5 0.5 0.5 1 1 1
1 P_5 310 310 0.5 0.5 0.5 1 1 1
1 P_5 311 311 0.5 0.5 0.5 1 1 1
1 P_5 312 312 0 0 0 1 1 1
1 P_5 313 313 0.5 0.5 0.5 1 1 1
1 P_5 314 314 0 0 0 1 1 1
1 P_5 315 315 0.5 0.5 0.5 1 1 1
1 P_5 316 316 0.5 0.5 0.5 1 1 1
1 P_5 317 317 0.5 0.5 0.5 1 1 1
1 P_5 318 318 0 0 0 1 1 1
1 P_5 319 319 0.5 0.5 0.5 1 1 1
1 P_5 320 320 0 0 0 1 1 1
1 P_5 321 321 0.5 0.5 0.5 1 1 1
1 P_5 322 322 0.5 0.5 0.5 1 1 1
1 P_5 323 323 0.5 0.5 0.5 1 1 1
1 P_5 324 324 0.5 0.5 0.5 1 1 1
1 P_5 325 325 0.5 0.5 0.5 1 1 1
1 P_5 326 326 0 0 0 1 1 1
1 P_5 327 327 0 0 0 1 1 1
1 P_5 328 328 0 0 0 1 1 1
1 P_5 329 329 0.5 0.5 0.5 1 1 1
1 P_5 330 330 0.5 0.5 0.5 1 1 1
1 P_5 331 331 0.5 0.5 0.5 1 1 1
1 P_5 332 332 0.5 0.5 0.5 1 1 1
1 P_5 333 333 0.343582 0.3621700879765396 0.379501 1 1 1
1 P_5 334 334 0.5 0.5 0.5 1 1 1
1 P_5 335 335 0.5 0.5 0.5 1 1 1
1 P_5 336 336 0.1219195 0.1393523061825319 0.1580305 1 1 1
1 P_5 337 337 0.5 0.5 0.5 1 1 1
1 P_5 338 338 0.5 0.5 0.5 1 1 1
1 P_5 339 339 0.5 0.5 0.5 1 1 1
1 P_5 340 340 0.5 0.5 0.5 1 1 1
1 P_5 341 341 0.5 0.5 0.5 1 1 1
1 P_5 342 342 0.5 0.5 0.5 1 1 1
1 P_5 343 343 0.5 0.5 0.5 1 1 1
1 P_5 344 344 0.5 0.5 0.5 1 1 1
1 P_5 345 345 0 0 0 1 1 1
1 P_5 346 346 0.5 0.5 0.5 1 1 1
1 P_5 347 347 0 0 0 1 1 1
1 P_5 348 348 0.5 0.5 0.5 1 1 1
1 P_5 349 349 0 0 0 1 1 1
1 P_5 350 350 0 0 0 1 1 1
1 P_5 351 351 0 0 0 1 1 1
1 P_5 352 352 0.5 0.5 0.5 1 1 1
1 P_5 353 353 0.5 0.5 0.5 1 1 1
1 P_5 354 354 0.5 0.5 0.5 1 1 1
1 P_5 355 355 0 0 0 1 1 1
1 P_5 356 356 0.5 0.5 0.5 1 1 1
1 P_5 357 357 0.3547485 0.37334014300306434 0.390487 1 1 1
1 P_5 358 358 0.5 0.5 0.5 1 1 1
1 P_5 359 359 0.5 0.5 0.5 1 1 1
1 P_5 360 360 0 0 0 1 1 1
1 P_5 361 361 0.5 0.5 0.5 1 1 1
1 P_5 362 362 0.5 0.5 0.5 1 1 1
1 P_5 363 363 0 0 0 1 1 1
1 P_5 364 364 0.5 0.5 0.5 1 1 1
1 P_5 365 365 0.1220855 0.13960396039603962 0.158376 1 1 1
1 P_5 366 366 0.346568 0.36490384615384613 0.3819725 1 1 1
1 P_5 367 367 0 0 0 1 1 1
1 P_5 368 368 0 0 0 1 1 1
1 P_5 369 369 0.5 0.5 0.5 1 1 1
1 P_5 370 370 0 0 0 1 1 1
1 P_5 371 371 0.5 0.5 0.5 1 1 1
1 P_5 372 372 0.5 0.5 0.5 1 1 1
1 P_5 373 373 0.5 0.5 0.5 1 1 1
1 P_5 374 374 0.5 0.5 0.5 1 1 1
1 P_5 375 375 0.5 0.5 0.5 1 1 1
1 P_5 376 376 0.5 0.5 0.5 1 1 1
1 P_5 377 377 0.5 0.5 0.5 1 1 1
1 P_5 378 378 0 0 0 1 1 1
1 P_5 379 379 0.5 0.5 0.5 1 1 1
1 P_5 380 380 0 0 0 1 1 1
1 P_5 381 381 0 0 0 1 1 1
1 P_5 382 382 0.5 0.5 0.5 1 1 1
1 P_5 383 383 0 0 0 1 1 1
1 P_5 384 384 0 0 0 1 1 1
1 P_5 385 385 0.5 0.5 0.5 1 1 1
1 P_5 386 386 0.5 0.5 0.5 1 1 1
1 P_5 387 387 0 0 0 1 1 1
1 P_5 388 388 0 0 0 1 1 1
1 P_5 389 389 0.5 0.5 0.5 1 1 1
1 P_5 390 390 0.5 0.5 0.5 1 1 1
1 P_5 391 391 0.5 0.5 0.5 1 1 1
1 P_5 392 392 0.5 0.5 0.5 1 1 1
1 P_5 393 393 0.139397 0.15805785123966942 0.177808 1 1 1
1 P_5 394 394 0.5 0.5 0.5 1 1 1
1 P_5 395 395 0.1242495 0.14247881355932204 0.162014 1 1 1
1 P_5 396 396 0 0 0 1 1 1
1 P_5 397 397 0.3496335 0.3678881388621022 0.384839 1 1 1
1 P_5 398 398 0 0 0 1 1 1
1 P_5 399 399 0.5 0.5 0.5 1 1 1
1 P_5 400 400 0.5 0.5 0.5 1 1 1
1 P_5 401 401 0.5 0.5 0.5 1 1 1
1 P_5 402 402 0.5 0.5 0.5 1 1 1
1 P_5 403 403 0 0 0 1 1 1
1 P_5 404 404 0.5 0.5 0.5 1 1 1
1 P_5 405 405 0.115014 0.13214990138067062 0.1506185 1 1 1
1 P_5 406 406 0.5 0.5 0.5 1 1 1
1 P_5 407 407 0.5 0.5 0.5 1 1 1
1 P_5 408 408 0.343463 0.36264308012486995 0.380479 1 1 1
1 P_5 409 409 0.5 0.5 0.5 1 1 1
1 P_5 410 410 0 0 0 1 1 1
1 P_5 411 411 0.5 0.5 0.5 1 1 1
1 P_5 412 412 0 0 0 1 1 1
1 P_5 413 413 0.113331 0.1305 0.149039 1 1 1
1 P_5 414 414 0.5 0.5 0.5 1 1 1
1 P_5 415 415 0.5 0.5 0.5 1 1 1
1 P_5 416 416 0 0 0 1 1 1
1 P_5 417 417 0 0 0 1 1 1
1 P_5 418 418 0.5 0.5 0.5 1 1 1
1 P_5 419 419 0.5 0.5 0.5 1 1 1
1 P_5 420 420 0.5 0.5 0.5 1 1 1
1 P_5 421 421 0 0 0 1 1 1
1 P_5 422 422 0.3385345 0.3575 0.3752325 1 1 1
1 P_5 423 423 0.5 0.5 0.5 1 1 1
1 P_5 424 424 0.5 0.5 0.5 1 1 1
1 P_5 425 425 0.3374845 0.35670419651995905 0.3746715 1 1 1
1 P_5 426 426 0.5 0.5 0.5 1 1 1
1 P_5 427 427 0.5 0.5 0.5 1 1 1
1 P_5 428 428 0.5 0.5 0.5 1 1 1
1 P_5 429 429 0.5 0.5 0.5 1 1 1
1 P_5 430 430 0.350101 0.36849852796859667 0.3855625 1 1 1
1 P_5 431 431 0.5 0.5 0.5 1 1 1
1 P_5 432 432 0.3425 0.3615071283095723 0.3792125 1 1 1
1 P_5 433 433 0.1200465 0.13738959764474976 0.156 1 1 1
1 P_5 434 434 0.5 0.5 0.5 1 1 1
1 P_5 435 435 0.5 0.5 0.5 1 1 1
1 P_5 436 436 0 0 0 1 1 1
1 P_5 437 437 0.5 0.5 0.5 1 1 1
1 P_5 438 438 0.5 0.5 0.5 1 1 1
1 P_5 439 439 0.5 0.5 0.5 1 1 1
1 P_5 440 440 0.5 0.5 0.5 1 1 1
1 P_5 441 441 0.5 0.5 0.5 1 1 1
1 P_5 442 442 0 0 0 1 1 1
1 P_5 443 443 0 0 0 1 1 1
1 P_5 444 444 0 0 0 1 1 1
1 P_5 445 445 0 0 0 1 1 1
1 P_5 446 446 0.5 0.5 0.5 1 1 1
1 P_5 447 447 0.5 0.5 0.5 1 1 1
1 P_5 448 448 0.5 0.5 0.5 1 1 1
1 P_5 449 449 0.5 0.5 0.5 1 1 1
1 P_5 450 450 0.5 0.5 0.5 1 1 1
1 P_5 451 451 0.5 0.5 0.5 1 1 1
1 P_5 452 452 0 0 0 1 1 1
1 P_5 453 453 0.5 0.5 0.5 1 1 1
1 P_5 454 454 0 0 0 1 1 1
1 P_5 455 455 0 0 0 1 1 1
1 P_5 456 456 0.5 0.5 0.5 1 1 1
1 P_5 457 457 0.5 0.5 0.5 1 1 1
1 P_5 458 458 0.5 0.5 0.5 1 1 1
1 P_5 459 459 0.5 0.5 0.5 1 1 1
1 P_5 460 460 0 0 0 1 1 1
1 P_5 461 461 0 0 0 1 1 1
1 P_5 462 462 0.5 0.5 0.5 1 1 1
1 P_5 463 463 0.3419985 0.3608608608608609 0.3784505 1 1 1
1 P_5 464 464 0 0 0 1 1 1
1 P_5 465 465 0.5 0.5 0.5 1 1 1
1 P_5 466 466 0.5 0.5 0.5 1 1 1
1 P_5 467 467 0.5 0.5 0.5 1 1 1
1 P_5 468 468 0.5 0.5 0.5 1 1 1
1 P_5 469 469 0.5 0.5 0.5 1 1 1
1 P_5 470 470 0.5 0.5 0.5 1 1 1
1 P_5 471 471 0.5 0.5 0.5 1 1 1
1 P_5 472 472 0.5 0.5 0.5 1 1 1
1 P_5 473 473 0 0 0 1 1 1
1 P_5 474 474 0.33356 0.35237173281703776 0.370047 1 1 1
1 P_5 475 475 0.12587 0.14356435643564355 0.1624675 1 1 1
1 P_5 476 476 0.5 0.5 0.5 1 1 1
1 P_5 477 477 0.5 0.5 0.5 1 1 1
1 P_5 478 478 0.334785 0.3541882109617373 0.372356 1 1 1
1 P_5 479 479 0.3510595 0.3694581280788177 0.386507 1 1 1
1 P_5 480 480 0.5 0.5 0.5 1 1 1
1 P_5 481 481 0.5 0.5 0.5 1 1 1
1 P_5 482 482 0.117577 0.13468992248062014 0.153084 1 1 1
1 P_5 483 483 0.5 0.5 0.5 1 1 1
1 P_5 484 484 0 0 0 1 1 1
1 P_5 485 485 0.5 0.5 0.5 1 1 1
1 P_5 486 486 0.5 0.5 0.5 1 1 1
1 P_5 487 487 0.5 0.5 0.5 1 1 1
1 P_5 488 488 0.5 0.5 0.5 1 1 1
1 P_5 489 489 0.3445075 0.3631010794896958 0.3804215 1 1 1
1 P_5 490 490 0 0 0 1 1 1
1 P_5 491 491 0.5 0.5 0.5 1 1 1
1 P_5 492 492 0.5 0.5 0.5 1 1 1
1 P_5 493 493 0.5 0.5 0.5 1 1 1
1 P_5 494 494 0 0 0 1 1 1
1 P_5 495 495 0.5 0.5 0.5 1 1 1
1 P_5 496 496 0.5 0.5 0.5 1 1 1
1 P_5 497 497 0.325834 0.34519038076152303 0.363453 1 1 1
1 P_5 498 498 0.5 0.5 0.5 1 1 1
1 P_5 499 499 0 0 0 1 1 1
1 P_5 500 500 0.5 0.5 0.5 1 1 1
1 P_5 501 501 0.5 0.5 0.5 1 1 1
1 P_5 502 502 0 0 0 1 1 1
1 P_5 503 503 0.5 0.5 0.5 1 1 1
1 P_5 504 504 0.5 0.5 0.5 1 1 1
1 P_5 505 505 0.116303 0.13363363363363365 0.1523 1 1 1
1 P_5 506 506 0.5 0.5 0.5 1 1 1
1 P_5 507 507 0.5 0.5 0.5 1 1 1
1 P_5 508 508 0.5 0.5 0.5 1 1 1
1 P_5 509 509 0.5 0.5 0.5 1 1 1
1 P_5 510 510 0 0 0 1 1 1
1 P_5 511 511 0.5 0.5 0.5 1 1 1
1 P_5 512 512 0.5 0.5 0.5 1 1 1
1 P_5 513 513 0.5 0.5 0.5 1 1 1
1 P_5 514 514 0.3331905 0.351976856316297 0.3696355 1 1 1
1 P_5 515 515 0.5 0.5 0.5 1 1 1
1 P_5 516 516 0.3297715 0.349 0.367093 1 1 1
1 P_5 517 517 0.5 0.5 0.5 1 1 1
1 P_5 518 518 0.5 0.5 0.5 1 1 1
1 P_5 519 519 0.5 0.5 0.5 1 1 1
1 P_5 520 520 0.5 0.5 0.5 1 1 1
1 P_5 521 521 0.1272845 0.14544513457556935 0.164847 1 1 1
1 P_5 522 522 0.5 0.5 0.5 1 1 1
1 P_5 523 523 0.5 0.5 0.5 1 1 1
1 P_5 524 524 0.339066 0.3579207920792079 0.37555 1 1 1
1 P_5 525 525 0 0 0 1 1 1
1 P_5 526 526 0.5 0.5 0.5 1 1 1
1 P_5 527 527 0.341226 0.36016096579476864 0.377825 1 1 1
1 P_5 528 528 0.5 0.5 0.5 1 1 1
1 P_5 529 529 0.1182385 0.1358087487283825 0.154711 1 1 1
1 P_5 530 530 0 0 0 1 1 1
1 P_5 531 531 0 0 0 1 1 1
2 P_4 0 0 0 0 0 1 1 1
2 P_4 1 1 0.5 0.5 0.5 1 1 1
2 P_4 2 2 0 0 0 1 1 1
2 P_4 3 3 0.5 0.5 0.5 1 1 1
2 P_4 4 4 0 0 0 1 1 1
2 P_4 5 5 0.5 0.5 0.5 1 1 1
2 P_4 6 6 0 0 0 1 1 1
2 P_4 7 7 0 0 0 1 1 1
2 P_4 8 8 0 0 0 1 1 1
2 P_4 9 9 0.5 0.5 0.5 1 1 1
2 P_4 10 10 0 0 0 1 1 1
2 P_4 11 11 0.5 0.5 0.5 1 1 1
2 P_4 12 12 0 0 0 1 1 1
2 P_4 13 13 0.5 0.5 0.5 1 1 1
2 P_4 14 14 0.5 0.5 0.5 1 1 1
2 P_4 15 15 0 0 0 1 1 1
2 P_4 16 16 0.5 0.5 0.5 1 1 1
2 P_4 17 17 0.5 0.5 0.5 1 1 1
2 P_4 18 18 0.5 0.5 0.5 1 1 1
2 P_4 19 19 0.5 0.5 0.5 1 1 1
2 P_4 20 20 0.5 0.5 0.5 1 1 1
2 P_4 21 21 0.5 0.5 0.5 1 1 1
2 P_4 22 22 0.5 0.5 0.5 1 1 1
2 P_4 23 23 0.5 0.5 0.5 1 1 1
2 P_4 24 24 0.5 0.5 0.5 1 1 1
2 P_4 25 25 0.5 0.5 0.5 1 1 1
2 P_4 26 26 0.5 0.5 0.5 1 1 1
2 P_4 27 27 0 0 0 1 1 1
2 P_4 28 28 0.5 0.5 0.5 1 1 1
2 P_4 29 29 0.5 0.5 0.5 1 1 1
2 P_4 30 30 0.5 0.5 0.5 1 1 1
2 P_4 31 31 0 0 0 1 1 1
2 P_4 32 32 0.5 0.5 0.5 1 1 1
2 P_4 33 33 0 0 0 1 1 1
2 P_4 34 34 0.5 0.5 0.5 1 1 1
2 P_4 35 35 0.5 0.5 0.5 1 1 1
2 P_4 36 36 0.5 0.5 0.5 1 1 1
2 P_4 37 37 0.5 0.5 0.5 1 1 1
2 P_4 38 38 0 0 0 1 1 1
2 P_4 39 39 0.5 0.5 0.5 1 1 1
2 P_4 40 40 0.5 0.5 0.5 1 1 1
2 P_4 41 41 0.5 0.5 0.5 1 1 1
2 P_4 42 42 0 0 0 1 1 1
2 P_4 43 43 0.5 0.5 0.5 1 1 1
2 P_4 44 44 0.5 0.5 0.5 1 1 1
2 P_4 45 45 0.5 0.5 0.5 1 1 1
2 P_4 46 46 0.5 0.5 0.5 1 1 1
2 P_4 47 47 0 0 0 1 1 1
2 P_4 48 48 0.5 0.5 0.5 1 1 1
2 P_4 49 49 0.5 0.5 0.5 1 1 1
2 P_4 50 50 0.5 0.5 0.5 1 1 1
2 P_4 51 51 0.5 0.5 0.5 1 1 1
2 P_4 52 52 0 0 0 1 1 1
2 P_4 53 53 0 0 0 1 1 1
2 P_4 54 54 0 0 0 1 1 1
2 P_4 55 55 0.5 0.5 0.5 1 1 1
2 P_4 56 56 0.5 0.5 0.5 1 1 1
2 P_4 57 57 0.5 0.5 0.5 1 1 1
2 P_4 58 58 0 0 0 1 1 1
2 P_4 59 59 0.5 0.5 0.5 1 1 1
2 P_4 60 60 0.5 0.5 0.5 1 1 1
2 P_4 61 61 0.5 0.5 0.5 1 1 1
2 P_4 62 62 0 0 0 1 1 1
2 P_4 63 63 0.5 0.5 0.5 1 1 1
2 P_4 64 64 0 0 0 1 1 1
2 P_4 65 65 0.5 0.5 0.5 1 1 1
2 P_4 66 66 0.5 0.5 0.5 1 1 1
2 P_4 67 67 0.5 0.5 0.5 1 1 1
2 P_4 68 68 0.5 0.5 0.5 1 1 1
2 P_4 69 69 0.5 0.5 0.5 1 1 1
2 P_4 70 70 0.5 0.5 0.5 1 1 1
2 P_4 71 71 0.5 0.5 0.5 1 1 1
2 P_4 72 72 0 0 0 1 1 1
2 P_4 73 73 0.5 0.5 0.5 1 1 1
2 P_4 74 74 0.5 0.5 0.5 1 1 1
2 P_4 75 75 0.5 0.5 0.5 1 1 1
2 P_4 76 76 0 0 0 1 1 1
2 P_4 77 77 0.5 0.5 0.5 1 1 1
2 P_4 78 78 0.5 0.5 0.5 1 1 1
2 P_4 79 79 0.5 0.5 0.5 1 1 1
2 P_4 80 80 0.5 0.5 0.5 1 1 1
2 P_4 81 81 0.5 0.5 0.5 1 1 1
2 P_4 82 82 0.5 0.5 0.5 1 1 1
2 P_4 83 83 0 0 0 1 1 1
2 P_4 84 84 0.5 0.5 0.5 1 1 1
2 P_4 85 85 0.5 0.5 0.5 1 1 1
2 P_4 86 86 0.5 0.5 0.5 1 1 1
2 P_4 87 87 0.5 0.5 0.5 1 1 1
2 P_4 88 88 0.5 0.5 0.5 1 1 1
2 P_4 89 89 0 0 0 1 1 1
2 P_4 90 90 0 0 0 1 1 1
2 P_4 91 91 0 0 0 1 1 1
2 P_4 92 92 0.5 0.5 0.5 1 1 1
2 P_4 93 93 0.5 0.5 0.5 1 1 1
2 P_4 94 94 0.5 0.5 0.5 1 1 1
2 P_4 95 95 0.5 0.5 0.5 1 1 1
2 P_4 96 96 0.5 0.5 0.5 1 1 1
2 P_4 97 97 0 0 0 1 1 1
2 P_4 98 98 0 0 0 1 1 1
2 P_4 99 99 0.5 0.5 0.5 1 1 1
2 P_4 100 100 0.5 0.5 0.5 1 1 1
2 P_4 101 101 0 0 0 1 1 1
2 P_4 102 102 0 0 0 1 1 1
2 P_4 103 103 0.5 0.5 0.5 1 1 1
2 P_4 104 104 0.5 0.5 0.5 1 1 1
2 P_4 105 105 0 0 0 1 1 1
2 P_4 106 106 0.5 0.5 0.5 1 1 1
2 P_4 107 107 0.5 0.5 0.5 1 1 1
2 P_4 108 108 0.5 0.5 0.5 1 1 1
2 P_4 109 109 0.5 0.5 0.5 1 1 1
2 P_4 110 110 0.5 0.5 0.5 1 1 1
2 P_4 111 111 0.5 0.5 0.5 1 1 1
2 P_4 112 112 0 0 0 1 1 1
2 P_4 113 113 0.5 0.5 0.5 1 1 1
2 P_4 114 114 0.5 0.5 0.5 1 1 1
2 P_4 115 115 0.5 0.5 0.5 1 1 1
2 P_4 116 116 0.5 0.5 0.5 1 1 1
2 P_4 117 117 0 0 0 1 1 1
2 P_4 118 118 0.5 0.5 0.5 1 1 1
2 P_4 119 119 0.5 0.5 0.5 1 1 1
2 P_4 120 120 0 0 0 1 1 1
2 P_4 121 121 0 0 0 1 1 1
2 P_4 122 122 0.5 0.5 0.5 1 1 1
2 P_4 123 123 0.5 0.5 0.5 1 1 1
2 P_4 124 124 0.5 0.5 0.5 1 1 1
2 P_4 125 125 0.5 0.5 0.5 1 1 1
2 P_4 126 126 0.5 0.5 0.5 1 1 1
2 P_4 127 127 0 0 0 1 1 1
2 P_4 128 128 0 0 0 1 1 1
2 P_4 129 129 0.5 0.5 0.5 1 1 1
2 P_4 130 130 0.5 0.5 0.5 1 1 1
2 P_4 131 131 0.5 0.5 0.5 1 1 1
2 P_4 132 132 0 0 0 1 1 1
2 P_4 133 133 0.5 0.5 0.5 1 1 1
2 P_4 134 134 0.5 0.5 0.5 1 1 1
2 P_4 135 135 0.5 0.5 0.5 1 1 1
2 P_4 136 136 0.5 0.5 0.5 1 1 1
2 P_4 137 137 0.5 0.5 0.5 1 1 1
2 P_4 138 138 0.5 0.5 0.5 1 1 1
2 P_4 139 139 0.5 0.5 0.5 1 1 1
2 P_4 140 140 0.5 0.5 0.5 1 1 1
2 P_4 141 141 0.5 0.5 0.5 1 1 1
2 P_4 142 142 0.5 0.5 0.5 1 1 1
2 P_4 143 143 0.5 0.5 0.5 1 1 1
2 P_4 144 144 0.5 0.5 0.5 1 1 1
2 P_4 145 145 0 0 0 1 1 1
2 P_4 146 146 0.5 0.5 0.5 1 1 1
2 P_4 147 147 0.5 0.5 0.5 1 1 1
2 P_4 148 148 0.5 0.5 0.5 1 1 1
2 P_4 149 149 0.5 0.5 0.5 1 1 1
2 P_4 150 150 0.5 0.5 0.5 1 1 1
2 P_4 151 151 0.5 0.5 0.5 1 1 1
2 P_4 152 152 0.5 0.5 0.5 1 1 1
2 P_4 153 153 0.5 0.5 0.5 1 1 1
2 P_4 154 154 0.5 0.5 0.5 1 1 1
2 P_4 155 155 0.5 0.5 0.5 1 1 1
2 P_4 156 156 0.5 0.5 0.5 1 1 1
2 P_4 157 157 0.5 0.5 0.5 1 1 1
2 P_4 158 158 0.5 0.5 0.5 1 1 1
2 P_4 159 159 0.5 0.5 0.5 1 1 1
2 P_4 160 160 0.5 0.5 0.5 1 1 1
2 P_4 161 161 0.5 0.5 0.5 1 1 1
2 P_4 162 162 0.5 0.5 0.5 1 1 1
2 P_4 163 163 0.5 0.5 0.5 1 1 1
2 P_4 164 164 0.5 0.5 0.5 1 1 1
2 P_4 165 165 0.5 0.5 0.5 1 1 1
2 P_4 166 166 0.5 0.5 0.5 1 1 1
2 P_4 167 167 0.5 0.5 0.5 1 1 1
2 P_4 168 168 0 0 0 1 1 1
2 P_4 169 169 0 0 0 1 1 1
2 P_4 170 170 0.5 0.5 0.5 1 1 1
2 P_4 171 171 0.5 0.5 0.5 1 1 1
2 P_4 172 172 0.5 0.5 0.5 1 1 1
2 P_4 173 173 0.5 0.5 0.5 1 1 1
2 P_4 174 174 0.5 0.5 0.5 1 1 1
2 P_4 175 175 0.5 0.5 0.5 1 1 1
2 P_4 176 176 0 0 0 1 1 1
2 P_4 177 177 0 0 0 1 1 1
2 P_4 178 178 0 0 0 1 1 1
2 P_4 179 179 0.5 0.5 0.5 1 1 1
2 P_4 180 180 0.5 0.5 0.5 1 1 1
2 P_4 181 181 0.5 0.5 0.5 1 1 1
2 P_4 182 182 0.5 0.5 0.5 1 1 1
2 P_4 183 183 0.5 0.5 0.5 1 1 1
2 P_4 184 184 0.5 0.5 0.5 1 1 1
2 P_4 185 185 0.5 0.5 0.5 1 1 1
2 P_4 186 186 0.5 0.5 0.5 1 1 1
2 P_4 187 187 0.5 0.5 0.5 1 1 1
2 P_4 188 188 0 0 0 1 1 1
2 P_4 189 189 0 0 0 1 1 1
2 P_4 190 190 0 0 0 1 1 1
2 P_4 191 191 0.5 0.5 0.5 1 1 1
2 P_4 192 192 0 0 0 1 1 1
2 P_4 193 193 0 0 0 1 1 1
2 P_4 194 194 0 0 0 1 1 1
2 P_4 195 195 0.5 0.5 0.5 1 1 1
2 P_4 196 196 0.5 0.5 0.5 1 1 1
2 P_4 197 197 0.5 0.5 0.5 1 1 1
2 P_4 198 198 0 0 0 1 1 1
2 P_4 199 199 0 0 0 1 1 1
2 P_4 200 200 0 0 0 1 1 1
2 P_4 201 201 0.5 0.5 0.5 1 1 1
2 P_4 202 202 0.5 0.5 0.5 1 1 1
2 P_4 203 203 0.5 0.5 0.5 1 1 1
2 P_4 204 204 0.5 0.5 0.5 1 1 1
2 P_4 205 205 0.5 0.5 0.5 1 1 1
2 P_4 206 206 0 0 0 1 1 1
2 P_4 207 207 0.5 0.5 0.5 1 1 1
2 P_4 208 208 0.5 0.5 0.5 1 1 1
2 P_4 209 209 0.5 0.5 0.5 1 1 1
2 P_4 210 210 0 0 0 1 1 1
2 P_4 211 211 0.5 0.5 0.5 1 1 1
2 P_4 212 212 0.5 0.5 0.5 1 1 1
2 P_4 213 213 0 0 0 1 1 1
2 P_4 214 214 0.5 0.5 0.5 1 1 1
2 P_4 215 215 0.5 0.5 0.5 1 1 1
2 P_4 216 216 0.5 0.5 0.5 1 1 1
2 P_4 217 217 0.5 0.5 0.5 1 1 1
2 P_4 218 218 0.5 0.5 0.5 1 1 1
2 P_4 219 219 0 0 0 1 1 1
2 P_4 220 220 0 0 0 1 1 1
2 P_4 221 221 0.5 0.5 0.5 1 1 1
2 P_4 222 222 0.5 0.5 0.5 1 1 1
2 P_4 223 223 0.5 0.5 0.5 1 1 1
2 P_4 224 224 0.5 0.5 0.5 1 1 1
2 P_4 225 225 0.5 0.5 0.5 1 1 1
2 P_4 226 226 0.5 0.5 0.5 1 1 1
2 P_4 227 227 0.5 0.5 0.5 1 1 1
2 P_4 228 228 0 0 0 1 1 1
2 P_4 229 229 0.5 0.5 0.5 1 1 1
2 P_4 230 230 0.5 0.5 0.5 1 1 1
2 P_4 231 231 0.5 0.5 0.5 1 1 1
2 P_4 232 232 0.5 0.5 0.5 1 1 1
2 P_4 233 233 0.5 0.5 0.5 1 1 1
2 P_4 234 234 0.5 0.5 0.5 1 1 1
2 P_4 235 235 0.5 0.5 0.5 1 1 1
2 P_4 236 236 0.5 0.5 0.5 1 1 1
2 P_4 237 237 0.5 0.5 0.5 1 1 1
2 P_4 238 238 0.5 0.5 0.5 1 1 1
2 P_4 239 239 0.5 0.5 0.5 1 1 1
2 P_4 240 240 0.5 0.5 0.5 1 1 1
2 P_4 241 241 0 0 0 1 1 1
2 P_4 242 242 0.5 0.5 0.5 1 1 1
2 P_4 243 243 0.5 0.5 0.5 1 1 1
2 P_4 244 244 0 0 0 1 1 1
2 P_4 245 245 0.5 0.5 0.5 1 1 1
2 P_4 246 246 0.5 0.5 0.5 1 1 1
2 P_4 247 247 0 0 0 1 1 1
2 P_4 248 248 0.5 0.5 0.5 1 1 1
2 P_4 249 249 0 0 0 1 1 1
2 P_4 250 250 0.5 0.5 0.5 1 1 1
2 P_4 251 251 0.5 0.5 0.5 1 1 1
2 P_4 252 252 0.5 0.5 0.5 1 1 1
2 P_4 253 253 0.5 0.5 0.5 1 1 1
2 P_4 254 254 0.5 0.5 0.5 1 1 1
2 P_4 255 255 0 0 0 1 1 1
2 P_4 256 256 0.5 0.5 0.5 1 1 1
2 P_4 257 257 0.5 0.5 0.5 1 1 1
2 P_4 258 258 0 0 0 1 1 1
2 P_4 259 259 0.5 0.5 0.5 1 1 1
2 P_4 260 260 0.5 0.5 0.5 1 1 1
2 P_4 261 261 0 0 0 1 1 1
2 P_4 262 262 0.5 0.5 0.5 1 1 1
2 P_4 263 263 0.5 0.5 0.5 1 1 1
2 P_4 264 264 0.5 0.5 0.5 1 1 1
2 P_4 265 265 0.5 0.5 0.5 1 1 1
2 P_4 266 266 0 0 0 1 1 1
2 P_4 267 267 0.5 0.5 0.5 1 1 1
2 P_4 268 268 0 0 0 1 1 1
2 P_4 269 269 0 0 0 1 1 1
2 P_4 270 270 0.5 0.5 0.5 1 1 1
2 P_4 271 271 0.5 0.5 0.5 1 1 1
2 P_4 272 272 0.5 0.5 0.5 1 1 1
2 P_4 273 273 0.5 0.5 0.5 1 1 1
2 P_4 274 274 0.5 0.5 0.5 1 1 1
2 P_4 275 275 0.5 0.5 0.5 1 1 1
2 P_4 276 276 0.5 0.5 0.5 1 1 1
2 P_4 277 277 0.5 0.5 0.5 1 1 1
2 P_4 278 278 0.5 0.5 0.5 1 1 1
2 P_4 279 279 0 0 0 1 1 1
2 P_4 280 280 0.5 0.5 0.5 1 1 1
2 P_4 281 281 0.5 0.5 0.5 1 1 1
2 P_4 282 282 0.5 0.5 0.5 1 1 1
2 P_4 283 283 0.5 0.5 0.5 1 1 1
2 P_4 284 284 0.5 0.5 0.5 1 1 1
2 P_4 285 285 0.5 0.5 0.5 1 1 1
2 P_4 286 286 0 0 0 1 1 1
2 P_4 287 287 0.5 0.5 0.5 1 1 1
2 P_4 288 288 0 0 0 1 1 1
2 P_4 289 289 0.5 0.5 0.5 1 1 1
2 P_4 290 290 0.5 0.5 0.5 1 1 1
2 P_4 291 291 0.5 0.5 0.5 1 1 1
2 P_4 292 292 0 0 0 1 1 1
2 P_4 293 293 0.5 0.5 0.5 1 1 1
2 P_4 294 294 0.5 0.5 0.5 1 1 1
2 P_4 295 295 0.5 0.5 0.5 1 1 1
2 P_4 296 296 0.5 0.5 0.5 1 1 1
2 P_4 297 297 0.5 0.5 0.5 1 1 1
2 P_4 298 298 0.5 0.5 0.5 1 1 1
2 P_4 299 299 0.5 0.5 0.5 1 1 1
2 P_4 300 300 0 0 0 1 1 1
2 P_4 301 301 0.5 0.5 0.5 1 1 1
2 P_4 302 302 0.5 0.5 0.5 1 1 1
2 P_4 303 303 0.5 0.5 0.5 1 1 1
2 P_4 304 304 0.5 0.5 0.5 1 1 1
2 P_4 305 305 0.5 0.5 0.5 1 1 1
2 P_4 306 306 0 0 0 1 1 1
2 P_4 307 307 0 0 0 1 1 1
2 P_4 308 308 0.5 0.5 0.5 1 1 1
2 P_4 309 309 0.5 0.5 0.5 1 1 1
2 P_4 310 310 0.5 0.5 0.5 1 1 1
2 P_4 311 311 0.5 0.5 0.5 1 1 1
2 P_4 312 312 0 0 0 1 1 1
2 P_4 313 313 0.5 0.5 0.5 1 1 1
2 P_4 314 314 0 0 0 1 1 1
2 P_4 315 315 0.5 0.5 0.5 1 1 1
2 P_4 316 316 0.5 0.5 0.5 1 1 1
2 P_4 317 317 0.5 0.5 0.5 1 1 1
2 P_4 318 318 0 0 0 1 1 1
2 P_4 319 319 0.5 0.5 0.5 1 1 1
2 P_4 320 320 0 0 0 1 1 1
2 P_4 321 321 0.5 0.5 0.5 1 1 1
2 P_4 322 322 0.5 0.5 0.5 1 1 1
2 P_4 323 323 0.5 0.5 0.5 1 1 1
2 P_4 324 324 0.5 0.5 0.5 1 1 1
2 P_4 325 325 0.5 0.5 0.5 1 1 1
2 P_4 326 326 0 0 0 1 1 1
2 P_4 327 327 0.5 0.5 0.5 1 1 1
2 P_4 328 328 0 0 0 1 1 1
2 P_4 329 329 0.5 0.5 0.5 1 1 1
2 P_4 330 330 0.5 0.5 0.5 1 1 1
2 P_4 331 331 0.5 0.5 0.5 1 1 1
2 P_4 332 332 0.5 0.5 0.5 1 1 1
2 P_4 333 333 0 0 0 1 1 1
2 P_4 334 334 0.5 0.5 0.5 1 1 1
2 P_4 335 335 0.5 0.5 0.5 1 1 1
2 P_4 336 336 0 0 0 1 1 1
2 P_4 337 337 0.5 0.5 0.5 1 1 1
2 P_4 338 338 0.5 0.5 0.5 1 1 1
2 P_4 339 339 0.5 0.5 0.5 1 1 1
2 P_4 340 340 0.5 0.5 0.5 1 1 1
2 P_4 341 341 0.5 0.5 0.5 1 1 1
2 P_4 342 342 0.5 0.5 0.5 1 1 1
2 P_4 343 343 0.5 0.5 0.5 1 1 1
2 P_4 344 344 0.5 0.5 0.5 1 1 1
2 P_4 345 345 0 0 0 1 1 1
2 P_4 346 346 0.5 0.5 0.5 1 1 1
2 P_4 347 347 0 0 0 1 1 1
2 P_4 348 348 0.5 0.5 0.5 1 1 1
2 P_4 349 349 0 0 0 1 1 1
2 P_4 350 350 0 0 0 1 1 1
2 P_4 351 351 0.5 0.5 0.5 1 1 1
2 P_4 352 352 0.5 0.5 0.5 1 1 1
2 P_4 353 353 0.5 0.5 0.5 1 1 1
2 P_4 354 354 0.5 0.5 0.5 1 1 1
2 P_4 355 355 0 0 0 1 1 1
2 P_4 356 356 0.5 0.5 0.5 1 1 1
2 P_4 357 357 0 0 0 1 1 1
2 P_4 358 358 0.5 0.5 0.5 1 1 1
2 P_4 359 359 0.5 0.5 0.5 1 1 1
2 P_4 360 360 0.5 0.5 0.5 1 1 1
2 P_4 361 361 0.5 0.5 0.5 1 1 1
2 P_4 362 362 0.5 0.5 0.5 1 1 1
2 P_4 363 363 0 0 0 1 1 1
2 P_4 364 364 0.5 0.5 0.5 1 1 1
2 P_4 365 365 0.5 0.5 0.5 1 1 1
2 P_4 366 366 0 0 0 1 1 1
2 P_4 367 367 0 0 0 1 1 1
2 P_4 368 368 0 0 0 1 1 1
2 P_4 369 369 0.5 0.5 0.5 1 1 1
2 P_4 370 370 0 0 0 1 1 1
2 P_4 371 371 0.5 0.5 0.5 1 1 1
2 P_4 372 372 0.5 0.5 0.5 1 1 1
2 P_4 373 373 0.5 0.5 0.5 1 1 1
2 P_4 374 374 0.5 0.5 0.5 1 1 1
2 P_4 375 375 0.5 0.5 0.5 1 1 1
2 P_4 376 376 0.5 0.5 0.5 1 1 1
2 P_4 377 377 0.5 0.5 0.5 1 1 1
2 P_4 378 378 0 0 0 1 1 1
2 P_4 379 379 0.5 0.5 0.5 1 1 1
2 P_4 380 380 0 0 0 1 1 1
2 P_4 381 381 0 0 0 1 1 1
2 P_4 382 382 0.5 0.5 0.5 1 1 1
2 P_4 383 383 0 0 0 1 1 1
2 P_4 384 384 0 0 0 1 1 1
2 P_4 385 385 0.5 0.5 0.5 1 1 1
2 P_4 386 386 0.5 0.5 0.5 1 1 1
2 P_4 387 387 0 0 0 1 1 1
2 P_4 388 388 0.5 0.5 0.5 1 1 1
2 P_4 389 389 0.5 0.5 0.5 1 1 1
2 P_4 390 390 0.5 0.5 0.5 1 1 1
2 P_4 391 391 0.5 0.5 0.5 1 1 1
2 P_4 392 392 0.5 0.5 0.5 1 1 1
2 P_4 393 393 0.5 0.5 0.5 1 1 1
2 P_4 394 394 0.5 0.5 0.5 1 1 1
2 P_4 395 395 0.5 0.5 0.5 1 1 1
2 P_4 396 396 0 0 0 1 1 1
2 P_4 397 397 0 0 0 1 1 1
2 P_4 398 398 0 0 0 1 1 1
2 P_4 399 399 0.5 0.5 0.5 1 1 1
2 P_4 400 400 0.5 0.5 0.5 1 1 1
2 P_4 401 401 0.5 0.5 0.5 1 1 1
2 P_4 402 402 0.5 0.5 0.5 1 1 1
2 P_4 403 403 0 0 0 1 1 1
2 P_4 404 404 0.5 0.5 0.5 1 1 1
2 P_4 405 405 0 0 0 1 1 1
2 P_4 406 406 0.5 0.5 0.5 1 1 1
2 P_4 407 407 0.5 0.5 0.5 1 1 1
2 P_4 408 408 0 0 0 1 1 1
2 P_4 409 409 0.5 0.5 0.5 1 1 1
2 P_4 410 410 0 0 0 1 1 1
2 P_4 411 411 0.5 0.5 0.5 1 1 1
2 P_4 412 412 0 0 0 1 1 1
2 P_4 413 413 0.5 0.5 0.5 1 1 1
2 P_4 414 414 0.5 0.5 0.5 1 1 1
2 P_4 415 415 0.5 0.5 0.5 1 1 1
2 P_4 416 416 0 0 0 1 1 1
2 P_4 417 417 0 0 0 1 1 1
2 P_4 418 418 0.5 0.5 0.5 1 1 1
2 P_4 419 419 0.5 0.5 0.5 1 1 1
2 P_4 420 420 0.5 0.5 0.5 1 1 1
2 P_4 421 421 0 0 0 1 1 1
2 P_4 422 422 0 0 0 1 1 1
2 P_4 423 423 0.5 0.5 0.5 1 1 1
2 P_4 424 424 0.5 0.5 0.5 1 1 1
2 P_4 425 425 0 0 0 1 1 1
2 P_4 426 426 0.5 0.5 0.5 1 1 1
2 P_4 427 427 0.5 0.5 0.5 1 1 1
2 P_4 428 428 0.5 0.5 0.5 1 1 1
2 P_4 429 429 0.5 0.5 0.5 1 1 1
2 P_4 430 430 0 0 0 1 1 1
2 P_4 431 431 0.5 0.5 0.5 1 1 1
2 P_4 432 432 0 0 0 1 1 1
2 P_4 433 433 0 0 0 1 1 1
2 P_4 434 434 0.5 0.5 0.5 1 1 1
2 P_4 435 435 0.5 0.5 0.5 1 1 1
2 P_4 436 436 0 0 0 1 1 1
2 P_4 437 437 0.5 0.5 0.5 1 1 1
2 P_4 438 438 0.5 0.5 0.5 1 1 1
2 P_4 439 439 0.5 0.5 0.5 1 1 1
2 P_4 440 440 0.5 0.5 0.5 1 1 1
2 P_4 441 441 0.5 0.5 0.5 1 1 1
2 P_4 442 442 0 0 0 1 1 1
2 P_4 443 443 0 0 0 1 1 1
2 P_4 444 444 0 0 0 1 1 1
2 P_4 445 445 0 0 0 1 1 1
2 P_4 446 446 0.5 0.5 0.5 1 1 1
2 P_4 447 447 0.5 0.5 0.5 1 1 1
2 P_4 448 448 0.5 0.5 0.5 1 1 1
2 P_4 449 449 0.5 0.5 0.5 1 1 1
2 P_4 450 450 0.5 0.5 0.5 1 1 1
2 P_4 451 451 0.5 0.5 0.5 1 1 1
2 P_4 452 452 0 0 0 1 1 1
2 P_4 453 453 0.5 0.5 0.5 1 1 1
2 P_4 454 454 0 0 0 1 1 1
2 P_4 455 455 0 0 0 1 1 1
2 P_4 456 456 0.5 0.5 0.5 1 1 1
2 P_4 457 457 0.5 0.5 0.5 1 1 1
2 P_4 458 458 0.5 0.5 0.5 1 1 1
2 P_4 459 459 0.5 0.5 0.5 1 1 1
2 P_4 460 460 0 0 0 1 1 1
2 P_4 461 461 0 0 0 1 1 1
2 P_4 462 462 0.5 0.5 0.5 1 1 1
2 P_4 463 463 0 0 0 1 1 1
2 P_4 464 464 0 0 0 1 1 1
2 P_4 465 465 0.5 0.5 0.5 1 1 1
2 P_4 466 466 0.5 0.5 0.5 1 1 1
2 P_4 467 467 0.5 0.5 0.5 1 1 1
2 P_4 468 468 0.5 0.5 0.5 1 1 1
2 P_4 469 469 0.5 0.5 0.5 1 1 1
2 P_4 470 470 0.5 0.5 0.5 1 1 1
2 P_4 471 471 0.5 0.5 0.5 1 1 1
2 P_4 472 472 0.5 0.5 0.5 1 1 1
2 P_4 473 473 0 0 0 1 1 1
2 P_4 474 474 0 0 0 1 1 1
2 P_4 475 475 0 0 0 1 1 1
2 P_4 476 476 0.5 0.5 0.5 1 1 1
2 P_4 477 477 0.5 0.5 0.5 1 1 1
2 P_4 478 478 0 0 0 1 1 1
2 P_4 479 479 0 0 0 1 1 1
2 P_4 480 480 0.5 0.5 0.5 1 1 1
2 P_4 481 481 0.5 0.5 0.5 1 1 1
2 P_4 482 482 0 0 0 1 1 1
2 P_4 483 483 0.5 0.5 0.5 1 1 1
2 P_4 484 484 0 0 0 1 1 1
2 P_4 485 485 0.5 0.5 0.5 1 1 1
2 P_4 486 486 0.5 0.5 0.5 1 1 1
2 P_4 487 487 0.5 0.5 0.5 1 1 1
2 P_4 488 488 0.5 0.5 0.5 1 1 1
2 P_4 489 489 0 0 0 1 1 1
2 P_4 490 490 0 0 0 1 1 1
2 P_4 491 491 0.5 0.5 0.5 1 1 1
2 P_4 492 492 0.5 0.5 0.5 1 1 1
2 P_4 493 493 0.5 0.5 0.5 1 1 1
2 P_4 494 494 0.5 0.5 0.5 1 1 1
2 P_4 495 495 0.5 0.5 0.5 1 1 1
2 P_4 496 496 0.5 0.5 0.5 1 1 1
2 P_4 497 497 0 0 0 1 1 1
2 P_4 498 498 0.5 0.5 0.5 1 1 1
2 P_4 499 499 0 0 0 1 1 1
2 P_4 500 500 0.5 0.5 0.5 1 1 1
2 P_4 501 501 0.5 0.5 0.5 1 1 1
2 P_4 502 502 0 0 0 1 1 1
2 P_4 503 503 0.5 0.5 0.5 1 1 1
2 P_4 504 504 0.5 0.5 0.5 1 1 1
2 P_4 505 505 0.5 0.5 0.5 1 1 1
2 P_4 506 506 0.5 0.5 0.5 1 1 1
2 P_4 507 507 0.5 0.5 0.5 1 1 1
2 P_4 508 508 0.5 0.5 0.5 1 1 1
2 P_4 509 509 0.5 0.5 0.5 1 1 1
2 P_4 510 510 0 0 0 1 1 1
2 P_4 511 511 0.5 0.5 0.5 1 1 1
2 P_4 512 512 0.5 0.5 0.5 1 1 1
2 P_4 513 513 0.5 0.5 0.5 1 1 1
2 P_4 514 514 0 0 0 1 1 1
2 P_4 515 515 0.5 0.5 0.5 1 1 1
2 P_4 516 516 0 0 0 1 1 1
2 P_4 517 517 0.5 0.5 0.5 1 1 1
2 P_4 518 518 0.5 0.5 0.5 1 1 1
2 P_4 519 519 0.5 0.5 0.5 1 1 1
2 P_4 520 520 0.5 0.5 0.5 1 1 1
2 P_4 521 521 0.5 0.5 0.5 1 1 1
2 P_4 522 522 0.5 0.5 0.5 1 1 1
2 P_4 523 523 0.5 0.5 0.5 1 1 1
2 P_4 524 524 0 0 0 1 1 1
2 P_4 525 525 0 0 0 1 1 1
2 P_4 526 526 0.5 0.5 0.5 1 1 1
2 P_4 527 527 0 0 0 1 1 1
2 P_4 528 528 0.5 0.5 0.5 1 1 1
2 P_4 529 529 0.5 0.5 0.5 1 1 1
2 P_4 530 530 0 0 0 1 1 1
2 P_4 531 531 0 0 0 1 1 1
3 P_0 0 0 0 0 0 1 1 1
3 P_0 1 1 0.5 0.5 0.5 1 1 1
3 P_0 2 2 0 0 0 1 1 1
3 P_0 3 3 0.5 0.5 0.5 1 1 1
3 P_0 4 4 0 0 0 1 1 1
3 P_0 5 5 0.5 0.5 0.5 1 1 1
3 P_0 6 6 0 0 0 1 1 1
3 P_0 7 7 0 0 0 1 1 1
3 P_0 8 8 0 0 0 1 1 1
3 P_0 9 9 0.5 0.5 0.5 1 1 1
3 P_0 10 10 0.265039 0.2854969574036511 0.305542 1 1 1
3 P_0 11 11 0.5 0.5 0.5 1 1 1
3 P_0 12 12 0.0805595 0.09569138276553106 0.1125965 1 1 1
3 P_0 13 13 0.5 0.5 0.5 1 1 1
3 P_0 14 14 0.5 0.5 0.5 1 1 1
3 P_0 15 15 0 0 0 1 1 1
3 P_0 16 16 0.5 0.5 0.5 1 1 1
3 P_0 17 17 0.5 0.5 0.5 1 1 1
3 P_0 18 18 0.5 0.5 0.5 1 1 1
3 P_0 19 19 0.5 0.5 0.5 1 1 1
3 P_0 20 20 0.5 0.5 0.5 1 1 1
3 P_0 21 21 0.5 0.5 0.5 1 1 1
3 P_0 22 22 0.189218 0.20878048780487804 0.228804 1 1 1
3 P_0 23 23 0.5 0.5 0.5 1 1 1
3 P_0 24 24 0.5 0.5 0.5 1 1 1
3 P_0 25 25 0.5 0.5 0.5 1 1 1
3 P_0 26 26 0.5 0.5 0.5 1 1 1
3 P_0 27 27 0.281327 0.30138339920948615 0.3208575 1 1 1
3 P_0 28 28 0.5 0.5 0.5 1 1 1
3 P_0 29 29 0.5 0.5 0.5 1 1 1
3 P_0 30 30 0.5 0.5 0.5 1 1 1
3 P_0 31 31 0 0 0 1 1 1
3 P_0 32 32 0.5 0.5 0.5 1 1 1
3 P_0 33 33 0 0 0 1 1 1
3 P_0 34 34 0.5 0.5 0.5 1 1 1
3 P_0 35 35 0.5 0.5 0.5 1 1 1
3 P_0 36 36 0.5 0.5 0.5 1 1 1
3 P_0 37 37 0.5 0.5 0.5 1 1 1
3 P_0 38 38 0 0 0 1 1 1
3 P_0 39 39 0.5 0.5 0.5 1 1 1
3 P_0 40 40 0.5 0.5 0.5 1 1 1
3 P_0 41 41 0.5 0.5 0.5 1 1 1
3 P_0 42 42 0 0 0 1 1 1
3 P_0 43 43 0.5 0.5 0.5 1 1 1
3 P_0 44 44 0.5 0.5 0.5 1 1 1
3 P_0 45 45 0.5 0.5 0.5 1 1 1
3 P_0 46 46 0.5 0.5 0.5 1 1 1
3 P_0 47 47 0 0 0 1 1 1
3 P_0 48 48 0.5 0.5 0.5 1 1 1
3 P_0 49 49 0.5 0.5 0.5 1 1 1
3 P_0 50 50 0.5 0.5 0.5 1 1 1
3 P_0 51 51 0.5 0.5 0.5 1 1 1
3 P_0 52 52 0 0 0 1 1 1
3 P_0 53 53 0 0 0 1 1 1
3 P_0 54 54 0 0 0 1 1 1
3 P_0 55 55 0.5 0.5 0.5 1 1 1
3 P_0 56 56 0 0 0 1 1 1
3 P_0 57 57 0.5 0.5 0.5 1 1 1
3 P_0 58 58 0 0 0 1 1 1
3 P_0 59 59 0.5 0.5 0.5 1 1 1
3 P_0 60 60 0.5 0.5 0.5 1 1 1
3 P_0 61 61 0.5 0.5 0.5 1 1 1
3 P_0 62 62 0 0 0 1 1 1
3 P_0 63 63 0.5 0.5 0.5 1 1 1
3 P_0 64 64 0 0 0 1 1 1
3 P_0 65 65 0.5 0.5 0.5 1 1 1
3 P_0 66 66 0.5 0.5 0.5 1 1 1
3 P_0 67 67 0.5 0.5 0.5 1 1 1
3 P_0 68 68 0.5 0.5 0.5 1 1 1
3 P_0 69 69 0.5 0.5 0.5 1 1 1
3 P_0 70 70 0.5 0.5 0.5 1 1 1
3 P_0 71 71 0.5 0.5 0.5 1 1 1
3 P_0 72 72 0 0 0 1 1 1
3 P_0 73 73 0.1754965 0.195 0.2151345 1 1 1
3 P_0 74 74 0.5 0.5 0.5 1 1 1
3 P_0 75 75 0.5 0.5 0.5 1 1 1
3 P_0 76 76 0 0 0 1 1 1
3 P_0 77 77 0.5 0.5 0.5 1 1 1
3 P_0 78 78 0.5 0.5 0.5 1 1 1
3 P_0 79 79 0.5 0.5 0.5 1 1 1
3 P_0 80 80 0.5 0.5 0.5 1 1 1
3 P_0 81 81 0.5 0.5 0.5 1 1 1
3 P_0 82 82 0.5 0.5 0.5 1 1 1
3 P_0 83 83 0.2892185 0.30935613682092555 0.328809 1 1 1
3 P_0 84 84 0.5 0.5 0.5 1 1 1
3 P_0 85 85 0 0 0 1 1 1
3 P_0 86 86 0.5 0.5 0.5 1 1 1
3 P_0 87 87 0.5 0.5 0.5 1 1 1
3 P_0 88 88 0.5 0.5 0.5 1 1 1
3 P_0 89 89 0 0 0 1 1 1
3 P_0 90 90 0 0 0 1 1 1
3 P_0 91 91 0 0 0 1 1 1
3 P_0 92 92 0.5 0.5 0.5 1 1 1
3 P_0 93 93 0.5 0.5 0.5 1 1 1
3 P_0 94 94 0.5 0.5 0.5 1 1 1
3 P_0 95 95 0.5 0.5 0.5 1 1 1
3 P_0 96 96 0.5 0.5 0.5 1 1 1
3 P_0 97 97 0.0804515 0.0955223880597015 0.1123555 1 1 1
3 P_0 98 98 0.179651 0.19958634953464321 0.2201195 1 1 1
3 P_0 99 99 0.5 0.5 0.5 1 1 1
3 P_0 100 100 0.5 0.5 0.5 1 1 1
3 P_0 101 101 0 0 0 1 1 1
3 P_0 102 102 0.0774175 0.09210526315789473 0.1085575 1 1 1
3 P_0 103 103 0.5 0.5 0.5 1 1 1
3 P_0 104 104 0.5 0.5 0.5 1 1 1
3 P_0 105 105 0.175479 0.19479882237487733 0.21474 1 1 1
3 P_0 106 106 0.5 0.5 0.5 1 1 1
3 P_0 107 107 0.5 0.5 0.5 1 1 1
3 P_0 108 108 0.5 0.5 0.5 1 1 1
3 P_0 109 109 0.5 0.5 0.5 1 1 1
3 P_0 110 110 0.5 0.5 0.5 1 1 1
3 P_0 111 111 0.5 0.5 0.5 1 1 1
3 P_0 112 112 0 0 0 1 1 1
3 P_0 113 113 0.5 0.5 0.5 1 1 1
3 P_0 114 114 0.5 0.5 0.5 1 1 1
3 P_0 115 115 0.5 0.5 0.5 1 1 1
3 P_0 116 116 0.5 0.5 0.5 1 1 1
3 P_0 117 117 0.183903 0.20376016260162602 0.224156 1 1 1
3 P_0 118 118 0.5 0.5 0.5 1 1 1
3 P_0 119 119 0.5 0.5 0.5 1 1 1
3 P_0 120 120 0 0 0 1 1 1
3 P_0 121 121 0.2946285 0.31446850393700787 0.3335805 1 1 1
3 P_0 122 122 0.5 0.5 0.5 1 1 1
3 P_0 123 123 0.5 0.5 0.5 1 1 1
3 P_0 124 124 0.5 0.5 0.5 1 1 1
3 P_0 125 125 0.5 0.5 0.5 1 1 1
3 P_0 126 126 0.5 0.5 0.5 1 1 1
3 P_0 127 127 0 0 0 1 1 1
3 P_0 128 128 0 0 0 1 1 1
3 P_0 129 129 0.5 0.5 0.5 1 1 1
3 P_0 130 130 0.5 0.5 0.5 1 1 1
3 P_0 131 131 0.5 0.5 0.5 1 1 1
3 P_0 132 132 0.095399 0.11161616161616161 0.129436 1 1 1
3 P_0 133 133 0.5 0.5 0.5 1 1 1
3 P_0 134 134 0 0 0 1 1 1
3 P_0 135 135 0.5 0.5 0.5 1 1 1
3 P_0 136 136 0.5 0.5 0.5 1 1 1
3 P_0 137 137 0.5 0.5 0.5 1 1 1
3 P_0 138 138 0.175 0.1943081452404318 0.214243 1 1 1
3 P_0 139 139 0.5 0.5 0.5 1 1 1
3 P_0 140 140 0.5 0.5 0.5 1 1 1
3 P_0 141 141 0.5 0.5 0.5 1 1 1
3 P_0 142 142 0.180176 0.19970267591674926 0.219801 1 1 1
3 P_0 143 143 0.5 0.5 0.5 1 1 1
3 P_0 144 144 0.5 0.5 0.5 1 1 1
3 P_0 145 145 0.18165 0.201417004048583 0.221748 1 1 1
3 P_0 146 146 0.5 0.5 0.5 1 1 1
3 P_0 147 147 0.5 0.5 0.5 1 1 1
3 P_0 148 148 0.5 0.5 0.5 1 1 1
3 P_0 149 149 0.5 0.5 0.5 1 1 1
3 P_0 150 150 0.5 0.5 0.5 1 1 1
3 P_0 151 151 0.5 0.5 0.5 1 1 1
3 P_0 152 152 0.5 0.5 0.5 1 1 1
3 P_0 153 153 0.1861375 0.20618556701030927 0.2267515 1 1 1
3 P_0 154 154 0.5 0.5 0.5 1 1 1
3 P_0 155 155 0.5 0.5 0.5 1 1 1
3 P_0 156 156 0.5 0.5 0.5 1 1 1
3 P_0 157 157 0.5 0.5 0.5 1 1 1
3 P_0 158 158 0.5 0.5 0.5 1 1 1
3 P_0 159 159 0.5 0.5 0.5 1 1 1
3 P_0 160 160 0.5 0.5 0.5 1 1 1
3 P_0 161 161 0.5 0.5 0.5 1 1 1
3 P_0 162 162 0.5 0.5 0.5 1 1 1
3 P_0 163 163 0.5 0.5 0.5 1 1 1
3 P_0 164 164 0.5 0.5 0.5 1 1 1
3 P_0 165 165 0.5 0.5 0.5 1 1 1
3 P_0 166 166 0.5 0.5 0.5 1 1 1
3 P_0 167 167 0.1921 0.21176470588235294 0.2318595 1 1 1
3 P_0 168 168 0 0 0 1 1 1
3 P_0 169 169 0 0 0 1 1 1
3 P_0 170 170 0.5 0.5 0.5 1 1 1
3 P_0 171 171 0.5 0.5 0.5 1 1 1
3 P_0 172 172 0.5 0.5 0.5 1 1 1
3 P_0 173 173 0.189376 0.2093973442288049 0.229894 1 1 1
3 P_0 174 174 0.5 0.5 0.5 1 1 1
3 P_0 175 175 0.5 0.5 0.5 1 1 1
3 P_0 176 176 0.2737805 0.29426816786079835 0.3142365 1 1 1
3 P_0 177 177 0.093855 0.11029411764705882 0.1284155 1 1 1
3 P_0 178 178 0 0 0 1 1 1
3 P_0 179 179 0.5 0.5 0.5 1 1 1
3 P_0 180 180 0.5 0.5 0.5 1 1 1
3 P_0 181 181 0.5 0.5 0.5 1 1 1
3 P_0 182 182 0.5 0.5 0.5 1 1 1
3 P_0 183 183 0.5 0.5 0.5 1 1 1
3 P_0 184 184 0.5 0.5 0.5 1 1 1
3 P_0 185 185 0.5 0.5 0.5 1 1 1
3 P_0 186 186 0.5 0.5 0.5 1 1 1
3 P_0 187 187 0.5 0.5 0.5 1 1 1
3 P_0 188 188 0.2869065 0.30696517412935326 0.3263735 1 1 1
3 P_0 189 189 0 0 0 1 1 1
3 P_0 190 190 0.28204 0.3021978021978022 0.3217575 1 1 1
3 P_0 191 191 0.5 0.5 0.5 1 1 1
3 P_0 192 192 0.2697215 0.2897560975609756 0.309346 1 1 1
3 P_0 193 193 0 0 0 1 1 1
3 P_0 194 194 0 0 0 1 1 1
3 P_0 195 195 0.1808455 0.2003968253968254 0.2205125 1 1 1
3 P_0 196 196 0.5 0.5 0.5 1 1 1
3 P_0 197 197 0.5 0.5 0.5 1 1 1
3 P_0 198 198 0 0 0 1 1 1
3 P_0 199 199 0 0 0 1 1 1
3 P_0 200 200 0.088475 0.10425101214574899 0.1217185 1 1 1
3 P_0 201 201 0.5 0.5 0.5 1 1 1
3 P_0 202 202 0.5 0.5 0.5 1 1 1
3 P_0 203 203 0.5 0.5 0.5 1 1 1
3 P_0 204 204 0.5 0.5 0.5 1 1 1
3 P_0 205 205 0.5 0.5 0.5 1 1 1
3 P_0 206 206 0.277423 0.2972195589645254 0.316497 1 1 1
3 P_0 207 207 0.5 0.5 0.5 1 1 1
3 P_0 208 208 0.5 0.5 0.5 1 1 1
3 P_0 209 209 0.5 0.5 0.5 1 1 1
3 P_0 210 210 0 0 0 1 1 1
3 P_0 211 211 0.5 0.5 0.5 1 1 1
3 P_0 212 212 0.5 0.5 0.5 1 1 1
3 P_0 213 213 0 0 0 1 1 1
3 P_0 214 214 0.5 0.5 0.5 1 1 1
3 P_0 215 215 0.5 0.5 0.5 1 1 1
3 P_0 216 216 0.5 0.5 0.5 1 1 1
3 P_0 217 217 0.5 0.5 0.5 1 1 1
3 P_0 218 218 0.5 0.5 0.5 1 1 1
3 P_0 219 219 0.2791685 0.2993981945837513 0.3190595 1 1 1
3 P_0 220 220 0 0 0 1 1 1
3 P_0 221 221 0.1890845 0.2090080971659919 0.2294075 1 1 1
3 P_0 222 222 0.5 0.5 0.5 1 1 1
3 P_0 223 223 0.5 0.5 0.5 1 1 1
3 P_0 224 224 0.5 0.5 0.5 1 1 1
3 P_0 225 225 0.5 0.5 0.5 1 1 1
3 P_0 226 226 0.5 0.5 0.5 1 1 1
3 P_0 227 227 0.5 0.5 0.5 1 1 1
3 P_0 228 228 0 0 0 1 1 1
3 P_0 229 229 0.1701995 0.18925459825750243 0.2089845 1 1 1
3 P_0 230 230 0.5 0.5 0.5 1 1 1
3 P_0 231 231 0.5 0.5 0.5 1 1 1
3 P_0 232 232 0.5 0.5 0.5 1 1 1
3 P_0 233 233 0.5 0.5 0.5 1 1 1
3 P_0 234 234 0.5 0.5 0.5 1 1 1
3 P_0 235 235 0.5 0.5 0.5 1 1 1
3 P_0 236 236 0.5 0.5 0.5 1 1 1
3 P_0 237 237 0.5 0.5 0.5 1 1 1
3 P_0 238 238 0.5 0.5 0.5 1 1 1
3 P_0 239 239 0.5 0.5 0.5 1 1 1
3 P_0 240 240 0.5 0.5 0.5 1 1 1
3 P_0 241 241 0.173749 0.19363256784968685 0.214191 1 1 1
3 P_0 242 242 0.5 0.5 0.5 1 1 1
3 P_0 243 243 0.5 0.5 0.5 1 1 1
3 P_0 244 244 0 0 0 1 1 1
3 P_0 245 245 0.5 0.5 0.5 1 1 1
3 P_0 246 246 0.5 0.5 0.5 1 1 1
3 P_0 247 247 0 0 0 1 1 1
3 P_0 248 248 0.5 0.5 0.5 1 1 1
3 P_0 249 249 0 0 0 1 1 1
3 P_0 250 250 0.5 0.5 0.5 1 1 1
3 P_0 251 251 0 0 0 1 1 1
3 P_0 252 252 0.5 0.5 0.5 1 1 1
3 P_0 253 253 0.5 0.5 0.5 1 1 1
3 P_0 254 254 0.5 0.5 0.5 1 1 1
3 P_0 255 255 0 0 0 1 1 1
3 P_0 256 256 0.5 0.5 0.5 1 1 1
3 P_0 257 257 0.1784575 0.1984375 0.219033 1 1 1
3 P_0 258 258 0 0 0 1 1 1
3 P_0 259 259 0.5 0.5 0.5 1 1 1
3 P_0 260 260 0.5 0.5 0.5 1 1 1
3 P_0 261 261 0 0 0 1 1 1
3 P_0 262 262 0.5 0.5 0.5 1 1 1
3 P_0 263 263 0.5 0.5 0.5 1 1 1
3 P_0 264 264 0.5 0.5 0.5 1 1 1
3 P_0 265 265 0.5 0.5 0.5 1 1 1
3 P_0 266 266 0 0 0 1 1 1
3 P_0 267 267 0.5 0.5 0.5 1 1 1
3 P_0 268 268 0.2693055 0.28912213740458015 0.308511 1 1 1
3 P_0 269 269 0 0 0 1 1 1
3 P_0 270 270 0.5 0.5 0.5 1 1 1
3 P_0 271 271 0.5 0.5 0.5 1 1 1
3 P_0 272 272 0.5 0.5 0.5 1 1 1
3 P_0 273 273 0.5 0.5 0.5 1 1 1
3 P_0 274 274 0.5 0.5 0.5 1 1 1
3 P_0 275 275 0.5 0.5 0.5 1 1 1
3 P_0 276 276 0.5 0.5 0.5 1 1 1
3 P_0 277 277 0.5 0.5 0.5 1 1 1
3 P_0 278 278 0.194529 0.21496311907270813 0.2358205 1 1 1
3 P_0 279 279 0 0 0 1 1 1
3 P_0 280 280 0.5 0.5 0.5 1 1 1
3 P_0 281 281 0 0 0 1 1 1
3 P_0 282 282 0.1791965 0.19862340216322516 0.21863 1 1 1
3 P_0 283 283 0.5 0.5 0.5 1 1 1
3 P_0 284 284 0.5 0.5 0.5 1 1 1
3 P_0 285 285 0.5 0.5 0.5 1 1 1
3 P_0 286 286 0 0 0 1 1 1
3 P_0 287 287 0.5 0.5 0.5 1 1 1
3 P_0 288 288 0.2806185 0.3006923837784372 0.3201915 1 1 1
3 P_0 289 289 0.5 0.5 0.5 1 1 1
3 P_0 290 290 0.5 0.5 0.5 1 1 1
3 P_0 291 291 0.5 0.5 0.5 1 1 1
3 P_0 292 292 0 0 0 1 1 1
3 P_0 293 293 0.5 0.5 0.5 1 1 1
3 P_0 294 294 0.5 0.5 0.5 1 1 1
3 P_0 295 295 0.5 0.5 0.5 1 1 1
3 P_0 296 296 0.5 0.5 0.5 1 1 1
3 P_0 297 297 0.5 0.5 0.5 1 1 1
3 P_0 298 298 0.5 0.5 0.5 1 1 1
3 P_0 299 299 0.5 0.5 0.5 1 1 1
3 P_0 300 300 0.28983 0.3100303951367781 0.3295335 1 1 1
3 P_0 301 301 0.5 0.5 0.5 1 1 1
3 P_0 302 302 0.5 0.5 0.5 1 1 1
3 P_0 303 303 0.5 0.5 0.5 1 1 1
3 P_0 304 304 0.5 0.5 0.5 1 1 1
3 P_0 305 305 0.5 0.5 0.5 1 1 1
3 P_0 306 306 0.0830755 0.09807692307692308 0.1147535 1 1 1
3 P_0 307 307 0.2839225 0.30363984674329503 0.322768 1 1 1
3 P_0 308 308 0.5 0.5 0.5 1 1 1
3 P_0 309 309 0.5 0.5 0.5 1 1 1
3 P_0 310 310 0.5 0.5 0.5 1 1 1
3 P_0 311 311 0.5 0.5 0.5 1 1 1
3 P_0 312 312 0 0 0 1 1 1
3 P_0 313 313 0.5 0.5 0.5 1 1 1
3 P_0 314 314 0 0 0 1 1 1
3 P_0 315 315 0.5 0.5 0.5 1 1 1
3 P_0 316 316 0.5 0.5 0.5 1 1 1
3 P_0 317 317 0.5 0.5 0.5 1 1 1
3 P_0 318 318 0 0 0 1 1 1
3 P_0 319 319 0.5 0.5 0.5 1 1 1
3 P_0 320 320 0 0 0 1 1 1
3 P_0 321 321 0.5 0.5 0.5 1 1 1
3 P_0 322 322 0.5 0.5 0.5 1 1 1
3 P_0 323 323 0.5 0.5 0.5 1 1 1
3 P_0 324 324 0.5 0.5 0.5 1 1 1
3 P_0 325 325 0.5 0.5 0.5 1 1 1
3 P_0 326 326 0 0 0 1 1 1
3 P_0 327 327 0 0 0 1 1 1
3 P_0 328 328 0 0 0 1 1 1
3 P_0 329 329 0.5 0.5 0.5 1 1 1
3 P_0 330 330 0.5 0.5 0.5 1 1 1
3 P_0 331 331 0.5 0.5 0.5 1 1 1
3 P_0 332 332 0.5 0.5 0.5 1 1 1
3 P_0 333 333 0.0882635 0.10368217054263566 0.120727 1 1 1
3 P_0 334 334 0.5 0.5 0.5 1 1 1
3 P_0 335 335 0.5 0.5 0.5 1 1 1
3 P_0 336 336 0.180542 0.20030425963488843 0.2206445 1 1 1
3 P_0 337 337 0.5 0.5 0.5 1 1 1
3 P_0 338 338 0.5 0.5 0.5 1 1 1
3 P_0 339 339 0.5 0.5 0.5 1 1 1
3 P_0 340 340 0.5 0.5 0.5 1 1 1
3 P_0 341 341 0.5 0.5 0.5 1 1 1
3 P_0 342 342 0.5 0.5 0.5 1 1 1
3 P_0 343 343 0.5 0.5 0.5 1 1 1
3 P_0 344 344 0.5 0.5 0.5 1 1 1
3 P_0 345 345 0 0 0 1 1 1
3 P_0 346 346 0.5 0.5 0.5 1 1 1
3 P_0 347 347 0 0 0 1 1 1
3 P_0 348 348 0.5 0.5 0.5 1 1 1
3 P_0 349 349 0 0 0 1 1 1
3 P_0 350 350 0 0 0 1 1 1
3 P_0 351 351 0 0 0 1 1 1
3 P_0 352 352 0.5 0.5 0.5 1 1 1
3 P_0 353 353 0.5 0.5 0.5 1 1 1
3 P_0 354 354 0.5 0.5 0.5 1 1 1
3 P_0 355 355 0 0 0 1 1 1
3 P_0 356 356 0.5 0.5 0.5 1 1 1
3 P_0 357 357 0.2725235 0.2923444976076555 0.3117005 1 1 1
3 P_0 358 358 0.5 0.5 0.5 1 1 1
3 P_0 359 359 0.5 0.5 0.5 1 1 1
3 P_0 360 360 0 0 0 1 1 1
3 P_0 361 361 0.5 0.5 0.5 1 1 1
3 P_0 362 362 0.5 0.5 0.5 1 1 1
3 P_0 363 363 0 0 0 1 1 1
3 P_0 364 364 0.5 0.5 0.5 1 1 1
3 P_0 365 365 0.1890745 0.2091002044989775 0.2296055 1 1 1
3 P_0 366 366 0.268802 0.2893923789907312 0.309518 1 1 1
3 P_0 367 367 0 0 0 1 1 1
3 P_0 368 368 0 0 0 1 1 1
3 P_0 369 369 0.5 0.5 0.5 1 1 1
3 P_0 370 370 0 0 0 1 1 1
3 P_0 371 371 0.5 0.5 0.5 1 1 1
3 P_0 372 372 0.5 0.5 0.5 1 1 1
3 P_0 373 373 0.5 0.5 0.5 1 1 1
3 P_0 374 374 0.5 0.5 0.5 1 1 1
3 P_0 375 375 0.5 0.5 0.5 1 1 1
3 P_0 376 376 0.5 0.5 0.5 1 1 1
3 P_0 377 377 0.5 0.5 0.5 1 1 1
3 P_0 378 378 0 0 0 1 1 1
3 P_0 379 379 0.5 0.5 0.5 1 1 1
3 P_0 380 380 0 0 0 1 1 1
3 P_0 381 381 0 0 0 1 1 1
3 P_0 382 382 0.5 0.5 0.5 1 1 1
3 P_0 383 383 0 0 0 1 1 1
3 P_0 384 384 0 0 0 1 1 1
3 P_0 385 385 0.5 0.5 0.5 1 1 1
3 P_0 386 386 0.5 0.5 0.5 1 1 1
3 P_0 387 387 0 0 0 1 1 1
3 P_0 388 388 0 0 0 1 1 1
3 P_0 389 389 0.5 0.5 0.5 1 1 1
3 P_0 390 390 0.5 0.5 0.5 1 1 1
3 P_0 391 391 0.5 0.5 0.5 1 1 1
3 P_0 392 392 0.5 0.5 0.5 1 1 1
3 P_0 393 393 0.1896655 0.21032608695652175 0.2314815 1 1 1
3 P_0 394 394 0.5 0.5 0.5 1 1 1
3 P_0 395 395 0.190175 0.20985221674876847 0.229983 1 1 1
3 P_0 396 396 0 0 0 1 1 1
3 P_0 397 397 0.2759125 0.2961847389558233 0.315925 1 1 1
3 P_0 398 398 0 0 0 1 1 1
3 P_0 399 399 0.5 0.5 0.5 1 1 1
3 P_0 400 400 0.5 0.5 0.5 1 1 1
3 P_0 401 401 0.5 0.5 0.5 1 1 1
3 P_0 402 402 0.5 0.5 0.5 1 1 1
3 P_0 403 403 0 0 0 1 1 1
3 P_0 404 404 0.5 0.5 0.5 1 1 1
3 P_0 405 405 0.179513 0.19938335046248715 0.21985 1 1 1
3 P_0 406 406 0.5 0.5 0.5 1 1 1
3 P_0 407 407 0.5 0.5 0.5 1 1 1
3 P_0 408 408 0.2749935 0.2949465500485909 0.314399 1 1 1
3 P_0 409 409 0.5 0.5 0.5 1 1 1
3 P_0 410 410 0 0 0 1 1 1
3 P_0 411 411 0.5 0.5 0.5 1 1 1
3 P_0 412 412 0 0 0 1 1 1
3 P_0 413 413 0.1856125 0.2054655870445344 0.2258355 1 1 1
3 P_0 414 414 0.5 0.5 0.5 1 1 1
3 P_0 415 415 0.5 0.5 0.5 1 1 1
3 P_0 416 416 0 0 0 1 1 1
3 P_0 417 417 0 0 0 1 1 1
3 P_0 418 418 0.5 0.5 0.5 1 1 1
3 P_0 419 419 0.5 0.5 0.5 1 1 1
3 P_0 420 420 0.5 0.5 0.5 1 1 1
3 P_0 421 421 0 0 0 1 1 1
3 P_0 422 422 0.2777565 0.2981651376146789 0.3180105 1 1 1
3 P_0 423 423 0.5 0.5 0.5 1 1 1
3 P_0 424 424 0.5 0.5 0.5 1 1 1
3 P_0 425 425 0.278684 0.298989898989899 0.3187285 1 1 1
3 P_0 426 426 0.5 0.5 0.5 1 1 1
3 P_0 427 427 0.5 0.5 0.5 1 1 1
3 P_0 428 428 0.5 0.5 0.5 1 1 1
3 P_0 429 429 0.5 0.5 0.5 1 1 1
3 P_0 430 430 0.275856 0.2965481171548117 0.316682 1 1 1
3 P_0 431 431 0.5 0.5 0.5 1 1 1
3 P_0 432 432 0.278583 0.2987987987987988 0.318454 1 1 1
3 P_0 433 433 0.1879055 0.2073288331726133 0.227224 1 1 1
3 P_0 434 434 0.5 0.5 0.5 1 1 1
3 P_0 435 435 0.5 0.5 0.5 1 1 1
3 P_0 436 436 0 0 0 1 1 1
3 P_0 437 437 0.5 0.5 0.5 1 1 1
3 P_0 438 438 0.5 0.5 0.5 1 1 1
3 P_0 439 439 0.5 0.5 0.5 1 1 1
3 P_0 440 440 0.5 0.5 0.5 1 1 1
3 P_0 441 441 0.5 0.5 0.5 1 1 1
3 P_0 442 442 0 0 0 1 1 1
3 P_0 443 443 0 0 0 1 1 1
3 P_0 444 444 0 0 0 1 1 1
3 P_0 445 445 0 0 0 1 1 1
3 P_0 446 446 0.5 0.5 0.5 1 1 1
3 P_0 447 447 0.5 0.5 0.5 1 1 1
3 P_0 448 448 0.5 0.5 0.5 1 1 1
3 P_0 449 449 0.5 0.5 0.5 1 1 1
3 P_0 450 450 0.5 0.5 0.5 1 1 1
3 P_0 451 451 0.5 0.5 0.5 1 1 1
3 P_0 452 452 0 0 0 1 1 1
3 P_0 453 453 0.5 0.5 0.5 1 1 1
3 P_0 454 454 0 0 0 1 1 1
3 P_0 455 455 0 0 0 1 1 1
3 P_0 456 456 0.5 0.5 0.5 1 1 1
3 P_0 457 457 0.5 0.5 0.5 1 1 1
3 P_0 458 458 0.5 0.5 0.5 1 1 1
3 P_0 459 459 0.5 0.5 0.5 1 1 1
3 P_0 460 460 0 0 0 1 1 1
3 P_0 461 461 0 0 0 1 1 1
3 P_0 462 462 0.5 0.5 0.5 1 1 1
3 P_0 463 463 0.291475 0.31096408317580343 0.329792 1 1 1
3 P_0 464 464 0 0 0 1 1 1
3 P_0 465 465 0.5 0.5 0.5 1 1 1
3 P_0 466 466 0.5 0.5 0.5 1 1 1
3 P_0 467 467 0.5 0.5 0.5 1 1 1
3 P_0 468 468 0.5 0.5 0.5 1 1 1
3 P_0 469 469 0.5 0.5 0.5 1 1 1
3 P_0 470 470 0.5 0.5 0.5 1 1 1
3 P_0 471 471 0.5 0.5 0.5 1 1 1
3 P_0 472 472 0.5 0.5 0.5 1 1 1
3 P_0 473 473 0 0 0 1 1 1
3 P_0 474 474 0.2679405 0.28860103626943007 0.308803 1 1 1
3 P_0 475 475 0.1950765 0.21477495107632094 0.234869 1 1 1
3 P_0 476 476 0.5 0.5 0.5 1 1 1
3 P_0 477 477 0.5 0.5 0.5 1 1 1
3 P_0 478 478 0.2741685 0.2940327237728585 0.313411 1 1 1
3 P_0 479 479 0.28714 0.30708661417322836 0.326389 1 1 1
3 P_0 480 480 0.5 0.5 0.5 1 1 1
3 P_0 481 481 0.5 0.5 0.5 1 1 1
3 P_0 482 482 0.1704825 0.18963831867057673 0.209471 1 1 1
3 P_0 483 483 0.5 0.5 0.5 1 1 1
3 P_0 484 484 0 0 0 1 1 1
3 P_0 485 485 0.5 0.5 0.5 1 1 1
3 P_0 486 486 0.5 0.5 0.5 1 1 1
3 P_0 487 487 0.5 0.5 0.5 1 1 1
3 P_0 488 488 0.5 0.5 0.5 1 1 1
3 P_0 489 489 0.2753425 0.2953216374269006 0.314794 1 1 1
3 P_0 490 490 0 0 0 1 1 1
3 P_0 491 491 0.5 0.5 0.5 1 1 1
3 P_0 492 492 0.5 0.5 0.5 1 1 1
3 P_0 493 493 0.5 0.5 0.5 1 1 1
3 P_0 494 494 0 0 0 1 1 1
3 P_0 495 495 0.5 0.5 0.5 1 1 1
3 P_0 496 496 0.5 0.5 0.5 1 1 1
3 P_0 497 497 0.080307 0.09552845528455285 0.11255 1 1 1
3 P_0 498 498 0.5 0.5 0.5 1 1 1
3 P_0 499 499 0 0 0 1 1 1
3 P_0 500 500 0.5 0.5 0.5 1 1 1
3 P_0 501 501 0.5 0.5 0.5 1 1 1
3 P_0 502 502 0 0 0 1 1 1
3 P_0 503 503 0.5 0.5 0.5 1 1 1
3 P_0 504 504 0.5 0.5 0.5 1 1 1
3 P_0 505 505 0.1732835 0.1927710843373494 0.2129175 1 1 1
3 P_0 506 506 0.5 0.5 0.5 1 1 1
3 P_0 507 507 0.5 0.5 0.5 1 1 1
3 P_0 508 508 0.5 0.5 0.5 1 1 1
3 P_0 509 509 0.5 0.5 0.5 1 1 1
3 P_0 510 510 0 0 0 1 1 1
3 P_0 511 511 0.5 0.5 0.5 1 1 1
3 P_0 512 512 0.5 0.5 0.5 1 1 1
3 P_0 513 513 0.5 0.5 0.5 1 1 1
3 P_0 514 514 0.2880215 0.3080357142857143 0.3273895 1 1 1
3 P_0 515 515 0.5 0.5 0.5 1 1 1
3 P_0 516 516 0.273177 0.2934131736526946 0.313152 1 1 1
3 P_0 517 517 0.5 0.5 0.5 1 1 1
3 P_0 518 518 0.5 0.5 0.5 1 1 1
3 P_0 519 519 0.5 0.5 0.5 1 1 1
3 P_0 520 520 0.5 0.5 0.5 1 1 1
3 P_0 521 521 0.175262 0.1947211155378486 0.2148115 1 1 1
3 P_0 522 522 0.5 0.5 0.5 1 1 1
3 P_0 523 523 0.5 0.5 0.5 1 1 1
3 P_0 524 524 0.269198 0.28974358974358977 0.3098215 1 1 1
3 P_0 525 525 0 0 0 1 1 1
3 P_0 526 526 0.5 0.5 0.5 1 1 1
3 P_0 527 527 0.087768 0.10322896281800391 0.120337 1 1 1
3 P_0 528 528 0.5 0.5 0.5 1 1 1
3 P_0 529 529 0.1853485 0.2053388090349076 0.225855 1 1 1
3 P_0 530 530 0 0 0 1 1 1
3 P_0 531 531 0 0 0 1 1 1
4 P_8 0 0 0 0 0 1 1 1
4 P_8 1 1 0.5 0.5 0.5 1 1 1
4 P_8 2 2 0 0 0 1 1 1
4 P_8 3 3 0.5 0.5 0.5 1 1 1
4 P_8 4 4 0 0 0 1 1 1
4 P_8 5 5 0.5 0.5 0.5 1 1 1
4 P_8 6 6 0 0 0 1 1 1
4 P_8 7 7 0 0 0 1 1 1
4 P_8 8 8 0 0 0 1 1 1
4 P_8 9 9 0.5 0.5 0.5 1 1 1
4 P_8 10 10 0.365168 0.3829891838741396 0.3993105 1 1 1
4 P_8 11 11 0.5 0.5 0.5 1 1 1
4 P_8 12 12 0 0 0 1 1 1
4 P_8 13 13 0.5 0.5 0.5 1 1 1
4 P_8 14 14 0.5 0.5 0.5 1 1 1
4 P_8 15 15 0 0 0 1 1 1
4 P_8 16 16 0.5 0.5 0.5 1 1 1
4 P_8 17 17 0.5 0.5 0.5 1 1 1
4 P_8 18 18 0.5 0.5 0.5 1 1 1
4 P_8 19 19 0.5 0.5 0.5 1 1 1
4 P_8 20 20 0.5 0.5 0.5 1 1 1
4 P_8 21 21 0.5 0.5 0.5 1 1 1
4 P_8 22 22 0.096636 0.11275964391691394 0.13044 1 1 1
4 P_8 23 23 0.5 0.5 0.5 1 1 1
4 P_8 24 24 0.5 0.5 0.5 1 1 1
4 P_8 25 25 0.5 0.5 0.5 1 1 1
4 P_8 26 26 0.5 0.5 0.5 1 1 1
4 P_8 27 27 0.36037 0.3786802030456853 0.3954925 1 1 1
4 P_8 28 28 0.5 0.5 0.5 1 1 1
4 P_8 29 29 0.5 0.5 0.5 1 1 1
4 P_8 30 30 0.5 0.5 0.5 1 1 1
4 P_8 31 31 0 0 0 1 1 1
4 P_8 32 32 0.5 0.5 0.5 1 1 1
4 P_8 33 33 0 0 0 1 1 1
4 P_8 34 34 0.5 0.5 0.5 1 1 1
4 P_8 35 35 0.5 0.5 0.5 1 1 1
4 P_8 36 36 0.5 0.5 0.5 1 1 1
4 P_8 37 37 0.5 0.5 0.5 1 1 1
4 P_8 38 38 0 0 0 1 1 1
4 P_8 39 39 0.5 0.5 0.5 1 1 1
4 P_8 40 40 0.5 0.5 0.5 1 1 1
4 P_8 41 41 0.5 0.5 0.5 1 1 1
4 P_8 42 42 0 0 0 1 1 1
4 P_8 43 43 0.5 0.5 0.5 1 1 1
4 P_8 44 44 0.5 0.5 0.5 1 1 1
4 P_8 45 45 0.5 0.5 0.5 1 1 1
4 P_8 46 46 0.5 0.5 0.5 1 1 1
4 P_8 47 47 0 0 0 1 1 1
4 P_8 48 48 0.5 0.5 0.5 1 1 1
4 P_8 49 49 0.5 0.5 0.5 1 1 1
4 P_8 50 50 0.5 0.5 0.5 1 1 1
4 P_8 51 51 0.5 0.5 0.5 1 1 1
4 P_8 52 52 0 0 0 1 1 1
4 P_8 53 53 0 0 0 1 1 1
4 P_8 54 54 0 0 0 1 1 1
4 P_8 55 55 0.5 0.5 0.5 1 1 1
4 P_8 56 56 0.099626 0.1158357771260997 0.1335495 1 1 1
4 P_8 57 57 0.5 0.5 0.5 1 1 1
4 P_8 58 58 0 0 0 1 1 1
4 P_8 59 59 0.5 0.5 0.5 1 1 1
4 P_8 60 60 0.5 0.5 0.5 1 1 1
4 P_8 61 61 0.5 0.5 0.5 1 1 1
4 P_8 62 62 0 0 0 1 1 1
4 P_8 63 63 0.5 0.5 0.5 1 1 1
4 P_8 64 64 0 0 0 1 1 1
4 P_8 65 65 0.5 0.5 0.5 1 1 1
4 P_8 66 66 0.5 0.5 0.5 1 1 1
4 P_8 67 67 0.5 0.5 0.5 1 1 1
4 P_8 68 68 0.5 0.5 0.5 1 1 1
4 P_8 69 69 0.5 0.5 0.5 1 1 1
4 P_8 70 70 0.5 0.5 0.5 1 1 1
4 P_8 71 71 0.5 0.5 0.5 1 1 1
4 P_8 72 72 0 0 0 1 1 1
4 P_8 73 73 0.103498 0.12028542303771661 0.1385895 1 1 1
4 P_8 74 74 0.5 0.5 0.5 1 1 1
4 P_8 75 75 0.5 0.5 0.5 1 1 1
4 P_8 76 76 0 0 0 1 1 1
4 P_8 77 77 0.5 0.5 0.5 1 1 1
4 P_8 78 78 0.5 0.5 0.5 1 1 1
4 P_8 79 79 0.5 0.5 0.5 1 1 1
4 P_8 80 80 0.5 0.5 0.5 1 1 1
4 P_8 81 81 0.5 0.5 0.5 1 1 1
4 P_8 82 82 0.5 0.5 0.5 1 1 1
4 P_8 83 83 0.350977 0.3693516699410609 0.386382 1 1 1
4 P_8 84 84 0.5 0.5 0.5 1 1 1
4 P_8 85 85 0.103011 0.11932367149758454 0.1370845 1 1 1
4 P_8 86 86 0.5 0.5 0.5 1 1 1
4 P_8 87 87 0.5 0.5 0.5 1 1 1
4 P_8 88 88 0.5 0.5 0.5 1 1 1
4 P_8 89 89 0 0 0 1 1 1
4 P_8 90 90 0 0 0 1 1 1
4 P_8 91 91 0 0 0 1 1 1
4 P_8 92 92 0.5 0.5 0.5 1 1 1
4 P_8 93 93 0.5 0.5 0.5 1 1 1
4 P_8 94 94 0.5 0.5 0.5 1 1 1
4 P_8 95 95 0.5 0.5 0.5 1 1 1
4 P_8 96 96 0.5 0.5 0.5 1 1 1
4 P_8 97 97 0 0 0 1 1 1
4 P_8 98 98 0 0 0 1 1 1
4 P_8 99 99 0.5 0.5 0.5 1 1 1
4 P_8 100 100 0.5 0.5 0.5 1 1 1
4 P_8 101 101 0 0 0 1 1 1
4 P_8 102 102 0 0 0 1 1 1
4 P_8 103 103 0.5 0.5 0.5 1 1 1
4 P_8 104 104 0.5 0.5 0.5 1 1 1
4 P_8 105 105 0 0 0 1 1 1
4 P_8 106 106 0.5 0.5 0.5 1 1 1
4 P_8 107 107 0.5 0.5 0.5 1 1 1
4 P_8 108 108 0.5 0.5 0.5 1 1 1
4 P_8 109 109 0.5 0.5 0.5 1 1 1
4 P_8 110 110 0.5 0.5 0.5 1 1 1
4 P_8 111 111 0.5 0.5 0.5 1 1 1
4 P_8 112 112 0 0 0 1 1 1
4 P_8 113 113 0.5 0.5 0.5 1 1 1
4 P_8 114 114 0.5 0.5 0.5 1 1 1
4 P_8 115 115 0.5 0.5 0.5 1 1 1
4 P_8 116 116 0.5 0.5 0.5 1 1 1
4 P_8 117 117 0 0 0 1 1 1
4 P_8 118 118 0.5 0.5 0.5 1 1 1
4 P_8 119 119 0.5 0.5 0.5 1 1 1
4 P_8 120 120 0 0 0 1 1 1
4 P_8 121 121 0.3550655 0.3733862959285005 0.3903015 1 1 1
4 P_8 122 122 0.5 0.5 0.5 1 1 1
4 P_8 123 123 0.5 0.5 0.5 1 1 1
4 P_8 124 124 0.5 0.5 0.5 1 1 1
4 P_8 125 125 0.5 0.5 0.5 1 1 1
4 P_8 126 126 0.5 0.5 0.5 1 1 1
4 P_8 127 127 0 0 0 1 1 1
4 P_8 128 128 0 0 0 1 1 1
4 P_8 129 129 0.5 0.5 0.5 1 1 1
4 P_8 130 130 0.5 0.5 0.5 1 1 1
4 P_8 131 131 0.5 0.5 0.5 1 1 1
4 P_8 132 132 0 0 0 1 1 1
4 P_8 133 133 0.5 0.5 0.5 1 1 1
4 P_8 134 134 0.095971 0.11243523316062176 0.130534 1 1 1
4 P_8 135 135 0.5 0.5 0.5 1 1 1
4 P_8 136 136 0.5 0.5 0.5 1 1 1
4 P_8 137 137 0.5 0.5 0.5 1 1 1
4 P_8 138 138 0.1039635 0.12105263157894737 0.139698 1 1 1
4 P_8 139 139 0.5 0.5 0.5 1 1 1
4 P_8 140 140 0.5 0.5 0.5 1 1 1
4 P_8 141 141 0.5 0.5 0.5 1 1 1
4 P_8 142 142 0.11088 0.12749762131303521 0.145452 1 1 1
4 P_8 143 143 0.5 0.5 0.5 1 1 1
4 P_8 144 144 0.5 0.5 0.5 1 1 1
4 P_8 145 145 0 0 0 1 1 1
4 P_8 146 146 0.5 0.5 0.5 1 1 1
4 P_8 147 147 0.5 0.5 0.5 1 1 1
4 P_8 148 148 0.5 0.5 0.5 1 1 1
4 P_8 149 149 0.5 0.5 0.5 1 1 1
4 P_8 150 150 0.5 0.5 0.5 1 1 1
4 P_8 151 151 0.5 0.5 0.5 1 1 1
4 P_8 152 152 0.5 0.5 0.5 1 1 1
4 P_8 153 153 0.1062475 0.1231079717457114 0.1414365 1 1 1
4 P_8 154 154 0.5 0.5 0.5 1 1 1
4 P_8 155 155 0.5 0.5 0.5 1 1 1
4 P_8 156 156 0.5 0.5 0.5 1 1 1
4 P_8 157 157 0.5 0.5 0.5 1 1 1
4 P_8 158 158 0.5 0.5 0.5 1 1 1
4 P_8 159 159 0.5 0.5 0.5 1 1 1
4 P_8 160 160 0.5 0.5 0.5 1 1 1
4 P_8 161 161 0.5 0.5 0.5 1 1 1
4 P_8 162 162 0.5 0.5 0.5 1 1 1
4 P_8 163 163 0.5 0.5 0.5 1 1 1
4 P_8 164 164 0.5 0.5 0.5 1 1 1
4 P_8 165 165 0.5 0.5 0.5 1 1 1
4 P_8 166 166 0.5 0.5 0.5 1 1 1
4 P_8 167 167 0.106413 0.1230392156862745 0.141093 1 1 1
4 P_8 168 168 0 0 0 1 1 1
4 P_8 169 169 0 0 0 1 1 1
4 P_8 170 170 0.5 0.5 0.5 1 1 1
4 P_8 171 171 0.5 0.5 0.5 1 1 1
4 P_8 172 172 0.5 0.5 0.5 1 1 1
4 P_8 173 173 0.0950765 0.11116650049850449 0.128844 1 1 1
4 P_8 174 174 0.5 0.5 0.5 1 1 1
4 P_8 175 175 0.5 0.5 0.5 1 1 1
4 P_8 176 176 0.3618055 0.38010204081632654 0.3968765 1 1 1
4 P_8 177 177 0 0 0 1 1 1
4 P_8 178 178 0 0 0 1 1 1
4 P_8 179 179 0.5 0.5 0.5 1 1 1
4 P_8 180 180 0.5 0.5 0.5 1 1 1
4 P_8 181 181 0.5 0.5 0.5 1 1 1
4 P_8 182 182 0.5 0.5 0.5 1 1 1
4 P_8 183 183 0.5 0.5 0.5 1 1 1
4 P_8 184 184 0.5 0.5 0.5 1 1 1
4 P_8 185 185 0.5 0.5 0.5 1 1 1
4 P_8 186 186 0.5 0.5 0.5 1 1 1
4 P_8 187 187 0.5 0.5 0.5 1 1 1
4 P_8 188 188 0.360508 0.3788032454361055 0.3956005 1 1 1
4 P_8 189 189 0 0 0 1 1 1
4 P_8 190 190 0.3611765 0.3791913214990138 0.395745 1 1 1
4 P_8 191 191 0.5 0.5 0.5 1 1 1
4 P_8 192 192 0.364388 0.38229475766567755 0.398701 1 1 1
4 P_8 193 193 0 0 0 1 1 1
4 P_8 194 194 0 0 0 1 1 1
4 P_8 195 195 0.0991415 0.11586638830897704 0.1341965 1 1 1
4 P_8 196 196 0.5 0.5 0.5 1 1 1
4 P_8 197 197 0.5 0.5 0.5 1 1 1
4 P_8 198 198 0 0 0 1 1 1
4 P_8 199 199 0 0 0 1 1 1
4 P_8 200 200 0 0 0 1 1 1
4 P_8 201 201 0.5 0.5 0.5 1 1 1
4 P_8 202 202 0.5 0.5 0.5 1 1 1
4 P_8 203 203 0.5 0.5 0.5 1 1 1
4 P_8 204 204 0.5 0.5 0.5 1 1 1
4 P_8 205 205 0.5 0.5 0.5 1 1 1
4 P_8 206 206 0.3660685 0.38403614457831325 0.4004605 1 1 1
4 P_8 207 207 0.5 0.5 0.5 1 1 1
4 P_8 208 208 0.5 0.5 0.5 1 1 1
4 P_8 209 209 0.5 0.5 0.5 1 1 1
4 P_8 210 210 0 0 0 1 1 1
4 P_8 211 211 0.5 0.5 0.5 1 1 1
4 P_8 212 212 0.5 0.5 0.5 1 1 1
4 P_8 213 213 0 0 0 1 1 1
4 P_8 214 214 0.5 0.5 0.5 1 1 1
4 P_8 215 215 0.5 0.5 0.5 1 1 1
4 P_8 216 216 0.5 0.5 0.5 1 1 1
4 P_8 217 217 0.5 0.5 0.5 1 1 1
4 P_8 218 218 0.5 0.5 0.5 1 1 1
4 P_8 219 219 0.3590285 0.37677725118483413 0.3931475 1 1 1
4 P_8 220 220 0 0 0 1 1 1
4 P_8 221 221 0.1007495 0.11704211557296768 0.1348285 1 1 1
4 P_8 222 222 0.5 0.5 0.5 1 1 1
4 P_8 223 223 0.5 0.5 0.5 1 1 1
4 P_8 224 224 0.5 0.5 0.5 1 1 1
4 P_8 225 225 0.5 0.5 0.5 1 1 1
4 P_8 226 226 0.5 0.5 0.5 1 1 1
4 P_8 227 227 0.5 0.5 0.5 1 1 1
4 P_8 228 228 0 0 0 1 1 1
4 P_8 229 229 0.0970545 0.11312438785504407 0.1307315 1 1 1
4 P_8 230 230 0.5 0.5 0.5 1 1 1
4 P_8 231 231 0.5 0.5 0.5 1 1 1
4 P_8 232 232 0.5 0.5 0.5 1 1 1
4 P_8 233 233 0.5 0.5 0.5 1 1 1
4 P_8 234 234 0.5 0.5 0.5 1 1 1
4 P_8 235 235 0.5 0.5 0.5 1 1 1
4 P_8 236 236 0.5 0.5 0.5 1 1 1
4 P_8 237 237 0.5 0.5 0.5 1 1 1
4 P_8 238 238 0.5 0.5 0.5 1 1 1
4 P_8 239 239 0.5 0.5 0.5 1 1 1
4 P_8 240 240 0.5 0.5 0.5 1 1 1
4 P_8 241 241 0 0 0 1 1 1
4 P_8 242 242 0.5 0.5 0.5 1 1 1
4 P_8 243 243 0.5 0.5 0.5 1 1 1
4 P_8 244 244 0 0 0 1 1 1
4 P_8 245 245 0.5 0.5 0.5 1 1 1
4 P_8 246 246 0.5 0.5 0.5 1 1 1
4 P_8 247 247 0 0 0 1 1 1
4 P_8 248 248 0.5 0.5 0.5 1 1 1
4 P_8 249 249 0 0 0 1 1 1
4 P_8 250 250 0.5 0.5 0.5 1 1 1
4 P_8 251 251 0.0938265 0.11013443640124095 0.128101 1 1 1
4 P_8 252 252 0.5 0.5 0.5 1 1 1
4 P_8 253 253 0.5 0.5 0.5 1 1 1
4 P_8 254 254 0.5 0.5 0.5 1 1 1
4 P_8 255 255 0 0 0 1 1 1
4 P_8 256 256 0.5 0.5 0.5 1 1 1
4 P_8 257 257 0.1022215 0.11883182275931521 0.136957 1 1 1
4 P_8 258 258 0 0 0 1 1 1
4 P_8 259 259 0.5 0.5 0.5 1 1 1
4 P_8 260 260 0.5 0.5 0.5 1 1 1
4 P_8 261 261 0 0 0 1 1 1
4 P_8 262 262 0.5 0.5 0.5 1 1 1
4 P_8 263 263 0.5 0.5 0.5 1 1 1
4 P_8 264 264 0.5 0.5 0.5 1 1 1
4 P_8 265 265 0.5 0.5 0.5 1 1 1
4 P_8 266 266 0 0 0 1 1 1
4 P_8 267 267 0.5 0.5 0.5 1 1 1
4 P_8 268 268 0.363819 0.3819655521783181 0.398579 1 1 1
4 P_8 269 269 0 0 0 1 1 1
4 P_8 270 270 0.5 0.5 0.5 1 1 1
4 P_8 271 271 0.5 0.5 0.5 1 1 1
4 P_8 272 272 0.5 0.5 0.5 1 1 1
4 P_8 273 273 0.5 0.5 0.5 1 1 1
4 P_8 274 274 0.5 0.5 0.5 1 1 1
4 P_8 275 275 0.5 0.5 0.5 1 1 1
4 P_8 276 276 0.5 0.5 0.5 1 1 1
4 P_8 277 277 0.5 0.5 0.5 1 1 1
4 P_8 278 278 0.1024255 0.11921891058581706 0.1375535 1 1 1
4 P_8 279 279 0 0 0 1 1 1
4 P_8 280 280 0.5 0.5 0.5 1 1 1
4 P_8 281 281 0.1028555 0.11955420466058764 0.137768 1 1 1
4 P_8 282 282 0.0993575 0.11534795042897998 0.1328105 1 1 1
4 P_8 283 283 0.5 0.5 0.5 1 1 1
4 P_8 284 284 0.5 0.5 0.5 1 1 1
4 P_8 285 285 0.5 0.5 0.5 1 1 1
4 P_8 286 286 0 0 0 1 1 1
4 P_8 287 287 0.5 0.5 0.5 1 1 1
4 P_8 288 288 0.3575825 0.37535410764872523 0.391768 1 1 1
4 P_8 289 289 0.5 0.5 0.5 1 1 1
4 P_8 290 290 0.5 0.5 0.5 1 1 1
4 P_8 291 291 0.5 0.5 0.5 1 1 1
4 P_8 292 292 0 0 0 1 1 1
4 P_8 293 293 0.5 0.5 0.5 1 1 1
4 P_8 294 294 0.5 0.5 0.5 1 1 1
4 P_8 295 295 0.5 0.5 0.5 1 1 1
4 P_8 296 296 0.5 0.5 0.5 1 1 1
4 P_8 297 297 0.5 0.5 0.5 1 1 1
4 P_8 298 298 0.5 0.5 0.5 1 1 1
4 P_8 299 299 0.5 0.5 0.5 1 1 1
4 P_8 300 300 0.369276 0.38724489795918365 0.403608 1 1 1
4 P_8 301 301 0.5 0.5 0.5 1 1 1
4 P_8 302 302 0.5 0.5 0.5 1 1 1
4 P_8 303 303 0.5 0.5 0.5 1 1 1
4 P_8 304 304 0.5 0.5 0.5 1 1 1
4 P_8 305 305 0.5 0.5 0.5 1 1 1
4 P_8 306 306 0 0 0 1 1 1
4 P_8 307 307 0.3649895 0.383298755186722 0.4000225 1 1 1
4 P_8 308 308 0.5 0.5 0.5 1 1 1
4 P_8 309 309 0.5 0.5 0.5 1 1 1
4 P_8 310 310 0.5 0.5 0.5 1 1 1
4 P_8 311 311 0.5 0.5 0.5 1 1 1
4 P_8 312 312 0 0 0 1 1 1
4 P_8 313 313 0.5 0.5 0.5 1 1 1
4 P_8 314 314 0 0 0 1 1 1
4 P_8 315 315 0.5 0.5 0.5 1 1 1
4 P_8 316 316 0.5 0.5 0.5 1 1 1
4 P_8 317 317 0.5 0.5 0.5 1 1 1
4 P_8 318 318 0 0 0 1 1 1
4 P_8 319 319 0.5 0.5 0.5 1 1 1
4 P_8 320 320 0 0 0 1 1 1
4 P_8 321 321 0.5 0.5 0.5 1 1 1
4 P_8 322 322 0.5 0.5 0.5 1 1 1
4 P_8 323 323 0.5 0.5 0.5 1 1 1
4 P_8 324 324 0.5 0.5 0.5 1 1 1
4 P_8 325 325 0.5 0.5 0.5 1 1 1
4 P_8 326 326 0 0 0 1 1 1
4 P_8 327 327 0.102642 0.11938775510204082 0.137662 1 1 1
4 P_8 328 328 0 0 0 1 1 1
4 P_8 329 329 0.5 0.5 0.5 1 1 1
4 P_8 330 330 0.5 0.5 0.5 1 1 1
4 P_8 331 331 0.5 0.5 0.5 1 1 1
4 P_8 332 332 0.5 0.5 0.5 1 1 1
4 P_8 333 333 0 0 0 1 1 1
4 P_8 334 334 0.5 0.5 0.5 1 1 1
4 P_8 335 335 0.5 0.5 0.5 1 1 1
4 P_8 336 336 0 0 0 1 1 1
4 P_8 337 337 0.5 0.5 0.5 1 1 1
4 P_8 338 338 0.5 0.5 0.5 1 1 1
4 P_8 339 339 0.5 0.5 0.5 1 1 1
4 P_8 340 340 0.5 0.5 0.5 1 1 1
4 P_8 341 341 0.5 0.5 0.5 1 1 1
4 P_8 342 342 0.5 0.5 0.5 1 1 1
4 P_8 343 343 0.5 0.5 0.5 1 1 1
4 P_8 344 344 0.5 0.5 0.5 1 1 1
4 P_8 345 345 0 0 0 1 1 1
4 P_8 346 346 0.5 0.5 0.5 1 1 1
4 P_8 347 347 0 0 0 1 1 1
4 P_8 348 348 0.5 0.5 0.5 1 1 1
4 P_8 349 349 0 0 0 1 1 1
4 P_8 350 350 0 0 0 1 1 1
4 P_8 351 351 0.1028065 0.11916342412451363 0.13698 1 1 1
4 P_8 352 352 0.5 0.5 0.5 1 1 1
4 P_8 353 353 0.5 0.5 0.5 1 1 1
4 P_8 354 354 0.5 0.5 0.5 1 1 1
4 P_8 355 355 0 0 0 1 1 1
4 P_8 356 356 0.5 0.5 0.5 1 1 1
4 P_8 357 357 0.353464 0.37247608926673753 0.389996 1 1 1
4 P_8 358 358 0.5 0.5 0.5 1 1 1
4 P_8 359 359 0.5 0.5 0.5 1 1 1
4 P_8 360 360 0.096560000000000007 0.11271102284011916 0.1304255 1 1 1
4 P_8 361 361 0.5 0.5 0.5 1 1 1
4 P_8 362 362 0.5 0.5 0.5 1 1 1
4 P_8 363 363 0 0 0 1 1 1
4 P_8 364 364 0.5 0.5 0.5 1 1 1
4 P_8 365 365 0.0998725 0.11626746506986028 0.134193 1 1 1
4 P_8 366 366 0.366715 0.38453914767096137 0.400834 1 1 1
4 P_8 367 367 0 0 0 1 1 1
4 P_8 368 368 0 0 0 1 1 1
4 P_8 369 369 0.5 0.5 0.5 1 1 1
4 P_8 370 370 0 0 0 1 1 1
4 P_8 371 371 0.5 0.5 0.5 1 1 1
4 P_8 372 372 0.5 0.5 0.5 1 1 1
4 P_8 373 373 0.5 0.5 0.5 1 1 1
4 P_8 374 374 0.5 0.5 0.5 1 1 1
4 P_8 375 375 0.5 0.5 0.5 1 1 1
4 P_8 376 376 0.5 0.5 0.5 1 1 1
4 P_8 377 377 0.5 0.5 0.5 1 1 1
4 P_8 378 378 0 0 0 1 1 1
4 P_8 379 379 0.5 0.5 0.5 1 1 1
4 P_8 380 380 0 0 0 1 1 1
4 P_8 381 381 0 0 0 1 1 1
4 P_8 382 382 0.5 0.5 0.5 1 1 1
4 P_8 383 383 0 0 0 1 1 1
4 P_8 384 384 0 0 0 1 1 1
4 P_8 385 385 0.5 0.5 0.5 1 1 1
4 P_8 386 386 0.5 0.5 0.5 1 1 1
4 P_8 387 387 0 0 0 1 1 1
4 P_8 388 388 0.0975475 0.11384152457372117 0.1317015 1 1 1
4 P_8 389 389 0.5 0.5 0.5 1 1 1
4 P_8 390 390 0.5 0.5 0.5 1 1 1
4 P_8 391 391 0.5 0.5 0.5 1 1 1
4 P_8 392 392 0.5 0.5 0.5 1 1 1
4 P_8 393 393 0.1115855 0.12881873727087575 0.147467 1 1 1
4 P_8 394 394 0.5 0.5 0.5 1 1 1
4 P_8 395 395 0.112234 0.1294058408862034 0.14797 1 1 1
4 P_8 396 396 0 0 0 1 1 1
4 P_8 397 397 0.3640435 0.3817829457364341 0.398058 1 1 1
4 P_8 398 398 0 0 0 1 1 1
4 P_8 399 399 0.5 0.5 0.5 1 1 1
4 P_8 400 400 0.5 0.5 0.5 1 1 1
4 P_8 401 401 0.5 0.5 0.5 1 1 1
4 P_8 402 402 0.5 0.5 0.5 1 1 1
4 P_8 403 403 0 0 0 1 1 1
4 P_8 404 404 0.5 0.5 0.5 1 1 1
4 P_8 405 405 0 0 0 1 1 1
4 P_8 406 406 0.5 0.5 0.5 1 1 1
4 P_8 407 407 0.5 0.5 0.5 1 1 1
4 P_8 408 408 0.3651755 0.3829268292682927 0.399191 1 1 1
4 P_8 409 409 0.5 0.5 0.5 1 1 1
4 P_8 410 410 0 0 0 1 1 1
4 P_8 411 411 0.5 0.5 0.5 1 1 1
4 P_8 412 412 0 0 0 1 1 1
4 P_8 413 413 0.109758 0.12675350701402804 0.145165 1 1 1
4 P_8 414 414 0.5 0.5 0.5 1 1 1
4 P_8 415 415 0.5 0.5 0.5 1 1 1
4 P_8 416 416 0 0 0 1 1 1
4 P_8 417 417 0 0 0 1 1 1
4 P_8 418 418 0.5 0.5 0.5 1 1 1
4 P_8 419 419 0.5 0.5 0.5 1 1 1
4 P_8 420 420 0.5 0.5 0.5 1 1 1
4 P_8 421 421 0 0 0 1 1 1
4 P_8 422 422 0.3570495 0.37564499484004127 0.392754 1 1 1
4 P_8 423 423 0.5 0.5 0.5 1 1 1
4 P_8 424 424 0.5 0.5 0.5 1 1 1
4 P_8 425 425 0.3535915 0.37219959266802444 0.389381 1 1 1
4 P_8 426 426 0.5 0.5 0.5 1 1 1
4 P_8 427 427 0.5 0.5 0.5 1 1 1
4 P_8 428 428 0.5 0.5 0.5 1 1 1
4 P_8 429 429 0.5 0.5 0.5 1 1 1
4 P_8 430 430 0.375198 0.39304257528556596 0.409184 1 1 1
4 P_8 431 431 0.5 0.5 0.5 1 1 1
4 P_8 432 432 0.3699365 0.3875739644970414 0.4036555 1 1 1
4 P_8 433 433 0 0 0 1 1 1
4 P_8 434 434 0.5 0.5 0.5 1 1 1
4 P_8 435 435 0.5 0.5 0.5 1 1 1
4 P_8 436 436 0 0 0 1 1 1
4 P_8 437 437 0.5 0.5 0.5 1 1 1
4 P_8 438 438 0.5 0.5 0.5 1 1 1
4 P_8 439 439 0.5 0.5 0.5 1 1 1
4 P_8 440 440 0.5 0.5 0.5 1 1 1
4 P_8 441 441 0.5 0.5 0.5 1 1 1
4 P_8 442 442 0 0 0 1 1 1
4 P_8 443 443 0 0 0 1 1 1
4 P_8 444 444 0 0 0 1 1 1
4 P_8 445 445 0 0 0 1 1 1
4 P_8 446 446 0.5 0.5 0.5 1 1 1
4 P_8 447 447 0.5 0.5 0.5 1 1 1
4 P_8 448 448 0.5 0.5 0.5 1 1 1
4 P_8 449 449 0.5 0.5 0.5 1 1 1
4 P_8 450 450 0.5 0.5 0.5 1 1 1
4 P_8 451 451 0.5 0.5 0.5 1 1 1
4 P_8 452 452 0 0 0 1 1 1
4 P_8 453 453 0.5 0.5 0.5 1 1 1
4 P_8 454 454 0 0 0 1 1 1
4 P_8 455 455 0 0 0 1 1 1
4 P_8 456 456 0.5 0.5 0.5 1 1 1
4 P_8 457 457 0.5 0.5 0.5 1 1 1
4 P_8 458 458 0.5 0.5 0.5 1 1 1
4 P_8 459 459 0.5 0.5 0.5 1 1 1
4 P_8 460 460 0 0 0 1 1 1
4 P_8 461 461 0 0 0 1 1 1
4 P_8 462 462 0.5 0.5 0.5 1 1 1
4 P_8 463 463 0.365671 0.3837920489296636 0.4003495 1 1 1
4 P_8 464 464 0 0 0 1 1 1
4 P_8 465 465 0.5 0.5 0.5 1 1 1
4 P_8 466 466 0.5 0.5 0.5 1 1 1
4 P_8 467 467 0.5 0.5 0.5 1 1 1
4 P_8 468 468 0.5 0.5 0.5 1 1 1
4 P_8 469 469 0.5 0.5 0.5 1 1 1
4 P_8 470 470 0.5 0.5 0.5 1 1 1
4 P_8 471 471 0.5 0.5 0.5 1 1 1
4 P_8 472 472 0.5 0.5 0.5 1 1 1
4 P_8 473 473 0 0 0 1 1 1
4 P_8 474 474 0.359061 0.3774062816616008 0.3942715 1 1 1
4 P_8 475 475 0 0 0 1 1 1
4 P_8 476 476 0.5 0.5 0.5 1 1 1
4 P_8 477 477 0.5 0.5 0.5 1 1 1
4 P_8 478 478 0.3628515 0.3807881773399015 0.397247 1 1 1
4 P_8 479 479 0.3710335 0.3885102239532619 0.40444 1 1 1
4 P_8 480 480 0.5 0.5 0.5 1 1 1
4 P_8 481 481 0.5 0.5 0.5 1 1 1
4 P_8 482 482 0 0 0 1 1 1
4 P_8 483 483 0.5 0.5 0.5 1 1 1
4 P_8 484 484 0 0 0 1 1 1
4 P_8 485 485 0.5 0.5 0.5 1 1 1
4 P_8 486 486 0.5 0.5 0.5 1 1 1
4 P_8 487 487 0.5 0.5 0.5 1 1 1
4 P_8 488 488 0.5 0.5 0.5 1 1 1
4 P_8 489 489 0.363008 0.380859375 0.3972455 1 1 1
4 P_8 490 490 0 0 0 1 1 1
4 P_8 491 491 0.5 0.5 0.5 1 1 1
4 P_8 492 492 0.5 0.5 0.5 1 1 1
4 P_8 493 493 0.5 0.5 0.5 1 1 1
4 P_8 494 494 0.1037635 0.12054933875890132 0.1388455 1 1 1
4 P_8 495 495 0.5 0.5 0.5 1 1 1
4 P_8 496 496 0.5 0.5 0.5 1 1 1
4 P_8 497 497 0 0 0 1 1 1
4 P_8 498 498 0.5 0.5 0.5 1 1 1
4 P_8 499 499 0 0 0 1 1 1
4 P_8 500 500 0.5 0.5 0.5 1 1 1
4 P_8 501 501 0.5 0.5 0.5 1 1 1
4 P_8 502 502 0 0 0 1 1 1
4 P_8 503 503 0.5 0.5 0.5 1 1 1
4 P_8 504 504 0.5 0.5 0.5 1 1 1
4 P_8 505 505 0.1144065 0.13160518444666003 0.1501575 1 1 1
4 P_8 506 506 0.5 0.5 0.5 1 1 1
4 P_8 507 507 0.5 0.5 0.5 1 1 1
4 P_8 508 508 0.5 0.5 0.5 1 1 1
4 P_8 509 509 0.5 0.5 0.5 1 1 1
4 P_8 510 510 0 0 0 1 1 1
4 P_8 511 511 0.5 0.5 0.5 1 1 1
4 P_8 512 512 0.5 0.5 0.5 1 1 1
4 P_8 513 513 0.5 0.5 0.5 1 1 1
4 P_8 514 514 0.359866 0.378159757330637 0.394968 1 1 1
4 P_8 515 515 0.5 0.5 0.5 1 1 1
4 P_8 516 516 0.3542675 0.372636815920398 0.3896065 1 1 1
4 P_8 517 517 0.5 0.5 0.5 1 1 1
4 P_8 518 518 0.5 0.5 0.5 1 1 1
4 P_8 519 519 0.5 0.5 0.5 1 1 1
4 P_8 520 520 0.5 0.5 0.5 1 1 1
4 P_8 521 521 0.1018755 0.11875 0.137192 1 1 1
4 P_8 522 522 0.5 0.5 0.5 1 1 1
4 P_8 523 523 0.5 0.5 0.5 1 1 1
4 P_8 524 524 0.364118 0.382089552238806 0.398554 1 1 1
4 P_8 525 525 0 0 0 1 1 1
4 P_8 526 526 0.5 0.5 0.5 1 1 1
4 P_8 527 527 0 0 0 1 1 1
4 P_8 528 528 0.5 0.5 0.5 1 1 1
4 P_8 529 529 0.1082065 0.12525458248472504 0.1437595 1 1 1
4 P_8 530 530 0 0 0 1 1 1
4 P_8 531 531 0 0 0 1 1 1
