2 #m
441 #n
0 P_2 0 0 0 0 0 1 1 1
0 P_2 1 1 0.05737 0.11764705882352941 0.2056065 1 1 1
0 P_2 2 2 0 0 0 1 1 1
0 P_2 3 3 0 0 0 1 1 1
0 P_2 4 4 0 0 0 1 1 1
0 P_2 5 5 0 0 0 1 1 1
0 P_2 6 6 0 0 0 1 1 1
0 P_2 7 7 0.214797 0.30851063829787234 0.3890055 1 1 1
0 P_2 8 8 0.0401742 0.09375 0.1818435 1 1 1
0 P_2 9 9 0 0 0 1 1 1
0 P_2 10 10 0 0 0 1 1 1
0 P_2 11 11 0 0 0 1 1 1
0 P_2 12 12 0.1994725 0.29347826086956524 0.3774635 1 1 1
0 P_2 13 13 0.0336211 0.07894736842105263 0.156469 1 1 1
0 P_2 14 14 0 0 0 1 1 1
0 P_2 15 15 0.239136 0.32456140350877194 0.3959055 1 1 1
0 P_2 16 16 0 0 0 1 1 1
0 P_2 17 17 0.2695245 0.36 0.427026 1 1 1
0 P_2 18 18 0 0 0 1 1 1
0 P_2 19 19 0 0 0 1 1 1
0 P_2 20 20 0 0 0 1 1 1
0 P_2 21 21 0 0 0 1 1 1
0 P_2 22 22 0.5 0.5 0.5 1 1 1
0 P_2 23 23 0.5 0.5 0.5 1 1 1
0 P_2 24 24 0 0 0 1 1 1
0 P_2 25 25 0.2354585 0.3375 0.416643 1 1 1
0 P_2 26 26 0 0 0 1 1 1
0 P_2 27 27 0 0 0 1 1 1
0 P_2 28 28 0 0 0 1 1 1
0 P_2 29 29 0.043987 0.10227272727272728 0.195923 1 1 1
0 P_2 30 30 0.2430255 0.3333333333333333 0.406189 1 1 1
0 P_2 31 31 0 0 0 1 1 1
0 P_2 32 32 0 0 0 1 1 1
0 P_2 33 33 0.5 0.5 0.5 1 1 1
0 P_2 34 34 0.2630835 0.35294117647058826 0.421249 1 1 1
0 P_2 35 35 0.0385059 0.09 0.175527 1 1 1
0 P_2 36 36 0 0 0 1 1 1
0 P_2 37 37 0 0 0 1 1 1
0 P_2 38 38 0 0 0 1 1 1
0 P_2 39 39 0 0 0 1 1 1
0 P_2 40 40 0.2655735 0.35714285714285715 0.4254395 1 1 1
0 P_2 41 41 0 0 0 1 1 1
0 P_2 42 42 0.0670615 0.13636363636363635 0.2329105 1 1 1
0 P_2 43 43 0.0100706 0.037037037037037035 0.105854 1 1 1
0 P_2 44 44 0 0 0 1 1 1
0 P_2 45 45 0 0 0 1 1 1
0 P_2 46 46 0.5 0.5 0.5 1 1 1
0 P_2 47 47 0 0 0 1 1 1
0 P_2 48 48 0 0 0 1 1 1
0 P_2 49 49 0 0 0 1 1 1
0 P_2 50 50 0.5 0.5 0.5 1 1 1
0 P_2 51 51 0 0 0 1 1 1
0 P_2 52 52 0.0620905 0.13095238095238096 0.229589 1 1 1
0 P_2 53 53 0.004104235 0.024390243902439025 0.101276 1 1 1
0 P_2 54 54 0.004671895 0.027777777777777776 0.113635 1 1 1
0 P_2 55 55 0.0745605 0.14285714285714285 0.2344265 1 1 1
0 P_2 56 56 0 0 0 1 1 1
0 P_2 57 57 0.01959875 0.05660377358490566 0.1324515 1 1 1
0 P_2 58 58 0.0125478 0.04032258064516129 0.1043835 1 1 1
0 P_2 59 59 0 0 0 1 1 1
0 P_2 60 60 0.2054955 0.3108108108108108 0.399041 1 1 1
0 P_2 61 61 0 0 0 1 1 1
0 P_2 62 62 0 0 0 1 1 1
0 P_2 63 63 0 0 0 1 1 1
0 P_2 64 64 0.5 0.5 0.5 1 1 1
0 P_2 65 65 0.5 0.5 0.5 1 1 1
0 P_2 66 66 0 0 0 1 1 1
0 P_2 67 67 0 0 0 1 1 1
0 P_2 68 68 0.0348853 0.08181818181818182 0.1614825 1 1 1
0 P_2 69 69 0 0 0 1 1 1
0 P_2 70 70 0 0 0 1 1 1
0 P_2 71 71 0 0 0 1 1 1
0 P_2 72 72 0.3181565 0.40625 0.459826 1 1 1
0 P_2 73 73 0 0 0 1 1 1
0 P_2 74 74 0 0 0 1 1 1
0 P_2 75 75 0.0561755 0.11206896551724138 0.193554 1 1 1
0 P_2 76 76 0 0 0 1 1 1
0 P_2 77 77 0 0 0 1 1 1
0 P_2 78 78 0 0 0 1 1 1
0 P_2 79 79 0 0 0 1 1 1
0 P_2 80 80 0 0 0 1 1 1
0 P_2 81 81 0 0 0 1 1 1
0 P_2 82 82 0 0 0 1 1 1
0 P_2 83 83 0.0399685 0.08928571428571429 0.169378 1 1 1
0 P_2 84 84 0 0 0 1 1 1
0 P_2 85 85 0 0 0 1 1 1
0 P_2 86 86 0 0 0 1 1 1
0 P_2 87 87 0 0 0 1 1 1
0 P_2 88 88 0 0 0 1 1 1
0 P_2 89 89 0.5 0.5 0.5 1 1 1
0 P_2 90 90 0.04906695 0.10869565217391304 0.200814 1 1 1
0 P_2 91 91 0.0248671 0.07142857142857142 0.162468 1 1 1
0 P_2 92 92 0.0348853 0.08181818181818182 0.1614825 1 1 1
0 P_2 93 93 0.069996 0.1346153846153846 0.2229515 1 1 1
0 P_2 94 94 0 0 0 1 1 1
0 P_2 95 95 0 0 0 1 1 1
0 P_2 96 96 0 0 0 1 1 1
0 P_2 97 97 0 0 0 1 1 1
0 P_2 98 98 0.5 0.5 0.5 1 1 1
0 P_2 99 99 0 0 0 1 1 1
0 P_2 100 100 0.5 0.5 0.5 1 1 1
0 P_2 101 101 0.5 0.5 0.5 1 1 1
0 P_2 102 102 0 0 0 1 1 1
0 P_2 103 103 0.0281167 0.07446808510638298 0.16029 1 1 1
0 P_2 104 104 0 0 0 1 1 1
0 P_2 105 105 0 0 0 1 1 1
0 P_2 106 106 0.0974245 0.16981132075471697 0.2584035 1 1 1
0 P_2 107 107 0 0 0 1 1 1
0 P_2 108 108 0.0212141 0.06756756756756757 0.164835 1 1 1
0 P_2 109 109 0.5 0.5 0.5 1 1 1
0 P_2 110 110 0 0 0 1 1 1
0 P_2 111 111 0.00784915 0.03488372093023256 0.113926 1 1 1
0 P_2 112 112 0.03853995 0.08620689655172414 0.164223 1 1 1
0 P_2 113 113 0 0 0 1 1 1
0 P_2 114 114 0 0 0 1 1 1
0 P_2 115 115 0 0 0 1 1 1
0 P_2 116 116 0 0 0 1 1 1
0 P_2 117 117 0 0 0 1 1 1
0 P_2 118 118 0 0 0 1 1 1
0 P_2 119 119 0 0 0 1 1 1
0 P_2 120 120 0 0 0 1 1 1
0 P_2 121 121 0.0118415 0.043478260869565216 0.1222205 1 1 1
0 P_2 122 122 0 0 0 1 1 1
0 P_2 123 123 0 0 0 1 1 1
0 P_2 124 124 0.079521 0.14545454545454545 0.231791 1 1 1
0 P_2 125 125 0 0 0 1 1 1
0 P_2 126 126 0.03776075 0.09302325581395349 0.186637 1 1 1
0 P_2 127 127 0.016269 0.052083333333333336 0.131408 1 1 1
0 P_2 128 128 0.0564005 0.11956521739130435 0.2127355 1 1 1
0 P_2 129 129 0 0 0 1 1 1
0 P_2 130 130 0 0 0 1 1 1
0 P_2 131 131 0.04599075 0.09523809523809523 0.1710405 1 1 1
0 P_2 132 132 0.0284649 0.06716417910447761 0.135415 1 1 1
0 P_2 133 133 0.0516685 0.11 0.1981445 1 1 1
0 P_2 134 134 0.0208004 0.06 0.1394885 1 1 1
0 P_2 135 135 0 0 0 1 1 1
0 P_2 136 136 0 0 0 1 1 1
0 P_2 137 137 0 0 0 1 1 1
0 P_2 138 138 0 0 0 1 1 1
0 P_2 139 139 0.5 0.5 0.5 1 1 1
0 P_2 140 140 0 0 0 1 1 1
0 P_2 141 141 0 0 0 1 1 1
0 P_2 142 142 0 0 0 1 1 1
0 P_2 143 143 0 0 0 1 1 1
0 P_2 144 144 0.0458962 0.09821428571428571 0.179613 1 1 1
0 P_2 145 145 0 0 0 1 1 1
0 P_2 146 146 0 0 0 1 1 1
0 P_2 147 147 0 0 0 1 1 1
0 P_2 148 148 0.02821975 0.07017543859649122 0.1459505 1 1 1
0 P_2 149 149 0.233767 0.3333333333333333 0.41203650000000003 1 1 1
0 P_2 150 150 0 0 0 1 1 1
0 P_2 151 151 0.052775 0.11224489795918367 0.201605 1 1 1
0 P_2 152 152 0 0 0 1 1 1
0 P_2 153 153 0 0 0 1 1 1
0 P_2 154 154 0 0 0 1 1 1
0 P_2 155 155 0 0 0 1 1 1
0 P_2 156 156 0 0 0 1 1 1
0 P_2 157 157 0 0 0 1 1 1
0 P_2 158 158 0 0 0 1 1 1
0 P_2 159 159 0 0 0 1 1 1
0 P_2 160 160 0 0 0 1 1 1
0 P_2 161 161 0 0 0 1 1 1
0 P_2 162 162 0 0 0 1 1 1
0 P_2 163 163 0 0 0 1 1 1
0 P_2 164 164 0 0 0 1 1 1
0 P_2 165 165 0.023065950000000002 0.06140350877192982 0.135174 1 1 1
0 P_2 166 166 0 0 0 1 1 1
0 P_2 167 167 0 0 0 1 1 1
0 P_2 168 168 0 0 0 1 1 1
0 P_2 169 169 0 0 0 1 1 1
0 P_2 170 170 0 0 0 1 1 1
0 P_2 171 171 0 0 0 1 1 1
0 P_2 172 172 0.220571 0.30158730158730157 0.3737315 1 1 1
0 P_2 173 173 0 0 0 1 1 1
0 P_2 174 174 0.0115868 0.0425531914893617 0.119905 1 1 1
0 P_2 175 175 0 0 0 1 1 1
0 P_2 176 176 0.5 0.5 0.5 1 1 1
0 P_2 177 177 0 0 0 1 1 1
0 P_2 178 178 0 0 0 1 1 1
0 P_2 179 179 0 0 0 1 1 1
0 P_2 180 180 0 0 0 1 1 1
0 P_2 181 181 0 0 0 1 1 1
0 P_2 182 182 0.15084 0.23529411764705882 0.32283 1 1 1
0 P_2 183 183 0 0 0 1 1 1
0 P_2 184 184 0 0 0 1 1 1
0 P_2 185 185 0 0 0 1 1 1
0 P_2 186 186 0.2387715 0.33 0.4041635 1 1 1
0 P_2 187 187 0 0 0 1 1 1
0 P_2 188 188 0 0 0 1 1 1
0 P_2 189 189 0 0 0 1 1 1
0 P_2 190 190 0 0 0 1 1 1
0 P_2 191 191 0 0 0 1 1 1
0 P_2 192 192 0.5 0.5 0.5 1 1 1
0 P_2 193 193 0.0385059 0.09 0.175527 1 1 1
0 P_2 194 194 0 0 0 1 1 1
0 P_2 195 195 0 0 0 1 1 1
0 P_2 196 196 0.2430255 0.3333333333333333 0.406189 1 1 1
0 P_2 197 197 0 0 0 1 1 1
0 P_2 198 198 0.0087606 0.03225806451612903 0.093341 1 1 1
0 P_2 199 199 0 0 0 1 1 1
0 P_2 200 200 0 0 0 1 1 1
0 P_2 201 201 0.5 0.5 0.5 1 1 1
0 P_2 202 202 0.0630165 0.125 0.2126685 1 1 1
0 P_2 203 203 0 0 0 1 1 1
0 P_2 204 204 0.0169889 0.05434782608695652 0.1364465 1 1 1
0 P_2 205 205 0.04592915 0.10204081632653061 0.19024 1 1 1
0 P_2 206 206 0 0 0 1 1 1
0 P_2 207 207 0 0 0 1 1 1
0 P_2 208 208 0 0 0 1 1 1
0 P_2 209 209 0 0 0 1 1 1
0 P_2 210 210 0.04296735 0.1 0.192206 1 1 1
0 P_2 211 211 0 0 0 1 1 1
0 P_2 212 212 0 0 0 1 1 1
0 P_2 213 213 0 0 0 1 1 1
0 P_2 214 214 0 0 0 1 1 1
0 P_2 215 215 0.0774655 0.13934426229508196 0.2208235 1 1 1
0 P_2 216 216 0.04906695 0.10869565217391304 0.200814 1 1 1
0 P_2 217 217 0 0 0 1 1 1
0 P_2 218 218 0.0316456 0.0784313725490196 0.1610165 1 1 1
0 P_2 219 219 0.178212 0.2641509433962264 0.347229 1 1 1
0 P_2 220 220 0.5 0.5 0.5 1 1 1
0 P_2 221 221 0.5 0.5 0.5 1 1 1
0 P_2 222 222 0.222887 0.3113207547169811 0.387359 1 1 1
0 P_2 223 223 0.5 0.5 0.5 1 1 1
0 P_2 224 224 0 0 0 1 1 1
0 P_2 225 225 0 0 0 1 1 1
0 P_2 226 226 0 0 0 1 1 1
0 P_2 227 227 0 0 0 1 1 1
0 P_2 228 228 0 0 0 1 1 1
0 P_2 229 229 0 0 0 1 1 1
0 P_2 230 230 0 0 0 1 1 1
0 P_2 231 231 0 0 0 1 1 1
0 P_2 232 232 0 0 0 1 1 1
0 P_2 233 233 0.076555 0.14035087719298245 0.2248425 1 1 1
0 P_2 234 234 0.5 0.5 0.5 1 1 1
0 P_2 235 235 0 0 0 1 1 1
0 P_2 236 236 0.5 0.5 0.5 1 1 1
0 P_2 237 237 0 0 0 1 1 1
0 P_2 238 238 0.5 0.5 0.5 1 1 1
0 P_2 239 239 0.252891 0.34782608695652173 0.420234 1 1 1
0 P_2 240 240 0.0237081 0.06818181818181818 0.156048 1 1 1
0 P_2 241 241 0 0 0 1 1 1
0 P_2 242 242 0 0 0 1 1 1
0 P_2 243 243 0.0248514 0.0660377358490566 0.144221 1 1 1
0 P_2 244 244 0.1694375 0.2608695652173913 0.3497965 1 1 1
0 P_2 245 245 0.0410639 0.09574468085106383 0.185173 1 1 1
0 P_2 246 246 0 0 0 1 1 1
0 P_2 247 247 0.0550965 0.11320754716981132 0.1989225 1 1 1
0 P_2 248 248 0 0 0 1 1 1
0 P_2 249 249 0.0377228 0.08823529411764706 0.172528 1 1 1
0 P_2 250 250 0.02585205 0.06862745098039216 0.14921 1 1 1
0 P_2 251 251 0 0 0 1 1 1
0 P_2 252 252 0 0 0 1 1 1
0 P_2 253 253 0 0 0 1 1 1
0 P_2 254 254 0 0 0 1 1 1
0 P_2 255 255 0 0 0 1 1 1
0 P_2 256 256 0 0 0 1 1 1
0 P_2 257 257 0 0 0 1 1 1
0 P_2 258 258 0 0 0 1 1 1
0 P_2 259 259 0 0 0 1 1 1
0 P_2 260 260 0 0 0 1 1 1
0 P_2 261 261 0.168005 0.26136363636363635 0.351994 1 1 1
0 P_2 262 262 0.0410639 0.09574468085106383 0.185173 1 1 1
0 P_2 263 263 0 0 0 1 1 1
0 P_2 264 264 0 0 0 1 1 1
0 P_2 265 265 0 0 0 1 1 1
0 P_2 266 266 0.0316456 0.0784313725490196 0.1610165 1 1 1
0 P_2 267 267 0 0 0 1 1 1
0 P_2 268 268 0.5 0.5 0.5 1 1 1
0 P_2 269 269 0.2708185 0.34782608695652173 0.4094 1 1 1
0 P_2 270 270 0 0 0 1 1 1
0 P_2 271 271 0 0 0 1 1 1
0 P_2 272 272 0 0 0 1 1 1
0 P_2 273 273 0 0 0 1 1 1
0 P_2 274 274 0 0 0 1 1 1
0 P_2 275 275 0 0 0 1 1 1
0 P_2 276 276 0.0281167 0.07446808510638298 0.16029 1 1 1
0 P_2 277 277 0 0 0 1 1 1
0 P_2 278 278 0.061156 0.125 0.216501 1 1 1
0 P_2 279 279 0 0 0 1 1 1
0 P_2 280 280 0.5 0.5 0.5 1 1 1
0 P_2 281 281 0 0 0 1 1 1
0 P_2 282 282 0 0 0 1 1 1
0 P_2 283 283 0.5 0.5 0.5 1 1 1
0 P_2 284 284 0 0 0 1 1 1
0 P_2 285 285 0.2000725 0.28846153846153844 0.368936 1 1 1
0 P_2 286 286 0.0362485 0.08490566037735849 0.166825 1 1 1
0 P_2 287 287 0 0 0 1 1 1
0 P_2 288 288 0.5 0.5 0.5 1 1 1
0 P_2 289 289 0.5 0.5 0.5 1 1 1
0 P_2 290 290 0 0 0 1 1 1
0 P_2 291 291 0 0 0 1 1 1
0 P_2 292 292 0 0 0 1 1 1
0 P_2 293 293 0 0 0 1 1 1
0 P_2 294 294 0 0 0 1 1 1
0 P_2 295 295 0 0 0 1 1 1
0 P_2 296 296 0 0 0 1 1 1
0 P_2 297 297 0.5 0.5 0.5 1 1 1
0 P_2 298 298 0 0 0 1 1 1
0 P_2 299 299 0 0 0 1 1 1
0 P_2 300 300 0 0 0 1 1 1
0 P_2 301 301 0 0 0 1 1 1
0 P_2 302 302 0.5 0.5 0.5 1 1 1
0 P_2 303 303 0 0 0 1 1 1
0 P_2 304 304 0 0 0 1 1 1
0 P_2 305 305 0 0 0 1 1 1
0 P_2 306 306 0.06859 0.13541666666666666 0.2276045 1 1 1
0 P_2 307 307 0 0 0 1 1 1
0 P_2 308 308 0 0 0 1 1 1
0 P_2 309 309 0 0 0 1 1 1
0 P_2 310 310 0 0 0 1 1 1
0 P_2 311 311 0.0126776 0.046511627906976744 0.1297345 1 1 1
0 P_2 312 312 0 0 0 1 1 1
0 P_2 313 313 0 0 0 1 1 1
0 P_2 314 314 0 0 0 1 1 1
0 P_2 315 315 0 0 0 1 1 1
0 P_2 316 316 0.0316456 0.0784313725490196 0.1610165 1 1 1
0 P_2 317 317 0 0 0 1 1 1
0 P_2 318 318 0 0 0 1 1 1
0 P_2 319 319 0 0 0 1 1 1
0 P_2 320 320 0.01238605 0.045454545454545456 0.12713 1 1 1
0 P_2 321 321 0 0 0 1 1 1
0 P_2 322 322 0 0 0 1 1 1
0 P_2 323 323 0 0 0 1 1 1
0 P_2 324 324 0 0 0 1 1 1
0 P_2 325 325 0 0 0 1 1 1
0 P_2 326 326 0 0 0 1 1 1
0 P_2 327 327 0.0243796 0.06481481481481481 0.1418485 1 1 1
0 P_2 328 328 0 0 0 1 1 1
0 P_2 329 329 0.233767 0.3333333333333333 0.41203650000000003 1 1 1
0 P_2 330 330 0 0 0 1 1 1
0 P_2 331 331 0 0 0 1 1 1
0 P_2 332 332 0 0 0 1 1 1
0 P_2 333 333 0 0 0 1 1 1
0 P_2 334 334 0.064323 0.12745098039215685 0.2162195 1 1 1
0 P_2 335 335 0 0 0 1 1 1
0 P_2 336 336 0 0 0 1 1 1
0 P_2 337 337 0.01330385 0.04878048780487805 0.1352745 1 1 1
0 P_2 338 338 0 0 0 1 1 1
0 P_2 339 339 0 0 0 1 1 1
0 P_2 340 340 0 0 0 1 1 1
0 P_2 341 341 0 0 0 1 1 1
0 P_2 342 342 0.5 0.5 0.5 1 1 1
0 P_2 343 343 0 0 0 1 1 1
0 P_2 344 344 0 0 0 1 1 1
0 P_2 345 345 0 0 0 1 1 1
0 P_2 346 346 0 0 0 1 1 1
0 P_2 347 347 0.240684 0.3225806451612903 0.391808 1 1 1
0 P_2 348 348 0.0316456 0.0784313725490196 0.1610165 1 1 1
0 P_2 349 349 0.2298435 0.3229166666666667 0.3998365 1 1 1
0 P_2 350 350 0.0237081 0.06818181818181818 0.156048 1 1 1
0 P_2 351 351 0 0 0 1 1 1
0 P_2 352 352 0 0 0 1 1 1
0 P_2 353 353 0 0 0 1 1 1
0 P_2 354 354 0 0 0 1 1 1
0 P_2 355 355 0 0 0 1 1 1
0 P_2 356 356 0.2092335 0.2980769230769231 0.3770275 1 1 1
0 P_2 357 357 0 0 0 1 1 1
0 P_2 358 358 0.0212141 0.06756756756756757 0.164835 1 1 1
0 P_2 359 359 0.5 0.5 0.5 1 1 1
0 P_2 360 360 0.078751 0.14705882352941177 0.2369165 1 1 1
0 P_2 361 361 0 0 0 1 1 1
0 P_2 362 362 0 0 0 1 1 1
0 P_2 363 363 0.01499805 0.04807692307692308 0.1223645 1 1 1
0 P_2 364 364 0 0 0 1 1 1
0 P_2 365 365 0 0 0 1 1 1
0 P_2 366 366 0.5 0.5 0.5 1 1 1
0 P_2 367 367 0.2608295 0.3490566037735849 0.417272 1 1 1
0 P_2 368 368 0 0 0 1 1 1
0 P_2 369 369 0.5 0.5 0.5 1 1 1
0 P_2 370 370 0 0 0 1 1 1
0 P_2 371 371 0.05621 0.11538461538461539 0.20221 1 1 1
0 P_2 372 372 0 0 0 1 1 1
0 P_2 373 373 0.0726705 0.13636363636363635 0.222229 1 1 1
0 P_2 374 374 0.5 0.5 0.5 1 1 1
0 P_2 375 375 0 0 0 1 1 1
0 P_2 376 376 0.5 0.5 0.5 1 1 1
0 P_2 377 377 0 0 0 1 1 1
0 P_2 378 378 0.03967855 0.0975609756097561 0.1943475 1 1 1
0 P_2 379 379 0 0 0 1 1 1
0 P_2 380 380 0 0 0 1 1 1
0 P_2 381 381 0 0 0 1 1 1
0 P_2 382 382 0.01662115 0.05319148936170213 0.1338805 1 1 1
0 P_2 383 383 0.2054955 0.3108108108108108 0.399041 1 1 1
0 P_2 384 384 0.2505895 0.3488372093023256 0.4228745 1 1 1
0 P_2 385 385 0 0 0 1 1 1
0 P_2 386 386 0.5 0.5 0.5 1 1 1
0 P_2 387 387 0.01670425 0.04838709677419355 0.115023 1 1 1
0 P_2 388 388 0 0 0 1 1 1
0 P_2 389 389 0 0 0 1 1 1
0 P_2 390 390 0.0516685 0.11 0.1981445 1 1 1
0 P_2 391 391 0 0 0 1 1 1
0 P_2 392 392 0 0 0 1 1 1
0 P_2 393 393 0 0 0 1 1 1
0 P_2 394 394 0 0 0 1 1 1
0 P_2 395 395 0 0 0 1 1 1
0 P_2 396 396 0.2285345 0.32926829268292684 0.4097145 1 1 1
0 P_2 397 397 0.0377228 0.08823529411764706 0.172528 1 1 1
0 P_2 398 398 0 0 0 1 1 1
0 P_2 399 399 0.5 0.5 0.5 1 1 1
0 P_2 400 400 0 0 0 1 1 1
0 P_2 401 401 0.0779515 0.14893617021276595 0.2427365 1 1 1
0 P_2 402 402 0.0192285 0.05555555555555555 0.13026 1 1 1
0 P_2 403 403 0 0 0 1 1 1
0 P_2 404 404 0 0 0 1 1 1
0 P_2 405 405 0 0 0 1 1 1
0 P_2 406 406 0.016269 0.052083333333333336 0.131408 1 1 1
0 P_2 407 407 0 0 0 1 1 1
0 P_2 408 408 0 0 0 1 1 1
0 P_2 409 409 0 0 0 1 1 1
0 P_2 410 410 0 0 0 1 1 1
0 P_2 411 411 0.0605625 0.12790697674418605 0.2251365 1 1 1
0 P_2 412 412 0.5 0.5 0.5 1 1 1
0 P_2 413 413 0 0 0 1 1 1
0 P_2 414 414 0.04599075 0.09523809523809523 0.1710405 1 1 1
0 P_2 415 415 0.0063628 0.02830188679245283 0.0944025 1 1 1
0 P_2 416 416 0 0 0 1 1 1
0 P_2 417 417 0 0.013513513513513514 0 1 1 1
0 P_2 418 418 0 0 0 1 1 1
0 P_2 419 419 0 0 0 1 1 1
0 P_2 420 420 0.04296735 0.1 0.192206 1 1 1
0 P_2 421 421 0 0 0 1 1 1
0 P_2 422 422 0 0 0 1 1 1
0 P_2 423 423 0 0 0 1 1 1
0 P_2 424 424 0 0 0 1 1 1
0 P_2 425 425 0 0 0 1 1 1
0 P_2 426 426 0 0 0 1 1 1
0 P_2 427 427 0.5 0.5 0.5 1 1 1
0 P_2 428 428 0 0 0 1 1 1
0 P_2 429 429 0.5 0.5 0.5 1 1 1
0 P_2 430 430 0 0 0 1 1 1
0 P_2 431 431 0 0 0 1 1 1
0 P_2 432 432 0.5 0.5 0.5 1 1 1
0 P_2 433 433 0 0 0 1 1 1
0 P_2 434 434 0 0 0 1 1 1
0 P_2 435 435 0 0 0 1 1 1
0 P_2 436 436 0.03291725 0.09375 0.2043565 1 1 1
0 P_2 437 437 0.03869585 0.09523809523809523 0.1904155 1 1 1
0 P_2 438 438 0.03157525 0.08333333333333333 0.176658 1 1 1
0 P_2 439 439 0 0 0 1 1 1
0 P_2 440 440 0 0 0 1 1 1
1 P_9 0 0 0 0 0 1 1 1
1 P_9 1 1 0.0212344 0.061224489795918366 0.142002 1 1 1
1 P_9 2 2 0.03009435 0.07954545454545454 0.16973 1 1 1
1 P_9 3 3 0 0 0 1 1 1
1 P_9 4 4 0 0 0 1 1 1
1 P_9 5 5 0 0 0 1 1 1
1 P_9 6 6 0 0 0 1 1 1
1 P_9 7 7 0 0 0 1 1 1
1 P_9 8 8 0.0106689 0.0392156862745098 0.111453 1 1 1
1 P_9 9 9 0 0 0 1 1 1
1 P_9 10 10 0.0281167 0.07446808510638298 0.16029 1 1 1
1 P_9 11 11 0 0 0 1 1 1
1 P_9 12 12 0 0 0 1 1 1
1 P_9 13 13 0.2907785 0.3728813559322034 0.4325345 1 1 1
1 P_9 14 14 0 0 0 1 1 1
1 P_9 15 15 0 0 0 1 1 1
1 P_9 16 16 0 0 0 1 1 1
1 P_9 17 17 0 0 0 1 1 1
1 P_9 18 18 0 0 0 1 1 1
1 P_9 19 19 0 0 0 1 1 1
1 P_9 20 20 0 0 0 1 1 1
1 P_9 21 21 0 0 0 1 1 1
1 P_9 22 22 0.346977 0.43333333333333335 0.4768315 1 1 1
1 P_9 23 23 0.5 0.5 0.5 1 1 1
1 P_9 24 24 0 0 0 1 1 1
1 P_9 25 25 0 0 0 1 1 1
1 P_9 26 26 0 0 0 1 1 1
1 P_9 27 27 0 0 0 1 1 1
1 P_9 28 28 0 0 0 1 1 1
1 P_9 29 29 0.2538235 0.3611111111111111 0.4364425 1 1 1
1 P_9 30 30 0 0 0 1 1 1
1 P_9 31 31 0.01662115 0.05319148936170213 0.1338805 1 1 1
1 P_9 32 32 0 0 0 1 1 1
1 P_9 33 33 0.33095 0.4083333333333333 0.4572835 1 1 1
1 P_9 34 34 0 0 0 1 1 1
1 P_9 35 35 0.0030079 0.017857142857142856 0.0763335 1 1 1
1 P_9 36 36 0 0 0 1 1 1
1 P_9 37 37 0 0 0 1 1 1
1 P_9 38 38 0 0 0 1 1 1
1 P_9 39 39 0 0 0 1 1 1
1 P_9 40 40 0 0 0 1 1 1
1 P_9 41 41 0 0 0 1 1 1
1 P_9 42 42 0.2153025 0.3111111111111111 0.392551 1 1 1
1 P_9 43 43 0.0058125 0.02586206896551724 0.0869455 1 1 1
1 P_9 44 44 0 0 0 1 1 1
1 P_9 45 45 0 0 0 1 1 1
1 P_9 46 46 0.296203 0.39285714285714285 0.453821 1 1 1
1 P_9 47 47 0 0 0 1 1 1
1 P_9 48 48 0 0 0 1 1 1
1 P_9 49 49 0.0393128 0.08461538461538462 0.1574585 1 1 1
1 P_9 50 50 0.300216 0.3953488372093023 0.4549435 1 1 1
1 P_9 51 51 0 0 0 1 1 1
1 P_9 52 52 0.2371505 0.3333333333333333 0.409929 1 1 1
1 P_9 53 53 0.01399525 0.05128205128205128 0.1413055 1 1 1
1 P_9 54 54 0.016269 0.052083333333333336 0.131408 1 1 1
1 P_9 55 55 0.2251565 0.3191489361702128 0.3975215 1 1 1
1 P_9 56 56 0 0 0 1 1 1
1 P_9 57 57 0.0169889 0.05434782608695652 0.1364465 1 1 1
1 P_9 58 58 0.0832645 0.14912280701754385 0.2340245 1 1 1
1 P_9 59 59 0 0 0 1 1 1
1 P_9 60 60 0 0 0 1 1 1
1 P_9 61 61 0 0 0 1 1 1
1 P_9 62 62 0 0 0 1 1 1
1 P_9 63 63 0 0 0 1 1 1
1 P_9 64 64 0.3883805 0.4659090909090909 0.49233 1 1 1
1 P_9 65 65 0.360448 0.43636363636363634 0.4760745 1 1 1
1 P_9 66 66 0.06596 0.12727272727272726 0.2125245 1 1 1
1 P_9 67 67 0 0 0 1 1 1
1 P_9 68 68 0.2655735 0.35714285714285715 0.4254395 1 1 1
1 P_9 69 69 0 0 0 1 1 1
1 P_9 70 70 0.0115868 0.0425531914893617 0.119905 1 1 1
1 P_9 71 71 0 0 0 1 1 1
1 P_9 72 72 0 0 0 1 1 1
1 P_9 73 73 0.014168 0.045454545454545456 0.1163545 1 1 1
1 P_9 74 74 0.0410639 0.09574468085106383 0.185173 1 1 1
1 P_9 75 75 0.235683 0.32978723404255317 0.4058715 1 1 1
1 P_9 76 76 0 0 0 1 1 1
1 P_9 77 77 0 0 0 1 1 1
1 P_9 78 78 0 0 0 1 1 1
1 P_9 79 79 0 0 0 1 1 1
1 P_9 80 80 0 0 0 1 1 1
1 P_9 81 81 0 0 0 1 1 1
1 P_9 82 82 0 0 0 1 1 1
1 P_9 83 83 0.0540265 0.1111111111111111 0.195738 1 1 1
1 P_9 84 84 0 0 0 1 1 1
1 P_9 85 85 0 0 0 1 1 1
1 P_9 86 86 0 0 0 1 1 1
1 P_9 87 87 0 0 0 1 1 1
1 P_9 88 88 0 0 0 1 1 1
1 P_9 89 89 0.355393 0.4375 0.478313 1 1 1
1 P_9 90 90 0.242125 0.3208955223880597 0.388162 1 1 1
1 P_9 91 91 0.0369709 0.08653846153846154 0.169629 1 1 1
1 P_9 92 92 0.2670895 0.36363636363636365 0.4329385 1 1 1
1 P_9 93 93 0.214797 0.30851063829787234 0.3890055 1 1 1
1 P_9 94 94 0 0 0 1 1 1
1 P_9 95 95 0 0 0 1 1 1
1 P_9 96 96 0 0 0 1 1 1
1 P_9 97 97 0 0 0 1 1 1
1 P_9 98 98 0.5 0.5 0.5 1 1 1
1 P_9 99 99 0 0 0 1 1 1
1 P_9 100 100 0.3181565 0.40625 0.459826 1 1 1
1 P_9 101 101 0.394146 0.46296296296296297 0.4899295 1 1 1
1 P_9 102 102 0 0 0 1 1 1
1 P_9 103 103 0.0516685 0.11 0.1981445 1 1 1
1 P_9 104 104 0 0 0 1 1 1
1 P_9 105 105 0 0 0 1 1 1
1 P_9 106 106 0.2831555 0.38095238095238093 0.4460125 1 1 1
1 P_9 107 107 0 0 0 1 1 1
1 P_9 108 108 0.0304147 0.07547169811320754 0.1556635 1 1 1
1 P_9 109 109 0.5 0.5 0.5 1 1 1
1 P_9 110 110 0 0 0 1 1 1
1 P_9 111 111 0.0208004 0.06 0.1394885 1 1 1
1 P_9 112 112 0.01561895 0.05714285714285714 0.15512 1 1 1
1 P_9 113 113 0 0 0 1 1 1
1 P_9 114 114 0.0452434 0.09375 0.1686715 1 1 1
1 P_9 115 115 0 0 0 1 1 1
1 P_9 116 116 0 0 0 1 1 1
1 P_9 117 117 0.01662115 0.05319148936170213 0.1338805 1 1 1
1 P_9 118 118 0 0 0 1 1 1
1 P_9 119 119 0 0 0 1 1 1
1 P_9 120 120 0 0 0 1 1 1
1 P_9 121 121 0.03000235 0.08571428571428572 0.1897205 1 1 1
1 P_9 122 122 0 0 0 1 1 1
1 P_9 123 123 0 0 0 1 1 1
1 P_9 124 124 0.336168 0.42 0.4677005 1 1 1
1 P_9 125 125 0.0336912 0.08333333333333333 0.1697655 1 1 1
1 P_9 126 126 0.199202 0.2976190476190476 0.384108 1 1 1
1 P_9 127 127 0.0104617 0.038461538461538464 0.1095225 1 1 1
1 P_9 128 128 0.02638325 0.07 0.151835 1 1 1
1 P_9 129 129 0 0 0 1 1 1
1 P_9 130 130 0 0 0 1 1 1
1 P_9 131 131 0.2507675 0.34375 0.415971 1 1 1
1 P_9 132 132 0.276015 0.35833333333333334 0.421162 1 1 1
1 P_9 133 133 0.2374715 0.3269230769230769 0.400551 1 1 1
1 P_9 134 134 0.02427375 0.06976744186046512 0.159194 1 1 1
1 P_9 135 135 0 0 0 1 1 1
1 P_9 136 136 0 0 0 1 1 1
1 P_9 137 137 0.058284 0.11607142857142858 0.1995385 1 1 1
1 P_9 138 138 0 0 0 1 1 1
1 P_9 139 139 0.2907415 0.375 0.435283 1 1 1
1 P_9 140 140 0 0 0 1 1 1
1 P_9 141 141 0 0 0 1 1 1
1 P_9 142 142 0 0 0 1 1 1
1 P_9 143 143 0 0 0 1 1 1
1 P_9 144 144 0.2388095 0.3372093023255814 0.414241 1 1 1
1 P_9 145 145 0 0 0 1 1 1
1 P_9 146 146 0 0 0 1 1 1
1 P_9 147 147 0 0 0 1 1 1
1 P_9 148 148 0.1949475 0.2857142857142857 0.3687155 1 1 1
1 P_9 149 149 0 0 0 1 1 1
1 P_9 150 150 0 0 0 1 1 1
1 P_9 151 151 0.283282 0.37777777777777777 0.4422775 1 1 1
1 P_9 152 152 0 0 0 1 1 1
1 P_9 153 153 0.02265905 0.0603448275862069 0.133086 1 1 1
1 P_9 154 154 0 0 0 1 1 1
1 P_9 155 155 0 0 0 1 1 1
1 P_9 156 156 0 0 0 1 1 1
1 P_9 157 157 0 0 0 1 1 1
1 P_9 158 158 0 0 0 1 1 1
1 P_9 159 159 0.0385059 0.09 0.175527 1 1 1
1 P_9 160 160 0.0348853 0.08181818181818182 0.1614825 1 1 1
1 P_9 161 161 0 0 0 1 1 1
1 P_9 162 162 0 0 0 1 1 1
1 P_9 163 163 0 0 0 1 1 1
1 P_9 164 164 0 0 0 1 1 1
1 P_9 165 165 0.01852845 0.05357142857142857 0.1260865 1 1 1
1 P_9 166 166 0 0 0 1 1 1
1 P_9 167 167 0 0 0 1 1 1
1 P_9 168 168 0.058109 0.11029411764705882 0.1848035 1 1 1
1 P_9 169 169 0.0308286 0.07258064516129033 0.1451885 1 1 1
1 P_9 170 170 0 0 0 1 1 1
1 P_9 171 171 0.030817 0.08139534883720931 0.1731255 1 1 1
1 P_9 172 172 0 0 0 1 1 1
1 P_9 173 173 0.03320975 0.0875 0.1841665 1 1 1
1 P_9 174 174 0.02638325 0.07 0.151835 1 1 1
1 P_9 175 175 0 0 0 1 1 1
1 P_9 176 176 0.3181565 0.40625 0.459826 1 1 1
1 P_9 177 177 0.052775 0.11224489795918367 0.201605 1 1 1
1 P_9 178 178 0 0 0 1 1 1
1 P_9 179 179 0 0 0 1 1 1
1 P_9 180 180 0 0 0 1 1 1
1 P_9 181 181 0 0 0 1 1 1
1 P_9 182 182 0 0 0 1 1 1
1 P_9 183 183 0 0 0 1 1 1
1 P_9 184 184 0 0 0 1 1 1
1 P_9 185 185 0 0 0 1 1 1
1 P_9 186 186 0 0 0 1 1 1
1 P_9 187 187 0 0 0 1 1 1
1 P_9 188 188 0 0 0 1 1 1
1 P_9 189 189 0 0 0 1 1 1
1 P_9 190 190 0 0 0 1 1 1
1 P_9 191 191 0 0 0 1 1 1
1 P_9 192 192 0.2755865 0.3695652173913043 0.4360275 1 1 1
1 P_9 193 193 0.03932235 0.09183673469387756 0.17863 1 1 1
1 P_9 194 194 0 0 0 1 1 1
1 P_9 195 195 0.0561755 0.11206896551724138 0.193554 1 1 1
1 P_9 196 196 0 0 0 1 1 1
1 P_9 197 197 0 0 0 1 1 1
1 P_9 198 198 0.0369709 0.08653846153846154 0.169629 1 1 1
1 P_9 199 199 0.0410639 0.09574468085106383 0.185173 1 1 1
1 P_9 200 200 0 0 0 1 1 1
1 P_9 201 201 0.3626715 0.4375 0.476512 1 1 1
1 P_9 202 202 0.1998535 0.29 0.37161 1 1 1
1 P_9 203 203 0 0 0 1 1 1
1 P_9 204 204 0.0359693 0.08064516129032258 0.154793 1 1 1
1 P_9 205 205 0.2907705 0.37735849056603776 0.4382375 1 1 1
1 P_9 206 206 0 0 0 1 1 1
1 P_9 207 207 0 0 0 1 1 1
1 P_9 208 208 0 0 0 1 1 1
1 P_9 209 209 0.02215915 0.06382978723404255 0.1473085 1 1 1
1 P_9 210 210 0.016269 0.052083333333333336 0.131408 1 1 1
1 P_9 211 211 0 0 0 1 1 1
1 P_9 212 212 0 0 0 1 1 1
1 P_9 213 213 0.0401742 0.09375 0.1818435 1 1 1
1 P_9 214 214 0 0 0 1 1 1
1 P_9 215 215 0.2363025 0.32407407407407407 0.3971325 1 1 1
1 P_9 216 216 0.2572635 0.35106382978723405 0.4220485 1 1 1
1 P_9 217 217 0 0 0 1 1 1
1 P_9 218 218 0.01727105 0.05 0.1184895 1 1 1
1 P_9 219 219 0 0 0 1 1 1
1 P_9 220 220 0.313363 0.4069767441860465 0.462239 1 1 1
1 P_9 221 221 0.5 0.5 0.5 1 1 1
1 P_9 222 222 0 0 0 1 1 1
1 P_9 223 223 0.3095845 0.40476190476190477 0.461304 1 1 1
1 P_9 224 224 0 0 0 1 1 1
1 P_9 225 225 0 0 0 1 1 1
1 P_9 226 226 0 0 0 1 1 1
1 P_9 227 227 0 0 0 1 1 1
1 P_9 228 228 0 0 0 1 1 1
1 P_9 229 229 0 0 0 1 1 1
1 P_9 230 230 0 0 0 1 1 1
1 P_9 231 231 0 0 0 1 1 1
1 P_9 232 232 0 0 0 1 1 1
1 P_9 233 233 0.1991045 0.3026315789473684 0.3917215 1 1 1
1 P_9 234 234 0.3443365 0.42452830188679247 0.4695855 1 1 1
1 P_9 235 235 0 0 0 1 1 1
1 P_9 236 236 0.2657835 0.36585365853658536 0.4363015 1 1 1
1 P_9 237 237 0 0 0 1 1 1
1 P_9 238 238 0.342439 0.4358974358974359 0.479897 1 1 1
1 P_9 239 239 0 0 0 1 1 1
1 P_9 240 240 0.2101195 0.3068181818181818 0.3898785 1 1 1
1 P_9 241 241 0 0 0 1 1 1
1 P_9 242 242 0 0 0 1 1 1
1 P_9 243 243 0.2298435 0.3229166666666667 0.3998365 1 1 1
1 P_9 244 244 0 0 0 1 1 1
1 P_9 245 245 0.2507675 0.34375 0.415971 1 1 1
1 P_9 246 246 0 0 0 1 1 1
1 P_9 247 247 0.2639305 0.3474576271186441 0.413169 1 1 1
1 P_9 248 248 0 0 0 1 1 1
1 P_9 249 249 0.02534185 0.0673076923076923 0.1466735 1 1 1
1 P_9 250 250 0.0104617 0.038461538461538464 0.1095225 1 1 1
1 P_9 251 251 0.04958905 0.10576923076923077 0.191563 1 1 1
1 P_9 252 252 0 0 0 1 1 1
1 P_9 253 253 0 0 0 1 1 1
1 P_9 254 254 0 0 0 1 1 1
1 P_9 255 255 0.0203838 0.058823529411764705 0.137062 1 1 1
1 P_9 256 256 0 0 0 1 1 1
1 P_9 257 257 0 0 0 1 1 1
1 P_9 258 258 0 0 0 1 1 1
1 P_9 259 259 0 0 0 1 1 1
1 P_9 260 260 0 0 0 1 1 1
1 P_9 261 261 0 0 0 1 1 1
1 P_9 262 262 0.0248514 0.0660377358490566 0.144221 1 1 1
1 P_9 263 263 0 0 0 1 1 1
1 P_9 264 264 0 0 0 1 1 1
1 P_9 265 265 0 0 0 1 1 1
1 P_9 266 266 0.0248514 0.0660377358490566 0.144221 1 1 1
1 P_9 267 267 0 0 0 1 1 1
1 P_9 268 268 0.304077 0.3977272727272727 0.456013 1 1 1
1 P_9 269 269 0 0 0 1 1 1
1 P_9 270 270 0 0 0 1 1 1
1 P_9 271 271 0 0 0 1 1 1
1 P_9 272 272 0 0 0 1 1 1
1 P_9 273 273 0 0 0 1 1 1
1 P_9 274 274 0 0 0 1 1 1
1 P_9 275 275 0 0 0 1 1 1
1 P_9 276 276 0.0222662 0.059322033898305086 0.131061 1 1 1
1 P_9 277 277 0 0 0 1 1 1
1 P_9 278 278 0.299186 0.391304347826087 0.450933 1 1 1
1 P_9 279 279 0 0 0 1 1 1
1 P_9 280 280 0.343952 0.4318181818181818 0.476292 1 1 1
1 P_9 281 281 0 0 0 1 1 1
1 P_9 282 282 0 0 0 1 1 1
1 P_9 283 283 0.5 0.5 0.5 1 1 1
1 P_9 284 284 0 0 0 1 1 1
1 P_9 285 285 0 0 0 1 1 1
1 P_9 286 286 0.018872 0.05454545454545454 0.1281395 1 1 1
1 P_9 287 287 0.0501325 0.10344827586206896 0.183945 1 1 1
1 P_9 288 288 0.323342 0.4166666666666667 0.468425 1 1 1
1 P_9 289 289 0.306359 0.3958333333333333 0.4530705 1 1 1
1 P_9 290 290 0 0 0 1 1 1
1 P_9 291 291 0 0 0 1 1 1
1 P_9 292 292 0 0 0 1 1 1
1 P_9 293 293 0 0 0 1 1 1
1 P_9 294 294 0.01560765 0.05 0.126726 1 1 1
1 P_9 295 295 0 0 0 1 1 1
1 P_9 296 296 0.0342415 0.08035714285714286 0.1589365 1 1 1
1 P_9 297 297 0.31622 0.4019607843137255 0.4559485 1 1 1
1 P_9 298 298 0 0 0 1 1 1
1 P_9 299 299 0 0 0 1 1 1
1 P_9 300 300 0 0 0 1 1 1
1 P_9 301 301 0 0 0 1 1 1
1 P_9 302 302 0.34263 0.4270833333333333 0.472486 1 1 1
1 P_9 303 303 0 0 0 1 1 1
1 P_9 304 304 0.0269368 0.07142857142857142 0.1545535 1 1 1
1 P_9 305 305 0 0 0 1 1 1
1 P_9 306 306 0.2907785 0.3728813559322034 0.4325345 1 1 1
1 P_9 307 307 0 0 0 1 1 1
1 P_9 308 308 0 0 0 1 1 1
1 P_9 309 309 0 0 0 1 1 1
1 P_9 310 310 0 0 0 1 1 1
1 P_9 311 311 0.01443425 0.046296296296296294 0.1182915 1 1 1
1 P_9 312 312 0 0 0 1 1 1
1 P_9 313 313 0 0 0 1 1 1
1 P_9 314 314 0.04497075 0.1 0.186955 1 1 1
1 P_9 315 315 0 0 0 1 1 1
1 P_9 316 316 0.0275141 0.07291666666666667 0.15737 1 1 1
1 P_9 317 317 0 0 0 1 1 1
1 P_9 318 318 0 0 0 1 1 1
1 P_9 319 319 0.0551375 0.11702127659574468 0.208894 1 1 1
1 P_9 320 320 0.004206455 0.025 0.103529 1 1 1
1 P_9 321 321 0 0 0 1 1 1
1 P_9 322 322 0 0 0 1 1 1
1 P_9 323 323 0 0 0 1 1 1
1 P_9 324 324 0 0 0 1 1 1
1 P_9 325 325 0 0 0 1 1 1
1 P_9 326 326 0 0 0 1 1 1
1 P_9 327 327 0.0239254 0.06363636363636363 0.139552 1 1 1
1 P_9 328 328 0 0 0 1 1 1
1 P_9 329 329 0 0 0 1 1 1
1 P_9 330 330 0 0 0 1 1 1
1 P_9 331 331 0 0 0 1 1 1
1 P_9 332 332 0 0 0 1 1 1
1 P_9 333 333 0 0 0 1 1 1
1 P_9 334 334 0.2657835 0.36585365853658536 0.4363015 1 1 1
1 P_9 335 335 0 0 0 1 1 1
1 P_9 336 336 0 0 0 1 1 1
1 P_9 337 337 0.0605575 0.12037037037037036 0.2058985 1 1 1
1 P_9 338 338 0 0 0 1 1 1
1 P_9 339 339 0 0 0 1 1 1
1 P_9 340 340 0 0 0 1 1 1
1 P_9 341 341 0 0 0 1 1 1
1 P_9 342 342 0.347399 0.42063492063492064 0.4646205 1 1 1
1 P_9 343 343 0 0 0 1 1 1
1 P_9 344 344 0 0 0 1 1 1
1 P_9 345 345 0 0 0 1 1 1
1 P_9 346 346 0 0 0 1 1 1
1 P_9 347 347 0 0 0 1 1 1
1 P_9 348 348 0.2733475 0.3627450980392157 0.4285465 1 1 1
1 P_9 349 349 0 0 0 1 1 1
1 P_9 350 350 0.00571365 0.025423728813559324 0.0855925 1 1 1
1 P_9 351 351 0 0 0 1 1 1
1 P_9 352 352 0 0 0 1 1 1
1 P_9 353 353 0 0 0 1 1 1
1 P_9 354 354 0 0 0 1 1 1
1 P_9 355 355 0.018872 0.05454545454545454 0.1281395 1 1 1
1 P_9 356 356 0 0 0 1 1 1
1 P_9 357 357 0.0458962 0.09821428571428571 0.179613 1 1 1
1 P_9 358 358 0.042322 0.09433962264150944 0.1777385 1 1 1
1 P_9 359 359 0.5 0.5 0.5 1 1 1
1 P_9 360 360 0.2143725 0.30612244897959184 0.3856715 1 1 1
1 P_9 361 361 0 0 0 1 1 1
1 P_9 362 362 0 0 0 1 1 1
1 P_9 363 363 0.00912885 0.04054054054054054 0.130037 1 1 1
1 P_9 364 364 0 0 0 1 1 1
1 P_9 365 365 0 0 0 1 1 1
1 P_9 366 366 0.3410635 0.41964285714285715 0.4657585 1 1 1
1 P_9 367 367 0 0 0 1 1 1
1 P_9 368 368 0 0 0 1 1 1
1 P_9 369 369 0.5 0.5 0.5 1 1 1
1 P_9 370 370 0 0 0 1 1 1
1 P_9 371 371 0.01436865 0.05263157894736842 0.144525 1 1 1
1 P_9 372 372 0 0 0 1 1 1
1 P_9 373 373 0.1934495 0.2926829268292683 0.380987 1 1 1
1 P_9 374 374 0.31622 0.4019607843137255 0.4559485 1 1 1
1 P_9 375 375 0 0 0 1 1 1
1 P_9 376 376 0.5 0.5 0.5 1 1 1
1 P_9 377 377 0 0 0 1 1 1
1 P_9 378 378 0.0591085 0.125 0.220849 1 1 1
1 P_9 379 379 0 0 0 1 1 1
1 P_9 380 380 0 0 0 1 1 1
1 P_9 381 381 0 0 0 1 1 1
1 P_9 382 382 0.0248514 0.0660377358490566 0.144221 1 1 1
1 P_9 383 383 0 0 0 1 1 1
1 P_9 384 384 0 0 0 1 1 1
1 P_9 385 385 0.052775 0.11224489795918367 0.201605 1 1 1
1 P_9 386 386 0.324473 0.41 0.461494 1 1 1
1 P_9 387 387 0.01238605 0.045454545454545456 0.12713 1 1 1
1 P_9 388 388 0 0 0 1 1 1
1 P_9 389 389 0 0 0 1 1 1
1 P_9 390 390 0.0298345 0.07407407407407407 0.153117 1 1 1
1 P_9 391 391 0 0 0 1 1 1
1 P_9 392 392 0 0 0 1 1 1
1 P_9 393 393 0 0 0 1 1 1
1 P_9 394 394 0 0 0 1 1 1
1 P_9 395 395 0.0298345 0.07407407407407407 0.153117 1 1 1
1 P_9 396 396 0 0 0 1 1 1
1 P_9 397 397 0.041994 0.09782608695652174 0.188625 1 1 1
1 P_9 398 398 0 0 0 1 1 1
1 P_9 399 399 0.5 0.5 0.5 1 1 1
1 P_9 400 400 0 0 0 1 1 1
1 P_9 401 401 0.242846 0.34615384615384615 0.42372 1 1 1
1 P_9 402 402 0.0248671 0.07142857142857142 0.162468 1 1 1
1 P_9 403 403 0.0378634 0.0847457627118644 0.1617605 1 1 1
1 P_9 404 404 0 0 0 1 1 1
1 P_9 405 405 0.0272371 0.06779661016949153 0.141531 1 1 1
1 P_9 406 406 0.0263206 0.06557377049180328 0.13737 1 1 1
1 P_9 407 407 0 0 0 1 1 1
1 P_9 408 408 0 0 0 1 1 1
1 P_9 409 409 0 0 0 1 1 1
1 P_9 410 410 0 0 0 1 1 1
1 P_9 411 411 0.253642 0.3360655737704918 0.403237 1 1 1
1 P_9 412 412 0.5 0.5 0.5 1 1 1
1 P_9 413 413 0.04617915 0.10714285714285714 0.203797 1 1 1
1 P_9 414 414 0.313045 0.4 0.455029 1 1 1
1 P_9 415 415 0.0287382 0.07142857142857142 0.148264 1 1 1
1 P_9 416 416 0 0 0 1 1 1
1 P_9 417 417 0.02534185 0.0673076923076923 0.1466735 1 1 1
1 P_9 418 418 0 0 0 1 1 1
1 P_9 419 419 0.02215915 0.06382978723404255 0.1473085 1 1 1
1 P_9 420 420 0.2211065 0.3181818181818182 0.3988935 1 1 1
1 P_9 421 421 0 0 0 1 1 1
1 P_9 422 422 0 0 0 1 1 1
1 P_9 423 423 0 0 0 1 1 1
1 P_9 424 424 0 0 0 1 1 1
1 P_9 425 425 0 0 0 1 1 1
1 P_9 426 426 0 0 0 1 1 1
1 P_9 427 427 0.5 0.5 0.5 1 1 1
1 P_9 428 428 0 0 0 1 1 1
1 P_9 429 429 0.3652825 0.4423076923076923 0.4800165 1 1 1
1 P_9 430 430 0 0 0 1 1 1
1 P_9 431 431 0 0 0 1 1 1
1 P_9 432 432 0.345843 0.4375 0.48041 1 1 1
1 P_9 433 433 0 0 0 1 1 1
1 P_9 434 434 0 0 0 1 1 1
1 P_9 435 435 0 0 0 1 1 1
1 P_9 436 436 0.004104235 0.024390243902439025 0.101276 1 1 1
1 P_9 437 437 0.2298435 0.3229166666666667 0.3998365 1 1 1
1 P_9 438 438 0.230016 0.3333333333333333 0.414334 1 1 1
1 P_9 439 439 0 0 0 1 1 1
1 P_9 440 440 0 0 0 1 1 1
