10 #m
5 #n
0 P_0 0 0 0.5 0.5 0.5 1 1 1
0 P_0 1 1 0 0 0 1 1 1
0 P_0 2 2 0 0 0 1 1 1
0 P_0 3 3 0.211932 0.2183 0.2247045 1 1 1
0 P_0 4 4 0.171628 0.17775 0.183955 1 1 1
1 P_1 0 0 0.5 0.5 0.5 1 1 1
1 P_1 1 1 0 0 0 1 1 1
1 P_1 2 2 0 0 0 1 1 1
1 P_1 3 3 0.2891935 0.29555 0.301854 1 1 1
1 P_1 4 4 0 0 0 1 1 1
2 P_5 0 0 0.5 0.5 0.5 1 1 1
2 P_5 1 1 0.0515175 0.05545 0.0596065 1 1 1
2 P_5 2 2 0 0 0 1 1 1
2 P_5 3 3 0.4332355 0.4376 0.4417485 1 1 1
2 P_5 4 4 0 0 0 1 1 1
3 P_8 0 0 0.5 0.5 0.5 1 1 1
3 P_8 1 1 0 0 0 1 1 1
3 P_8 2 2 0.0581545 0.0623 0.0666615 1 1 1
3 P_8 3 3 0.3427785 0.34875 0.354608 1 1 1
3 P_8 4 4 0 0 0 1 1 1
4 P_9 0 0 0.5 0.5 0.5 1 1 1
4 P_9 1 1 0 0 0 1 1 1
4 P_9 2 2 0 0 0 1 1 1
4 P_9 3 3 0.405624 0.41065 0.415491 1 1 1
4 P_9 4 4 0 0 0 1 1 1
5 P_7 0 0 0.5 0.5 0.5 1 1 1
5 P_7 1 1 0 0 0 1 1 1
5 P_7 2 2 0.07367 0.07825 0.083028 1 1 1
5 P_7 3 3 0.1949635 0.20125 0.2075925 1 1 1
5 P_7 4 4 0.2142235 0.2206 0.2270105 1 1 1
6 P_4 0 0 0.5 0.5 0.5 1 1 1
6 P_4 1 1 0 0 0 1 1 1
6 P_4 2 2 0 0 0 1 1 1
6 P_4 3 3 0.422402 0.42705 0.4314945 1 1 1
6 P_4 4 4 0 0 0 1 1 1
7 P_3 0 0 0.5 0.5 0.5 1 1 1
7 P_3 1 1 0.086025 0.0909 0.095958 1 1 1
7 P_3 2 2 0.190093 0.19635 0.202669 1 1 1
7 P_3 3 3 0.223345 0.22975 0.2361785 1 1 1
7 P_3 4 4 0 0 0 1 1 1
8 P_2 0 0 0.5 0.5 0.5 1 1 1
8 P_2 1 1 0 0 0 1 1 1
8 P_2 2 2 0 0 0 1 1 1
8 P_2 3 3 0.5 0.5 0.5 1 1 1
8 P_2 4 4 0 0 0 1 1 1
9 P_6 0 0 0.5 0.5 0.5 1 1 1
9 P_6 1 1 0 0 0 1 1 1
9 P_6 2 2 0 0 0 1 1 1
9 P_6 3 3 0.108725 0.11405 0.1195315 1 1 1
9 P_6 4 4 0.256613 0.26305 0.2694715 1 1 1
