2 #m
712 #n
0 P_4 0 0 0.257672 0.3258426966292135 0.3846185 1 1 1
0 P_4 1 1 0.151362 0.2107843137254902 0.274469 1 1 1
0 P_4 2 2 0.2548695 0.3165137614678899 0.371377 1 1 1
0 P_4 3 3 0.226192 0.2925531914893617 0.3539115 1 1 1
0 P_4 4 4 0.251966 0.3202247191011236 0.379784 1 1 1
0 P_4 5 5 0.139598 0.19801980198019803 0.2621455 1 1 1
0 P_4 6 6 0.2483795 0.31313131313131315 0.370822 1 1 1
0 P_4 7 7 0.23648 0.3072289156626506 0.370399 1 1 1
0 P_4 8 8 0.290715 0.3523809523809524 0.40323 1 1 1
0 P_4 9 9 0.176068 0.2345132743362832 0.294484 1 1 1
0 P_4 10 10 0.2087055 0.2722772277227723 0.333404 1 1 1
0 P_4 11 11 0.2410145 0.30612244897959184 0.364891 1 1 1
0 P_4 12 12 0.25727 0.3229166666666667 0.3801635 1 1 1
0 P_4 13 13 0.2481905 0.3101851851851852 0.365989 1 1 1
0 P_4 14 14 0 0 0 1 1 1
0 P_4 15 15 0.2213975 0.29069767441860467 0.354787 1 1 1
0 P_4 16 16 0.1320435 0.19072164948453607 0.2561615 1 1 1
0 P_4 17 17 0 0 0 1 1 1
0 P_4 18 18 0.2332365 0.29797979797979796 0.357356 1 1 1
0 P_4 19 19 0 0 0 1 1 1
0 P_4 20 20 0.164586 0.2268041237113402 0.2916685 1 1 1
0 P_4 21 21 0.2110315 0.275 0.3361985 1 1 1
0 P_4 22 22 0.2548695 0.3165137614678899 0.371377 1 1 1
0 P_4 23 23 0.2461285 0.3112244897959184 0.369405 1 1 1
0 P_4 24 24 0.0651895 0.11 0.170303 1 1 1
0 P_4 25 25 0 0 0 1 1 1
0 P_4 26 26 0.135185 0.19306930693069307 0.2572005 1 1 1
0 P_4 27 27 0.2632915 0.3333333333333333 0.3924665 1 1 1
0 P_4 28 28 0 0 0 1 1 1
0 P_4 29 29 0 0 0 1 1 1
0 P_4 30 30 0.1939915 0.25757575757575757 0.3203125 1 1 1
0 P_4 31 31 0.128623 0.1834862385321101 0.2451305 1 1 1
0 P_4 32 32 0.22824150000000001 0.29292929292929293 0.3528145 1 1 1
0 P_4 33 33 0 0 0 1 1 1
0 P_4 34 34 0.2575545 0.3194444444444444 0.3741915 1 1 1
0 P_4 35 35 0.2596975 0.32941176470588235 0.388847 1 1 1
0 P_4 36 36 0 0 0 1 1 1
0 P_4 37 37 0.2321335 0.29439252336448596 0.3520435 1 1 1
0 P_4 38 38 0.140376 0.20625 0.2781255 1 1 1
0 P_4 39 39 0.1499595 0.21348314606741572 0.281531 1 1 1
0 P_4 40 40 0 0 0 1 1 1
0 P_4 41 41 0 0 0 1 1 1
0 P_4 42 42 0 0 0 1 1 1
0 P_4 43 43 0 0 0 1 1 1
0 P_4 44 44 0.106146 0.16 0.2238215 1 1 1
0 P_4 45 45 0.2555485 0.3177570093457944 0.372933 1 1 1
0 P_4 46 46 0 0 0 1 1 1
0 P_4 47 47 0.248755 0.31666666666666665 0.3764075 1 1 1
0 P_4 48 48 0.1097705 0.1686046511627907 0.237857 1 1 1
0 P_4 49 49 0.2561685 0.3169642857142857 0.37111 1 1 1
0 P_4 50 50 0.1263125 0.18823529411764706 0.258154 1 1 1
0 P_4 51 51 0 0 0 1 1 1
0 P_4 52 52 0 0 0 1 1 1
0 P_4 53 53 0 0 0 1 1 1
0 P_4 54 54 0.2299235 0.29245283018867924 0.3505355 1 1 1
0 P_4 55 55 0 0 0 1 1 1
0 P_4 56 56 0.263383 0.32432432432432434 0.3778205 1 1 1
0 P_4 57 57 0.2594745 0.3247422680412371 0.381485 1 1 1
0 P_4 58 58 0 0 0 1 1 1
0 P_4 59 59 0.2427995 0.3069306930693069 0.364815 1 1 1
0 P_4 60 60 0 0 0 1 1 1
0 P_4 61 61 0.2298085 0.2988505747126437 0.3617075 1 1 1
0 P_4 62 62 0.282736 0.3469387755102041 0.4001955 1 1 1
0 P_4 63 63 0.1258085 0.18055555555555555 0.2424455 1 1 1
0 P_4 64 64 0.1421485 0.19736842105263158 0.257727 1 1 1
0 P_4 65 65 0.2326515 0.2961165048543689 0.3546155 1 1 1
0 P_4 66 66 0 0 0 1 1 1
0 P_4 67 67 0.1159595 0.16981132075471697 0.2320605 1 1 1
0 P_4 68 68 0 0 0 1 1 1
0 P_4 69 69 0.2603835 0.3263157894736842 0.383368 1 1 1
0 P_4 70 70 0 0 0 1 1 1
0 P_4 71 71 0.18249 0.24299065420560748 0.304219 1 1 1
0 P_4 72 72 0.244402 0.3105263157894737 0.369607 1 1 1
0 P_4 73 73 0.2490215 0.31443298969072164 0.372495 1 1 1
0 P_4 74 74 0.230868 0.29591836734693877 0.355782 1 1 1
0 P_4 75 75 0 0 0 1 1 1
0 P_4 76 76 0.2607065 0.32142857142857145 0.375057 1 1 1
0 P_4 77 77 0.2590625 0.32608695652173914 0.383981 1 1 1
0 P_4 78 78 0 0 0 1 1 1
0 P_4 79 79 0.2420295 0.30851063829787234 0.368113 1 1 1
0 P_4 80 80 0.2118715 0.27232142857142855 0.3305545 1 1 1
0 P_4 81 81 0.2258345 0.29081632653061223 0.3511875 1 1 1
0 P_4 82 82 0 0 0 1 1 1
0 P_4 83 83 0.2461285 0.3112244897959184 0.369405 1 1 1
0 P_4 84 84 0.2632915 0.3333333333333333 0.3924665 1 1 1
0 P_4 85 85 0.215781 0.28191489361702127 0.3442965 1 1 1
0 P_4 86 86 0.1007565 0.1504424778761062 0.2099285 1 1 1
0 P_4 87 87 0.263768 0.3282828282828283 0.3840425 1 1 1
0 P_4 88 88 0 0 0 1 1 1
0 P_4 89 89 0.2670085 0.3287037037037037 0.382304 1 1 1
0 P_4 90 90 0.204236 0.27380952380952384 0.3402655 1 1 1
0 P_4 91 91 0.194376 0.2611111111111111 0.326484 1 1 1
0 P_4 92 92 0 0 0 1 1 1
0 P_4 93 93 0.2477565 0.3176470588235294 0.378781 1 1 1
0 P_4 94 94 0.1489815 0.21428571428571427 0.2842665 1 1 1
0 P_4 95 95 0 0 0 1 1 1
0 P_4 96 96 0 0 0 1 1 1
0 P_4 97 97 0.234596 0.2971698113207547 0.354803 1 1 1
0 P_4 98 98 0.253536 0.32065217391304346 0.37929 1 1 1
0 P_4 99 99 0.2258345 0.29081632653061223 0.3511875 1 1 1
0 P_4 100 100 0.231145 0.296875 0.357204 1 1 1
0 P_4 101 101 0.294418 0.3630952380952381 0.416974 1 1 1
0 P_4 102 102 0.0626015 0.10714285714285714 0.167802 1 1 1
0 P_4 103 103 0.265471 0.3247863247863248 0.3769815 1 1 1
0 P_4 104 104 0 0 0 1 1 1
0 P_4 105 105 0.26227 0.32407407407407407 0.3782595 1 1 1
0 P_4 106 106 0.132693 0.18807339449541285 0.2497675 1 1 1
0 P_4 107 107 0.273222 0.33064516129032256 0.380811 1 1 1
0 P_4 108 108 0.232497 0.2903225806451613 0.3445185 1 1 1
0 P_4 109 109 0.2607425 0.325 0.38095 1 1 1
0 P_4 110 110 0 0 0 1 1 1
0 P_4 111 111 0.213597 0.2766990291262136 0.336926 1 1 1
0 P_4 112 112 0 0 0 1 1 1
0 P_4 113 113 0.03194305 0.065 0.11849 1 1 1
0 P_4 114 114 0.1216515 0.17857142857142858 0.243559 1 1 1
0 P_4 115 115 0 0 0 1 1 1
0 P_4 116 116 0.2567415 0.3241758241758242 0.3826155 1 1 1
0 P_4 117 117 0.237895 0.2982456140350877 0.353886 1 1 1
0 P_4 118 118 0 0 0 1 1 1
0 P_4 119 119 0.2473695 0.31382978723404253 0.3727865 1 1 1
0 P_4 120 120 0.2064315 0.2696078431372549 0.330653 1 1 1
0 P_4 121 121 0.2668685 0.33163265306122447 0.3871775 1 1 1
0 P_4 122 122 0.259274 0.31896551724137934 0.3720365 1 1 1
0 P_4 123 123 0.1198755 0.17256637168141592 0.232881 1 1 1
0 P_4 124 124 0.1079905 0.16483516483516483 0.2320065 1 1 1
0 P_4 125 125 0 0 0 1 1 1
0 P_4 126 126 0 0 0 1 1 1
0 P_4 127 127 0.249509 0.3181818181818182 0.3783165 1 1 1
0 P_4 128 128 0.166351 0.23076923076923078 0.29752 1 1 1
0 P_4 129 129 0.139803 0.20108695652173914 0.268242 1 1 1
0 P_4 130 130 0 0 0 1 1 1
0 P_4 131 131 0 0 0 1 1 1
0 P_4 132 132 0.2699345 0.3333333333333333 0.3876765 1 1 1
0 P_4 133 133 0 0 0 1 1 1
0 P_4 134 134 0.284628 0.3522727272727273 0.4071145 1 1 1
0 P_4 135 135 0 0 0 1 1 1
0 P_4 136 136 0.169342 0.23195876288659795 0.2966335 1 1 1
0 P_4 137 137 0.1050295 0.15841584158415842 0.2218485 1 1 1
0 P_4 138 138 0.2542335 0.31958762886597936 0.3770045 1 1 1
0 P_4 139 139 0 0 0 1 1 1
0 P_4 140 140 0.1891125 0.24782608695652175 0.3067505 1 1 1
0 P_4 141 141 0 0 0 1 1 1
0 P_4 142 142 0.209727 0.28125 0.348486 1 1 1
0 P_4 143 143 0 0 0 1 1 1
0 P_4 144 144 0.24150750000000001 0.3072916666666667 0.366475 1 1 1
0 P_4 145 145 0.273306 0.3385416666666667 0.3935785 1 1 1
0 P_4 146 146 0.1232345 0.1891891891891892 0.2641265 1 1 1
0 P_4 147 147 0 0 0 1 1 1
0 P_4 148 148 0.25727 0.3229166666666667 0.3801635 1 1 1
0 P_4 149 149 0.24150750000000001 0.3072916666666667 0.366475 1 1 1
0 P_4 150 150 0.280091 0.3431372549019608 0.3960635 1 1 1
0 P_4 151 151 0.2801935 0.3409090909090909 0.3924395 1 1 1
0 P_4 152 152 0.2520585 0.3231707317073171 0.384481 1 1 1
0 P_4 153 153 0.237474 0.30097087378640774 0.3589795 1 1 1
0 P_4 154 154 0.159637 0.2168141592920354 0.277259 1 1 1
0 P_4 155 155 0 0 0 1 1 1
0 P_4 156 156 0.2699345 0.3333333333333333 0.3876765 1 1 1
0 P_4 157 157 0.2473695 0.31382978723404253 0.3727865 1 1 1
0 P_4 158 158 0.126109 0.1836734693877551 0.248729 1 1 1
0 P_4 159 159 0 0 0 1 1 1
0 P_4 160 160 0 0 0 1 1 1
0 P_4 161 161 0.25727 0.3229166666666667 0.3801635 1 1 1
0 P_4 162 162 0.251157 0.32142857142857145 0.382349 1 1 1
0 P_4 163 163 0 0 0 1 1 1
0 P_4 164 164 0.26227 0.32407407407407407 0.3782595 1 1 1
0 P_4 165 165 0.2856515 0.35106382978723405 0.404599 1 1 1
0 P_4 166 166 0.123763 0.17699115044247787 0.2374075 1 1 1
0 P_4 167 167 0.257672 0.3258426966292135 0.3846185 1 1 1
0 P_4 168 168 0.152993 0.20982142857142858 0.2706405 1 1 1
0 P_4 169 169 0.1985435 0.26785714285714285 0.3348325 1 1 1
0 P_4 170 170 0.270872 0.3333333333333333 0.386988 1 1 1
0 P_4 171 171 0.1479565 0.205607476635514 0.2678665 1 1 1
0 P_4 172 172 0 0 0 1 1 1
0 P_4 173 173 0.2679965 0.32882882882882886 0.381765 1 1 1
0 P_4 174 174 0.246116 0.308411214953271 0.364644 1 1 1
0 P_4 175 175 0 0 0 1 1 1
0 P_4 176 176 0 0 0 1 1 1
0 P_4 177 177 0.1871135 0.25 0.3128865 1 1 1
0 P_4 178 178 0.2132375 0.2789473684210526 0.341288 1 1 1
0 P_4 179 179 0.152577 0.21153846153846154 0.2746035 1 1 1
0 P_4 180 180 0.102013 0.15625 0.221285 1 1 1
0 P_4 181 181 0.2699345 0.3333333333333333 0.3876765 1 1 1
0 P_4 182 182 0 0 0 1 1 1
0 P_4 183 183 0.2414335 0.3037383177570093 0.3604655 1 1 1
0 P_4 184 184 0 0 0 1 1 1
0 P_4 185 185 0.240122 0.3076923076923077 0.3682655 1 1 1
0 P_4 186 186 0 0 0 1 1 1
0 P_4 187 187 0.1548955 0.21296296296296297 0.2748405 1 1 1
0 P_4 188 188 0.2528615 0.3148148148148148 0.370101 1 1 1
0 P_4 189 189 0.2875255 0.3490566037735849 0.400216 1 1 1
0 P_4 190 190 0.2364495 0.2981651376146789 0.35497 1 1 1
0 P_4 191 191 0 0 0 1 1 1
0 P_4 192 192 0.227105 0.29651162790697677 0.3599635 1 1 1
0 P_4 193 193 0 0 0 1 1 1
0 P_4 194 194 0.25274 0.3191489361702128 0.377429 1 1 1
0 P_4 195 195 0 0 0 1 1 1
0 P_4 196 196 0 0 0 1 1 1
0 P_4 197 197 0.24232 0.3058252427184466 0.3633195 1 1 1
0 P_4 198 198 0.262584 0.328125 0.3846665 1 1 1
0 P_4 199 199 0.158669 0.21428571428571427 0.273248 1 1 1
0 P_4 200 200 0.2795385 0.3411214953271028 0.393249 1 1 1
0 P_4 201 201 0 0 0 1 1 1
0 P_4 202 202 0 0 0 1 1 1
0 P_4 203 203 0 0 0 1 1 1
0 P_4 204 204 0 0 0 1 1 1
0 P_4 205 205 0.2550255 0.32105263157894737 0.3788115 1 1 1
0 P_4 206 206 0.234649 0.3021978021978022 0.3634155 1 1 1
0 P_4 207 207 0 0 0 1 1 1
0 P_4 208 208 0 0 0 1 1 1
0 P_4 209 209 0.1269175 0.18681318681318682 0.254372 1 1 1
0 P_4 210 210 0.0930895 0.14673913043478262 0.2127765 1 1 1
0 P_4 211 211 0 0 0 1 1 1
0 P_4 212 212 0.2594745 0.3247422680412371 0.381485 1 1 1
0 P_4 213 213 0 0 0 1 1 1
0 P_4 214 214 0.2157385 0.2833333333333333 0.346842 1 1 1
0 P_4 215 215 0 0 0 1 1 1
0 P_4 216 216 0.2186735 0.2891566265060241 0.3544535 1 1 1
0 P_4 217 217 0.2352235 0.29901960784313725 0.3574875 1 1 1
0 P_4 218 218 0 0 0 1 1 1
0 P_4 219 219 0.2762345 0.336283185840708 0.3878375 1 1 1
0 P_4 220 220 0.2939805 0.3557692307692308 0.40628 1 1 1
0 P_4 221 221 0.1999035 0.2619047619047619 0.3226475 1 1 1
0 P_4 222 222 0 0 0 1 1 1
0 P_4 223 223 0 0 0 1 1 1
0 P_4 224 224 0.2875255 0.3490566037735849 0.400216 1 1 1
0 P_4 225 225 0.1058235 0.16292134831460675 0.2308045 1 1 1
0 P_4 226 226 0 0 0 1 1 1
0 P_4 227 227 0 0 0 1 1 1
0 P_4 228 228 0.243305 0.30808080808080807 0.36636 1 1 1
0 P_4 229 229 0.239614 0.3064516129032258 0.366584 1 1 1
0 P_4 230 230 0.09783 0.14814814814814814 0.2089395 1 1 1
0 P_4 231 231 0 0 0 1 1 1
0 P_4 232 232 0 0 0 1 1 1
0 P_4 233 233 0 0 0 1 1 1
0 P_4 234 234 0 0 0 1 1 1
0 P_4 235 235 0.1258085 0.18055555555555555 0.2424455 1 1 1
0 P_4 236 236 0.2248095 0.2962962962962963 0.361507 1 1 1
0 P_4 237 237 0.116787 0.17613636363636365 0.244735 1 1 1
0 P_4 238 238 0 0 0 1 1 1
0 P_4 239 239 0 0 0 1 1 1
0 P_4 240 240 0 0 0 1 1 1
0 P_4 241 241 0.2825515 0.34210526315789475 0.392669 1 1 1
0 P_4 242 242 0.2328795 0.2916666666666667 0.3465825 1 1 1
0 P_4 243 243 0 0 0 1 1 1
0 P_4 244 244 0.2542205 0.3153153153153153 0.369867 1 1 1
0 P_4 245 245 0.231145 0.296875 0.357204 1 1 1
0 P_4 246 246 0.213503 0.27722772277227725 0.3379645 1 1 1
0 P_4 247 247 0 0 0 1 1 1
0 P_4 248 248 0.255265 0.32386363636363635 0.383213 1 1 1
0 P_4 249 249 0.2561685 0.3169642857142857 0.37111 1 1 1
0 P_4 250 250 0 0 0 1 1 1
0 P_4 251 251 0.2699345 0.3333333333333333 0.3876765 1 1 1
0 P_4 252 252 0.2280405 0.29207920792079206 0.3515005 1 1 1
0 P_4 253 253 0.1871135 0.25 0.3128865 1 1 1
0 P_4 254 254 0.2556535 0.32 0.3765925 1 1 1
0 P_4 255 255 0.097585 0.1534090909090909 0.2213255 1 1 1
0 P_4 256 256 0 0 0 1 1 1
0 P_4 257 257 0.281382 0.345 0.398097 1 1 1
0 P_4 258 258 0.153434 0.21428571428571427 0.279172 1 1 1
0 P_4 259 259 0 0 0 1 1 1
0 P_4 260 260 0.112107 0.16842105263157894 0.234227 1 1 1
0 P_4 261 261 0.1395195 0.19545454545454546 0.256902 1 1 1
0 P_4 262 262 0.2087055 0.2722772277227723 0.333404 1 1 1
0 P_4 263 263 0.240548 0.305 0.363359 1 1 1
0 P_4 264 264 0.106751 0.1588785046728972 0.2204615 1 1 1
0 P_4 265 265 0 0 0 1 1 1
0 P_4 266 266 0 0 0 1 1 1
0 P_4 267 267 0.1703415 0.23404255319148937 0.29962 1 1 1
0 P_4 268 268 0.280091 0.3431372549019608 0.3960635 1 1 1
0 P_4 269 269 0.202032 0.2644230769230769 0.3252755 1 1 1
0 P_4 270 270 0.2711945 0.3368421052631579 0.3923855 1 1 1
0 P_4 271 271 0 0 0 1 1 1
0 P_4 272 272 0.25274 0.3191489361702128 0.377429 1 1 1
0 P_4 273 273 0 0 0 1 1 1
0 P_4 274 274 0.2645095 0.3353658536585366 0.39478799999999997 1 1 1
0 P_4 275 275 0.25274 0.3191489361702128 0.377429 1 1 1
0 P_4 276 276 0.2586105 0.32323232323232326 0.3796635 1 1 1
0 P_4 277 277 0.2623495 0.32967032967032966 0.38733 1 1 1
0 P_4 278 278 0.236312 0.3020833333333333 0.3618535 1 1 1
0 P_4 279 279 0 0 0 1 1 1
0 P_4 280 280 0 0 0 1 1 1
0 P_4 281 281 0.2502325 0.3119266055045872 0.367307 1 1 1
0 P_4 282 282 0.268914 0.3317307692307692 0.38583 1 1 1
0 P_4 283 283 0.2102195 0.2784090909090909 0.3430405 1 1 1
0 P_4 284 284 0.261106 0.3238095238095238 0.3787125 1 1 1
0 P_4 285 285 0.2613405 0.3279569892473118 0.385315 1 1 1
0 P_4 286 286 0 0 0 1 1 1
0 P_4 287 287 0.25626 0.319047619047619 0.3745375 1 1 1
0 P_4 288 288 0.2496985 0.3157894736842105 0.3742245 1 1 1
0 P_4 289 289 0 0 0 1 1 1
0 P_4 290 290 0 0 0 1 1 1
0 P_4 291 291 0 0 0 1 1 1
0 P_4 292 292 0.2542205 0.3153153153153153 0.369867 1 1 1
0 P_4 293 293 0.22824150000000001 0.29292929292929293 0.3528145 1 1 1
0 P_4 294 294 0 0 0 1 1 1
0 P_4 295 295 0.103789 0.15566037735849056 0.2174095 1 1 1
0 P_4 296 296 0.088954 0.14457831325301204 0.2141575 1 1 1
0 P_4 297 297 0.262584 0.328125 0.3846665 1 1 1
0 P_4 298 298 0.209971 0.26956521739130435 0.327265 1 1 1
0 P_4 299 299 0.2425825 0.30978260869565216 0.369808 1 1 1
0 P_4 300 300 0.2427995 0.3069306930693069 0.364815 1 1 1
0 P_4 301 301 0.263768 0.3282828282828283 0.3840425 1 1 1
0 P_4 302 302 0 0 0 1 1 1
0 P_4 303 303 0.0444317 0.08522727272727272 0.146615 1 1 1
0 P_4 304 304 0 0 0 1 1 1
0 P_4 305 305 0 0 0 1 1 1
0 P_4 306 306 0.226612 0.29444444444444445 0.356829 1 1 1
0 P_4 307 307 0 0 0 1 1 1
0 P_4 308 308 0 0 0 1 1 1
0 P_4 309 309 0 0 0 1 1 1
0 P_4 310 310 0 0 0 1 1 1
0 P_4 311 311 0.285714 0.3476190476190476 0.3992095 1 1 1
0 P_4 312 312 0.2301375 0.2932692307692308 0.351785 1 1 1
0 P_4 313 313 0.220895 0.2864583333333333 0.347821 1 1 1
0 P_4 314 314 0.230143 0.3 0.3633835 1 1 1
0 P_4 315 315 0.2949545 0.3602150537634409 0.4123915 1 1 1
0 P_4 316 316 0.2577885 0.3217821782178218 0.3779 1 1 1
0 P_4 317 317 0.105212 0.16463414634146342 0.2354905 1 1 1
0 P_4 318 318 0.2679395 0.330188679245283 0.3840405 1 1 1
0 P_4 319 319 0 0 0 1 1 1
0 P_4 320 320 0 0 0 1 1 1
0 P_4 321 321 0 0 0 1 1 1
0 P_4 322 322 0.142796 0.203125 0.268855 1 1 1
0 P_4 323 323 0 0 0 1 1 1
0 P_4 324 324 0.2719205 0.33495145631067963 0.388837 1 1 1
0 P_4 325 325 0 0 0 1 1 1
0 P_4 326 326 0 0 0 1 1 1
0 P_4 327 327 0.2367205 0.30319148936170215 0.363409 1 1 1
0 P_4 328 328 0.108028 0.16875 0.2406145 1 1 1
0 P_4 329 329 0.127685 0.19135802469135801 0.26298 1 1 1
0 P_4 330 330 0.2461285 0.3112244897959184 0.369405 1 1 1
0 P_4 331 331 0.2761785 0.34 0.393854 1 1 1
0 P_4 332 332 0.1317965 0.1853448275862069 0.2451 1 1 1
0 P_4 333 333 0.19535 0.2571428571428571 0.3181805 1 1 1
0 P_4 334 334 0.03975625 0.07653061224489796 0.1328535 1 1 1
0 P_4 335 335 0.255265 0.32386363636363635 0.383213 1 1 1
0 P_4 336 336 0.243305 0.30808080808080807 0.36636 1 1 1
0 P_4 337 337 0.246116 0.308411214953271 0.364644 1 1 1
0 P_4 338 338 0 0 0 1 1 1
0 P_4 339 339 0 0 0 1 1 1
0 P_4 340 340 0.2786745 0.3465909090909091 0.402415 1 1 1
0 P_4 341 341 0.2157335 0.2857142857142857 0.3510185 1 1 1
0 P_4 342 342 0.25274 0.3191489361702128 0.377429 1 1 1
0 P_4 343 343 0 0 0 1 1 1
0 P_4 344 344 0 0 0 1 1 1
0 P_4 345 345 0.252766 0.31683168316831684 0.3735645 1 1 1
0 P_4 346 346 0.1488125 0.20918367346938777 0.2741655 1 1 1
0 P_4 347 347 0 0 0 1 1 1
0 P_4 348 348 0 0 0 1 1 1
0 P_4 349 349 0.260414 0.3356164383561644 0.398011 1 1 1
0 P_4 350 350 0 0 0 1 1 1
0 P_4 351 351 0.0975905 0.15476190476190477 0.2243985 1 1 1
0 P_4 352 352 0 0 0 1 1 1
0 P_4 353 353 0 0 0 1 1 1
0 P_4 354 354 0.230365 0.29411764705882354 0.35307500000000003 1 1 1
0 P_4 355 355 0.269424 0.3392857142857143 0.3974605 1 1 1
0 P_4 356 356 0 0 0 1 1 1
0 P_4 357 357 0.2487475 0.3113207547169811 0.3674715 1 1 1
0 P_4 358 358 0 0 0 1 1 1
0 P_4 359 359 0.256441 0.32142857142857145 0.3783485 1 1 1
0 P_4 360 360 0 0 0 1 1 1
0 P_4 361 361 0.074003 0.1201923076923077 0.180218 1 1 1
0 P_4 362 362 0.107887 0.15702479338842976 0.2147295 1 1 1
0 P_4 363 363 0.2681215 0.3372093023255814 0.3951355 1 1 1
0 P_4 364 364 0.2603835 0.3263157894736842 0.383368 1 1 1
0 P_4 365 365 0.28074 0.34285714285714286 0.395162 1 1 1
0 P_4 366 366 0.231145 0.296875 0.357204 1 1 1
0 P_4 367 367 0.169528 0.2264957264957265 0.2857015 1 1 1
0 P_4 368 368 0.2340365 0.29545454545454547 0.352279 1 1 1
0 P_4 369 369 0.1018175 0.15384615384615385 0.216129 1 1 1
0 P_4 370 370 0.226401 0.28346456692913385 0.337585 1 1 1
0 P_4 371 371 0 0 0 1 1 1
0 P_4 372 372 0.1464785 0.2037037037037037 0.2656915 1 1 1
0 P_4 373 373 0 0 0 1 1 1
0 P_4 374 374 0.2598875 0.3235294117647059 0.37918 1 1 1
0 P_4 375 375 0 0 0 1 1 1
0 P_4 376 376 0 0 0 1 1 1
0 P_4 377 377 0 0 0 1 1 1
0 P_4 378 378 0.2371545 0.30434782608695654 0.3650185 1 1 1
0 P_4 379 379 0.158712 0.22105263157894736 0.2867625 1 1 1
0 P_4 380 380 0.282736 0.3469387755102041 0.4001955 1 1 1
0 P_4 381 381 0 0 0 1 1 1
0 P_4 382 382 0 0 0 1 1 1
0 P_4 383 383 0.1591365 0.21551724137931033 0.275209 1 1 1
0 P_4 384 384 0.276945 0.33980582524271846 0.392999 1 1 1
0 P_4 385 385 0 0 0 1 1 1
0 P_4 386 386 0 0 0 1 1 1
0 P_4 387 387 0.290715 0.3523809523809524 0.40323 1 1 1
0 P_4 388 388 0.275793 0.3380952380952381 0.391088 1 1 1
0 P_4 389 389 0.2937275 0.3564356435643564 0.40747 1 1 1
0 P_4 390 390 0 0 0 1 1 1
0 P_4 391 391 0 0 0 1 1 1
0 P_4 392 392 0.286141 0.35051546391752575 0.4034285 1 1 1
0 P_4 393 393 0.050942 0.09183673469387756 0.1505675 1 1 1
0 P_4 394 394 0.0932665 0.1415929203539823 0.2005895 1 1 1
0 P_4 395 395 0.2236485 0.2903225806451613 0.3522065 1 1 1
0 P_4 396 396 0 0 0 1 1 1
0 P_4 397 397 0.2761785 0.34 0.393854 1 1 1
0 P_4 398 398 0.247191 0.3106796116504854 0.367635 1 1 1
0 P_4 399 399 0.5 0.5 0.5 1 1 1
0 P_4 400 400 0.1171375 0.17142857142857143 0.2340235 1 1 1
0 P_4 401 401 0.245628 0.3131868131868132 0.3730825 1 1 1
0 P_4 402 402 0 0 0 1 1 1
0 P_4 403 403 0 0 0 1 1 1
0 P_4 404 404 0.1459235 0.2125 0.284221 1 1 1
0 P_4 405 405 0.2391895 0.30952380952380953 0.3720645 1 1 1
0 P_4 406 406 0.250413 0.3172043010752688 0.3760135 1 1 1
0 P_4 407 407 0.2427995 0.3069306930693069 0.364815 1 1 1
0 P_4 408 408 0.252086 0.3155339805825243 0.371926 1 1 1
0 P_4 409 409 0 0 0 1 1 1
0 P_4 410 410 0.2410225 0.30275229357798167 0.3591035 1 1 1
0 P_4 411 411 0.13364 0.1919191919191919 0.256695 1 1 1
0 P_4 412 412 0.138178 0.1989247311827957 0.265738 1 1 1
0 P_4 413 413 0.2280405 0.29207920792079206 0.3515005 1 1 1
0 P_4 414 414 0.270203 0.34459459459459457 0.405018 1 1 1
0 P_4 415 415 0 0 0 1 1 1
0 P_4 416 416 0.265726 0.3333333333333333 0.3907285 1 1 1
0 P_4 417 417 0.226006 0.2916666666666667 0.3525265 1 1 1
0 P_4 418 418 0.2438385 0.30927835051546393 0.3679565 1 1 1
0 P_4 419 419 0 0 0 1 1 1
0 P_4 420 420 0.111153 0.17058823529411765 0.2403025 1 1 1
0 P_4 421 421 0.110411 0.16216216216216217 0.222711 1 1 1
0 P_4 422 422 0 0 0 1 1 1
0 P_4 423 423 0 0 0 1 1 1
0 P_4 424 424 0 0 0 1 1 1
0 P_4 425 425 0.2595285 0.3211009174311927 0.375425 1 1 1
0 P_4 426 426 0.14361 0.2 0.261443 1 1 1
0 P_4 427 427 0.2427995 0.3069306930693069 0.364815 1 1 1
0 P_4 428 428 0.2382175 0.29910714285714285 0.3551195 1 1 1
0 P_4 429 429 0.2537065 0.3235294117647059 0.3838345 1 1 1
0 P_4 430 430 0.2238 0.29120879120879123 0.3536195 1 1 1
0 P_4 431 431 0 0 0 1 1 1
0 P_4 432 432 0.2594745 0.3247422680412371 0.381485 1 1 1
0 P_4 433 433 0.275018 0.3333333333333333 0.3839075 1 1 1
0 P_4 434 434 0.2427995 0.3069306930693069 0.364815 1 1 1
0 P_4 435 435 0.2157565 0.2826086956521739 0.345547 1 1 1
0 P_4 436 436 0.2658595 0.33 0.3852795 1 1 1
0 P_4 437 437 0 0 0 1 1 1
0 P_4 438 438 0.2772245 0.34444444444444444 0.400092 1 1 1
0 P_4 439 439 0 0 0 1 1 1
0 P_4 440 440 0.2753795 0.3402061855670103 0.3947455 1 1 1
0 P_4 441 441 0 0 0 1 1 1
0 P_4 442 442 0.2518945 0.31092436974789917 0.364248 1 1 1
0 P_4 443 443 0.105372 0.15517241379310345 0.214074 1 1 1
0 P_4 444 444 0.288879 0.35555555555555557 0.4093005 1 1 1
0 P_4 445 445 0.263981 0.3269230769230769 0.3816605 1 1 1
0 P_4 446 446 0.2561445 0.31512605042016806 0.368008 1 1 1
0 P_4 447 447 0 0 0 1 1 1
0 P_4 448 448 0 0 0 1 1 1
0 P_4 449 449 0 0 0 1 1 1
0 P_4 450 450 0 0 0 1 1 1
0 P_4 451 451 0 0 0 1 1 1
0 P_4 452 452 0.1350405 0.19473684210526315 0.2608645 1 1 1
0 P_4 453 453 0.04869985 0.08947368421052632 0.148896 1 1 1
0 P_4 454 454 0.1458275 0.20618556701030927 0.271542 1 1 1
0 P_4 455 455 0.2276785 0.2904761904761905 0.3489955 1 1 1
0 P_4 456 456 0.240122 0.3076923076923077 0.3682655 1 1 1
0 P_4 457 457 0 0 0 1 1 1
0 P_4 458 458 0.2294975 0.29775280898876405 0.360092 1 1 1
0 P_4 459 459 0 0 0 1 1 1
0 P_4 460 460 0 0 0 1 1 1
0 P_4 461 461 0.130999 0.1875 0.250668 1 1 1
0 P_4 462 462 0.14209 0.19658119658119658 0.2561585 1 1 1
0 P_4 463 463 0.273873 0.33653846153846156 0.389974 1 1 1
0 P_4 464 464 0.1221795 0.17567567567567569 0.236617 1 1 1
0 P_4 465 465 0.2679935 0.33516483516483514 0.3920095 1 1 1
0 P_4 466 466 0.098778 0.15517241379310345 0.2235695 1 1 1
0 P_4 467 467 0.286616 0.35 0.40231 1 1 1
0 P_4 468 468 0.265802 0.3375 0.397199 1 1 1
0 P_4 469 469 0 0 0 1 1 1
0 P_4 470 470 0 0 0 1 1 1
0 P_4 471 471 0.248755 0.31666666666666665 0.3764075 1 1 1
0 P_4 472 472 0.2607065 0.32142857142857145 0.375057 1 1 1
0 P_4 473 473 0.2753795 0.3402061855670103 0.3947455 1 1 1
0 P_4 474 474 0.247153 0.3080357142857143 0.3631545 1 1 1
0 P_4 475 475 0.2548695 0.3165137614678899 0.371377 1 1 1
0 P_4 476 476 0.228458 0.29381443298969073 0.3541725 1 1 1
0 P_4 477 477 0 0 0 1 1 1
0 P_4 478 478 0.2427995 0.3069306930693069 0.364815 1 1 1
0 P_4 479 479 0.239614 0.3064516129032258 0.366584 1 1 1
0 P_4 480 480 0.239291 0.3018867924528302 0.359048 1 1 1
0 P_4 481 481 0.2391355 0.30526315789473685 0.3649595 1 1 1
0 P_4 482 482 0.257672 0.3258426966292135 0.3846185 1 1 1
0 P_4 483 483 0 0 0 1 1 1
0 P_4 484 484 0.250821 0.3130841121495327 0.3687995 1 1 1
0 P_4 485 485 0.055967 0.09895833333333333 0.159327 1 1 1
0 P_4 486 486 0.164372 0.22826086956521738 0.294759 1 1 1
0 P_4 487 487 0.1732525 0.23684210526315788 0.301963 1 1 1
0 P_4 488 488 0.216347 0.27586206896551724 0.332894 1 1 1
0 P_4 489 489 0.2248095 0.2962962962962963 0.361507 1 1 1
0 P_4 490 490 0.252766 0.31683168316831684 0.3735645 1 1 1
0 P_4 491 491 0 0 0 1 1 1
0 P_4 492 492 0 0 0 1 1 1
0 P_4 493 493 0.236143 0.2972972972972973 0.353713 1 1 1
0 P_4 494 494 0.2158885 0.28 0.3407875 1 1 1
0 P_4 495 495 0 0 0 1 1 1
0 P_4 496 496 0 0 0 1 1 1
0 P_4 497 497 0.249332 0.3125 0.369001 1 1 1
0 P_4 498 498 0.254376 0.32222222222222224 0.381217 1 1 1
0 P_4 499 499 0.2658595 0.33 0.3852795 1 1 1
0 P_4 500 500 0.2157285 0.2840909090909091 0.3481835 1 1 1
0 P_4 501 501 0.277927 0.34705882352941175 0.40363 1 1 1
0 P_4 502 502 0 0 0 1 1 1
0 P_4 503 503 0.1299925 0.19101123595505617 0.259338 1 1 1
0 P_4 504 504 0 0 0 1 1 1
0 P_4 505 505 0.2132375 0.2789473684210526 0.341288 1 1 1
0 P_4 506 506 0.1368455 0.19196428571428573 0.252847 1 1 1
0 P_4 507 507 0.0988465 0.14864864864864866 0.2086005 1 1 1
0 P_4 508 508 0 0 0 1 1 1
0 P_4 509 509 0 0 0 1 1 1
0 P_4 510 510 0 0 0 1 1 1
0 P_4 511 511 0.2273645 0.2889908256880734 0.3466415 1 1 1
0 P_4 512 512 0 0 0 1 1 1
0 P_4 513 513 0 0 0 1 1 1
0 P_4 514 514 0.2286905 0.29473684210526313 0.3555765 1 1 1
0 P_4 515 515 0 0 0 1 1 1
0 P_4 516 516 0.252811 0.3218390804597701 0.3817725 1 1 1
0 P_4 517 517 0 0 0 1 1 1
0 P_4 518 518 0 0 0 1 1 1
0 P_4 519 519 0.114685 0.17204301075268819 0.2386595 1 1 1
0 P_4 520 520 0 0 0 1 1 1
0 P_4 521 521 0.119567 0.17475728155339806 0.2380485 1 1 1
0 P_4 522 522 0.2587915 0.31981981981981983 0.373854 1 1 1
0 P_4 523 523 0.2736395 0.3348623853211009 0.387435 1 1 1
0 P_4 524 524 0.220679 0.28365384615384615 0.3430385 1 1 1
0 P_4 525 525 0.275015 0.34269662921348315 0.3988975 1 1 1
0 P_4 526 526 0 0 0 1 1 1
0 P_4 527 527 0.2263935 0.29347826086956524 0.3553445 1 1 1
0 P_4 528 528 0.225531 0.28921568627450983 0.348638 1 1 1
0 P_4 529 529 0.2567415 0.3291139240506329 0.390506 1 1 1
0 P_4 530 530 0.2427995 0.3069306930693069 0.364815 1 1 1
0 P_4 531 531 0.2717705 0.3333333333333333 0.386326 1 1 1
0 P_4 532 532 0.2590625 0.32608695652173914 0.383981 1 1 1
0 P_4 533 533 0.263577 0.32978723404255317 0.386619 1 1 1
0 P_4 534 534 0.294768 0.3611111111111111 0.413843 1 1 1
0 P_4 535 535 0 0 0 1 1 1
0 P_4 536 536 0.264697 0.3235294117647059 0.3754755 1 1 1
0 P_4 537 537 0 0 0 1 1 1
0 P_4 538 538 0.1366105 0.1958762886597938 0.261316 1 1 1
0 P_4 539 539 0 0 0 1 1 1
0 P_4 540 540 0.2942315 0.35514018691588783 0.4051405 1 1 1
0 P_4 541 541 0.2183245 0.28217821782178215 0.342501 1 1 1
0 P_4 542 542 0 0 0 1 1 1
0 P_4 543 543 0 0 0 1 1 1
0 P_4 544 544 0.2858425 0.35542168674698793 0.411046 1 1 1
0 P_4 545 545 0.270726 0.32916666666666666 0.380253 1 1 1
0 P_4 546 546 0.311007 0.37142857142857144 0.4190235 1 1 1
0 P_4 547 547 0 0 0 1 1 1
0 P_4 548 548 0 0 0 1 1 1
0 P_4 549 549 0.2537065 0.3235294117647059 0.3838345 1 1 1
0 P_4 550 550 0.238684 0.30412371134020616 0.3633895 1 1 1
0 P_4 551 551 0 0 0 1 1 1
0 P_4 552 552 0.0525515 0.09313725490196079 0.1507465 1 1 1
0 P_4 553 553 0 0 0 1 1 1
0 P_4 554 554 0.2766495 0.34210526315789475 0.396845 1 1 1
0 P_4 555 555 0.2719205 0.33495145631067963 0.388837 1 1 1
0 P_4 556 556 0.120066 0.17452830188679244 0.236894 1 1 1
0 P_4 557 557 0.263768 0.3282828282828283 0.3840425 1 1 1
0 P_4 558 558 0.1453845 0.20388349514563106 0.2673485 1 1 1
0 P_4 559 559 0.2420295 0.30851063829787234 0.368113 1 1 1
0 P_4 560 560 0.190429 0.25 0.309571 1 1 1
0 P_4 561 561 0.2371545 0.30434782608695654 0.3650185 1 1 1
0 P_4 562 562 0.2679965 0.32882882882882886 0.381765 1 1 1
0 P_4 563 563 0.240548 0.305 0.363359 1 1 1
0 P_4 564 564 0.149772 0.2087378640776699 0.27214699999999997 1 1 1
0 P_4 565 565 0.183084 0.24736842105263157 0.311959 1 1 1
0 P_4 566 566 0.225531 0.28921568627450983 0.348638 1 1 1
0 P_4 567 567 0.302538 0.36597938144329895 0.4161985 1 1 1
0 P_4 568 568 0 0 0 1 1 1
0 P_4 569 569 0.151362 0.2107843137254902 0.274469 1 1 1
0 P_4 570 570 0.232935 0.297029702970297 0.3559635 1 1 1
0 P_4 571 571 0.250821 0.3130841121495327 0.3687995 1 1 1
0 P_4 572 572 0.1159575 0.1717171717171717 0.236232 1 1 1
0 P_4 573 573 0.2642095 0.3256880733944954 0.379451 1 1 1
0 P_4 574 574 0.2679145 0.3316831683168317 0.3864905 1 1 1
0 P_4 575 575 0.234262 0.3010752688172043 0.361822 1 1 1
0 P_4 576 576 0.2229945 0.2857142857142857 0.344659 1 1 1
0 P_4 577 577 0 0 0 1 1 1
0 P_4 578 578 0.1603075 0.22058823529411764 0.284066 1 1 1
0 P_4 579 579 0.11905 0.175 0.2392575 1 1 1
0 P_4 580 580 0 0 0 1 1 1
0 P_4 581 581 0.249332 0.3125 0.369001 1 1 1
0 P_4 582 582 0.1171375 0.17142857142857143 0.2340235 1 1 1
0 P_4 583 583 0 0 0 1 1 1
0 P_4 584 584 0.1425125 0.20098039215686275 0.2647765 1 1 1
0 P_4 585 585 0.237474 0.30097087378640774 0.3589795 1 1 1
0 P_4 586 586 0 0 0 1 1 1
0 P_4 587 587 0.24150750000000001 0.3072916666666667 0.366475 1 1 1
0 P_4 588 588 0 0 0 1 1 1
0 P_4 589 589 0.295947 0.35648148148148145 0.4060675 1 1 1
0 P_4 590 590 0.213597 0.2766990291262136 0.336926 1 1 1
0 P_4 591 591 0.250413 0.3172043010752688 0.3760135 1 1 1
0 P_4 592 592 0.2207205 0.28431372549019607 0.344177 1 1 1
0 P_4 593 593 0.232385 0.29523809523809524 0.3533095 1 1 1
0 P_4 594 594 0.3074125 0.3669724770642202 0.4146135 1 1 1
0 P_4 595 595 0 0 0 1 1 1
0 P_4 596 596 0.112107 0.16842105263157894 0.234227 1 1 1
0 P_4 597 597 0.2183255 0.2815533980582524 0.3413835 1 1 1
0 P_4 598 598 0 0 0 1 1 1
0 P_4 599 599 0.1314005 0.18636363636363637 0.2477575 1 1 1
0 P_4 600 600 0.218436 0.2782608695652174 0.3353495 1 1 1
0 P_4 601 601 0.249946 0.3137254901960784 0.370579 1 1 1
0 P_4 602 602 0.127792 0.185 0.2494085 1 1 1
0 P_4 603 603 0 0 0 1 1 1
0 P_4 604 604 0.2438385 0.30927835051546393 0.3679565 1 1 1
0 P_4 605 605 0.161369 0.22115384615384615 0.2840165 1 1 1
0 P_4 606 606 0.1408535 0.19642857142857142 0.2573245 1 1 1
0 P_4 607 607 0.2367725 0.29906542056074764 0.3562655 1 1 1
0 P_4 608 608 0.127714 0.17857142857142858 0.235758 1 1 1
0 P_4 609 609 0.244498 0.3076923076923077 0.3647325 1 1 1
0 P_4 610 610 0.253481 0.3181818181818182 0.3752565 1 1 1
0 P_4 611 611 0.2598875 0.3235294117647059 0.37918 1 1 1
0 P_4 612 612 0.1563455 0.21717171717171718 0.2816705 1 1 1
0 P_4 613 613 0 0 0 1 1 1
0 P_4 614 614 0.240122 0.3076923076923077 0.3682655 1 1 1
0 P_4 615 615 0.2594745 0.3247422680412371 0.381485 1 1 1
0 P_4 616 616 0.2227935 0.28378378378378377 0.3413895 1 1 1
0 P_4 617 617 0.2776815 0.33962264150943394 0.3921795 1 1 1
0 P_4 618 618 0.243305 0.30808080808080807 0.36636 1 1 1
0 P_4 619 619 0.261106 0.3238095238095238 0.3787125 1 1 1
0 P_4 620 620 0.1212875 0.1761904761904762 0.238894 1 1 1
0 P_4 621 621 0.2183245 0.28217821782178215 0.342501 1 1 1
0 P_4 622 622 0.273228 0.3433734939759036 0.4011575 1 1 1
0 P_4 623 623 0.2586015 0.3177966101694915 0.37059 1 1 1
0 P_4 624 624 0.2251595 0.28703703703703703 0.3451045 1 1 1
0 P_4 625 625 0 0 0 1 1 1
0 P_4 626 626 0 0 0 1 1 1
0 P_4 627 627 0.204236 0.27380952380952384 0.3402655 1 1 1
0 P_4 628 628 0.2766495 0.34210526315789475 0.396845 1 1 1
0 P_4 629 629 0.1133055 0.1724137931034483 0.241344 1 1 1
0 P_4 630 630 0 0 0 1 1 1
0 P_4 631 631 0 0 0 1 1 1
0 P_4 632 632 0.090403 0.14534883720930233 0.213686 1 1 1
0 P_4 633 633 0 0 0 1 1 1
0 P_4 634 634 0.1434 0.20689655172413793 0.275851 1 1 1
0 P_4 635 635 0.2455565 0.31 0.3677965 1 1 1
0 P_4 636 636 0.2581425 0.324468085106383 0.38204 1 1 1
0 P_4 637 637 0 0 0 1 1 1
0 P_4 638 638 0.2268575 0.2863247863247863 0.3423335 1 1 1
0 P_4 639 639 0.13376 0.19117647058823528 0.2549865 1 1 1
0 P_4 640 640 0 0 0 1 1 1
0 P_4 641 641 0.2690865 0.34507042253521125 0.4064545 1 1 1
0 P_4 642 642 0.2399065 0.3 0.3552525 1 1 1
0 P_4 643 643 0.257006 0.32038834951456313 0.3761925 1 1 1
0 P_4 644 644 0.249946 0.3137254901960784 0.370579 1 1 1
0 P_4 645 645 0 0 0 1 1 1
0 P_4 646 646 0.220972 0.2872340425531915 0.3491185 1 1 1
0 P_4 647 647 0.2399065 0.3 0.3552525 1 1 1
0 P_4 648 648 0.2490215 0.31443298969072164 0.372495 1 1 1
0 P_4 649 649 0.262916 0.3220338983050847 0.37435 1 1 1
0 P_4 650 650 0 0 0 1 1 1
0 P_4 651 651 0 0 0 1 1 1
0 P_4 652 652 0 0 0 1 1 1
0 P_4 653 653 0 0 0 1 1 1
0 P_4 654 654 0.1569595 0.2215909090909091 0.2897805 1 1 1
0 P_4 655 655 0 0 0 1 1 1
0 P_4 656 656 0.297037 0.36082474226804123 0.411977 1 1 1
0 P_4 657 657 0 0 0 1 1 1
0 P_4 658 658 0 0 0 1 1 1
0 P_4 659 659 0.272762 0.3409090909090909 0.397674 1 1 1
0 P_4 660 660 0.2776815 0.33962264150943394 0.3921795 1 1 1
0 P_4 661 661 0.2749985 0.3382352941176471 0.3918835 1 1 1
0 P_4 662 662 0 0 0 1 1 1
0 P_4 663 663 0 0 0 1 1 1
0 P_4 664 664 0 0 0 1 1 1
0 P_4 665 665 0.1893825 0.25 0.3106175 1 1 1
0 P_4 666 666 0.22077 0.285 0.345352 1 1 1
0 P_4 667 667 0.2090745 0.2714285714285714 0.3315175 1 1 1
0 P_4 668 668 0.2607425 0.325 0.38095 1 1 1
0 P_4 669 669 0.257672 0.3258426966292135 0.3846185 1 1 1
0 P_4 670 670 0.2330865 0.2923728813559322 0.347658 1 1 1
0 P_4 671 671 0.304162 0.3644859813084112 0.4129335 1 1 1
0 P_4 672 672 0.1609635 0.2222222222222222 0.2865885 1 1 1
0 P_4 673 673 0.245153 0.31547619047619047 0.377227 1 1 1
0 P_4 674 674 0.186616 0.25609756097560976 0.324762 1 1 1
0 P_4 675 675 0.2414335 0.3037383177570093 0.3604655 1 1 1
0 P_4 676 676 0.230143 0.3 0.3633835 1 1 1
0 P_4 677 677 0.1183395 0.17307692307692307 0.236019 1 1 1
0 P_4 678 678 0.2562055 0.32558139534883723 0.38528250000000003 1 1 1
0 P_4 679 679 0 0 0 1 1 1
0 P_4 680 680 0.244008 0.30660377358490565 0.363271 1 1 1
0 P_4 681 681 0.2717705 0.3333333333333333 0.386326 1 1 1
0 P_4 682 682 0.230734 0.2892561983471074 0.34416 1 1 1
0 P_4 683 683 0.2679935 0.33516483516483514 0.3920095 1 1 1
0 P_4 684 684 0.151532 0.2079646017699115 0.268537 1 1 1
0 P_4 685 685 0.128074 0.18446601941747573 0.247914 1 1 1
0 P_4 686 686 0.244008 0.30660377358490565 0.363271 1 1 1
0 P_4 687 687 0 0 0 1 1 1
0 P_4 688 688 0 0 0 1 1 1
0 P_4 689 689 0.24766 0.3090909090909091 0.3645505 1 1 1
0 P_4 690 690 0.2027805 0.26881720430107525 0.3326185 1 1 1
0 P_4 691 691 0 0 0 1 1 1
0 P_4 692 692 0 0 0 1 1 1
0 P_4 693 693 0.2510855 0.31140350877192985 0.365727 1 1 1
0 P_4 694 694 0.3006945 0.3645833333333333 0.415278 1 1 1
0 P_4 695 695 0.158933 0.22413793103448276 0.292618 1 1 1
0 P_4 696 696 0.0899815 0.14210526315789473 0.2067795 1 1 1
0 P_4 697 697 0 0 0 1 1 1
0 P_4 698 698 0.2642095 0.3256880733944954 0.379451 1 1 1
0 P_4 699 699 0.13965 0.1989795918367347 0.2640725 1 1 1
0 P_4 700 700 0 0 0 1 1 1
0 P_4 701 701 0.0930895 0.14673913043478262 0.2127765 1 1 1
0 P_4 702 702 0 0 0 1 1 1
0 P_4 703 703 0 0 0 1 1 1
0 P_4 704 704 0 0 0 1 1 1
0 P_4 705 705 0.181689 0.25 0.318311 1 1 1
0 P_4 706 706 0.283658 0.3416666666666667 0.391161 1 1 1
0 P_4 707 707 0.250821 0.3130841121495327 0.3687995 1 1 1
0 P_4 708 708 0 0 0 1 1 1
0 P_4 709 709 0.261504 0.319672131147541 0.3714705 1 1 1
0 P_4 710 710 0.241846 0.31176470588235294 0.3736875 1 1 1
0 P_4 711 711 0.2438415 0.3034188034188034 0.35791 1 1 1
1 P_9 0 0 0.5 0.5 0.5 1 1 1
1 P_9 1 1 0 0 0 1 1 1
1 P_9 2 2 0.5 0.5 0.5 1 1 1
1 P_9 3 3 0.5 0.5 0.5 1 1 1
1 P_9 4 4 0.5 0.5 0.5 1 1 1
1 P_9 5 5 0 0 0 1 1 1
1 P_9 6 6 0.5 0.5 0.5 1 1 1
1 P_9 7 7 0.5 0.5 0.5 1 1 1
1 P_9 8 8 0.5 0.5 0.5 1 1 1
1 P_9 9 9 0 0 0 1 1 1
1 P_9 10 10 0.5 0.5 0.5 1 1 1
1 P_9 11 11 0.5 0.5 0.5 1 1 1
1 P_9 12 12 0.5 0.5 0.5 1 1 1
1 P_9 13 13 0.5 0.5 0.5 1 1 1
1 P_9 14 14 0 0 0 1 1 1
1 P_9 15 15 0.5 0.5 0.5 1 1 1
1 P_9 16 16 0 0 0 1 1 1
1 P_9 17 17 0 0 0 1 1 1
1 P_9 18 18 0.5 0.5 0.5 1 1 1
1 P_9 19 19 0 0 0 1 1 1
1 P_9 20 20 0 0 0 1 1 1
1 P_9 21 21 0.5 0.5 0.5 1 1 1
1 P_9 22 22 0.5 0.5 0.5 1 1 1
1 P_9 23 23 0.5 0.5 0.5 1 1 1
1 P_9 24 24 0.5 0.5 0.5 1 1 1
1 P_9 25 25 0 0 0 1 1 1
1 P_9 26 26 0 0 0 1 1 1
1 P_9 27 27 0.5 0.5 0.5 1 1 1
1 P_9 28 28 0 0 0 1 1 1
1 P_9 29 29 0 0 0 1 1 1
1 P_9 30 30 0.5 0.5 0.5 1 1 1
1 P_9 31 31 0 0 0 1 1 1
1 P_9 32 32 0.5 0.5 0.5 1 1 1
1 P_9 33 33 0 0 0 1 1 1
1 P_9 34 34 0.5 0.5 0.5 1 1 1
1 P_9 35 35 0.5 0.5 0.5 1 1 1
1 P_9 36 36 0 0 0 1 1 1
1 P_9 37 37 0.5 0.5 0.5 1 1 1
1 P_9 38 38 0 0 0 1 1 1
1 P_9 39 39 0 0 0 1 1 1
1 P_9 40 40 0 0 0 1 1 1
1 P_9 41 41 0 0 0 1 1 1
1 P_9 42 42 0 0 0 1 1 1
1 P_9 43 43 0 0 0 1 1 1
1 P_9 44 44 0 0 0 1 1 1
1 P_9 45 45 0.5 0.5 0.5 1 1 1
1 P_9 46 46 0 0 0 1 1 1
1 P_9 47 47 0.5 0.5 0.5 1 1 1
1 P_9 48 48 0 0 0 1 1 1
1 P_9 49 49 0.5 0.5 0.5 1 1 1
1 P_9 50 50 0 0 0 1 1 1
1 P_9 51 51 0 0 0 1 1 1
1 P_9 52 52 0 0 0 1 1 1
1 P_9 53 53 0 0 0 1 1 1
1 P_9 54 54 0 0 0 1 1 1
1 P_9 55 55 0 0 0 1 1 1
1 P_9 56 56 0.5 0.5 0.5 1 1 1
1 P_9 57 57 0.5 0.5 0.5 1 1 1
1 P_9 58 58 0 0 0 1 1 1
1 P_9 59 59 0.5 0.5 0.5 1 1 1
1 P_9 60 60 0 0 0 1 1 1
1 P_9 61 61 0.5 0.5 0.5 1 1 1
1 P_9 62 62 0.5 0.5 0.5 1 1 1
1 P_9 63 63 0 0 0 1 1 1
1 P_9 64 64 0 0 0 1 1 1
1 P_9 65 65 0.5 0.5 0.5 1 1 1
1 P_9 66 66 0 0 0 1 1 1
1 P_9 67 67 0 0 0 1 1 1
1 P_9 68 68 0 0 0 1 1 1
1 P_9 69 69 0.5 0.5 0.5 1 1 1
1 P_9 70 70 0 0 0 1 1 1
1 P_9 71 71 0.5 0.5 0.5 1 1 1
1 P_9 72 72 0.5 0.5 0.5 1 1 1
1 P_9 73 73 0.5 0.5 0.5 1 1 1
1 P_9 74 74 0.5 0.5 0.5 1 1 1
1 P_9 75 75 0 0 0 1 1 1
1 P_9 76 76 0.5 0.5 0.5 1 1 1
1 P_9 77 77 0.5 0.5 0.5 1 1 1
1 P_9 78 78 0 0 0 1 1 1
1 P_9 79 79 0.5 0.5 0.5 1 1 1
1 P_9 80 80 0.5 0.5 0.5 1 1 1
1 P_9 81 81 0.5 0.5 0.5 1 1 1
1 P_9 82 82 0 0 0 1 1 1
1 P_9 83 83 0.5 0.5 0.5 1 1 1
1 P_9 84 84 0.5 0.5 0.5 1 1 1
1 P_9 85 85 0.5 0.5 0.5 1 1 1
1 P_9 86 86 0 0 0 1 1 1
1 P_9 87 87 0.5 0.5 0.5 1 1 1
1 P_9 88 88 0 0 0 1 1 1
1 P_9 89 89 0.5 0.5 0.5 1 1 1
1 P_9 90 90 0.5 0.5 0.5 1 1 1
1 P_9 91 91 0.5 0.5 0.5 1 1 1
1 P_9 92 92 0 0 0 1 1 1
1 P_9 93 93 0.5 0.5 0.5 1 1 1
1 P_9 94 94 0 0 0 1 1 1
1 P_9 95 95 0 0 0 1 1 1
1 P_9 96 96 0 0 0 1 1 1
1 P_9 97 97 0.5 0.5 0.5 1 1 1
1 P_9 98 98 0.5 0.5 0.5 1 1 1
1 P_9 99 99 0.5 0.5 0.5 1 1 1
1 P_9 100 100 0.5 0.5 0.5 1 1 1
1 P_9 101 101 0.5 0.5 0.5 1 1 1
1 P_9 102 102 0.5 0.5 0.5 1 1 1
1 P_9 103 103 0.5 0.5 0.5 1 1 1
1 P_9 104 104 0 0 0 1 1 1
1 P_9 105 105 0.5 0.5 0.5 1 1 1
1 P_9 106 106 0 0 0 1 1 1
1 P_9 107 107 0.5 0.5 0.5 1 1 1
1 P_9 108 108 0.5 0.5 0.5 1 1 1
1 P_9 109 109 0.5 0.5 0.5 1 1 1
1 P_9 110 110 0 0 0 1 1 1
1 P_9 111 111 0.5 0.5 0.5 1 1 1
1 P_9 112 112 0 0 0 1 1 1
1 P_9 113 113 0.5 0.5 0.5 1 1 1
1 P_9 114 114 0 0 0 1 1 1
1 P_9 115 115 0 0 0 1 1 1
1 P_9 116 116 0.5 0.5 0.5 1 1 1
1 P_9 117 117 0.5 0.5 0.5 1 1 1
1 P_9 118 118 0 0 0 1 1 1
1 P_9 119 119 0.5 0.5 0.5 1 1 1
1 P_9 120 120 0.5 0.5 0.5 1 1 1
1 P_9 121 121 0.5 0.5 0.5 1 1 1
1 P_9 122 122 0.5 0.5 0.5 1 1 1
1 P_9 123 123 0 0 0 1 1 1
1 P_9 124 124 0 0 0 1 1 1
1 P_9 125 125 0 0 0 1 1 1
1 P_9 126 126 0 0 0 1 1 1
1 P_9 127 127 0.5 0.5 0.5 1 1 1
1 P_9 128 128 0 0 0 1 1 1
1 P_9 129 129 0 0 0 1 1 1
1 P_9 130 130 0 0 0 1 1 1
1 P_9 131 131 0 0 0 1 1 1
1 P_9 132 132 0.5 0.5 0.5 1 1 1
1 P_9 133 133 0 0 0 1 1 1
1 P_9 134 134 0.5 0.5 0.5 1 1 1
1 P_9 135 135 0 0 0 1 1 1
1 P_9 136 136 0 0 0 1 1 1
1 P_9 137 137 0 0 0 1 1 1
1 P_9 138 138 0.5 0.5 0.5 1 1 1
1 P_9 139 139 0 0 0 1 1 1
1 P_9 140 140 0.5 0.5 0.5 1 1 1
1 P_9 141 141 0 0 0 1 1 1
1 P_9 142 142 0.5 0.5 0.5 1 1 1
1 P_9 143 143 0 0 0 1 1 1
1 P_9 144 144 0.5 0.5 0.5 1 1 1
1 P_9 145 145 0.5 0.5 0.5 1 1 1
1 P_9 146 146 0 0 0 1 1 1
1 P_9 147 147 0 0 0 1 1 1
1 P_9 148 148 0.5 0.5 0.5 1 1 1
1 P_9 149 149 0.5 0.5 0.5 1 1 1
1 P_9 150 150 0.5 0.5 0.5 1 1 1
1 P_9 151 151 0.5 0.5 0.5 1 1 1
1 P_9 152 152 0.5 0.5 0.5 1 1 1
1 P_9 153 153 0.5 0.5 0.5 1 1 1
1 P_9 154 154 0 0 0 1 1 1
1 P_9 155 155 0 0 0 1 1 1
1 P_9 156 156 0.5 0.5 0.5 1 1 1
1 P_9 157 157 0.5 0.5 0.5 1 1 1
1 P_9 158 158 0 0 0 1 1 1
1 P_9 159 159 0 0 0 1 1 1
1 P_9 160 160 0 0 0 1 1 1
1 P_9 161 161 0.5 0.5 0.5 1 1 1
1 P_9 162 162 0.5 0.5 0.5 1 1 1
1 P_9 163 163 0 0 0 1 1 1
1 P_9 164 164 0.5 0.5 0.5 1 1 1
1 P_9 165 165 0.5 0.5 0.5 1 1 1
1 P_9 166 166 0 0 0 1 1 1
1 P_9 167 167 0.5 0.5 0.5 1 1 1
1 P_9 168 168 0 0 0 1 1 1
1 P_9 169 169 0 0 0 1 1 1
1 P_9 170 170 0.5 0.5 0.5 1 1 1
1 P_9 171 171 0 0 0 1 1 1
1 P_9 172 172 0 0 0 1 1 1
1 P_9 173 173 0.5 0.5 0.5 1 1 1
1 P_9 174 174 0.5 0.5 0.5 1 1 1
1 P_9 175 175 0 0 0 1 1 1
1 P_9 176 176 0 0 0 1 1 1
1 P_9 177 177 0.5 0.5 0.5 1 1 1
1 P_9 178 178 0.5 0.5 0.5 1 1 1
1 P_9 179 179 0 0 0 1 1 1
1 P_9 180 180 0 0 0 1 1 1
1 P_9 181 181 0.5 0.5 0.5 1 1 1
1 P_9 182 182 0 0 0 1 1 1
1 P_9 183 183 0.5 0.5 0.5 1 1 1
1 P_9 184 184 0 0 0 1 1 1
1 P_9 185 185 0.5 0.5 0.5 1 1 1
1 P_9 186 186 0 0 0 1 1 1
1 P_9 187 187 0 0 0 1 1 1
1 P_9 188 188 0.5 0.5 0.5 1 1 1
1 P_9 189 189 0.5 0.5 0.5 1 1 1
1 P_9 190 190 0.5 0.5 0.5 1 1 1
1 P_9 191 191 0 0 0 1 1 1
1 P_9 192 192 0.5 0.5 0.5 1 1 1
1 P_9 193 193 0 0 0 1 1 1
1 P_9 194 194 0.5 0.5 0.5 1 1 1
1 P_9 195 195 0 0 0 1 1 1
1 P_9 196 196 0 0 0 1 1 1
1 P_9 197 197 0.5 0.5 0.5 1 1 1
1 P_9 198 198 0.5 0.5 0.5 1 1 1
1 P_9 199 199 0 0 0 1 1 1
1 P_9 200 200 0.5 0.5 0.5 1 1 1
1 P_9 201 201 0 0 0 1 1 1
1 P_9 202 202 0 0 0 1 1 1
1 P_9 203 203 0 0 0 1 1 1
1 P_9 204 204 0 0 0 1 1 1
1 P_9 205 205 0.5 0.5 0.5 1 1 1
1 P_9 206 206 0.5 0.5 0.5 1 1 1
1 P_9 207 207 0 0 0 1 1 1
1 P_9 208 208 0 0 0 1 1 1
1 P_9 209 209 0 0 0 1 1 1
1 P_9 210 210 0 0 0 1 1 1
1 P_9 211 211 0 0 0 1 1 1
1 P_9 212 212 0.5 0.5 0.5 1 1 1
1 P_9 213 213 0 0 0 1 1 1
1 P_9 214 214 0.5 0.5 0.5 1 1 1
1 P_9 215 215 0 0 0 1 1 1
1 P_9 216 216 0.5 0.5 0.5 1 1 1
1 P_9 217 217 0.5 0.5 0.5 1 1 1
1 P_9 218 218 0 0 0 1 1 1
1 P_9 219 219 0.5 0.5 0.5 1 1 1
1 P_9 220 220 0.5 0.5 0.5 1 1 1
1 P_9 221 221 0.5 0.5 0.5 1 1 1
1 P_9 222 222 0 0 0 1 1 1
1 P_9 223 223 0 0 0 1 1 1
1 P_9 224 224 0.5 0.5 0.5 1 1 1
1 P_9 225 225 0 0 0 1 1 1
1 P_9 226 226 0 0 0 1 1 1
1 P_9 227 227 0 0 0 1 1 1
1 P_9 228 228 0.5 0.5 0.5 1 1 1
1 P_9 229 229 0.5 0.5 0.5 1 1 1
1 P_9 230 230 0 0 0 1 1 1
1 P_9 231 231 0 0 0 1 1 1
1 P_9 232 232 0 0 0 1 1 1
1 P_9 233 233 0 0 0 1 1 1
1 P_9 234 234 0 0 0 1 1 1
1 P_9 235 235 0 0 0 1 1 1
1 P_9 236 236 0.5 0.5 0.5 1 1 1
1 P_9 237 237 0 0 0 1 1 1
1 P_9 238 238 0 0 0 1 1 1
1 P_9 239 239 0 0 0 1 1 1
1 P_9 240 240 0 0 0 1 1 1
1 P_9 241 241 0.5 0.5 0.5 1 1 1
1 P_9 242 242 0.5 0.5 0.5 1 1 1
1 P_9 243 243 0 0 0 1 1 1
1 P_9 244 244 0.5 0.5 0.5 1 1 1
1 P_9 245 245 0.5 0.5 0.5 1 1 1
1 P_9 246 246 0.5 0.5 0.5 1 1 1
1 P_9 247 247 0 0 0 1 1 1
1 P_9 248 248 0.5 0.5 0.5 1 1 1
1 P_9 249 249 0.5 0.5 0.5 1 1 1
1 P_9 250 250 0 0 0 1 1 1
1 P_9 251 251 0.5 0.5 0.5 1 1 1
1 P_9 252 252 0.5 0.5 0.5 1 1 1
1 P_9 253 253 0.5 0.5 0.5 1 1 1
1 P_9 254 254 0.5 0.5 0.5 1 1 1
1 P_9 255 255 0 0 0 1 1 1
1 P_9 256 256 0 0 0 1 1 1
1 P_9 257 257 0.5 0.5 0.5 1 1 1
1 P_9 258 258 0 0 0 1 1 1
1 P_9 259 259 0 0 0 1 1 1
1 P_9 260 260 0 0 0 1 1 1
1 P_9 261 261 0 0 0 1 1 1
1 P_9 262 262 0.5 0.5 0.5 1 1 1
1 P_9 263 263 0.5 0.5 0.5 1 1 1
1 P_9 264 264 0 0 0 1 1 1
1 P_9 265 265 0 0 0 1 1 1
1 P_9 266 266 0 0 0 1 1 1
1 P_9 267 267 0 0 0 1 1 1
1 P_9 268 268 0.5 0.5 0.5 1 1 1
1 P_9 269 269 0 0 0 1 1 1
1 P_9 270 270 0.5 0.5 0.5 1 1 1
1 P_9 271 271 0 0 0 1 1 1
1 P_9 272 272 0.5 0.5 0.5 1 1 1
1 P_9 273 273 0 0 0 1 1 1
1 P_9 274 274 0.5 0.5 0.5 1 1 1
1 P_9 275 275 0.5 0.5 0.5 1 1 1
1 P_9 276 276 0.5 0.5 0.5 1 1 1
1 P_9 277 277 0.5 0.5 0.5 1 1 1
1 P_9 278 278 0.5 0.5 0.5 1 1 1
1 P_9 279 279 0 0 0 1 1 1
1 P_9 280 280 0 0 0 1 1 1
1 P_9 281 281 0.5 0.5 0.5 1 1 1
1 P_9 282 282 0.5 0.5 0.5 1 1 1
1 P_9 283 283 0.5 0.5 0.5 1 1 1
1 P_9 284 284 0.5 0.5 0.5 1 1 1
1 P_9 285 285 0.5 0.5 0.5 1 1 1
1 P_9 286 286 0 0 0 1 1 1
1 P_9 287 287 0.5 0.5 0.5 1 1 1
1 P_9 288 288 0.5 0.5 0.5 1 1 1
1 P_9 289 289 0 0 0 1 1 1
1 P_9 290 290 0 0 0 1 1 1
1 P_9 291 291 0 0 0 1 1 1
1 P_9 292 292 0.5 0.5 0.5 1 1 1
1 P_9 293 293 0.5 0.5 0.5 1 1 1
1 P_9 294 294 0 0 0 1 1 1
1 P_9 295 295 0 0 0 1 1 1
1 P_9 296 296 0 0 0 1 1 1
1 P_9 297 297 0.5 0.5 0.5 1 1 1
1 P_9 298 298 0.5 0.5 0.5 1 1 1
1 P_9 299 299 0.5 0.5 0.5 1 1 1
1 P_9 300 300 0.5 0.5 0.5 1 1 1
1 P_9 301 301 0.5 0.5 0.5 1 1 1
1 P_9 302 302 0 0 0 1 1 1
1 P_9 303 303 0.5 0.5 0.5 1 1 1
1 P_9 304 304 0 0 0 1 1 1
1 P_9 305 305 0 0 0 1 1 1
1 P_9 306 306 0.5 0.5 0.5 1 1 1
1 P_9 307 307 0 0 0 1 1 1
1 P_9 308 308 0 0 0 1 1 1
1 P_9 309 309 0 0 0 1 1 1
1 P_9 310 310 0 0 0 1 1 1
1 P_9 311 311 0.5 0.5 0.5 1 1 1
1 P_9 312 312 0.5 0.5 0.5 1 1 1
1 P_9 313 313 0.5 0.5 0.5 1 1 1
1 P_9 314 314 0.5 0.5 0.5 1 1 1
1 P_9 315 315 0.5 0.5 0.5 1 1 1
1 P_9 316 316 0.5 0.5 0.5 1 1 1
1 P_9 317 317 0 0 0 1 1 1
1 P_9 318 318 0.5 0.5 0.5 1 1 1
1 P_9 319 319 0 0 0 1 1 1
1 P_9 320 320 0 0 0 1 1 1
1 P_9 321 321 0 0 0 1 1 1
1 P_9 322 322 0 0 0 1 1 1
1 P_9 323 323 0 0 0 1 1 1
1 P_9 324 324 0.5 0.5 0.5 1 1 1
1 P_9 325 325 0 0 0 1 1 1
1 P_9 326 326 0 0 0 1 1 1
1 P_9 327 327 0.5 0.5 0.5 1 1 1
1 P_9 328 328 0 0 0 1 1 1
1 P_9 329 329 0 0 0 1 1 1
1 P_9 330 330 0.5 0.5 0.5 1 1 1
1 P_9 331 331 0.5 0.5 0.5 1 1 1
1 P_9 332 332 0 0 0 1 1 1
1 P_9 333 333 0.5 0.5 0.5 1 1 1
1 P_9 334 334 0.5 0.5 0.5 1 1 1
1 P_9 335 335 0.5 0.5 0.5 1 1 1
1 P_9 336 336 0.5 0.5 0.5 1 1 1
1 P_9 337 337 0.5 0.5 0.5 1 1 1
1 P_9 338 338 0 0 0 1 1 1
1 P_9 339 339 0 0 0 1 1 1
1 P_9 340 340 0.5 0.5 0.5 1 1 1
1 P_9 341 341 0.5 0.5 0.5 1 1 1
1 P_9 342 342 0.5 0.5 0.5 1 1 1
1 P_9 343 343 0 0 0 1 1 1
1 P_9 344 344 0 0 0 1 1 1
1 P_9 345 345 0.5 0.5 0.5 1 1 1
1 P_9 346 346 0 0 0 1 1 1
1 P_9 347 347 0 0 0 1 1 1
1 P_9 348 348 0 0 0 1 1 1
1 P_9 349 349 0.5 0.5 0.5 1 1 1
1 P_9 350 350 0 0 0 1 1 1
1 P_9 351 351 0 0 0 1 1 1
1 P_9 352 352 0 0 0 1 1 1
1 P_9 353 353 0 0 0 1 1 1
1 P_9 354 354 0.5 0.5 0.5 1 1 1
1 P_9 355 355 0.5 0.5 0.5 1 1 1
1 P_9 356 356 0 0 0 1 1 1
1 P_9 357 357 0.5 0.5 0.5 1 1 1
1 P_9 358 358 0 0 0 1 1 1
1 P_9 359 359 0.5 0.5 0.5 1 1 1
1 P_9 360 360 0 0 0 1 1 1
1 P_9 361 361 0.5 0.5 0.5 1 1 1
1 P_9 362 362 0 0 0 1 1 1
1 P_9 363 363 0.5 0.5 0.5 1 1 1
1 P_9 364 364 0.5 0.5 0.5 1 1 1
1 P_9 365 365 0.5 0.5 0.5 1 1 1
1 P_9 366 366 0.5 0.5 0.5 1 1 1
1 P_9 367 367 0 0 0 1 1 1
1 P_9 368 368 0.5 0.5 0.5 1 1 1
1 P_9 369 369 0 0 0 1 1 1
1 P_9 370 370 0.5 0.5 0.5 1 1 1
1 P_9 371 371 0 0 0 1 1 1
1 P_9 372 372 0 0 0 1 1 1
1 P_9 373 373 0 0 0 1 1 1
1 P_9 374 374 0.5 0.5 0.5 1 1 1
1 P_9 375 375 0 0 0 1 1 1
1 P_9 376 376 0 0 0 1 1 1
1 P_9 377 377 0 0 0 1 1 1
1 P_9 378 378 0.5 0.5 0.5 1 1 1
1 P_9 379 379 0 0 0 1 1 1
1 P_9 380 380 0.5 0.5 0.5 1 1 1
1 P_9 381 381 0 0 0 1 1 1
1 P_9 382 382 0 0 0 1 1 1
1 P_9 383 383 0 0 0 1 1 1
1 P_9 384 384 0.5 0.5 0.5 1 1 1
1 P_9 385 385 0 0 0 1 1 1
1 P_9 386 386 0 0 0 1 1 1
1 P_9 387 387 0.5 0.5 0.5 1 1 1
1 P_9 388 388 0.5 0.5 0.5 1 1 1
1 P_9 389 389 0.5 0.5 0.5 1 1 1
1 P_9 390 390 0 0 0 1 1 1
1 P_9 391 391 0 0 0 1 1 1
1 P_9 392 392 0.5 0.5 0.5 1 1 1
1 P_9 393 393 0.5 0.5 0.5 1 1 1
1 P_9 394 394 0 0 0 1 1 1
1 P_9 395 395 0.5 0.5 0.5 1 1 1
1 P_9 396 396 0 0 0 1 1 1
1 P_9 397 397 0.5 0.5 0.5 1 1 1
1 P_9 398 398 0.5 0.5 0.5 1 1 1
1 P_9 399 399 0.5 0.5 0.5 1 1 1
1 P_9 400 400 0 0 0 1 1 1
1 P_9 401 401 0.5 0.5 0.5 1 1 1
1 P_9 402 402 0 0 0 1 1 1
1 P_9 403 403 0 0 0 1 1 1
1 P_9 404 404 0 0 0 1 1 1
1 P_9 405 405 0.5 0.5 0.5 1 1 1
1 P_9 406 406 0.5 0.5 0.5 1 1 1
1 P_9 407 407 0.5 0.5 0.5 1 1 1
1 P_9 408 408 0.5 0.5 0.5 1 1 1
1 P_9 409 409 0 0 0 1 1 1
1 P_9 410 410 0.5 0.5 0.5 1 1 1
1 P_9 411 411 0 0 0 1 1 1
1 P_9 412 412 0 0 0 1 1 1
1 P_9 413 413 0.5 0.5 0.5 1 1 1
1 P_9 414 414 0.5 0.5 0.5 1 1 1
1 P_9 415 415 0 0 0 1 1 1
1 P_9 416 416 0.5 0.5 0.5 1 1 1
1 P_9 417 417 0.5 0.5 0.5 1 1 1
1 P_9 418 418 0.5 0.5 0.5 1 1 1
1 P_9 419 419 0 0 0 1 1 1
1 P_9 420 420 0 0 0 1 1 1
1 P_9 421 421 0 0 0 1 1 1
1 P_9 422 422 0 0 0 1 1 1
1 P_9 423 423 0 0 0 1 1 1
1 P_9 424 424 0 0 0 1 1 1
1 P_9 425 425 0.5 0.5 0.5 1 1 1
1 P_9 426 426 0 0 0 1 1 1
1 P_9 427 427 0.5 0.5 0.5 1 1 1
1 P_9 428 428 0.5 0.5 0.5 1 1 1
1 P_9 429 429 0.5 0.5 0.5 1 1 1
1 P_9 430 430 0.5 0.5 0.5 1 1 1
1 P_9 431 431 0 0 0 1 1 1
1 P_9 432 432 0.5 0.5 0.5 1 1 1
1 P_9 433 433 0.5 0.5 0.5 1 1 1
1 P_9 434 434 0.5 0.5 0.5 1 1 1
1 P_9 435 435 0.5 0.5 0.5 1 1 1
1 P_9 436 436 0.5 0.5 0.5 1 1 1
1 P_9 437 437 0 0 0 1 1 1
1 P_9 438 438 0.5 0.5 0.5 1 1 1
1 P_9 439 439 0 0 0 1 1 1
1 P_9 440 440 0.5 0.5 0.5 1 1 1
1 P_9 441 441 0 0 0 1 1 1
1 P_9 442 442 0.5 0.5 0.5 1 1 1
1 P_9 443 443 0 0 0 1 1 1
1 P_9 444 444 0.5 0.5 0.5 1 1 1
1 P_9 445 445 0.5 0.5 0.5 1 1 1
1 P_9 446 446 0.5 0.5 0.5 1 1 1
1 P_9 447 447 0 0 0 1 1 1
1 P_9 448 448 0 0 0 1 1 1
1 P_9 449 449 0 0 0 1 1 1
1 P_9 450 450 0 0 0 1 1 1
1 P_9 451 451 0 0 0 1 1 1
1 P_9 452 452 0 0 0 1 1 1
1 P_9 453 453 0.5 0.5 0.5 1 1 1
1 P_9 454 454 0 0 0 1 1 1
1 P_9 455 455 0.5 0.5 0.5 1 1 1
1 P_9 456 456 0.5 0.5 0.5 1 1 1
1 P_9 457 457 0 0 0 1 1 1
1 P_9 458 458 0.5 0.5 0.5 1 1 1
1 P_9 459 459 0 0 0 1 1 1
1 P_9 460 460 0 0 0 1 1 1
1 P_9 461 461 0 0 0 1 1 1
1 P_9 462 462 0 0 0 1 1 1
1 P_9 463 463 0.5 0.5 0.5 1 1 1
1 P_9 464 464 0 0 0 1 1 1
1 P_9 465 465 0.5 0.5 0.5 1 1 1
1 P_9 466 466 0 0 0 1 1 1
1 P_9 467 467 0.5 0.5 0.5 1 1 1
1 P_9 468 468 0.5 0.5 0.5 1 1 1
1 P_9 469 469 0 0 0 1 1 1
1 P_9 470 470 0 0 0 1 1 1
1 P_9 471 471 0.5 0.5 0.5 1 1 1
1 P_9 472 472 0.5 0.5 0.5 1 1 1
1 P_9 473 473 0.5 0.5 0.5 1 1 1
1 P_9 474 474 0.5 0.5 0.5 1 1 1
1 P_9 475 475 0.5 0.5 0.5 1 1 1
1 P_9 476 476 0.5 0.5 0.5 1 1 1
1 P_9 477 477 0 0 0 1 1 1
1 P_9 478 478 0.5 0.5 0.5 1 1 1
1 P_9 479 479 0.5 0.5 0.5 1 1 1
1 P_9 480 480 0.5 0.5 0.5 1 1 1
1 P_9 481 481 0.5 0.5 0.5 1 1 1
1 P_9 482 482 0.5 0.5 0.5 1 1 1
1 P_9 483 483 0 0 0 1 1 1
1 P_9 484 484 0.5 0.5 0.5 1 1 1
1 P_9 485 485 0.5 0.5 0.5 1 1 1
1 P_9 486 486 0 0 0 1 1 1
1 P_9 487 487 0 0 0 1 1 1
1 P_9 488 488 0.5 0.5 0.5 1 1 1
1 P_9 489 489 0.5 0.5 0.5 1 1 1
1 P_9 490 490 0.5 0.5 0.5 1 1 1
1 P_9 491 491 0 0 0 1 1 1
1 P_9 492 492 0 0 0 1 1 1
1 P_9 493 493 0.5 0.5 0.5 1 1 1
1 P_9 494 494 0.5 0.5 0.5 1 1 1
1 P_9 495 495 0 0 0 1 1 1
1 P_9 496 496 0 0 0 1 1 1
1 P_9 497 497 0.5 0.5 0.5 1 1 1
1 P_9 498 498 0.5 0.5 0.5 1 1 1
1 P_9 499 499 0.5 0.5 0.5 1 1 1
1 P_9 500 500 0.5 0.5 0.5 1 1 1
1 P_9 501 501 0.5 0.5 0.5 1 1 1
1 P_9 502 502 0 0 0 1 1 1
1 P_9 503 503 0 0 0 1 1 1
1 P_9 504 504 0 0 0 1 1 1
1 P_9 505 505 0.5 0.5 0.5 1 1 1
1 P_9 506 506 0 0 0 1 1 1
1 P_9 507 507 0 0 0 1 1 1
1 P_9 508 508 0 0 0 1 1 1
1 P_9 509 509 0 0 0 1 1 1
1 P_9 510 510 0 0 0 1 1 1
1 P_9 511 511 0.5 0.5 0.5 1 1 1
1 P_9 512 512 0 0 0 1 1 1
1 P_9 513 513 0 0 0 1 1 1
1 P_9 514 514 0.5 0.5 0.5 1 1 1
1 P_9 515 515 0 0 0 1 1 1
1 P_9 516 516 0.5 0.5 0.5 1 1 1
1 P_9 517 517 0 0 0 1 1 1
1 P_9 518 518 0 0 0 1 1 1
1 P_9 519 519 0 0 0 1 1 1
1 P_9 520 520 0 0 0 1 1 1
1 P_9 521 521 0 0 0 1 1 1
1 P_9 522 522 0.5 0.5 0.5 1 1 1
1 P_9 523 523 0.5 0.5 0.5 1 1 1
1 P_9 524 524 0.5 0.5 0.5 1 1 1
1 P_9 525 525 0.5 0.5 0.5 1 1 1
1 P_9 526 526 0 0 0 1 1 1
1 P_9 527 527 0.5 0.5 0.5 1 1 1
1 P_9 528 528 0.5 0.5 0.5 1 1 1
1 P_9 529 529 0.5 0.5 0.5 1 1 1
1 P_9 530 530 0.5 0.5 0.5 1 1 1
1 P_9 531 531 0.5 0.5 0.5 1 1 1
1 P_9 532 532 0.5 0.5 0.5 1 1 1
1 P_9 533 533 0.5 0.5 0.5 1 1 1
1 P_9 534 534 0.5 0.5 0.5 1 1 1
1 P_9 535 535 0 0 0 1 1 1
1 P_9 536 536 0.5 0.5 0.5 1 1 1
1 P_9 537 537 0 0 0 1 1 1
1 P_9 538 538 0 0 0 1 1 1
1 P_9 539 539 0 0 0 1 1 1
1 P_9 540 540 0.5 0.5 0.5 1 1 1
1 P_9 541 541 0.5 0.5 0.5 1 1 1
1 P_9 542 542 0 0 0 1 1 1
1 P_9 543 543 0 0 0 1 1 1
1 P_9 544 544 0.5 0.5 0.5 1 1 1
1 P_9 545 545 0.5 0.5 0.5 1 1 1
1 P_9 546 546 0.5 0.5 0.5 1 1 1
1 P_9 547 547 0 0 0 1 1 1
1 P_9 548 548 0 0 0 1 1 1
1 P_9 549 549 0.5 0.5 0.5 1 1 1
1 P_9 550 550 0.5 0.5 0.5 1 1 1
1 P_9 551 551 0 0 0 1 1 1
1 P_9 552 552 0.5 0.5 0.5 1 1 1
1 P_9 553 553 0 0 0 1 1 1
1 P_9 554 554 0.5 0.5 0.5 1 1 1
1 P_9 555 555 0.5 0.5 0.5 1 1 1
1 P_9 556 556 0 0 0 1 1 1
1 P_9 557 557 0.5 0.5 0.5 1 1 1
1 P_9 558 558 0 0 0 1 1 1
1 P_9 559 559 0.5 0.5 0.5 1 1 1
1 P_9 560 560 0.5 0.5 0.5 1 1 1
1 P_9 561 561 0.5 0.5 0.5 1 1 1
1 P_9 562 562 0.5 0.5 0.5 1 1 1
1 P_9 563 563 0.5 0.5 0.5 1 1 1
1 P_9 564 564 0 0 0 1 1 1
1 P_9 565 565 0 0 0 1 1 1
1 P_9 566 566 0.5 0.5 0.5 1 1 1
1 P_9 567 567 0.5 0.5 0.5 1 1 1
1 P_9 568 568 0 0 0 1 1 1
1 P_9 569 569 0 0 0 1 1 1
1 P_9 570 570 0.5 0.5 0.5 1 1 1
1 P_9 571 571 0.5 0.5 0.5 1 1 1
1 P_9 572 572 0 0 0 1 1 1
1 P_9 573 573 0.5 0.5 0.5 1 1 1
1 P_9 574 574 0.5 0.5 0.5 1 1 1
1 P_9 575 575 0.5 0.5 0.5 1 1 1
1 P_9 576 576 0.5 0.5 0.5 1 1 1
1 P_9 577 577 0 0 0 1 1 1
1 P_9 578 578 0 0 0 1 1 1
1 P_9 579 579 0 0 0 1 1 1
1 P_9 580 580 0 0 0 1 1 1
1 P_9 581 581 0.5 0.5 0.5 1 1 1
1 P_9 582 582 0 0 0 1 1 1
1 P_9 583 583 0 0 0 1 1 1
1 P_9 584 584 0 0 0 1 1 1
1 P_9 585 585 0.5 0.5 0.5 1 1 1
1 P_9 586 586 0 0 0 1 1 1
1 P_9 587 587 0.5 0.5 0.5 1 1 1
1 P_9 588 588 0 0 0 1 1 1
1 P_9 589 589 0.5 0.5 0.5 1 1 1
1 P_9 590 590 0.5 0.5 0.5 1 1 1
1 P_9 591 591 0.5 0.5 0.5 1 1 1
1 P_9 592 592 0.5 0.5 0.5 1 1 1
1 P_9 593 593 0.5 0.5 0.5 1 1 1
1 P_9 594 594 0.5 0.5 0.5 1 1 1
1 P_9 595 595 0 0 0 1 1 1
1 P_9 596 596 0 0 0 1 1 1
1 P_9 597 597 0.5 0.5 0.5 1 1 1
1 P_9 598 598 0 0 0 1 1 1
1 P_9 599 599 0 0 0 1 1 1
1 P_9 600 600 0.5 0.5 0.5 1 1 1
1 P_9 601 601 0.5 0.5 0.5 1 1 1
1 P_9 602 602 0 0 0 1 1 1
1 P_9 603 603 0 0 0 1 1 1
1 P_9 604 604 0.5 0.5 0.5 1 1 1
1 P_9 605 605 0 0 0 1 1 1
1 P_9 606 606 0 0 0 1 1 1
1 P_9 607 607 0.5 0.5 0.5 1 1 1
1 P_9 608 608 0 0 0 1 1 1
1 P_9 609 609 0.5 0.5 0.5 1 1 1
1 P_9 610 610 0.5 0.5 0.5 1 1 1
1 P_9 611 611 0.5 0.5 0.5 1 1 1
1 P_9 612 612 0 0 0 1 1 1
1 P_9 613 613 0 0 0 1 1 1
1 P_9 614 614 0.5 0.5 0.5 1 1 1
1 P_9 615 615 0.5 0.5 0.5 1 1 1
1 P_9 616 616 0.5 0.5 0.5 1 1 1
1 P_9 617 617 0.5 0.5 0.5 1 1 1
1 P_9 618 618 0.5 0.5 0.5 1 1 1
1 P_9 619 619 0.5 0.5 0.5 1 1 1
1 P_9 620 620 0 0 0 1 1 1
1 P_9 621 621 0.5 0.5 0.5 1 1 1
1 P_9 622 622 0.5 0.5 0.5 1 1 1
1 P_9 623 623 0.5 0.5 0.5 1 1 1
1 P_9 624 624 0.5 0.5 0.5 1 1 1
1 P_9 625 625 0 0 0 1 1 1
1 P_9 626 626 0 0 0 1 1 1
1 P_9 627 627 0.5 0.5 0.5 1 1 1
1 P_9 628 628 0.5 0.5 0.5 1 1 1
1 P_9 629 629 0 0 0 1 1 1
1 P_9 630 630 0 0 0 1 1 1
1 P_9 631 631 0 0 0 1 1 1
1 P_9 632 632 0 0 0 1 1 1
1 P_9 633 633 0 0 0 1 1 1
1 P_9 634 634 0 0 0 1 1 1
1 P_9 635 635 0.5 0.5 0.5 1 1 1
1 P_9 636 636 0.5 0.5 0.5 1 1 1
1 P_9 637 637 0 0 0 1 1 1
1 P_9 638 638 0.5 0.5 0.5 1 1 1
1 P_9 639 639 0 0 0 1 1 1
1 P_9 640 640 0 0 0 1 1 1
1 P_9 641 641 0.5 0.5 0.5 1 1 1
1 P_9 642 642 0.5 0.5 0.5 1 1 1
1 P_9 643 643 0.5 0.5 0.5 1 1 1
1 P_9 644 644 0.5 0.5 0.5 1 1 1
1 P_9 645 645 0 0 0 1 1 1
1 P_9 646 646 0.5 0.5 0.5 1 1 1
1 P_9 647 647 0.5 0.5 0.5 1 1 1
1 P_9 648 648 0.5 0.5 0.5 1 1 1
1 P_9 649 649 0.5 0.5 0.5 1 1 1
1 P_9 650 650 0 0 0 1 1 1
1 P_9 651 651 0 0 0 1 1 1
1 P_9 652 652 0 0 0 1 1 1
1 P_9 653 653 0 0 0 1 1 1
1 P_9 654 654 0 0 0 1 1 1
1 P_9 655 655 0 0 0 1 1 1
1 P_9 656 656 0.5 0.5 0.5 1 1 1
1 P_9 657 657 0 0 0 1 1 1
1 P_9 658 658 0 0 0 1 1 1
1 P_9 659 659 0.5 0.5 0.5 1 1 1
1 P_9 660 660 0.5 0.5 0.5 1 1 1
1 P_9 661 661 0.5 0.5 0.5 1 1 1
1 P_9 662 662 0 0 0 1 1 1
1 P_9 663 663 0 0 0 1 1 1
1 P_9 664 664 0 0 0 1 1 1
1 P_9 665 665 0 0 0 1 1 1
1 P_9 666 666 0.5 0.5 0.5 1 1 1
1 P_9 667 667 0.5 0.5 0.5 1 1 1
1 P_9 668 668 0.5 0.5 0.5 1 1 1
1 P_9 669 669 0.5 0.5 0.5 1 1 1
1 P_9 670 670 0.5 0.5 0.5 1 1 1
1 P_9 671 671 0.5 0.5 0.5 1 1 1
1 P_9 672 672 0 0 0 1 1 1
1 P_9 673 673 0.5 0.5 0.5 1 1 1
1 P_9 674 674 0.5 0.5 0.5 1 1 1
1 P_9 675 675 0.5 0.5 0.5 1 1 1
1 P_9 676 676 0.5 0.5 0.5 1 1 1
1 P_9 677 677 0 0 0 1 1 1
1 P_9 678 678 0.5 0.5 0.5 1 1 1
1 P_9 679 679 0 0 0 1 1 1
1 P_9 680 680 0.5 0.5 0.5 1 1 1
1 P_9 681 681 0.5 0.5 0.5 1 1 1
1 P_9 682 682 0.5 0.5 0.5 1 1 1
1 P_9 683 683 0.5 0.5 0.5 1 1 1
1 P_9 684 684 0 0 0 1 1 1
1 P_9 685 685 0 0 0 1 1 1
1 P_9 686 686 0.5 0.5 0.5 1 1 1
1 P_9 687 687 0 0 0 1 1 1
1 P_9 688 688 0 0 0 1 1 1
1 P_9 689 689 0.5 0.5 0.5 1 1 1
1 P_9 690 690 0.5 0.5 0.5 1 1 1
1 P_9 691 691 0 0 0 1 1 1
1 P_9 692 692 0 0 0 1 1 1
1 P_9 693 693 0.5 0.5 0.5 1 1 1
1 P_9 694 694 0.5 0.5 0.5 1 1 1
1 P_9 695 695 0 0 0 1 1 1
1 P_9 696 696 0 0 0 1 1 1
1 P_9 697 697 0 0 0 1 1 1
1 P_9 698 698 0.5 0.5 0.5 1 1 1
1 P_9 699 699 0 0 0 1 1 1
1 P_9 700 700 0 0 0 1 1 1
1 P_9 701 701 0 0 0 1 1 1
1 P_9 702 702 0 0 0 1 1 1
1 P_9 703 703 0 0 0 1 1 1
1 P_9 704 704 0 0 0 1 1 1
1 P_9 705 705 0.5 0.5 0.5 1 1 1
1 P_9 706 706 0.5 0.5 0.5 1 1 1
1 P_9 707 707 0.5 0.5 0.5 1 1 1
1 P_9 708 708 0 0 0 1 1 1
1 P_9 709 709 0.5 0.5 0.5 1 1 1
1 P_9 710 710 0.5 0.5 0.5 1 1 1
1 P_9 711 711 0.5 0.5 0.5 1 1 1
