2 #m
882 #n
0 P_6 0 0 0.072974 0.14 0.2304755 1 1 1
0 P_6 1 1 0 0 0 1 1 1
0 P_6 2 2 0.1287065 0.2159090909090909 0.3112965 1 1 1
0 P_6 3 3 0.04906695 0.10869565217391304 0.200814 1 1 1
0 P_6 4 4 0.0714535 0.13725490196078433 0.2266525 1 1 1
0 P_6 5 5 0.1174695 0.19607843137254902 0.2859845 1 1 1
0 P_6 6 6 0.0605625 0.12790697674418605 0.2251365 1 1 1
0 P_6 7 7 0.0741005 0.1388888888888889 0.2257315 1 1 1
0 P_6 8 8 0.084029 0.15625 0.2492325 1 1 1
0 P_6 9 9 0.0352088 0.08695652173913043 0.1761395 1 1 1
0 P_6 10 10 0.1164095 0.2 0.295348 1 1 1
0 P_6 11 11 0 0 0 1 1 1
0 P_6 12 12 0.0810925 0.14814814814814814 0.2354245 1 1 1
0 P_6 13 13 0.1021585 0.1724137931034483 0.257085 1 1 1
0 P_6 14 14 0.5 0.5 0.5 1 1 1
0 P_6 15 15 0.0551375 0.11702127659574468 0.208894 1 1 1
0 P_6 16 16 0 0 0 1 1 1
0 P_6 17 17 0.051409 0.11363636363636363 0.2085275 1 1 1
0 P_6 18 18 0.076218 0.14583333333333334 0.238511 1 1 1
0 P_6 19 19 0.084029 0.15625 0.2492325 1 1 1
0 P_6 20 20 0.0922845 0.17045454545454544 0.267712 1 1 1
0 P_6 21 21 0.0348853 0.08181818181818182 0.1614825 1 1 1
0 P_6 22 22 0.043987 0.10227272727272728 0.195923 1 1 1
0 P_6 23 23 0.5 0.5 0.5 1 1 1
0 P_6 24 24 0.055376 0.12195121951219512 0.2212505 1 1 1
0 P_6 25 25 0.0670615 0.13636363636363635 0.2329105 1 1 1
0 P_6 26 26 0.0852865 0.15 0.2327075 1 1 1
0 P_6 27 27 0.0654945 0.14285714285714285 0.251827 1 1 1
0 P_6 28 28 0.061254 0.11864406779661017 0.200025 1 1 1
0 P_6 29 29 0 0 0 1 1 1
0 P_6 30 30 0.04316945 0.09615384615384616 0.1807095 1 1 1
0 P_6 31 31 0.0918405 0.15833333333333333 0.2413225 1 1 1
0 P_6 32 32 0.04505755 0.09649122807017543 0.1768515 1 1 1
0 P_6 33 33 0.03776075 0.09302325581395349 0.186637 1 1 1
0 P_6 34 34 0.0539305 0.11458333333333333 0.205186 1 1 1
0 P_6 35 35 0.04735955 0.10975609756097561 0.2079715 1 1 1
0 P_6 36 36 0.04316945 0.09615384615384616 0.1807095 1 1 1
0 P_6 37 37 0.03869585 0.09523809523809523 0.1904155 1 1 1
0 P_6 38 38 0.0745605 0.14285714285714285 0.2344265 1 1 1
0 P_6 39 39 0.0804345 0.15 0.2408885 1 1 1
0 P_6 40 40 0.5 0.5 0.5 1 1 1
0 P_6 41 41 0.055376 0.12195121951219512 0.2212505 1 1 1
0 P_6 42 42 0.0591085 0.125 0.220849 1 1 1
0 P_6 43 43 0.01998355 0.057692307692307696 0.1347175 1 1 1
0 P_6 44 44 0.0723025 0.14634146341463414 0.2468945 1 1 1
0 P_6 45 45 0.0336912 0.08333333333333333 0.1697655 1 1 1
0 P_6 46 46 0.058284 0.11607142857142858 0.1995385 1 1 1
0 P_6 47 47 0.0725 0.13333333333333333 0.2151515 1 1 1
0 P_6 48 48 0.01529675 0.049019607843137254 0.1245075 1 1 1
0 P_6 49 49 0.0752515 0.14772727272727273 0.2447315 1 1 1
0 P_6 50 50 0.5 0.5 0.5 1 1 1
0 P_6 51 51 0 0 0 1 1 1
0 P_6 52 52 0.1241215 0.1953125 0.275771 1 1 1
0 P_6 53 53 0.115892 0.20238095238095238 0.300798 1 1 1
0 P_6 54 54 0 0 0 1 1 1
0 P_6 55 55 0.0625325 0.1276595744680851 0.220388 1 1 1
0 P_6 56 56 0.0804345 0.15 0.2408885 1 1 1
0 P_6 57 57 0.0526665 0.11627906976744186 0.2126065 1 1 1
0 P_6 58 58 0.041994 0.09782608695652174 0.188625 1 1 1
0 P_6 59 59 0 0 0 1 1 1
0 P_6 60 60 0.075588 0.14150943396226415 0.2293435 1 1 1
0 P_6 61 61 0.1024785 0.18085106382978725 0.2748435 1 1 1
0 P_6 62 62 0.076555 0.14035087719298245 0.2248425 1 1 1
0 P_6 63 63 0.0585785 0.12 0.2091165 1 1 1
0 P_6 64 64 0.0532845 0.10655737704918032 0.185212 1 1 1
0 P_6 65 65 0.222303 0.3090909090909091 0.3843385 1 1 1
0 P_6 66 66 0.5 0.5 0.5 1 1 1
0 P_6 67 67 0.0639725 0.13043478260869565 0.2244135 1 1 1
0 P_6 68 68 0.0920135 0.16666666666666666 0.259778 1 1 1
0 P_6 69 69 0.0539305 0.11458333333333333 0.205186 1 1 1
0 P_6 70 70 0.1033905 0.1721311475409836 0.2546725 1 1 1
0 P_6 71 71 0.05737 0.11764705882352941 0.2056065 1 1 1
0 P_6 72 72 0.052756 0.12162162162162163 0.2264855 1 1 1
0 P_6 73 73 0.1542185 0.24 0.327916 1 1 1
0 P_6 74 74 0.0577225 0.12222222222222222 0.216718 1 1 1
0 P_6 75 75 0 0 0 1 1 1
0 P_6 76 76 0.0539305 0.11458333333333333 0.205186 1 1 1
0 P_6 77 77 0.090402 0.15384615384615385 0.23334 1 1 1
0 P_6 78 78 0 0 0 1 1 1
0 P_6 79 79 0.0269368 0.07142857142857142 0.1545535 1 1 1
0 P_6 80 80 0.068855 0.12698412698412698 0.2062465 1 1 1
0 P_6 81 81 0.0369709 0.08653846153846154 0.169629 1 1 1
0 P_6 82 82 0.0783255 0.13846153846153847 0.2172095 1 1 1
0 P_6 83 83 0.0654805 0.13333333333333333 0.228585 1 1 1
0 P_6 84 84 0.04497075 0.1 0.186955 1 1 1
0 P_6 85 85 0.086206 0.1568627450980392 0.247021 1 1 1
0 P_6 86 86 0.073467 0.14444444444444443 0.24022 1 1 1
0 P_6 87 87 0.042322 0.09433962264150944 0.1777385 1 1 1
0 P_6 88 88 0.02874635 0.07608695652173914 0.163319 1 1 1
0 P_6 89 89 0 0 0 1 1 1
0 P_6 90 90 0.1200445 0.2 0.2906255 1 1 1
0 P_6 91 91 0.0568385 0.125 0.2258345 1 1 1
0 P_6 92 92 0.052997 0.10909090909090909 0.1926525 1 1 1
0 P_6 93 93 0.03776075 0.09302325581395349 0.186637 1 1 1
0 P_6 94 94 0.051052 0.10526315789473684 0.18676 1 1 1
0 P_6 95 95 0.084431 0.15384615384615385 0.2430345 1 1 1
0 P_6 96 96 0.08026 0.1440677966101695 0.2272365 1 1 1
0 P_6 97 97 0.0617625 0.12264150943396226 0.2092295 1 1 1
0 P_6 98 98 0.04316945 0.09615384615384616 0.1807095 1 1 1
0 P_6 99 99 0.0879635 0.16666666666666666 0.266233 1 1 1
0 P_6 100 100 0.0469294 0.10416666666666667 0.193641 1 1 1
0 P_6 101 101 0.0415072 0.09259259259259259 0.1748625 1 1 1
0 P_6 102 102 0.0779515 0.14893617021276595 0.2427365 1 1 1
0 P_6 103 103 0.02614545 0.075 0.169432 1 1 1
0 P_6 104 104 0.0401742 0.09375 0.1818435 1 1 1
0 P_6 105 105 0.05721 0.11403508771929824 0.1965015 1 1 1
0 P_6 106 106 0.0316456 0.0784313725490196 0.1610165 1 1 1
0 P_6 107 107 0.04592915 0.10204081632653061 0.19024 1 1 1
0 P_6 108 108 0.0804345 0.15 0.2408885 1 1 1
0 P_6 109 109 0.04295185 0.10526315789473684 0.207161 1 1 1
0 P_6 110 110 0.0605575 0.12037037037037036 0.2058985 1 1 1
0 P_6 111 111 0.0401742 0.09375 0.1818435 1 1 1
0 P_6 112 112 0.084029 0.15625 0.2492325 1 1 1
0 P_6 113 113 0.094973 0.15714285714285714 0.233766 1 1 1
0 P_6 114 114 0.084029 0.15625 0.2492325 1 1 1
0 P_6 115 115 0.05721 0.11403508771929824 0.1965015 1 1 1
0 P_6 116 116 0.097952 0.17346938775510204 0.2656205 1 1 1
0 P_6 117 117 0.2878995 0.36885245901639346 0.428757 1 1 1
0 P_6 118 118 0.084029 0.15625 0.2492325 1 1 1
0 P_6 119 119 0.0585785 0.12 0.2091165 1 1 1
0 P_6 120 120 0.1024785 0.18085106382978725 0.2748435 1 1 1
0 P_6 121 121 0.0630165 0.125 0.2126685 1 1 1
0 P_6 122 122 0.079625 0.140625 0.2201455 1 1 1
0 P_6 123 123 0.0630165 0.125 0.2126685 1 1 1
0 P_6 124 124 0 0 0 1 1 1
0 P_6 125 125 0.051409 0.11363636363636363 0.2085275 1 1 1
0 P_6 126 126 0.5 0.5 0.5 1 1 1
0 P_6 127 127 0.060181 0.11666666666666667 0.197123 1 1 1
0 P_6 128 128 0.043987 0.10227272727272728 0.195923 1 1 1
0 P_6 129 129 0 0 0 1 1 1
0 P_6 130 130 0 0 0 1 1 1
0 P_6 131 131 0 0 0 1 1 1
0 P_6 132 132 0.0958365 0.17 0.2612285 1 1 1
0 P_6 133 133 0.069996 0.1346153846153846 0.2229515 1 1 1
0 P_6 134 134 0.0342415 0.08035714285714286 0.1589365 1 1 1
0 P_6 135 135 0.0704665 0.14285714285714285 0.242056 1 1 1
0 P_6 136 136 0 0 0 1 1 1
0 P_6 137 137 0 0 0 1 1 1
0 P_6 138 138 0.088058 0.16 0.251137 1 1 1
0 P_6 139 139 0.069066 0.14473684210526316 0.24925 1 1 1
0 P_6 140 140 0.0506075 0.10784313725490197 0.194799 1 1 1
0 P_6 141 141 0 0 0 1 1 1
0 P_6 142 142 0.0712665 0.12878787878787878 0.2062425 1 1 1
0 P_6 143 143 0.060181 0.11666666666666667 0.197123 1 1 1
0 P_6 144 144 0 0 0 1 1 1
0 P_6 145 145 0.0852865 0.15 0.2327075 1 1 1
0 P_6 146 146 0 0 0 1 1 1
0 P_6 147 147 0.0941285 0.1702127659574468 0.264317 1 1 1
0 P_6 148 148 0.18027 0.2708333333333333 0.356779 1 1 1
0 P_6 149 149 0.0748605 0.1349206349206349 0.214755 1 1 1
0 P_6 150 150 0.059399 0.11818181818181818 0.2026695 1 1 1
0 P_6 151 151 0.1931795 0.275 0.3523185 1 1 1
0 P_6 152 152 0.0625325 0.1276595744680851 0.220388 1 1 1
0 P_6 153 153 0.5 0.5 0.5 1 1 1
0 P_6 154 154 0.119545 0.19047619047619047 0.271644 1 1 1
0 P_6 155 155 0.0539305 0.11458333333333333 0.205186 1 1 1
0 P_6 156 156 0.05737 0.11764705882352941 0.2056065 1 1 1
0 P_6 157 157 0.1200445 0.2 0.2906255 1 1 1
0 P_6 158 158 0.052997 0.10909090909090909 0.1926525 1 1 1
0 P_6 159 159 0 0 0 1 1 1
0 P_6 160 160 0.0372102 0.08333333333333333 0.15937 1 1 1
0 P_6 161 161 0.03229925 0.08 0.163832 1 1 1
0 P_6 162 162 0.072974 0.14 0.2304755 1 1 1
0 P_6 163 163 0.0483891 0.1 0.1785595 1 1 1
0 P_6 164 164 0.0651335 0.12295081967213115 0.2032625 1 1 1
0 P_6 165 165 0.5 0.5 0.5 1 1 1
0 P_6 166 166 0 0 0 1 1 1
0 P_6 167 167 0.075588 0.14150943396226415 0.2293435 1 1 1
0 P_6 168 168 0.153337 0.23275862068965517 0.315385 1 1 1
0 P_6 169 169 0.0377228 0.08823529411764706 0.172528 1 1 1
0 P_6 170 170 0.0506075 0.10784313725490197 0.194799 1 1 1
0 P_6 171 171 0.0316456 0.0784313725490196 0.1610165 1 1 1
0 P_6 172 172 0.079521 0.14545454545454545 0.231791 1 1 1
0 P_6 173 173 0.0605625 0.12790697674418605 0.2251365 1 1 1
0 P_6 174 174 0.03869585 0.09523809523809523 0.1904155 1 1 1
0 P_6 175 175 0 0 0 1 1 1
0 P_6 176 176 0.0629585 0.11904761904761904 0.1976285 1 1 1
0 P_6 177 177 0.0672525 0.12962962962962962 0.2158925 1 1 1
0 P_6 178 178 0.099449 0.17307692307692307 0.2625285 1 1 1
0 P_6 179 179 0 0 0 1 1 1
0 P_6 180 180 0.5 0.5 0.5 1 1 1
0 P_6 181 181 0.04861105 0.10377358490566038 0.188431 1 1 1
0 P_6 182 182 0.100959 0.1891891891891892 0.2945045 1 1 1
0 P_6 183 183 0.0523865 0.10483870967741936 0.182587 1 1 1
0 P_6 184 184 0.0717655 0.14130434782608695 0.2358665 1 1 1
0 P_6 185 185 0.1094475 0.18627450980392157 0.276451 1 1 1
0 P_6 186 186 0.072974 0.14 0.2304755 1 1 1
0 P_6 187 187 0 0 0 1 1 1
0 P_6 188 188 0 0 0 1 1 1
0 P_6 189 189 0.052775 0.11224489795918367 0.201605 1 1 1
0 P_6 190 190 0.0316456 0.0784313725490196 0.1610165 1 1 1
0 P_6 191 191 0.078838 0.14166666666666666 0.223985 1 1 1
0 P_6 192 192 0.090402 0.15384615384615385 0.23334 1 1 1
0 P_6 193 193 0.090009 0.16037735849056603 0.248855 1 1 1
0 P_6 194 194 0.1335895 0.21296296296296297 0.2996955 1 1 1
0 P_6 195 195 0.0385059 0.09 0.175527 1 1 1
0 P_6 196 196 0.075588 0.14150943396226415 0.2293435 1 1 1
0 P_6 197 197 0.12839 0.21 0.3001465 1 1 1
0 P_6 198 198 0.096344 0.17391304347826086 0.269011 1 1 1
0 P_6 199 199 0.05721 0.11403508771929824 0.1965015 1 1 1
0 P_6 200 200 0.120434 0.19811320754716982 0.286282 1 1 1
0 P_6 201 201 0.0516685 0.11 0.1981445 1 1 1
0 P_6 202 202 0.01238605 0.045454545454545456 0.12713 1 1 1
0 P_6 203 203 0.0617625 0.12264150943396226 0.2092295 1 1 1
0 P_6 204 204 0.06859 0.13541666666666666 0.2276045 1 1 1
0 P_6 205 205 0.0774655 0.13934426229508196 0.2208235 1 1 1
0 P_6 206 206 0.10156 0.17647058823529413 0.2667825 1 1 1
0 P_6 207 207 0.0922845 0.17045454545454544 0.267712 1 1 1
0 P_6 208 208 0.065685 0.13 0.219889 1 1 1
0 P_6 209 209 0.0399685 0.08928571428571429 0.169378 1 1 1
0 P_6 210 210 0.0401742 0.09375 0.1818435 1 1 1
0 P_6 211 211 0.1011065 0.18181818181818182 0.2788935 1 1 1
0 P_6 212 212 0.041994 0.09782608695652174 0.188625 1 1 1
0 P_6 213 213 0.03932235 0.09183673469387756 0.17863 1 1 1
0 P_6 214 214 0.0741005 0.1388888888888889 0.2257315 1 1 1
0 P_6 215 215 0.0848535 0.15178571428571427 0.2375685 1 1 1
0 P_6 216 216 0.052775 0.11224489795918367 0.201605 1 1 1
0 P_6 217 217 0.0585785 0.12 0.2091165 1 1 1
0 P_6 218 218 0.0401742 0.09375 0.1818435 1 1 1
0 P_6 219 219 0.0882215 0.1574074074074074 0.244979 1 1 1
0 P_6 220 220 0 0 0 1 1 1
0 P_6 221 221 0 0 0 1 1 1
0 P_6 222 222 0.066279 0.125 0.2061995 1 1 1
0 P_6 223 223 0.043987 0.10227272727272728 0.195923 1 1 1
0 P_6 224 224 0.21051 0.30952380952380953 0.39363 1 1 1
0 P_6 225 225 0.0635195 0.12280701754385964 0.206089 1 1 1
0 P_6 226 226 0.0701415 0.13829787234042554 0.231664 1 1 1
0 P_6 227 227 0.0550965 0.11320754716981132 0.1989225 1 1 1
0 P_6 228 228 0.0717655 0.14130434782608695 0.2358665 1 1 1
0 P_6 229 229 0.051409 0.11363636363636363 0.2085275 1 1 1
0 P_6 230 230 0 0 0 1 1 1
0 P_6 231 231 0.0564005 0.11956521739130435 0.2127355 1 1 1
0 P_6 232 232 0.091821 0.16071428571428573 0.246747 1 1 1
0 P_6 233 233 0.0970585 0.17857142857142858 0.277971 1 1 1
0 P_6 234 234 0.0499118 0.11538461538461539 0.2168435 1 1 1
0 P_6 235 235 0 0 0 1 1 1
0 P_6 236 236 0.0483143 0.09701492537313433 0.170492 1 1 1
0 P_6 237 237 0.0169889 0.05434782608695652 0.1364465 1 1 1
0 P_6 238 238 0.0342415 0.08035714285714286 0.1589365 1 1 1
0 P_6 239 239 0.064323 0.12745098039215685 0.2162195 1 1 1
0 P_6 240 240 0.0804345 0.15 0.2408885 1 1 1
0 P_6 241 241 0.051409 0.11363636363636363 0.2085275 1 1 1
0 P_6 242 242 0.0605575 0.12037037037037036 0.2058985 1 1 1
0 P_6 243 243 0.0635575 0.1388888888888889 0.2461765 1 1 1
0 P_6 244 244 0.065392 0.1375 0.2390285 1 1 1
0 P_6 245 245 0.065989 0.11971830985915492 0.19344 1 1 1
0 P_6 246 246 0.069066 0.14473684210526316 0.24925 1 1 1
0 P_6 247 247 0 0 0 1 1 1
0 P_6 248 248 0.0501325 0.10344827586206896 0.183945 1 1 1
0 P_6 249 249 0.0237081 0.06818181818181818 0.156048 1 1 1
0 P_6 250 250 0.0506075 0.10784313725490197 0.194799 1 1 1
0 P_6 251 251 0.072425 0.13076923076923078 0.209005 1 1 1
0 P_6 252 252 0.0393188 0.10294117647058823 0.2109915 1 1 1
0 P_6 253 253 0.0685965 0.1320754716981132 0.2193665 1 1 1
0 P_6 254 254 0 0 0 1 1 1
0 P_6 255 255 0.088058 0.16 0.251137 1 1 1
0 P_6 256 256 0.084431 0.15384615384615385 0.2430345 1 1 1
0 P_6 257 257 0.0751535 0.13793103448275862 0.2215185 1 1 1
0 P_6 258 258 0 0 0 1 1 1
0 P_6 259 259 0.03009435 0.07954545454545454 0.16973 1 1 1
0 P_6 260 260 0.0181968 0.05813953488372093 0.144767 1 1 1
0 P_6 261 261 0.0918705 0.16346153846153846 0.2528515 1 1 1
0 P_6 262 262 0.079766 0.15217391304347827 0.247109 1 1 1
0 P_6 263 263 0.0506075 0.10784313725490197 0.194799 1 1 1
0 P_6 264 264 0 0 0 1 1 1
0 P_6 265 265 0.0377228 0.08823529411764706 0.172528 1 1 1
0 P_6 266 266 0.1307995 0.203125 0.283394 1 1 1
0 P_6 267 267 0.041994 0.09782608695652174 0.188625 1 1 1
0 P_6 268 268 0.0726705 0.13636363636363635 0.222229 1 1 1
0 P_6 269 269 0.02385165 0.07575757575757576 0.1815705 1 1 1
0 P_6 270 270 0.069996 0.1346153846153846 0.2229515 1 1 1
0 P_6 271 271 0 0 0 1 1 1
0 P_6 272 272 0.06596 0.12727272727272726 0.2125245 1 1 1
0 P_6 273 273 0.0539305 0.11458333333333333 0.205186 1 1 1
0 P_6 274 274 0.03602015 0.08888888888888889 0.179507 1 1 1
0 P_6 275 275 0.077137 0.14423076923076922 0.23307 1 1 1
0 P_6 276 276 0.066279 0.125 0.2061995 1 1 1
0 P_6 277 277 0.058284 0.11607142857142858 0.1995385 1 1 1
0 P_6 278 278 0.03302275 0.07758620689655173 0.154076 1 1 1
0 P_6 279 279 0.0410639 0.09574468085106383 0.185173 1 1 1
0 P_6 280 280 0.0577225 0.12222222222222222 0.216718 1 1 1
0 P_6 281 281 0.065685 0.13 0.219889 1 1 1
0 P_6 282 282 0.0617625 0.12264150943396226 0.2092295 1 1 1
0 P_6 283 283 0.064717 0.125 0.2092585 1 1 1
0 P_6 284 284 0.02614545 0.075 0.169432 1 1 1
0 P_6 285 285 0.5 0.5 0.5 1 1 1
0 P_6 286 286 0.04128645 0.08870967741935484 0.1642165 1 1 1
0 P_6 287 287 0.5 0.5 0.5 1 1 1
0 P_6 288 288 0.02534185 0.0673076923076923 0.1466735 1 1 1
0 P_6 289 289 0.0598395 0.12244897959183673 0.212746 1 1 1
0 P_6 290 290 0.0598395 0.12244897959183673 0.212746 1 1 1
0 P_6 291 291 0.03602015 0.08888888888888889 0.179507 1 1 1
0 P_6 292 292 0.051052 0.10526315789473684 0.18676 1 1 1
0 P_6 293 293 0.0674655 0.1271186440677966 0.2092215 1 1 1
0 P_6 294 294 0.0516685 0.11 0.1981445 1 1 1
0 P_6 295 295 0.03776075 0.09302325581395349 0.186637 1 1 1
0 P_6 296 296 0.0275141 0.07291666666666667 0.15737 1 1 1
0 P_6 297 297 0.052775 0.11224489795918367 0.201605 1 1 1
0 P_6 298 298 0.0551775 0.11016949152542373 0.1906925 1 1 1
0 P_6 299 299 0.0377228 0.08823529411764706 0.172528 1 1 1
0 P_6 300 300 0.086831 0.15254237288135594 0.2360695 1 1 1
0 P_6 301 301 0.0415072 0.09259259259259259 0.1748625 1 1 1
0 P_6 302 302 0.04295185 0.10526315789473684 0.207161 1 1 1
0 P_6 303 303 0.04405165 0.09803921568627451 0.18378 1 1 1
0 P_6 304 304 0.030817 0.08139534883720931 0.1731255 1 1 1
0 P_6 305 305 0.1024785 0.18085106382978725 0.2748435 1 1 1
0 P_6 306 306 0 0 0 1 1 1
0 P_6 307 307 0 0 0 1 1 1
0 P_6 308 308 0.02534185 0.0673076923076923 0.1466735 1 1 1
0 P_6 309 309 0.0831475 0.16666666666666666 0.2741725 1 1 1
0 P_6 310 310 0.0407233 0.09090909090909091 0.172077 1 1 1
0 P_6 311 311 0.079766 0.15217391304347827 0.247109 1 1 1
0 P_6 312 312 0.035553800000000003 0.08333333333333333 0.1641105 1 1 1
0 P_6 313 313 0.0506075 0.10784313725490197 0.194799 1 1 1
0 P_6 314 314 0.082728 0.1509433962264151 0.2391705 1 1 1
0 P_6 315 315 0.04295185 0.10526315789473684 0.207161 1 1 1
0 P_6 316 316 0.06153 0.140625 0.254662 1 1 1
0 P_6 317 317 0 0 0 1 1 1
0 P_6 318 318 0.077137 0.14423076923076922 0.23307 1 1 1
0 P_6 319 319 0.03869585 0.09523809523809523 0.1904155 1 1 1
0 P_6 320 320 0.03600635 0.0945945945945946 0.1966855 1 1 1
0 P_6 321 321 0.5 0.5 0.5 1 1 1
0 P_6 322 322 0.0502105 0.1111111111111111 0.2045995 1 1 1
0 P_6 323 323 0.0239254 0.06363636363636363 0.139552 1 1 1
0 P_6 324 324 0.1109955 0.1796875 0.2602925 1 1 1
0 P_6 325 325 0.082192 0.15306122448979592 0.2449915 1 1 1
0 P_6 326 326 0.0817345 0.14655172413793102 0.230582 1 1 1
0 P_6 327 327 0 0 0 1 1 1
0 P_6 328 328 0 0 0 1 1 1
0 P_6 329 329 0.090402 0.15384615384615385 0.23334 1 1 1
0 P_6 330 330 0.086206 0.1568627450980392 0.247021 1 1 1
0 P_6 331 331 0.065685 0.13 0.219889 1 1 1
0 P_6 332 332 0.0725 0.13333333333333333 0.2151515 1 1 1
0 P_6 333 333 0.0635195 0.12280701754385964 0.206089 1 1 1
0 P_6 334 334 0.0751535 0.13793103448275862 0.2215185 1 1 1
0 P_6 335 335 0.0714535 0.13725490196078433 0.2266525 1 1 1
0 P_6 336 336 0.10637 0.19047619047619047 0.28949 1 1 1
0 P_6 337 337 0.06859 0.13541666666666666 0.2276045 1 1 1
0 P_6 338 338 0.0717655 0.14130434782608695 0.2358665 1 1 1
0 P_6 339 339 0.0336912 0.08333333333333333 0.1697655 1 1 1
0 P_6 340 340 0.02316825 0.06666666666666667 0.153023 1 1 1
0 P_6 341 341 0.02874635 0.07608695652173914 0.163319 1 1 1
0 P_6 342 342 0.0598395 0.12244897959183673 0.212746 1 1 1
0 P_6 343 343 0.051409 0.11363636363636363 0.2085275 1 1 1
0 P_6 344 344 0.5 0.5 0.5 1 1 1
0 P_6 345 345 0.05737 0.11764705882352941 0.2056065 1 1 1
0 P_6 346 346 0.075588 0.14150943396226415 0.2293435 1 1 1
0 P_6 347 347 0.0817345 0.14655172413793102 0.230582 1 1 1
0 P_6 348 348 0 0 0 1 1 1
0 P_6 349 349 0.189589 0.27049180327868855 0.347761 1 1 1
0 P_6 350 350 0.0281167 0.07446808510638298 0.16029 1 1 1
0 P_6 351 351 0.072974 0.14 0.2304755 1 1 1
0 P_6 352 352 0.077137 0.14423076923076922 0.23307 1 1 1
0 P_6 353 353 0.11416 0.1864406779661017 0.2703455 1 1 1
0 P_6 354 354 0.079766 0.15217391304347827 0.247109 1 1 1
0 P_6 355 355 0.1545995 0.23636363636363636 0.3207915 1 1 1
0 P_6 356 356 0.0630165 0.125 0.2126685 1 1 1
0 P_6 357 357 0.0561755 0.11206896551724138 0.193554 1 1 1
0 P_6 358 358 0.097952 0.17346938775510204 0.2656205 1 1 1
0 P_6 359 359 0.5 0.5 0.5 1 1 1
0 P_6 360 360 0.0672525 0.12962962962962962 0.2158925 1 1 1
0 P_6 361 361 0.116938 0.19791666666666666 0.2904365 1 1 1
0 P_6 362 362 0.03320975 0.0875 0.1841665 1 1 1
0 P_6 363 363 0.087962 0.16304347826086957 0.258154 1 1 1
0 P_6 364 364 0.0539875 0.11904761904761904 0.2168445 1 1 1
0 P_6 365 365 0.0294049 0.07777777777777778 0.1664635 1 1 1
0 P_6 366 366 0.05621 0.11538461538461539 0.20221 1 1 1
0 P_6 367 367 0.0399685 0.08928571428571429 0.169378 1 1 1
0 P_6 368 368 0.0752515 0.14772727272727273 0.2447315 1 1 1
0 P_6 369 369 0.0526665 0.11627906976744186 0.2126065 1 1 1
0 P_6 370 370 0.0674655 0.1271186440677966 0.2092215 1 1 1
0 P_6 371 371 0.059399 0.11818181818181818 0.2026695 1 1 1
0 P_6 372 372 0 0 0 1 1 1
0 P_6 373 373 0 0 0 1 1 1
0 P_6 374 374 0.071295 0.13392857142857142 0.218831 1 1 1
0 P_6 375 375 0.0639725 0.13043478260869565 0.2244135 1 1 1
0 P_6 376 376 0.0902855 0.17073170731707318 0.2714655 1 1 1
0 P_6 377 377 0.0726705 0.13636363636363635 0.222229 1 1 1
0 P_6 378 378 0.0568385 0.125 0.2258345 1 1 1
0 P_6 379 379 0.043987 0.10227272727272728 0.195923 1 1 1
0 P_6 380 380 0.0700285 0.12903225806451613 0.2091335 1 1 1
0 P_6 381 381 0.091821 0.16071428571428573 0.246747 1 1 1
0 P_6 382 382 0.069996 0.1346153846153846 0.2229515 1 1 1
0 P_6 383 383 0.03443325 0.0851063829787234 0.1728945 1 1 1
0 P_6 384 384 0.04505635 0.10465116279069768 0.199784 1 1 1
0 P_6 385 385 0.02756255 0.07894736842105263 0.177011 1 1 1
0 P_6 386 386 0 0 0 1 1 1
0 P_6 387 387 0.3268745 0.4186046511627907 0.469183 1 1 1
0 P_6 388 388 0 0 0 1 1 1
0 P_6 389 389 0.0699705 0.13157894736842105 0.215533 1 1 1
0 P_6 390 390 0.0368699 0.09090909090909091 0.1830035 1 1 1
0 P_6 391 391 0.5 0.5 0.5 1 1 1
0 P_6 392 392 0.0605625 0.12790697674418605 0.2251365 1 1 1
0 P_6 393 393 0.0304147 0.07547169811320754 0.1556635 1 1 1
0 P_6 394 394 0.04592915 0.10204081632653061 0.19024 1 1 1
0 P_6 395 395 0.0469294 0.10416666666666667 0.193641 1 1 1
0 P_6 396 396 0.04958905 0.10576923076923077 0.191563 1 1 1
0 P_6 397 397 0.065392 0.1375 0.2390285 1 1 1
0 P_6 398 398 0.0539875 0.11904761904761904 0.2168445 1 1 1
0 P_6 399 399 0.5 0.5 0.5 1 1 1
0 P_6 400 400 0.0577225 0.12222222222222222 0.216718 1 1 1
0 P_6 401 401 0.09351 0.16101694915254236 0.2447925 1 1 1
0 P_6 402 402 0.03967855 0.0975609756097561 0.1943475 1 1 1
0 P_6 403 403 0.04497075 0.1 0.186955 1 1 1
0 P_6 404 404 0.05737 0.11764705882352941 0.2056065 1 1 1
0 P_6 405 405 0.0407126 0.1 0.198442 1 1 1
0 P_6 406 406 0.083663 0.1590909090909091 0.256328 1 1 1
0 P_6 407 407 0.0377228 0.08823529411764706 0.172528 1 1 1
0 P_6 408 408 0.065392 0.1375 0.2390285 1 1 1
0 P_6 409 409 0 0 0 1 1 1
0 P_6 410 410 0.0526665 0.11627906976744186 0.2126065 1 1 1
0 P_6 411 411 0 0 0 1 1 1
0 P_6 412 412 0.0316456 0.0784313725490196 0.1610165 1 1 1
0 P_6 413 413 0.0415072 0.09259259259259259 0.1748625 1 1 1
0 P_6 414 414 0.0620905 0.13095238095238096 0.229589 1 1 1
0 P_6 415 415 0.04316945 0.09615384615384616 0.1807095 1 1 1
0 P_6 416 416 0.2496495 0.3283582089552239 0.3943525 1 1 1
0 P_6 417 417 0.03229925 0.08 0.163832 1 1 1
0 P_6 418 418 0.0699705 0.13157894736842105 0.215533 1 1 1
0 P_6 419 419 0.078751 0.14705882352941177 0.2369165 1 1 1
0 P_6 420 420 0.04060685 0.0873015873015873 0.161901 1 1 1
0 P_6 421 421 0 0 0 1 1 1
0 P_6 422 422 0.0385059 0.09 0.175527 1 1 1
0 P_6 423 423 0.0561755 0.11206896551724138 0.193554 1 1 1
0 P_6 424 424 0.03932235 0.09183673469387756 0.17863 1 1 1
0 P_6 425 425 0.0639725 0.13043478260869565 0.2244135 1 1 1
0 P_6 426 426 0.082728 0.1509433962264151 0.2391705 1 1 1
0 P_6 427 427 0.0469294 0.10416666666666667 0.193641 1 1 1
0 P_6 428 428 0.0378634 0.0847457627118644 0.1617605 1 1 1
0 P_6 429 429 0.058144 0.11290322580645161 0.1915605 1 1 1
0 P_6 430 430 0.1404765 0.23684210526315788 0.336818 1 1 1
0 P_6 431 431 0.04592915 0.10204081632653061 0.19024 1 1 1
0 P_6 432 432 0.041994 0.09782608695652174 0.188625 1 1 1
0 P_6 433 433 0.076218 0.14583333333333334 0.238511 1 1 1
0 P_6 434 434 0.0625325 0.1276595744680851 0.220388 1 1 1
0 P_6 435 435 0.088058 0.16 0.251137 1 1 1
0 P_6 436 436 0.067106 0.1326530612244898 0.223682 1 1 1
0 P_6 437 437 0.0275141 0.07291666666666667 0.15737 1 1 1
0 P_6 438 438 0.0779515 0.14893617021276595 0.2427365 1 1 1
0 P_6 439 439 0.088058 0.16 0.251137 1 1 1
0 P_6 440 440 0.0636985 0.13414634146341464 0.2342165 1 1 1
0 P_6 441 441 0.1335895 0.21296296296296297 0.2996955 1 1 1
0 P_6 442 442 0.0605575 0.12037037037037036 0.2058985 1 1 1
0 P_6 443 443 0.0712665 0.12878787878787878 0.2062425 1 1 1
0 P_6 444 444 0.18121 0.27 0.354521 1 1 1
0 P_6 445 445 0.069996 0.1346153846153846 0.2229515 1 1 1
0 P_6 446 446 0.079766 0.15217391304347827 0.247109 1 1 1
0 P_6 447 447 0.0401742 0.09375 0.1818435 1 1 1
0 P_6 448 448 0.0385059 0.09 0.175527 1 1 1
0 P_6 449 449 0.078751 0.14705882352941177 0.2369165 1 1 1
0 P_6 450 450 0.100294 0.1694915254237288 0.2534105 1 1 1
0 P_6 451 451 0.091912 0.15625 0.236467 1 1 1
0 P_6 452 452 0 0 0 1 1 1
0 P_6 453 453 0.085666 0.16666666666666666 0.269984 1 1 1
0 P_6 454 454 0.0407126 0.1 0.198442 1 1 1
0 P_6 455 455 0.0920135 0.16666666666666666 0.259778 1 1 1
0 P_6 456 456 0.065685 0.13 0.219889 1 1 1
0 P_6 457 457 0.0401742 0.09375 0.1818435 1 1 1
0 P_6 458 458 0.090009 0.16037735849056603 0.248855 1 1 1
0 P_6 459 459 0.06859 0.13541666666666666 0.2276045 1 1 1
0 P_6 460 460 0.0469294 0.10416666666666667 0.193641 1 1 1
0 P_6 461 461 0.03967855 0.0975609756097561 0.1943475 1 1 1
0 P_6 462 462 0.082192 0.15306122448979592 0.2449915 1 1 1
0 P_6 463 463 0.058284 0.11607142857142858 0.1995385 1 1 1
0 P_6 464 464 0 0 0 1 1 1
0 P_6 465 465 0.071295 0.13392857142857142 0.218831 1 1 1
0 P_6 466 466 0.0362485 0.08490566037735849 0.166825 1 1 1
0 P_6 467 467 0.0927345 0.175 0.2768975 1 1 1
0 P_6 468 468 0.03932235 0.09183673469387756 0.17863 1 1 1
0 P_6 469 469 0.04906695 0.10869565217391304 0.200814 1 1 1
0 P_6 470 470 0.04505635 0.10465116279069768 0.199784 1 1 1
0 P_6 471 471 0.03009435 0.07954545454545454 0.16973 1 1 1
0 P_6 472 472 0.03157525 0.08333333333333333 0.176658 1 1 1
0 P_6 473 473 0.055376 0.12195121951219512 0.2212505 1 1 1
0 P_6 474 474 0.04958905 0.10576923076923077 0.191563 1 1 1
0 P_6 475 475 0.0399685 0.08928571428571429 0.169378 1 1 1
0 P_6 476 476 0.04316945 0.09615384615384616 0.1807095 1 1 1
0 P_6 477 477 0.0281167 0.07446808510638298 0.16029 1 1 1
0 P_6 478 478 0.0598395 0.12244897959183673 0.212746 1 1 1
0 P_6 479 479 0.04861105 0.10377358490566038 0.188431 1 1 1
0 P_6 480 480 0.091821 0.16071428571428573 0.246747 1 1 1
0 P_6 481 481 0.075588 0.14150943396226415 0.2293435 1 1 1
0 P_6 482 482 0.097952 0.17346938775510204 0.2656205 1 1 1
0 P_6 483 483 0 0 0 1 1 1
0 P_6 484 484 0.093811 0.16666666666666666 0.2569745 1 1 1
0 P_6 485 485 0.0605625 0.12790697674418605 0.2251365 1 1 1
0 P_6 486 486 0 0 0 1 1 1
0 P_6 487 487 0.11416 0.1864406779661017 0.2703455 1 1 1
0 P_6 488 488 0.076555 0.14035087719298245 0.2248425 1 1 1
0 P_6 489 489 0.0407233 0.09090909090909091 0.172077 1 1 1
0 P_6 490 490 0.097952 0.17346938775510204 0.2656205 1 1 1
0 P_6 491 491 0.067106 0.1326530612244898 0.223682 1 1 1
0 P_6 492 492 0.03229925 0.08 0.163832 1 1 1
0 P_6 493 493 0.067554 0.14705882352941177 0.2577325 1 1 1
0 P_6 494 494 0 0 0 1 1 1
0 P_6 495 495 0 0 0 1 1 1
0 P_6 496 496 0.0539875 0.11904761904761904 0.2168445 1 1 1
0 P_6 497 497 0.052775 0.11224489795918367 0.201605 1 1 1
0 P_6 498 498 0.2831555 0.38095238095238093 0.4460125 1 1 1
0 P_6 499 499 0.0672525 0.12962962962962962 0.2158925 1 1 1
0 P_6 500 500 0.073467 0.14444444444444443 0.24022 1 1 1
0 P_6 501 501 0.03009435 0.07954545454545454 0.16973 1 1 1
0 P_6 502 502 0.0410639 0.09574468085106383 0.185173 1 1 1
0 P_6 503 503 0.0816675 0.15555555555555556 0.251637 1 1 1
0 P_6 504 504 0.064717 0.125 0.2092585 1 1 1
0 P_6 505 505 0.0585785 0.12 0.2091165 1 1 1
0 P_6 506 506 0 0 0 1 1 1
0 P_6 507 507 0.106066 0.1836734693877551 0.275699 1 1 1
0 P_6 508 508 0.1073715 0.17424242424242425 0.2535815 1 1 1
0 P_6 509 509 0.086206 0.1568627450980392 0.247021 1 1 1
0 P_6 510 510 0.04497075 0.1 0.186955 1 1 1
0 P_6 511 511 0.0879635 0.16666666666666666 0.266233 1 1 1
0 P_6 512 512 0.0585785 0.12 0.2091165 1 1 1
0 P_6 513 513 0.0946105 0.1744186046511628 0.2727495 1 1 1
0 P_6 514 514 0.0635195 0.12280701754385964 0.206089 1 1 1
0 P_6 515 515 0.065685 0.13 0.219889 1 1 1
0 P_6 516 516 0.03932235 0.09183673469387756 0.17863 1 1 1
0 P_6 517 517 0.03302275 0.07758620689655173 0.154076 1 1 1
0 P_6 518 518 0.0687215 0.13953488372093023 0.237398 1 1 1
0 P_6 519 519 0.052997 0.10909090909090909 0.1926525 1 1 1
0 P_6 520 520 0.04416675 0.10810810810810811 0.2118075 1 1 1
0 P_6 521 521 0.04505635 0.10465116279069768 0.199784 1 1 1
0 P_6 522 522 0.0591085 0.125 0.220849 1 1 1
0 P_6 523 523 0.0585785 0.12 0.2091165 1 1 1
0 P_6 524 524 0.0726705 0.13636363636363635 0.222229 1 1 1
0 P_6 525 525 0.0717655 0.14130434782608695 0.2358665 1 1 1
0 P_6 526 526 0.086206 0.1568627450980392 0.247021 1 1 1
0 P_6 527 527 0.3581515 0.4351851851851852 0.4756205 1 1 1
0 P_6 528 528 0.0239254 0.06363636363636363 0.139552 1 1 1
0 P_6 529 529 0.136869 0.22 0.309534 1 1 1
0 P_6 530 530 0.0980585 0.18421052631578946 0.2884055 1 1 1
0 P_6 531 531 0.0532845 0.10655737704918032 0.185212 1 1 1
0 P_6 532 532 0.0475623 0.09836065573770492 0.1759815 1 1 1
0 P_6 533 533 0.04861105 0.10377358490566038 0.188431 1 1 1
0 P_6 534 534 0.1023585 0.1875 0.289005 1 1 1
0 P_6 535 535 0.0774655 0.13934426229508196 0.2208235 1 1 1
0 P_6 536 536 0.065392 0.1375 0.2390285 1 1 1
0 P_6 537 537 0.0778205 0.16176470588235295 0.272437 1 1 1
0 P_6 538 538 0 0 0 1 1 1
0 P_6 539 539 0.0275141 0.07291666666666667 0.15737 1 1 1
0 P_6 540 540 0.06859 0.13541666666666666 0.2276045 1 1 1
0 P_6 541 541 0.05737 0.11764705882352941 0.2056065 1 1 1
0 P_6 542 542 0.0780095 0.14285714285714285 0.228265 1 1 1
0 P_6 543 543 0.0635195 0.12280701754385964 0.206089 1 1 1
0 P_6 544 544 0 0 0 1 1 1
0 P_6 545 545 0.055376 0.12195121951219512 0.2212505 1 1 1
0 P_6 546 546 0.0974245 0.16981132075471697 0.2584035 1 1 1
0 P_6 547 547 0.04980455 0.12121212121212122 0.23262 1 1 1
0 P_6 548 548 0.1115065 0.20270270270270271 0.3071895 1 1 1
0 P_6 549 549 0.0625325 0.1276595744680851 0.220388 1 1 1
0 P_6 550 550 0.03932235 0.09183673469387756 0.17863 1 1 1
0 P_6 551 551 0.1037635 0.18 0.2711705 1 1 1
0 P_6 552 552 0.0617625 0.12264150943396226 0.2092295 1 1 1
0 P_6 553 553 0.03237185 0.08536585365853659 0.180335 1 1 1
0 P_6 554 554 0.0540265 0.1111111111111111 0.195738 1 1 1
0 P_6 555 555 0.04497075 0.1 0.186955 1 1 1
0 P_6 556 556 0 0 0 1 1 1
0 P_6 557 557 0.086831 0.15254237288135594 0.2360695 1 1 1
0 P_6 558 558 0.04060685 0.0873015873015873 0.161901 1 1 1
0 P_6 559 559 0 0 0 1 1 1
0 P_6 560 560 0.0540265 0.1111111111111111 0.195738 1 1 1
0 P_6 561 561 0.04861105 0.10377358490566038 0.188431 1 1 1
0 P_6 562 562 0.04296735 0.1 0.192206 1 1 1
0 P_6 563 563 0.0771255 0.1511627906976744 0.2494105 1 1 1
0 P_6 564 564 0.0551775 0.11016949152542373 0.1906925 1 1 1
0 P_6 565 565 0.0605575 0.12037037037037036 0.2058985 1 1 1
0 P_6 566 566 0.04482025 0.11666666666666667 0.233549 1 1 1
0 P_6 567 567 0.0539875 0.11904761904761904 0.2168445 1 1 1
0 P_6 568 568 0.042322 0.09433962264150944 0.1777385 1 1 1
0 P_6 569 569 0.06859 0.13541666666666666 0.2276045 1 1 1
0 P_6 570 570 0.0283304 0.08108108108108109 0.181057 1 1 1
0 P_6 571 571 0.0173733 0.05555555555555555 0.1391125 1 1 1
0 P_6 572 572 0.04592915 0.10204081632653061 0.19024 1 1 1
0 P_6 573 573 0.064717 0.125 0.2092585 1 1 1
0 P_6 574 574 0.068695 0.12931034482758622 0.212331 1 1 1
0 P_6 575 575 0.065685 0.13 0.219889 1 1 1
0 P_6 576 576 0.0685965 0.1320754716981132 0.2193665 1 1 1
0 P_6 577 577 0.0754285 0.15714285714285714 0.2662625 1 1 1
0 P_6 578 578 0.0442491 0.09482758620689655 0.1741735 1 1 1
0 P_6 579 579 0.0585785 0.12 0.2091165 1 1 1
0 P_6 580 580 0.06859 0.13541666666666666 0.2276045 1 1 1
0 P_6 581 581 0.03443325 0.0851063829787234 0.1728945 1 1 1
0 P_6 582 582 0.04416675 0.10810810810810811 0.2118075 1 1 1
0 P_6 583 583 0.0600095 0.13157894736842105 0.2355805 1 1 1
0 P_6 584 584 0 0 0 1 1 1
0 P_6 585 585 0.16685 0.25510204081632654 0.342245 1 1 1
0 P_6 586 586 0.0591085 0.125 0.220849 1 1 1
0 P_6 587 587 0.0294049 0.07777777777777778 0.1664635 1 1 1
0 P_6 588 588 0.05721 0.11403508771929824 0.1965015 1 1 1
0 P_6 589 589 0.0605625 0.12790697674418605 0.2251365 1 1 1
0 P_6 590 590 0.0745605 0.14285714285714285 0.2344265 1 1 1
0 P_6 591 591 0 0 0 1 1 1
0 P_6 592 592 0 0 0 1 1 1
0 P_6 593 593 0.242846 0.34615384615384615 0.42372 1 1 1
0 P_6 594 594 0.05737 0.11764705882352941 0.2056065 1 1 1
0 P_6 595 595 0.0748605 0.1349206349206349 0.214755 1 1 1
0 P_6 596 596 0 0 0 1 1 1
0 P_6 597 597 0.03994935 0.0859375 0.159649 1 1 1
0 P_6 598 598 0 0 0 1 1 1
0 P_6 599 599 0.08595 0.1595744680851064 0.2536175 1 1 1
0 P_6 600 600 0.03967855 0.0975609756097561 0.1943475 1 1 1
0 P_6 601 601 0.1118345 0.19 0.280968 1 1 1
0 P_6 602 602 0.068855 0.12698412698412698 0.2062465 1 1 1
0 P_6 603 603 0.066279 0.125 0.2061995 1 1 1
0 P_6 604 604 0 0 0 1 1 1
0 P_6 605 605 0.076555 0.14035087719298245 0.2248425 1 1 1
0 P_6 606 606 0 0 0 1 1 1
0 P_6 607 607 0.0442491 0.09482758620689655 0.1741735 1 1 1
0 P_6 608 608 0.0725 0.13333333333333333 0.2151515 1 1 1
0 P_6 609 609 0.0639725 0.13043478260869565 0.2244135 1 1 1
0 P_6 610 610 0.0506775 0.1015625 0.177551 1 1 1
0 P_6 611 611 0.059399 0.11818181818181818 0.2026695 1 1 1
0 P_6 612 612 0.0591085 0.125 0.220849 1 1 1
0 P_6 613 613 0.09351 0.16101694915254236 0.2447925 1 1 1
0 P_6 614 614 0.0492453 0.1016949152542373 0.1812125 1 1 1
0 P_6 615 615 0.0605625 0.12790697674418605 0.2251365 1 1 1
0 P_6 616 616 0.052775 0.11224489795918367 0.201605 1 1 1
0 P_6 617 617 0.04271635 0.09166666666666666 0.16905 1 1 1
0 P_6 618 618 0.0269368 0.07142857142857142 0.1545535 1 1 1
0 P_6 619 619 0.2046135 0.29411764705882354 0.374378 1 1 1
0 P_6 620 620 0.0539875 0.11904761904761904 0.2168445 1 1 1
0 P_6 621 621 0 0 0 1 1 1
0 P_6 622 622 0 0 0 1 1 1
0 P_6 623 623 0.0884325 0.15517241379310345 0.2395275 1 1 1
0 P_6 624 624 0.01210765 0.044444444444444446 0.124627 1 1 1
0 P_6 625 625 0.064323 0.12745098039215685 0.2162195 1 1 1
0 P_6 626 626 0.0385059 0.09 0.175527 1 1 1
0 P_6 627 627 0.313363 0.4069767441860465 0.462239 1 1 1
0 P_6 628 628 0.03967855 0.0975609756097561 0.1943475 1 1 1
0 P_6 629 629 0 0 0 1 1 1
0 P_6 630 630 0.0362485 0.08490566037735849 0.166825 1 1 1
0 P_6 631 631 0.0568385 0.125 0.2258345 1 1 1
0 P_6 632 632 0 0 0 1 1 1
0 P_6 633 633 0.0848535 0.15178571428571427 0.2375685 1 1 1
0 P_6 634 634 0.0726705 0.13636363636363635 0.222229 1 1 1
0 P_6 635 635 0.0865045 0.15454545454545454 0.2412185 1 1 1
0 P_6 636 636 0.051409 0.11363636363636363 0.2085275 1 1 1
0 P_6 637 637 0.055376 0.12195121951219512 0.2212505 1 1 1
0 P_6 638 638 0.0502105 0.1111111111111111 0.2045995 1 1 1
0 P_6 639 639 0 0 0 1 1 1
0 P_6 640 640 0.082192 0.15306122448979592 0.2449915 1 1 1
0 P_6 641 641 0.0348853 0.08181818181818182 0.1614825 1 1 1
0 P_6 642 642 0.0745605 0.14285714285714285 0.2344265 1 1 1
0 P_6 643 643 0.0385059 0.09 0.175527 1 1 1
0 P_6 644 644 0.0714535 0.13725490196078433 0.2266525 1 1 1
0 P_6 645 645 0 0 0 1 1 1
0 P_6 646 646 0 0 0 1 1 1
0 P_6 647 647 0.0378634 0.0847457627118644 0.1617605 1 1 1
0 P_6 648 648 0.0585785 0.12 0.2091165 1 1 1
0 P_6 649 649 0.1049045 0.18478260869565216 0.279688 1 1 1
0 P_6 650 650 0.0591085 0.125 0.220849 1 1 1
0 P_6 651 651 0.03869625 0.08333333333333333 0.155327 1 1 1
0 P_6 652 652 0.0561755 0.11206896551724138 0.193554 1 1 1
0 P_6 653 653 0.21051 0.30952380952380953 0.39363 1 1 1
0 P_6 654 654 0.1256175 0.21428571428571427 0.311901 1 1 1
0 P_6 655 655 0 0 0 1 1 1
0 P_6 656 656 0.0927345 0.175 0.2768975 1 1 1
0 P_6 657 657 0.0506075 0.10784313725490197 0.194799 1 1 1
0 P_6 658 658 0.0283304 0.08108108108108109 0.181057 1 1 1
0 P_6 659 659 0.0810925 0.14814814814814814 0.2354245 1 1 1
0 P_6 660 660 0.04405165 0.09803921568627451 0.18378 1 1 1
0 P_6 661 661 0.0617625 0.12264150943396226 0.2092295 1 1 1
0 P_6 662 662 0.0539305 0.11458333333333333 0.205186 1 1 1
0 P_6 663 663 0.0516685 0.11 0.1981445 1 1 1
0 P_6 664 664 0 0 0 1 1 1
0 P_6 665 665 0.060181 0.11666666666666667 0.197123 1 1 1
0 P_6 666 666 0.0936155 0.16363636363636364 0.250518 1 1 1
0 P_6 667 667 0.0651335 0.12295081967213115 0.2032625 1 1 1
0 P_6 668 668 0.0336912 0.08333333333333333 0.1697655 1 1 1
0 P_6 669 669 0.0865045 0.15454545454545454 0.2412185 1 1 1
0 P_6 670 670 0.0598395 0.12244897959183673 0.212746 1 1 1
0 P_6 671 671 0.06859 0.13541666666666666 0.2276045 1 1 1
0 P_6 672 672 0.0699705 0.13157894736842105 0.215533 1 1 1
0 P_6 673 673 0.077137 0.14423076923076922 0.23307 1 1 1
0 P_6 674 674 0.071243 0.13114754098360656 0.2121005 1 1 1
0 P_6 675 675 0 0 0 1 1 1
0 P_6 676 676 0.03009435 0.07954545454545454 0.16973 1 1 1
0 P_6 677 677 0.04861105 0.10377358490566038 0.188431 1 1 1
0 P_6 678 678 0.0479743 0.10638297872340426 0.197163 1 1 1
0 P_6 679 679 0.119671 0.20212765957446807 0.295401 1 1 1
0 P_6 680 680 0.0687215 0.13953488372093023 0.237398 1 1 1
0 P_6 681 681 0.043987 0.10227272727272728 0.195923 1 1 1
0 P_6 682 682 0.0654945 0.14285714285714285 0.251827 1 1 1
0 P_6 683 683 0.0950895 0.16129032258064516 0.242973 1 1 1
0 P_6 684 684 0.052997 0.10909090909090909 0.1926525 1 1 1
0 P_6 685 685 0 0 0 1 1 1
0 P_6 686 686 0.0701415 0.13829787234042554 0.231664 1 1 1
0 P_6 687 687 0.075588 0.14150943396226415 0.2293435 1 1 1
0 P_6 688 688 0.0625325 0.1276595744680851 0.220388 1 1 1
0 P_6 689 689 0.0401742 0.09375 0.1818435 1 1 1
0 P_6 690 690 0.0605625 0.12790697674418605 0.2251365 1 1 1
0 P_6 691 691 0.065392 0.1375 0.2390285 1 1 1
0 P_6 692 692 0 0 0 1 1 1
0 P_6 693 693 0 0 0 1 1 1
0 P_6 694 694 0.106106 0.17857142857142858 0.264752 1 1 1
0 P_6 695 695 0.078751 0.14705882352941177 0.2369165 1 1 1
0 P_6 696 696 0.051052 0.10526315789473684 0.18676 1 1 1
0 P_6 697 697 0.082728 0.1509433962264151 0.2391705 1 1 1
0 P_6 698 698 0.042322 0.09433962264150944 0.1777385 1 1 1
0 P_6 699 699 0 0 0 1 1 1
0 P_6 700 700 0 0 0 1 1 1
0 P_6 701 701 0.059145 0.11475409836065574 0.1943025 1 1 1
0 P_6 702 702 0 0 0 1 1 1
0 P_6 703 703 0.122388 0.20930232558139536 0.3061945 1 1 1
0 P_6 704 704 0.090071 0.16666666666666666 0.2628495 1 1 1
0 P_6 705 705 0.0950895 0.16129032258064516 0.242973 1 1 1
0 P_6 706 706 0.0469294 0.10416666666666667 0.193641 1 1 1
0 P_6 707 707 0.064717 0.125 0.2092585 1 1 1
0 P_6 708 708 0.0469294 0.10416666666666667 0.193641 1 1 1
0 P_6 709 709 0.073467 0.14444444444444443 0.24022 1 1 1
0 P_6 710 710 0 0 0 1 1 1
0 P_6 711 711 0.0779515 0.14893617021276595 0.2427365 1 1 1
0 P_6 712 712 0.1143285 0.19387755102040816 0.2856275 1 1 1
0 P_6 713 713 0.0989065 0.16964285714285715 0.255807 1 1 1
0 P_6 714 714 0.078751 0.14705882352941177 0.2369165 1 1 1
0 P_6 715 715 0.0407233 0.09090909090909091 0.172077 1 1 1
0 P_6 716 716 0 0 0 1 1 1
0 P_6 717 717 0 0 0 1 1 1
0 P_6 718 718 0.02181715 0.06944444444444445 0.1687265 1 1 1
0 P_6 719 719 0.060181 0.11666666666666667 0.197123 1 1 1
0 P_6 720 720 0.0352088 0.08695652173913043 0.1761395 1 1 1
0 P_6 721 721 0.0654805 0.13333333333333333 0.228585 1 1 1
0 P_6 722 722 0.0377228 0.08823529411764706 0.172528 1 1 1
0 P_6 723 723 0.0625325 0.1276595744680851 0.220388 1 1 1
0 P_6 724 724 0.0701415 0.13829787234042554 0.231664 1 1 1
0 P_6 725 725 0.0407233 0.09090909090909091 0.172077 1 1 1
0 P_6 726 726 0.0292761 0.07272727272727272 0.150652 1 1 1
0 P_6 727 727 0.0752515 0.14772727272727273 0.2447315 1 1 1
0 P_6 728 728 0 0 0 1 1 1
0 P_6 729 729 0.107449 0.18888888888888888 0.2846975 1 1 1
0 P_6 730 730 0.03298055 0.08163265306122448 0.166747 1 1 1
0 P_6 731 731 0 0 0 1 1 1
0 P_6 732 732 0.097952 0.17346938775510204 0.2656205 1 1 1
0 P_6 733 733 0.0837965 0.14754098360655737 0.2294375 1 1 1
0 P_6 734 734 0.0670615 0.13636363636363635 0.2329105 1 1 1
0 P_6 735 735 0.05621 0.11538461538461539 0.20221 1 1 1
0 P_6 736 736 0.079766 0.15217391304347827 0.247109 1 1 1
0 P_6 737 737 0.047671 0.10185185185185185 0.185398 1 1 1
0 P_6 738 738 0.0512945 0.11842105263157894 0.2215625 1 1 1
0 P_6 739 739 0.0564005 0.11956521739130435 0.2127355 1 1 1
0 P_6 740 740 0.0741005 0.1388888888888889 0.2257315 1 1 1
0 P_6 741 741 0.04958905 0.10576923076923077 0.191563 1 1 1
0 P_6 742 742 0.0886755 0.1532258064516129 0.234663 1 1 1
0 P_6 743 743 0.068695 0.12931034482758622 0.212331 1 1 1
0 P_6 744 744 0.1143285 0.19387755102040816 0.2856275 1 1 1
0 P_6 745 745 0.5 0.5 0.5 1 1 1
0 P_6 746 746 0.0526665 0.11627906976744186 0.2126065 1 1 1
0 P_6 747 747 0.0804345 0.15 0.2408885 1 1 1
0 P_6 748 748 0.02549025 0.07317073170731707 0.1658775 1 1 1
0 P_6 749 749 0.0369709 0.08653846153846154 0.169629 1 1 1
0 P_6 750 750 0.030817 0.08139534883720931 0.1731255 1 1 1
0 P_6 751 751 0.0486021 0.1125 0.212317 1 1 1
0 P_6 752 752 0.096344 0.17391304347826086 0.269011 1 1 1
0 P_6 753 753 0.2874755 0.37272727272727274 0.43404 1 1 1
0 P_6 754 754 0.061156 0.125 0.216501 1 1 1
0 P_6 755 755 0.035553800000000003 0.08333333333333333 0.1641105 1 1 1
0 P_6 756 756 0.079766 0.15217391304347827 0.247109 1 1 1
0 P_6 757 757 0.091821 0.16071428571428573 0.246747 1 1 1
0 P_6 758 758 0.04060685 0.0873015873015873 0.161901 1 1 1
0 P_6 759 759 0.0630165 0.125 0.2126685 1 1 1
0 P_6 760 760 0.04505635 0.10465116279069768 0.199784 1 1 1
0 P_6 761 761 0.5 0.5 0.5 1 1 1
0 P_6 762 762 0 0 0 1 1 1
0 P_6 763 763 0.0884325 0.15517241379310345 0.2395275 1 1 1
0 P_6 764 764 0.052775 0.11224489795918367 0.201605 1 1 1
0 P_6 765 765 0.0699705 0.13157894736842105 0.215533 1 1 1
0 P_6 766 766 0.2127295 0.291044776119403 0.362698 1 1 1
0 P_6 767 767 0.067554 0.14705882352941177 0.2577325 1 1 1
0 P_6 768 768 0.0243796 0.06481481481481481 0.1418485 1 1 1
0 P_6 769 769 0.06859 0.13541666666666666 0.2276045 1 1 1
0 P_6 770 770 0.02245555 0.07142857142857142 0.172804 1 1 1
0 P_6 771 771 0 0 0 1 1 1
0 P_6 772 772 0.086831 0.15254237288135594 0.2360695 1 1 1
0 P_6 773 773 0.03814875 0.1 0.2060015 1 1 1
0 P_6 774 774 0.0479743 0.10638297872340426 0.197163 1 1 1
0 P_6 775 775 0 0 0 1 1 1
0 P_6 776 776 0.0342415 0.08035714285714286 0.1589365 1 1 1
0 P_6 777 777 0.043987 0.10227272727272728 0.195923 1 1 1
0 P_6 778 778 0.123236 0.2 0.2865295 1 1 1
0 P_6 779 779 0.072974 0.14 0.2304755 1 1 1
0 P_6 780 780 0 0 0 1 1 1
0 P_6 781 781 0.04861105 0.10377358490566038 0.188431 1 1 1
0 P_6 782 782 0.04271635 0.09166666666666666 0.16905 1 1 1
0 P_6 783 783 0.0469294 0.10416666666666667 0.193641 1 1 1
0 P_6 784 784 0.03869585 0.09523809523809523 0.1904155 1 1 1
0 P_6 785 785 0.04861105 0.10377358490566038 0.188431 1 1 1
0 P_6 786 786 0.08595 0.1595744680851064 0.2536175 1 1 1
0 P_6 787 787 0.17666 0.25862068965517243 0.338979 1 1 1
0 P_6 788 788 0.0532845 0.10655737704918032 0.185212 1 1 1
0 P_6 789 789 0.0636985 0.13414634146341464 0.2342165 1 1 1
0 P_6 790 790 0.128504 0.2127659574468085 0.3054415 1 1 1
0 P_6 791 791 0.0780095 0.14285714285714285 0.228265 1 1 1
0 P_6 792 792 0.0492453 0.1016949152542373 0.1812125 1 1 1
0 P_6 793 793 0.04497075 0.1 0.186955 1 1 1
0 P_6 794 794 0.0539305 0.11458333333333333 0.205186 1 1 1
0 P_6 795 795 0.047671 0.10185185185185185 0.185398 1 1 1
0 P_6 796 796 0.0998635 0.16666666666666666 0.2477975 1 1 1
0 P_6 797 797 0.0216869 0.0625 0.144607 1 1 1
0 P_6 798 798 0.0486021 0.1125 0.212317 1 1 1
0 P_6 799 799 0.0499118 0.11538461538461539 0.2168435 1 1 1
0 P_6 800 800 0 0 0 1 1 1
0 P_6 801 801 0.0600095 0.13157894736842105 0.2355805 1 1 1
0 P_6 802 802 0.0418022 0.10256410256410256 0.2027095 1 1 1
0 P_6 803 803 0.058284 0.11607142857142858 0.1995385 1 1 1
0 P_6 804 804 0.078751 0.14705882352941177 0.2369165 1 1 1
0 P_6 805 805 0.04980455 0.12121212121212122 0.23262 1 1 1
0 P_6 806 806 0.064323 0.12745098039215685 0.2162195 1 1 1
0 P_6 807 807 0.1539625 0.24444444444444444 0.336233 1 1 1
0 P_6 808 808 0.04497075 0.1 0.186955 1 1 1
0 P_6 809 809 0.0704665 0.14285714285714285 0.242056 1 1 1
0 P_6 810 810 0.1838125 0.26785714285714285 0.3484715 1 1 1
0 P_6 811 811 0.095242 0.16379310344827586 0.24836 1 1 1
0 P_6 812 812 0.03704655 0.09722222222222222 0.201238 1 1 1
0 P_6 813 813 0.0568385 0.125 0.2258345 1 1 1
0 P_6 814 814 0.0561755 0.11206896551724138 0.193554 1 1 1
0 P_6 815 815 0.0506075 0.10784313725490197 0.194799 1 1 1
0 P_6 816 816 0.04505635 0.10465116279069768 0.199784 1 1 1
0 P_6 817 817 0.078751 0.14705882352941177 0.2369165 1 1 1
0 P_6 818 818 0.0483891 0.1 0.1785595 1 1 1
0 P_6 819 819 0 0 0 1 1 1
0 P_6 820 820 0.0714535 0.13725490196078433 0.2266525 1 1 1
0 P_6 821 821 0.047671 0.10185185185185185 0.185398 1 1 1
0 P_6 822 822 0 0 0 1 1 1
0 P_6 823 823 0.0974245 0.16981132075471697 0.2584035 1 1 1
0 P_6 824 824 0.03302275 0.07758620689655173 0.154076 1 1 1
0 P_6 825 825 0.08117 0.15853658536585366 0.2593055 1 1 1
0 P_6 826 826 0 0 0 1 1 1
0 P_6 827 827 0.0620905 0.13095238095238096 0.229589 1 1 1
0 P_6 828 828 0.240684 0.3225806451612903 0.391808 1 1 1
0 P_6 829 829 0.115004 0.19230769230769232 0.281482 1 1 1
0 P_6 830 830 0.105234 0.19230769230769232 0.2948375 1 1 1
0 P_6 831 831 0 0 0 1 1 1
0 P_6 832 832 0.03237185 0.08536585365853659 0.180335 1 1 1
0 P_6 833 833 0.05721 0.11403508771929824 0.1965015 1 1 1
0 P_6 834 834 0.03157525 0.08333333333333333 0.176658 1 1 1
0 P_6 835 835 0.0654805 0.13333333333333333 0.228585 1 1 1
0 P_6 836 836 0.0639725 0.13043478260869565 0.2244135 1 1 1
0 P_6 837 837 0.0483891 0.1 0.1785595 1 1 1
0 P_6 838 838 0 0 0 1 1 1
0 P_6 839 839 0.03967855 0.0975609756097561 0.1943475 1 1 1
0 P_6 840 840 0.0710635 0.14864864864864866 0.2546835 1 1 1
0 P_6 841 841 0.1200445 0.2 0.2906255 1 1 1
0 P_6 842 842 0.0458962 0.09821428571428571 0.179613 1 1 1
0 P_6 843 843 0 0 0 1 1 1
0 P_6 844 844 0.084029 0.15625 0.2492325 1 1 1
0 P_6 845 845 0.0492453 0.1016949152542373 0.1812125 1 1 1
0 P_6 846 846 0.0832645 0.14912280701754385 0.2340245 1 1 1
0 P_6 847 847 0.0571765 0.1111111111111111 0.1888935 1 1 1
0 P_6 848 848 0.0516685 0.11 0.1981445 1 1 1
0 P_6 849 849 0.0639725 0.13043478260869565 0.2244135 1 1 1
0 P_6 850 850 0.0685965 0.1320754716981132 0.2193665 1 1 1
0 P_6 851 851 0.190106 0.2635135135135135 0.3349245 1 1 1
0 P_6 852 852 0.04592915 0.10204081632653061 0.19024 1 1 1
0 P_6 853 853 0 0 0 1 1 1
0 P_6 854 854 0.0352088 0.08695652173913043 0.1761395 1 1 1
0 P_6 855 855 0.5 0.5 0.5 1 1 1
0 P_6 856 856 0.0206435 0.06578947368421052 0.161117 1 1 1
0 P_6 857 857 0 0 0 1 1 1
0 P_6 858 858 0.04906695 0.10869565217391304 0.200814 1 1 1
0 P_6 859 859 0.0816675 0.15555555555555556 0.251637 1 1 1
0 P_6 860 860 0.08595 0.1595744680851064 0.2536175 1 1 1
0 P_6 861 861 0.0779515 0.14893617021276595 0.2427365 1 1 1
0 P_6 862 862 0.1037635 0.18 0.2711705 1 1 1
0 P_6 863 863 0.2003045 0.28703703703703703 0.3664105 1 1 1
0 P_6 864 864 0.107449 0.18888888888888888 0.2846975 1 1 1
0 P_6 865 865 0.061254 0.11864406779661017 0.200025 1 1 1
0 P_6 866 866 0.06859 0.13541666666666666 0.2276045 1 1 1
0 P_6 867 867 0.0922845 0.17045454545454544 0.267712 1 1 1
0 P_6 868 868 0.0745605 0.14285714285714285 0.2344265 1 1 1
0 P_6 869 869 0.0410639 0.09574468085106383 0.185173 1 1 1
0 P_6 870 870 0 0 0 1 1 1
0 P_6 871 871 0.5 0.5 0.5 1 1 1
0 P_6 872 872 0.0771255 0.1511627906976744 0.2494105 1 1 1
0 P_6 873 873 0.096344 0.17391304347826086 0.269011 1 1 1
0 P_6 874 874 0.5 0.5 0.5 1 1 1
0 P_6 875 875 0.0958365 0.17 0.2612285 1 1 1
0 P_6 876 876 0.059145 0.11475409836065574 0.1943025 1 1 1
0 P_6 877 877 0.05737 0.11764705882352941 0.2056065 1 1 1
0 P_6 878 878 0.099449 0.17307692307692307 0.2625285 1 1 1
0 P_6 879 879 0.2630835 0.35294117647058826 0.421249 1 1 1
0 P_6 880 880 0.0281167 0.07446808510638298 0.16029 1 1 1
0 P_6 881 881 0.083094 0.171875 0.2856385 1 1 1
1 P_3 0 0 0 0 0 1 1 1
1 P_3 1 1 0.0526665 0.11627906976744186 0.2126065 1 1 1
1 P_3 2 2 0.2363025 0.32407407407407407 0.3971325 1 1 1
1 P_3 3 3 0.2630835 0.35294117647058826 0.421249 1 1 1
1 P_3 4 4 0 0 0 1 1 1
1 P_3 5 5 0.2559645 0.358974358974359 0.4328215 1 1 1
1 P_3 6 6 0 0 0 1 1 1
1 P_3 7 7 0 0 0 1 1 1
1 P_3 8 8 0 0 0 1 1 1
1 P_3 9 9 0 0 0 1 1 1
1 P_3 10 10 0 0 0 1 1 1
1 P_3 11 11 0 0 0 1 1 1
1 P_3 12 12 0 0 0 1 1 1
1 P_3 13 13 0 0 0 1 1 1
1 P_3 14 14 0.5 0.5 0.5 1 1 1
1 P_3 15 15 0 0 0 1 1 1
1 P_3 16 16 0 0 0 1 1 1
1 P_3 17 17 0 0 0 1 1 1
1 P_3 18 18 0 0 0 1 1 1
1 P_3 19 19 0 0 0 1 1 1
1 P_3 20 20 0 0 0 1 1 1
1 P_3 21 21 0 0 0 1 1 1
1 P_3 22 22 0 0 0 1 1 1
1 P_3 23 23 0.5 0.5 0.5 1 1 1
1 P_3 24 24 0 0 0 1 1 1
1 P_3 25 25 0 0 0 1 1 1
1 P_3 26 26 0 0 0 1 1 1
1 P_3 27 27 0 0 0 1 1 1
1 P_3 28 28 0.076218 0.14583333333333334 0.238511 1 1 1
1 P_3 29 29 0 0 0 1 1 1
1 P_3 30 30 0 0 0 1 1 1
1 P_3 31 31 0 0 0 1 1 1
1 P_3 32 32 0 0 0 1 1 1
1 P_3 33 33 0 0 0 1 1 1
1 P_3 34 34 0 0 0 1 1 1
1 P_3 35 35 0 0 0 1 1 1
1 P_3 36 36 0 0 0 1 1 1
1 P_3 37 37 0 0 0 1 1 1
1 P_3 38 38 0 0 0 1 1 1
1 P_3 39 39 0 0 0 1 1 1
1 P_3 40 40 0.5 0.5 0.5 1 1 1
1 P_3 41 41 0 0 0 1 1 1
1 P_3 42 42 0 0 0 1 1 1
1 P_3 43 43 0.0922845 0.17045454545454544 0.267712 1 1 1
1 P_3 44 44 0 0 0 1 1 1
1 P_3 45 45 0 0 0 1 1 1
1 P_3 46 46 0 0 0 1 1 1
1 P_3 47 47 0 0 0 1 1 1
1 P_3 48 48 0 0 0 1 1 1
1 P_3 49 49 0 0 0 1 1 1
1 P_3 50 50 0.5 0.5 0.5 1 1 1
1 P_3 51 51 0 0 0 1 1 1
1 P_3 52 52 0 0 0 1 1 1
1 P_3 53 53 0 0 0 1 1 1
1 P_3 54 54 0.0900945 0.15789473684210525 0.243085 1 1 1
1 P_3 55 55 0 0 0 1 1 1
1 P_3 56 56 0 0 0 1 1 1
1 P_3 57 57 0 0 0 1 1 1
1 P_3 58 58 0 0 0 1 1 1
1 P_3 59 59 0 0 0 1 1 1
1 P_3 60 60 0 0 0 1 1 1
1 P_3 61 61 0 0 0 1 1 1
1 P_3 62 62 0 0 0 1 1 1
1 P_3 63 63 0 0 0 1 1 1
1 P_3 64 64 0.287254 0.37755102040816324 0.4401605 1 1 1
1 P_3 65 65 0.2559645 0.358974358974359 0.4328215 1 1 1
1 P_3 66 66 0.5 0.5 0.5 1 1 1
1 P_3 67 67 0.0958365 0.17 0.2612285 1 1 1
1 P_3 68 68 0 0 0 1 1 1
1 P_3 69 69 0 0 0 1 1 1
1 P_3 70 70 0 0 0 1 1 1
1 P_3 71 71 0 0 0 1 1 1
1 P_3 72 72 0 0 0 1 1 1
1 P_3 73 73 0.2455985 0.3333333333333333 0.4045185 1 1 1
1 P_3 74 74 0 0 0 1 1 1
1 P_3 75 75 0 0 0 1 1 1
1 P_3 76 76 0.3004615 0.38392857142857145 0.441716 1 1 1
1 P_3 77 77 0.2995935 0.3790322580645161 0.4359725 1 1 1
1 P_3 78 78 0 0 0 1 1 1
1 P_3 79 79 0 0 0 1 1 1
1 P_3 80 80 0 0 0 1 1 1
1 P_3 81 81 0 0 0 1 1 1
1 P_3 82 82 0 0 0 1 1 1
1 P_3 83 83 0 0 0 1 1 1
1 P_3 84 84 0 0 0 1 1 1
1 P_3 85 85 0.269418 0.35344827586206895 0.4182655 1 1 1
1 P_3 86 86 0.2630835 0.35294117647058826 0.421249 1 1 1
1 P_3 87 87 0 0 0 1 1 1
1 P_3 88 88 0 0 0 1 1 1
1 P_3 89 89 0 0 0 1 1 1
1 P_3 90 90 0.253253 0.3392857142857143 0.408179 1 1 1
1 P_3 91 91 0 0 0 1 1 1
1 P_3 92 92 0.0568385 0.125 0.2258345 1 1 1
1 P_3 93 93 0 0 0 1 1 1
1 P_3 94 94 0 0 0 1 1 1
1 P_3 95 95 0 0 0 1 1 1
1 P_3 96 96 0 0 0 1 1 1
1 P_3 97 97 0 0 0 1 1 1
1 P_3 98 98 0 0 0 1 1 1
1 P_3 99 99 0 0 0 1 1 1
1 P_3 100 100 0 0 0 1 1 1
1 P_3 101 101 0 0 0 1 1 1
1 P_3 102 102 0 0 0 1 1 1
1 P_3 103 103 0.058381 0.1282051282051282 0.2306075 1 1 1
1 P_3 104 104 0 0 0 1 1 1
1 P_3 105 105 0 0 0 1 1 1
1 P_3 106 106 0 0 0 1 1 1
1 P_3 107 107 0 0 0 1 1 1
1 P_3 108 108 0 0 0 1 1 1
1 P_3 109 109 0 0 0 1 1 1
1 P_3 110 110 0 0 0 1 1 1
1 P_3 111 111 0 0 0 1 1 1
1 P_3 112 112 0.31754 0.4 0.4532335 1 1 1
1 P_3 113 113 0 0 0 1 1 1
1 P_3 114 114 0 0 0 1 1 1
1 P_3 115 115 0 0 0 1 1 1
1 P_3 116 116 0 0 0 1 1 1
1 P_3 117 117 0.5 0.5 0.5 1 1 1
1 P_3 118 118 0.2505895 0.3488372093023256 0.4228745 1 1 1
1 P_3 119 119 0 0 0 1 1 1
1 P_3 120 120 0 0 0 1 1 1
1 P_3 121 121 0 0 0 1 1 1
1 P_3 122 122 0 0 0 1 1 1
1 P_3 123 123 0 0 0 1 1 1
1 P_3 124 124 0 0 0 1 1 1
1 P_3 125 125 0 0 0 1 1 1
1 P_3 126 126 0.5 0.5 0.5 1 1 1
1 P_3 127 127 0 0 0 1 1 1
1 P_3 128 128 0 0 0 1 1 1
1 P_3 129 129 0 0 0 1 1 1
1 P_3 130 130 0 0 0 1 1 1
1 P_3 131 131 0 0 0 1 1 1
1 P_3 132 132 0 0 0 1 1 1
1 P_3 133 133 0 0 0 1 1 1
1 P_3 134 134 0.1103745 0.18518518518518517 0.2728715 1 1 1
1 P_3 135 135 0 0 0 1 1 1
1 P_3 136 136 0 0 0 1 1 1
1 P_3 137 137 0.0672525 0.12962962962962962 0.2158925 1 1 1
1 P_3 138 138 0 0 0 1 1 1
1 P_3 139 139 0 0 0 1 1 1
1 P_3 140 140 0 0 0 1 1 1
1 P_3 141 141 0 0 0 1 1 1
1 P_3 142 142 0 0 0 1 1 1
1 P_3 143 143 0 0 0 1 1 1
1 P_3 144 144 0 0 0 1 1 1
1 P_3 145 145 0.213718 0.3018867924528302 0.379566 1 1 1
1 P_3 146 146 0 0 0 1 1 1
1 P_3 147 147 0 0 0 1 1 1
1 P_3 148 148 0.2670895 0.36363636363636365 0.4329385 1 1 1
1 P_3 149 149 0 0 0 1 1 1
1 P_3 150 150 0 0 0 1 1 1
1 P_3 151 151 0.2396505 0.3472222222222222 0.4268195 1 1 1
1 P_3 152 152 0.230016 0.3333333333333333 0.414334 1 1 1
1 P_3 153 153 0.5 0.5 0.5 1 1 1
1 P_3 154 154 0.30976 0.3979591836734694 0.454071 1 1 1
1 P_3 155 155 0 0 0 1 1 1
1 P_3 156 156 0 0 0 1 1 1
1 P_3 157 157 0 0 0 1 1 1
1 P_3 158 158 0 0 0 1 1 1
1 P_3 159 159 0 0 0 1 1 1
1 P_3 160 160 0 0 0 1 1 1
1 P_3 161 161 0 0 0 1 1 1
1 P_3 162 162 0 0 0 1 1 1
1 P_3 163 163 0 0 0 1 1 1
1 P_3 164 164 0 0 0 1 1 1
1 P_3 165 165 0.5 0.5 0.5 1 1 1
1 P_3 166 166 0 0 0 1 1 1
1 P_3 167 167 0 0 0 1 1 1
1 P_3 168 168 0 0 0 1 1 1
1 P_3 169 169 0 0 0 1 1 1
1 P_3 170 170 0 0 0 1 1 1
1 P_3 171 171 0 0 0 1 1 1
1 P_3 172 172 0 0 0 1 1 1
1 P_3 173 173 0 0 0 1 1 1
1 P_3 174 174 0 0 0 1 1 1
1 P_3 175 175 0 0 0 1 1 1
1 P_3 176 176 0 0 0 1 1 1
1 P_3 177 177 0 0 0 1 1 1
1 P_3 178 178 0 0 0 1 1 1
1 P_3 179 179 0 0 0 1 1 1
1 P_3 180 180 0.5 0.5 0.5 1 1 1
1 P_3 181 181 0 0 0 1 1 1
1 P_3 182 182 0 0 0 1 1 1
1 P_3 183 183 0 0 0 1 1 1
1 P_3 184 184 0 0 0 1 1 1
1 P_3 185 185 0 0 0 1 1 1
1 P_3 186 186 0 0 0 1 1 1
1 P_3 187 187 0.060181 0.11666666666666667 0.197123 1 1 1
1 P_3 188 188 0 0 0 1 1 1
1 P_3 189 189 0 0 0 1 1 1
1 P_3 190 190 0 0 0 1 1 1
1 P_3 191 191 0 0 0 1 1 1
1 P_3 192 192 0 0 0 1 1 1
1 P_3 193 193 0 0 0 1 1 1
1 P_3 194 194 0.282252 0.3629032258064516 0.4238595 1 1 1
1 P_3 195 195 0 0 0 1 1 1
1 P_3 196 196 0 0 0 1 1 1
1 P_3 197 197 0 0 0 1 1 1
1 P_3 198 198 0 0 0 1 1 1
1 P_3 199 199 0 0 0 1 1 1
1 P_3 200 200 0 0 0 1 1 1
1 P_3 201 201 0 0 0 1 1 1
1 P_3 202 202 0 0 0 1 1 1
1 P_3 203 203 0 0 0 1 1 1
1 P_3 204 204 0 0 0 1 1 1
1 P_3 205 205 0 0 0 1 1 1
1 P_3 206 206 0.2941015 0.37962962962962965 0.4394425 1 1 1
1 P_3 207 207 0 0 0 1 1 1
1 P_3 208 208 0 0 0 1 1 1
1 P_3 209 209 0 0 0 1 1 1
1 P_3 210 210 0 0 0 1 1 1
1 P_3 211 211 0.249482 0.33636363636363636 0.4063845 1 1 1
1 P_3 212 212 0 0 0 1 1 1
1 P_3 213 213 0 0 0 1 1 1
1 P_3 214 214 0 0 0 1 1 1
1 P_3 215 215 0 0 0 1 1 1
1 P_3 216 216 0 0 0 1 1 1
1 P_3 217 217 0 0 0 1 1 1
1 P_3 218 218 0 0 0 1 1 1
1 P_3 219 219 0.296203 0.39285714285714285 0.453821 1 1 1
1 P_3 220 220 0 0 0 1 1 1
1 P_3 221 221 0 0 0 1 1 1
1 P_3 222 222 0 0 0 1 1 1
1 P_3 223 223 0 0 0 1 1 1
1 P_3 224 224 0.5 0.5 0.5 1 1 1
1 P_3 225 225 0 0 0 1 1 1
1 P_3 226 226 0 0 0 1 1 1
1 P_3 227 227 0 0 0 1 1 1
1 P_3 228 228 0.1760795 0.2653061224489796 0.3512045 1 1 1
1 P_3 229 229 0 0 0 1 1 1
1 P_3 230 230 0.0620905 0.13095238095238096 0.229589 1 1 1
1 P_3 231 231 0 0 0 1 1 1
1 P_3 232 232 0 0 0 1 1 1
1 P_3 233 233 0 0 0 1 1 1
1 P_3 234 234 0.272947 0.38235294117647056 0.451736 1 1 1
1 P_3 235 235 0 0 0 1 1 1
1 P_3 236 236 0 0 0 1 1 1
1 P_3 237 237 0 0 0 1 1 1
1 P_3 238 238 0.059399 0.11818181818181818 0.2026695 1 1 1
1 P_3 239 239 0 0 0 1 1 1
1 P_3 240 240 0 0 0 1 1 1
1 P_3 241 241 0 0 0 1 1 1
1 P_3 242 242 0 0 0 1 1 1
1 P_3 243 243 0 0 0 1 1 1
1 P_3 244 244 0 0 0 1 1 1
1 P_3 245 245 0 0 0 1 1 1
1 P_3 246 246 0.164886 0.2625 0.35684 1 1 1
1 P_3 247 247 0 0 0 1 1 1
1 P_3 248 248 0 0 0 1 1 1
1 P_3 249 249 0 0 0 1 1 1
1 P_3 250 250 0 0 0 1 1 1
1 P_3 251 251 0 0 0 1 1 1
1 P_3 252 252 0.1174695 0.19607843137254902 0.2859845 1 1 1
1 P_3 253 253 0 0 0 1 1 1
1 P_3 254 254 0 0 0 1 1 1
1 P_3 255 255 0 0 0 1 1 1
1 P_3 256 256 0 0 0 1 1 1
1 P_3 257 257 0 0 0 1 1 1
1 P_3 258 258 0.082728 0.1509433962264151 0.2391705 1 1 1
1 P_3 259 259 0 0 0 1 1 1
1 P_3 260 260 0 0 0 1 1 1
1 P_3 261 261 0 0 0 1 1 1
1 P_3 262 262 0 0 0 1 1 1
1 P_3 263 263 0 0 0 1 1 1
1 P_3 264 264 0 0 0 1 1 1
1 P_3 265 265 0 0 0 1 1 1
1 P_3 266 266 0 0 0 1 1 1
1 P_3 267 267 0.0654805 0.13333333333333333 0.228585 1 1 1
1 P_3 268 268 0 0 0 1 1 1
1 P_3 269 269 0 0 0 1 1 1
1 P_3 270 270 0 0 0 1 1 1
1 P_3 271 271 0 0 0 1 1 1
1 P_3 272 272 0 0 0 1 1 1
1 P_3 273 273 0 0 0 1 1 1
1 P_3 274 274 0 0 0 1 1 1
1 P_3 275 275 0 0 0 1 1 1
1 P_3 276 276 0 0 0 1 1 1
1 P_3 277 277 0 0 0 1 1 1
1 P_3 278 278 0 0 0 1 1 1
1 P_3 279 279 0 0 0 1 1 1
1 P_3 280 280 0 0 0 1 1 1
1 P_3 281 281 0 0 0 1 1 1
1 P_3 282 282 0 0 0 1 1 1
1 P_3 283 283 0 0 0 1 1 1
1 P_3 284 284 0.2550085 0.3469387755102041 0.417808 1 1 1
1 P_3 285 285 0.5 0.5 0.5 1 1 1
1 P_3 286 286 0 0 0 1 1 1
1 P_3 287 287 0.5 0.5 0.5 1 1 1
1 P_3 288 288 0 0 0 1 1 1
1 P_3 289 289 0 0 0 1 1 1
1 P_3 290 290 0 0 0 1 1 1
1 P_3 291 291 0.061156 0.125 0.216501 1 1 1
1 P_3 292 292 0 0 0 1 1 1
1 P_3 293 293 0 0 0 1 1 1
1 P_3 294 294 0 0 0 1 1 1
1 P_3 295 295 0 0 0 1 1 1
1 P_3 296 296 0 0 0 1 1 1
1 P_3 297 297 0 0 0 1 1 1
1 P_3 298 298 0 0 0 1 1 1
1 P_3 299 299 0 0 0 1 1 1
1 P_3 300 300 0.219032 0.31 0.3881655 1 1 1
1 P_3 301 301 0 0 0 1 1 1
1 P_3 302 302 0 0 0 1 1 1
1 P_3 303 303 0 0 0 1 1 1
1 P_3 304 304 0 0 0 1 1 1
1 P_3 305 305 0 0 0 1 1 1
1 P_3 306 306 0 0 0 1 1 1
1 P_3 307 307 0 0 0 1 1 1
1 P_3 308 308 0 0 0 1 1 1
1 P_3 309 309 0 0 0 1 1 1
1 P_3 310 310 0 0 0 1 1 1
1 P_3 311 311 0.2415965 0.330188679245283 0.4025755 1 1 1
1 P_3 312 312 0 0 0 1 1 1
1 P_3 313 313 0 0 0 1 1 1
1 P_3 314 314 0 0 0 1 1 1
1 P_3 315 315 0 0 0 1 1 1
1 P_3 316 316 0 0 0 1 1 1
1 P_3 317 317 0 0 0 1 1 1
1 P_3 318 318 0 0 0 1 1 1
1 P_3 319 319 0 0 0 1 1 1
1 P_3 320 320 0.0832645 0.14912280701754385 0.2340245 1 1 1
1 P_3 321 321 0.5 0.5 0.5 1 1 1
1 P_3 322 322 0 0 0 1 1 1
1 P_3 323 323 0 0 0 1 1 1
1 P_3 324 324 0.2140155 0.30392156862745096 0.3825305 1 1 1
1 P_3 325 325 0 0 0 1 1 1
1 P_3 326 326 0 0 0 1 1 1
1 P_3 327 327 0 0 0 1 1 1
1 P_3 328 328 0 0 0 1 1 1
1 P_3 329 329 0 0 0 1 1 1
1 P_3 330 330 0 0 0 1 1 1
1 P_3 331 331 0 0 0 1 1 1
1 P_3 332 332 0 0 0 1 1 1
1 P_3 333 333 0 0 0 1 1 1
1 P_3 334 334 0 0 0 1 1 1
1 P_3 335 335 0 0 0 1 1 1
1 P_3 336 336 0.240222 0.3333333333333333 0.4079865 1 1 1
1 P_3 337 337 0 0 0 1 1 1
1 P_3 338 338 0.3181565 0.40625 0.459826 1 1 1
1 P_3 339 339 0 0 0 1 1 1
1 P_3 340 340 0 0 0 1 1 1
1 P_3 341 341 0 0 0 1 1 1
1 P_3 342 342 0 0 0 1 1 1
1 P_3 343 343 0 0 0 1 1 1
1 P_3 344 344 0.5 0.5 0.5 1 1 1
1 P_3 345 345 0.2559645 0.358974358974359 0.4328215 1 1 1
1 P_3 346 346 0 0 0 1 1 1
1 P_3 347 347 0 0 0 1 1 1
1 P_3 348 348 0 0 0 1 1 1
1 P_3 349 349 0.2784815 0.3620689655172414 0.4248465 1 1 1
1 P_3 350 350 0 0 0 1 1 1
1 P_3 351 351 0 0 0 1 1 1
1 P_3 352 352 0 0 0 1 1 1
1 P_3 353 353 0 0 0 1 1 1
1 P_3 354 354 0 0 0 1 1 1
1 P_3 355 355 0.235683 0.32978723404255317 0.4058715 1 1 1
1 P_3 356 356 0 0 0 1 1 1
1 P_3 357 357 0 0 0 1 1 1
1 P_3 358 358 0 0 0 1 1 1
1 P_3 359 359 0.5 0.5 0.5 1 1 1
1 P_3 360 360 0.0779515 0.14893617021276595 0.2427365 1 1 1
1 P_3 361 361 0 0 0 1 1 1
1 P_3 362 362 0 0 0 1 1 1
1 P_3 363 363 0 0 0 1 1 1
1 P_3 364 364 0 0 0 1 1 1
1 P_3 365 365 0 0 0 1 1 1
1 P_3 366 366 0 0 0 1 1 1
1 P_3 367 367 0.113637 0.1956521739130435 0.2901915 1 1 1
1 P_3 368 368 0 0 0 1 1 1
1 P_3 369 369 0 0 0 1 1 1
1 P_3 370 370 0 0 0 1 1 1
1 P_3 371 371 0 0 0 1 1 1
1 P_3 372 372 0 0 0 1 1 1
1 P_3 373 373 0 0 0 1 1 1
1 P_3 374 374 0 0 0 1 1 1
1 P_3 375 375 0 0 0 1 1 1
1 P_3 376 376 0 0 0 1 1 1
1 P_3 377 377 0 0 0 1 1 1
1 P_3 378 378 0 0 0 1 1 1
1 P_3 379 379 0 0 0 1 1 1
1 P_3 380 380 0 0 0 1 1 1
1 P_3 381 381 0 0 0 1 1 1
1 P_3 382 382 0 0 0 1 1 1
1 P_3 383 383 0 0 0 1 1 1
1 P_3 384 384 0 0 0 1 1 1
1 P_3 385 385 0 0 0 1 1 1
1 P_3 386 386 0 0 0 1 1 1
1 P_3 387 387 0.5 0.5 0.5 1 1 1
1 P_3 388 388 0 0 0 1 1 1
1 P_3 389 389 0 0 0 1 1 1
1 P_3 390 390 0.076218 0.14583333333333334 0.238511 1 1 1
1 P_3 391 391 0.5 0.5 0.5 1 1 1
1 P_3 392 392 0.217354 0.3017241379310345 0.376481 1 1 1
1 P_3 393 393 0 0 0 1 1 1
1 P_3 394 394 0 0 0 1 1 1
1 P_3 395 395 0 0 0 1 1 1
1 P_3 396 396 0 0 0 1 1 1
1 P_3 397 397 0 0 0 1 1 1
1 P_3 398 398 0 0 0 1 1 1
1 P_3 399 399 0.5 0.5 0.5 1 1 1
1 P_3 400 400 0 0 0 1 1 1
1 P_3 401 401 0 0 0 1 1 1
1 P_3 402 402 0 0 0 1 1 1
1 P_3 403 403 0 0 0 1 1 1
1 P_3 404 404 0.209028 0.2903225806451613 0.3645765 1 1 1
1 P_3 405 405 0.263533 0.34375 0.408088 1 1 1
1 P_3 406 406 0 0 0 1 1 1
1 P_3 407 407 0 0 0 1 1 1
1 P_3 408 408 0 0 0 1 1 1
1 P_3 409 409 0 0 0 1 1 1
1 P_3 410 410 0 0 0 1 1 1
1 P_3 411 411 0 0 0 1 1 1
1 P_3 412 412 0 0 0 1 1 1
1 P_3 413 413 0 0 0 1 1 1
1 P_3 414 414 0 0 0 1 1 1
1 P_3 415 415 0.082192 0.15306122448979592 0.2449915 1 1 1
1 P_3 416 416 0.5 0.5 0.5 1 1 1
1 P_3 417 417 0 0 0 1 1 1
1 P_3 418 418 0 0 0 1 1 1
1 P_3 419 419 0 0 0 1 1 1
1 P_3 420 420 0.0502105 0.1111111111111111 0.2045995 1 1 1
1 P_3 421 421 0 0 0 1 1 1
1 P_3 422 422 0 0 0 1 1 1
1 P_3 423 423 0 0 0 1 1 1
1 P_3 424 424 0 0 0 1 1 1
1 P_3 425 425 0 0 0 1 1 1
1 P_3 426 426 0 0 0 1 1 1
1 P_3 427 427 0 0 0 1 1 1
1 P_3 428 428 0 0 0 1 1 1
1 P_3 429 429 0 0 0 1 1 1
1 P_3 430 430 0.205943 0.3142857142857143 0.403644 1 1 1
1 P_3 431 431 0 0 0 1 1 1
1 P_3 432 432 0 0 0 1 1 1
1 P_3 433 433 0.25164 0.33620689655172414 0.404758 1 1 1
1 P_3 434 434 0 0 0 1 1 1
1 P_3 435 435 0 0 0 1 1 1
1 P_3 436 436 0.2455985 0.3333333333333333 0.4045185 1 1 1
1 P_3 437 437 0 0 0 1 1 1
1 P_3 438 438 0 0 0 1 1 1
1 P_3 439 439 0.314602 0.39814814814814814 0.452329 1 1 1
1 P_3 440 440 0 0 0 1 1 1
1 P_3 441 441 0 0 0 1 1 1
1 P_3 442 442 0 0 0 1 1 1
1 P_3 443 443 0.1712585 0.25 0.3287415 1 1 1
1 P_3 444 444 0.342439 0.4358974358974359 0.479897 1 1 1
1 P_3 445 445 0 0 0 1 1 1
1 P_3 446 446 0 0 0 1 1 1
1 P_3 447 447 0 0 0 1 1 1
1 P_3 448 448 0 0 0 1 1 1
1 P_3 449 449 0 0 0 1 1 1
1 P_3 450 450 0 0 0 1 1 1
1 P_3 451 451 0 0 0 1 1 1
1 P_3 452 452 0.106106 0.17857142857142858 0.264752 1 1 1
1 P_3 453 453 0 0 0 1 1 1
1 P_3 454 454 0 0 0 1 1 1
1 P_3 455 455 0 0 0 1 1 1
1 P_3 456 456 0 0 0 1 1 1
1 P_3 457 457 0 0 0 1 1 1
1 P_3 458 458 0 0 0 1 1 1
1 P_3 459 459 0 0 0 1 1 1
1 P_3 460 460 0 0 0 1 1 1
1 P_3 461 461 0.0989065 0.16964285714285715 0.255807 1 1 1
1 P_3 462 462 0 0 0 1 1 1
1 P_3 463 463 0 0 0 1 1 1
1 P_3 464 464 0.082192 0.15306122448979592 0.2449915 1 1 1
1 P_3 465 465 0 0 0 1 1 1
1 P_3 466 466 0 0 0 1 1 1
1 P_3 467 467 0 0 0 1 1 1
1 P_3 468 468 0 0 0 1 1 1
1 P_3 469 469 0 0 0 1 1 1
1 P_3 470 470 0 0 0 1 1 1
1 P_3 471 471 0 0 0 1 1 1
1 P_3 472 472 0 0 0 1 1 1
1 P_3 473 473 0 0 0 1 1 1
1 P_3 474 474 0 0 0 1 1 1
1 P_3 475 475 0 0 0 1 1 1
1 P_3 476 476 0 0 0 1 1 1
1 P_3 477 477 0 0 0 1 1 1
1 P_3 478 478 0 0 0 1 1 1
1 P_3 479 479 0 0 0 1 1 1
1 P_3 480 480 0.3023715 0.38095238095238093 0.4370415 1 1 1
1 P_3 481 481 0 0 0 1 1 1
1 P_3 482 482 0 0 0 1 1 1
1 P_3 483 483 0 0 0 1 1 1
1 P_3 484 484 0 0 0 1 1 1
1 P_3 485 485 0 0 0 1 1 1
1 P_3 486 486 0.0927345 0.175 0.2768975 1 1 1
1 P_3 487 487 0 0 0 1 1 1
1 P_3 488 488 0.262602 0.36046511627906974 0.4312785 1 1 1
1 P_3 489 489 0 0 0 1 1 1
1 P_3 490 490 0 0 0 1 1 1
1 P_3 491 491 0 0 0 1 1 1
1 P_3 492 492 0 0 0 1 1 1
1 P_3 493 493 0 0 0 1 1 1
1 P_3 494 494 0 0 0 1 1 1
1 P_3 495 495 0 0 0 1 1 1
1 P_3 496 496 0 0 0 1 1 1
1 P_3 497 497 0 0 0 1 1 1
1 P_3 498 498 0.5 0.5 0.5 1 1 1
1 P_3 499 499 0 0 0 1 1 1
1 P_3 500 500 0 0 0 1 1 1
1 P_3 501 501 0 0 0 1 1 1
1 P_3 502 502 0 0 0 1 1 1
1 P_3 503 503 0 0 0 1 1 1
1 P_3 504 504 0 0 0 1 1 1
1 P_3 505 505 0 0 0 1 1 1
1 P_3 506 506 0.1011065 0.18181818181818182 0.2788935 1 1 1
1 P_3 507 507 0 0 0 1 1 1
1 P_3 508 508 0 0 0 1 1 1
1 P_3 509 509 0 0 0 1 1 1
1 P_3 510 510 0 0 0 1 1 1
1 P_3 511 511 0 0 0 1 1 1
1 P_3 512 512 0.0540265 0.1111111111111111 0.195738 1 1 1
1 P_3 513 513 0 0 0 1 1 1
1 P_3 514 514 0.222303 0.3090909090909091 0.3843385 1 1 1
1 P_3 515 515 0 0 0 1 1 1
1 P_3 516 516 0 0 0 1 1 1
1 P_3 517 517 0 0 0 1 1 1
1 P_3 518 518 0 0 0 1 1 1
1 P_3 519 519 0 0 0 1 1 1
1 P_3 520 520 0 0 0 1 1 1
1 P_3 521 521 0 0 0 1 1 1
1 P_3 522 522 0 0 0 1 1 1
1 P_3 523 523 0 0 0 1 1 1
1 P_3 524 524 0 0 0 1 1 1
1 P_3 525 525 0.25164 0.33620689655172414 0.404758 1 1 1
1 P_3 526 526 0 0 0 1 1 1
1 P_3 527 527 0.5 0.5 0.5 1 1 1
1 P_3 528 528 0 0 0 1 1 1
1 P_3 529 529 0.232288 0.32954545454545453 0.4077155 1 1 1
1 P_3 530 530 0 0 0 1 1 1
1 P_3 531 531 0 0 0 1 1 1
1 P_3 532 532 0 0 0 1 1 1
1 P_3 533 533 0 0 0 1 1 1
1 P_3 534 534 0 0 0 1 1 1
1 P_3 535 535 0 0 0 1 1 1
1 P_3 536 536 0 0 0 1 1 1
1 P_3 537 537 0 0 0 1 1 1
1 P_3 538 538 0.0902305 0.1557377049180328 0.2379475 1 1 1
1 P_3 539 539 0.058284 0.11607142857142858 0.1995385 1 1 1
1 P_3 540 540 0 0 0 1 1 1
1 P_3 541 541 0 0 0 1 1 1
1 P_3 542 542 0 0 0 1 1 1
1 P_3 543 543 0 0 0 1 1 1
1 P_3 544 544 0 0 0 1 1 1
1 P_3 545 545 0 0 0 1 1 1
1 P_3 546 546 0 0 0 1 1 1
1 P_3 547 547 0 0 0 1 1 1
1 P_3 548 548 0 0 0 1 1 1
1 P_3 549 549 0 0 0 1 1 1
1 P_3 550 550 0 0 0 1 1 1
1 P_3 551 551 0 0 0 1 1 1
1 P_3 552 552 0.065685 0.13 0.219889 1 1 1
1 P_3 553 553 0 0 0 1 1 1
1 P_3 554 554 0 0 0 1 1 1
1 P_3 555 555 0 0 0 1 1 1
1 P_3 556 556 0 0 0 1 1 1
1 P_3 557 557 0.241846 0.33695652173913043 0.412038 1 1 1
1 P_3 558 558 0 0 0 1 1 1
1 P_3 559 559 0 0 0 1 1 1
1 P_3 560 560 0 0 0 1 1 1
1 P_3 561 561 0 0 0 1 1 1
1 P_3 562 562 0 0 0 1 1 1
1 P_3 563 563 0 0 0 1 1 1
1 P_3 564 564 0 0 0 1 1 1
1 P_3 565 565 0 0 0 1 1 1
1 P_3 566 566 0 0 0 1 1 1
1 P_3 567 567 0 0 0 1 1 1
1 P_3 568 568 0.084431 0.15384615384615385 0.2430345 1 1 1
1 P_3 569 569 0 0 0 1 1 1
1 P_3 570 570 0 0 0 1 1 1
1 P_3 571 571 0 0 0 1 1 1
1 P_3 572 572 0 0 0 1 1 1
1 P_3 573 573 0 0 0 1 1 1
1 P_3 574 574 0 0 0 1 1 1
1 P_3 575 575 0.075588 0.14150943396226415 0.2293435 1 1 1
1 P_3 576 576 0 0 0 1 1 1
1 P_3 577 577 0 0 0 1 1 1
1 P_3 578 578 0 0 0 1 1 1
1 P_3 579 579 0 0 0 1 1 1
1 P_3 580 580 0 0 0 1 1 1
1 P_3 581 581 0 0 0 1 1 1
1 P_3 582 582 0.29779 0.38461538461538464 0.44379 1 1 1
1 P_3 583 583 0 0 0 1 1 1
1 P_3 584 584 0.0492453 0.1016949152542373 0.1812125 1 1 1
1 P_3 585 585 0.301558 0.4 0.4592875 1 1 1
1 P_3 586 586 0 0 0 1 1 1
1 P_3 587 587 0 0 0 1 1 1
1 P_3 588 588 0 0 0 1 1 1
1 P_3 589 589 0 0 0 1 1 1
1 P_3 590 590 0 0 0 1 1 1
1 P_3 591 591 0 0 0 1 1 1
1 P_3 592 592 0 0 0 1 1 1
1 P_3 593 593 0.5 0.5 0.5 1 1 1
1 P_3 594 594 0 0 0 1 1 1
1 P_3 595 595 0.2140155 0.30392156862745096 0.3825305 1 1 1
1 P_3 596 596 0.1084735 0.1875 0.2803745 1 1 1
1 P_3 597 597 0 0 0 1 1 1
1 P_3 598 598 0 0 0 1 1 1
1 P_3 599 599 0 0 0 1 1 1
1 P_3 600 600 0 0 0 1 1 1
1 P_3 601 601 0.2972905 0.3974358974358974 0.458198 1 1 1
1 P_3 602 602 0.251145 0.33962264150943394 0.409991 1 1 1
1 P_3 603 603 0 0 0 1 1 1
1 P_3 604 604 0 0 0 1 1 1
1 P_3 605 605 0 0 0 1 1 1
1 P_3 606 606 0 0 0 1 1 1
1 P_3 607 607 0 0 0 1 1 1
1 P_3 608 608 0 0 0 1 1 1
1 P_3 609 609 0 0 0 1 1 1
1 P_3 610 610 0 0 0 1 1 1
1 P_3 611 611 0 0 0 1 1 1
1 P_3 612 612 0 0 0 1 1 1
1 P_3 613 613 0 0 0 1 1 1
1 P_3 614 614 0 0 0 1 1 1
1 P_3 615 615 0 0 0 1 1 1
1 P_3 616 616 0 0 0 1 1 1
1 P_3 617 617 0 0 0 1 1 1
1 P_3 618 618 0 0 0 1 1 1
1 P_3 619 619 0.2806335 0.36792452830188677 0.4314035 1 1 1
1 P_3 620 620 0 0 0 1 1 1
1 P_3 621 621 0 0 0 1 1 1
1 P_3 622 622 0 0 0 1 1 1
1 P_3 623 623 0.252979 0.3431372549019608 0.413794 1 1 1
1 P_3 624 624 0 0 0 1 1 1
1 P_3 625 625 0 0 0 1 1 1
1 P_3 626 626 0 0 0 1 1 1
1 P_3 627 627 0.5 0.5 0.5 1 1 1
1 P_3 628 628 0 0 0 1 1 1
1 P_3 629 629 0.0783255 0.13846153846153847 0.2172095 1 1 1
1 P_3 630 630 0 0 0 1 1 1
1 P_3 631 631 0 0 0 1 1 1
1 P_3 632 632 0.1115065 0.20270270270270271 0.3071895 1 1 1
1 P_3 633 633 0 0 0 1 1 1
1 P_3 634 634 0.1103745 0.18518518518518517 0.2728715 1 1 1
1 P_3 635 635 0 0 0 1 1 1
1 P_3 636 636 0.217354 0.3017241379310345 0.376481 1 1 1
1 P_3 637 637 0 0 0 1 1 1
1 P_3 638 638 0 0 0 1 1 1
1 P_3 639 639 0.035553800000000003 0.08333333333333333 0.1641105 1 1 1
1 P_3 640 640 0 0 0 1 1 1
1 P_3 641 641 0 0 0 1 1 1
1 P_3 642 642 0 0 0 1 1 1
1 P_3 643 643 0 0 0 1 1 1
1 P_3 644 644 0 0 0 1 1 1
1 P_3 645 645 0.087174 0.15079365079365079 0.2314655 1 1 1
1 P_3 646 646 0 0 0 1 1 1
1 P_3 647 647 0 0 0 1 1 1
1 P_3 648 648 0 0 0 1 1 1
1 P_3 649 649 0.2641335 0.358695652173913 0.4282345 1 1 1
1 P_3 650 650 0 0 0 1 1 1
1 P_3 651 651 0 0 0 1 1 1
1 P_3 652 652 0 0 0 1 1 1
1 P_3 653 653 0.2332175 0.3235294117647059 0.39844 1 1 1
1 P_3 654 654 0 0 0 1 1 1
1 P_3 655 655 0 0 0 1 1 1
1 P_3 656 656 0.2559645 0.358974358974359 0.4328215 1 1 1
1 P_3 657 657 0 0 0 1 1 1
1 P_3 658 658 0 0 0 1 1 1
1 P_3 659 659 0 0 0 1 1 1
1 P_3 660 660 0.2374025 0.34210526315789475 0.4215615 1 1 1
1 P_3 661 661 0 0 0 1 1 1
1 P_3 662 662 0 0 0 1 1 1
1 P_3 663 663 0 0 0 1 1 1
1 P_3 664 664 0.077137 0.14423076923076922 0.23307 1 1 1
1 P_3 665 665 0 0 0 1 1 1
1 P_3 666 666 0 0 0 1 1 1
1 P_3 667 667 0 0 0 1 1 1
1 P_3 668 668 0 0 0 1 1 1
1 P_3 669 669 0 0 0 1 1 1
1 P_3 670 670 0 0 0 1 1 1
1 P_3 671 671 0 0 0 1 1 1
1 P_3 672 672 0 0 0 1 1 1
1 P_3 673 673 0 0 0 1 1 1
1 P_3 674 674 0.2166135 0.3170731707317073 0.400363 1 1 1
1 P_3 675 675 0 0 0 1 1 1
1 P_3 676 676 0 0 0 1 1 1
1 P_3 677 677 0 0 0 1 1 1
1 P_3 678 678 0 0 0 1 1 1
1 P_3 679 679 0 0 0 1 1 1
1 P_3 680 680 0 0 0 1 1 1
1 P_3 681 681 0 0 0 1 1 1
1 P_3 682 682 0 0 0 1 1 1
1 P_3 683 683 0.2552685 0.3522727272727273 0.4247485 1 1 1
1 P_3 684 684 0 0 0 1 1 1
1 P_3 685 685 0 0 0 1 1 1
1 P_3 686 686 0 0 0 1 1 1
1 P_3 687 687 0 0 0 1 1 1
1 P_3 688 688 0 0 0 1 1 1
1 P_3 689 689 0 0 0 1 1 1
1 P_3 690 690 0 0 0 1 1 1
1 P_3 691 691 0 0 0 1 1 1
1 P_3 692 692 0 0 0 1 1 1
1 P_3 693 693 0 0 0 1 1 1
1 P_3 694 694 0.2140155 0.30392156862745096 0.3825305 1 1 1
1 P_3 695 695 0 0 0 1 1 1
1 P_3 696 696 0 0 0 1 1 1
1 P_3 697 697 0 0 0 1 1 1
1 P_3 698 698 0 0 0 1 1 1
1 P_3 699 699 0 0 0 1 1 1
1 P_3 700 700 0 0 0 1 1 1
1 P_3 701 701 0 0 0 1 1 1
1 P_3 702 702 0 0 0 1 1 1
1 P_3 703 703 0 0 0 1 1 1
1 P_3 704 704 0 0 0 1 1 1
1 P_3 705 705 0 0 0 1 1 1
1 P_3 706 706 0 0 0 1 1 1
1 P_3 707 707 0 0 0 1 1 1
1 P_3 708 708 0 0 0 1 1 1
1 P_3 709 709 0 0 0 1 1 1
1 P_3 710 710 0 0 0 1 1 1
1 P_3 711 711 0 0 0 1 1 1
1 P_3 712 712 0.240684 0.3225806451612903 0.391808 1 1 1
1 P_3 713 713 0.3010775 0.3867924528301887 0.4449035 1 1 1
1 P_3 714 714 0 0 0 1 1 1
1 P_3 715 715 0 0 0 1 1 1
1 P_3 716 716 0 0 0 1 1 1
1 P_3 717 717 0 0 0 1 1 1
1 P_3 718 718 0.248363 0.34444444444444444 0.4183325 1 1 1
1 P_3 719 719 0 0 0 1 1 1
1 P_3 720 720 0 0 0 1 1 1
1 P_3 721 721 0 0 0 1 1 1
1 P_3 722 722 0.064717 0.125 0.2092585 1 1 1
1 P_3 723 723 0 0 0 1 1 1
1 P_3 724 724 0 0 0 1 1 1
1 P_3 725 725 0 0 0 1 1 1
1 P_3 726 726 0 0 0 1 1 1
1 P_3 727 727 0 0 0 1 1 1
1 P_3 728 728 0 0 0 1 1 1
1 P_3 729 729 0 0 0 1 1 1
1 P_3 730 730 0 0 0 1 1 1
1 P_3 731 731 0 0 0 1 1 1
1 P_3 732 732 0.1164095 0.2 0.295348 1 1 1
1 P_3 733 733 0 0 0 1 1 1
1 P_3 734 734 0 0 0 1 1 1
1 P_3 735 735 0 0 0 1 1 1
1 P_3 736 736 0 0 0 1 1 1
1 P_3 737 737 0 0 0 1 1 1
1 P_3 738 738 0 0 0 1 1 1
1 P_3 739 739 0 0 0 1 1 1
1 P_3 740 740 0 0 0 1 1 1
1 P_3 741 741 0 0 0 1 1 1
1 P_3 742 742 0 0 0 1 1 1
1 P_3 743 743 0 0 0 1 1 1
1 P_3 744 744 0 0 0 1 1 1
1 P_3 745 745 0.5 0.5 0.5 1 1 1
1 P_3 746 746 0 0 0 1 1 1
1 P_3 747 747 0 0 0 1 1 1
1 P_3 748 748 0 0 0 1 1 1
1 P_3 749 749 0 0 0 1 1 1
1 P_3 750 750 0.232179 0.32075471698113206 0.39503 1 1 1
1 P_3 751 751 0 0 0 1 1 1
1 P_3 752 752 0 0 0 1 1 1
1 P_3 753 753 0.5 0.5 0.5 1 1 1
1 P_3 754 754 0 0 0 1 1 1
1 P_3 755 755 0 0 0 1 1 1
1 P_3 756 756 0 0 0 1 1 1
1 P_3 757 757 0 0 0 1 1 1
1 P_3 758 758 0 0 0 1 1 1
1 P_3 759 759 0 0 0 1 1 1
1 P_3 760 760 0 0 0 1 1 1
1 P_3 761 761 0.5 0.5 0.5 1 1 1
1 P_3 762 762 0 0 0 1 1 1
1 P_3 763 763 0 0 0 1 1 1
1 P_3 764 764 0.239136 0.32456140350877194 0.3959055 1 1 1
1 P_3 765 765 0 0 0 1 1 1
1 P_3 766 766 0.2091325 0.2962962962962963 0.374262 1 1 1
1 P_3 767 767 0 0 0 1 1 1
1 P_3 768 768 0.1335895 0.21296296296296297 0.2996955 1 1 1
1 P_3 769 769 0.277771 0.36363636363636365 0.4273295 1 1 1
1 P_3 770 770 0 0 0 1 1 1
1 P_3 771 771 0.1049045 0.18478260869565216 0.279688 1 1 1
1 P_3 772 772 0 0 0 1 1 1
1 P_3 773 773 0 0 0 1 1 1
1 P_3 774 774 0 0 0 1 1 1
1 P_3 775 775 0 0 0 1 1 1
1 P_3 776 776 0 0 0 1 1 1
1 P_3 777 777 0 0 0 1 1 1
1 P_3 778 778 0.304262 0.3888888888888889 0.4459735 1 1 1
1 P_3 779 779 0 0 0 1 1 1
1 P_3 780 780 0 0 0 1 1 1
1 P_3 781 781 0 0 0 1 1 1
1 P_3 782 782 0.222303 0.3090909090909091 0.3843385 1 1 1
1 P_3 783 783 0 0 0 1 1 1
1 P_3 784 784 0 0 0 1 1 1
1 P_3 785 785 0 0 0 1 1 1
1 P_3 786 786 0 0 0 1 1 1
1 P_3 787 787 0.2095635 0.3020833333333333 0.383062 1 1 1
1 P_3 788 788 0 0 0 1 1 1
1 P_3 789 789 0 0 0 1 1 1
1 P_3 790 790 0 0 0 1 1 1
1 P_3 791 791 0 0 0 1 1 1
1 P_3 792 792 0.05621 0.11538461538461539 0.20221 1 1 1
1 P_3 793 793 0 0 0 1 1 1
1 P_3 794 794 0 0 0 1 1 1
1 P_3 795 795 0 0 0 1 1 1
1 P_3 796 796 0.2463825 0.3404255319148936 0.41405 1 1 1
1 P_3 797 797 0.0670615 0.13636363636363635 0.2329105 1 1 1
1 P_3 798 798 0 0 0 1 1 1
1 P_3 799 799 0 0 0 1 1 1
1 P_3 800 800 0 0 0 1 1 1
1 P_3 801 801 0.2751575 0.35964912280701755 0.423445 1 1 1
1 P_3 802 802 0 0 0 1 1 1
1 P_3 803 803 0 0 0 1 1 1
1 P_3 804 804 0 0 0 1 1 1
1 P_3 805 805 0 0 0 1 1 1
1 P_3 806 806 0.0902855 0.17073170731707318 0.2714655 1 1 1
1 P_3 807 807 0.226133 0.32222222222222224 0.4013325 1 1 1
1 P_3 808 808 0 0 0 1 1 1
1 P_3 809 809 0 0 0 1 1 1
1 P_3 810 810 0.220312 0.31521739130434784 0.3950955 1 1 1
1 P_3 811 811 0.2727635 0.3559322033898305 0.41974 1 1 1
1 P_3 812 812 0 0 0 1 1 1
1 P_3 813 813 0 0 0 1 1 1
1 P_3 814 814 0 0 0 1 1 1
1 P_3 815 815 0 0 0 1 1 1
1 P_3 816 816 0.287254 0.37755102040816324 0.4401605 1 1 1
1 P_3 817 817 0 0 0 1 1 1
1 P_3 818 818 0 0 0 1 1 1
1 P_3 819 819 0 0 0 1 1 1
1 P_3 820 820 0 0 0 1 1 1
1 P_3 821 821 0 0 0 1 1 1
1 P_3 822 822 0 0 0 1 1 1
1 P_3 823 823 0 0 0 1 1 1
1 P_3 824 824 0 0 0 1 1 1
1 P_3 825 825 0 0 0 1 1 1
1 P_3 826 826 0 0 0 1 1 1
1 P_3 827 827 0.231247 0.3181818181818182 0.391802 1 1 1
1 P_3 828 828 0.248363 0.34444444444444444 0.4183325 1 1 1
1 P_3 829 829 0 0 0 1 1 1
1 P_3 830 830 0.256915 0.34210526315789475 0.4099055 1 1 1
1 P_3 831 831 0.061156 0.125 0.216501 1 1 1
1 P_3 832 832 0 0 0 1 1 1
1 P_3 833 833 0 0 0 1 1 1
1 P_3 834 834 0 0 0 1 1 1
1 P_3 835 835 0 0 0 1 1 1
1 P_3 836 836 0 0 0 1 1 1
1 P_3 837 837 0 0 0 1 1 1
1 P_3 838 838 0 0 0 1 1 1
1 P_3 839 839 0 0 0 1 1 1
1 P_3 840 840 0 0 0 1 1 1
1 P_3 841 841 0.3034985 0.38596491228070173 0.44279 1 1 1
1 P_3 842 842 0.076218 0.14583333333333334 0.238511 1 1 1
1 P_3 843 843 0 0 0 1 1 1
1 P_3 844 844 0 0 0 1 1 1
1 P_3 845 845 0 0 0 1 1 1
1 P_3 846 846 0 0 0 1 1 1
1 P_3 847 847 0 0 0 1 1 1
1 P_3 848 848 0 0 0 1 1 1
1 P_3 849 849 0.2217875 0.30701754385964913 0.3814775 1 1 1
1 P_3 850 850 0 0 0 1 1 1
1 P_3 851 851 0.232288 0.32954545454545453 0.4077155 1 1 1
1 P_3 852 852 0 0 0 1 1 1
1 P_3 853 853 0 0 0 1 1 1
1 P_3 854 854 0 0 0 1 1 1
1 P_3 855 855 0.5 0.5 0.5 1 1 1
1 P_3 856 856 0 0 0 1 1 1
1 P_3 857 857 0 0 0 1 1 1
1 P_3 858 858 0 0 0 1 1 1
1 P_3 859 859 0 0 0 1 1 1
1 P_3 860 860 0 0 0 1 1 1
1 P_3 861 861 0 0 0 1 1 1
1 P_3 862 862 0 0 0 1 1 1
1 P_3 863 863 0.2645755 0.35185185185185186 0.4189075 1 1 1
1 P_3 864 864 0.2343795 0.32653061224489793 0.402048 1 1 1
1 P_3 865 865 0 0 0 1 1 1
1 P_3 866 866 0 0 0 1 1 1
1 P_3 867 867 0 0 0 1 1 1
1 P_3 868 868 0 0 0 1 1 1
1 P_3 869 869 0 0 0 1 1 1
1 P_3 870 870 0 0 0 1 1 1
1 P_3 871 871 0.5 0.5 0.5 1 1 1
1 P_3 872 872 0 0 0 1 1 1
1 P_3 873 873 0 0 0 1 1 1
1 P_3 874 874 0.5 0.5 0.5 1 1 1
1 P_3 875 875 0.298395 0.3877551020408163 0.447225 1 1 1
1 P_3 876 876 0 0 0 1 1 1
1 P_3 877 877 0 0 0 1 1 1
1 P_3 878 878 0 0 0 1 1 1
1 P_3 879 879 0.5 0.5 0.5 1 1 1
1 P_3 880 880 0 0 0 1 1 1
1 P_3 881 881 0.2005475 0.2857142857142857 0.3640215 1 1 1
