10 #m
11 #n
0 P_6 0 0 0.5 0.5 0.5 1 1 1
0 P_6 1 1 0 0 0 1 1 1
0 P_6 2 2 0.5 0.5 0.5 1 1 1
0 P_6 3 3 0.4187175 0.43353174603174605 0.4462585 1 1 1
0 P_6 4 4 0 0 0 1 1 1
0 P_6 5 5 0.5 0.5 0.5 1 1 1
0 P_6 6 6 0 0 0 1 1 1
0 P_6 7 7 0.2173285 0.23763874873864782 0.258092 1 1 1
0 P_6 8 8 0.5 0.5 0.5 1 1 1
0 P_6 9 9 0 0 0 1 1 1
0 P_6 10 10 0 0 0 1 1 1
1 P_4 0 0 0.5 0.5 0.5 1 1 1
1 P_4 1 1 0.147523 0.1661676646706587 0.1857715 1 1 1
1 P_4 2 2 0.5 0.5 0.5 1 1 1
1 P_4 3 3 0.5 0.5 0.5 1 1 1
1 P_4 4 4 0.1349985 0.15345005149330587 0.173042 1 1 1
1 P_4 5 5 0.5 0.5 0.5 1 1 1
1 P_4 6 6 0.0726155 0.08740894901144641 0.1041425 1 1 1
1 P_4 7 7 0.2542915 0.2745779543197617 0.2945845 1 1 1
1 P_4 8 8 0.5 0.5 0.5 1 1 1
1 P_4 9 9 0.0625855 0.07644628099173553 0.0923625 1 1 1
1 P_4 10 10 0.142982 0.1613861386138614 0.1807965 1 1 1
2 P_8 0 0 0.5 0.5 0.5 1 1 1
2 P_8 1 1 0 0 0 1 1 1
2 P_8 2 2 0.5 0.5 0.5 1 1 1
2 P_8 3 3 0.5 0.5 0.5 1 1 1
2 P_8 4 4 0 0 0 1 1 1
2 P_8 5 5 0.5 0.5 0.5 1 1 1
2 P_8 6 6 0.1407895 0.15900195694716243 0.1782355 1 1 1
2 P_8 7 7 0.391752 0.408203125 0.4228825 1 1 1
2 P_8 8 8 0.5 0.5 0.5 1 1 1
2 P_8 9 9 0 0 0 1 1 1
2 P_8 10 10 0 0 0 1 1 1
3 P_9 0 0 0.5 0.5 0.5 1 1 1
3 P_9 1 1 0 0 0 1 1 1
3 P_9 2 2 0.5 0.5 0.5 1 1 1
3 P_9 3 3 0.3712265 0.38923395445134573 0.405589 1 1 1
3 P_9 4 4 0 0 0 1 1 1
3 P_9 5 5 0.5 0.5 0.5 1 1 1
3 P_9 6 6 0 0 0 1 1 1
3 P_9 7 7 0 0 0 1 1 1
3 P_9 8 8 0.5 0.5 0.5 1 1 1
3 P_9 9 9 0.138442 0.15671641791044777 0.1760555 1 1 1
3 P_9 10 10 0 0 0 1 1 1
4 P_3 0 0 0.5 0.5 0.5 1 1 1
4 P_3 1 1 0.160255 0.17935871743486975 0.1992745 1 1 1
4 P_3 2 2 0.5 0.5 0.5 1 1 1
4 P_3 3 3 0.5 0.5 0.5 1 1 1
4 P_3 4 4 0.165651 0.1844106463878327 0.2038855 1 1 1
4 P_3 5 5 0.5 0.5 0.5 1 1 1
4 P_3 6 6 0 0 0 1 1 1
4 P_3 7 7 0 0 0 1 1 1
4 P_3 8 8 0.5 0.5 0.5 1 1 1
4 P_3 9 9 0 0 0 1 1 1
4 P_3 10 10 0.163435 0.18279022403258655 0.2029305 1 1 1
5 P_5 0 0 0.5 0.5 0.5 1 1 1
5 P_5 1 1 0 0 0 1 1 1
5 P_5 2 2 0.5 0.5 0.5 1 1 1
5 P_5 3 3 0.5 0.5 0.5 1 1 1
5 P_5 4 4 0 0 0 1 1 1
5 P_5 5 5 0.5 0.5 0.5 1 1 1
5 P_5 6 6 0 0 0 1 1 1
5 P_5 7 7 0 0 0 1 1 1
5 P_5 8 8 0.5 0.5 0.5 1 1 1
5 P_5 9 9 0 0 0 1 1 1
5 P_5 10 10 0 0 0 1 1 1
6 P_0 0 0 0.5 0.5 0.5 1 1 1
6 P_0 1 1 0 0 0 1 1 1
6 P_0 2 2 0.5 0.5 0.5 1 1 1
6 P_0 3 3 0.135287 0.15335305719921105 0.172512 1 1 1
6 P_0 4 4 0 0 0 1 1 1
6 P_0 5 5 0.5 0.5 0.5 1 1 1
6 P_0 6 6 0 0 0 1 1 1
6 P_0 7 7 0 0 0 1 1 1
6 P_0 8 8 0.5 0.5 0.5 1 1 1
6 P_0 9 9 0.1442725 0.16259765625 0.1819015 1 1 1
6 P_0 10 10 0 0 0 1 1 1
7 P_7 0 0 0.5 0.5 0.5 1 1 1
7 P_7 1 1 0.071079 0.08540218470705065 0.1015995 1 1 1
7 P_7 2 2 0.5 0.5 0.5 1 1 1
7 P_7 3 3 0.5 0.5 0.5 1 1 1
7 P_7 4 4 0.062447 0.07607607607607608 0.091701 1 1 1
7 P_7 5 5 0.5 0.5 0.5 1 1 1
7 P_7 6 6 0 0 0 1 1 1
7 P_7 7 7 0.095283 0.11168562564632885 0.1297285 1 1 1
7 P_7 8 8 0.5 0.5 0.5 1 1 1
7 P_7 9 9 0.245039 0.26570545829042225 0.2861865 1 1 1
7 P_7 10 10 0.0715245 0.08565928777670838 0.101608 1 1 1
8 P_1 0 0 0.5 0.5 0.5 1 1 1
8 P_1 1 1 0.0483454 0.06091101694915254 0.0757725 1 1 1
8 P_1 2 2 0.5 0.5 0.5 1 1 1
8 P_1 3 3 0.5 0.5 0.5 1 1 1
8 P_1 4 4 0.054742 0.06763527054108216 0.0826235 1 1 1
8 P_1 5 5 0.5 0.5 0.5 1 1 1
8 P_1 6 6 0 0 0 1 1 1
8 P_1 7 7 0 0 0 1 1 1
8 P_1 8 8 0.5 0.5 0.5 1 1 1
8 P_1 9 9 0.4239325 0.43851626016260165 0.4509035 1 1 1
8 P_1 10 10 0.0538155 0.06666666666666667 0.0816405 1 1 1
9 P_2 0 0 0.5 0.5 0.5 1 1 1
9 P_2 1 1 0.0448447 0.05667001003009027 0.0707185 1 1 1
9 P_2 2 2 0.5 0.5 0.5 1 1 1
9 P_2 3 3 0.419132 0.4340770791075051 0.446882 1 1 1
9 P_2 4 4 0.050149 0.0625 0.0769835 1 1 1
9 P_2 5 5 0.5 0.5 0.5 1 1 1
9 P_2 6 6 0 0 0 1 1 1
9 P_2 7 7 0 0 0 1 1 1
9 P_2 8 8 0.5 0.5 0.5 1 1 1
9 P_2 9 9 0.1800965 0.19979818365287588 0.220081 1 1 1
9 P_2 10 10 0.04435395 0.05623721881390593 0.0703915 1 1 1
