10 #m
8 #n
0 P_9 0 0 0.5 0.5 0.5 1 1 1
0 P_9 1 1 0.3652825 0.4423076923076923 0.4800165 1 1 1
0 P_9 2 2 0.2920285 0.3902439024390244 0.4526405 1 1 1
0 P_9 3 3 0.370904 0.44166666666666665 0.478113 1 1 1
0 P_9 4 4 0 0 0 1 1 1
0 P_9 5 5 0.3526865 0.4262295081967213 0.4686505 1 1 1
0 P_9 6 6 0.362938 0.4411764705882353 0.479616 1 1 1
0 P_9 7 7 0.3073475 0.39090909090909093 0.447003 1 1 1
1 P_2 0 0 0.5 0.5 0.5 1 1 1
1 P_2 1 1 0.5 0.5 0.5 1 1 1
1 P_2 2 2 0.5 0.5 0.5 1 1 1
1 P_2 3 3 0.5 0.5 0.5 1 1 1
1 P_2 4 4 0 0 0 1 1 1
1 P_2 5 5 0.5 0.5 0.5 1 1 1
1 P_2 6 6 0.5 0.5 0.5 1 1 1
1 P_2 7 7 0.5 0.5 0.5 1 1 1
2 P_7 0 0 0.5 0.5 0.5 1 1 1
2 P_7 1 1 0.340806 0.43023255813953487 0.475726 1 1 1
2 P_7 2 2 0.342261 0.41304347826086957 0.458156 1 1 1
2 P_7 3 3 0.340806 0.43023255813953487 0.475726 1 1 1
2 P_7 4 4 0 0 0 1 1 1
2 P_7 5 5 0.3454465 0.42857142857142855 0.473063 1 1 1
2 P_7 6 6 0.355233 0.4418604651162791 0.481803 1 1 1
2 P_7 7 7 0.348165 0.43 0.4736165 1 1 1
3 P_6 0 0 0.5 0.5 0.5 1 1 1
3 P_6 1 1 0.204589 0.29591836734693877 0.377264 1 1 1
3 P_6 2 2 0.143704 0.22321428571428573 0.30787 1 1 1
3 P_6 3 3 0.1408225 0.22826086956521738 0.32071 1 1 1
3 P_6 4 4 0 0 0 1 1 1
3 P_6 5 5 0.1732935 0.2542372881355932 0.334406 1 1 1
3 P_6 6 6 0.1359785 0.21428571428571427 0.2994525 1 1 1
3 P_6 7 7 0.148006 0.23863636363636365 0.331995 1 1 1
4 P_1 0 0 0.5 0.5 0.5 1 1 1
4 P_1 1 1 0.2645755 0.35185185185185186 0.4189075 1 1 1
4 P_1 2 2 0.204652 0.3 0.3835905 1 1 1
4 P_1 3 3 0.244193 0.33035714285714285 0.4010935 1 1 1
4 P_1 4 4 0 0 0 1 1 1
4 P_1 5 5 0.179464 0.2857142857142857 0.381414 1 1 1
4 P_1 6 6 0.276318 0.3673469387755102 0.432894 1 1 1
4 P_1 7 7 0.170903 0.2545454545454545 0.3373 1 1 1
5 P_3 0 0 0.5 0.5 0.5 1 1 1
5 P_3 1 1 0 0 0 1 1 1
5 P_3 2 2 0 0 0 1 1 1
5 P_3 3 3 0 0 0 1 1 1
5 P_3 4 4 0 0 0 1 1 1
5 P_3 5 5 0 0 0 1 1 1
5 P_3 6 6 0 0 0 1 1 1
5 P_3 7 7 0 0 0 1 1 1
6 P_4 0 0 0.5 0.5 0.5 1 1 1
6 P_4 1 1 0.281169 0.36607142857142855 0.428705 1 1 1
6 P_4 2 2 0.2873935 0.38372093023255816 0.4473335 1 1 1
6 P_4 3 3 0.21051 0.30952380952380953 0.39363 1 1 1
6 P_4 4 4 0.30976 0.3979591836734694 0.454071 1 1 1
6 P_4 5 5 0.2090175 0.2916666666666667 0.366813 1 1 1
6 P_4 6 6 0.2140155 0.30392156862745096 0.3825305 1 1 1
6 P_4 7 7 0.2507675 0.34375 0.415971 1 1 1
7 P_5 0 0 0.5 0.5 0.5 1 1 1
7 P_5 1 1 0.2343795 0.32653061224489793 0.402048 1 1 1
7 P_5 2 2 0.226414 0.3125 0.386584 1 1 1
7 P_5 3 3 0.145479 0.23 0.31879 1 1 1
7 P_5 4 4 0 0 0 1 1 1
7 P_5 5 5 0.1771965 0.27380952380952384 0.3644575 1 1 1
7 P_5 6 6 0.170903 0.2545454545454545 0.3373 1 1 1
7 P_5 7 7 0.1749045 0.27631578947368424 0.370507 1 1 1
8 P_8 0 0 0.5 0.5 0.5 1 1 1
8 P_8 1 1 0.5 0.5 0.5 1 1 1
8 P_8 2 2 0.5 0.5 0.5 1 1 1
8 P_8 3 3 0.5 0.5 0.5 1 1 1
8 P_8 4 4 0 0 0 1 1 1
8 P_8 5 5 0.5 0.5 0.5 1 1 1
8 P_8 6 6 0.5 0.5 0.5 1 1 1
8 P_8 7 7 0.5 0.5 0.5 1 1 1
9 P_0 0 0 0.5 0.5 0.5 1 1 1
9 P_0 1 1 0.157755 0.24489795918367346 0.33315 1 1 1
9 P_0 2 2 0.19213 0.2767857142857143 0.356296 1 1 1
9 P_0 3 3 0.143221 0.22916666666666666 0.31973 1 1 1
9 P_0 4 4 0 0 0 1 1 1
9 P_0 5 5 0.1320345 0.22093023255813954 0.3169535 1 1 1
9 P_0 6 6 0.1732935 0.2542372881355932 0.334406 1 1 1
9 P_0 7 7 0.168005 0.26136363636363635 0.351994 1 1 1
