10 #m
8 #n
0 P_9 0 0 0.5 0.5 0.5 1 1 1
0 P_9 1 1 0.4149115 0.4297323135755258 0.4425825 1 1 1
0 P_9 2 2 0.418576 0.4329896907216495 0.4454365 1 1 1
0 P_9 3 3 0.4070325 0.4228052472250252 0.436579 1 1 1
0 P_9 4 4 0 0 0 1 1 1
0 P_9 5 5 0.4136235 0.42893145161290325 0.442171 1 1 1
0 P_9 6 6 0.420118 0.4346978557504873 0.447214 1 1 1
0 P_9 7 7 0.4035105 0.4188191881918819 0.4323415 1 1 1
1 P_2 0 0 0.5 0.5 0.5 1 1 1
1 P_2 1 1 0.5 0.5 0.5 1 1 1
1 P_2 2 2 0.5 0.5 0.5 1 1 1
1 P_2 3 3 0.5 0.5 0.5 1 1 1
1 P_2 4 4 0 0 0 1 1 1
1 P_2 5 5 0.5 0.5 0.5 1 1 1
1 P_2 6 6 0.5 0.5 0.5 1 1 1
1 P_2 7 7 0.5 0.5 0.5 1 1 1
2 P_7 0 0 0.5 0.5 0.5 1 1 1
2 P_7 1 1 0.405338 0.4216101694915254 0.4357985 1 1 1
2 P_7 2 2 0.415679 0.4309989701338826 0.444182 1 1 1
2 P_7 3 3 0.402891 0.41905737704918034 0.4332375 1 1 1
2 P_7 4 4 0 0 0 1 1 1
2 P_7 5 5 0.4133945 0.4286427145708583 0.441847 1 1 1
2 P_7 6 6 0.412125 0.427624872579001 0.441049 1 1 1
2 P_7 7 7 0.4102305 0.42598343685300205 0.439648 1 1 1
3 P_6 0 0 0.5 0.5 0.5 1 1 1
3 P_6 1 1 0.193104 0.2132579650565262 0.233845 1 1 1
3 P_6 2 2 0.188725 0.20837438423645321 0.228494 1 1 1
3 P_6 3 3 0.19199 0.21157587548638132 0.2315905 1 1 1
3 P_6 4 4 0 0 0 1 1 1
3 P_6 5 5 0.1834155 0.20295566502463055 0.2230275 1 1 1
3 P_6 6 6 0.1844285 0.20424671385237614 0.2245955 1 1 1
3 P_6 7 7 0.189588 0.20937188434695914 0.22962 1 1 1
4 P_1 0 0 0.5 0.5 0.5 1 1 1
4 P_1 1 1 0.3012015 0.3209028459273798 0.339806 1 1 1
4 P_1 2 2 0.3100665 0.33007209062821835 0.3491325 1 1 1
4 P_1 3 3 0.3153995 0.3348039215686274 0.353255 1 1 1
4 P_1 4 4 0 0 0 1 1 1
4 P_1 5 5 0.309863 0.32952286282306165 0.348276 1 1 1
4 P_1 6 6 0.3138385 0.33350050150451355 0.352202 1 1 1
4 P_1 7 7 0.3063735 0.32626262626262625 0.3452685 1 1 1
5 P_3 0 0 0.5 0.5 0.5 1 1 1
5 P_3 1 1 0 0 0 1 1 1
5 P_3 2 2 0 0 0 1 1 1
5 P_3 3 3 0 0 0 1 1 1
5 P_3 4 4 0 0 0 1 1 1
5 P_3 5 5 0 0 0 1 1 1
5 P_3 6 6 0 0 0 1 1 1
5 P_3 7 7 0 0 0 1 1 1
6 P_4 0 0 0.5 0.5 0.5 1 1 1
6 P_4 1 1 0.324619 0.3438735177865613 0.3620645 1 1 1
6 P_4 2 2 0.32533 0.34475806451612906 0.363091 1 1 1
6 P_4 3 3 0.3342135 0.3532934131736527 0.371191 1 1 1
6 P_4 4 4 0.325057 0.3449367088607595 0.3636685 1 1 1
6 P_4 5 5 0.3105925 0.3305870236869207 0.34963 1 1 1
6 P_4 6 6 0.3321975 0.3510125361620058 0.3687105 1 1 1
6 P_4 7 7 0.327356 0.3466135458167331 0.3647675 1 1 1
7 P_5 0 0 0.5 0.5 0.5 1 1 1
7 P_5 1 1 0.3082495 0.328335056876939 0.3474915 1 1 1
7 P_5 2 2 0.2729 0.29368421052631577 0.313941 1 1 1
7 P_5 3 3 0.278867 0.2992849846782431 0.3191255 1 1 1
7 P_5 4 4 0 0 0 1 1 1
7 P_5 5 5 0.2767185 0.29706477732793524 0.316865 1 1 1
7 P_5 6 6 0.286897 0.30733471074380164 0.3270935 1 1 1
7 P_5 7 7 0.2978655 0.31795131845841784 0.337247 1 1 1
8 P_8 0 0 0.5 0.5 0.5 1 1 1
8 P_8 1 1 0.5 0.5 0.5 1 1 1
8 P_8 2 2 0.5 0.5 0.5 1 1 1
8 P_8 3 3 0.5 0.5 0.5 1 1 1
8 P_8 4 4 0 0 0 1 1 1
8 P_8 5 5 0.5 0.5 0.5 1 1 1
8 P_8 6 6 0.5 0.5 0.5 1 1 1
8 P_8 7 7 0.5 0.5 0.5 1 1 1
9 P_0 0 0 0.5 0.5 0.5 1 1 1
9 P_0 1 1 0.256448 0.2768304914744233 0.2969045 1 1 1
9 P_0 2 2 0.2531415 0.27276951672862454 0.2921545 1 1 1
9 P_0 3 3 0.2553245 0.27531340405014465 0.295022 1 1 1
9 P_0 4 4 0 0 0 1 1 1
9 P_0 5 5 0.267323 0.2873062015503876 0.3068745 1 1 1
9 P_0 6 6 0.2565195 0.2772585669781931 0.297673 1 1 1
9 P_0 7 7 0.2615045 0.28211716341212745 0.3023515 1 1 1
