5 #m
54 #n
0 P_5 0 0 0.5 0.5 0.5 1 1 1
0 P_5 1 1 0 0 0 1 1 1
0 P_5 2 2 0.5 0.5 0.5 1 1 1
0 P_5 3 3 0 0 0 1 1 1
0 P_5 4 4 0.5 0.5 0.5 1 1 1
0 P_5 5 5 0 0 0 1 1 1
0 P_5 6 6 0.5 0.5 0.5 1 1 1
0 P_5 7 7 0.5 0.5 0.5 1 1 1
0 P_5 8 8 0 0 0 1 1 1
0 P_5 9 9 0 0 0 1 1 1
0 P_5 10 10 0.5 0.5 0.5 1 1 1
0 P_5 11 11 0.5 0.5 0.5 1 1 1
0 P_5 12 12 0.5 0.5 0.5 1 1 1
0 P_5 13 13 0.5 0.5 0.5 1 1 1
0 P_5 14 14 0 0 0 1 1 1
0 P_5 15 15 0.5 0.5 0.5 1 1 1
0 P_5 16 16 0.5 0.5 0.5 1 1 1
0 P_5 17 17 0.5 0.5 0.5 1 1 1
0 P_5 18 18 0.5 0.5 0.5 1 1 1
0 P_5 19 19 0.5 0.5 0.5 1 1 1
0 P_5 20 20 0.5 0.5 0.5 1 1 1
0 P_5 21 21 0.1261455 0.13175 0.1374905 1 1 1
0 P_5 22 22 0.5 0.5 0.5 1 1 1
0 P_5 23 23 0.5 0.5 0.5 1 1 1
0 P_5 24 24 0.100967 0.10615 0.111499 1 1 1
0 P_5 25 25 0.5 0.5 0.5 1 1 1
0 P_5 26 26 0.5 0.5 0.5 1 1 1
0 P_5 27 27 0.5 0.5 0.5 1 1 1
0 P_5 28 28 0.5 0.5 0.5 1 1 1
0 P_5 29 29 0.5 0.5 0.5 1 1 1
0 P_5 30 30 0.1261455 0.13175 0.1374905 1 1 1
0 P_5 31 31 0.5 0.5 0.5 1 1 1
0 P_5 32 32 0.5 0.5 0.5 1 1 1
0 P_5 33 33 0.100967 0.10615 0.111499 1 1 1
0 P_5 34 34 0.5 0.5 0.5 1 1 1
0 P_5 35 35 0.100967 0.10615 0.111499 1 1 1
0 P_5 36 36 0 0 0 1 1 1
0 P_5 37 37 0 0 0 1 1 1
0 P_5 38 38 0.5 0.5 0.5 1 1 1
0 P_5 39 39 0.5 0.5 0.5 1 1 1
0 P_5 40 40 0.5 0.5 0.5 1 1 1
0 P_5 41 41 0.1261455 0.13175 0.1374905 1 1 1
0 P_5 42 42 0.5 0.5 0.5 1 1 1
0 P_5 43 43 0.2314265 0.23785 0.2442875 1 1 1
0 P_5 44 44 0.5 0.5 0.5 1 1 1
0 P_5 45 45 0.5 0.5 0.5 1 1 1
0 P_5 46 46 0.5 0.5 0.5 1 1 1
0 P_5 47 47 0 0 0 1 1 1
0 P_5 48 48 0.5 0.5 0.5 1 1 1
0 P_5 49 49 0.5 0.5 0.5 1 1 1
0 P_5 50 50 0 0 0 1 1 1
0 P_5 51 51 0.100967 0.10615 0.111499 1 1 1
0 P_5 52 52 0.5 0.5 0.5 1 1 1
0 P_5 53 53 0.5 0.5 0.5 1 1 1
1 P_9 0 0 0.1135915 0.119 0.124559 1 1 1
1 P_9 1 1 0.252461 0.2589 0.265329 1 1 1
1 P_9 2 2 0.234721 0.24115 0.247589 1 1 1
1 P_9 3 3 0.1166905 0.12215 0.1277565 1 1 1
1 P_9 4 4 0.1135915 0.119 0.124559 1 1 1
1 P_9 5 5 0 0 0 1 1 1
1 P_9 6 6 0.1135915 0.119 0.124559 1 1 1
1 P_9 7 7 0.234721 0.24115 0.247589 1 1 1
1 P_9 8 8 0.252461 0.2589 0.265329 1 1 1
1 P_9 9 9 0.252461 0.2589 0.265329 1 1 1
1 P_9 10 10 0.1135915 0.119 0.124559 1 1 1
1 P_9 11 11 0.1135915 0.119 0.124559 1 1 1
1 P_9 12 12 0.1135915 0.119 0.124559 1 1 1
1 P_9 13 13 0.1135915 0.119 0.124559 1 1 1
1 P_9 14 14 0.252461 0.2589 0.265329 1 1 1
1 P_9 15 15 0.1135915 0.119 0.124559 1 1 1
1 P_9 16 16 0.5 0.5 0.5 1 1 1
1 P_9 17 17 0.1135915 0.119 0.124559 1 1 1
1 P_9 18 18 0.1135915 0.119 0.124559 1 1 1
1 P_9 19 19 0.5 0.5 0.5 1 1 1
1 P_9 20 20 0.234721 0.24115 0.247589 1 1 1
1 P_9 21 21 0 0 0 1 1 1
1 P_9 22 22 0.5 0.5 0.5 1 1 1
1 P_9 23 23 0.1135915 0.119 0.124559 1 1 1
1 P_9 24 24 0 0 0 1 1 1
1 P_9 25 25 0.1135915 0.119 0.124559 1 1 1
1 P_9 26 26 0.1135915 0.119 0.124559 1 1 1
1 P_9 27 27 0.1135915 0.119 0.124559 1 1 1
1 P_9 28 28 0.1135915 0.119 0.124559 1 1 1
1 P_9 29 29 0.1135915 0.119 0.124559 1 1 1
1 P_9 30 30 0 0 0 1 1 1
1 P_9 31 31 0.1135915 0.119 0.124559 1 1 1
1 P_9 32 32 0.1135915 0.119 0.124559 1 1 1
1 P_9 33 33 0 0 0 1 1 1
1 P_9 34 34 0.1135915 0.119 0.124559 1 1 1
1 P_9 35 35 0 0 0 1 1 1
1 P_9 36 36 0.252461 0.2589 0.265329 1 1 1
1 P_9 37 37 0 0 0 1 1 1
1 P_9 38 38 0.5 0.5 0.5 1 1 1
1 P_9 39 39 0.1135915 0.119 0.124559 1 1 1
1 P_9 40 40 0.1135915 0.119 0.124559 1 1 1
1 P_9 41 41 0 0 0 1 1 1
1 P_9 42 42 0.1135915 0.119 0.124559 1 1 1
1 P_9 43 43 0 0 0 1 1 1
1 P_9 44 44 0.234721 0.24115 0.247589 1 1 1
1 P_9 45 45 0.1135915 0.119 0.124559 1 1 1
1 P_9 46 46 0.1135915 0.119 0.124559 1 1 1
1 P_9 47 47 0.252461 0.2589 0.265329 1 1 1
1 P_9 48 48 0.1135915 0.119 0.124559 1 1 1
1 P_9 49 49 0.1135915 0.119 0.124559 1 1 1
1 P_9 50 50 0 0 0 1 1 1
1 P_9 51 51 0 0 0 1 1 1
1 P_9 52 52 0.1135915 0.119 0.124559 1 1 1
1 P_9 53 53 0.1135915 0.119 0.124559 1 1 1
2 P_8 0 0 0.5 0.5 0.5 1 1 1
2 P_8 1 1 0 0 0 1 1 1
2 P_8 2 2 0.5 0.5 0.5 1 1 1
2 P_8 3 3 0 0 0 1 1 1
2 P_8 4 4 0.5 0.5 0.5 1 1 1
2 P_8 5 5 0 0 0 1 1 1
2 P_8 6 6 0.5 0.5 0.5 1 1 1
2 P_8 7 7 0.5 0.5 0.5 1 1 1
2 P_8 8 8 0 0 0 1 1 1
2 P_8 9 9 0 0 0 1 1 1
2 P_8 10 10 0.5 0.5 0.5 1 1 1
2 P_8 11 11 0.5 0.5 0.5 1 1 1
2 P_8 12 12 0.5 0.5 0.5 1 1 1
2 P_8 13 13 0.5 0.5 0.5 1 1 1
2 P_8 14 14 0 0 0 1 1 1
2 P_8 15 15 0.5 0.5 0.5 1 1 1
2 P_8 16 16 0.5 0.5 0.5 1 1 1
2 P_8 17 17 0.5 0.5 0.5 1 1 1
2 P_8 18 18 0.5 0.5 0.5 1 1 1
2 P_8 19 19 0.5 0.5 0.5 1 1 1
2 P_8 20 20 0.5 0.5 0.5 1 1 1
2 P_8 21 21 0.225589 0.232 0.2384315 1 1 1
2 P_8 22 22 0.5 0.5 0.5 1 1 1
2 P_8 23 23 0.5 0.5 0.5 1 1 1
2 P_8 24 24 0.2616185 0.26805 0.274461 1 1 1
2 P_8 25 25 0.5 0.5 0.5 1 1 1
2 P_8 26 26 0.5 0.5 0.5 1 1 1
2 P_8 27 27 0.5 0.5 0.5 1 1 1
2 P_8 28 28 0.5 0.5 0.5 1 1 1
2 P_8 29 29 0.5 0.5 0.5 1 1 1
2 P_8 30 30 0 0 0 1 1 1
2 P_8 31 31 0.5 0.5 0.5 1 1 1
2 P_8 32 32 0.5 0.5 0.5 1 1 1
2 P_8 33 33 0.2616185 0.26805 0.274461 1 1 1
2 P_8 34 34 0.5 0.5 0.5 1 1 1
2 P_8 35 35 0.2616185 0.26805 0.274461 1 1 1
2 P_8 36 36 0 0 0 1 1 1
2 P_8 37 37 0 0 0 1 1 1
2 P_8 38 38 0.5 0.5 0.5 1 1 1
2 P_8 39 39 0.5 0.5 0.5 1 1 1
2 P_8 40 40 0.5 0.5 0.5 1 1 1
2 P_8 41 41 0.225589 0.232 0.2384315 1 1 1
2 P_8 42 42 0.5 0.5 0.5 1 1 1
2 P_8 43 43 0.5 0.5 0.5 1 1 1
2 P_8 44 44 0.5 0.5 0.5 1 1 1
2 P_8 45 45 0.5 0.5 0.5 1 1 1
2 P_8 46 46 0.5 0.5 0.5 1 1 1
2 P_8 47 47 0 0 0 1 1 1
2 P_8 48 48 0.5 0.5 0.5 1 1 1
2 P_8 49 49 0.5 0.5 0.5 1 1 1
2 P_8 50 50 0 0 0 1 1 1
2 P_8 51 51 0.2616185 0.26805 0.274461 1 1 1
2 P_8 52 52 0.5 0.5 0.5 1 1 1
2 P_8 53 53 0.5 0.5 0.5 1 1 1
3 P_7 0 0 0.5 0.5 0.5 1 1 1
3 P_7 1 1 0 0 0 1 1 1
3 P_7 2 2 0.5 0.5 0.5 1 1 1
3 P_7 3 3 0 0 0 1 1 1
3 P_7 4 4 0.5 0.5 0.5 1 1 1
3 P_7 5 5 0.0692845 0.07375 0.078418 1 1 1
3 P_7 6 6 0.5 0.5 0.5 1 1 1
3 P_7 7 7 0.5 0.5 0.5 1 1 1
3 P_7 8 8 0 0 0 1 1 1
3 P_7 9 9 0 0 0 1 1 1
3 P_7 10 10 0.5 0.5 0.5 1 1 1
3 P_7 11 11 0.5 0.5 0.5 1 1 1
3 P_7 12 12 0.5 0.5 0.5 1 1 1
3 P_7 13 13 0.5 0.5 0.5 1 1 1
3 P_7 14 14 0 0 0 1 1 1
3 P_7 15 15 0.5 0.5 0.5 1 1 1
3 P_7 16 16 0.5 0.5 0.5 1 1 1
3 P_7 17 17 0.5 0.5 0.5 1 1 1
3 P_7 18 18 0.5 0.5 0.5 1 1 1
3 P_7 19 19 0.5 0.5 0.5 1 1 1
3 P_7 20 20 0.5 0.5 0.5 1 1 1
3 P_7 21 21 0.421633 0.4263 0.430764 1 1 1
3 P_7 22 22 0.5 0.5 0.5 1 1 1
3 P_7 23 23 0.5 0.5 0.5 1 1 1
3 P_7 24 24 0 0 0 1 1 1
3 P_7 25 25 0.5 0.5 0.5 1 1 1
3 P_7 26 26 0.5 0.5 0.5 1 1 1
3 P_7 27 27 0.5 0.5 0.5 1 1 1
3 P_7 28 28 0.5 0.5 0.5 1 1 1
3 P_7 29 29 0.5 0.5 0.5 1 1 1
3 P_7 30 30 0.421633 0.4263 0.430764 1 1 1
3 P_7 31 31 0.5 0.5 0.5 1 1 1
3 P_7 32 32 0.5 0.5 0.5 1 1 1
3 P_7 33 33 0 0 0 1 1 1
3 P_7 34 34 0.5 0.5 0.5 1 1 1
3 P_7 35 35 0 0 0 1 1 1
3 P_7 36 36 0 0 0 1 1 1
3 P_7 37 37 0.0692845 0.07375 0.078418 1 1 1
3 P_7 38 38 0.5 0.5 0.5 1 1 1
3 P_7 39 39 0.5 0.5 0.5 1 1 1
3 P_7 40 40 0.5 0.5 0.5 1 1 1
3 P_7 41 41 0.5 0.5 0.5 1 1 1
3 P_7 42 42 0.5 0.5 0.5 1 1 1
3 P_7 43 43 0.5 0.5 0.5 1 1 1
3 P_7 44 44 0.5 0.5 0.5 1 1 1
3 P_7 45 45 0.5 0.5 0.5 1 1 1
3 P_7 46 46 0.5 0.5 0.5 1 1 1
3 P_7 47 47 0 0 0 1 1 1
3 P_7 48 48 0.5 0.5 0.5 1 1 1
3 P_7 49 49 0.5 0.5 0.5 1 1 1
3 P_7 50 50 0.0692845 0.07375 0.078418 1 1 1
3 P_7 51 51 0 0 0 1 1 1
3 P_7 52 52 0.5 0.5 0.5 1 1 1
3 P_7 53 53 0.5 0.5 0.5 1 1 1
4 P_2 0 0 0.2578645 0.2643 0.2707195 1 1 1
4 P_2 1 1 0 0 0 1 1 1
4 P_2 2 2 0.5 0.5 0.5 1 1 1
4 P_2 3 3 0.2293305 0.23575 0.242186 1 1 1
4 P_2 4 4 0.2578645 0.2643 0.2707195 1 1 1
4 P_2 5 5 0 0 0 1 1 1
4 P_2 6 6 0.2578645 0.2643 0.2707195 1 1 1
4 P_2 7 7 0.5 0.5 0.5 1 1 1
4 P_2 8 8 0 0 0 1 1 1
4 P_2 9 9 0 0 0 1 1 1
4 P_2 10 10 0.2578645 0.2643 0.2707195 1 1 1
4 P_2 11 11 0.2578645 0.2643 0.2707195 1 1 1
4 P_2 12 12 0.2578645 0.2643 0.2707195 1 1 1
4 P_2 13 13 0.2578645 0.2643 0.2707195 1 1 1
4 P_2 14 14 0 0 0 1 1 1
4 P_2 15 15 0.2578645 0.2643 0.2707195 1 1 1
4 P_2 16 16 0.5 0.5 0.5 1 1 1
4 P_2 17 17 0.2578645 0.2643 0.2707195 1 1 1
4 P_2 18 18 0.2578645 0.2643 0.2707195 1 1 1
4 P_2 19 19 0.5 0.5 0.5 1 1 1
4 P_2 20 20 0.5 0.5 0.5 1 1 1
4 P_2 21 21 0 0 0 1 1 1
4 P_2 22 22 0.5 0.5 0.5 1 1 1
4 P_2 23 23 0.2578645 0.2643 0.2707195 1 1 1
4 P_2 24 24 0 0 0 1 1 1
4 P_2 25 25 0.2578645 0.2643 0.2707195 1 1 1
4 P_2 26 26 0.2578645 0.2643 0.2707195 1 1 1
4 P_2 27 27 0.2578645 0.2643 0.2707195 1 1 1
4 P_2 28 28 0.2578645 0.2643 0.2707195 1 1 1
4 P_2 29 29 0.2578645 0.2643 0.2707195 1 1 1
4 P_2 30 30 0 0 0 1 1 1
4 P_2 31 31 0.2578645 0.2643 0.2707195 1 1 1
4 P_2 32 32 0.2578645 0.2643 0.2707195 1 1 1
4 P_2 33 33 0 0 0 1 1 1
4 P_2 34 34 0.2578645 0.2643 0.2707195 1 1 1
4 P_2 35 35 0 0 0 1 1 1
4 P_2 36 36 0 0 0 1 1 1
4 P_2 37 37 0.1899935 0.19625 0.2025685 1 1 1
4 P_2 38 38 0.5 0.5 0.5 1 1 1
4 P_2 39 39 0.2578645 0.2643 0.2707195 1 1 1
4 P_2 40 40 0.2578645 0.2643 0.2707195 1 1 1
4 P_2 41 41 0.1899935 0.19625 0.2025685 1 1 1
4 P_2 42 42 0.2578645 0.2643 0.2707195 1 1 1
4 P_2 43 43 0.1899935 0.19625 0.2025685 1 1 1
4 P_2 44 44 0.5 0.5 0.5 1 1 1
4 P_2 45 45 0.2578645 0.2643 0.2707195 1 1 1
4 P_2 46 46 0.2578645 0.2643 0.2707195 1 1 1
4 P_2 47 47 0 0 0 1 1 1
4 P_2 48 48 0.2578645 0.2643 0.2707195 1 1 1
4 P_2 49 49 0.2578645 0.2643 0.2707195 1 1 1
4 P_2 50 50 0.1899935 0.19625 0.2025685 1 1 1
4 P_2 51 51 0 0 0 1 1 1
4 P_2 52 52 0.2578645 0.2643 0.2707195 1 1 1
4 P_2 53 53 0.2578645 0.2643 0.2707195 1 1 1
