2 #m
38 #n
0 P_1 0 0 0.5 0.5 0.5 1 1 1
0 P_1 1 1 0 0 0 1 1 1
0 P_1 2 2 0 0 0 1 1 1
0 P_1 3 3 0 0 0 1 1 1
0 P_1 4 4 0.354551 0.3729919678714859 0.3900165 1 1 1
0 P_1 5 5 0 0 0 1 1 1
0 P_1 6 6 0 0 0 1 1 1
0 P_1 7 7 0 0 0 1 1 1
0 P_1 8 8 0.5 0.5 0.5 1 1 1
0 P_1 9 9 0.3615345 0.37934362934362936 0.3957205 1 1 1
0 P_1 10 10 0 0 0 1 1 1
0 P_1 11 11 0 0 0 1 1 1
0 P_1 12 12 0 0 0 1 1 1
0 P_1 13 13 0 0 0 1 1 1
0 P_1 14 14 0.098049 0.11441532258064516 0.132349 1 1 1
0 P_1 15 15 0.5 0.5 0.5 1 1 1
0 P_1 16 16 0.5 0.5 0.5 1 1 1
0 P_1 17 17 0.0903135 0.10650577124868835 0.1244245 1 1 1
0 P_1 18 18 0.3617775 0.3795938104448743 0.3959725 1 1 1
0 P_1 19 19 0.117778 0.13547052740434332 0.154521 1 1 1
0 P_1 20 20 0 0 0 1 1 1
0 P_1 21 21 0 0 0 1 1 1
0 P_1 22 22 0.5 0.5 0.5 1 1 1
0 P_1 23 23 0 0 0 1 1 1
0 P_1 24 24 0 0 0 1 1 1
0 P_1 25 25 0 0 0 1 1 1
0 P_1 26 26 0 0 0 1 1 1
0 P_1 27 27 0 0 0 1 1 1
0 P_1 28 28 0 0 0 1 1 1
0 P_1 29 29 0 0 0 1 1 1
0 P_1 30 30 0 0 0 1 1 1
0 P_1 31 31 0 0 0 1 1 1
0 P_1 32 32 0.3640195 0.3824763903462749 0.3993395 1 1 1
0 P_1 33 33 0 0 0 1 1 1
0 P_1 34 34 0.5 0.5 0.5 1 1 1
0 P_1 35 35 0 0 0 1 1 1
0 P_1 36 36 0 0 0 1 1 1
0 P_1 37 37 0 0 0 1 1 1
1 P_0 0 0 0.2770045 0.2982359426681367 0.318858 1 1 1
1 P_0 1 1 0.1622635 0.181237721021611 0.200987 1 1 1
1 P_0 2 2 0.1842895 0.20417515274949083 0.224596 1 1 1
1 P_0 3 3 0.160984 0.17990196078431372 0.199608 1 1 1
1 P_0 4 4 0.094034 0.10959548447789276 0.126672 1 1 1
1 P_0 5 5 0.0674835 0.08151093439363817 0.0974585 1 1 1
1 P_0 6 6 0.0555075 0.06820365033621517 0.0829025 1 1 1
1 P_0 7 7 0 0 0 1 1 1
1 P_0 8 8 0.0948405 0.11105476673427991 0.128885 1 1 1
1 P_0 9 9 0.0922755 0.10851505711318796 0.126439 1 1 1
1 P_0 10 10 0 0 0 1 1 1
1 P_0 11 11 0.106798 0.12373225152129817 0.142135 1 1 1
1 P_0 12 12 0.107563 0.12437810945273632 0.1426265 1 1 1
1 P_0 13 13 0 0 0 1 1 1
1 P_0 14 14 0 0 0 1 1 1
1 P_0 15 15 0.5 0.5 0.5 1 1 1
1 P_0 16 16 0.5 0.5 0.5 1 1 1
1 P_0 17 17 0 0 0 1 1 1
1 P_0 18 18 0.0856985 0.10120240480961924 0.1184155 1 1 1
1 P_0 19 19 0 0 0 1 1 1
1 P_0 20 20 0.05115 0.06402116402116402 0.079148 1 1 1
1 P_0 21 21 0 0 0 1 1 1
1 P_0 22 22 0.5 0.5 0.5 1 1 1
1 P_0 23 23 0 0 0 1 1 1
1 P_0 24 24 0 0 0 1 1 1
1 P_0 25 25 0.052176 0.06482412060301508 0.079606 1 1 1
1 P_0 26 26 0.058348 0.07164480322906155 0.087005 1 1 1
1 P_0 27 27 0.1616 0.18085106382978725 0.200906 1 1 1
1 P_0 28 28 0.1641885 0.1839323467230444 0.204477 1 1 1
1 P_0 29 29 0.1234305 0.14138286893704852 0.1606205 1 1 1
1 P_0 30 30 0.1181085 0.13562753036437247 0.154474 1 1 1
1 P_0 31 31 0 0 0 1 1 1
1 P_0 32 32 0.096033 0.11263157894736842 0.130888 1 1 1
1 P_0 33 33 0 0 0 1 1 1
1 P_0 34 34 0.5 0.5 0.5 1 1 1
1 P_0 35 35 0.051059 0.06356356356356356 0.0782075 1 1 1
1 P_0 36 36 0.1650635 0.18464730290456433 0.2050085 1 1 1
1 P_0 37 37 0.1867935 0.2070230607966457 0.2277695 1 1 1
