2 #m
11 #n
0 P_6 0 0 0.5 0.5 0.5 1 1 1
0 P_6 1 1 0.1996525 0.2916666666666667 0.374447 1 1 1
0 P_6 2 2 0.166086 0.25 0.333914 1 1 1
0 P_6 3 3 0.2176875 0.30357142857142855 0.379167 1 1 1
0 P_6 4 4 0.152771 0.2358490566037736 0.321788 1 1 1
0 P_6 5 5 0.5 0.5 0.5 1 1 1
0 P_6 6 6 0 0 0 1 1 1
0 P_6 7 7 0.1792085 0.2636363636363636 0.3454005 1 1 1
0 P_6 8 8 0.1945585 0.2872340425531915 0.371496 1 1 1
0 P_6 9 9 0.144323 0.23333333333333334 0.3262635 1 1 1
0 P_6 10 10 0.1749045 0.27631578947368424 0.370507 1 1 1
1 P_4 0 0 0.5 0.5 0.5 1 1 1
1 P_4 1 1 0.30976 0.3979591836734694 0.454071 1 1 1
1 P_4 2 2 0.5 0.5 0.5 1 1 1
1 P_4 3 3 0.5 0.5 0.5 1 1 1
1 P_4 4 4 0.30976 0.3979591836734694 0.454071 1 1 1
1 P_4 5 5 0.5 0.5 0.5 1 1 1
1 P_4 6 6 0 0.013888888888888888 0 1 1 1
1 P_4 7 7 0.5 0.5 0.5 1 1 1
1 P_4 8 8 0.5 0.5 0.5 1 1 1
1 P_4 9 9 0.5 0.5 0.5 1 1 1
1 P_4 10 10 0.5 0.5 0.5 1 1 1
