10 #m
60 #n
0 P_3 0 0 0.2592785 0.2798165137614679 0.300006 1 1 1
0 P_3 1 1 0.2375095 0.2574162679425837 0.2772415 1 1 1
0 P_3 2 2 0.2311875 0.250945179584121 0.2706925 1 1 1
0 P_3 3 3 0 0 0 1 1 1
0 P_3 4 4 0.239144 0.2595190380761523 0.2797845 1 1 1
0 P_3 5 5 0.116056 0.13367875647668392 0.1526835 1 1 1
0 P_3 6 6 0 0 0 1 1 1
0 P_3 7 7 0 0 0 1 1 1
0 P_3 8 8 0.213112 0.23336693548387097 0.253814 1 1 1
0 P_3 9 9 0.245907 0.2658959537572254 0.285709 1 1 1
0 P_3 10 10 0.256346 0.27697841726618705 0.297293 1 1 1
0 P_3 11 11 0.234853 0.2548169556840077 0.27472800000000003 1 1 1
0 P_3 12 12 0.2505295 0.2707920792079208 0.2908185 1 1 1
0 P_3 13 13 0.239641 0.26024590163934425 0.2807305 1 1 1
0 P_3 14 14 0.2403905 0.26071784646061813 0.2809225 1 1 1
0 P_3 15 15 0.2391495 0.25944333996023855 0.2796295 1 1 1
0 P_3 16 16 0.5 0.5 0.5 1 1 1
0 P_3 17 17 0.221091 0.24129353233830847 0.2615955 1 1 1
0 P_3 18 18 0.247813 0.26808721506442024 0.288156 1 1 1
0 P_3 19 19 0.2340485 0.2545918367346939 0.2750815 1 1 1
0 P_3 20 20 0.2584685 0.27871287128712874 0.298631 1 1 1
0 P_3 21 21 0.2520725 0.27258883248730964 0.292842 1 1 1
0 P_3 22 22 0.231025 0.2512363996043521 0.2714335 1 1 1
0 P_3 23 23 0.2340825 0.255047821466525 0.2759515 1 1 1
0 P_3 24 24 0.221165 0.24132804757185333 0.2615895 1 1 1
0 P_3 25 25 0.238884 0.25937183383991896 0.2797505 1 1 1
0 P_3 26 26 0.2426845 0.2632113821138211 0.2835845 1 1 1
0 P_3 27 27 0.241875 0.26216484607745777 0.282316 1 1 1
0 P_3 28 28 0.245272 0.2654260528893242 0.285407 1 1 1
0 P_3 29 29 0 0 0 1 1 1
0 P_3 30 30 0.219102 0.2396694214876033 0.2603595 1 1 1
0 P_3 31 31 0.2292935 0.2495049504950495 0.269722 1 1 1
0 P_3 32 32 0.2396435 0.26002004008016033 0.280281 1 1 1
0 P_3 33 33 0 0 0 1 1 1
0 P_3 34 34 0.2355725 0.25612244897959185 0.2766005 1 1 1
0 P_3 35 35 0.1133075 0.1309148264984227 0.149958 1 1 1
0 P_3 36 36 0 0 0 1 1 1
0 P_3 37 37 0.109708 0.12617702448210924 0.1439835 1 1 1
0 P_3 38 38 0.243966 0.26452599388379205 0.284916 1 1 1
0 P_3 39 39 0.215131 0.23605150214592274 0.257144 1 1 1
0 P_3 40 40 0.23657 0.2571868583162218 0.277719 1 1 1
0 P_3 41 41 0.243105 0.2633663366336634 0.283476 1 1 1
0 P_3 42 42 0.236829 0.25743589743589745 0.2779555 1 1 1
0 P_3 43 43 0 0 0 1 1 1
0 P_3 44 44 0 0 0 1 1 1
0 P_3 45 45 0.2386235 0.25918367346938775 0.279636 1 1 1
0 P_3 46 46 0.2477885 0.26772030651340994 0.2874575 1 1 1
0 P_3 47 47 0.2458455 0.2653247941445563 0.2846435 1 1 1
0 P_3 48 48 0.2481015 0.2684262948207171 0.2885405 1 1 1
0 P_3 49 49 0.2524265 0.2728184553660983 0.292948 1 1 1
0 P_3 50 50 0 0 0 1 1 1
0 P_3 51 51 0 0 0 1 1 1
0 P_3 52 52 0 0 0 1 1 1
0 P_3 53 53 0.2468775 0.2675983436853002 0.2881105 1 1 1
0 P_3 54 54 0.238092 0.2587991718426501 0.2794015 1 1 1
0 P_3 55 55 0.250136 0.2705 0.290629 1 1 1
0 P_3 56 56 0.243992 0.26461538461538464 0.2850665 1 1 1
0 P_3 57 57 0 0 0 1 1 1
0 P_3 58 58 0.238884 0.25937183383991896 0.2797505 1 1 1
0 P_3 59 59 0 0 0 1 1 1
1 P_9 0 0 0.212871 0.23284313725490197 0.253008 1 1 1
1 P_9 1 1 0.209283 0.2288135593220339 0.248573 1 1 1
1 P_9 2 2 0.2027175 0.2229591836734694 0.2435175 1 1 1
1 P_9 3 3 0 0 0 1 1 1
1 P_9 4 4 0.218995 0.23948717948717949 0.260103 1 1 1
1 P_9 5 5 0 0 0 1 1 1
1 P_9 6 6 0.2422615 0.26313025210084034 0.2838405 1 1 1
1 P_9 7 7 0 0 0 1 1 1
1 P_9 8 8 0 0 0 1 1 1
1 P_9 9 9 0.2119465 0.23253388946819603 0.25333 1 1 1
1 P_9 10 10 0.1998735 0.21953578336557059 0.239536 1 1 1
1 P_9 11 11 0.210978 0.23099703849950642 0.251231 1 1 1
1 P_9 12 12 0.2070895 0.22760416666666666 0.2483865 1 1 1
1 P_9 13 13 0.225425 0.24591836734693878 0.2664595 1 1 1
1 P_9 14 14 0.2088145 0.22879684418145957 0.249019 1 1 1
1 P_9 15 15 0.212004 0.23266806722689076 0.2535405 1 1 1
1 P_9 16 16 0.5 0.5 0.5 1 1 1
1 P_9 17 17 0.213641 0.23333333333333334 0.253208 1 1 1
1 P_9 18 18 0.2179945 0.2381188118811881 0.258378 1 1 1
1 P_9 19 19 0.2085725 0.22847358121330724 0.248616 1 1 1
1 P_9 20 20 0.2011095 0.22096456692913385 0.2411475 1 1 1
1 P_9 21 21 0.2125635 0.2329255861365953 0.2534875 1 1 1
1 P_9 22 22 0.212922 0.2335423197492163 0.25436 1 1 1
1 P_9 23 23 0.2092295 0.2289272030651341 0.2488565 1 1 1
1 P_9 24 24 0 0 0 1 1 1
1 P_9 25 25 0.2103275 0.23006724303554274 0.2500265 1 1 1
1 P_9 26 26 0.1958095 0.21562809099901087 0.2358365 1 1 1
1 P_9 27 27 0.209121 0.22916666666666666 0.2494495 1 1 1
1 P_9 28 28 0.2155335 0.2354368932038835 0.2555025 1 1 1
1 P_9 29 29 0.0591835 0.0725 0.0878515 1 1 1
1 P_9 30 30 0.212552 0.2326388888888889 0.2529235 1 1 1
1 P_9 31 31 0.200074 0.2202441505595117 0.2407615 1 1 1
1 P_9 32 32 0.201228 0.22093023255813954 0.2409555 1 1 1
1 P_9 33 33 0.0549325 0.06808731808731809 0.0834095 1 1 1
1 P_9 34 34 0.209336 0.22939424031777558 0.2496875 1 1 1
1 P_9 35 35 0.051532 0.06431535269709543 0.0793065 1 1 1
1 P_9 36 36 0 0 0 1 1 1
1 P_9 37 37 0.1411625 0.15917782026768643 0.178189 1 1 1
1 P_9 38 38 0.220913 0.24148606811145512 0.26216 1 1 1
1 P_9 39 39 0.248894 0.26926926926926925 0.2894235 1 1 1
1 P_9 40 40 0.221254 0.24164133738601823 0.262126 1 1 1
1 P_9 41 41 0.223984 0.2436500470366886 0.2633845 1 1 1
1 P_9 42 42 0.205666 0.22597137014314927 0.2465585 1 1 1
1 P_9 43 43 0.048954 0.06119402985074627 0.075588 1 1 1
1 P_9 44 44 0.241972 0.26272066458982346 0.2833175 1 1 1
1 P_9 45 45 0.2021075 0.22216649949849548 0.242546 1 1 1
1 P_9 46 46 0.2100225 0.2299412915851272 0.2500855 1 1 1
1 P_9 47 47 0.214982 0.23481195756991322 0.25481 1 1 1
1 P_9 48 48 0.1997175 0.2197197197197197 0.2400695 1 1 1
1 P_9 49 49 0.1962625 0.2158760890609874 0.2358685 1 1 1
1 P_9 50 50 0.05562 0.06829035339063992 0.082951 1 1 1
1 P_9 51 51 0 0 0 1 1 1
1 P_9 52 52 0.2465545 0.2671794871794872 0.2876025 1 1 1
1 P_9 53 53 0.216478 0.23660714285714285 0.256889 1 1 1
1 P_9 54 54 0.2139215 0.2340637450199203 0.254388 1 1 1
1 P_9 55 55 0.2292795 0.24974619289340103 0.270216 1 1 1
1 P_9 56 56 0.220597 0.24092741935483872 0.2613625 1 1 1
1 P_9 57 57 0 0 0 1 1 1
1 P_9 58 58 0.208723 0.2288135593220339 0.2491465 1 1 1
1 P_9 59 59 0.059211 0.07285115303983228 0.08862 1 1 1
2 P_1 0 0 0.5 0.5 0.5 1 1 1
2 P_1 1 1 0.5 0.5 0.5 1 1 1
2 P_1 2 2 0.5 0.5 0.5 1 1 1
2 P_1 3 3 0 0 0 1 1 1
2 P_1 4 4 0.5 0.5 0.5 1 1 1
2 P_1 5 5 0 0 0 1 1 1
2 P_1 6 6 0 0 0 1 1 1
2 P_1 7 7 0.5 0.5 0.5 1 1 1
2 P_1 8 8 0 0 0 1 1 1
2 P_1 9 9 0.5 0.5 0.5 1 1 1
2 P_1 10 10 0.5 0.5 0.5 1 1 1
2 P_1 11 11 0.5 0.5 0.5 1 1 1
2 P_1 12 12 0.5 0.5 0.5 1 1 1
2 P_1 13 13 0.5 0.5 0.5 1 1 1
2 P_1 14 14 0.5 0.5 0.5 1 1 1
2 P_1 15 15 0.5 0.5 0.5 1 1 1
2 P_1 16 16 0.5 0.5 0.5 1 1 1
2 P_1 17 17 0.5 0.5 0.5 1 1 1
2 P_1 18 18 0.5 0.5 0.5 1 1 1
2 P_1 19 19 0.5 0.5 0.5 1 1 1
2 P_1 20 20 0.5 0.5 0.5 1 1 1
2 P_1 21 21 0.5 0.5 0.5 1 1 1
2 P_1 22 22 0.5 0.5 0.5 1 1 1
2 P_1 23 23 0.5 0.5 0.5 1 1 1
2 P_1 24 24 0 0 0 1 1 1
2 P_1 25 25 0.5 0.5 0.5 1 1 1
2 P_1 26 26 0.5 0.5 0.5 1 1 1
2 P_1 27 27 0.5 0.5 0.5 1 1 1
2 P_1 28 28 0.5 0.5 0.5 1 1 1
2 P_1 29 29 0 0 0 1 1 1
2 P_1 30 30 0.5 0.5 0.5 1 1 1
2 P_1 31 31 0.5 0.5 0.5 1 1 1
2 P_1 32 32 0.5 0.5 0.5 1 1 1
2 P_1 33 33 0 0 0 1 1 1
2 P_1 34 34 0.5 0.5 0.5 1 1 1
2 P_1 35 35 0 0 0 1 1 1
2 P_1 36 36 0 0 0 1 1 1
2 P_1 37 37 0 0 0 1 1 1
2 P_1 38 38 0.5 0.5 0.5 1 1 1
2 P_1 39 39 0 0 0 1 1 1
2 P_1 40 40 0.5 0.5 0.5 1 1 1
2 P_1 41 41 0.5 0.5 0.5 1 1 1
2 P_1 42 42 0.5 0.5 0.5 1 1 1
2 P_1 43 43 0 0 0 1 1 1
2 P_1 44 44 0 0 0 1 1 1
2 P_1 45 45 0.5 0.5 0.5 1 1 1
2 P_1 46 46 0.5 0.5 0.5 1 1 1
2 P_1 47 47 0.5 0.5 0.5 1 1 1
2 P_1 48 48 0.5 0.5 0.5 1 1 1
2 P_1 49 49 0.5 0.5 0.5 1 1 1
2 P_1 50 50 0 0 0 1 1 1
2 P_1 51 51 0 0 0 1 1 1
2 P_1 52 52 0 0 0 1 1 1
2 P_1 53 53 0.5 0.5 0.5 1 1 1
2 P_1 54 54 0.5 0.5 0.5 1 1 1
2 P_1 55 55 0.5 0.5 0.5 1 1 1
2 P_1 56 56 0.5 0.5 0.5 1 1 1
2 P_1 57 57 0 0 0 1 1 1
2 P_1 58 58 0.5 0.5 0.5 1 1 1
2 P_1 59 59 0 0 0 1 1 1
3 P_6 0 0 0.067757 0.08183632734530938 0.09784 1 1 1
3 P_6 1 1 0.0677425 0.08163265306122448 0.097399 1 1 1
3 P_6 2 2 0.059232 0.07266260162601626 0.088159 1 1 1
3 P_6 3 3 0 0 0 1 1 1
3 P_6 4 4 0.064743 0.07862903225806452 0.0944955 1 1 1
3 P_6 5 5 0 0 0 1 1 1
3 P_6 6 6 0 0 0 1 1 1
3 P_6 7 7 0 0 0 1 1 1
3 P_6 8 8 0 0 0 1 1 1
3 P_6 9 9 0.06988 0.0840751730959446 0.100152 1 1 1
3 P_6 10 10 0.0738895 0.08881922675026123 0.10568 1 1 1
3 P_6 11 11 0.0616865 0.07552083333333333 0.091439 1 1 1
3 P_6 12 12 0.060597 0.07420675537359263 0.089879 1 1 1
3 P_6 13 13 0.0679415 0.08200795228628231 0.0979895 1 1 1
3 P_6 14 14 0.075903 0.09095634095634096 0.107905 1 1 1
3 P_6 15 15 0.071305 0.0855327468230694 0.101604 1 1 1
3 P_6 16 16 0.5 0.5 0.5 1 1 1
3 P_6 17 17 0.0682135 0.0821917808219178 0.0980525 1 1 1
3 P_6 18 18 0.074646 0.08902791145332051 0.1051865 1 1 1
3 P_6 19 19 0.0676615 0.08181818181818182 0.097923 1 1 1
3 P_6 20 20 0.067789 0.08164251207729468 0.097361 1 1 1
3 P_6 21 21 0.069406 0.08333333333333333 0.0990915 1 1 1
3 P_6 22 22 0.0691365 0.08333333333333333 0.0994375 1 1 1
3 P_6 23 23 0.0680565 0.08195926285160039 0.0977315 1 1 1
3 P_6 24 24 0.4033205 0.41924227318045865 0.433229 1 1 1
3 P_6 25 25 0.071082 0.08564102564102564 0.1021325 1 1 1
3 P_6 26 26 0.0779235 0.0928714859437751 0.1096285 1 1 1
3 P_6 27 27 0.075636 0.08981481481481482 0.105695 1 1 1
3 P_6 28 28 0.0704015 0.08455522971652003 0.1005635 1 1 1
3 P_6 29 29 0 0 0 1 1 1
3 P_6 30 30 0.067917 0.08237145855194124 0.0988425 1 1 1
3 P_6 31 31 0.0724455 0.08674463937621832 0.1028685 1 1 1
3 P_6 32 32 0.0614685 0.07515337423312883 0.090888 1 1 1
3 P_6 33 33 0 0 0 1 1 1
3 P_6 34 34 0.068146 0.08211143695014662 0.0979585 1 1 1
3 P_6 35 35 0.0710945 0.08551307847082495 0.101829 1 1 1
3 P_6 36 36 0.067585 0.08187435633367662 0.098149 1 1 1
3 P_6 37 37 0 0 0 1 1 1
3 P_6 38 38 0.0684335 0.08273748723186926 0.099 1 1 1
3 P_6 39 39 0.419171 0.43371757925072046 0.4462405 1 1 1
3 P_6 40 40 0.062294 0.07620041753653445 0.0921865 1 1 1
3 P_6 41 41 0.0677045 0.08196721311475409 0.098204 1 1 1
3 P_6 42 42 0.071927 0.08645096056622852 0.102871 1 1 1
3 P_6 43 43 0 0 0 1 1 1
3 P_6 44 44 0 0 0 1 1 1
3 P_6 45 45 0.0782045 0.09306930693069307 0.1097155 1 1 1
3 P_6 46 46 0.067731 0.08190091001011122 0.09802 1 1 1
3 P_6 47 47 0.067008 0.0815450643776824 0.098154 1 1 1
3 P_6 48 48 0.068015 0.08253968253968254 0.099096 1 1 1
3 P_6 49 49 0.072825 0.08751279426816785 0.1041075 1 1 1
3 P_6 50 50 0.068778 0.08324661810613944 0.0997045 1 1 1
3 P_6 51 51 0.0614685 0.075 0.090538 1 1 1
3 P_6 52 52 0 0 0 1 1 1
3 P_6 53 53 0.0708425 0.08494208494208494 0.100869 1 1 1
3 P_6 54 54 0.0738195 0.08793264733395698 0.1037845 1 1 1
3 P_6 55 55 0.0701545 0.0841300191204589 0.099924 1 1 1
3 P_6 56 56 0.0728605 0.08727810650887574 0.103536 1 1 1
3 P_6 57 57 0.061362 0.07512953367875648 0.0909745 1 1 1
3 P_6 58 58 0.0655085 0.07974816369359916 0.096036 1 1 1
3 P_6 59 59 0 0 0 1 1 1
4 P_5 0 0 0.5 0.5 0.5 1 1 1
4 P_5 1 1 0.5 0.5 0.5 1 1 1
4 P_5 2 2 0.5 0.5 0.5 1 1 1
4 P_5 3 3 0 0 0 1 1 1
4 P_5 4 4 0.5 0.5 0.5 1 1 1
4 P_5 5 5 0.1720445 0.19111969111969113 0.2108465 1 1 1
4 P_5 6 6 0 0 0 1 1 1
4 P_5 7 7 0 0 0 1 1 1
4 P_5 8 8 0 0 0 1 1 1
4 P_5 9 9 0.5 0.5 0.5 1 1 1
4 P_5 10 10 0.5 0.5 0.5 1 1 1
4 P_5 11 11 0.5 0.5 0.5 1 1 1
4 P_5 12 12 0.5 0.5 0.5 1 1 1
4 P_5 13 13 0.5 0.5 0.5 1 1 1
4 P_5 14 14 0.5 0.5 0.5 1 1 1
4 P_5 15 15 0.5 0.5 0.5 1 1 1
4 P_5 16 16 0.5 0.5 0.5 1 1 1
4 P_5 17 17 0.5 0.5 0.5 1 1 1
4 P_5 18 18 0.5 0.5 0.5 1 1 1
4 P_5 19 19 0.5 0.5 0.5 1 1 1
4 P_5 20 20 0.5 0.5 0.5 1 1 1
4 P_5 21 21 0.5 0.5 0.5 1 1 1
4 P_5 22 22 0.5 0.5 0.5 1 1 1
4 P_5 23 23 0.5 0.5 0.5 1 1 1
4 P_5 24 24 0 0 0 1 1 1
4 P_5 25 25 0.5 0.5 0.5 1 1 1
4 P_5 26 26 0.5 0.5 0.5 1 1 1
4 P_5 27 27 0.5 0.5 0.5 1 1 1
4 P_5 28 28 0.5 0.5 0.5 1 1 1
4 P_5 29 29 0.0813055 0.09656218402426693 0.113598 1 1 1
4 P_5 30 30 0.5 0.5 0.5 1 1 1
4 P_5 31 31 0.5 0.5 0.5 1 1 1
4 P_5 32 32 0.5 0.5 0.5 1 1 1
4 P_5 33 33 0.0901105 0.1055396370582617 0.1225515 1 1 1
4 P_5 34 34 0.5 0.5 0.5 1 1 1
4 P_5 35 35 0.2518275 0.2719298245614035 0.291787 1 1 1
4 P_5 36 36 0 0 0 1 1 1
4 P_5 37 37 0 0 0 1 1 1
4 P_5 38 38 0.5 0.5 0.5 1 1 1
4 P_5 39 39 0 0 0 1 1 1
4 P_5 40 40 0.5 0.5 0.5 1 1 1
4 P_5 41 41 0.5 0.5 0.5 1 1 1
4 P_5 42 42 0.5 0.5 0.5 1 1 1
4 P_5 43 43 0.0732275 0.08771060455896927 0.1040385 1 1 1
4 P_5 44 44 0 0 0 1 1 1
4 P_5 45 45 0.5 0.5 0.5 1 1 1
4 P_5 46 46 0.5 0.5 0.5 1 1 1
4 P_5 47 47 0.5 0.5 0.5 1 1 1
4 P_5 48 48 0.5 0.5 0.5 1 1 1
4 P_5 49 49 0.5 0.5 0.5 1 1 1
4 P_5 50 50 0.0841805 0.09969481180061038 0.116962 1 1 1
4 P_5 51 51 0 0 0 1 1 1
4 P_5 52 52 0 0 0 1 1 1
4 P_5 53 53 0.5 0.5 0.5 1 1 1
4 P_5 54 54 0.5 0.5 0.5 1 1 1
4 P_5 55 55 0.5 0.5 0.5 1 1 1
4 P_5 56 56 0.5 0.5 0.5 1 1 1
4 P_5 57 57 0 0 0 1 1 1
4 P_5 58 58 0.5 0.5 0.5 1 1 1
4 P_5 59 59 0.071093 0.08528265107212475 0.101313 1 1 1
5 P_8 0 0 0.4255585 0.4399596367305752 0.452163 1 1 1
5 P_8 1 1 0.432748 0.44659206510681587 0.458144 1 1 1
5 P_8 2 2 0.424899 0.4391560353287537 0.4512845 1 1 1
5 P_8 3 3 0 0 0 1 1 1
5 P_8 4 4 0.4223775 0.4367704280155642 0.4490805 1 1 1
5 P_8 5 5 0 0 0 1 1 1
5 P_8 6 6 0 0 0 1 1 1
5 P_8 7 7 0 0 0 1 1 1
5 P_8 8 8 0.04435215 0.056174089068825914 0.070245 1 1 1
5 P_8 9 9 0.428256 0.44260599793174765 0.4546725 1 1 1
5 P_8 10 10 0.4239225 0.43809980806142035 0.4502075 1 1 1
5 P_8 11 11 0.4233375 0.43808049535603716 0.4505985 1 1 1
5 P_8 12 12 0.4312885 0.4452965235173824 0.457016 1 1 1
5 P_8 13 13 0.4183195 0.43320039880358924 0.445987 1 1 1
5 P_8 14 14 0.421327 0.436 0.4485405 1 1 1
5 P_8 15 15 0.4285225 0.4426559356136821 0.4545675 1 1 1
5 P_8 16 16 0.5 0.5 0.5 1 1 1
5 P_8 17 17 0.4242305 0.4389233954451346 0.4513745 1 1 1
5 P_8 18 18 0.418958 0.43349282296650715 0.446014 1 1 1
5 P_8 19 19 0.429835 0.4437810945273632 0.4555165 1 1 1
5 P_8 20 20 0.425888 0.4402834008097166 0.452471 1 1 1
5 P_8 21 21 0.4237965 0.4380445304937077 0.4502055 1 1 1
5 P_8 22 22 0.42279 0.4376299376299376 0.450234 1 1 1
5 P_8 23 23 0.417485 0.43325917686318133 0.4466975 1 1 1
5 P_8 24 24 0.055943 0.06873184898354308 0.083533 1 1 1
5 P_8 25 25 0.4224115 0.437 0.4494445 1 1 1
5 P_8 26 26 0.420049 0.43509865005192105 0.447945 1 1 1
5 P_8 27 27 0.421016 0.435793731041456 0.448418 1 1 1
5 P_8 28 28 0.424264 0.4386839481555334 0.450947 1 1 1
5 P_8 29 29 0 0 0 1 1 1
5 P_8 30 30 0.4203275 0.4350198412698413 0.4476075 1 1 1
5 P_8 31 31 0.42201 0.43651574803149606 0.4489165 1 1 1
5 P_8 32 32 0.417813 0.43282828282828284 0.4457265 1 1 1
5 P_8 33 33 0 0 0 1 1 1
5 P_8 34 34 0.423227 0.4378818737270876 0.4503435 1 1 1
5 P_8 35 35 0.2924135 0.3130296610169492 0.33288 1 1 1
5 P_8 36 36 0.2790265 0.29884504331087586 0.3181245 1 1 1
5 P_8 37 37 0 0 0 1 1 1
5 P_8 38 38 0.418034 0.43272023233301066 0.4453785 1 1 1
5 P_8 39 39 0.0503875 0.06268364348677767 0.0770835 1 1 1
5 P_8 40 40 0.425999 0.440320962888666 0.4524545 1 1 1
5 P_8 41 41 0.4160285 0.4313929313929314 0.444596 1 1 1
5 P_8 42 42 0.4132575 0.42829457364341084 0.4413505 1 1 1
5 P_8 43 43 0 0 0 1 1 1
5 P_8 44 44 0 0 0 1 1 1
5 P_8 45 45 0.4229545 0.4375 0.449896 1 1 1
5 P_8 46 46 0.4136075 0.42916666666666664 0.4425865 1 1 1
5 P_8 47 47 0.427496 0.44170854271356785 0.4537125 1 1 1
5 P_8 48 48 0.419411 0.43415841584158416 0.4468155 1 1 1
5 P_8 49 49 0.4298405 0.4437314906219151 0.45543 1 1 1
5 P_8 50 50 0.276785 0.297079556898288 0.3168305 1 1 1
5 P_8 51 51 0.281406 0.301975051975052 0.321925 1 1 1
5 P_8 52 52 0 0 0 1 1 1
5 P_8 53 53 0.4274745 0.4415841584158416 0.453519 1 1 1
5 P_8 54 54 0.422815 0.4374369323915237 0.4498905 1 1 1
5 P_8 55 55 0.4150905 0.43020937188434694 0.4432685 1 1 1
5 P_8 56 56 0.4188895 0.4338758901322482 0.446718 1 1 1
5 P_8 57 57 0.28944 0.3092682926829268 0.3284335 1 1 1
5 P_8 58 58 0.417068 0.4323621227887617 0.445481 1 1 1
5 P_8 59 59 0 0 0 1 1 1
6 P_4 0 0 0.2103335 0.23031496062992127 0.2505185 1 1 1
6 P_4 1 1 0.2285215 0.24875868917576963 0.26901 1 1 1
6 P_4 2 2 0.219228 0.2397330595482546 0.260359 1 1 1
6 P_4 3 3 0 0 0 1 1 1
6 P_4 4 4 0.227649 0.24799196787148595 0.268358 1 1 1
6 P_4 5 5 0 0 0 1 1 1
6 P_4 6 6 0.2492075 0.2693817468105986 0.289338 1 1 1
6 P_4 7 7 0 0 0 1 1 1
6 P_4 8 8 0 0 0 1 1 1
6 P_4 9 9 0.215459 0.23580121703853954 0.2563085 1 1 1
6 P_4 10 10 0.218875 0.23893805309734514 0.259126 1 1 1
6 P_4 11 11 0.2129975 0.23379383634431455 0.2547875 1 1 1
6 P_4 12 12 0.2155565 0.23585858585858585 0.2563245 1 1 1
6 P_4 13 13 0.208694 0.22855750487329435 0.2486605 1 1 1
6 P_4 14 14 0.216583 0.23734177215189872 0.2582535 1 1 1
6 P_4 15 15 0.214142 0.23429710867397807 0.2546315 1 1 1
6 P_4 16 16 0.5 0.5 0.5 1 1 1
6 P_4 17 17 0.237306 0.25806451612903225 0.2787265 1 1 1
6 P_4 18 18 0.2206745 0.24070450097847357 0.260839 1 1 1
6 P_4 19 19 0.2103265 0.23065173116089613 0.2512025 1 1 1
6 P_4 20 20 0.2201255 0.24070247933884298 0.2613895 1 1 1
6 P_4 21 21 0.2216445 0.24168297455968688 0.2618145 1 1 1
6 P_4 22 22 0.2207925 0.24129098360655737 0.2618915 1 1 1
6 P_4 23 23 0.2163125 0.2363013698630137 0.256444 1 1 1
6 P_4 24 24 0 0 0 1 1 1
6 P_4 25 25 0.2173285 0.23763874873864782 0.258092 1 1 1
6 P_4 26 26 0.211128 0.23126873126873126 0.251624 1 1 1
6 P_4 27 27 0.216174 0.23622047244094488 0.2564225 1 1 1
6 P_4 28 28 0.2205975 0.2410623084780388 0.261632 1 1 1
6 P_4 29 29 0 0 0 1 1 1
6 P_4 30 30 0.212663 0.23280159521435692 0.2531365 1 1 1
6 P_4 31 31 0.203405 0.22319688109161792 0.2432885 1 1 1
6 P_4 32 32 0.2236555 0.24446786090621708 0.265347 1 1 1
6 P_4 33 33 0 0 0 1 1 1
6 P_4 34 34 0.2274945 0.2481827622014538 0.2688925 1 1 1
6 P_4 35 35 0.2121185 0.23200389105058367 0.25209 1 1 1
6 P_4 36 36 0.050732 0.06279287722586692 0.0768655 1 1 1
6 P_4 37 37 0 0 0 1 1 1
6 P_4 38 38 0.222166 0.24192015209125475 0.2617625 1 1 1
6 P_4 39 39 0.2446845 0.26515151515151514 0.285443 1 1 1
6 P_4 40 40 0.221299 0.2411313518696069 0.261061 1 1 1
6 P_4 41 41 0.2132185 0.23343373493975902 0.25384 1 1 1
6 P_4 42 42 0.2085695 0.2286282306163022 0.2489305 1 1 1
6 P_4 43 43 0 0 0 1 1 1
6 P_4 44 44 0.247164 0.267570281124498 0.2877745 1 1 1
6 P_4 45 45 0.206183 0.2261904761904762 0.2464685 1 1 1
6 P_4 46 46 0.214142 0.23429710867397807 0.2546315 1 1 1
6 P_4 47 47 0.2176095 0.23877327491785322 0.260078 1 1 1
6 P_4 48 48 0.2279345 0.24846625766871167 0.269016 1 1 1
6 P_4 49 49 0.2255055 0.2457627118644068 0.2660685 1 1 1
6 P_4 50 50 0.210994 0.2313585291113381 0.2519415 1 1 1
6 P_4 51 51 0.0568065 0.07004089979550102 0.0853845 1 1 1
6 P_4 52 52 0.2432795 0.2640625 0.28467750000000003 1 1 1
6 P_4 53 53 0.214956 0.23508946322067595 0.255393 1 1 1
6 P_4 54 54 0.220409 0.24057539682539683 0.260849 1 1 1
6 P_4 55 55 0.2207865 0.24075875486381323 0.260834 1 1 1
6 P_4 56 56 0.2206765 0.24123711340206186 0.2619015 1 1 1
6 P_4 57 57 0.053812 0.06634615384615385 0.080905 1 1 1
6 P_4 58 58 0.2296 0.24951923076923077 0.269444 1 1 1
6 P_4 59 59 0 0 0 1 1 1
7 P_0 0 0 0.3420855 0.36143308746048475 0.3794345 1 1 1
7 P_0 1 1 0.334951 0.3543388429752066 0.372491 1 1 1
7 P_0 2 2 0.3307005 0.3507057546145494 0.3694575 1 1 1
7 P_0 3 3 0.0538835 0.06653620352250489 0.081247 1 1 1
7 P_0 4 4 0.343052 0.361568247821878 0.3788455 1 1 1
7 P_0 5 5 0 0 0 1 1 1
7 P_0 6 6 0 0 0 1 1 1
7 P_0 7 7 0 0 0 1 1 1
7 P_0 8 8 0 0 0 1 1 1
7 P_0 9 9 0.336629 0.35552268244575935 0.373223 1 1 1
7 P_0 10 10 0.3263485 0.34627659574468084 0.3650305 1 1 1
7 P_0 11 11 0.3158775 0.33620689655172414 0.355471 1 1 1
7 P_0 12 12 0.339471 0.35834990059642147 0.375994 1 1 1
7 P_0 13 13 0.329753 0.3489531405782652 0.367022 1 1 1
7 P_0 14 14 0.33647 0.3560126582278481 0.3742735 1 1 1
7 P_0 15 15 0.332124 0.35141987829614607 0.369536 1 1 1
7 P_0 16 16 0.5 0.5 0.5 1 1 1
7 P_0 17 17 0.3375875 0.3566398390342052 0.374462 1 1 1
7 P_0 18 18 0.326007 0.34603004291845496 0.3648715 1 1 1
7 P_0 19 19 0.325697 0.34521384928716903 0.3636185 1 1 1
7 P_0 20 20 0.340139 0.358987090367428 0.376594 1 1 1
7 P_0 21 21 0.3418445 0.36072144288577157 0.378326 1 1 1
7 P_0 22 22 0.3407155 0.3599585062240664 0.377894 1 1 1
7 P_0 23 23 0.3361415 0.35545267489711935 0.37352 1 1 1
7 P_0 24 24 0.074604 0.08919722497522299 0.1056175 1 1 1
7 P_0 25 25 0.3335345 0.35348583877995643 0.372145 1 1 1
7 P_0 26 26 0.331632 0.35038240917782026 0.368032 1 1 1
7 P_0 27 27 0.3347035 0.3538928210313448 0.3718775 1 1 1
7 P_0 28 28 0.3325945 0.35200411099691675 0.370212 1 1 1
7 P_0 29 29 0 0 0 1 1 1
7 P_0 30 30 0.33469 0.3541666666666667 0.372399 1 1 1
7 P_0 31 31 0.333654 0.35303186022610483 0.3711955 1 1 1
7 P_0 32 32 0.3324545 0.3515392254220457 0.3694675 1 1 1
7 P_0 33 33 0 0 0 1 1 1
7 P_0 34 34 0.340601 0.3595 0.377143 1 1 1
7 P_0 35 35 0.3306285 0.34938036224976166 0.3670455 1 1 1
7 P_0 36 36 0 0 0 1 1 1
7 P_0 37 37 0 0 0 1 1 1
7 P_0 38 38 0.328219 0.34782608695652173 0.366272 1 1 1
7 P_0 39 39 0.132334 0.150559511698881 0.169945 1 1 1
7 P_0 40 40 0.338733 0.35803108808290157 0.376046 1 1 1
7 P_0 41 41 0.3387995 0.35835995740149096 0.376597 1 1 1
7 P_0 42 42 0.3287395 0.347678916827853 0.365535 1 1 1
7 P_0 43 43 0 0 0 1 1 1
7 P_0 44 44 0 0 0 1 1 1
7 P_0 45 45 0.334084 0.3533604887983707 0.37143 1 1 1
7 P_0 46 46 0.339941 0.35868498527968595 0.3762055 1 1 1
7 P_0 47 47 0.3264915 0.345734126984127 0.363888 1 1 1
7 P_0 48 48 0.3189695 0.3381782945736434 0.356407 1 1 1
7 P_0 49 49 0.3359825 0.3546679499518768 0.372198 1 1 1
7 P_0 50 50 0.326392 0.34587995930824006 0.3642495 1 1 1
7 P_0 51 51 0 0 0 1 1 1
7 P_0 52 52 0 0 0 1 1 1
7 P_0 53 53 0.3351375 0.35410484668644904 0.371891 1 1 1
7 P_0 54 54 0.3322665 0.35133795837462833 0.3692575 1 1 1
7 P_0 55 55 0.3364285 0.35555555555555557 0.3734595 1 1 1
7 P_0 56 56 0.340955 0.359666339548577 0.377143 1 1 1
7 P_0 57 57 0 0 0 1 1 1
7 P_0 58 58 0.3490585 0.36730769230769234 0.384263 1 1 1
7 P_0 59 59 0 0 0 1 1 1
8 P_2 0 0 0.5 0.5 0.5 1 1 1
8 P_2 1 1 0.5 0.5 0.5 1 1 1
8 P_2 2 2 0.5 0.5 0.5 1 1 1
8 P_2 3 3 0 0 0 1 1 1
8 P_2 4 4 0.5 0.5 0.5 1 1 1
8 P_2 5 5 0 0 0 1 1 1
8 P_2 6 6 0 0 0 1 1 1
8 P_2 7 7 0.080353 0.09523809523809523 0.111848 1 1 1
8 P_2 8 8 0 0 0 1 1 1
8 P_2 9 9 0.5 0.5 0.5 1 1 1
8 P_2 10 10 0.5 0.5 0.5 1 1 1
8 P_2 11 11 0.5 0.5 0.5 1 1 1
8 P_2 12 12 0.5 0.5 0.5 1 1 1
8 P_2 13 13 0.5 0.5 0.5 1 1 1
8 P_2 14 14 0.5 0.5 0.5 1 1 1
8 P_2 15 15 0.5 0.5 0.5 1 1 1
8 P_2 16 16 0.5 0.5 0.5 1 1 1
8 P_2 17 17 0.5 0.5 0.5 1 1 1
8 P_2 18 18 0.5 0.5 0.5 1 1 1
8 P_2 19 19 0.5 0.5 0.5 1 1 1
8 P_2 20 20 0.5 0.5 0.5 1 1 1
8 P_2 21 21 0.5 0.5 0.5 1 1 1
8 P_2 22 22 0.5 0.5 0.5 1 1 1
8 P_2 23 23 0.5 0.5 0.5 1 1 1
8 P_2 24 24 0 0 0 1 1 1
8 P_2 25 25 0.5 0.5 0.5 1 1 1
8 P_2 26 26 0.5 0.5 0.5 1 1 1
8 P_2 27 27 0.5 0.5 0.5 1 1 1
8 P_2 28 28 0.5 0.5 0.5 1 1 1
8 P_2 29 29 0 0 0 1 1 1
8 P_2 30 30 0.5 0.5 0.5 1 1 1
8 P_2 31 31 0.5 0.5 0.5 1 1 1
8 P_2 32 32 0.5 0.5 0.5 1 1 1
8 P_2 33 33 0 0 0 1 1 1
8 P_2 34 34 0.5 0.5 0.5 1 1 1
8 P_2 35 35 0.2592745 0.2796780684104628 0.299739 1 1 1
8 P_2 36 36 0.2368935 0.25727181544633904 0.2775665 1 1 1
8 P_2 37 37 0.0482312 0.06052899287894201 0.0750365 1 1 1
8 P_2 38 38 0.5 0.5 0.5 1 1 1
8 P_2 39 39 0 0 0 1 1 1
8 P_2 40 40 0.5 0.5 0.5 1 1 1
8 P_2 41 41 0.5 0.5 0.5 1 1 1
8 P_2 42 42 0.5 0.5 0.5 1 1 1
8 P_2 43 43 0 0 0 1 1 1
8 P_2 44 44 0 0 0 1 1 1
8 P_2 45 45 0.5 0.5 0.5 1 1 1
8 P_2 46 46 0.5 0.5 0.5 1 1 1
8 P_2 47 47 0.5 0.5 0.5 1 1 1
8 P_2 48 48 0.5 0.5 0.5 1 1 1
8 P_2 49 49 0.5 0.5 0.5 1 1 1
8 P_2 50 50 0.245784 0.26597836774827927 0.2859925 1 1 1
8 P_2 51 51 0.2433575 0.2629151291512915 0.2823365 1 1 1
8 P_2 52 52 0 0 0 1 1 1
8 P_2 53 53 0.5 0.5 0.5 1 1 1
8 P_2 54 54 0.5 0.5 0.5 1 1 1
8 P_2 55 55 0.5 0.5 0.5 1 1 1
8 P_2 56 56 0.5 0.5 0.5 1 1 1
8 P_2 57 57 0.2520165 0.2722772277227723 0.292285 1 1 1
8 P_2 58 58 0.5 0.5 0.5 1 1 1
8 P_2 59 59 0 0 0 1 1 1
9 P_7 0 0 0.2686825 0.2887049659201558 0.3082955 1 1 1
9 P_7 1 1 0.275915 0.29625884732052576 0.316066 1 1 1
9 P_7 2 2 0.260416 0.28063241106719367 0.300502 1 1 1
9 P_7 3 3 0 0 0 1 1 1
9 P_7 4 4 0.2713195 0.2909260991580917 0.3100935 1 1 1
9 P_7 5 5 0 0 0 1 1 1
9 P_7 6 6 0.0585305 0.07171117705242334 0.086914 1 1 1
9 P_7 7 7 0 0 0 1 1 1
9 P_7 8 8 0.1362345 0.15433925049309666 0.173526 1 1 1
9 P_7 9 9 0.262076 0.2824773413897281 0.3025035 1 1 1
9 P_7 10 10 0.264639 0.2847358121330724 0.3044425 1 1 1
9 P_7 11 11 0.267762 0.288265306122449 0.3083205 1 1 1
9 P_7 12 12 0.259381 0.28038379530916846 0.3010155 1 1 1
9 P_7 13 13 0.2756235 0.295959595959596 0.3157635 1 1 1
9 P_7 14 14 0.2723445 0.29296066252587993 0.313067 1 1 1
9 P_7 15 15 0.2628485 0.2828185328185328 0.302425 1 1 1
9 P_7 16 16 0.5 0.5 0.5 1 1 1
9 P_7 17 17 0.259119 0.2791828793774319 0.298921 1 1 1
9 P_7 18 18 0.2633175 0.2837022132796781 0.3036985 1 1 1
9 P_7 19 19 0.2599705 0.28072916666666664 0.3011205 1 1 1
9 P_7 20 20 0.2658785 0.28606719367588934 0.305847 1 1 1
9 P_7 21 21 0.260539 0.2808151093439364 0.30074 1 1 1
9 P_7 22 22 0.269231 0.28996865203761757 0.310227 1 1 1
9 P_7 23 23 0.2658 0.28645294725956566 0.306674 1 1 1
9 P_7 24 24 0.14286 0.1611328125 0.180401 1 1 1
9 P_7 25 25 0.279868 0.3002028397565923 0.3199535 1 1 1
9 P_7 26 26 0.2648845 0.28507905138339923 0.304876 1 1 1
9 P_7 27 27 0.264226 0.28425655976676384 0.3039055 1 1 1
9 P_7 28 28 0.272412 0.29257425742574256 0.312253 1 1 1
9 P_7 29 29 0.267986 0.2883838383838384 0.30833700000000003 1 1 1
9 P_7 30 30 0.269653 0.2901740020470829 0.3102235 1 1 1
9 P_7 31 31 0.272899 0.29261363636363635 0.3118655 1 1 1
9 P_7 32 32 0.2643185 0.2840909090909091 0.303493 1 1 1
9 P_7 33 33 0.2730925 0.2936918304033092 0.313773 1 1 1
9 P_7 34 34 0.2575975 0.2780586450960566 0.2981945 1 1 1
9 P_7 35 35 0.2630275 0.2830739299610895 0.3027515 1 1 1
9 P_7 36 36 0 0 0 1 1 1
9 P_7 37 37 0 0 0 1 1 1
9 P_7 38 38 0.2719185 0.2917063870352717 0.3110385 1 1 1
9 P_7 39 39 0.199629 0.21923076923076923 0.2391715 1 1 1
9 P_7 40 40 0.26644 0.28655544651619236 0.3062595 1 1 1
9 P_7 41 41 0.2710075 0.2912912912912913 0.311101 1 1 1
9 P_7 42 42 0.27883 0.29891304347826086 0.3184415 1 1 1
9 P_7 43 43 0.260241 0.28025169409486933 0.2999265 1 1 1
9 P_7 44 44 0.058288 0.0715725806451613 0.086919 1 1 1
9 P_7 45 45 0.253956 0.27400581959262854 0.2937885 1 1 1
9 P_7 46 46 0.2730795 0.2931372549019608 0.31271 1 1 1
9 P_7 47 47 0.2620645 0.2819047619047619 0.3013965 1 1 1
9 P_7 48 48 0.272455 0.29270729270729273 0.31247 1 1 1
9 P_7 49 49 0.253444 0.2734753146176186 0.293246 1 1 1
9 P_7 50 50 0.264212 0.2844400396432111 0.3042765 1 1 1
9 P_7 51 51 0 0 0 1 1 1
9 P_7 52 52 0.0546725 0.06794055201698514 0.083424 1 1 1
9 P_7 53 53 0.2708255 0.2908912830558276 0.3104975 1 1 1
9 P_7 54 54 0.265825 0.2866948257655755 0.3071205 1 1 1
9 P_7 55 55 0.270115 0.2901960784313726 0.309825 1 1 1
9 P_7 56 56 0.277538 0.2979591836734694 0.317819 1 1 1
9 P_7 57 57 0 0 0 1 1 1
9 P_7 58 58 0.2674195 0.2879876796714579 0.308109 1 1 1
9 P_7 59 59 0.280077 0.29990356798457085 0.3191785 1 1 1
