5 #m
43 #n
0 P_7 0 0 0 0 0 1 1 1
0 P_7 1 1 0.2352705 0.2417 0.2481395 1 1 1
0 P_7 2 2 0 0 0 1 1 1
0 P_7 3 3 0 0 0 1 1 1
0 P_7 4 4 0.0668995 0.0713 0.075906 1 1 1
0 P_7 5 5 0 0 0 1 1 1
0 P_7 6 6 0 0 0 1 1 1
0 P_7 7 7 0.2352705 0.2417 0.2481395 1 1 1
0 P_7 8 8 0.180905 0.1871 0.193367 1 1 1
0 P_7 9 9 0.0668995 0.0713 0.075906 1 1 1
0 P_7 10 10 0 0 0 1 1 1
0 P_7 11 11 0.0630095 0.0673 0.0718005 1 1 1
0 P_7 12 12 0 0 0 1 1 1
0 P_7 13 13 0.0668995 0.0713 0.075906 1 1 1
0 P_7 14 14 0 0 0 1 1 1
0 P_7 15 15 0 0 0 1 1 1
0 P_7 16 16 0.5 0.5 0.5 1 1 1
0 P_7 17 17 0.251911 0.25835 0.2647795 1 1 1
0 P_7 18 18 0 0 0 1 1 1
0 P_7 19 19 0.251911 0.25835 0.2647795 1 1 1
0 P_7 20 20 0.180905 0.1871 0.193367 1 1 1
0 P_7 21 21 0.0630095 0.0673 0.0718005 1 1 1
0 P_7 22 22 0.5 0.5 0.5 1 1 1
0 P_7 23 23 0 0 0 1 1 1
0 P_7 24 24 0 0 0 1 1 1
0 P_7 25 25 0 0 0 1 1 1
0 P_7 26 26 0 0 0 1 1 1
0 P_7 27 27 0 0 0 1 1 1
0 P_7 28 28 0.180905 0.1871 0.193367 1 1 1
0 P_7 29 29 0 0 0 1 1 1
0 P_7 30 30 0 0 0 1 1 1
0 P_7 31 31 0.2352705 0.2417 0.2481395 1 1 1
0 P_7 32 32 0 0 0 1 1 1
0 P_7 33 33 0.180905 0.1871 0.193367 1 1 1
0 P_7 34 34 0.251911 0.25835 0.2647795 1 1 1
0 P_7 35 35 0 0 0 1 1 1
0 P_7 36 36 0 0 0 1 1 1
0 P_7 37 37 0 0 0 1 1 1
0 P_7 38 38 0.180905 0.1871 0.193367 1 1 1
0 P_7 39 39 0 0 0 1 1 1
0 P_7 40 40 0.2352705 0.2417 0.2481395 1 1 1
0 P_7 41 41 0.2352705 0.2417 0.2481395 1 1 1
0 P_7 42 42 0 0 0 1 1 1
1 P_3 0 0 0 0 0 1 1 1
1 P_3 1 1 0.2694315 0.27585 0.2822385 1 1 1
1 P_3 2 2 0 0 0 1 1 1
1 P_3 3 3 0 0 0 1 1 1
1 P_3 4 4 0 0 0 1 1 1
1 P_3 5 5 0 0 0 1 1 1
1 P_3 6 6 0 0 0 1 1 1
1 P_3 7 7 0.2694315 0.27585 0.2822385 1 1 1
1 P_3 8 8 0 0 0 1 1 1
1 P_3 9 9 0 0 0 1 1 1
1 P_3 10 10 0 0 0 1 1 1
1 P_3 11 11 0 0 0 1 1 1
1 P_3 12 12 0 0 0 1 1 1
1 P_3 13 13 0 0 0 1 1 1
1 P_3 14 14 0 0 0 1 1 1
1 P_3 15 15 0 0 0 1 1 1
1 P_3 16 16 0.5 0.5 0.5 1 1 1
1 P_3 17 17 0.217811 0.2242 0.2306185 1 1 1
1 P_3 18 18 0 0 0 1 1 1
1 P_3 19 19 0.217811 0.2242 0.2306185 1 1 1
1 P_3 20 20 0 0 0 1 1 1
1 P_3 21 21 0 0 0 1 1 1
1 P_3 22 22 0.5 0.5 0.5 1 1 1
1 P_3 23 23 0 0 0 1 1 1
1 P_3 24 24 0.217811 0.2242 0.2306185 1 1 1
1 P_3 25 25 0 0 0 1 1 1
1 P_3 26 26 0.217811 0.2242 0.2306185 1 1 1
1 P_3 27 27 0.217811 0.2242 0.2306185 1 1 1
1 P_3 28 28 0 0 0 1 1 1
1 P_3 29 29 0 0 0 1 1 1
1 P_3 30 30 0 0 0 1 1 1
1 P_3 31 31 0.2694315 0.27585 0.2822385 1 1 1
1 P_3 32 32 0 0 0 1 1 1
1 P_3 33 33 0 0 0 1 1 1
1 P_3 34 34 0.217811 0.2242 0.2306185 1 1 1
1 P_3 35 35 0 0 0 1 1 1
1 P_3 36 36 0.217811 0.2242 0.2306185 1 1 1
1 P_3 37 37 0 0 0 1 1 1
1 P_3 38 38 0 0 0 1 1 1
1 P_3 39 39 0 0 0 1 1 1
1 P_3 40 40 0.2694315 0.27585 0.2822385 1 1 1
1 P_3 41 41 0.2694315 0.27585 0.2822385 1 1 1
1 P_3 42 42 0 0 0 1 1 1
2 P_4 0 0 0 0 0 1 1 1
2 P_4 1 1 0.059416 0.0636 0.0679985 1 1 1
2 P_4 2 2 0 0 0 1 1 1
2 P_4 3 3 0 0 0 1 1 1
2 P_4 4 4 0 0 0 1 1 1
2 P_4 5 5 0 0 0 1 1 1
2 P_4 6 6 0.059416 0.0636 0.0679985 1 1 1
2 P_4 7 7 0 0 0 1 1 1
2 P_4 8 8 0.432053 0.43645 0.4406325 1 1 1
2 P_4 9 9 0 0 0 1 1 1
2 P_4 10 10 0 0 0 1 1 1
2 P_4 11 11 0 0 0 1 1 1
2 P_4 12 12 0 0 0 1 1 1
2 P_4 13 13 0 0 0 1 1 1
2 P_4 14 14 0 0 0 1 1 1
2 P_4 15 15 0 0 0 1 1 1
2 P_4 16 16 0.5 0.5 0.5 1 1 1
2 P_4 17 17 0.432053 0.43645 0.4406325 1 1 1
2 P_4 18 18 0 0 0 1 1 1
2 P_4 19 19 0.432053 0.43645 0.4406325 1 1 1
2 P_4 20 20 0.432053 0.43645 0.4406325 1 1 1
2 P_4 21 21 0 0 0 1 1 1
2 P_4 22 22 0.5 0.5 0.5 1 1 1
2 P_4 23 23 0.059416 0.0636 0.0679985 1 1 1
2 P_4 24 24 0 0 0 1 1 1
2 P_4 25 25 0 0 0 1 1 1
2 P_4 26 26 0 0 0 1 1 1
2 P_4 27 27 0 0 0 1 1 1
2 P_4 28 28 0.432053 0.43645 0.4406325 1 1 1
2 P_4 29 29 0 0 0 1 1 1
2 P_4 30 30 0 0 0 1 1 1
2 P_4 31 31 0.059416 0.0636 0.0679985 1 1 1
2 P_4 32 32 0 0 0 1 1 1
2 P_4 33 33 0.432053 0.43645 0.4406325 1 1 1
2 P_4 34 34 0.432053 0.43645 0.4406325 1 1 1
2 P_4 35 35 0 0 0 1 1 1
2 P_4 36 36 0 0 0 1 1 1
2 P_4 37 37 0 0 0 1 1 1
2 P_4 38 38 0.432053 0.43645 0.4406325 1 1 1
2 P_4 39 39 0 0 0 1 1 1
2 P_4 40 40 0.059416 0.0636 0.0679985 1 1 1
2 P_4 41 41 0.059416 0.0636 0.0679985 1 1 1
2 P_4 42 42 0.059416 0.0636 0.0679985 1 1 1
3 P_1 0 0 0.070064 0.07455 0.079238 1 1 1
3 P_1 1 1 0.070064 0.07455 0.079238 1 1 1
3 P_1 2 2 0.2367685 0.2432 0.2496395 1 1 1
3 P_1 3 3 0 0 0 1 1 1
3 P_1 4 4 0.2367685 0.2432 0.2496395 1 1 1
3 P_1 5 5 0.070064 0.07455 0.079238 1 1 1
3 P_1 6 6 0 0 0 1 1 1
3 P_1 7 7 0.070064 0.07455 0.079238 1 1 1
3 P_1 8 8 0 0 0 1 1 1
3 P_1 9 9 0.2367685 0.2432 0.2496395 1 1 1
3 P_1 10 10 0.070064 0.07455 0.079238 1 1 1
3 P_1 11 11 0 0 0 1 1 1
3 P_1 12 12 0.2367685 0.2432 0.2496395 1 1 1
3 P_1 13 13 0.2367685 0.2432 0.2496395 1 1 1
3 P_1 14 14 0.070064 0.07455 0.079238 1 1 1
3 P_1 15 15 0 0 0 1 1 1
3 P_1 16 16 0.5 0.5 0.5 1 1 1
3 P_1 17 17 0.420813 0.4255 0.429985 1 1 1
3 P_1 18 18 0.070064 0.07455 0.079238 1 1 1
3 P_1 19 19 0.420813 0.4255 0.429985 1 1 1
3 P_1 20 20 0 0 0 1 1 1
3 P_1 21 21 0 0 0 1 1 1
3 P_1 22 22 0.5 0.5 0.5 1 1 1
3 P_1 23 23 0 0 0 1 1 1
3 P_1 24 24 0 0 0 1 1 1
3 P_1 25 25 0.176191 0.18235 0.188587 1 1 1
3 P_1 26 26 0 0 0 1 1 1
3 P_1 27 27 0.176191 0.18235 0.188587 1 1 1
3 P_1 28 28 0 0 0 1 1 1
3 P_1 29 29 0.176191 0.18235 0.188587 1 1 1
3 P_1 30 30 0.2367685 0.2432 0.2496395 1 1 1
3 P_1 31 31 0.070064 0.07455 0.079238 1 1 1
3 P_1 32 32 0.2367685 0.2432 0.2496395 1 1 1
3 P_1 33 33 0 0 0 1 1 1
3 P_1 34 34 0.420813 0.4255 0.429985 1 1 1
3 P_1 35 35 0 0 0 1 1 1
3 P_1 36 36 0.176191 0.18235 0.188587 1 1 1
3 P_1 37 37 0.070064 0.07455 0.079238 1 1 1
3 P_1 38 38 0 0 0 1 1 1
3 P_1 39 39 0.2367685 0.2432 0.2496395 1 1 1
3 P_1 40 40 0.070064 0.07455 0.079238 1 1 1
3 P_1 41 41 0.070064 0.07455 0.079238 1 1 1
3 P_1 42 42 0 0 0 1 1 1
4 P_6 0 0 0 0 0 1 1 1
4 P_6 1 1 0.131963 0.13765 0.143466 1 1 1
4 P_6 2 2 0.245611 0.25205 0.2584865 1 1 1
4 P_6 3 3 0 0 0 1 1 1
4 P_6 4 4 0.245611 0.25205 0.2584865 1 1 1
4 P_6 5 5 0 0 0 1 1 1
4 P_6 6 6 0 0 0 1 1 1
4 P_6 7 7 0.131963 0.13765 0.143466 1 1 1
4 P_6 8 8 0.105139 0.1104 0.1158215 1 1 1
4 P_6 9 9 0.245611 0.25205 0.2584865 1 1 1
4 P_6 10 10 0 0 0 1 1 1
4 P_6 11 11 0.105139 0.1104 0.1158215 1 1 1
4 P_6 12 12 0.245611 0.25205 0.2584865 1 1 1
4 P_6 13 13 0.245611 0.25205 0.2584865 1 1 1
4 P_6 14 14 0 0 0 1 1 1
4 P_6 15 15 0 0 0 1 1 1
4 P_6 16 16 0.5 0.5 0.5 1 1 1
4 P_6 17 17 0.3565845 0.3624 0.368086 1 1 1
4 P_6 18 18 0 0 0 1 1 1
4 P_6 19 19 0.3565845 0.3624 0.368086 1 1 1
4 P_6 20 20 0.105139 0.1104 0.1158215 1 1 1
4 P_6 21 21 0.105139 0.1104 0.1158215 1 1 1
4 P_6 22 22 0.5 0.5 0.5 1 1 1
4 P_6 23 23 0 0 0 1 1 1
4 P_6 24 24 0 0 0 1 1 1
4 P_6 25 25 0 0 0 1 1 1
4 P_6 26 26 0 0 0 1 1 1
4 P_6 27 27 0 0 0 1 1 1
4 P_6 28 28 0.105139 0.1104 0.1158215 1 1 1
4 P_6 29 29 0 0 0 1 1 1
4 P_6 30 30 0.245611 0.25205 0.2584865 1 1 1
4 P_6 31 31 0.131963 0.13765 0.143466 1 1 1
4 P_6 32 32 0.245611 0.25205 0.2584865 1 1 1
4 P_6 33 33 0.105139 0.1104 0.1158215 1 1 1
4 P_6 34 34 0.3565845 0.3624 0.368086 1 1 1
4 P_6 35 35 0 0 0 1 1 1
4 P_6 36 36 0 0 0 1 1 1
4 P_6 37 37 0 0 0 1 1 1
4 P_6 38 38 0.105139 0.1104 0.1158215 1 1 1
4 P_6 39 39 0.245611 0.25205 0.2584865 1 1 1
4 P_6 40 40 0.131963 0.13765 0.143466 1 1 1
4 P_6 41 41 0.131963 0.13765 0.143466 1 1 1
4 P_6 42 42 0 0 0 1 1 1
