10 #m
38 #n
0 P_1 0 0 0.5 0.5 0.5 1 1 1
0 P_1 1 1 0 0 0 1 1 1
0 P_1 2 2 0 0 0 1 1 1
0 P_1 3 3 0 0 0 1 1 1
0 P_1 4 4 0.354551 0.3729919678714859 0.3900165 1 1 1
0 P_1 5 5 0 0 0 1 1 1
0 P_1 6 6 0 0 0 1 1 1
0 P_1 7 7 0 0 0 1 1 1
0 P_1 8 8 0.5 0.5 0.5 1 1 1
0 P_1 9 9 0.3615345 0.37934362934362936 0.3957205 1 1 1
0 P_1 10 10 0 0 0 1 1 1
0 P_1 11 11 0 0 0 1 1 1
0 P_1 12 12 0 0 0 1 1 1
0 P_1 13 13 0 0 0 1 1 1
0 P_1 14 14 0.098049 0.11441532258064516 0.132349 1 1 1
0 P_1 15 15 0.5 0.5 0.5 1 1 1
0 P_1 16 16 0.5 0.5 0.5 1 1 1
0 P_1 17 17 0.0903135 0.10650577124868835 0.1244245 1 1 1
0 P_1 18 18 0.3617775 0.3795938104448743 0.3959725 1 1 1
0 P_1 19 19 0.117778 0.13547052740434332 0.154521 1 1 1
0 P_1 20 20 0 0 0 1 1 1
0 P_1 21 21 0 0 0 1 1 1
0 P_1 22 22 0.5 0.5 0.5 1 1 1
0 P_1 23 23 0 0 0 1 1 1
0 P_1 24 24 0 0 0 1 1 1
0 P_1 25 25 0 0 0 1 1 1
0 P_1 26 26 0 0 0 1 1 1
0 P_1 27 27 0 0 0 1 1 1
0 P_1 28 28 0 0 0 1 1 1
0 P_1 29 29 0 0 0 1 1 1
0 P_1 30 30 0 0 0 1 1 1
0 P_1 31 31 0 0 0 1 1 1
0 P_1 32 32 0.3640195 0.3824763903462749 0.3993395 1 1 1
0 P_1 33 33 0 0 0 1 1 1
0 P_1 34 34 0.5 0.5 0.5 1 1 1
0 P_1 35 35 0 0 0 1 1 1
0 P_1 36 36 0 0 0 1 1 1
0 P_1 37 37 0 0 0 1 1 1
1 P_0 0 0 0.2770045 0.2982359426681367 0.318858 1 1 1
1 P_0 1 1 0.1622635 0.181237721021611 0.200987 1 1 1
1 P_0 2 2 0.1842895 0.20417515274949083 0.224596 1 1 1
1 P_0 3 3 0.160984 0.17990196078431372 0.199608 1 1 1
1 P_0 4 4 0.094034 0.10959548447789276 0.126672 1 1 1
1 P_0 5 5 0.0674835 0.08151093439363817 0.0974585 1 1 1
1 P_0 6 6 0.0555075 0.06820365033621517 0.0829025 1 1 1
1 P_0 7 7 0 0 0 1 1 1
1 P_0 8 8 0.0948405 0.11105476673427991 0.128885 1 1 1
1 P_0 9 9 0.0922755 0.10851505711318796 0.126439 1 1 1
1 P_0 10 10 0 0 0 1 1 1
1 P_0 11 11 0.106798 0.12373225152129817 0.142135 1 1 1
1 P_0 12 12 0.107563 0.12437810945273632 0.1426265 1 1 1
1 P_0 13 13 0 0 0 1 1 1
1 P_0 14 14 0 0 0 1 1 1
1 P_0 15 15 0.5 0.5 0.5 1 1 1
1 P_0 16 16 0.5 0.5 0.5 1 1 1
1 P_0 17 17 0 0 0 1 1 1
1 P_0 18 18 0.0856985 0.10120240480961924 0.1184155 1 1 1
1 P_0 19 19 0 0 0 1 1 1
1 P_0 20 20 0.05115 0.06402116402116402 0.079148 1 1 1
1 P_0 21 21 0 0 0 1 1 1
1 P_0 22 22 0.5 0.5 0.5 1 1 1
1 P_0 23 23 0 0 0 1 1 1
1 P_0 24 24 0 0 0 1 1 1
1 P_0 25 25 0.052176 0.06482412060301508 0.079606 1 1 1
1 P_0 26 26 0.058348 0.07164480322906155 0.087005 1 1 1
1 P_0 27 27 0.1616 0.18085106382978725 0.200906 1 1 1
1 P_0 28 28 0.1641885 0.1839323467230444 0.204477 1 1 1
1 P_0 29 29 0.1234305 0.14138286893704852 0.1606205 1 1 1
1 P_0 30 30 0.1181085 0.13562753036437247 0.154474 1 1 1
1 P_0 31 31 0 0 0 1 1 1
1 P_0 32 32 0.096033 0.11263157894736842 0.130888 1 1 1
1 P_0 33 33 0 0 0 1 1 1
1 P_0 34 34 0.5 0.5 0.5 1 1 1
1 P_0 35 35 0.051059 0.06356356356356356 0.0782075 1 1 1
1 P_0 36 36 0.1650635 0.18464730290456433 0.2050085 1 1 1
1 P_0 37 37 0.1867935 0.2070230607966457 0.2277695 1 1 1
2 P_5 0 0 0.342559 0.3615934627170582 0.3793205 1 1 1
2 P_5 1 1 0.1489445 0.16766766766766766 0.187336 1 1 1
2 P_5 2 2 0.1098195 0.1268958543983822 0.1453995 1 1 1
2 P_5 3 3 0.144528 0.16279069767441862 0.182023 1 1 1
2 P_5 4 4 0.1788985 0.19885773624091382 0.2194255 1 1 1
2 P_5 5 5 0.055776 0.06857976653696499 0.083407 1 1 1
2 P_5 6 6 0 0 0 1 1 1
2 P_5 7 7 0 0 0 1 1 1
2 P_5 8 8 0.1728195 0.19262720664589825 0.213118 1 1 1
2 P_5 9 9 0.1694065 0.18882175226586104 0.2089435 1 1 1
2 P_5 10 10 0 0 0 1 1 1
2 P_5 11 11 0.0886005 0.10431293881644935 0.121701 1 1 1
2 P_5 12 12 0.1118535 0.12904858299595143 0.1476475 1 1 1
2 P_5 13 13 0 0 0 1 1 1
2 P_5 14 14 0 0 0 1 1 1
2 P_5 15 15 0.5 0.5 0.5 1 1 1
2 P_5 16 16 0.5 0.5 0.5 1 1 1
2 P_5 17 17 0 0 0 1 1 1
2 P_5 18 18 0.1839605 0.20285188592456302 0.222241 1 1 1
2 P_5 19 19 0 0 0 1 1 1
2 P_5 20 20 0 0 0 1 1 1
2 P_5 21 21 0 0 0 1 1 1
2 P_5 22 22 0.5 0.5 0.5 1 1 1
2 P_5 23 23 0 0 0 1 1 1
2 P_5 24 24 0 0 0 1 1 1
2 P_5 25 25 0.043244199999999997 0.0550935550935551 0.069265 1 1 1
2 P_5 26 26 0 0 0 1 1 1
2 P_5 27 27 0.145369 0.16386138613861387 0.183332 1 1 1
2 P_5 28 28 0.143719 0.16253869969040247 0.182393 1 1 1
2 P_5 29 29 0.119152 0.1365902293120638 0.155325 1 1 1
2 P_5 30 30 0.10116700000000001 0.11770623742454728 0.1357715 1 1 1
2 P_5 31 31 0 0 0 1 1 1
2 P_5 32 32 0.1793905 0.19890873015873015 0.2190085 1 1 1
2 P_5 33 33 0 0 0 1 1 1
2 P_5 34 34 0.5 0.5 0.5 1 1 1
2 P_5 35 35 0 0 0 1 1 1
2 P_5 36 36 0.147648 0.16587225929456625 0.1850165 1 1 1
2 P_5 37 37 0.155736 0.1746031746031746 0.194328 1 1 1
3 P_3 0 0 0.5 0.5 0.5 1 1 1
3 P_3 1 1 0 0 0 1 1 1
3 P_3 2 2 0 0 0 1 1 1
3 P_3 3 3 0 0 0 1 1 1
3 P_3 4 4 0 0 0 1 1 1
3 P_3 5 5 0 0 0 1 1 1
3 P_3 6 6 0 0 0 1 1 1
3 P_3 7 7 0 0 0 1 1 1
3 P_3 8 8 0.5 0.5 0.5 1 1 1
3 P_3 9 9 0 0 0 1 1 1
3 P_3 10 10 0 0 0 1 1 1
3 P_3 11 11 0 0 0 1 1 1
3 P_3 12 12 0 0 0 1 1 1
3 P_3 13 13 0 0 0 1 1 1
3 P_3 14 14 0.5 0.5 0.5 1 1 1
3 P_3 15 15 0.5 0.5 0.5 1 1 1
3 P_3 16 16 0.5 0.5 0.5 1 1 1
3 P_3 17 17 0.5 0.5 0.5 1 1 1
3 P_3 18 18 0 0 0 1 1 1
3 P_3 19 19 0.5 0.5 0.5 1 1 1
3 P_3 20 20 0 0 0 1 1 1
3 P_3 21 21 0 0 0 1 1 1
3 P_3 22 22 0.5 0.5 0.5 1 1 1
3 P_3 23 23 0 0 0 1 1 1
3 P_3 24 24 0 0 0 1 1 1
3 P_3 25 25 0 0 0 1 1 1
3 P_3 26 26 0 0 0 1 1 1
3 P_3 27 27 0 0 0 1 1 1
3 P_3 28 28 0 0 0 1 1 1
3 P_3 29 29 0 0 0 1 1 1
3 P_3 30 30 0 0 0 1 1 1
3 P_3 31 31 0 0 0 1 1 1
3 P_3 32 32 0 0 0 1 1 1
3 P_3 33 33 0 0 0 1 1 1
3 P_3 34 34 0.5 0.5 0.5 1 1 1
3 P_3 35 35 0 0 0 1 1 1
3 P_3 36 36 0 0 0 1 1 1
3 P_3 37 37 0 0 0 1 1 1
4 P_8 0 0 0.1149975 0.13223552894211577 0.1508215 1 1 1
4 P_8 1 1 0.0459945 0.05804480651731161 0.072336 1 1 1
4 P_8 2 2 0.3458985 0.364390243902439 0.381602 1 1 1
4 P_8 3 3 0.0468116 0.05894308943089431 0.0733005 1 1 1
4 P_8 4 4 0 0 0 1 1 1
4 P_8 5 5 0.0556465 0.06873727087576374 0.083944 1 1 1
4 P_8 6 6 0 0 0 1 1 1
4 P_8 7 7 0.1837595 0.20368474923234392 0.2241535 1 1 1
4 P_8 8 8 0.0514415 0.06408952187182096 0.0789055 1 1 1
4 P_8 9 9 0 0 0 1 1 1
4 P_8 10 10 0 0 0 1 1 1
4 P_8 11 11 0 0 0 1 1 1
4 P_8 12 12 0 0 0 1 1 1
4 P_8 13 13 0.160401 0.1794616151545364 0.1993285 1 1 1
4 P_8 14 14 0.052414 0.06528497409326425 0.08035 1 1 1
4 P_8 15 15 0.5 0.5 0.5 1 1 1
4 P_8 16 16 0.5 0.5 0.5 1 1 1
4 P_8 17 17 0.0528515 0.06570841889117043 0.080734 1 1 1
4 P_8 18 18 0 0 0 1 1 1
4 P_8 19 19 0.0509295 0.06351626016260163 0.0782755 1 1 1
4 P_8 20 20 0.150471 0.16937119675456389 0.189209 1 1 1
4 P_8 21 21 0.182256 0.20228215767634855 0.222876 1 1 1
4 P_8 22 22 0.5 0.5 0.5 1 1 1
4 P_8 23 23 0.16775 0.18756585879873552 0.208136 1 1 1
4 P_8 24 24 0 0 0 1 1 1
4 P_8 25 25 0.0517825 0.06456611570247933 0.0795455 1 1 1
4 P_8 26 26 0 0 0 1 1 1
4 P_8 27 27 0.04737935 0.05970924195223261 0.074304 1 1 1
4 P_8 28 28 0.04192115 0.053553038105046344 0.067504 1 1 1
4 P_8 29 29 0 0 0 1 1 1
4 P_8 30 30 0 0 0 1 1 1
4 P_8 31 31 0 0 0 1 1 1
4 P_8 32 32 0 0 0 1 1 1
4 P_8 33 33 0 0 0 1 1 1
4 P_8 34 34 0.5 0.5 0.5 1 1 1
4 P_8 35 35 0.3553265 0.3734238603297769 0.390148 1 1 1
4 P_8 36 36 0.0615935 0.07515030060120241 0.090716 1 1 1
4 P_8 37 37 0.04935415 0.06157635467980296 0.075927 1 1 1
5 P_9 0 0 0.1713945 0.1905458089668616 0.210362 1 1 1
5 P_9 1 1 0 0 0 1 1 1
5 P_9 2 2 0.2869865 0.30711422845691383 0.3265855 1 1 1
5 P_9 3 3 0 0 0 1 1 1
5 P_9 4 4 0 0 0 1 1 1
5 P_9 5 5 0 0 0 1 1 1
5 P_9 6 6 0.264299 0.2847715736040609 0.304839 1 1 1
5 P_9 7 7 0 0 0 1 1 1
5 P_9 8 8 0.189499 0.2091535433070866 0.2292695 1 1 1
5 P_9 9 9 0 0 0 1 1 1
5 P_9 10 10 0 0 0 1 1 1
5 P_9 11 11 0 0 0 1 1 1
5 P_9 12 12 0 0 0 1 1 1
5 P_9 13 13 0 0 0 1 1 1
5 P_9 14 14 0 0 0 1 1 1
5 P_9 15 15 0.5 0.5 0.5 1 1 1
5 P_9 16 16 0.5 0.5 0.5 1 1 1
5 P_9 17 17 0 0 0 1 1 1
5 P_9 18 18 0 0 0 1 1 1
5 P_9 19 19 0 0 0 1 1 1
5 P_9 20 20 0.290758 0.31097560975609756 0.330483 1 1 1
5 P_9 21 21 0 0 0 1 1 1
5 P_9 22 22 0.5 0.5 0.5 1 1 1
5 P_9 23 23 0 0 0 1 1 1
5 P_9 24 24 0 0 0 1 1 1
5 P_9 25 25 0 0 0 1 1 1
5 P_9 26 26 0.2627655 0.28313253012048195 0.3031185 1 1 1
5 P_9 27 27 0 0 0 1 1 1
5 P_9 28 28 0 0 0 1 1 1
5 P_9 29 29 0 0 0 1 1 1
5 P_9 30 30 0 0 0 1 1 1
5 P_9 31 31 0.188911 0.20862239841427155 0.228804 1 1 1
5 P_9 32 32 0 0 0 1 1 1
5 P_9 33 33 0.192237 0.21163012392755004 0.2314425 1 1 1
5 P_9 34 34 0.5 0.5 0.5 1 1 1
5 P_9 35 35 0.2790645 0.2992047713717694 0.318784 1 1 1
5 P_9 36 36 0 0 0 1 1 1
5 P_9 37 37 0 0 0 1 1 1
6 P_7 0 0 0.148871 0.16767676767676767 0.187436 1 1 1
6 P_7 1 1 0 0 0 1 1 1
6 P_7 2 2 0.30443 0.32429718875502006 0.343309 1 1 1
6 P_7 3 3 0 0 0 1 1 1
6 P_7 4 4 0.144166 0.16245136186770429 0.1817135 1 1 1
6 P_7 5 5 0 0 0 1 1 1
6 P_7 6 6 0.0657955 0.07973921765295888 0.095641 1 1 1
6 P_7 7 7 0.21781 0.2384937238493724 0.2593155 1 1 1
6 P_7 8 8 0.155754 0.17450980392156862 0.1941145 1 1 1
6 P_7 9 9 0.1438255 0.1619047619047619 0.1809465 1 1 1
6 P_7 10 10 0.2171485 0.23765432098765432 0.258306 1 1 1
6 P_7 11 11 0 0 0 1 1 1
6 P_7 12 12 0 0 0 1 1 1
6 P_7 13 13 0 0 0 1 1 1
6 P_7 14 14 0 0 0 1 1 1
6 P_7 15 15 0.5 0.5 0.5 1 1 1
6 P_7 16 16 0.5 0.5 0.5 1 1 1
6 P_7 17 17 0 0 0 1 1 1
6 P_7 18 18 0.1476295 0.16649642492339123 0.1863415 1 1 1
6 P_7 19 19 0 0 0 1 1 1
6 P_7 20 20 0.0715815 0.08613659531090724 0.102607 1 1 1
6 P_7 21 21 0 0 0 1 1 1
6 P_7 22 22 0.5 0.5 0.5 1 1 1
6 P_7 23 23 0.2072895 0.2277432712215321 0.248461 1 1 1
6 P_7 24 24 0.227037 0.24707602339181287 0.267148 1 1 1
6 P_7 25 25 0 0 0 1 1 1
6 P_7 26 26 0.076063 0.09109730848861283 0.1080175 1 1 1
6 P_7 27 27 0 0 0 1 1 1
6 P_7 28 28 0 0 0 1 1 1
6 P_7 29 29 0 0 0 1 1 1
6 P_7 30 30 0 0 0 1 1 1
6 P_7 31 31 0 0 0 1 1 1
6 P_7 32 32 0.150521 0.1689059500959693 0.1881835 1 1 1
6 P_7 33 33 0 0 0 1 1 1
6 P_7 34 34 0.5 0.5 0.5 1 1 1
6 P_7 35 35 0.30667 0.32619279454722494 0.3448645 1 1 1
6 P_7 36 36 0 0 0 1 1 1
6 P_7 37 37 0 0 0 1 1 1
7 P_2 0 0 0.269168 0.2895266868076536 0.309429 1 1 1
7 P_2 1 1 0.1976355 0.21812434141201265 0.2389985 1 1 1
7 P_2 2 2 0.1941975 0.21482277121374865 0.235881 1 1 1
7 P_2 3 3 0.212282 0.23255813953488372 0.2530365 1 1 1
7 P_2 4 4 0.051827 0.06445115810674723 0.0792175 1 1 1
7 P_2 5 5 0 0 0 1 1 1
7 P_2 6 6 0 0 0 1 1 1
7 P_2 7 7 0.1956835 0.2150997150997151 0.234896 1 1 1
7 P_2 8 8 0.0570435 0.07032854209445585 0.0857285 1 1 1
7 P_2 9 9 0.057834000000000003 0.07086999022482894 0.0859135 1 1 1
7 P_2 10 10 0.1777555 0.19707317073170733 0.216983 1 1 1
7 P_2 11 11 0.1994465 0.21875 0.238388 1 1 1
7 P_2 12 12 0 0 0 1 1 1
7 P_2 13 13 0 0 0 1 1 1
7 P_2 14 14 0 0 0 1 1 1
7 P_2 15 15 0.5 0.5 0.5 1 1 1
7 P_2 16 16 0.5 0.5 0.5 1 1 1
7 P_2 17 17 0 0 0 1 1 1
7 P_2 18 18 0.0581375 0.07128712871287128 0.0864655 1 1 1
7 P_2 19 19 0 0 0 1 1 1
7 P_2 20 20 0 0 0 1 1 1
7 P_2 21 21 0 0 0 1 1 1
7 P_2 22 22 0.5 0.5 0.5 1 1 1
7 P_2 23 23 0.1890515 0.2084130019120459 0.2282305 1 1 1
7 P_2 24 24 0.193795 0.21392016376663256 0.234469 1 1 1
7 P_2 25 25 0 0 0 1 1 1
7 P_2 26 26 0 0 0 1 1 1
7 P_2 27 27 0.203793 0.2241025641025641 0.244717 1 1 1
7 P_2 28 28 0.1965815 0.21640316205533597 0.2366055 1 1 1
7 P_2 29 29 0 0 0 1 1 1
7 P_2 30 30 0.2062625 0.226321036889332 0.24665 1 1 1
7 P_2 31 31 0 0 0 1 1 1
7 P_2 32 32 0.061278 0.07492354740061162 0.0906155 1 1 1
7 P_2 33 33 0 0 0 1 1 1
7 P_2 34 34 0.5 0.5 0.5 1 1 1
7 P_2 35 35 0.1792445 0.19813953488372094 0.217588 1 1 1
7 P_2 36 36 0.1949665 0.2146341463414634 0.2346975 1 1 1
7 P_2 37 37 0.19008 0.20963035019455253 0.229631 1 1 1
8 P_4 0 0 0.5 0.5 0.5 1 1 1
8 P_4 1 1 0 0 0 1 1 1
8 P_4 2 2 0 0 0 1 1 1
8 P_4 3 3 0 0 0 1 1 1
8 P_4 4 4 0.1117015 0.1289500509683996 0.1476135 1 1 1
8 P_4 5 5 0 0 0 1 1 1
8 P_4 6 6 0 0 0 1 1 1
8 P_4 7 7 0 0 0 1 1 1
8 P_4 8 8 0.5 0.5 0.5 1 1 1
8 P_4 9 9 0.1182935 0.13555992141453832 0.1541155 1 1 1
8 P_4 10 10 0 0 0 1 1 1
8 P_4 11 11 0 0 0 1 1 1
8 P_4 12 12 0 0 0 1 1 1
8 P_4 13 13 0 0 0 1 1 1
8 P_4 14 14 0.2058275 0.2262396694214876 0.2469335 1 1 1
8 P_4 15 15 0.5 0.5 0.5 1 1 1
8 P_4 16 16 0.5 0.5 0.5 1 1 1
8 P_4 17 17 0.2088155 0.22848948374760994 0.248399 1 1 1
8 P_4 18 18 0.111371 0.1279508970727101 0.1458525 1 1 1
8 P_4 19 19 0.217982 0.23896663078579117 0.260087 1 1 1
8 P_4 20 20 0 0 0 1 1 1
8 P_4 21 21 0 0 0 1 1 1
8 P_4 22 22 0.5 0.5 0.5 1 1 1
8 P_4 23 23 0 0 0 1 1 1
8 P_4 24 24 0 0 0 1 1 1
8 P_4 25 25 0 0 0 1 1 1
8 P_4 26 26 0 0 0 1 1 1
8 P_4 27 27 0 0 0 1 1 1
8 P_4 28 28 0 0 0 1 1 1
8 P_4 29 29 0 0 0 1 1 1
8 P_4 30 30 0 0 0 1 1 1
8 P_4 31 31 0.1138745 0.13125638406537282 0.150029 1 1 1
8 P_4 32 32 0.1096195 0.12663316582914572 0.1450685 1 1 1
8 P_4 33 33 0.1250765 0.14315352697095435 0.1625015 1 1 1
8 P_4 34 34 0.5 0.5 0.5 1 1 1
8 P_4 35 35 0 0 0 1 1 1
8 P_4 36 36 0 0 0 1 1 1
8 P_4 37 37 0 0 0 1 1 1
9 P_6 0 0 0.3019715 0.3228476821192053 0.3428025 1 1 1
9 P_6 1 1 0 0 0 1 1 1
9 P_6 2 2 0.1361765 0.15459183673469387 0.1741235 1 1 1
9 P_6 3 3 0 0 0 1 1 1
9 P_6 4 4 0 0 0 1 1 1
9 P_6 5 5 0 0 0 1 1 1
9 P_6 6 6 0 0 0 1 1 1
9 P_6 7 7 0 0 0 1 1 1
9 P_6 8 8 0.3180985 0.33740234375 0.3557275 1 1 1
9 P_6 9 9 0 0 0 1 1 1
9 P_6 10 10 0 0 0 1 1 1
9 P_6 11 11 0 0 0 1 1 1
9 P_6 12 12 0.1403675 0.15853658536585366 0.1777295 1 1 1
9 P_6 13 13 0 0 0 1 1 1
9 P_6 14 14 0 0 0 1 1 1
9 P_6 15 15 0.5 0.5 0.5 1 1 1
9 P_6 16 16 0.5 0.5 0.5 1 1 1
9 P_6 17 17 0 0 0 1 1 1
9 P_6 18 18 0 0 0 1 1 1
9 P_6 19 19 0 0 0 1 1 1
9 P_6 20 20 0 0 0 1 1 1
9 P_6 21 21 0 0 0 1 1 1
9 P_6 22 22 0.5 0.5 0.5 1 1 1
9 P_6 23 23 0 0 0 1 1 1
9 P_6 24 24 0 0 0 1 1 1
9 P_6 25 25 0 0 0 1 1 1
9 P_6 26 26 0 0 0 1 1 1
9 P_6 27 27 0 0 0 1 1 1
9 P_6 28 28 0 0 0 1 1 1
9 P_6 29 29 0.1401065 0.15858585858585858 0.178124 1 1 1
9 P_6 30 30 0 0 0 1 1 1
9 P_6 31 31 0.3129815 0.3337041156840934 0.3533595 1 1 1
9 P_6 32 32 0 0 0 1 1 1
9 P_6 33 33 0.3289065 0.34845360824742266 0.366837 1 1 1
9 P_6 34 34 0.5 0.5 0.5 1 1 1
9 P_6 35 35 0 0 0 1 1 1
9 P_6 36 36 0 0 0 1 1 1
9 P_6 37 37 0 0 0 1 1 1
