5 #m
112 #n
0 P_0 0 0 0.08117 0.15853658536585366 0.2593055 1 1 1
0 P_0 1 1 0 0 0 1 1 1
0 P_0 2 2 0.1409195 0.21929824561403508 0.3034775 1 1 1
0 P_0 3 3 0.2403055 0.32727272727272727 0.399152 1 1 1
0 P_0 4 4 0 0 0 1 1 1
0 P_0 5 5 0.204589 0.29591836734693877 0.377264 1 1 1
0 P_0 6 6 0.120434 0.19811320754716982 0.286282 1 1 1
0 P_0 7 7 0 0 0 1 1 1
0 P_0 8 8 0.185445 0.2755102040816326 0.3600285 1 1 1
0 P_0 9 9 0.1991045 0.3026315789473684 0.3917215 1 1 1
0 P_0 10 10 0.1934495 0.2926829268292683 0.380987 1 1 1
0 P_0 11 11 0 0 0 1 1 1
0 P_0 12 12 0 0 0 1 1 1
0 P_0 13 13 0 0 0 1 1 1
0 P_0 14 14 0 0 0 1 1 1
0 P_0 15 15 0.2005475 0.2857142857142857 0.3640215 1 1 1
0 P_0 16 16 0.314602 0.39814814814814814 0.452329 1 1 1
0 P_0 17 17 0 0 0 1 1 1
0 P_0 18 18 0.2091325 0.2962962962962963 0.374262 1 1 1
0 P_0 19 19 0.231247 0.3181818181818182 0.391802 1 1 1
0 P_0 20 20 0 0 0 1 1 1
0 P_0 21 21 0 0 0 1 1 1
0 P_0 22 22 0.2552075 0.3389830508474576 0.40649 1 1 1
0 P_0 23 23 0.2507675 0.34375 0.415971 1 1 1
0 P_0 24 24 0.1846715 0.2765957446808511 0.36251 1 1 1
0 P_0 25 25 0.101149 0.16666666666666666 0.245898 1 1 1
0 P_0 26 26 0.223549 0.3137254901960784 0.3905525 1 1 1
0 P_0 27 27 0.2000725 0.28846153846153844 0.368936 1 1 1
0 P_0 28 28 0 0 0 1 1 1
0 P_0 29 29 0.2841075 0.37037037037037035 0.4327475 1 1 1
0 P_0 30 30 0 0 0 1 1 1
0 P_0 31 31 0 0 0 1 1 1
0 P_0 32 32 0.2464185 0.32575757575757575 0.3926285 1 1 1
0 P_0 33 33 0 0 0 1 1 1
0 P_0 34 34 0 0 0 1 1 1
0 P_0 35 35 0 0 0 1 1 1
0 P_0 36 36 0 0 0 1 1 1
0 P_0 37 37 0 0 0 1 1 1
0 P_0 38 38 0.252979 0.3431372549019608 0.413794 1 1 1
0 P_0 39 39 0.2007985 0.28448275862068967 0.3617575 1 1 1
0 P_0 40 40 0 0 0 1 1 1
0 P_0 41 41 0 0 0 1 1 1
0 P_0 42 42 0.251145 0.33962264150943394 0.409991 1 1 1
0 P_0 43 43 0.2153025 0.3111111111111111 0.392551 1 1 1
0 P_0 44 44 0.1996525 0.2916666666666667 0.374447 1 1 1
0 P_0 45 45 0 0 0 1 1 1
0 P_0 46 46 0 0 0 1 1 1
0 P_0 47 47 0.164626 0.25 0.335374 1 1 1
0 P_0 48 48 0 0 0 1 1 1
0 P_0 49 49 0 0 0 1 1 1
0 P_0 50 50 0 0 0 1 1 1
0 P_0 51 51 0 0 0 1 1 1
0 P_0 52 52 0 0 0 1 1 1
0 P_0 53 53 0 0 0 1 1 1
0 P_0 54 54 0.17717 0.2647058823529412 0.34916 1 1 1
0 P_0 55 55 0.1287065 0.2159090909090909 0.3112965 1 1 1
0 P_0 56 56 0.097952 0.17346938775510204 0.2656205 1 1 1
0 P_0 57 57 0 0 0 1 1 1
0 P_0 58 58 0.2143725 0.30612244897959184 0.3856715 1 1 1
0 P_0 59 59 0 0 0 1 1 1
0 P_0 60 60 0.2552685 0.3522727272727273 0.4247485 1 1 1
0 P_0 61 61 0.2363025 0.32407407407407407 0.3971325 1 1 1
0 P_0 62 62 0 0 0 1 1 1
0 P_0 63 63 0.1129015 0.18253968253968253 0.2637785 1 1 1
0 P_0 64 64 0 0 0 1 1 1
0 P_0 65 65 0 0 0 1 1 1
0 P_0 66 66 0.209028 0.2903225806451613 0.3645765 1 1 1
0 P_0 67 67 0.2046135 0.29411764705882354 0.374378 1 1 1
0 P_0 68 68 0 0 0 1 1 1
0 P_0 69 69 0 0 0 1 1 1
0 P_0 70 70 0 0 0 1 1 1
0 P_0 71 71 0.170795 0.2604166666666667 0.3477295 1 1 1
0 P_0 72 72 0.2670895 0.36363636363636365 0.4329385 1 1 1
0 P_0 73 73 0 0 0 1 1 1
0 P_0 74 74 0.18121 0.27 0.354521 1 1 1
0 P_0 75 75 0.0714535 0.13725490196078433 0.2266525 1 1 1
0 P_0 76 76 0 0 0 1 1 1
0 P_0 77 77 0 0 0 1 1 1
0 P_0 78 78 0.2723955 0.3645833333333333 0.43141 1 1 1
0 P_0 79 79 0 0 0 1 1 1
0 P_0 80 80 0 0 0 1 1 1
0 P_0 81 81 0 0 0 1 1 1
0 P_0 82 82 0.0499118 0.11538461538461539 0.2168435 1 1 1
0 P_0 83 83 0.2831555 0.38095238095238093 0.4460125 1 1 1
0 P_0 84 84 0 0 0 1 1 1
0 P_0 85 85 0 0 0 1 1 1
0 P_0 86 86 0.217066 0.3 0.373931 1 1 1
0 P_0 87 87 0 0 0 1 1 1
0 P_0 88 88 0 0 0 1 1 1
0 P_0 89 89 0.235248 0.32142857142857145 0.393894 1 1 1
0 P_0 90 90 0 0 0 1 1 1
0 P_0 91 91 0.5 0.5 0.5 1 1 1
0 P_0 92 92 0 0 0 1 1 1
0 P_0 93 93 0.2288295 0.32 0.3962365 1 1 1
0 P_0 94 94 0 0 0 1 1 1
0 P_0 95 95 0 0 0 1 1 1
0 P_0 96 96 0 0 0 1 1 1
0 P_0 97 97 0.2196255 0.3125 0.3915265 1 1 1
0 P_0 98 98 0 0 0 1 1 1
0 P_0 99 99 0.2507675 0.34375 0.415971 1 1 1
0 P_0 100 100 0 0 0 1 1 1
0 P_0 101 101 0 0 0 1 1 1
0 P_0 102 102 0.2693925 0.3717948717948718 0.441619 1 1 1
0 P_0 103 103 0 0 0 1 1 1
0 P_0 104 104 0 0 0 1 1 1
0 P_0 105 105 0.256915 0.34210526315789475 0.4099055 1 1 1
0 P_0 106 106 0.242915 0.3275862068965517 0.3978415 1 1 1
0 P_0 107 107 0.1821925 0.2804878048780488 0.3709755 1 1 1
0 P_0 108 108 0 0 0 1 1 1
0 P_0 109 109 0 0 0 1 1 1
0 P_0 110 110 0 0 0 1 1 1
0 P_0 111 111 0.232179 0.32075471698113206 0.39503 1 1 1
1 P_4 0 0 0 0 0 1 1 1
1 P_4 1 1 0.00602075 0.026785714285714284 0.0897825 1 1 1
1 P_4 2 2 0 0 0 1 1 1
1 P_4 3 3 0.143221 0.22916666666666666 0.31973 1 1 1
1 P_4 4 4 0.0129716 0.041666666666666664 0.107546 1 1 1
1 P_4 5 5 0.2196255 0.3125 0.3915265 1 1 1
1 P_4 6 6 0.0526665 0.11627906976744186 0.2126065 1 1 1
1 P_4 7 7 0.04316945 0.09615384615384616 0.1807095 1 1 1
1 P_4 8 8 0.163087 0.25 0.336913 1 1 1
1 P_4 9 9 0.139277 0.22115384615384615 0.3089675 1 1 1
1 P_4 10 10 0.1312845 0.21428571428571427 0.3050525 1 1 1
1 P_4 11 11 0.0723025 0.14634146341463414 0.2468945 1 1 1
1 P_4 12 12 0.0362485 0.08490566037735849 0.166825 1 1 1
1 P_4 13 13 0.0208004 0.06 0.1394885 1 1 1
1 P_4 14 14 0 0 0 1 1 1
1 P_4 15 15 0.164626 0.25 0.335374 1 1 1
1 P_4 16 16 0.149524 0.22580645161290322 0.3063135 1 1 1
1 P_4 17 17 0.01787765 0.05172413793103448 0.122171 1 1 1
1 P_4 18 18 0.122388 0.20930232558139536 0.3061945 1 1 1
1 P_4 19 19 0.1579185 0.25 0.3420815 1 1 1
1 P_4 20 20 0.13749 0.22340425531914893 0.3153285 1 1 1
1 P_4 21 21 0 0 0 1 1 1
1 P_4 22 22 0.1542185 0.24 0.327916 1 1 1
1 P_4 23 23 0.111257 0.18421052631578946 0.2695905 1 1 1
1 P_4 24 24 0.136869 0.22 0.309534 1 1 1
1 P_4 25 25 0.1934495 0.2926829268292683 0.380987 1 1 1
1 P_4 26 26 0.119323 0.20454545454545456 0.3006795 1 1 1
1 P_4 27 27 0.152239 0.22950819672131148 0.310411 1 1 1
1 P_4 28 28 0.0324454 0.07627118644067797 0.1517545 1 1 1
1 P_4 29 29 0.1996525 0.2916666666666667 0.374447 1 1 1
1 P_4 30 30 0.0118415 0.043478260869565216 0.1222205 1 1 1
1 P_4 31 31 0 0 0 1 1 1
1 P_4 32 32 0.1786575 0.25806451612903225 0.3360635 1 1 1
1 P_4 33 33 0.03443325 0.0851063829787234 0.1728945 1 1 1
1 P_4 34 34 0.0068842 0.030612244897959183 0.101353 1 1 1
1 P_4 35 35 0 0 0 1 1 1
1 P_4 36 36 0.0401742 0.09375 0.1818435 1 1 1
1 P_4 37 37 0 0 0 1 1 1
1 P_4 38 38 0.1578005 0.24074074074074073 0.325521 1 1 1
1 P_4 39 39 0.1578005 0.24074074074074073 0.325521 1 1 1
1 P_4 40 40 0.108198 0.18181818181818182 0.268753 1 1 1
1 P_4 41 41 0.01593145 0.05102040816326531 0.129025 1 1 1
1 P_4 42 42 0.2092335 0.2980769230769231 0.3770275 1 1 1
1 P_4 43 43 0.1335895 0.21296296296296297 0.2996955 1 1 1
1 P_4 44 44 0.181959 0.26229508196721313 0.3404515 1 1 1
1 P_4 45 45 0.0106689 0.0392156862745098 0.111453 1 1 1
1 P_4 46 46 0.01499805 0.04807692307692308 0.1223645 1 1 1
1 P_4 47 47 0.1611395 0.24528301886792453 0.3303805 1 1 1
1 P_4 48 48 0.04906695 0.10869565217391304 0.200814 1 1 1
1 P_4 49 49 0.0316456 0.0784313725490196 0.1610165 1 1 1
1 P_4 50 50 0.0121508 0.0390625 0.101401 1 1 1
1 P_4 51 51 0 0 0 1 1 1
1 P_4 52 52 0.003301895 0.0196078431372549 0.0831645 1 1 1
1 P_4 53 53 0.0086583 0.038461538461538464 0.124186 1 1 1
1 P_4 54 54 0.148006 0.23863636363636365 0.331995 1 1 1
1 P_4 55 55 0.187617 0.2727272727272727 0.353398 1 1 1
1 P_4 56 56 0 0 0 1 1 1
1 P_4 57 57 0.0082339 0.036585365853658534 0.1188365 1 1 1
1 P_4 58 58 0.148579 0.22807017543859648 0.3117045 1 1 1
1 P_4 59 59 0.0073351 0.03260869565217391 0.107274 1 1 1
1 P_4 60 60 0.1682705 0.2549019607843137 0.3405065 1 1 1
1 P_4 61 61 0.1101215 0.19318181818181818 0.2898805 1 1 1
1 P_4 62 62 0.02316825 0.06666666666666667 0.153023 1 1 1
1 P_4 63 63 0 0 0 1 1 1
1 P_4 64 64 0.042322 0.09433962264150944 0.1777385 1 1 1
1 P_4 65 65 0.02821975 0.07017543859649122 0.1459505 1 1 1
1 P_4 66 66 0.225775 0.3103448275862069 0.3837 1 1 1
1 P_4 67 67 0.1594935 0.24509803921568626 0.3317295 1 1 1
1 P_4 68 68 0.0169829 0.04918032786885246 0.116731 1 1 1
1 P_4 69 69 0.0126776 0.046511627906976744 0.1297345 1 1 1
1 P_4 70 70 0.003740645 0.022222222222222223 0.0931635 1 1 1
1 P_4 71 71 0.136373 0.2169811320754717 0.304265 1 1 1
1 P_4 72 72 0.18121 0.27 0.354521 1 1 1
1 P_4 73 73 0.0206435 0.06578947368421052 0.161117 1 1 1
1 P_4 74 74 0.1315995 0.21739130434782608 0.310699 1 1 1
1 P_4 75 75 0 0 0 1 1 1
1 P_4 76 76 0.014168 0.045454545454545456 0.1163545 1 1 1
1 P_4 77 77 0.03000235 0.08571428571428572 0.1897205 1 1 1
1 P_4 78 78 0.1694375 0.2608695652173913 0.3497965 1 1 1
1 P_4 79 79 0 0 0 1 1 1
1 P_4 80 80 0 0 0 1 1 1
1 P_4 81 81 0.03229925 0.08 0.163832 1 1 1
1 P_4 82 82 0 0 0 1 1 1
1 P_4 83 83 0.12839 0.21 0.3001465 1 1 1
1 P_4 84 84 0 0 0 1 1 1
1 P_4 85 85 0 0 0 1 1 1
1 P_4 86 86 0.1445155 0.22641509433962265 0.3130835 1 1 1
1 P_4 87 87 0.0539305 0.11458333333333333 0.205186 1 1 1
1 P_4 88 88 0.018872 0.05454545454545454 0.1281395 1 1 1
1 P_4 89 89 0.187617 0.2727272727272727 0.353398 1 1 1
1 P_4 90 90 0 0.012195121951219513 0 1 1 1
1 P_4 91 91 0.5 0.5 0.5 1 1 1
1 P_4 92 92 0.0369709 0.08653846153846154 0.169629 1 1 1
1 P_4 93 93 0.17666 0.25862068965517243 0.338979 1 1 1
1 P_4 94 94 0 0 0 1 1 1
1 P_4 95 95 0 0 0 1 1 1
1 P_4 96 96 0 0 0 1 1 1
1 P_4 97 97 0.170795 0.2604166666666667 0.3477295 1 1 1
1 P_4 98 98 0.0269368 0.07142857142857142 0.1545535 1 1 1
1 P_4 99 99 0.1326245 0.225 0.323923 1 1 1
1 P_4 100 100 0.0313493 0.07377049180327869 0.14731349999999999 1 1 1
1 P_4 101 101 0.0316456 0.0784313725490196 0.1610165 1 1 1
1 P_4 102 102 0.1355425 0.2261904761904762 0.3228035 1 1 1
1 P_4 103 103 0.01727105 0.05 0.1184895 1 1 1
1 P_4 104 104 0.014168 0.045454545454545456 0.1163545 1 1 1
1 P_4 105 105 0.1539625 0.24444444444444444 0.336233 1 1 1
1 P_4 106 106 0.249482 0.33636363636363636 0.4063845 1 1 1
1 P_4 107 107 0.14316 0.2375 0.335114 1 1 1
1 P_4 108 108 0.0362485 0.08490566037735849 0.166825 1 1 1
1 P_4 109 109 0.0304147 0.07547169811320754 0.1556635 1 1 1
1 P_4 110 110 0.02010285 0.0641025641025641 0.157561 1 1 1
1 P_4 111 111 0.168005 0.26136363636363635 0.351994 1 1 1
2 P_8 0 0 0.0479743 0.10638297872340426 0.197163 1 1 1
2 P_8 1 1 0.1071615 0.18269230769230768 0.2720705 1 1 1
2 P_8 2 2 0.113637 0.1956521739130435 0.2901915 1 1 1
2 P_8 3 3 0.230016 0.3333333333333333 0.414334 1 1 1
2 P_8 4 4 0.10637 0.19047619047619047 0.28949 1 1 1
2 P_8 5 5 0.2326445 0.31451612903225806 0.385125 1 1 1
2 P_8 6 6 0 0 0 1 1 1
2 P_8 7 7 0.161462 0.25 0.338538 1 1 1
2 P_8 8 8 0.2003045 0.28703703703703703 0.3664105 1 1 1
2 P_8 9 9 0.2176875 0.30357142857142855 0.379167 1 1 1
2 P_8 10 10 0.253253 0.3392857142857143 0.408179 1 1 1
2 P_8 11 11 0.071295 0.13392857142857142 0.218831 1 1 1
2 P_8 12 12 0.0585785 0.12 0.2091165 1 1 1
2 P_8 13 13 0.116938 0.19791666666666666 0.2904365 1 1 1
2 P_8 14 14 0.120833 0.19642857142857142 0.2823125 1 1 1
2 P_8 15 15 0.2279295 0.3173076923076923 0.3928385 1 1 1
2 P_8 16 16 0.222029 0.32142857142857145 0.4029415 1 1 1
2 P_8 17 17 0.0591085 0.125 0.220849 1 1 1
2 P_8 18 18 0.2000725 0.28846153846153844 0.368936 1 1 1
2 P_8 19 19 0.223549 0.3137254901960784 0.3905525 1 1 1
2 P_8 20 20 0 0 0 1 1 1
2 P_8 21 21 0 0 0 1 1 1
2 P_8 22 22 0.252891 0.34782608695652173 0.420234 1 1 1
2 P_8 23 23 0.185388 0.26666666666666666 0.344944 1 1 1
2 P_8 24 24 0.224229 0.3046875 0.3758785 1 1 1
2 P_8 25 25 0.186193 0.27450980392156865 0.357691 1 1 1
2 P_8 26 26 0.2327895 0.3082191780821918 0.374937 1 1 1
2 P_8 27 27 0.2908835 0.38 0.4414215 1 1 1
2 P_8 28 28 0.1687955 0.25 0.3312045 1 1 1
2 P_8 29 29 0.234672 0.31343283582089554 0.3818995 1 1 1
2 P_8 30 30 0.1664905 0.2619047619047619 0.354336 1 1 1
2 P_8 31 31 0 0 0 1 1 1
2 P_8 32 32 0.2279295 0.3173076923076923 0.3928385 1 1 1
2 P_8 33 33 0.082728 0.1509433962264151 0.2391705 1 1 1
2 P_8 34 34 0.1579185 0.25 0.3420815 1 1 1
2 P_8 35 35 0.0726705 0.13636363636363635 0.222229 1 1 1
2 P_8 36 36 0.1156615 0.19090909090909092 0.277697 1 1 1
2 P_8 37 37 0 0 0 1 1 1
2 P_8 38 38 0.1836175 0.26153846153846155 0.337532 1 1 1
2 P_8 39 39 0.155915 0.24468085106382978 0.334649 1 1 1
2 P_8 40 40 0 0 0 1 1 1
2 P_8 41 41 0.141868 0.23255813953488372 0.327525 1 1 1
2 P_8 42 42 0.2550085 0.3469387755102041 0.417808 1 1 1
2 P_8 43 43 0.2217875 0.30701754385964913 0.3814775 1 1 1
2 P_8 44 44 0.287669 0.3706896551724138 0.431305 1 1 1
2 P_8 45 45 0.05737 0.11764705882352941 0.2056065 1 1 1
2 P_8 46 46 0.128345 0.20754716981132076 0.295332 1 1 1
2 P_8 47 47 0.1915875 0.2777777777777778 0.3584485 1 1 1
2 P_8 48 48 0.085759 0.16279069767441862 0.2611905 1 1 1
2 P_8 49 49 0.106066 0.1836734693877551 0.275699 1 1 1
2 P_8 50 50 0.148579 0.22807017543859648 0.3117045 1 1 1
2 P_8 51 51 0.058381 0.1282051282051282 0.2306075 1 1 1
2 P_8 52 52 0.106066 0.1836734693877551 0.275699 1 1 1
2 P_8 53 53 0.0902855 0.17073170731707318 0.2714655 1 1 1
2 P_8 54 54 0.2196255 0.3125 0.3915265 1 1 1
2 P_8 55 55 0.152771 0.2358490566037736 0.321788 1 1 1
2 P_8 56 56 0.06859 0.13541666666666666 0.2276045 1 1 1
2 P_8 57 57 0.0902305 0.1557377049180328 0.2379475 1 1 1
2 P_8 58 58 0.186193 0.27450980392156865 0.357691 1 1 1
2 P_8 59 59 0.1382685 0.22727272727272727 0.321734 1 1 1
2 P_8 60 60 0.2572635 0.35106382978723405 0.4220485 1 1 1
2 P_8 61 61 0.2552075 0.3389830508474576 0.40649 1 1 1
2 P_8 62 62 0.122388 0.20930232558139536 0.3061945 1 1 1
2 P_8 63 63 0.04592915 0.10204081632653061 0.19024 1 1 1
2 P_8 64 64 0.08595 0.1595744680851064 0.2536175 1 1 1
2 P_8 65 65 0.085759 0.16279069767441862 0.2611905 1 1 1
2 P_8 66 66 0.1998535 0.29 0.37161 1 1 1
2 P_8 67 67 0.1696195 0.25471698113207547 0.3388605 1 1 1
2 P_8 68 68 0.1320345 0.22093023255813954 0.3169535 1 1 1
2 P_8 69 69 0.1290245 0.21951219512195122 0.3178075 1 1 1
2 P_8 70 70 0.128345 0.20754716981132076 0.295332 1 1 1
2 P_8 71 71 0.2430255 0.3333333333333333 0.406189 1 1 1
2 P_8 72 72 0.1844015 0.26119402985074625 0.3361695 1 1 1
2 P_8 73 73 0.13749 0.22340425531914893 0.3153285 1 1 1
2 P_8 74 74 0.1945585 0.2872340425531915 0.371496 1 1 1
2 P_8 75 75 0.0203838 0.058823529411764705 0.137062 1 1 1
2 P_8 76 76 0.125622 0.20588235294117646 0.2953865 1 1 1
2 P_8 77 77 0.122328 0.21621621621621623 0.319599 1 1 1
2 P_8 78 78 0.1915875 0.2777777777777778 0.3584485 1 1 1
2 P_8 79 79 0 0 0 1 1 1
2 P_8 80 80 0 0 0 1 1 1
2 P_8 81 81 0.08117 0.15853658536585366 0.2593055 1 1 1
2 P_8 82 82 0.0502105 0.1111111111111111 0.2045995 1 1 1
2 P_8 83 83 0.1910325 0.27884615384615385 0.360723 1 1 1
2 P_8 84 84 0 0 0 1 1 1
2 P_8 85 85 0 0 0 1 1 1
2 P_8 86 86 0.2837805 0.37254901960784315 0.435677 1 1 1
2 P_8 87 87 0.0986675 0.17777777777777778 0.273867 1 1 1
2 P_8 88 88 0.142309 0.22549019607843138 0.313807 1 1 1
2 P_8 89 89 0.1993205 0.29545454545454547 0.380677 1 1 1
2 P_8 90 90 0.106066 0.1836734693877551 0.275699 1 1 1
2 P_8 91 91 0.5 0.5 0.5 1 1 1
2 P_8 92 92 0.0605575 0.12037037037037036 0.2058985 1 1 1
2 P_8 93 93 0.153914 0.25 0.346086 1 1 1
2 P_8 94 94 0 0 0 1 1 1
2 P_8 95 95 0 0 0 1 1 1
2 P_8 96 96 0 0 0 1 1 1
2 P_8 97 97 0.2289725 0.3114754098360656 0.3830805 1 1 1
2 P_8 98 98 0.119013 0.2073170731707317 0.3065505 1 1 1
2 P_8 99 99 0.231247 0.3181818181818182 0.391802 1 1 1
2 P_8 100 100 0.0974245 0.16981132075471697 0.2584035 1 1 1
2 P_8 101 101 0.1103745 0.18518518518518517 0.2728715 1 1 1
2 P_8 102 102 0.2554135 0.3709677419354839 0.446797 1 1 1
2 P_8 103 103 0.090071 0.16666666666666666 0.2628495 1 1 1
2 P_8 104 104 0.121237 0.19491525423728814 0.2786685 1 1 1
2 P_8 105 105 0.256915 0.34210526315789475 0.4099055 1 1 1
2 P_8 106 106 0.2271285 0.3148148148148148 0.3896255 1 1 1
2 P_8 107 107 0.244613 0.336734693877551 0.410008 1 1 1
2 P_8 108 108 0.1255445 0.2111111111111111 0.3058235 1 1 1
2 P_8 109 109 0.1255445 0.2111111111111111 0.3058235 1 1 1
2 P_8 110 110 0.082192 0.15306122448979592 0.2449915 1 1 1
2 P_8 111 111 0.204599 0.2978723404255319 0.380329 1 1 1
3 P_7 0 0 0.2784815 0.3620689655172414 0.4248465 1 1 1
3 P_7 1 1 0 0 0 1 1 1
3 P_7 2 2 0.0837965 0.14754098360655737 0.2294375 1 1 1
3 P_7 3 3 0.5 0.5 0.5 1 1 1
3 P_7 4 4 0 0 0 1 1 1
3 P_7 5 5 0.5 0.5 0.5 1 1 1
3 P_7 6 6 0 0 0 1 1 1
3 P_7 7 7 0 0 0 1 1 1
3 P_7 8 8 0.5 0.5 0.5 1 1 1
3 P_7 9 9 0.5 0.5 0.5 1 1 1
3 P_7 10 10 0.5 0.5 0.5 1 1 1
3 P_7 11 11 0 0 0 1 1 1
3 P_7 12 12 0 0 0 1 1 1
3 P_7 13 13 0 0 0 1 1 1
3 P_7 14 14 0 0 0 1 1 1
3 P_7 15 15 0.5 0.5 0.5 1 1 1
3 P_7 16 16 0.5 0.5 0.5 1 1 1
3 P_7 17 17 0 0 0 1 1 1
3 P_7 18 18 0.5 0.5 0.5 1 1 1
3 P_7 19 19 0.5 0.5 0.5 1 1 1
3 P_7 20 20 0 0 0 1 1 1
3 P_7 21 21 0 0 0 1 1 1
3 P_7 22 22 0.5 0.5 0.5 1 1 1
3 P_7 23 23 0.5 0.5 0.5 1 1 1
3 P_7 24 24 0.5 0.5 0.5 1 1 1
3 P_7 25 25 0.090071 0.16666666666666666 0.2628495 1 1 1
3 P_7 26 26 0.5 0.5 0.5 1 1 1
3 P_7 27 27 0.5 0.5 0.5 1 1 1
3 P_7 28 28 0 0 0 1 1 1
3 P_7 29 29 0.5 0.5 0.5 1 1 1
3 P_7 30 30 0 0 0 1 1 1
3 P_7 31 31 0 0 0 1 1 1
3 P_7 32 32 0.5 0.5 0.5 1 1 1
3 P_7 33 33 0 0 0 1 1 1
3 P_7 34 34 0 0 0 1 1 1
3 P_7 35 35 0 0 0 1 1 1
3 P_7 36 36 0 0 0 1 1 1
3 P_7 37 37 0 0 0 1 1 1
3 P_7 38 38 0.5 0.5 0.5 1 1 1
3 P_7 39 39 0.5 0.5 0.5 1 1 1
3 P_7 40 40 0 0 0 1 1 1
3 P_7 41 41 0 0 0 1 1 1
3 P_7 42 42 0.5 0.5 0.5 1 1 1
3 P_7 43 43 0.5 0.5 0.5 1 1 1
3 P_7 44 44 0.5 0.5 0.5 1 1 1
3 P_7 45 45 0 0 0 1 1 1
3 P_7 46 46 0 0 0 1 1 1
3 P_7 47 47 0.5 0.5 0.5 1 1 1
3 P_7 48 48 0 0 0 1 1 1
3 P_7 49 49 0 0 0 1 1 1
3 P_7 50 50 0 0 0 1 1 1
3 P_7 51 51 0 0 0 1 1 1
3 P_7 52 52 0 0 0 1 1 1
3 P_7 53 53 0 0 0 1 1 1
3 P_7 54 54 0.5 0.5 0.5 1 1 1
3 P_7 55 55 0.09351 0.16101694915254236 0.2447925 1 1 1
3 P_7 56 56 0.071295 0.13392857142857142 0.218831 1 1 1
3 P_7 57 57 0 0 0 1 1 1
3 P_7 58 58 0.5 0.5 0.5 1 1 1
3 P_7 59 59 0 0 0 1 1 1
3 P_7 60 60 0.5 0.5 0.5 1 1 1
3 P_7 61 61 0.5 0.5 0.5 1 1 1
3 P_7 62 62 0 0 0 1 1 1
3 P_7 63 63 0.280111 0.37 0.434315 1 1 1
3 P_7 64 64 0 0 0 1 1 1
3 P_7 65 65 0 0 0 1 1 1
3 P_7 66 66 0.5 0.5 0.5 1 1 1
3 P_7 67 67 0.5 0.5 0.5 1 1 1
3 P_7 68 68 0 0 0 1 1 1
3 P_7 69 69 0 0 0 1 1 1
3 P_7 70 70 0 0 0 1 1 1
3 P_7 71 71 0.5 0.5 0.5 1 1 1
3 P_7 72 72 0.5 0.5 0.5 1 1 1
3 P_7 73 73 0 0 0 1 1 1
3 P_7 74 74 0.5 0.5 0.5 1 1 1
3 P_7 75 75 0.2645755 0.35185185185185186 0.4189075 1 1 1
3 P_7 76 76 0 0 0 1 1 1
3 P_7 77 77 0 0 0 1 1 1
3 P_7 78 78 0.5 0.5 0.5 1 1 1
3 P_7 79 79 0 0 0 1 1 1
3 P_7 80 80 0 0 0 1 1 1
3 P_7 81 81 0 0 0 1 1 1
3 P_7 82 82 0.059145 0.11475409836065574 0.1943025 1 1 1
3 P_7 83 83 0.5 0.5 0.5 1 1 1
3 P_7 84 84 0 0 0 1 1 1
3 P_7 85 85 0 0 0 1 1 1
3 P_7 86 86 0.5 0.5 0.5 1 1 1
3 P_7 87 87 0 0 0 1 1 1
3 P_7 88 88 0 0 0 1 1 1
3 P_7 89 89 0.5 0.5 0.5 1 1 1
3 P_7 90 90 0 0 0 1 1 1
3 P_7 91 91 0.5 0.5 0.5 1 1 1
3 P_7 92 92 0 0 0 1 1 1
3 P_7 93 93 0.5 0.5 0.5 1 1 1
3 P_7 94 94 0 0 0 1 1 1
3 P_7 95 95 0 0 0 1 1 1
3 P_7 96 96 0 0 0 1 1 1
3 P_7 97 97 0.5 0.5 0.5 1 1 1
3 P_7 98 98 0 0 0 1 1 1
3 P_7 99 99 0.5 0.5 0.5 1 1 1
3 P_7 100 100 0 0 0 1 1 1
3 P_7 101 101 0 0 0 1 1 1
3 P_7 102 102 0.5 0.5 0.5 1 1 1
3 P_7 103 103 0 0 0 1 1 1
3 P_7 104 104 0 0 0 1 1 1
3 P_7 105 105 0.5 0.5 0.5 1 1 1
3 P_7 106 106 0.5 0.5 0.5 1 1 1
3 P_7 107 107 0.5 0.5 0.5 1 1 1
3 P_7 108 108 0 0 0 1 1 1
3 P_7 109 109 0 0 0 1 1 1
3 P_7 110 110 0 0 0 1 1 1
3 P_7 111 111 0.5 0.5 0.5 1 1 1
4 P_2 0 0 0.0106689 0.0392156862745098 0.111453 1 1 1
4 P_2 1 1 0 0 0 1 1 1
4 P_2 2 2 0.0561755 0.11206896551724138 0.193554 1 1 1
4 P_2 3 3 0.299186 0.391304347826087 0.450933 1 1 1
4 P_2 4 4 0 0 0 1 1 1
4 P_2 5 5 0.2288295 0.32 0.3962365 1 1 1
4 P_2 6 6 0.0617325 0.13513513513513514 0.2407655 1 1 1
4 P_2 7 7 0 0 0 1 1 1
4 P_2 8 8 0.307794 0.4 0.4570325 1 1 1
4 P_2 9 9 0.2630835 0.35294117647058826 0.421249 1 1 1
4 P_2 10 10 0.26693 0.3557692307692308 0.422863 1 1 1
4 P_2 11 11 0 0 0 1 1 1
4 P_2 12 12 0 0 0 1 1 1
4 P_2 13 13 0 0 0 1 1 1
4 P_2 14 14 0 0 0 1 1 1
4 P_2 15 15 0.3018555 0.39 0.4483315 1 1 1
4 P_2 16 16 0.2748635 0.37209302325581395 0.4394375 1 1 1
4 P_2 17 17 0 0 0 1 1 1
4 P_2 18 18 0.290995 0.36923076923076925 0.427575 1 1 1
4 P_2 19 19 0.2488105 0.33064516129032256 0.398404 1 1 1
4 P_2 20 20 0 0 0 1 1 1
4 P_2 21 21 0.0918705 0.16346153846153846 0.2528515 1 1 1
4 P_2 22 22 0.2630835 0.35294117647058826 0.421249 1 1 1
4 P_2 23 23 0.219032 0.31 0.3881655 1 1 1
4 P_2 24 24 0.2095635 0.3020833333333333 0.383062 1 1 1
4 P_2 25 25 0.0401742 0.09375 0.1818435 1 1 1
4 P_2 26 26 0.2770485 0.36538461538461536 0.430004 1 1 1
4 P_2 27 27 0.2457345 0.34523809523809523 0.4209045 1 1 1
4 P_2 28 28 0 0 0 1 1 1
4 P_2 29 29 0.2403055 0.32727272727272727 0.399152 1 1 1
4 P_2 30 30 0 0 0 1 1 1
4 P_2 31 31 0 0 0 1 1 1
4 P_2 32 32 0.2550085 0.3469387755102041 0.417808 1 1 1
4 P_2 33 33 0 0 0 1 1 1
4 P_2 34 34 0 0 0 1 1 1
4 P_2 35 35 0 0 0 1 1 1
4 P_2 36 36 0 0 0 1 1 1
4 P_2 37 37 0 0 0 1 1 1
4 P_2 38 38 0.1473065 0.24358974358974358 0.341591 1 1 1
4 P_2 39 39 0.2657835 0.36585365853658536 0.4363015 1 1 1
4 P_2 40 40 0 0 0 1 1 1
4 P_2 41 41 0 0 0 1 1 1
4 P_2 42 42 0.213718 0.3018867924528302 0.379566 1 1 1
4 P_2 43 43 0.2288295 0.32 0.3962365 1 1 1
4 P_2 44 44 0.2748635 0.37209302325581395 0.4394375 1 1 1
4 P_2 45 45 0 0 0 1 1 1
4 P_2 46 46 0 0 0 1 1 1
4 P_2 47 47 0.1838125 0.26785714285714285 0.3484715 1 1 1
4 P_2 48 48 0 0 0 1 1 1
4 P_2 49 49 0 0 0 1 1 1
4 P_2 50 50 0 0 0 1 1 1
4 P_2 51 51 0 0 0 1 1 1
4 P_2 52 52 0 0 0 1 1 1
4 P_2 53 53 0 0 0 1 1 1
4 P_2 54 54 0.287683 0.3875 0.451398 1 1 1
4 P_2 55 55 0.061254 0.11864406779661017 0.200025 1 1 1
4 P_2 56 56 0 0 0 1 1 1
4 P_2 57 57 0 0 0 1 1 1
4 P_2 58 58 0.2279295 0.3173076923076923 0.3928385 1 1 1
4 P_2 59 59 0 0 0 1 1 1
4 P_2 60 60 0.2387715 0.33 0.4041635 1 1 1
4 P_2 61 61 0.2755865 0.3695652173913043 0.4360275 1 1 1
4 P_2 62 62 0 0 0 1 1 1
4 P_2 63 63 0.01852845 0.05357142857142857 0.1260865 1 1 1
4 P_2 64 64 0 0 0 1 1 1
4 P_2 65 65 0 0 0 1 1 1
4 P_2 66 66 0.2693925 0.3717948717948718 0.441619 1 1 1
4 P_2 67 67 0.279151 0.375 0.4408915 1 1 1
4 P_2 68 68 0 0 0 1 1 1
4 P_2 69 69 0 0 0 1 1 1
4 P_2 70 70 0 0 0 1 1 1
4 P_2 71 71 0.153914 0.25 0.346086 1 1 1
4 P_2 72 72 0.2374715 0.3269230769230769 0.400551 1 1 1
4 P_2 73 73 0 0 0 1 1 1
4 P_2 74 74 0.2630835 0.35294117647058826 0.421249 1 1 1
4 P_2 75 75 0.13749 0.22340425531914893 0.3153285 1 1 1
4 P_2 76 76 0 0 0 1 1 1
4 P_2 77 77 0 0 0 1 1 1
4 P_2 78 78 0.255021 0.3425925925925926 0.4117785 1 1 1
4 P_2 79 79 0.125738 0.2037037037037037 0.2908675 1 1 1
4 P_2 80 80 0 0 0 1 1 1
4 P_2 81 81 0 0 0 1 1 1
4 P_2 82 82 0 0 0 1 1 1
4 P_2 83 83 0.232179 0.32075471698113206 0.39503 1 1 1
4 P_2 84 84 0 0 0 1 1 1
4 P_2 85 85 0.120998 0.1875 0.263477 1 1 1
4 P_2 86 86 0.2403055 0.32727272727272727 0.399152 1 1 1
4 P_2 87 87 0 0 0 1 1 1
4 P_2 88 88 0 0 0 1 1 1
4 P_2 89 89 0.2608295 0.3490566037735849 0.417272 1 1 1
4 P_2 90 90 0 0 0 1 1 1
4 P_2 91 91 0.5 0.5 0.5 1 1 1
4 P_2 92 92 0 0 0 1 1 1
4 P_2 93 93 0.2559645 0.358974358974359 0.4328215 1 1 1
4 P_2 94 94 0 0 0 1 1 1
4 P_2 95 95 0 0 0 1 1 1
4 P_2 96 96 0 0 0 1 1 1
4 P_2 97 97 0.2098085 0.30434782608695654 0.386363 1 1 1
4 P_2 98 98 0 0 0 1 1 1
4 P_2 99 99 0.204599 0.2978723404255319 0.380329 1 1 1
4 P_2 100 100 0 0 0 1 1 1
4 P_2 101 101 0 0 0 1 1 1
4 P_2 102 102 0.220312 0.31521739130434784 0.3950955 1 1 1
4 P_2 103 103 0 0 0 1 1 1
4 P_2 104 104 0 0 0 1 1 1
4 P_2 105 105 0.26693 0.3557692307692308 0.422863 1 1 1
4 P_2 106 106 0.1998535 0.29 0.37161 1 1 1
4 P_2 107 107 0.2591115 0.35 0.4195655 1 1 1
4 P_2 108 108 0 0 0 1 1 1
4 P_2 109 109 0 0 0 1 1 1
4 P_2 110 110 0 0 0 1 1 1
4 P_2 111 111 0.213267 0.2982456140350877 0.37411 1 1 1
