2 #m
100 #n
0 P_8 0 0 0.1066125 0.1119 0.1173465 1 1 1
0 P_8 1 1 0.32814 0.33425 0.340263 1 1 1
0 P_8 2 2 0.062038 0.0663 0.0707735 1 1 1
0 P_8 3 3 0.32814 0.33425 0.340263 1 1 1
0 P_8 4 4 0.32814 0.33425 0.340263 1 1 1
0 P_8 5 5 0.32814 0.33425 0.340263 1 1 1
0 P_8 6 6 0 0 0 1 1 1
0 P_8 7 7 0.5 0.5 0.5 1 1 1
0 P_8 8 8 0.32814 0.33425 0.340263 1 1 1
0 P_8 9 9 0.5 0.5 0.5 1 1 1
0 P_8 10 10 0.32814 0.33425 0.340263 1 1 1
0 P_8 11 11 0.0944945 0.09955 0.104779 1 1 1
0 P_8 12 12 0.32814 0.33425 0.340263 1 1 1
0 P_8 13 13 0.32814 0.33425 0.340263 1 1 1
0 P_8 14 14 0.32814 0.33425 0.340263 1 1 1
0 P_8 15 15 0.32814 0.33425 0.340263 1 1 1
0 P_8 16 16 0.32814 0.33425 0.340263 1 1 1
0 P_8 17 17 0.32814 0.33425 0.340263 1 1 1
0 P_8 18 18 0.32814 0.33425 0.340263 1 1 1
0 P_8 19 19 0.32814 0.33425 0.340263 1 1 1
0 P_8 20 20 0 0 0 1 1 1
0 P_8 21 21 0 0 0 1 1 1
0 P_8 22 22 0.5 0.5 0.5 1 1 1
0 P_8 23 23 0.32814 0.33425 0.340263 1 1 1
0 P_8 24 24 0.062038 0.0663 0.0707735 1 1 1
0 P_8 25 25 0 0 0 1 1 1
0 P_8 26 26 0.32814 0.33425 0.340263 1 1 1
0 P_8 27 27 0.32814 0.33425 0.340263 1 1 1
0 P_8 28 28 0.32814 0.33425 0.340263 1 1 1
0 P_8 29 29 0.32814 0.33425 0.340263 1 1 1
0 P_8 30 30 0.32814 0.33425 0.340263 1 1 1
0 P_8 31 31 0.32814 0.33425 0.340263 1 1 1
0 P_8 32 32 0.32814 0.33425 0.340263 1 1 1
0 P_8 33 33 0.0944945 0.09955 0.104779 1 1 1
0 P_8 34 34 0.32814 0.33425 0.340263 1 1 1
0 P_8 35 35 0 0 0 1 1 1
0 P_8 36 36 0.32814 0.33425 0.340263 1 1 1
0 P_8 37 37 0.0944945 0.09955 0.104779 1 1 1
0 P_8 38 38 0.32814 0.33425 0.340263 1 1 1
0 P_8 39 39 0.429278 0.43375 0.4380105 1 1 1
0 P_8 40 40 0.2159675 0.22235 0.2287645 1 1 1
0 P_8 41 41 0 0 0 1 1 1
0 P_8 42 42 0.32814 0.33425 0.340263 1 1 1
0 P_8 43 43 0.32814 0.33425 0.340263 1 1 1
0 P_8 44 44 0.32814 0.33425 0.340263 1 1 1
0 P_8 45 45 0.32814 0.33425 0.340263 1 1 1
0 P_8 46 46 0.32814 0.33425 0.340263 1 1 1
0 P_8 47 47 0.32814 0.33425 0.340263 1 1 1
0 P_8 48 48 0.062038 0.0663 0.0707735 1 1 1
0 P_8 49 49 0.062038 0.0663 0.0707735 1 1 1
0 P_8 50 50 0.32814 0.33425 0.340263 1 1 1
0 P_8 51 51 0 0 0 1 1 1
0 P_8 52 52 0.062038 0.0663 0.0707735 1 1 1
0 P_8 53 53 0.32814 0.33425 0.340263 1 1 1
0 P_8 54 54 0.32814 0.33425 0.340263 1 1 1
0 P_8 55 55 0.32814 0.33425 0.340263 1 1 1
0 P_8 56 56 0 0 0 1 1 1
0 P_8 57 57 0 0 0 1 1 1
0 P_8 58 58 0.32814 0.33425 0.340263 1 1 1
0 P_8 59 59 0.32814 0.33425 0.340263 1 1 1
0 P_8 60 60 0.32814 0.33425 0.340263 1 1 1
0 P_8 61 61 0.32814 0.33425 0.340263 1 1 1
0 P_8 62 62 0.32814 0.33425 0.340263 1 1 1
0 P_8 63 63 0 0 0 1 1 1
0 P_8 64 64 0 0 0 1 1 1
0 P_8 65 65 0 0 0 1 1 1
0 P_8 66 66 0.32814 0.33425 0.340263 1 1 1
0 P_8 67 67 0.32814 0.33425 0.340263 1 1 1
0 P_8 68 68 0.32814 0.33425 0.340263 1 1 1
0 P_8 69 69 0 0 0 1 1 1
0 P_8 70 70 0.32814 0.33425 0.340263 1 1 1
0 P_8 71 71 0.32814 0.33425 0.340263 1 1 1
0 P_8 72 72 0.32814 0.33425 0.340263 1 1 1
0 P_8 73 73 0.32814 0.33425 0.340263 1 1 1
0 P_8 74 74 0 0 0 1 1 1
0 P_8 75 75 0 0 0 1 1 1
0 P_8 76 76 0.32814 0.33425 0.340263 1 1 1
0 P_8 77 77 0 0 0 1 1 1
0 P_8 78 78 0.32814 0.33425 0.340263 1 1 1
0 P_8 79 79 0.1066125 0.1119 0.1173465 1 1 1
0 P_8 80 80 0 0 0 1 1 1
0 P_8 81 81 0.32814 0.33425 0.340263 1 1 1
0 P_8 82 82 0.5 0.5 0.5 1 1 1
0 P_8 83 83 0.062038 0.0663 0.0707735 1 1 1
0 P_8 84 84 0 0 0 1 1 1
0 P_8 85 85 0.062038 0.0663 0.0707735 1 1 1
0 P_8 86 86 0.32814 0.33425 0.340263 1 1 1
0 P_8 87 87 0 0 0 1 1 1
0 P_8 88 88 0.32814 0.33425 0.340263 1 1 1
0 P_8 89 89 0.32814 0.33425 0.340263 1 1 1
0 P_8 90 90 0.062038 0.0663 0.0707735 1 1 1
0 P_8 91 91 0.5 0.5 0.5 1 1 1
0 P_8 92 92 0.32814 0.33425 0.340263 1 1 1
0 P_8 93 93 0.32814 0.33425 0.340263 1 1 1
0 P_8 94 94 0.429278 0.43375 0.4380105 1 1 1
0 P_8 95 95 0 0 0 1 1 1
0 P_8 96 96 0.32814 0.33425 0.340263 1 1 1
0 P_8 97 97 0.32814 0.33425 0.340263 1 1 1
0 P_8 98 98 0.32814 0.33425 0.340263 1 1 1
0 P_8 99 99 0.32814 0.33425 0.340263 1 1 1
1 P_2 0 0 0 0 0 1 1 1
1 P_2 1 1 0 0 0 1 1 1
1 P_2 2 2 0 0 0 1 1 1
1 P_2 3 3 0 0 0 1 1 1
1 P_2 4 4 0 0 0 1 1 1
1 P_2 5 5 0 0 0 1 1 1
1 P_2 6 6 0.256363 0.2628 0.269222 1 1 1
1 P_2 7 7 0.5 0.5 0.5 1 1 1
1 P_2 8 8 0 0 0 1 1 1
1 P_2 9 9 0.5 0.5 0.5 1 1 1
1 P_2 10 10 0 0 0 1 1 1
1 P_2 11 11 0.2308275 0.23725 0.243687 1 1 1
1 P_2 12 12 0 0 0 1 1 1
1 P_2 13 13 0 0 0 1 1 1
1 P_2 14 14 0 0 0 1 1 1
1 P_2 15 15 0 0 0 1 1 1
1 P_2 16 16 0 0 0 1 1 1
1 P_2 17 17 0 0 0 1 1 1
1 P_2 18 18 0 0 0 1 1 1
1 P_2 19 19 0 0 0 1 1 1
1 P_2 20 20 0.256363 0.2628 0.269222 1 1 1
1 P_2 21 21 0.256363 0.2628 0.269222 1 1 1
1 P_2 22 22 0.5 0.5 0.5 1 1 1
1 P_2 23 23 0 0 0 1 1 1
1 P_2 24 24 0 0 0 1 1 1
1 P_2 25 25 0.256363 0.2628 0.269222 1 1 1
1 P_2 26 26 0 0 0 1 1 1
1 P_2 27 27 0 0 0 1 1 1
1 P_2 28 28 0 0 0 1 1 1
1 P_2 29 29 0 0 0 1 1 1
1 P_2 30 30 0 0 0 1 1 1
1 P_2 31 31 0 0 0 1 1 1
1 P_2 32 32 0 0 0 1 1 1
1 P_2 33 33 0.2308275 0.23725 0.243687 1 1 1
1 P_2 34 34 0 0 0 1 1 1
1 P_2 35 35 0 0 0 1 1 1
1 P_2 36 36 0 0 0 1 1 1
1 P_2 37 37 0.2308275 0.23725 0.243687 1 1 1
1 P_2 38 38 0 0 0 1 1 1
1 P_2 39 39 0.2308275 0.23725 0.243687 1 1 1
1 P_2 40 40 0 0 0 1 1 1
1 P_2 41 41 0 0 0 1 1 1
1 P_2 42 42 0 0 0 1 1 1
1 P_2 43 43 0 0 0 1 1 1
1 P_2 44 44 0 0 0 1 1 1
1 P_2 45 45 0 0 0 1 1 1
1 P_2 46 46 0 0 0 1 1 1
1 P_2 47 47 0 0 0 1 1 1
1 P_2 48 48 0 0 0 1 1 1
1 P_2 49 49 0 0 0 1 1 1
1 P_2 50 50 0 0 0 1 1 1
1 P_2 51 51 0.256363 0.2628 0.269222 1 1 1
1 P_2 52 52 0 0 0 1 1 1
1 P_2 53 53 0 0 0 1 1 1
1 P_2 54 54 0 0 0 1 1 1
1 P_2 55 55 0 0 0 1 1 1
1 P_2 56 56 0 0 0 1 1 1
1 P_2 57 57 0 0 0 1 1 1
1 P_2 58 58 0 0 0 1 1 1
1 P_2 59 59 0 0 0 1 1 1
1 P_2 60 60 0 0 0 1 1 1
1 P_2 61 61 0 0 0 1 1 1
1 P_2 62 62 0 0 0 1 1 1
1 P_2 63 63 0 0 0 1 1 1
1 P_2 64 64 0 0 0 1 1 1
1 P_2 65 65 0 0 0 1 1 1
1 P_2 66 66 0 0 0 1 1 1
1 P_2 67 67 0 0 0 1 1 1
1 P_2 68 68 0 0 0 1 1 1
1 P_2 69 69 0.256363 0.2628 0.269222 1 1 1
1 P_2 70 70 0 0 0 1 1 1
1 P_2 71 71 0 0 0 1 1 1
1 P_2 72 72 0 0 0 1 1 1
1 P_2 73 73 0 0 0 1 1 1
1 P_2 74 74 0 0 0 1 1 1
1 P_2 75 75 0 0 0 1 1 1
1 P_2 76 76 0 0 0 1 1 1
1 P_2 77 77 0 0 0 1 1 1
1 P_2 78 78 0 0 0 1 1 1
1 P_2 79 79 0 0 0 1 1 1
1 P_2 80 80 0.256363 0.2628 0.269222 1 1 1
1 P_2 81 81 0 0 0 1 1 1
1 P_2 82 82 0.5 0.5 0.5 1 1 1
1 P_2 83 83 0 0 0 1 1 1
1 P_2 84 84 0.256363 0.2628 0.269222 1 1 1
1 P_2 85 85 0 0 0 1 1 1
1 P_2 86 86 0 0 0 1 1 1
1 P_2 87 87 0 0 0 1 1 1
1 P_2 88 88 0 0 0 1 1 1
1 P_2 89 89 0 0 0 1 1 1
1 P_2 90 90 0 0 0 1 1 1
1 P_2 91 91 0.5 0.5 0.5 1 1 1
1 P_2 92 92 0 0 0 1 1 1
1 P_2 93 93 0 0 0 1 1 1
1 P_2 94 94 0.2308275 0.23725 0.243687 1 1 1
1 P_2 95 95 0 0 0 1 1 1
1 P_2 96 96 0 0 0 1 1 1
1 P_2 97 97 0 0 0 1 1 1
1 P_2 98 98 0 0 0 1 1 1
1 P_2 99 99 0 0 0 1 1 1
