5 #m
9 #n
0 P_8 0 0 0.5 0.5 0.5 1 1 1
0 P_8 1 1 0.1326045 0.1383 0.144124 1 1 1
0 P_8 2 2 0.1326045 0.1383 0.144124 1 1 1
0 P_8 3 3 0.1326045 0.1383 0.144124 1 1 1
0 P_8 4 4 0.0680675 0.0725 0.0771365 1 1 1
0 P_8 5 5 0.5 0.5 0.5 1 1 1
0 P_8 6 6 0.2017275 0.20805 0.214421 1 1 1
0 P_8 7 7 0.1326045 0.1383 0.144124 1 1 1
0 P_8 8 8 0.1326045 0.1383 0.144124 1 1 1
1 P_4 0 0 0.5 0.5 0.5 1 1 1
1 P_4 1 1 0.1826425 0.18885 0.1951275 1 1 1
1 P_4 2 2 0.1826425 0.18885 0.1951275 1 1 1
1 P_4 3 3 0.1826425 0.18885 0.1951275 1 1 1
1 P_4 4 4 0.098612 0.10375 0.109056 1 1 1
1 P_4 5 5 0.5 0.5 0.5 1 1 1
1 P_4 6 6 0 0 0 1 1 1
1 P_4 7 7 0.1826425 0.18885 0.1951275 1 1 1
1 P_4 8 8 0.1826425 0.18885 0.1951275 1 1 1
2 P_6 0 0 0.5 0.5 0.5 1 1 1
2 P_6 1 1 0.410681 0.4156 0.4203285 1 1 1
2 P_6 2 2 0.410681 0.4156 0.4203285 1 1 1
2 P_6 3 3 0.2724885 0.2789 0.285278 1 1 1
2 P_6 4 4 0.0797205 0.08445 0.08937 1 1 1
2 P_6 5 5 0.5 0.5 0.5 1 1 1
2 P_6 6 6 0 0 0 1 1 1
2 P_6 7 7 0.410681 0.4156 0.4203285 1 1 1
2 P_6 8 8 0.410681 0.4156 0.4203285 1 1 1
3 P_0 0 0 0.5 0.5 0.5 1 1 1
3 P_0 1 1 0.3037155 0.31 0.3162155 1 1 1
3 P_0 2 2 0.3037155 0.31 0.3162155 1 1 1
3 P_0 3 3 0.3037155 0.31 0.3162155 1 1 1
3 P_0 4 4 0 0 0 1 1 1
3 P_0 5 5 0.5 0.5 0.5 1 1 1
3 P_0 6 6 0 0 0 1 1 1
3 P_0 7 7 0.3037155 0.31 0.3162155 1 1 1
3 P_0 8 8 0.3037155 0.31 0.3162155 1 1 1
4 P_2 0 0 0.5 0.5 0.5 1 1 1
4 P_2 1 1 0.1680095 0.1741 0.180278 1 1 1
4 P_2 2 2 0.1680095 0.1741 0.180278 1 1 1
4 P_2 3 3 0 0 0 1 1 1
4 P_2 4 4 0 0 0 1 1 1
4 P_2 5 5 0.5 0.5 0.5 1 1 1
4 P_2 6 6 0.173314 0.17945 0.185667 1 1 1
4 P_2 7 7 0.1680095 0.1741 0.180278 1 1 1
4 P_2 8 8 0.1680095 0.1741 0.180278 1 1 1
