10 #m
45 #n
0 P_5 0 0 0 0 0 1 1 1
0 P_5 1 1 0.0853065 0.10091743119266056 0.1182705 1 1 1
0 P_5 2 2 0 0 0 1 1 1
0 P_5 3 3 0.3892605 0.40588235294117647 0.4207515 1 1 1
0 P_5 4 4 0.388791 0.40559440559440557 0.4206155 1 1 1
0 P_5 5 5 0.3874715 0.4044489383215369 0.4196355 1 1 1
0 P_5 6 6 0.0782835 0.09342915811088295 0.110418 1 1 1
0 P_5 7 7 0 0 0 1 1 1
0 P_5 8 8 0 0 0 1 1 1
0 P_5 9 9 0 0 0 1 1 1
0 P_5 10 10 0.0714335 0.08596134282807731 0.1024025 1 1 1
0 P_5 11 11 0 0 0 1 1 1
0 P_5 12 12 0 0 0 1 1 1
0 P_5 13 13 0 0 0 1 1 1
0 P_5 14 14 0.073612 0.08811881188118811 0.1044635 1 1 1
0 P_5 15 15 0.5 0.5 0.5 1 1 1
0 P_5 16 16 0.5 0.5 0.5 1 1 1
0 P_5 17 17 0.390341 0.4066666666666667 0.421281 1 1 1
0 P_5 18 18 0 0 0 1 1 1
0 P_5 19 19 0 0 0 1 1 1
0 P_5 20 20 0.068945 0.083248730964467 0.0994935 1 1 1
0 P_5 21 21 0 0 0 1 1 1
0 P_5 22 22 0.5 0.5 0.5 1 1 1
0 P_5 23 23 0.4017325 0.4178427419354839 0.432013 1 1 1
0 P_5 24 24 0 0 0 1 1 1
0 P_5 25 25 0.3905515 0.4075804776739356 0.4227335 1 1 1
0 P_5 26 26 0 0 0 1 1 1
0 P_5 27 27 0 0 0 1 1 1
0 P_5 28 28 0 0 0 1 1 1
0 P_5 29 29 0.384047 0.4008746355685131 0.416021 1 1 1
0 P_5 30 30 0 0 0 1 1 1
0 P_5 31 31 0 0 0 1 1 1
0 P_5 32 32 0.069217 0.08376963350785341 0.1003175 1 1 1
0 P_5 33 33 0 0 0 1 1 1
0 P_5 34 34 0 0 0 1 1 1
0 P_5 35 35 0.07357 0.08820564516129033 0.1047115 1 1 1
0 P_5 36 36 0.0715895 0.0858684985279686 0.1019945 1 1 1
0 P_5 37 37 0 0 0 1 1 1
0 P_5 38 38 0 0 0 1 1 1
0 P_5 39 39 0.3900425 0.4063688212927757 0.4209905 1 1 1
0 P_5 40 40 0.3849035 0.40189243027888444 0.4171465 1 1 1
0 P_5 41 41 0.076433 0.09095283926852743 0.107228 1 1 1
0 P_5 42 42 0 0 0 1 1 1
0 P_5 43 43 0 0 0 1 1 1
0 P_5 44 44 0 0 0 1 1 1
1 P_9 0 0 0 0 0 1 1 1
1 P_9 1 1 0.4146125 0.42961876832844575 0.4426115 1 1 1
1 P_9 2 2 0 0 0 1 1 1
1 P_9 3 3 0 0 0 1 1 1
1 P_9 4 4 0 0 0 1 1 1
1 P_9 5 5 0 0 0 1 1 1
1 P_9 6 6 0.4162845 0.4316062176165803 0.4447705 1 1 1
1 P_9 7 7 0 0 0 1 1 1
1 P_9 8 8 0.0562315 0.06956066945606694 0.0850535 1 1 1
1 P_9 9 9 0 0 0 1 1 1
1 P_9 10 10 0.4134525 0.4287878787878788 0.4420525 1 1 1
1 P_9 11 11 0 0 0 1 1 1
1 P_9 12 12 0 0 0 1 1 1
1 P_9 13 13 0.0632745 0.07711950970377937 0.092989 1 1 1
1 P_9 14 14 0.419878 0.4345472440944882 0.4471335 1 1 1
1 P_9 15 15 0.5 0.5 0.5 1 1 1
1 P_9 16 16 0.5 0.5 0.5 1 1 1
1 P_9 17 17 0.060284 0.07382892057026477 0.0894305 1 1 1
1 P_9 18 18 0 0 0 1 1 1
1 P_9 19 19 0 0 0 1 1 1
1 P_9 20 20 0.415764 0.43106995884773663 0.44424 1 1 1
1 P_9 21 21 0.062035 0.07568113017154389 0.091344 1 1 1
1 P_9 22 22 0.5 0.5 0.5 1 1 1
1 P_9 23 23 0 0 0 1 1 1
1 P_9 24 24 0 0 0 1 1 1
1 P_9 25 25 0 0 0 1 1 1
1 P_9 26 26 0 0 0 1 1 1
1 P_9 27 27 0 0 0 1 1 1
1 P_9 28 28 0 0 0 1 1 1
1 P_9 29 29 0 0 0 1 1 1
1 P_9 30 30 0 0 0 1 1 1
1 P_9 31 31 0 0 0 1 1 1
1 P_9 32 32 0.413732 0.4289264413518887 0.4420815 1 1 1
1 P_9 33 33 0.061158 0.07462686567164178 0.0900965 1 1 1
1 P_9 34 34 0 0 0 1 1 1
1 P_9 35 35 0.4199675 0.43503118503118504 0.44789 1 1 1
1 P_9 36 36 0.4134875 0.42901554404145076 0.442417 1 1 1
1 P_9 37 37 0 0 0 1 1 1
1 P_9 38 38 0.051424 0.06401209677419355 0.0787495 1 1 1
1 P_9 39 39 0 0 0 1 1 1
1 P_9 40 40 0.049557 0.062111801242236024 0.076896 1 1 1
1 P_9 41 41 0.4202435 0.435 0.4476355 1 1 1
1 P_9 42 42 0 0 0 1 1 1
1 P_9 43 43 0 0 0 1 1 1
1 P_9 44 44 0 0 0 1 1 1
2 P_0 0 0 0 0 0 1 1 1
2 P_0 1 1 0 0 0 1 1 1
2 P_0 2 2 0.2911955 0.3115942028985507 0.3312615 1 1 1
2 P_0 3 3 0 0 0 1 1 1
2 P_0 4 4 0 0 0 1 1 1
2 P_0 5 5 0 0 0 1 1 1
2 P_0 6 6 0 0 0 1 1 1
2 P_0 7 7 0.1648495 0.1841574167507568 0.204227 1 1 1
2 P_0 8 8 0.5 0.5 0.5 1 1 1
2 P_0 9 9 0 0 0 1 1 1
2 P_0 10 10 0 0 0 1 1 1
2 P_0 11 11 0.290853 0.31098790322580644 0.330418 1 1 1
2 P_0 12 12 0.176405 0.19597989949748743 0.2161775 1 1 1
2 P_0 13 13 0 0 0 1 1 1
2 P_0 14 14 0 0 0 1 1 1
2 P_0 15 15 0.5 0.5 0.5 1 1 1
2 P_0 16 16 0.5 0.5 0.5 1 1 1
2 P_0 17 17 0.5 0.5 0.5 1 1 1
2 P_0 18 18 0 0 0 1 1 1
2 P_0 19 19 0.1539905 0.1727541954590326 0.1923925 1 1 1
2 P_0 20 20 0 0 0 1 1 1
2 P_0 21 21 0 0 0 1 1 1
2 P_0 22 22 0.5 0.5 0.5 1 1 1
2 P_0 23 23 0 0 0 1 1 1
2 P_0 24 24 0.288903 0.30913705583756346 0.3286825 1 1 1
2 P_0 25 25 0 0 0 1 1 1
2 P_0 26 26 0 0 0 1 1 1
2 P_0 27 27 0.29377 0.313468992248062 0.3324625 1 1 1
2 P_0 28 28 0 0 0 1 1 1
2 P_0 29 29 0 0 0 1 1 1
2 P_0 30 30 0 0 0 1 1 1
2 P_0 31 31 0 0 0 1 1 1
2 P_0 32 32 0 0 0 1 1 1
2 P_0 33 33 0 0 0 1 1 1
2 P_0 34 34 0.285722 0.3059777102330294 0.325583 1 1 1
2 P_0 35 35 0 0 0 1 1 1
2 P_0 36 36 0 0 0 1 1 1
2 P_0 37 37 0 0 0 1 1 1
2 P_0 38 38 0 0 0 1 1 1
2 P_0 39 39 0 0 0 1 1 1
2 P_0 40 40 0.5 0.5 0.5 1 1 1
2 P_0 41 41 0 0 0 1 1 1
2 P_0 42 42 0.182843 0.20291363163371487 0.223546 1 1 1
2 P_0 43 43 0.298048 0.3176130895091434 0.3364315 1 1 1
2 P_0 44 44 0 0 0 1 1 1
3 P_4 0 0 0.053877 0.06690871369294606 0.0821175 1 1 1
3 P_4 1 1 0.2246665 0.24481737413622903 0.265027 1 1 1
3 P_4 2 2 0 0 0 1 1 1
3 P_4 3 3 0.175534 0.19463087248322147 0.214337 1 1 1
3 P_4 4 4 0.170073 0.18951612903225806 0.2096585 1 1 1
3 P_4 5 5 0.101746 0.11832829808660625 0.136431 1 1 1
3 P_4 6 6 0.205894 0.22583826429980275 0.2460555 1 1 1
3 P_4 7 7 0.0591005 0.07234886025768088 0.087616 1 1 1
3 P_4 8 8 0.05667 0.06966403162055336 0.084701 1 1 1
3 P_4 9 9 0 0 0 1 1 1
3 P_4 10 10 0.204027 0.22372227579556414 0.2437085 1 1 1
3 P_4 11 11 0 0 0 1 1 1
3 P_4 12 12 0 0 0 1 1 1
3 P_4 13 13 0 0 0 1 1 1
3 P_4 14 14 0.0972525 0.1130558183538316 0.1303455 1 1 1
3 P_4 15 15 0.5 0.5 0.5 1 1 1
3 P_4 16 16 0.5 0.5 0.5 1 1 1
3 P_4 17 17 0.254167 0.27402473834443386 0.2936205 1 1 1
3 P_4 18 18 0.1125815 0.13009404388714735 0.1490435 1 1 1
3 P_4 19 19 0.0697735 0.08438155136268344 0.10098 1 1 1
3 P_4 20 20 0.223461 0.24374374374374375 0.264098 1 1 1
3 P_4 21 21 0 0 0 1 1 1
3 P_4 22 22 0.5 0.5 0.5 1 1 1
3 P_4 23 23 0.1839945 0.2037037037037037 0.223944 1 1 1
3 P_4 24 24 0 0 0 1 1 1
3 P_4 25 25 0.1767945 0.19616519174041297 0.216143 1 1 1
3 P_4 26 26 0 0 0 1 1 1
3 P_4 27 27 0 0 0 1 1 1
3 P_4 28 28 0 0 0 1 1 1
3 P_4 29 29 0.094897 0.111 0.128697 1 1 1
3 P_4 30 30 0.1094805 0.12651209677419356 0.1449715 1 1 1
3 P_4 31 31 0.1046775 0.12103746397694524 0.138818 1 1 1
3 P_4 32 32 0.2145535 0.2343599615014437 0.254339 1 1 1
3 P_4 33 33 0 0 0 1 1 1
3 P_4 34 34 0 0 0 1 1 1
3 P_4 35 35 0.2201895 0.24021526418786693 0.260351 1 1 1
3 P_4 36 36 0.2161155 0.23629112662013957 0.2566235 1 1 1
3 P_4 37 37 0.061926 0.0755 0.091075 1 1 1
3 P_4 38 38 0 0 0 1 1 1
3 P_4 39 39 0.19199 0.21157587548638132 0.2315905 1 1 1
3 P_4 40 40 0.2532645 0.2741090146750524 0.294664 1 1 1
3 P_4 41 41 0.210391 0.23035363457760313 0.2505375 1 1 1
3 P_4 42 42 0.059019 0.07220039292730845 0.0873845 1 1 1
3 P_4 43 43 0 0 0 1 1 1
3 P_4 44 44 0 0 0 1 1 1
4 P_3 0 0 0.147572 0.16649537512846865 0.186403 1 1 1
4 P_3 1 1 0.3092055 0.32875368007850836 0.3474155 1 1 1
4 P_3 2 2 0 0 0 1 1 1
4 P_3 3 3 0 0 0 1 1 1
4 P_3 4 4 0 0 0 1 1 1
4 P_3 5 5 0 0 0 1 1 1
4 P_3 6 6 0.321385 0.3408183632734531 0.3592125 1 1 1
4 P_3 7 7 0.159308 0.17849898580121704 0.1985215 1 1 1
4 P_3 8 8 0.1481655 0.16666666666666666 0.186105 1 1 1
4 P_3 9 9 0 0 0 1 1 1
4 P_3 10 10 0.3192465 0.33893985728848114 0.3575935 1 1 1
4 P_3 11 11 0 0 0 1 1 1
4 P_3 12 12 0 0 0 1 1 1
4 P_3 13 13 0 0 0 1 1 1
4 P_3 14 14 0 0 0 1 1 1
4 P_3 15 15 0.5 0.5 0.5 1 1 1
4 P_3 16 16 0.5 0.5 0.5 1 1 1
4 P_3 17 17 0.1445985 0.16341212744090441 0.1832465 1 1 1
4 P_3 18 18 0.2971035 0.3167311411992263 0.3356185 1 1 1
4 P_3 19 19 0.1404915 0.1591375770020534 0.1788535 1 1 1
4 P_3 20 20 0.311532 0.33145491803278687 0.350421 1 1 1
4 P_3 21 21 0 0 0 1 1 1
4 P_3 22 22 0.5 0.5 0.5 1 1 1
4 P_3 23 23 0 0 0 1 1 1
4 P_3 24 24 0 0 0 1 1 1
4 P_3 25 25 0 0 0 1 1 1
4 P_3 26 26 0 0 0 1 1 1
4 P_3 27 27 0 0 0 1 1 1
4 P_3 28 28 0 0 0 1 1 1
4 P_3 29 29 0 0 0 1 1 1
4 P_3 30 30 0.3101725 0.3302277432712215 0.3493305 1 1 1
4 P_3 31 31 0.316388 0.33625128733264675 0.355096 1 1 1
4 P_3 32 32 0.31728 0.3371017471736896 0.355897 1 1 1
4 P_3 33 33 0 0 0 1 1 1
4 P_3 34 34 0 0 0 1 1 1
4 P_3 35 35 0.3167405 0.33634538152610444 0.354956 1 1 1
4 P_3 36 36 0.305107 0.3246124031007752 0.3432885 1 1 1
4 P_3 37 37 0.1497155 0.16830708661417323 0.187821 1 1 1
4 P_3 38 38 0 0 0 1 1 1
4 P_3 39 39 0 0 0 1 1 1
4 P_3 40 40 0.168921 0.18874868559411145 0.209315 1 1 1
4 P_3 41 41 0.313133 0.33252190847127555 0.350989 1 1 1
4 P_3 42 42 0.160741 0.17985971943887777 0.1997845 1 1 1
4 P_3 43 43 0 0 0 1 1 1
4 P_3 44 44 0 0 0 1 1 1
5 P_8 0 0 0 0 0 1 1 1
5 P_8 1 1 0 0 0 1 1 1
5 P_8 2 2 0 0 0 1 1 1
5 P_8 3 3 0.5 0.5 0.5 1 1 1
5 P_8 4 4 0.5 0.5 0.5 1 1 1
5 P_8 5 5 0 0 0 1 1 1
5 P_8 6 6 0 0 0 1 1 1
5 P_8 7 7 0 0 0 1 1 1
5 P_8 8 8 0 0 0 1 1 1
5 P_8 9 9 0 0 0 1 1 1
5 P_8 10 10 0 0 0 1 1 1
5 P_8 11 11 0 0 0 1 1 1
5 P_8 12 12 0 0 0 1 1 1
5 P_8 13 13 0 0 0 1 1 1
5 P_8 14 14 0 0 0 1 1 1
5 P_8 15 15 0.5 0.5 0.5 1 1 1
5 P_8 16 16 0.5 0.5 0.5 1 1 1
5 P_8 17 17 0.5 0.5 0.5 1 1 1
5 P_8 18 18 0 0 0 1 1 1
5 P_8 19 19 0 0 0 1 1 1
5 P_8 20 20 0 0 0 1 1 1
5 P_8 21 21 0 0 0 1 1 1
5 P_8 22 22 0.5 0.5 0.5 1 1 1
5 P_8 23 23 0.5 0.5 0.5 1 1 1
5 P_8 24 24 0 0 0 1 1 1
5 P_8 25 25 0.5 0.5 0.5 1 1 1
5 P_8 26 26 0 0 0 1 1 1
5 P_8 27 27 0 0 0 1 1 1
5 P_8 28 28 0 0 0 1 1 1
5 P_8 29 29 0 0 0 1 1 1
5 P_8 30 30 0 0 0 1 1 1
5 P_8 31 31 0 0 0 1 1 1
5 P_8 32 32 0 0 0 1 1 1
5 P_8 33 33 0 0 0 1 1 1
5 P_8 34 34 0 0 0 1 1 1
5 P_8 35 35 0 0 0 1 1 1
5 P_8 36 36 0 0 0 1 1 1
5 P_8 37 37 0 0 0 1 1 1
5 P_8 38 38 0 0 0 1 1 1
5 P_8 39 39 0.5 0.5 0.5 1 1 1
5 P_8 40 40 0.5 0.5 0.5 1 1 1
5 P_8 41 41 0 0 0 1 1 1
5 P_8 42 42 0 0 0 1 1 1
5 P_8 43 43 0 0 0 1 1 1
5 P_8 44 44 0 0 0 1 1 1
6 P_1 0 0 0 0 0 1 1 1
6 P_1 1 1 0 0 0 1 1 1
6 P_1 2 2 0 0 0 1 1 1
6 P_1 3 3 0 0 0 1 1 1
6 P_1 4 4 0 0 0 1 1 1
6 P_1 5 5 0 0 0 1 1 1
6 P_1 6 6 0 0 0 1 1 1
6 P_1 7 7 0 0 0 1 1 1
6 P_1 8 8 0.333399 0.3532258064516129 0.3717805 1 1 1
6 P_1 9 9 0.1283975 0.1460564751703992 0.1648765 1 1 1
6 P_1 10 10 0 0 0 1 1 1
6 P_1 11 11 0 0 0 1 1 1
6 P_1 12 12 0 0 0 1 1 1
6 P_1 13 13 0.3304715 0.3496993987975952 0.3677815 1 1 1
6 P_1 14 14 0 0 0 1 1 1
6 P_1 15 15 0.5 0.5 0.5 1 1 1
6 P_1 16 16 0.5 0.5 0.5 1 1 1
6 P_1 17 17 0.5 0.5 0.5 1 1 1
6 P_1 18 18 0 0 0 1 1 1
6 P_1 19 19 0 0 0 1 1 1
6 P_1 20 20 0 0 0 1 1 1
6 P_1 21 21 0.330121 0.34934934934934936 0.367437 1 1 1
6 P_1 22 22 0.5 0.5 0.5 1 1 1
6 P_1 23 23 0 0 0 1 1 1
6 P_1 24 24 0 0 0 1 1 1
6 P_1 25 25 0 0 0 1 1 1
6 P_1 26 26 0.1285825 0.14638971315529178 0.1653725 1 1 1
6 P_1 27 27 0 0 0 1 1 1
6 P_1 28 28 0.121931 0.1397738951695786 0.158916 1 1 1
6 P_1 29 29 0 0 0 1 1 1
6 P_1 30 30 0 0 0 1 1 1
6 P_1 31 31 0 0 0 1 1 1
6 P_1 32 32 0 0 0 1 1 1
6 P_1 33 33 0.3327545 0.35196374622356497 0.3699955 1 1 1
6 P_1 34 34 0 0 0 1 1 1
6 P_1 35 35 0 0 0 1 1 1
6 P_1 36 36 0 0 0 1 1 1
6 P_1 37 37 0 0 0 1 1 1
6 P_1 38 38 0.340446 0.3595505617977528 0.377372 1 1 1
6 P_1 39 39 0 0 0 1 1 1
6 P_1 40 40 0.5 0.5 0.5 1 1 1
6 P_1 41 41 0 0 0 1 1 1
6 P_1 42 42 0 0 0 1 1 1
6 P_1 43 43 0 0 0 1 1 1
6 P_1 44 44 0.11827 0.13598759048603928 0.155057 1 1 1
7 P_6 0 0 0.252213 0.272635814889336 0.2927975 1 1 1
7 P_6 1 1 0.2217055 0.24198396793587174 0.2623545 1 1 1
7 P_6 2 2 0 0 0 1 1 1
7 P_6 3 3 0 0 0 1 1 1
7 P_6 4 4 0 0 0 1 1 1
7 P_6 5 5 0 0 0 1 1 1
7 P_6 6 6 0.2241455 0.2443125618199802 0.264544 1 1 1
7 P_6 7 7 0.2459775 0.26649746192893403 0.286825 1 1 1
7 P_6 8 8 0.237975 0.2579403272377286 0.277818 1 1 1
7 P_6 9 9 0 0 0 1 1 1
7 P_6 10 10 0.2172885 0.2378490175801448 0.2585535 1 1 1
7 P_6 11 11 0 0 0 1 1 1
7 P_6 12 12 0 0 0 1 1 1
7 P_6 13 13 0 0 0 1 1 1
7 P_6 14 14 0 0 0 1 1 1
7 P_6 15 15 0.5 0.5 0.5 1 1 1
7 P_6 16 16 0.5 0.5 0.5 1 1 1
7 P_6 17 17 0.234853 0.2548169556840077 0.27472800000000003 1 1 1
7 P_6 18 18 0.22028 0.24105263157894738 0.261933 1 1 1
7 P_6 19 19 0.2340245 0.25417075564278707 0.27427 1 1 1
7 P_6 20 20 0.2296305 0.24975466143277722 0.2698815 1 1 1
7 P_6 21 21 0 0 0 1 1 1
7 P_6 22 22 0.5 0.5 0.5 1 1 1
7 P_6 23 23 0 0 0 1 1 1
7 P_6 24 24 0 0 0 1 1 1
7 P_6 25 25 0 0 0 1 1 1
7 P_6 26 26 0 0 0 1 1 1
7 P_6 27 27 0 0 0 1 1 1
7 P_6 28 28 0 0 0 1 1 1
7 P_6 29 29 0 0 0 1 1 1
7 P_6 30 30 0.2341175 0.2545362903225806 0.274903 1 1 1
7 P_6 31 31 0.2167515 0.23676470588235293 0.2569265 1 1 1
7 P_6 32 32 0.2161625 0.236318407960199 0.2566305 1 1 1
7 P_6 33 33 0 0 0 1 1 1
7 P_6 34 34 0 0 0 1 1 1
7 P_6 35 35 0.218133 0.2383084577114428 0.2586175 1 1 1
7 P_6 36 36 0.217061 0.23704789833822093 0.25718 1 1 1
7 P_6 37 37 0.2391625 0.25927734375 0.279288 1 1 1
7 P_6 38 38 0 0 0 1 1 1
7 P_6 39 39 0 0 0 1 1 1
7 P_6 40 40 0.237859 0.25842696629213485 0.2788965 1 1 1
7 P_6 41 41 0.209193 0.22853185595567868 0.248098 1 1 1
7 P_6 42 42 0.235902 0.25625625625625625 0.276539 1 1 1
7 P_6 43 43 0 0 0 1 1 1
7 P_6 44 44 0 0 0 1 1 1
8 P_7 0 0 0 0 0 1 1 1
8 P_7 1 1 0 0 0 1 1 1
8 P_7 2 2 0 0 0 1 1 1
8 P_7 3 3 0.1887915 0.2086693548387097 0.229025 1 1 1
8 P_7 4 4 0.1941285 0.2136015325670498 0.2334745 1 1 1
8 P_7 5 5 0.2013485 0.2213359920239282 0.241651 1 1 1
8 P_7 6 6 0 0 0 1 1 1
8 P_7 7 7 0 0 0 1 1 1
8 P_7 8 8 0.0842575 0.09969788519637462 0.116874 1 1 1
8 P_7 9 9 0.1524105 0.17177589852008457 0.1920895 1 1 1
8 P_7 10 10 0 0 0 1 1 1
8 P_7 11 11 0 0 0 1 1 1
8 P_7 12 12 0 0 0 1 1 1
8 P_7 13 13 0.096717 0.11316872427983539 0.1312345 1 1 1
8 P_7 14 14 0 0 0 1 1 1
8 P_7 15 15 0.5 0.5 0.5 1 1 1
8 P_7 16 16 0.5 0.5 0.5 1 1 1
8 P_7 17 17 0.5 0.5 0.5 1 1 1
8 P_7 18 18 0 0 0 1 1 1
8 P_7 19 19 0 0 0 1 1 1
8 P_7 20 20 0 0 0 1 1 1
8 P_7 21 21 0.1012435 0.11794871794871795 0.136207 1 1 1
8 P_7 22 22 0.5 0.5 0.5 1 1 1
8 P_7 23 23 0.1992335 0.21880998080614203 0.23873 1 1 1
8 P_7 24 24 0 0 0 1 1 1
8 P_7 25 25 0.1961145 0.2166313559322034 0.2375535 1 1 1
8 P_7 26 26 0.1599095 0.17892644135188868 0.1987535 1 1 1
8 P_7 27 27 0 0 0 1 1 1
8 P_7 28 28 0.163492 0.18268268268268267 0.2026465 1 1 1
8 P_7 29 29 0.189789 0.20943952802359883 0.2295475 1 1 1
8 P_7 30 30 0 0 0 1 1 1
8 P_7 31 31 0 0 0 1 1 1
8 P_7 32 32 0 0 0 1 1 1
8 P_7 33 33 0.0873235 0.10321576763485477 0.120854 1 1 1
8 P_7 34 34 0 0 0 1 1 1
8 P_7 35 35 0 0 0 1 1 1
8 P_7 36 36 0 0 0 1 1 1
8 P_7 37 37 0 0 0 1 1 1
8 P_7 38 38 0.0859925 0.10189075630252101 0.1195725 1 1 1
8 P_7 39 39 0.2027275 0.22289766970618036 0.2433825 1 1 1
8 P_7 40 40 0.5 0.5 0.5 1 1 1
8 P_7 41 41 0 0 0 1 1 1
8 P_7 42 42 0 0 0 1 1 1
8 P_7 43 43 0 0 0 1 1 1
8 P_7 44 44 0.1570135 0.17617107942973523 0.196191 1 1 1
9 P_2 0 0 0 0 0 1 1 1
9 P_2 1 1 0.3460065 0.3646766169154229 0.3820385 1 1 1
9 P_2 2 2 0 0 0 1 1 1
9 P_2 3 3 0.118 0.13557594291539246 0.1544895 1 1 1
9 P_2 4 4 0.119425 0.13662790697674418 0.155091 1 1 1
9 P_2 5 5 0.1181155 0.13567073170731708 0.154558 1 1 1
9 P_2 6 6 0.347408 0.3659742828882295 0.383225 1 1 1
9 P_2 7 7 0 0 0 1 1 1
9 P_2 8 8 0 0 0 1 1 1
9 P_2 9 9 0 0 0 1 1 1
9 P_2 10 10 0.352895 0.3713713713713714 0.3884545 1 1 1
9 P_2 11 11 0 0 0 1 1 1
9 P_2 12 12 0 0 0 1 1 1
9 P_2 13 13 0 0 0 1 1 1
9 P_2 14 14 0.3557635 0.3736892278360343 0.3902625 1 1 1
9 P_2 15 15 0.5 0.5 0.5 1 1 1
9 P_2 16 16 0.5 0.5 0.5 1 1 1
9 P_2 17 17 0.1180275 0.13575129533678756 0.1548325 1 1 1
9 P_2 18 18 0 0 0 1 1 1
9 P_2 19 19 0 0 0 1 1 1
9 P_2 20 20 0.3504045 0.368836291913215 0.385924 1 1 1
9 P_2 21 21 0 0 0 1 1 1
9 P_2 22 22 0.5 0.5 0.5 1 1 1
9 P_2 23 23 0.117259 0.13467336683417086 0.1534165 1 1 1
9 P_2 24 24 0 0 0 1 1 1
9 P_2 25 25 0.1218385 0.13932806324110672 0.1580715 1 1 1
9 P_2 26 26 0 0 0 1 1 1
9 P_2 27 27 0 0 0 1 1 1
9 P_2 28 28 0 0 0 1 1 1
9 P_2 29 29 0.1106405 0.12760675273088382 0.145967 1 1 1
9 P_2 30 30 0 0 0 1 1 1
9 P_2 31 31 0 0 0 1 1 1
9 P_2 32 32 0.356037 0.37449392712550605 0.391506 1 1 1
9 P_2 33 33 0 0 0 1 1 1
9 P_2 34 34 0 0 0 1 1 1
9 P_2 35 35 0.3421455 0.36065573770491804 0.377942 1 1 1
9 P_2 36 36 0.335136 0.3546694648478489 0.372944 1 1 1
9 P_2 37 37 0 0 0 1 1 1
9 P_2 38 38 0 0 0 1 1 1
9 P_2 39 39 0.110685 0.12758620689655173 0.1458705 1 1 1
9 P_2 40 40 0.11353 0.1308316430020284 0.149519 1 1 1
9 P_2 41 41 0.350437 0.36923076923076925 0.3866225 1 1 1
9 P_2 42 42 0 0 0 1 1 1
9 P_2 43 43 0 0 0 1 1 1
9 P_2 44 44 0 0 0 1 1 1
