2 #m
13 #n
0 P_4 0 0 0.5 0.5 0.5 1 1 1
0 P_4 1 1 0.1682705 0.2549019607843137 0.3405065 1 1 1
0 P_4 2 2 0.175594 0.25892857142857145 0.340548 1 1 1
0 P_4 3 3 0.090009 0.16037735849056603 0.248855 1 1 1
0 P_4 4 4 0.079766 0.15217391304347827 0.247109 1 1 1
0 P_4 5 5 0.171146 0.2682926829268293 0.360755 1 1 1
0 P_4 6 6 0.1579185 0.25 0.3420815 1 1 1
0 P_4 7 7 0.0639725 0.13043478260869565 0.2244135 1 1 1
0 P_4 8 8 0 0 0 1 1 1
0 P_4 9 9 0.170795 0.2604166666666667 0.3477295 1 1 1
0 P_4 10 10 0.0486021 0.1125 0.212317 1 1 1
0 P_4 11 11 0.0685965 0.1320754716981132 0.2193665 1 1 1
0 P_4 12 12 0.22469 0.3064516129032258 0.3783575 1 1 1
1 P_6 0 0 0.5 0.5 0.5 1 1 1
1 P_6 1 1 0.100294 0.1694915254237288 0.2534105 1 1 1
1 P_6 2 2 0.0482638 0.11764705882352941 0.227053 1 1 1
1 P_6 3 3 0.1312845 0.21428571428571427 0.3050525 1 1 1
1 P_6 4 4 0.051409 0.11363636363636363 0.2085275 1 1 1
1 P_6 5 5 0.17717 0.2647058823529412 0.34916 1 1 1
1 P_6 6 6 0.1238155 0.19672131147540983 0.279072 1 1 1
1 P_6 7 7 0.0742375 0.15 0.251924 1 1 1
1 P_6 8 8 0.0415072 0.09259259259259259 0.1748625 1 1 1
1 P_6 9 9 0.1838725 0.2777777777777778 0.36515 1 1 1
1 P_6 10 10 0.08595 0.1595744680851064 0.2536175 1 1 1
1 P_6 11 11 0.093811 0.16666666666666666 0.2569745 1 1 1
1 P_6 12 12 0.2140155 0.30392156862745096 0.3825305 1 1 1
