2 #m
106 #n
0 P_2 0 0 0.5 0.5 0.5 1 1 1
0 P_2 1 1 0.5 0.5 0.5 1 1 1
0 P_2 2 2 0.5 0.5 0.5 1 1 1
0 P_2 3 3 0 0 0 1 1 1
0 P_2 4 4 0.5 0.5 0.5 1 1 1
0 P_2 5 5 0.5 0.5 0.5 1 1 1
0 P_2 6 6 0.5 0.5 0.5 1 1 1
0 P_2 7 7 0.5 0.5 0.5 1 1 1
0 P_2 8 8 0.5 0.5 0.5 1 1 1
0 P_2 9 9 0.5 0.5 0.5 1 1 1
0 P_2 10 10 0.5 0.5 0.5 1 1 1
0 P_2 11 11 0.5 0.5 0.5 1 1 1
0 P_2 12 12 0 0 0 1 1 1
0 P_2 13 13 0.5 0.5 0.5 1 1 1
0 P_2 14 14 0.5 0.5 0.5 1 1 1
0 P_2 15 15 0.0754245 0.09039256198347108 0.107251 1 1 1
0 P_2 16 16 0.5 0.5 0.5 1 1 1
0 P_2 17 17 0.5 0.5 0.5 1 1 1
0 P_2 18 18 0 0 0 1 1 1
0 P_2 19 19 0.385301 0.4024390243902439 0.417801 1 1 1
0 P_2 20 20 0.5 0.5 0.5 1 1 1
0 P_2 21 21 0.5 0.5 0.5 1 1 1
0 P_2 22 22 0.5 0.5 0.5 1 1 1
0 P_2 23 23 0.5 0.5 0.5 1 1 1
0 P_2 24 24 0.5 0.5 0.5 1 1 1
0 P_2 25 25 0.5 0.5 0.5 1 1 1
0 P_2 26 26 0 0 0 1 1 1
0 P_2 27 27 0.5 0.5 0.5 1 1 1
0 P_2 28 28 0.5 0.5 0.5 1 1 1
0 P_2 29 29 0.5 0.5 0.5 1 1 1
0 P_2 30 30 0.0898225 0.10598111227701994 0.1238725 1 1 1
0 P_2 31 31 0.5 0.5 0.5 1 1 1
0 P_2 32 32 0.0878395 0.10390295358649788 0.121733 1 1 1
0 P_2 33 33 0.5 0.5 0.5 1 1 1
0 P_2 34 34 0.371872 0.3890462700661001 0.404715 1 1 1
0 P_2 35 35 0.5 0.5 0.5 1 1 1
0 P_2 36 36 0 0 0 1 1 1
0 P_2 37 37 0.5 0.5 0.5 1 1 1
0 P_2 38 38 0.5 0.5 0.5 1 1 1
0 P_2 39 39 0 0 0 1 1 1
0 P_2 40 40 0.5 0.5 0.5 1 1 1
0 P_2 41 41 0.5 0.5 0.5 1 1 1
0 P_2 42 42 0.099846 0.1163141993957704 0.134326 1 1 1
0 P_2 43 43 0.5 0.5 0.5 1 1 1
0 P_2 44 44 0.5 0.5 0.5 1 1 1
0 P_2 45 45 0.0813265 0.0965 0.1134335 1 1 1
0 P_2 46 46 0.5 0.5 0.5 1 1 1
0 P_2 47 47 0.5 0.5 0.5 1 1 1
0 P_2 48 48 0 0 0 1 1 1
0 P_2 49 49 0.5 0.5 0.5 1 1 1
0 P_2 50 50 0.5 0.5 0.5 1 1 1
0 P_2 51 51 0.5 0.5 0.5 1 1 1
0 P_2 52 52 0.5 0.5 0.5 1 1 1
0 P_2 53 53 0 0 0 1 1 1
0 P_2 54 54 0.5 0.5 0.5 1 1 1
0 P_2 55 55 0.5 0.5 0.5 1 1 1
0 P_2 56 56 0.5 0.5 0.5 1 1 1
0 P_2 57 57 0.5 0.5 0.5 1 1 1
0 P_2 58 58 0 0 0 1 1 1
0 P_2 59 59 0.5 0.5 0.5 1 1 1
0 P_2 60 60 0.3694445 0.38782051282051283 0.4045085 1 1 1
0 P_2 61 61 0.5 0.5 0.5 1 1 1
0 P_2 62 62 0.5 0.5 0.5 1 1 1
0 P_2 63 63 0.5 0.5 0.5 1 1 1
0 P_2 64 64 0.5 0.5 0.5 1 1 1
0 P_2 65 65 0.5 0.5 0.5 1 1 1
0 P_2 66 66 0 0 0 1 1 1
0 P_2 67 67 0.5 0.5 0.5 1 1 1
0 P_2 68 68 0 0 0 1 1 1
0 P_2 69 69 0.5 0.5 0.5 1 1 1
0 P_2 70 70 0.5 0.5 0.5 1 1 1
0 P_2 71 71 0.5 0.5 0.5 1 1 1
0 P_2 72 72 0.087371 0.10301507537688442 0.120353 1 1 1
0 P_2 73 73 0.5 0.5 0.5 1 1 1
0 P_2 74 74 0.5 0.5 0.5 1 1 1
0 P_2 75 75 0.5 0.5 0.5 1 1 1
0 P_2 76 76 0.5 0.5 0.5 1 1 1
0 P_2 77 77 0.5 0.5 0.5 1 1 1
0 P_2 78 78 0 0 0 1 1 1
0 P_2 79 79 0.5 0.5 0.5 1 1 1
0 P_2 80 80 0.5 0.5 0.5 1 1 1
0 P_2 81 81 0.5 0.5 0.5 1 1 1
0 P_2 82 82 0.5 0.5 0.5 1 1 1
0 P_2 83 83 0.5 0.5 0.5 1 1 1
0 P_2 84 84 0.5 0.5 0.5 1 1 1
0 P_2 85 85 0.5 0.5 0.5 1 1 1
0 P_2 86 86 0.5 0.5 0.5 1 1 1
0 P_2 87 87 0.5 0.5 0.5 1 1 1
0 P_2 88 88 0 0 0 1 1 1
0 P_2 89 89 0 0 0 1 1 1
0 P_2 90 90 0.5 0.5 0.5 1 1 1
0 P_2 91 91 0.5 0.5 0.5 1 1 1
0 P_2 92 92 0 0 0 1 1 1
0 P_2 93 93 0.5 0.5 0.5 1 1 1
0 P_2 94 94 0.5 0.5 0.5 1 1 1
0 P_2 95 95 0.5 0.5 0.5 1 1 1
0 P_2 96 96 0.5 0.5 0.5 1 1 1
0 P_2 97 97 0.5 0.5 0.5 1 1 1
0 P_2 98 98 0.5 0.5 0.5 1 1 1
0 P_2 99 99 0.5 0.5 0.5 1 1 1
0 P_2 100 100 0.5 0.5 0.5 1 1 1
0 P_2 101 101 0.5 0.5 0.5 1 1 1
0 P_2 102 102 0 0 0 1 1 1
0 P_2 103 103 0.5 0.5 0.5 1 1 1
0 P_2 104 104 0 0 0 1 1 1
0 P_2 105 105 0.5 0.5 0.5 1 1 1
1 P_6 0 0 0.3008365 0.3208502024291498 0.3400415 1 1 1
1 P_6 1 1 0.298669 0.3188331627430911 0.3381895 1 1 1
1 P_6 2 2 0.298512 0.3175985334555454 0.335974 1 1 1
1 P_6 3 3 0 0 0 1 1 1
1 P_6 4 4 0.302023 0.3215667311411992 0.3403165 1 1 1
1 P_6 5 5 0.3160265 0.33506616257088845 0.3531835 1 1 1
1 P_6 6 6 0.3096005 0.3296988577362409 0.3488485 1 1 1
1 P_6 7 7 0.2930405 0.31326530612244896 0.33275 1 1 1
1 P_6 8 8 0.309805 0.32938856015779094 0.348074 1 1 1
1 P_6 9 9 0.305328 0.32563025210084034 0.3450215 1 1 1
1 P_6 10 10 0.3049985 0.32482482482482483 0.3437925 1 1 1
1 P_6 11 11 0.5 0.5 0.5 1 1 1
1 P_6 12 12 0.147012 0.16537342386032977 0.184676 1 1 1
1 P_6 13 13 0.304521 0.32451678535096645 0.3436435 1 1 1
1 P_6 14 14 0.31923 0.33858267716535434 0.356935 1 1 1
1 P_6 15 15 0.084831 0.10040774719673802 0.117733 1 1 1
1 P_6 16 16 0.3049615 0.32437619961612285 0.342972 1 1 1
1 P_6 17 17 0.304751 0.32489669421487605 0.344155 1 1 1
1 P_6 18 18 0 0 0 1 1 1
1 P_6 19 19 0.2271345 0.24769230769230768 0.2682775 1 1 1
1 P_6 20 20 0.3205815 0.33988212180746563 0.35817 1 1 1
1 P_6 21 21 0.3146215 0.3345360824742268 0.3534515 1 1 1
1 P_6 22 22 0.5 0.5 0.5 1 1 1
1 P_6 23 23 0.3094815 0.3286252354048964 0.3469195 1 1 1
1 P_6 24 24 0.306819 0.3265407554671968 0.34539 1 1 1
1 P_6 25 25 0.3147205 0.3349256900212314 0.3540975 1 1 1
1 P_6 26 26 0 0 0 1 1 1
1 P_6 27 27 0.313628 0.33350409836065575 0.3523995 1 1 1
1 P_6 28 28 0.306401 0.32571428571428573 0.3442005 1 1 1
1 P_6 29 29 0.3071805 0.3265895953757225 0.3451525 1 1 1
1 P_6 30 30 0.0752445 0.08964525407478427 0.105809 1 1 1
1 P_6 31 31 0.5 0.5 0.5 1 1 1
1 P_6 32 32 0.073937 0.08868501529051988 0.1053185 1 1 1
1 P_6 33 33 0.5 0.5 0.5 1 1 1
1 P_6 34 34 0.2264155 0.24674022066198595 0.2671025 1 1 1
1 P_6 35 35 0.3138175 0.3338541666666667 0.352889 1 1 1
1 P_6 36 36 0 0 0 1 1 1
1 P_6 37 37 0.307104 0.32675222112537017 0.3455315 1 1 1
1 P_6 38 38 0.3015615 0.32139303482587067 0.3404095 1 1 1
1 P_6 39 39 0 0 0 1 1 1
1 P_6 40 40 0.313568 0.3331673306772908 0.3518165 1 1 1
1 P_6 41 41 0.321545 0.3410230692076229 0.359454 1 1 1
1 P_6 42 42 0 0 0 1 1 1
1 P_6 43 43 0.302385 0.32221115537848605 0.3412125 1 1 1
1 P_6 44 44 0.28821600000000003 0.30826693227091634 0.3276525 1 1 1
1 P_6 45 45 0.075517 0.09027081243731194 0.1068615 1 1 1
1 P_6 46 46 0.298705 0.3184494602551521 0.3374235 1 1 1
1 P_6 47 47 0.3022485 0.3227176220806794 0.342302 1 1 1
1 P_6 48 48 0 0 0 1 1 1
1 P_6 49 49 0.3028225 0.32221163012392756 0.3408115 1 1 1
1 P_6 50 50 0.302835 0.32284263959390863 0.3420025 1 1 1
1 P_6 51 51 0.3125495 0.33217131474103584 0.3508545 1 1 1
1 P_6 52 52 0.2986235 0.31873727087576376 0.3380485 1 1 1
1 P_6 53 53 0 0 0 1 1 1
1 P_6 54 54 0.3002315 0.3203684749232344 0.3396795 1 1 1
1 P_6 55 55 0.293134 0.3133265513733469 0.3327805 1 1 1
1 P_6 56 56 0.5 0.5 0.5 1 1 1
1 P_6 57 57 0.2981055 0.3182281059063136 0.337554 1 1 1
1 P_6 58 58 0 0 0 1 1 1
1 P_6 59 59 0.3089235 0.3290155440414508 0.3481685 1 1 1
1 P_6 60 60 0.2089555 0.22955974842767296 0.2504095 1 1 1
1 P_6 61 61 0.3093365 0.3292558613659531 0.3482485 1 1 1
1 P_6 62 62 0.307732 0.3276036400404449 0.3465755 1 1 1
1 P_6 63 63 0.3176615 0.3374233128834356 0.35616 1 1 1
1 P_6 64 64 0.302182 0.3225130890052356 0.3419735 1 1 1
1 P_6 65 65 0.2988385 0.3190721649484536 0.3384895 1 1 1
1 P_6 66 66 0 0 0 1 1 1
1 P_6 67 67 0.5 0.5 0.5 1 1 1
1 P_6 68 68 0.0772995 0.09218436873747494 0.1088825 1 1 1
1 P_6 69 69 0.3115745 0.33175604626708727 0.350952 1 1 1
1 P_6 70 70 0.2983815 0.3184584178498986 0.3377395 1 1 1
1 P_6 71 71 0.3194785 0.3386473429951691 0.3568335 1 1 1
1 P_6 72 72 0.0784415 0.09334657398212512 0.1100355 1 1 1
1 P_6 73 73 0.2973955 0.317279046673287 0.3363965 1 1 1
1 P_6 74 74 0.31922 0.33897435897435896 0.357682 1 1 1
1 P_6 75 75 0.3077185 0.3270893371757925 0.3456105 1 1 1
1 P_6 76 76 0.3106725 0.330603889457523 0.3495895 1 1 1
1 P_6 77 77 0.297667 0.3177664974619289 0.337077 1 1 1
1 P_6 78 78 0 0 0 1 1 1
1 P_6 79 79 0.308764 0.32861476238624876 0.347554 1 1 1
1 P_6 80 80 0.309128 0.32884231536926145 0.347654 1 1 1
1 P_6 81 81 0.299488 0.3193069306930693 0.3383385 1 1 1
1 P_6 82 82 0.3000535 0.3201219512195122 0.339373 1 1 1
1 P_6 83 83 0.313505 0.33368532206969376 0.3528525 1 1 1
1 P_6 84 84 0.2878335 0.3082901554404145 0.3280545 1 1 1
1 P_6 85 85 0.3144765 0.3341733870967742 0.352897 1 1 1
1 P_6 86 86 0.3028925 0.32270916334661354 0.3416955 1 1 1
1 P_6 87 87 0.3017955 0.3219037871033777 0.3411685 1 1 1
1 P_6 88 88 0.077008 0.09137769447047797 0.1074525 1 1 1
1 P_6 89 89 0.067613 0.08180894308943089 0.097965 1 1 1
1 P_6 90 90 0.3093645 0.3295099061522419 0.3487045 1 1 1
1 P_6 91 91 0.5 0.5 0.5 1 1 1
1 P_6 92 92 0 0 0 1 1 1
1 P_6 93 93 0.321897 0.3413173652694611 0.359693 1 1 1
1 P_6 94 94 0.31045 0.3300395256916996 0.348722 1 1 1
1 P_6 95 95 0.304043 0.32429614181439 0.343661 1 1 1
1 P_6 96 96 0.30166 0.3211538461538462 0.339863 1 1 1
1 P_6 97 97 0.3025115 0.3223552894211577 0.3413705 1 1 1
1 P_6 98 98 0.300571 0.320630081300813 0.339866 1 1 1
1 P_6 99 99 0.316647 0.3361469712015889 0.354666 1 1 1
1 P_6 100 100 0.3093675 0.32914572864321606 0.348012 1 1 1
1 P_6 101 101 0.3126355 0.3320350535540409 0.3505185 1 1 1
1 P_6 102 102 0 0 0 1 1 1
1 P_6 103 103 0.5 0.5 0.5 1 1 1
1 P_6 104 104 0 0 0 1 1 1
1 P_6 105 105 0.32119 0.3407258064516129 0.359213 1 1 1
