5 #m
43 #n
0 P_7 0 0 0 0 0 1 1 1
0 P_7 1 1 0.148579 0.22807017543859648 0.3117045 1 1 1
0 P_7 2 2 0 0 0 1 1 1
0 P_7 3 3 0 0 0 1 1 1
0 P_7 4 4 0.01210765 0.044444444444444446 0.124627 1 1 1
0 P_7 5 5 0 0 0 1 1 1
0 P_7 6 6 0 0 0 1 1 1
0 P_7 7 7 0.13485 0.2222222222222222 0.3161275 1 1 1
0 P_7 8 8 0.1001635 0.17708333333333334 0.2701565 1 1 1
0 P_7 9 9 0.041994 0.09782608695652174 0.188625 1 1 1
0 P_7 10 10 0 0 0 1 1 1
0 P_7 11 11 0.01499805 0.04807692307692308 0.1223645 1 1 1
0 P_7 12 12 0 0 0 1 1 1
0 P_7 13 13 0.0550965 0.11320754716981132 0.1989225 1 1 1
0 P_7 14 14 0 0 0 1 1 1
0 P_7 15 15 0 0 0 1 1 1
0 P_7 16 16 0.5 0.5 0.5 1 1 1
0 P_7 17 17 0.159742 0.25 0.340258 1 1 1
0 P_7 18 18 0 0 0 1 1 1
0 P_7 19 19 0.161021 0.2413793103448276 0.32334 1 1 1
0 P_7 20 20 0.0577225 0.12222222222222222 0.216718 1 1 1
0 P_7 21 21 0.0378634 0.0847457627118644 0.1617605 1 1 1
0 P_7 22 22 0.5 0.5 0.5 1 1 1
0 P_7 23 23 0 0 0 1 1 1
0 P_7 24 24 0 0 0 1 1 1
0 P_7 25 25 0 0 0 1 1 1
0 P_7 26 26 0 0 0 1 1 1
0 P_7 27 27 0 0 0 1 1 1
0 P_7 28 28 0.083357 0.1625 0.2645415 1 1 1
0 P_7 29 29 0 0 0 1 1 1
0 P_7 30 30 0 0 0 1 1 1
0 P_7 31 31 0.164626 0.25 0.335374 1 1 1
0 P_7 32 32 0 0 0 1 1 1
0 P_7 33 33 0.093811 0.16666666666666666 0.2569745 1 1 1
0 P_7 34 34 0.172475 0.26744186046511625 0.358132 1 1 1
0 P_7 35 35 0 0 0 1 1 1
0 P_7 36 36 0 0 0 1 1 1
0 P_7 37 37 0 0 0 1 1 1
0 P_7 38 38 0.120434 0.19811320754716982 0.286282 1 1 1
0 P_7 39 39 0 0 0 1 1 1
0 P_7 40 40 0.1343145 0.21875 0.3101115 1 1 1
0 P_7 41 41 0.17929 0.2717391304347826 0.3591775 1 1 1
0 P_7 42 42 0 0 0 1 1 1
1 P_3 0 0 0 0 0 1 1 1
1 P_3 1 1 0.2007985 0.28448275862068967 0.3617575 1 1 1
1 P_3 2 2 0 0 0 1 1 1
1 P_3 3 3 0 0 0 1 1 1
1 P_3 4 4 0 0 0 1 1 1
1 P_3 5 5 0 0 0 1 1 1
1 P_3 6 6 0 0 0 1 1 1
1 P_3 7 7 0.209066 0.29464285714285715 0.3716455 1 1 1
1 P_3 8 8 0 0 0 1 1 1
1 P_3 9 9 0 0 0 1 1 1
1 P_3 10 10 0 0 0 1 1 1
1 P_3 11 11 0 0 0 1 1 1
1 P_3 12 12 0 0 0 1 1 1
1 P_3 13 13 0 0 0 1 1 1
1 P_3 14 14 0 0 0 1 1 1
1 P_3 15 15 0 0 0 1 1 1
1 P_3 16 16 0.5 0.5 0.5 1 1 1
1 P_3 17 17 0.11416 0.1864406779661017 0.2703455 1 1 1
1 P_3 18 18 0 0 0 1 1 1
1 P_3 19 19 0.144323 0.23333333333333334 0.3262635 1 1 1
1 P_3 20 20 0 0 0 1 1 1
1 P_3 21 21 0 0 0 1 1 1
1 P_3 22 22 0.5 0.5 0.5 1 1 1
1 P_3 23 23 0 0 0 1 1 1
1 P_3 24 24 0.1611395 0.24528301886792453 0.3303805 1 1 1
1 P_3 25 25 0 0 0 1 1 1
1 P_3 26 26 0.148006 0.23863636363636365 0.331995 1 1 1
1 P_3 27 27 0.145664 0.23809523809523808 0.3335095 1 1 1
1 P_3 28 28 0 0 0 1 1 1
1 P_3 29 29 0 0 0 1 1 1
1 P_3 30 30 0 0 0 1 1 1
1 P_3 31 31 0.21051 0.30952380952380953 0.39363 1 1 1
1 P_3 32 32 0 0 0 1 1 1
1 P_3 33 33 0 0 0 1 1 1
1 P_3 34 34 0.0989065 0.16964285714285715 0.255807 1 1 1
1 P_3 35 35 0 0 0 1 1 1
1 P_3 36 36 0.219032 0.31 0.3881655 1 1 1
1 P_3 37 37 0 0 0 1 1 1
1 P_3 38 38 0 0 0 1 1 1
1 P_3 39 39 0 0 0 1 1 1
1 P_3 40 40 0.2298435 0.3229166666666667 0.3998365 1 1 1
1 P_3 41 41 0.184615 0.2672413793103448 0.346663 1 1 1
1 P_3 42 42 0 0 0 1 1 1
2 P_4 0 0 0 0 0 1 1 1
2 P_4 1 1 0.03229925 0.08 0.163832 1 1 1
2 P_4 2 2 0 0 0 1 1 1
2 P_4 3 3 0 0 0 1 1 1
2 P_4 4 4 0 0 0 1 1 1
2 P_4 5 5 0 0 0 1 1 1
2 P_4 6 6 0.03157525 0.08333333333333333 0.176658 1 1 1
2 P_4 7 7 0 0 0 1 1 1
2 P_4 8 8 0.243672 0.3409090909090909 0.416337 1 1 1
2 P_4 9 9 0 0 0 1 1 1
2 P_4 10 10 0 0 0 1 1 1
2 P_4 11 11 0 0 0 1 1 1
2 P_4 12 12 0 0 0 1 1 1
2 P_4 13 13 0 0 0 1 1 1
2 P_4 14 14 0 0 0 1 1 1
2 P_4 15 15 0 0 0 1 1 1
2 P_4 16 16 0.5 0.5 0.5 1 1 1
2 P_4 17 17 0.3454465 0.42857142857142855 0.473063 1 1 1
2 P_4 18 18 0 0 0 1 1 1
2 P_4 19 19 0.3389835 0.4215686274509804 0.4683545 1 1 1
2 P_4 20 20 0.3192905 0.40384615384615385 0.4568305 1 1 1
2 P_4 21 21 0 0 0 1 1 1
2 P_4 22 22 0.5 0.5 0.5 1 1 1
2 P_4 23 23 0.03229925 0.08 0.163832 1 1 1
2 P_4 24 24 0 0 0 1 1 1
2 P_4 25 25 0 0 0 1 1 1
2 P_4 26 26 0 0 0 1 1 1
2 P_4 27 27 0 0 0 1 1 1
2 P_4 28 28 0.3739135 0.44642857142857145 0.4814715 1 1 1
2 P_4 29 29 0 0 0 1 1 1
2 P_4 30 30 0 0 0 1 1 1
2 P_4 31 31 0.03298055 0.08163265306122448 0.166747 1 1 1
2 P_4 32 32 0 0 0 1 1 1
2 P_4 33 33 0.3540495 0.4298245614035088 0.47178 1 1 1
2 P_4 34 34 0.3811635 0.4634146341463415 0.491766 1 1 1
2 P_4 35 35 0 0 0 1 1 1
2 P_4 36 36 0 0 0 1 1 1
2 P_4 37 37 0 0 0 1 1 1
2 P_4 38 38 0.343531 0.42105263157894735 0.466379 1 1 1
2 P_4 39 39 0 0 0 1 1 1
2 P_4 40 40 0.01727105 0.05 0.1184895 1 1 1
2 P_4 41 41 0.0080369 0.03571428571428571 0.11633 1 1 1
2 P_4 42 42 0.0216869 0.0625 0.144607 1 1 1
3 P_1 0 0 0 0.011904761904761904 0 1 1 1
3 P_1 1 1 0.01330385 0.04878048780487805 0.1352745 1 1 1
3 P_1 2 2 0.145479 0.23 0.31879 1 1 1
3 P_1 3 3 0 0 0 1 1 1
3 P_1 4 4 0.145664 0.23809523809523808 0.3335095 1 1 1
3 P_1 5 5 0.0506075 0.10784313725490197 0.194799 1 1 1
3 P_1 6 6 0 0 0 1 1 1
3 P_1 7 7 0.05737 0.11764705882352941 0.2056065 1 1 1
3 P_1 8 8 0 0 0 1 1 1
3 P_1 9 9 0.175594 0.25892857142857145 0.340548 1 1 1
3 P_1 10 10 0.0216869 0.0625 0.144607 1 1 1
3 P_1 11 11 0 0 0 1 1 1
3 P_1 12 12 0.15084 0.23529411764705882 0.32283 1 1 1
3 P_1 13 13 0.1343145 0.21875 0.3101115 1 1 1
3 P_1 14 14 0.04906695 0.10869565217391304 0.200814 1 1 1
3 P_1 15 15 0 0 0 1 1 1
3 P_1 16 16 0.5 0.5 0.5 1 1 1
3 P_1 17 17 0.305201 0.39215686274509803 0.4493925 1 1 1
3 P_1 18 18 0.02010285 0.0641025641025641 0.157561 1 1 1
3 P_1 19 19 0.33027 0.42045454545454547 0.4699055 1 1 1
3 P_1 20 20 0 0 0 1 1 1
3 P_1 21 21 0 0 0 1 1 1
3 P_1 22 22 0.5 0.5 0.5 1 1 1
3 P_1 23 23 0 0 0 1 1 1
3 P_1 24 24 0 0 0 1 1 1
3 P_1 25 25 0.112641 0.18867924528301888 0.277113 1 1 1
3 P_1 26 26 0 0 0 1 1 1
3 P_1 27 27 0.0986675 0.17777777777777778 0.273867 1 1 1
3 P_1 28 28 0 0 0 1 1 1
3 P_1 29 29 0.0941285 0.1702127659574468 0.264317 1 1 1
3 P_1 30 30 0.192661 0.27586206896551724 0.354256 1 1 1
3 P_1 31 31 0.01959875 0.05660377358490566 0.1324515 1 1 1
3 P_1 32 32 0.1545995 0.23636363636363636 0.3207915 1 1 1
3 P_1 33 33 0 0 0 1 1 1
3 P_1 34 34 0.3454465 0.42857142857142855 0.473063 1 1 1
3 P_1 35 35 0 0 0 1 1 1
3 P_1 36 36 0.1094475 0.18627450980392157 0.276451 1 1 1
3 P_1 37 37 0.0173733 0.05555555555555555 0.1391125 1 1 1
3 P_1 38 38 0 0 0 1 1 1
3 P_1 39 39 0.107449 0.18888888888888888 0.2846975 1 1 1
3 P_1 40 40 0.01560765 0.05 0.126726 1 1 1
3 P_1 41 41 0.01319445 0.0423728813559322 0.1091995 1 1 1
3 P_1 42 42 0 0 0 1 1 1
4 P_6 0 0 0 0 0 1 1 1
4 P_6 1 1 0.0748605 0.1349206349206349 0.214755 1 1 1
4 P_6 2 2 0.1502035 0.2391304347826087 0.3305625 1 1 1
4 P_6 3 3 0 0 0 1 1 1
4 P_6 4 4 0.1408225 0.22826086956521738 0.32071 1 1 1
4 P_6 5 5 0 0 0 1 1 1
4 P_6 6 6 0 0 0 1 1 1
4 P_6 7 7 0.0879635 0.16666666666666666 0.266233 1 1 1
4 P_6 8 8 0.0551775 0.11016949152542373 0.1906925 1 1 1
4 P_6 9 9 0.219032 0.31 0.3881655 1 1 1
4 P_6 10 10 0 0 0 1 1 1
4 P_6 11 11 0.064717 0.125 0.2092585 1 1 1
4 P_6 12 12 0.190466 0.28 0.363131 1 1 1
4 P_6 13 13 0.1415515 0.2222222222222222 0.3084125 1 1 1
4 P_6 14 14 0 0 0 1 1 1
4 P_6 15 15 0 0 0 1 1 1
4 P_6 16 16 0.5 0.5 0.5 1 1 1
4 P_6 17 17 0.2908835 0.38 0.4414215 1 1 1
4 P_6 18 18 0 0 0 1 1 1
4 P_6 19 19 0.299186 0.391304347826087 0.450933 1 1 1
4 P_6 20 20 0.0687215 0.13953488372093023 0.237398 1 1 1
4 P_6 21 21 0.047671 0.10185185185185185 0.185398 1 1 1
4 P_6 22 22 0.5 0.5 0.5 1 1 1
4 P_6 23 23 0 0 0 1 1 1
4 P_6 24 24 0 0 0 1 1 1
4 P_6 25 25 0 0 0 1 1 1
4 P_6 26 26 0 0 0 1 1 1
4 P_6 27 27 0 0 0 1 1 1
4 P_6 28 28 0.0263206 0.06557377049180328 0.13737 1 1 1
4 P_6 29 29 0 0 0 1 1 1
4 P_6 30 30 0.233767 0.3333333333333333 0.41203650000000003 1 1 1
4 P_6 31 31 0.091821 0.16071428571428573 0.246747 1 1 1
4 P_6 32 32 0.171146 0.2682926829268293 0.360755 1 1 1
4 P_6 33 33 0.0674655 0.1271186440677966 0.2092215 1 1 1
4 P_6 34 34 0.271415 0.36666666666666664 0.4345195 1 1 1
4 P_6 35 35 0 0 0 1 1 1
4 P_6 36 36 0 0 0 1 1 1
4 P_6 37 37 0 0 0 1 1 1
4 P_6 38 38 0.0502105 0.1111111111111111 0.2045995 1 1 1
4 P_6 39 39 0.1399715 0.22448979591836735 0.314555 1 1 1
4 P_6 40 40 0.0832645 0.14912280701754385 0.2340245 1 1 1
4 P_6 41 41 0.087962 0.16304347826086957 0.258154 1 1 1
4 P_6 42 42 0 0 0 1 1 1
