2 #m
421 #n
0 P_9 0 0 0 0 0 1 1 1
0 P_9 1 1 0.5 0.5 0.5 1 1 1
0 P_9 2 2 0 0 0 1 1 1
0 P_9 3 3 0 0 0 1 1 1
0 P_9 4 4 0 0 0 1 1 1
0 P_9 5 5 0 0 0 1 1 1
0 P_9 6 6 0 0 0 1 1 1
0 P_9 7 7 0 0 0 1 1 1
0 P_9 8 8 0.3052765 0.3249506903353057 0.343777 1 1 1
0 P_9 9 9 0.330348 0.3496468213925328 0.3677925 1 1 1
0 P_9 10 10 0 0 0 1 1 1
0 P_9 11 11 0 0 0 1 1 1
0 P_9 12 12 0 0 0 1 1 1
0 P_9 13 13 0.3213445 0.3409552845528455 0.359506 1 1 1
0 P_9 14 14 0 0 0 1 1 1
0 P_9 15 15 0.322212 0.34181078331637843 0.3603385 1 1 1
0 P_9 16 16 0 0 0 1 1 1
0 P_9 17 17 0.5 0.5 0.5 1 1 1
0 P_9 18 18 0.313719 0.333502538071066 0.352314 1 1 1
0 P_9 19 19 0 0 0 1 1 1
0 P_9 20 20 0.1351775 0.153420523138833 0.172778 1 1 1
0 P_9 21 21 0.144785 0.16346153846153846 0.1831425 1 1 1
0 P_9 22 22 0.1432555 0.16180904522613065 0.181379 1 1 1
0 P_9 23 23 0.141031 0.1595744680851064 0.1791685 1 1 1
0 P_9 24 24 0 0 0 1 1 1
0 P_9 25 25 0.1308755 0.1488095238095238 0.167895 1 1 1
0 P_9 26 26 0 0 0 1 1 1
0 P_9 27 27 0 0 0 1 1 1
0 P_9 28 28 0 0 0 1 1 1
0 P_9 29 29 0.5 0.5 0.5 1 1 1
0 P_9 30 30 0 0 0 1 1 1
0 P_9 31 31 0 0 0 1 1 1
0 P_9 32 32 0 0 0 1 1 1
0 P_9 33 33 0.142961 0.16148445336008024 0.181026 1 1 1
0 P_9 34 34 0 0 0 1 1 1
0 P_9 35 35 0.303589 0.32338308457711445 0.3423395 1 1 1
0 P_9 36 36 0 0 0 1 1 1
0 P_9 37 37 0.1486155 0.1675178753830439 0.1873865 1 1 1
0 P_9 38 38 0 0 0 1 1 1
0 P_9 39 39 0.317216 0.3368686868686869 0.355515 1 1 1
0 P_9 40 40 0 0 0 1 1 1
0 P_9 41 41 0 0 0 1 1 1
0 P_9 42 42 0 0 0 1 1 1
0 P_9 43 43 0 0 0 1 1 1
0 P_9 44 44 0 0 0 1 1 1
0 P_9 45 45 0 0 0 1 1 1
0 P_9 46 46 0 0 0 1 1 1
0 P_9 47 47 0 0 0 1 1 1
0 P_9 48 48 0.147043 0.1658215010141988 0.185579 1 1 1
0 P_9 49 49 0 0 0 1 1 1
0 P_9 50 50 0.3330325 0.3526927138331573 0.3711095 1 1 1
0 P_9 51 51 0 0 0 1 1 1
0 P_9 52 52 0.1511365 0.1700404858299595 0.1898725 1 1 1
0 P_9 53 53 0.3329945 0.3520916334661355 0.3700225 1 1 1
0 P_9 54 54 0.3145605 0.3338150289017341 0.3521435 1 1 1
0 P_9 55 55 0 0 0 1 1 1
0 P_9 56 56 0 0 0 1 1 1
0 P_9 57 57 0 0 0 1 1 1
0 P_9 58 58 0.328502 0.34763313609467456 0.36566 1 1 1
0 P_9 59 59 0 0 0 1 1 1
0 P_9 60 60 0 0 0 1 1 1
0 P_9 61 61 0.5 0.5 0.5 1 1 1
0 P_9 62 62 0 0 0 1 1 1
0 P_9 63 63 0.1316095 0.15026737967914439 0.170148 1 1 1
0 P_9 64 64 0.5 0.5 0.5 1 1 1
0 P_9 65 65 0.5 0.5 0.5 1 1 1
0 P_9 66 66 0.5 0.5 0.5 1 1 1
0 P_9 67 67 0.5 0.5 0.5 1 1 1
0 P_9 68 68 0 0 0 1 1 1
0 P_9 69 69 0 0 0 1 1 1
0 P_9 70 70 0 0 0 1 1 1
0 P_9 71 71 0.147692 0.1661764705882353 0.1856035 1 1 1
0 P_9 72 72 0 0 0 1 1 1
0 P_9 73 73 0 0 0 1 1 1
0 P_9 74 74 0 0 0 1 1 1
0 P_9 75 75 0 0 0 1 1 1
0 P_9 76 76 0 0 0 1 1 1
0 P_9 77 77 0 0 0 1 1 1
0 P_9 78 78 0.317971 0.33779608650875387 0.3565845 1 1 1
0 P_9 79 79 0 0 0 1 1 1
0 P_9 80 80 0.1410255 0.1592920353982301 0.1785815 1 1 1
0 P_9 81 81 0.141565 0.1601010101010101 0.179678 1 1 1
0 P_9 82 82 0.5 0.5 0.5 1 1 1
0 P_9 83 83 0.5 0.5 0.5 1 1 1
0 P_9 84 84 0.151125 0.16979269496544916 0.1893685 1 1 1
0 P_9 85 85 0.146011 0.16439024390243903 0.1837275 1 1 1
0 P_9 86 86 0.3157365 0.3353353353353353 0.3539545 1 1 1
0 P_9 87 87 0.3160385 0.3352601156069364 0.3535395 1 1 1
0 P_9 88 88 0 0 0 1 1 1
0 P_9 89 89 0.136854 0.15544041450777202 0.1751505 1 1 1
0 P_9 90 90 0.137368 0.15528846153846154 0.1742535 1 1 1
0 P_9 91 91 0.310684 0.3304742684157417 0.3493335 1 1 1
0 P_9 92 92 0 0 0 1 1 1
0 P_9 93 93 0.142363 0.16044061302681992 0.179502 1 1 1
0 P_9 94 94 0.1511545 0.17003027245206861 0.1898315 1 1 1
0 P_9 95 95 0 0 0 1 1 1
0 P_9 96 96 0 0 0 1 1 1
0 P_9 97 97 0 0 0 1 1 1
0 P_9 98 98 0 0 0 1 1 1
0 P_9 99 99 0.1307905 0.14921465968586387 0.168849 1 1 1
0 P_9 100 100 0.1480165 0.1665034280117532 0.185928 1 1 1
0 P_9 101 101 0.5 0.5 0.5 1 1 1
0 P_9 102 102 0 0 0 1 1 1
0 P_9 103 103 0 0 0 1 1 1
0 P_9 104 104 0 0 0 1 1 1
0 P_9 105 105 0 0 0 1 1 1
0 P_9 106 106 0 0 0 1 1 1
0 P_9 107 107 0.5 0.5 0.5 1 1 1
0 P_9 108 108 0 0 0 1 1 1
0 P_9 109 109 0.5 0.5 0.5 1 1 1
0 P_9 110 110 0.5 0.5 0.5 1 1 1
0 P_9 111 111 0.3309415 0.3496669838249286 0.3673045 1 1 1
0 P_9 112 112 0 0 0 1 1 1
0 P_9 113 113 0 0 0 1 1 1
0 P_9 114 114 0 0 0 1 1 1
0 P_9 115 115 0 0 0 1 1 1
0 P_9 116 116 0 0 0 1 1 1
0 P_9 117 117 0 0 0 1 1 1
0 P_9 118 118 0.147041 0.16552062868369352 0.184952 1 1 1
0 P_9 119 119 0 0 0 1 1 1
0 P_9 120 120 0 0 0 1 1 1
0 P_9 121 121 0.3073855 0.3269607843137255 0.3456705 1 1 1
0 P_9 122 122 0 0 0 1 1 1
0 P_9 123 123 0.1455965 0.16417165668662675 0.183729 1 1 1
0 P_9 124 124 0 0 0 1 1 1
0 P_9 125 125 0 0 0 1 1 1
0 P_9 126 126 0.145075 0.1641949152542373 0.184357 1 1 1
0 P_9 127 127 0.313898 0.33349950149551344 0.3521465 1 1 1
0 P_9 128 128 0.3092365 0.3291075050709939 0.3480585 1 1 1
0 P_9 129 129 0.3220595 0.3415245737211635 0.3599365 1 1 1
0 P_9 130 130 0 0 0 1 1 1
0 P_9 131 131 0 0 0 1 1 1
0 P_9 132 132 0 0 0 1 1 1
0 P_9 133 133 0 0 0 1 1 1
0 P_9 134 134 0.3134425 0.3333333333333333 0.352244 1 1 1
0 P_9 135 135 0 0 0 1 1 1
0 P_9 136 136 0 0 0 1 1 1
0 P_9 137 137 0.3213985 0.34077380952380953 0.3591165 1 1 1
0 P_9 138 138 0.5 0.5 0.5 1 1 1
0 P_9 139 139 0.1470415 0.1653771760154739 0.1846515 1 1 1
0 P_9 140 140 0 0 0 1 1 1
0 P_9 141 141 0.5 0.5 0.5 1 1 1
0 P_9 142 142 0.3215515 0.341 0.359405 1 1 1
0 P_9 143 143 0 0 0 1 1 1
0 P_9 144 144 0 0 0 1 1 1
0 P_9 145 145 0.1484095 0.16717019133937563 0.1868875 1 1 1
0 P_9 146 146 0 0 0 1 1 1
0 P_9 147 147 0 0 0 1 1 1
0 P_9 148 148 0.321038 0.341227125941873 0.3602905 1 1 1
0 P_9 149 149 0.1389205 0.1572139303482587 0.176566 1 1 1
0 P_9 150 150 0.5 0.5 0.5 1 1 1
0 P_9 151 151 0.5 0.5 0.5 1 1 1
0 P_9 152 152 0.1371695 0.15546639919759278 0.174851 1 1 1
0 P_9 153 153 0 0 0 1 1 1
0 P_9 154 154 0.323772 0.3428709990300679 0.3609365 1 1 1
0 P_9 155 155 0.5 0.5 0.5 1 1 1
0 P_9 156 156 0.331918 0.35099009900990097 0.3689155 1 1 1
0 P_9 157 157 0 0 0 1 1 1
0 P_9 158 158 0 0 0 1 1 1
0 P_9 159 159 0 0 0 1 1 1
0 P_9 160 160 0 0 0 1 1 1
0 P_9 161 161 0.5 0.5 0.5 1 1 1
0 P_9 162 162 0 0 0 1 1 1
0 P_9 163 163 0 0 0 1 1 1
0 P_9 164 164 0 0 0 1 1 1
0 P_9 165 165 0 0 0 1 1 1
0 P_9 166 166 0.32859 0.3485499462943072 0.3672965 1 1 1
0 P_9 167 167 0 0 0 1 1 1
0 P_9 168 168 0 0 0 1 1 1
0 P_9 169 169 0 0 0 1 1 1
0 P_9 170 170 0 0 0 1 1 1
0 P_9 171 171 0.5 0.5 0.5 1 1 1
0 P_9 172 172 0.158617 0.17754698318496537 0.197299 1 1 1
0 P_9 173 173 0.5 0.5 0.5 1 1 1
0 P_9 174 174 0.302842 0.32301341589267285 0.342321 1 1 1
0 P_9 175 175 0 0 0 1 1 1
0 P_9 176 176 0.148689 0.16715399610136453 0.186545 1 1 1
0 P_9 177 177 0 0 0 1 1 1
0 P_9 178 178 0.319163 0.3386613386613387 0.3571435 1 1 1
0 P_9 179 179 0 0 0 1 1 1
0 P_9 180 180 0.3158445 0.3355196770938446 0.354205 1 1 1
0 P_9 181 181 0.3130515 0.3323671497584541 0.35077 1 1 1
0 P_9 182 182 0.134781 0.15317622950819673 0.172709 1 1 1
0 P_9 183 183 0.1288635 0.14654333008763387 0.1653785 1 1 1
0 P_9 184 184 0 0 0 1 1 1
0 P_9 185 185 0.5 0.5 0.5 1 1 1
0 P_9 186 186 0 0 0 1 1 1
0 P_9 187 187 0.31570549999999997 0.3343949044585987 0.352203 1 1 1
0 P_9 188 188 0.3275465 0.34684684684684686 0.3650355 1 1 1
0 P_9 189 189 0 0 0 1 1 1
0 P_9 190 190 0 0 0 1 1 1
0 P_9 191 191 0.1438975 0.16236345580933464 0.1818275 1 1 1
0 P_9 192 192 0.142019 0.16069600818833163 0.180421 1 1 1
0 P_9 193 193 0 0 0 1 1 1
0 P_9 194 194 0 0 0 1 1 1
0 P_9 195 195 0.1335865 0.15201654601861428 0.1716085 1 1 1
0 P_9 196 196 0 0 0 1 1 1
0 P_9 197 197 0 0 0 1 1 1
0 P_9 198 198 0.3270425 0.3463855421686747 0.364619 1 1 1
0 P_9 199 199 0 0 0 1 1 1
0 P_9 200 200 0.1400375 0.158203125 0.177397 1 1 1
0 P_9 201 201 0.5 0.5 0.5 1 1 1
0 P_9 202 202 0.5 0.5 0.5 1 1 1
0 P_9 203 203 0 0 0 1 1 1
0 P_9 204 204 0 0 0 1 1 1
0 P_9 205 205 0 0 0 1 1 1
0 P_9 206 206 0.3253355 0.3447927199191102 0.363151 1 1 1
0 P_9 207 207 0 0 0 1 1 1
0 P_9 208 208 0.3236045 0.34288537549407117 0.361114 1 1 1
0 P_9 209 209 0.321067 0.34112646121147716 0.360076 1 1 1
0 P_9 210 210 0.3355615 0.3545816733067729 0.372407 1 1 1
0 P_9 211 211 0.140157 0.15861027190332327 0.1781185 1 1 1
0 P_9 212 212 0 0 0 1 1 1
0 P_9 213 213 0 0 0 1 1 1
0 P_9 214 214 0 0 0 1 1 1
0 P_9 215 215 0 0 0 1 1 1
0 P_9 216 216 0.3251445 0.3445 0.362772 1 1 1
0 P_9 217 217 0 0 0 1 1 1
0 P_9 218 218 0.5 0.5 0.5 1 1 1
0 P_9 219 219 0 0 0 1 1 1
0 P_9 220 220 0 0 0 1 1 1
0 P_9 221 221 0 0 0 1 1 1
0 P_9 222 222 0.1395285 0.1579476861167002 0.1774285 1 1 1
0 P_9 223 223 0 0 0 1 1 1
0 P_9 224 224 0.3237775 0.34327603640040444 0.361693 1 1 1
0 P_9 225 225 0.3253885 0.34419263456090654 0.3619765 1 1 1
0 P_9 226 226 0 0 0 1 1 1
0 P_9 227 227 0 0 0 1 1 1
0 P_9 228 228 0.1367125 0.15552016985138004 0.1754775 1 1 1
0 P_9 229 229 0.5 0.5 0.5 1 1 1
0 P_9 230 230 0.5 0.5 0.5 1 1 1
0 P_9 231 231 0 0 0 1 1 1
0 P_9 232 232 0 0 0 1 1 1
0 P_9 233 233 0 0 0 1 1 1
0 P_9 234 234 0 0 0 1 1 1
0 P_9 235 235 0 0 0 1 1 1
0 P_9 236 236 0 0 0 1 1 1
0 P_9 237 237 0 0 0 1 1 1
0 P_9 238 238 0 0 0 1 1 1
0 P_9 239 239 0 0 0 1 1 1
0 P_9 240 240 0 0 0 1 1 1
0 P_9 241 241 0 0 0 1 1 1
0 P_9 242 242 0 0 0 1 1 1
0 P_9 243 243 0.150074 0.16905737704918034 0.1889915 1 1 1
0 P_9 244 244 0 0 0 1 1 1
0 P_9 245 245 0.3161815 0.33585858585858586 0.354541 1 1 1
0 P_9 246 246 0 0 0 1 1 1
0 P_9 247 247 0.144785 0.16346153846153846 0.1831425 1 1 1
0 P_9 248 248 0.320603 0.3393686165273909 0.3571825 1 1 1
0 P_9 249 249 0.303641 0.3233267716535433 0.342185 1 1 1
0 P_9 250 250 0.3249965 0.3445121951219512 0.3629265 1 1 1
0 P_9 251 251 0 0 0 1 1 1
0 P_9 252 252 0 0 0 1 1 1
0 P_9 253 253 0.1337975 0.15195586760280844 0.171242 1 1 1
0 P_9 254 254 0.321753 0.3410433070866142 0.359306 1 1 1
0 P_9 255 255 0 0 0 1 1 1
0 P_9 256 256 0.5 0.5 0.5 1 1 1
0 P_9 257 257 0 0 0 1 1 1
0 P_9 258 258 0.328546 0.34776119402985073 0.365861 1 1 1
0 P_9 259 259 0 0 0 1 1 1
0 P_9 260 260 0 0 0 1 1 1
0 P_9 261 261 0 0 0 1 1 1
0 P_9 262 262 0 0 0 1 1 1
0 P_9 263 263 0 0 0 1 1 1
0 P_9 264 264 0 0 0 1 1 1
0 P_9 265 265 0 0 0 1 1 1
0 P_9 266 266 0.322454 0.34152215799614644 0.359579 1 1 1
0 P_9 267 267 0.1463365 0.1651376146788991 0.1849305 1 1 1
0 P_9 268 268 0.13448 0.1525844930417495 0.1717995 1 1 1
0 P_9 269 269 0 0 0 1 1 1
0 P_9 270 270 0 0 0 1 1 1
0 P_9 271 271 0 0 0 1 1 1
0 P_9 272 272 0.5 0.5 0.5 1 1 1
0 P_9 273 273 0.3218505 0.3415384615384615 0.36015 1 1 1
0 P_9 274 274 0 0 0 1 1 1
0 P_9 275 275 0.5 0.5 0.5 1 1 1
0 P_9 276 276 0.3157495 0.33512720156555775 0.3535495 1 1 1
0 P_9 277 277 0 0 0 1 1 1
0 P_9 278 278 0.3247075 0.3446808510638298 0.3634995 1 1 1
0 P_9 279 279 0 0 0 1 1 1
0 P_9 280 280 0.5 0.5 0.5 1 1 1
0 P_9 281 281 0.3223945 0.3419191919191919 0.360379 1 1 1
0 P_9 282 282 0.311077 0.33043478260869563 0.3489015 1 1 1
0 P_9 283 283 0.1472015 0.16615067079463364 0.186092 1 1 1
0 P_9 284 284 0 0 0 1 1 1
0 P_9 285 285 0.1359885 0.15419161676646706 0.1734915 1 1 1
0 P_9 286 286 0.327934 0.3473205257836198 0.3655785 1 1 1
0 P_9 287 287 0 0 0 1 1 1
0 P_9 288 288 0.135794 0.15436590436590436 0.1740775 1 1 1
0 P_9 289 289 0.3083065 0.3287086446104589 0.348148 1 1 1
0 P_9 290 290 0 0 0 1 1 1
0 P_9 291 291 0 0 0 1 1 1
0 P_9 292 292 0 0 0 1 1 1
0 P_9 293 293 0 0 0 1 1 1
0 P_9 294 294 0 0 0 1 1 1
0 P_9 295 295 0 0 0 1 1 1
0 P_9 296 296 0.5 0.5 0.5 1 1 1
0 P_9 297 297 0 0 0 1 1 1
0 P_9 298 298 0 0 0 1 1 1
0 P_9 299 299 0 0 0 1 1 1
0 P_9 300 300 0.320773 0.34057971014492755 0.359311 1 1 1
0 P_9 301 301 0.5 0.5 0.5 1 1 1
0 P_9 302 302 0 0 0 1 1 1
0 P_9 303 303 0.5 0.5 0.5 1 1 1
0 P_9 304 304 0 0 0 1 1 1
0 P_9 305 305 0 0 0 1 1 1
0 P_9 306 306 0 0 0 1 1 1
0 P_9 307 307 0.316383 0.33601609657947684 0.3546565 1 1 1
0 P_9 308 308 0 0 0 1 1 1
0 P_9 309 309 0 0 0 1 1 1
0 P_9 310 310 0 0 0 1 1 1
0 P_9 311 311 0 0 0 1 1 1
0 P_9 312 312 0.3349225 0.354 0.371885 1 1 1
0 P_9 313 313 0 0 0 1 1 1
0 P_9 314 314 0 0 0 1 1 1
0 P_9 315 315 0 0 0 1 1 1
0 P_9 316 316 0 0 0 1 1 1
0 P_9 317 317 0 0 0 1 1 1
0 P_9 318 318 0 0 0 1 1 1
0 P_9 319 319 0 0 0 1 1 1
0 P_9 320 320 0.322562 0.34213197969543147 0.360629 1 1 1
0 P_9 321 321 0 0 0 1 1 1
0 P_9 322 322 0.30594 0.3253358925143954 0.3439025 1 1 1
0 P_9 323 323 0.318095 0.3371320037986705 0.35522 1 1 1
0 P_9 324 324 0.144597 0.16316316316316315 0.182726 1 1 1
0 P_9 325 325 0 0 0 1 1 1
0 P_9 326 326 0 0 0 1 1 1
0 P_9 327 327 0 0 0 1 1 1
0 P_9 328 328 0 0 0 1 1 1
0 P_9 329 329 0.5 0.5 0.5 1 1 1
0 P_9 330 330 0 0 0 1 1 1
0 P_9 331 331 0 0 0 1 1 1
0 P_9 332 332 0.318686 0.33752327746741156 0.3554255 1 1 1
0 P_9 333 333 0.311569 0.33146067415730335 0.350398 1 1 1
0 P_9 334 334 0 0 0 1 1 1
0 P_9 335 335 0 0 0 1 1 1
0 P_9 336 336 0 0 0 1 1 1
0 P_9 337 337 0 0 0 1 1 1
0 P_9 338 338 0 0 0 1 1 1
0 P_9 339 339 0.315299 0.3346303501945525 0.3530175 1 1 1
0 P_9 340 340 0 0 0 1 1 1
0 P_9 341 341 0 0 0 1 1 1
0 P_9 342 342 0 0 0 1 1 1
0 P_9 343 343 0 0 0 1 1 1
0 P_9 344 344 0 0 0 1 1 1
0 P_9 345 345 0.144634 0.1631736526946108 0.182707 1 1 1
0 P_9 346 346 0.3088425 0.32841691248770893 0.347107 1 1 1
0 P_9 347 347 0 0 0 1 1 1
0 P_9 348 348 0 0 0 1 1 1
0 P_9 349 349 0 0 0 1 1 1
0 P_9 350 350 0.3186195 0.3385416666666667 0.3574065 1 1 1
0 P_9 351 351 0.5 0.5 0.5 1 1 1
0 P_9 352 352 0 0 0 1 1 1
0 P_9 353 353 0 0 0 1 1 1
0 P_9 354 354 0.3183315 0.33781094527363187 0.3562885 1 1 1
0 P_9 355 355 0 0 0 1 1 1
0 P_9 356 356 0.140739 0.15954118873826903 0.179425 1 1 1
0 P_9 357 357 0.3232555 0.34285714285714286 0.361372 1 1 1
0 P_9 358 358 0 0 0 1 1 1
0 P_9 359 359 0 0 0 1 1 1
0 P_9 360 360 0 0 0 1 1 1
0 P_9 361 361 0 0 0 1 1 1
0 P_9 362 362 0.329823 0.34861509073543456 0.366327 1 1 1
0 P_9 363 363 0.323942 0.3431952662721893 0.3613945 1 1 1
0 P_9 364 364 0 0 0 1 1 1
0 P_9 365 365 0.1465285 0.16516516516516516 0.184776 1 1 1
0 P_9 366 366 0.1312705 0.14881516587677726 0.16746 1 1 1
0 P_9 367 367 0 0 0 1 1 1
0 P_9 368 368 0 0 0 1 1 1
0 P_9 369 369 0.5 0.5 0.5 1 1 1
0 P_9 370 370 0 0 0 1 1 1
0 P_9 371 371 0 0 0 1 1 1
0 P_9 372 372 0 0 0 1 1 1
0 P_9 373 373 0.1470705 0.16552399608227228 0.1849265 1 1 1
0 P_9 374 374 0 0 0 1 1 1
0 P_9 375 375 0.323263 0.3426294820717131 0.3609375 1 1 1
0 P_9 376 376 0.322409 0.34181636726546905 0.360173 1 1 1
0 P_9 377 377 0.324634 0.3440320962888666 0.3623485 1 1 1
0 P_9 378 378 0 0 0 1 1 1
0 P_9 379 379 0.152278 0.17091087169441724 0.1904325 1 1 1
0 P_9 380 380 0.3188575 0.337967401725791 0.35611 1 1 1
0 P_9 381 381 0.132635 0.1506986027944112 0.1698985 1 1 1
0 P_9 382 382 0 0 0 1 1 1
0 P_9 383 383 0 0 0 1 1 1
0 P_9 384 384 0.1487715 0.16768916155419222 0.187572 1 1 1
0 P_9 385 385 0 0 0 1 1 1
0 P_9 386 386 0.1486895 0.1673286991062562 0.1869095 1 1 1
0 P_9 387 387 0.121301 0.13886113886113885 0.1576945 1 1 1
0 P_9 388 388 0.1494645 0.16857440166493237 0.188656 1 1 1
0 P_9 389 389 0 0 0 1 1 1
0 P_9 390 390 0 0 0 1 1 1
0 P_9 391 391 0.145299 0.16384462151394422 0.183374 1 1 1
0 P_9 392 392 0 0 0 1 1 1
0 P_9 393 393 0.3313225 0.35094142259414224 0.3693495 1 1 1
0 P_9 394 394 0.326308 0.3455083909180652 0.3636275 1 1 1
0 P_9 395 395 0 0 0 1 1 1
0 P_9 396 396 0 0 0 1 1 1
0 P_9 397 397 0 0 0 1 1 1
0 P_9 398 398 0 0 0 1 1 1
0 P_9 399 399 0.5 0.5 0.5 1 1 1
0 P_9 400 400 0 0 0 1 1 1
0 P_9 401 401 0.3152495 0.3348303393213573 0.3534405 1 1 1
0 P_9 402 402 0 0 0 1 1 1
0 P_9 403 403 0 0 0 1 1 1
0 P_9 404 404 0 0 0 1 1 1
0 P_9 405 405 0 0 0 1 1 1
0 P_9 406 406 0.5 0.5 0.5 1 1 1
0 P_9 407 407 0 0 0 1 1 1
0 P_9 408 408 0.5 0.5 0.5 1 1 1
0 P_9 409 409 0 0 0 1 1 1
0 P_9 410 410 0.3180815 0.33741429970617043 0.355765 1 1 1
0 P_9 411 411 0.3323435 0.3518711018711019 0.3701845 1 1 1
0 P_9 412 412 0 0 0 1 1 1
0 P_9 413 413 0 0 0 1 1 1
0 P_9 414 414 0.326947 0.34650924024640656 0.364935 1 1 1
0 P_9 415 415 0 0 0 1 1 1
0 P_9 416 416 0 0 0 1 1 1
0 P_9 417 417 0 0 0 1 1 1
0 P_9 418 418 0 0 0 1 1 1
0 P_9 419 419 0 0 0 1 1 1
0 P_9 420 420 0 0 0 1 1 1
1 P_8 0 0 0 0 0 1 1 1
1 P_8 1 1 0.5 0.5 0.5 1 1 1
1 P_8 2 2 0 0 0 1 1 1
1 P_8 3 3 0 0 0 1 1 1
1 P_8 4 4 0 0 0 1 1 1
1 P_8 5 5 0 0 0 1 1 1
1 P_8 6 6 0 0 0 1 1 1
1 P_8 7 7 0.3543145 0.37305699481865284 0.390337 1 1 1
1 P_8 8 8 0.1076765 0.125 0.143835 1 1 1
1 P_8 9 9 0.10209 0.11842105263157894 0.136223 1 1 1
1 P_8 10 10 0 0 0 1 1 1
1 P_8 11 11 0 0 0 1 1 1
1 P_8 12 12 0 0 0 1 1 1
1 P_8 13 13 0.11225 0.12914230019493178 0.1473855 1 1 1
1 P_8 14 14 0.3477025 0.36617647058823527 0.3833445 1 1 1
1 P_8 15 15 0.1105955 0.12762762762762764 0.1460645 1 1 1
1 P_8 16 16 0 0 0 1 1 1
1 P_8 17 17 0.5 0.5 0.5 1 1 1
1 P_8 18 18 0.5 0.5 0.5 1 1 1
1 P_8 19 19 0 0 0 1 1 1
1 P_8 20 20 0 0 0 1 1 1
1 P_8 21 21 0 0 0 1 1 1
1 P_8 22 22 0 0 0 1 1 1
1 P_8 23 23 0 0 0 1 1 1
1 P_8 24 24 0.3449755 0.363681592039801 0.3810905 1 1 1
1 P_8 25 25 0 0 0 1 1 1
1 P_8 26 26 0.3479295 0.3668730650154799 0.3844335 1 1 1
1 P_8 27 27 0 0 0 1 1 1
1 P_8 28 28 0 0 0 1 1 1
1 P_8 29 29 0.5 0.5 0.5 1 1 1
1 P_8 30 30 0 0 0 1 1 1
1 P_8 31 31 0 0 0 1 1 1
1 P_8 32 32 0 0 0 1 1 1
1 P_8 33 33 0 0 0 1 1 1
1 P_8 34 34 0 0 0 1 1 1
1 P_8 35 35 0.1165385 0.1335254562920269 0.1517955 1 1 1
1 P_8 36 36 0.3537505 0.37213930348258706 0.3891345 1 1 1
1 P_8 37 37 0 0 0 1 1 1
1 P_8 38 38 0 0 0 1 1 1
1 P_8 39 39 0.100466 0.11721991701244813 0.135553 1 1 1
1 P_8 40 40 0 0 0 1 1 1
1 P_8 41 41 0 0 0 1 1 1
1 P_8 42 42 0 0 0 1 1 1
1 P_8 43 43 0 0 0 1 1 1
1 P_8 44 44 0 0 0 1 1 1
1 P_8 45 45 0 0 0 1 1 1
1 P_8 46 46 0 0 0 1 1 1
1 P_8 47 47 0 0 0 1 1 1
1 P_8 48 48 0 0 0 1 1 1
1 P_8 49 49 0 0 0 1 1 1
1 P_8 50 50 0.1049685 0.12173038229376258 0.139972 1 1 1
1 P_8 51 51 0 0 0 1 1 1
1 P_8 52 52 0 0 0 1 1 1
1 P_8 53 53 0.1105965 0.1278118609406953 0.14646 1 1 1
1 P_8 54 54 0.1208235 0.13860369609856263 0.157695 1 1 1
1 P_8 55 55 0 0 0 1 1 1
1 P_8 56 56 0 0 0 1 1 1
1 P_8 57 57 0.3561425 0.3741562198649952 0.390797 1 1 1
1 P_8 58 58 0.5 0.5 0.5 1 1 1
1 P_8 59 59 0 0 0 1 1 1
1 P_8 60 60 0 0 0 1 1 1
1 P_8 61 61 0.5 0.5 0.5 1 1 1
1 P_8 62 62 0 0 0 1 1 1
1 P_8 63 63 0 0 0 1 1 1
1 P_8 64 64 0.5 0.5 0.5 1 1 1
1 P_8 65 65 0.5 0.5 0.5 1 1 1
1 P_8 66 66 0.5 0.5 0.5 1 1 1
1 P_8 67 67 0.5 0.5 0.5 1 1 1
1 P_8 68 68 0 0 0 1 1 1
1 P_8 69 69 0 0 0 1 1 1
1 P_8 70 70 0 0 0 1 1 1
1 P_8 71 71 0 0 0 1 1 1
1 P_8 72 72 0 0 0 1 1 1
1 P_8 73 73 0 0 0 1 1 1
1 P_8 74 74 0 0 0 1 1 1
1 P_8 75 75 0 0 0 1 1 1
1 P_8 76 76 0 0 0 1 1 1
1 P_8 77 77 0 0 0 1 1 1
1 P_8 78 78 0.5 0.5 0.5 1 1 1
1 P_8 79 79 0.359283 0.3773307163886163 0.3939455 1 1 1
1 P_8 80 80 0 0 0 1 1 1
1 P_8 81 81 0 0 0 1 1 1
1 P_8 82 82 0.5 0.5 0.5 1 1 1
1 P_8 83 83 0.5 0.5 0.5 1 1 1
1 P_8 84 84 0 0 0 1 1 1
1 P_8 85 85 0 0 0 1 1 1
1 P_8 86 86 0.121072 0.13863863863863865 0.1574835 1 1 1
1 P_8 87 87 0.5 0.5 0.5 1 1 1
1 P_8 88 88 0 0 0 1 1 1
1 P_8 89 89 0 0 0 1 1 1
1 P_8 90 90 0 0 0 1 1 1
1 P_8 91 91 0.1154615 0.13282828282828282 0.1515525 1 1 1
1 P_8 92 92 0 0 0 1 1 1
1 P_8 93 93 0 0 0 1 1 1
1 P_8 94 94 0 0 0 1 1 1
1 P_8 95 95 0.3473295 0.366 0.38334 1 1 1
1 P_8 96 96 0 0 0 1 1 1
1 P_8 97 97 0 0 0 1 1 1
1 P_8 98 98 0 0 0 1 1 1
1 P_8 99 99 0 0 0 1 1 1
1 P_8 100 100 0 0 0 1 1 1
1 P_8 101 101 0.5 0.5 0.5 1 1 1
1 P_8 102 102 0.3486815 0.3674821610601427 0.3849095 1 1 1
1 P_8 103 103 0 0 0 1 1 1
1 P_8 104 104 0 0 0 1 1 1
1 P_8 105 105 0 0 0 1 1 1
1 P_8 106 106 0 0 0 1 1 1
1 P_8 107 107 0.5 0.5 0.5 1 1 1
1 P_8 108 108 0 0 0 1 1 1
1 P_8 109 109 0.5 0.5 0.5 1 1 1
1 P_8 110 110 0.5 0.5 0.5 1 1 1
1 P_8 111 111 0.1199395 0.13730314960629922 0.155939 1 1 1
1 P_8 112 112 0 0 0 1 1 1
1 P_8 113 113 0.3621895 0.3801980198019802 0.396728 1 1 1
1 P_8 114 114 0 0 0 1 1 1
1 P_8 115 115 0 0 0 1 1 1
1 P_8 116 116 0 0 0 1 1 1
1 P_8 117 117 0 0 0 1 1 1
1 P_8 118 118 0 0 0 1 1 1
1 P_8 119 119 0 0 0 1 1 1
1 P_8 120 120 0 0 0 1 1 1
1 P_8 121 121 0.116302 0.13377416073245169 0.152602 1 1 1
1 P_8 122 122 0 0 0 1 1 1
1 P_8 123 123 0 0 0 1 1 1
1 P_8 124 124 0 0 0 1 1 1
1 P_8 125 125 0 0 0 1 1 1
1 P_8 126 126 0 0 0 1 1 1
1 P_8 127 127 0.1215475 0.13934426229508196 0.1584415 1 1 1
1 P_8 128 128 0.116309 0.1333012512030799 0.1515815 1 1 1
1 P_8 129 129 0.5 0.5 0.5 1 1 1
1 P_8 130 130 0 0 0 1 1 1
1 P_8 131 131 0 0 0 1 1 1
1 P_8 132 132 0 0 0 1 1 1
1 P_8 133 133 0 0 0 1 1 1
1 P_8 134 134 0.1153345 0.13275686673448628 0.151547 1 1 1
1 P_8 135 135 0 0 0 1 1 1
1 P_8 136 136 0 0 0 1 1 1
1 P_8 137 137 0.1120345 0.1293634496919918 0.1481125 1 1 1
1 P_8 138 138 0.5 0.5 0.5 1 1 1
1 P_8 139 139 0 0 0 1 1 1
1 P_8 140 140 0 0 0 1 1 1
1 P_8 141 141 0.5 0.5 0.5 1 1 1
1 P_8 142 142 0.119562 0.13751317175974712 0.1568235 1 1 1
1 P_8 143 143 0 0 0 1 1 1
1 P_8 144 144 0 0 0 1 1 1
1 P_8 145 145 0 0 0 1 1 1
1 P_8 146 146 0 0 0 1 1 1
1 P_8 147 147 0 0 0 1 1 1
1 P_8 148 148 0.1164225 0.13383838383838384 0.1526 1 1 1
1 P_8 149 149 0 0 0 1 1 1
1 P_8 150 150 0.5 0.5 0.5 1 1 1
1 P_8 151 151 0.5 0.5 0.5 1 1 1
1 P_8 152 152 0 0 0 1 1 1
1 P_8 153 153 0 0 0 1 1 1
1 P_8 154 154 0.110281 0.1272365805168986 0.1455915 1 1 1
1 P_8 155 155 0.5 0.5 0.5 1 1 1
1 P_8 156 156 0.5 0.5 0.5 1 1 1
1 P_8 157 157 0.34274 0.3618556701030928 0.3796495 1 1 1
1 P_8 158 158 0.3479215 0.3665338645418327 0.383815 1 1 1
1 P_8 159 159 0 0 0 1 1 1
1 P_8 160 160 0.345564 0.364572605561277 0.382228 1 1 1
1 P_8 161 161 0.5 0.5 0.5 1 1 1
1 P_8 162 162 0 0 0 1 1 1
1 P_8 163 163 0.3586725 0.3770242914979757 0.393902 1 1 1
1 P_8 164 164 0 0 0 1 1 1
1 P_8 165 165 0 0 0 1 1 1
1 P_8 166 166 0.1089415 0.12616339193381593 0.144854 1 1 1
1 P_8 167 167 0 0 0 1 1 1
1 P_8 168 168 0 0 0 1 1 1
1 P_8 169 169 0 0 0 1 1 1
1 P_8 170 170 0 0 0 1 1 1
1 P_8 171 171 0.5 0.5 0.5 1 1 1
1 P_8 172 172 0 0 0 1 1 1
1 P_8 173 173 0.5 0.5 0.5 1 1 1
1 P_8 174 174 0.114738 0.132085020242915 0.1508005 1 1 1
1 P_8 175 175 0 0 0 1 1 1
1 P_8 176 176 0 0 0 1 1 1
1 P_8 177 177 0 0 0 1 1 1
1 P_8 178 178 0.5 0.5 0.5 1 1 1
1 P_8 179 179 0 0 0 1 1 1
1 P_8 180 180 0.116303 0.13399374348279458 0.1530715 1 1 1
1 P_8 181 181 0.5 0.5 0.5 1 1 1
1 P_8 182 182 0 0 0 1 1 1
1 P_8 183 183 0 0 0 1 1 1
1 P_8 184 184 0 0 0 1 1 1
1 P_8 185 185 0.5 0.5 0.5 1 1 1
1 P_8 186 186 0 0 0 1 1 1
1 P_8 187 187 0.114323 0.13137254901960785 0.149756 1 1 1
1 P_8 188 188 0.5 0.5 0.5 1 1 1
1 P_8 189 189 0 0 0 1 1 1
1 P_8 190 190 0.371347 0.38911290322580644 0.4052705 1 1 1
1 P_8 191 191 0 0 0 1 1 1
1 P_8 192 192 0 0 0 1 1 1
1 P_8 193 193 0 0 0 1 1 1
1 P_8 194 194 0 0 0 1 1 1
1 P_8 195 195 0 0 0 1 1 1
1 P_8 196 196 0 0 0 1 1 1
1 P_8 197 197 0 0 0 1 1 1
1 P_8 198 198 0.5 0.5 0.5 1 1 1
1 P_8 199 199 0 0 0 1 1 1
1 P_8 200 200 0 0 0 1 1 1
1 P_8 201 201 0.5 0.5 0.5 1 1 1
1 P_8 202 202 0.5 0.5 0.5 1 1 1
1 P_8 203 203 0 0 0 1 1 1
1 P_8 204 204 0 0 0 1 1 1
1 P_8 205 205 0 0 0 1 1 1
1 P_8 206 206 0.105595 0.12236710130391174 0.140607 1 1 1
1 P_8 207 207 0 0 0 1 1 1
1 P_8 208 208 0.112222 0.1296875 0.14859 1 1 1
1 P_8 209 209 0.122121 0.14027630180658873 0.1597685 1 1 1
1 P_8 210 210 0.1053025 0.1227027027027027 0.1416805 1 1 1
1 P_8 211 211 0 0 0 1 1 1
1 P_8 212 212 0 0 0 1 1 1
1 P_8 213 213 0 0 0 1 1 1
1 P_8 214 214 0 0 0 1 1 1
1 P_8 215 215 0 0 0 1 1 1
1 P_8 216 216 0.1106045 0.1282051282051282 0.1472975 1 1 1
1 P_8 217 217 0 0 0 1 1 1
1 P_8 218 218 0.5 0.5 0.5 1 1 1
1 P_8 219 219 0.3452575 0.364 0.3814355 1 1 1
1 P_8 220 220 0.3439895 0.3633938100320171 0.381411 1 1 1
1 P_8 221 221 0 0 0 1 1 1
1 P_8 222 222 0 0 0 1 1 1
1 P_8 223 223 0 0 0 1 1 1
1 P_8 224 224 0.5 0.5 0.5 1 1 1
1 P_8 225 225 0.1056785 0.12238805970149254 0.1405535 1 1 1
1 P_8 226 226 0 0 0 1 1 1
1 P_8 227 227 0 0 0 1 1 1
1 P_8 228 228 0 0 0 1 1 1
1 P_8 229 229 0.5 0.5 0.5 1 1 1
1 P_8 230 230 0.5 0.5 0.5 1 1 1
1 P_8 231 231 0.344201 0.3634453781512605 0.3813235 1 1 1
1 P_8 232 232 0.353793 0.3722444889779559 0.3892915 1 1 1
1 P_8 233 233 0 0 0 1 1 1
1 P_8 234 234 0 0 0 1 1 1
1 P_8 235 235 0 0 0 1 1 1
1 P_8 236 236 0 0 0 1 1 1
1 P_8 237 237 0.354218 0.37272727272727274 0.389815 1 1 1
1 P_8 238 238 0 0 0 1 1 1
1 P_8 239 239 0 0 0 1 1 1
1 P_8 240 240 0 0 0 1 1 1
1 P_8 241 241 0.340045 0.35874877810361683 0.3762335 1 1 1
1 P_8 242 242 0 0 0 1 1 1
1 P_8 243 243 0 0 0 1 1 1
1 P_8 244 244 0.3557 0.373477038425492 0.3899265 1 1 1
1 P_8 245 245 0.1209885 0.138860103626943 0.158052 1 1 1
1 P_8 246 246 0 0 0 1 1 1
1 P_8 247 247 0 0 0 1 1 1
1 P_8 248 248 0.107765 0.12439261418853255 0.14242 1 1 1
1 P_8 249 249 0.1136165 0.13031161473087818 0.148303 1 1 1
1 P_8 250 250 0.1133865 0.12979890310786105 0.147472 1 1 1
1 P_8 251 251 0 0 0 1 1 1
1 P_8 252 252 0 0 0 1 1 1
1 P_8 253 253 0 0 0 1 1 1
1 P_8 254 254 0.5 0.5 0.5 1 1 1
1 P_8 255 255 0 0 0 1 1 1
1 P_8 256 256 0.5 0.5 0.5 1 1 1
1 P_8 257 257 0 0 0 1 1 1
1 P_8 258 258 0.1060425 0.12247838616714697 0.1403195 1 1 1
1 P_8 259 259 0 0 0 1 1 1
1 P_8 260 260 0.34959 0.3683673469387755 0.3857595 1 1 1
1 P_8 261 261 0.3515615 0.3708108108108108 0.388563 1 1 1
1 P_8 262 262 0 0 0 1 1 1
1 P_8 263 263 0 0 0 1 1 1
1 P_8 264 264 0 0 0 1 1 1
1 P_8 265 265 0 0 0 1 1 1
1 P_8 266 266 0.106816 0.12321598477640343 0.1409995 1 1 1
1 P_8 267 267 0 0 0 1 1 1
1 P_8 268 268 0 0 0 1 1 1
1 P_8 269 269 0.344531 0.36306042884990253 0.380326 1 1 1
1 P_8 270 270 0 0 0 1 1 1
1 P_8 271 271 0 0 0 1 1 1
1 P_8 272 272 0.5 0.5 0.5 1 1 1
1 P_8 273 273 0.1190105 0.13636363636363635 0.1550045 1 1 1
1 P_8 274 274 0 0 0 1 1 1
1 P_8 275 275 0.5 0.5 0.5 1 1 1
1 P_8 276 276 0.1103985 0.12719298245614036 0.14536 1 1 1
1 P_8 277 277 0 0 0 1 1 1
1 P_8 278 278 0.114465 0.13195876288659794 0.150848 1 1 1
1 P_8 279 279 0 0 0 1 1 1
1 P_8 280 280 0.5 0.5 0.5 1 1 1
1 P_8 281 281 0.5 0.5 0.5 1 1 1
1 P_8 282 282 0.5 0.5 0.5 1 1 1
1 P_8 283 283 0 0 0 1 1 1
1 P_8 284 284 0 0 0 1 1 1
1 P_8 285 285 0 0 0 1 1 1
1 P_8 286 286 0.1189 0.13627353815659068 0.1549395 1 1 1
1 P_8 287 287 0 0 0 1 1 1
1 P_8 288 288 0 0 0 1 1 1
1 P_8 289 289 0.1118405 0.12861271676300579 0.1467265 1 1 1
1 P_8 290 290 0 0 0 1 1 1
1 P_8 291 291 0 0 0 1 1 1
1 P_8 292 292 0 0 0 1 1 1
1 P_8 293 293 0 0 0 1 1 1
1 P_8 294 294 0 0 0 1 1 1
1 P_8 295 295 0.3524655 0.37056567593480344 0.38734 1 1 1
1 P_8 296 296 0.5 0.5 0.5 1 1 1
1 P_8 297 297 0 0 0 1 1 1
1 P_8 298 298 0 0 0 1 1 1
1 P_8 299 299 0 0 0 1 1 1
1 P_8 300 300 0.5 0.5 0.5 1 1 1
1 P_8 301 301 0.5 0.5 0.5 1 1 1
1 P_8 302 302 0 0 0 1 1 1
1 P_8 303 303 0.5 0.5 0.5 1 1 1
1 P_8 304 304 0 0 0 1 1 1
1 P_8 305 305 0 0 0 1 1 1
1 P_8 306 306 0 0 0 1 1 1
1 P_8 307 307 0.5 0.5 0.5 1 1 1
1 P_8 308 308 0 0 0 1 1 1
1 P_8 309 309 0 0 0 1 1 1
1 P_8 310 310 0.3560805 0.3742632612966601 0.391046 1 1 1
1 P_8 311 311 0 0 0 1 1 1
1 P_8 312 312 0.111535 0.1280373831775701 0.145847 1 1 1
1 P_8 313 313 0 0 0 1 1 1
1 P_8 314 314 0 0 0 1 1 1
1 P_8 315 315 0 0 0 1 1 1
1 P_8 316 316 0 0 0 1 1 1
1 P_8 317 317 0 0 0 1 1 1
1 P_8 318 318 0 0 0 1 1 1
1 P_8 319 319 0 0 0 1 1 1
1 P_8 320 320 0.111029 0.12815338042381433 0.146688 1 1 1
1 P_8 321 321 0 0 0 1 1 1
1 P_8 322 322 0.111258 0.12841253791708795 0.1469765 1 1 1
1 P_8 323 323 0.111377 0.12833168805528133 0.146664 1 1 1
1 P_8 324 324 0 0 0 1 1 1
1 P_8 325 325 0 0 0 1 1 1
1 P_8 326 326 0.3580935 0.376232741617357 0.3929445 1 1 1
1 P_8 327 327 0.349971 0.3687436159346272 0.3861255 1 1 1
1 P_8 328 328 0 0 0 1 1 1
1 P_8 329 329 0.5 0.5 0.5 1 1 1
1 P_8 330 330 0 0 0 1 1 1
1 P_8 331 331 0 0 0 1 1 1
1 P_8 332 332 0.1118995 0.12924819773429455 0.1480225 1 1 1
1 P_8 333 333 0.110112 0.1273006134969325 0.145928 1 1 1
1 P_8 334 334 0 0 0 1 1 1
1 P_8 335 335 0 0 0 1 1 1
1 P_8 336 336 0 0 0 1 1 1
1 P_8 337 337 0 0 0 1 1 1
1 P_8 338 338 0 0 0 1 1 1
1 P_8 339 339 0.1194315 0.13700707785642063 0.155893 1 1 1
1 P_8 340 340 0 0 0 1 1 1
1 P_8 341 341 0 0 0 1 1 1
1 P_8 342 342 0.347867 0.3672043010752688 0.3850965 1 1 1
1 P_8 343 343 0 0 0 1 1 1
1 P_8 344 344 0 0 0 1 1 1
1 P_8 345 345 0 0 0 1 1 1
1 P_8 346 346 0.115703 0.13306451612903225 0.151778 1 1 1
1 P_8 347 347 0.3476995 0.366497461928934 0.3839395 1 1 1
1 P_8 348 348 0 0 0 1 1 1
1 P_8 349 349 0.366329 0.3842315369261477 0.400598 1 1 1
1 P_8 350 350 0.128655 0.1467005076142132 0.1659485 1 1 1
1 P_8 351 351 0.5 0.5 0.5 1 1 1
1 P_8 352 352 0 0 0 1 1 1
1 P_8 353 353 0 0 0 1 1 1
1 P_8 354 354 0.5 0.5 0.5 1 1 1
1 P_8 355 355 0 0 0 1 1 1
1 P_8 356 356 0 0 0 1 1 1
1 P_8 357 357 0.11324 0.1303270564915758 0.148774 1 1 1
1 P_8 358 358 0 0 0 1 1 1
1 P_8 359 359 0 0 0 1 1 1
1 P_8 360 360 0 0 0 1 1 1
1 P_8 361 361 0 0 0 1 1 1
1 P_8 362 362 0.1168855 0.13398058252427184 0.1523675 1 1 1
1 P_8 363 363 0.109368 0.12569573283858998 0.143346 1 1 1
1 P_8 364 364 0 0 0 1 1 1
1 P_8 365 365 0 0 0 1 1 1
1 P_8 366 366 0 0 0 1 1 1
1 P_8 367 367 0.350522 0.36934156378600824 0.386753 1 1 1
1 P_8 368 368 0 0 0 1 1 1
1 P_8 369 369 0.5 0.5 0.5 1 1 1
1 P_8 370 370 0.3580615 0.37623762376237624 0.3929805 1 1 1
1 P_8 371 371 0 0 0 1 1 1
1 P_8 372 372 0 0 0 1 1 1
1 P_8 373 373 0 0 0 1 1 1
1 P_8 374 374 0 0 0 1 1 1
1 P_8 375 375 0.121301 0.13886113886113885 0.1576945 1 1 1
1 P_8 376 376 0.5 0.5 0.5 1 1 1
1 P_8 377 377 0.1153465 0.13266331658291458 0.1513325 1 1 1
1 P_8 378 378 0.350459 0.36857142857142855 0.385389 1 1 1
1 P_8 379 379 0 0 0 1 1 1
1 P_8 380 380 0.5 0.5 0.5 1 1 1
1 P_8 381 381 0 0 0 1 1 1
1 P_8 382 382 0 0 0 1 1 1
1 P_8 383 383 0.3479255 0.36673448626653105 0.384182 1 1 1
1 P_8 384 384 0 0 0 1 1 1
1 P_8 385 385 0 0 0 1 1 1
1 P_8 386 386 0 0 0 1 1 1
1 P_8 387 387 0 0 0 1 1 1
1 P_8 388 388 0 0 0 1 1 1
1 P_8 389 389 0 0 0 1 1 1
1 P_8 390 390 0 0 0 1 1 1
1 P_8 391 391 0 0 0 1 1 1
1 P_8 392 392 0 0 0 1 1 1
1 P_8 393 393 0.1211775 0.13918067226890757 0.1585185 1 1 1
1 P_8 394 394 0.109201 0.12598039215686274 0.1441545 1 1 1
1 P_8 395 395 0 0 0 1 1 1
1 P_8 396 396 0.3492175 0.3675754625121714 0.3846205 1 1 1
1 P_8 397 397 0 0 0 1 1 1
1 P_8 398 398 0 0 0 1 1 1
1 P_8 399 399 0.5 0.5 0.5 1 1 1
1 P_8 400 400 0.364149 0.3819784524975514 0.3983255 1 1 1
1 P_8 401 401 0.115613 0.1326530612244898 0.151001 1 1 1
1 P_8 402 402 0 0 0 1 1 1
1 P_8 403 403 0 0 0 1 1 1
1 P_8 404 404 0 0 0 1 1 1
1 P_8 405 405 0.338265 0.357286432160804 0.375071 1 1 1
1 P_8 406 406 0.5 0.5 0.5 1 1 1
1 P_8 407 407 0 0 0 1 1 1
1 P_8 408 408 0.5 0.5 0.5 1 1 1
1 P_8 409 409 0 0 0 1 1 1
1 P_8 410 410 0.5 0.5 0.5 1 1 1
1 P_8 411 411 0.129545 0.14765784114052954 0.166966 1 1 1
1 P_8 412 412 0.3416905 0.36058174523570713 0.378201 1 1 1
1 P_8 413 413 0 0 0 1 1 1
1 P_8 414 414 0.1121355 0.12925851703406813 0.147769 1 1 1
1 P_8 415 415 0 0 0 1 1 1
1 P_8 416 416 0 0 0 1 1 1
1 P_8 417 417 0 0 0 1 1 1
1 P_8 418 418 0 0 0 1 1 1
1 P_8 419 419 0 0 0 1 1 1
1 P_8 420 420 0 0 0 1 1 1
