10 #m
73 #n
0 P_2 0 0 0.355779 0.4339622641509434 0.4751485 1 1 1
0 P_2 1 1 0.31754 0.4 0.4532335 1 1 1
0 P_2 2 2 0 0 0 1 1 1
0 P_2 3 3 0.073467 0.14444444444444443 0.24022 1 1 1
0 P_2 4 4 0.0469294 0.10416666666666667 0.193641 1 1 1
0 P_2 5 5 0.323342 0.4166666666666667 0.468425 1 1 1
0 P_2 6 6 0.358116 0.4431818181818182 0.4822245 1 1 1
0 P_2 7 7 0.277771 0.36363636363636365 0.4273295 1 1 1
0 P_2 8 8 0.0651335 0.12295081967213115 0.2032625 1 1 1
0 P_2 9 9 0 0 0 1 1 1
0 P_2 10 10 0.100294 0.1694915254237288 0.2534105 1 1 1
0 P_2 11 11 0.305635 0.4117647058823529 0.469085 1 1 1
0 P_2 12 12 0 0 0 1 1 1
0 P_2 13 13 0.5 0.5 0.5 1 1 1
0 P_2 14 14 0.278261 0.38571428571428573 0.453184 1 1 1
0 P_2 15 15 0.0900945 0.15789473684210525 0.243085 1 1 1
0 P_2 16 16 0.377829 0.4482758620689655 0.4821225 1 1 1
0 P_2 17 17 0 0 0 1 1 1
0 P_2 18 18 0 0 0 1 1 1
0 P_2 19 19 0.115892 0.20238095238095238 0.300798 1 1 1
0 P_2 20 20 0.345924 0.4224137931034483 0.466977 1 1 1
0 P_2 21 21 0 0 0 1 1 1
0 P_2 22 22 0 0 0 1 1 1
0 P_2 23 23 0.280111 0.37 0.434315 1 1 1
0 P_2 24 24 0.327472 0.4117647058823529 0.462277 1 1 1
0 P_2 25 25 0.0239254 0.06363636363636363 0.139552 1 1 1
0 P_2 26 26 0 0 0 1 1 1
0 P_2 27 27 0.086206 0.1568627450980392 0.247021 1 1 1
0 P_2 28 28 0.291106 0.3829787234042553 0.4448625 1 1 1
0 P_2 29 29 0.3231485 0.40350877192982454 0.4549425 1 1 1
0 P_2 30 30 0.287669 0.3706896551724138 0.431305 1 1 1
0 P_2 31 31 0 0 0 1 1 1
0 P_2 32 32 0.5 0.5 0.5 1 1 1
0 P_2 33 33 0.5 0.5 0.5 1 1 1
0 P_2 34 34 0 0 0 1 1 1
0 P_2 35 35 0.308437 0.3942307692307692 0.450411 1 1 1
0 P_2 36 36 0.33027 0.42045454545454547 0.4699055 1 1 1
0 P_2 37 37 0.2371505 0.3333333333333333 0.409929 1 1 1
0 P_2 38 38 0.305201 0.39215686274509803 0.4493925 1 1 1
0 P_2 39 39 0.313363 0.4069767441860465 0.462239 1 1 1
0 P_2 40 40 0.3785475 0.4625 0.491559 1 1 1
0 P_2 41 41 0.280111 0.37 0.434315 1 1 1
0 P_2 42 42 0.1487955 0.23469387755102042 0.3239205 1 1 1
0 P_2 43 43 0.330371 0.41346153846153844 0.463029 1 1 1
0 P_2 44 44 0.3605115 0.44 0.4791995 1 1 1
0 P_2 45 45 0.02549025 0.07317073170731707 0.1658775 1 1 1
0 P_2 46 46 0.323342 0.4166666666666667 0.468425 1 1 1
0 P_2 47 47 0 0 0 1 1 1
0 P_2 48 48 0 0 0 1 1 1
0 P_2 49 49 0.3238605 0.41304347826086957 0.464791 1 1 1
0 P_2 50 50 0.355393 0.4375 0.478313 1 1 1
0 P_2 51 51 0.3181565 0.40625 0.459826 1 1 1
0 P_2 52 52 0.3844745 0.45918367346938777 0.488891 1 1 1
0 P_2 53 53 0 0 0 1 1 1
0 P_2 54 54 0.337532 0.42857142857142855 0.475133 1 1 1
0 P_2 55 55 0 0 0 1 1 1
0 P_2 56 56 0.394146 0.46296296296296297 0.4899295 1 1 1
0 P_2 57 57 0.36974 0.4444444444444444 0.4807715 1 1 1
0 P_2 58 58 0 0 0 1 1 1
0 P_2 59 59 0.333253 0.41836734693877553 0.4670195 1 1 1
0 P_2 60 60 0.1359785 0.21428571428571427 0.2994525 1 1 1
0 P_2 61 61 0.5 0.5 0.5 1 1 1
0 P_2 62 62 0 0 0 1 1 1
0 P_2 63 63 0.305201 0.39215686274509803 0.4493925 1 1 1
0 P_2 64 64 0 0 0 1 1 1
0 P_2 65 65 0 0 0 1 1 1
0 P_2 66 66 0 0 0 1 1 1
0 P_2 67 67 0 0 0 1 1 1
0 P_2 68 68 0 0 0 1 1 1
0 P_2 69 69 0.5 0.5 0.5 1 1 1
0 P_2 70 70 0.083663 0.1590909090909091 0.256328 1 1 1
0 P_2 71 71 0 0 0 1 1 1
0 P_2 72 72 0 0 0 1 1 1
1 P_4 0 0 0 0 0 1 1 1
1 P_4 1 1 0 0 0 1 1 1
1 P_4 2 2 0.016269 0.052083333333333336 0.131408 1 1 1
1 P_4 3 3 0 0 0 1 1 1
1 P_4 4 4 0 0 0 1 1 1
1 P_4 5 5 0 0 0 1 1 1
1 P_4 6 6 0 0 0 1 1 1
1 P_4 7 7 0 0 0 1 1 1
1 P_4 8 8 0 0 0 1 1 1
1 P_4 9 9 0 0 0 1 1 1
1 P_4 10 10 0 0 0 1 1 1
1 P_4 11 11 0 0 0 1 1 1
1 P_4 12 12 0.01238605 0.045454545454545456 0.12713 1 1 1
1 P_4 13 13 0 0 0 1 1 1
1 P_4 14 14 0 0 0 1 1 1
1 P_4 15 15 0 0 0 1 1 1
1 P_4 16 16 0 0 0 1 1 1
1 P_4 17 17 0.0401742 0.09375 0.1818435 1 1 1
1 P_4 18 18 0.335777 0.41379310344827586 0.46146 1 1 1
1 P_4 19 19 0 0 0 1 1 1
1 P_4 20 20 0 0 0 1 1 1
1 P_4 21 21 0 0 0 1 1 1
1 P_4 22 22 0.5 0.5 0.5 1 1 1
1 P_4 23 23 0 0 0 1 1 1
1 P_4 24 24 0 0 0 1 1 1
1 P_4 25 25 0 0 0 1 1 1
1 P_4 26 26 0 0 0 1 1 1
1 P_4 27 27 0 0 0 1 1 1
1 P_4 28 28 0 0 0 1 1 1
1 P_4 29 29 0 0 0 1 1 1
1 P_4 30 30 0 0 0 1 1 1
1 P_4 31 31 0 0 0 1 1 1
1 P_4 32 32 0 0 0 1 1 1
1 P_4 33 33 0 0 0 1 1 1
1 P_4 34 34 0.3382395 0.4152542372881356 0.4621365 1 1 1
1 P_4 35 35 0 0 0 1 1 1
1 P_4 36 36 0 0 0 1 1 1
1 P_4 37 37 0 0 0 1 1 1
1 P_4 38 38 0 0 0 1 1 1
1 P_4 39 39 0 0 0 1 1 1
1 P_4 40 40 0 0 0 1 1 1
1 P_4 41 41 0 0 0 1 1 1
1 P_4 42 42 0 0 0 1 1 1
1 P_4 43 43 0 0 0 1 1 1
1 P_4 44 44 0 0 0 1 1 1
1 P_4 45 45 0 0 0 1 1 1
1 P_4 46 46 0 0 0 1 1 1
1 P_4 47 47 0 0 0 1 1 1
1 P_4 48 48 0.293911 0.37719298245614036 0.4364805 1 1 1
1 P_4 49 49 0 0 0 1 1 1
1 P_4 50 50 0 0 0 1 1 1
1 P_4 51 51 0 0 0 1 1 1
1 P_4 52 52 0 0 0 1 1 1
1 P_4 53 53 0.2733475 0.3627450980392157 0.4285465 1 1 1
1 P_4 54 54 0 0 0 1 1 1
1 P_4 55 55 0.04617915 0.10714285714285714 0.203797 1 1 1
1 P_4 56 56 0 0 0 1 1 1
1 P_4 57 57 0 0 0 1 1 1
1 P_4 58 58 0.04505635 0.10465116279069768 0.199784 1 1 1
1 P_4 59 59 0 0 0 1 1 1
1 P_4 60 60 0 0 0 1 1 1
1 P_4 61 61 0.5 0.5 0.5 1 1 1
1 P_4 62 62 0 0 0 1 1 1
1 P_4 63 63 0 0 0 1 1 1
1 P_4 64 64 0.03776075 0.09302325581395349 0.186637 1 1 1
1 P_4 65 65 0.305201 0.39215686274509803 0.4493925 1 1 1
1 P_4 66 66 0.03009435 0.07954545454545454 0.16973 1 1 1
1 P_4 67 67 0 0 0 1 1 1
1 P_4 68 68 0.0304147 0.07547169811320754 0.1556635 1 1 1
1 P_4 69 69 0 0 0 1 1 1
1 P_4 70 70 0 0 0 1 1 1
1 P_4 71 71 0 0 0 1 1 1
1 P_4 72 72 0.0177755 0.056818181818181816 0.141884 1 1 1
2 P_3 0 0 0.089992 0.16326530612244897 0.255387 1 1 1
2 P_3 1 1 0.0882215 0.1574074074074074 0.244979 1 1 1
2 P_3 2 2 0 0 0 1 1 1
2 P_3 3 3 0 0 0 1 1 1
2 P_3 4 4 0 0 0 1 1 1
2 P_3 5 5 0.170903 0.2545454545454545 0.3373 1 1 1
2 P_3 6 6 0.1256175 0.21428571428571427 0.311901 1 1 1
2 P_3 7 7 0.128345 0.20754716981132076 0.295332 1 1 1
2 P_3 8 8 0 0 0 1 1 1
2 P_3 9 9 0 0 0 1 1 1
2 P_3 10 10 0 0 0 1 1 1
2 P_3 11 11 0.0879635 0.16666666666666666 0.266233 1 1 1
2 P_3 12 12 0 0 0 1 1 1
2 P_3 13 13 0.1283545 0.20535714285714285 0.290934 1 1 1
2 P_3 14 14 0.0941285 0.1702127659574468 0.264317 1 1 1
2 P_3 15 15 0 0 0 1 1 1
2 P_3 16 16 0.086206 0.1568627450980392 0.247021 1 1 1
2 P_3 17 17 0 0 0 1 1 1
2 P_3 18 18 0.108192 0.1774193548387097 0.259316 1 1 1
2 P_3 19 19 0 0 0 1 1 1
2 P_3 20 20 0.10634 0.1746031746031746 0.2558305 1 1 1
2 P_3 21 21 0.0598395 0.12244897959183673 0.212746 1 1 1
2 P_3 22 22 0.113416 0.1875 0.273586 1 1 1
2 P_3 23 23 0.113637 0.1956521739130435 0.2901915 1 1 1
2 P_3 24 24 0.13106400000000001 0.21153846153846154 0.2999275 1 1 1
2 P_3 25 25 0 0 0 1 1 1
2 P_3 26 26 0 0 0 1 1 1
2 P_3 27 27 0 0 0 1 1 1
2 P_3 28 28 0.0920135 0.16666666666666666 0.259778 1 1 1
2 P_3 29 29 0.115892 0.20238095238095238 0.300798 1 1 1
2 P_3 30 30 0.1961295 0.2818181818181818 0.361292 1 1 1
2 P_3 31 31 0 0 0 1 1 1
2 P_3 32 32 0.1024785 0.18085106382978725 0.2748435 1 1 1
2 P_3 33 33 0.084319 0.14615384615384616 0.2253195 1 1 1
2 P_3 34 34 0.1801635 0.2631578947368421 0.343666 1 1 1
2 P_3 35 35 0.03869585 0.09523809523809523 0.1904155 1 1 1
2 P_3 36 36 0.115892 0.20238095238095238 0.300798 1 1 1
2 P_3 37 37 0.108192 0.1774193548387097 0.259316 1 1 1
2 P_3 38 38 0.0986675 0.17777777777777778 0.273867 1 1 1
2 P_3 39 39 0.088058 0.16 0.251137 1 1 1
2 P_3 40 40 0.0920135 0.16666666666666666 0.259778 1 1 1
2 P_3 41 41 0.120434 0.19811320754716982 0.286282 1 1 1
2 P_3 42 42 0 0 0 1 1 1
2 P_3 43 43 0.113637 0.1956521739130435 0.2901915 1 1 1
2 P_3 44 44 0.052775 0.11224489795918367 0.201605 1 1 1
2 P_3 45 45 0 0 0 1 1 1
2 P_3 46 46 0.1185225 0.19298245614035087 0.2782125 1 1 1
2 P_3 47 47 0.0598395 0.12244897959183673 0.212746 1 1 1
2 P_3 48 48 0.0974245 0.16981132075471697 0.2584035 1 1 1
2 P_3 49 49 0.1118345 0.19 0.280968 1 1 1
2 P_3 50 50 0.155915 0.24468085106382978 0.334649 1 1 1
2 P_3 51 51 0.145479 0.23 0.31879 1 1 1
2 P_3 52 52 0.0865045 0.15454545454545454 0.2412185 1 1 1
2 P_3 53 53 0.1578005 0.24074074074074073 0.325521 1 1 1
2 P_3 54 54 0.0986675 0.17777777777777778 0.273867 1 1 1
2 P_3 55 55 0 0 0 1 1 1
2 P_3 56 56 0.0922845 0.17045454545454544 0.267712 1 1 1
2 P_3 57 57 0.0779515 0.14893617021276595 0.2427365 1 1 1
2 P_3 58 58 0 0 0 1 1 1
2 P_3 59 59 0.125553 0.20833333333333334 0.3003475 1 1 1
2 P_3 60 60 0 0 0 1 1 1
2 P_3 61 61 0.5 0.5 0.5 1 1 1
2 P_3 62 62 0 0 0 1 1 1
2 P_3 63 63 0.090009 0.16037735849056603 0.248855 1 1 1
2 P_3 64 64 0 0 0 1 1 1
2 P_3 65 65 0.1594935 0.24509803921568626 0.3317295 1 1 1
2 P_3 66 66 0 0 0 1 1 1
2 P_3 67 67 0 0 0 1 1 1
2 P_3 68 68 0 0 0 1 1 1
2 P_3 69 69 0.157755 0.24489795918367346 0.33315 1 1 1
2 P_3 70 70 0 0 0 1 1 1
2 P_3 71 71 0.0848535 0.15178571428571427 0.2375685 1 1 1
2 P_3 72 72 0 0 0 1 1 1
3 P_9 0 0 0 0 0 1 1 1
3 P_9 1 1 0 0 0 1 1 1
3 P_9 2 2 0 0 0 1 1 1
3 P_9 3 3 0 0 0 1 1 1
3 P_9 4 4 0 0 0 1 1 1
3 P_9 5 5 0 0 0 1 1 1
3 P_9 6 6 0 0 0 1 1 1
3 P_9 7 7 0 0 0 1 1 1
3 P_9 8 8 0 0 0 1 1 1
3 P_9 9 9 0.07456 0.13013698630136986 0.2036345 1 1 1
3 P_9 10 10 0 0 0 1 1 1
3 P_9 11 11 0 0 0 1 1 1
3 P_9 12 12 0 0 0 1 1 1
3 P_9 13 13 0 0 0 1 1 1
3 P_9 14 14 0 0 0 1 1 1
3 P_9 15 15 0 0 0 1 1 1
3 P_9 16 16 0 0 0 1 1 1
3 P_9 17 17 0 0 0 1 1 1
3 P_9 18 18 0 0 0 1 1 1
3 P_9 19 19 0 0 0 1 1 1
3 P_9 20 20 0 0 0 1 1 1
3 P_9 21 21 0.290995 0.36923076923076925 0.427575 1 1 1
3 P_9 22 22 0.0407126 0.1 0.198442 1 1 1
3 P_9 23 23 0 0 0 1 1 1
3 P_9 24 24 0 0 0 1 1 1
3 P_9 25 25 0 0 0 1 1 1
3 P_9 26 26 0.0385059 0.09 0.175527 1 1 1
3 P_9 27 27 0 0 0 1 1 1
3 P_9 28 28 0 0 0 1 1 1
3 P_9 29 29 0 0 0 1 1 1
3 P_9 30 30 0 0 0 1 1 1
3 P_9 31 31 0.02585205 0.06862745098039216 0.14921 1 1 1
3 P_9 32 32 0 0 0 1 1 1
3 P_9 33 33 0 0 0 1 1 1
3 P_9 34 34 0 0 0 1 1 1
3 P_9 35 35 0 0 0 1 1 1
3 P_9 36 36 0 0 0 1 1 1
3 P_9 37 37 0 0 0 1 1 1
3 P_9 38 38 0 0 0 1 1 1
3 P_9 39 39 0 0 0 1 1 1
3 P_9 40 40 0 0 0 1 1 1
3 P_9 41 41 0 0 0 1 1 1
3 P_9 42 42 0 0 0 1 1 1
3 P_9 43 43 0 0 0 1 1 1
3 P_9 44 44 0 0 0 1 1 1
3 P_9 45 45 0 0 0 1 1 1
3 P_9 46 46 0 0 0 1 1 1
3 P_9 47 47 0.2415965 0.330188679245283 0.4025755 1 1 1
3 P_9 48 48 0 0 0 1 1 1
3 P_9 49 49 0 0 0 1 1 1
3 P_9 50 50 0 0 0 1 1 1
3 P_9 51 51 0 0 0 1 1 1
3 P_9 52 52 0 0 0 1 1 1
3 P_9 53 53 0 0 0 1 1 1
3 P_9 54 54 0 0 0 1 1 1
3 P_9 55 55 0 0 0 1 1 1
3 P_9 56 56 0 0 0 1 1 1
3 P_9 57 57 0 0 0 1 1 1
3 P_9 58 58 0 0 0 1 1 1
3 P_9 59 59 0 0 0 1 1 1
3 P_9 60 60 0 0 0 1 1 1
3 P_9 61 61 0.5 0.5 0.5 1 1 1
3 P_9 62 62 0.0073351 0.03260869565217391 0.107274 1 1 1
3 P_9 63 63 0 0 0 1 1 1
3 P_9 64 64 0 0 0 1 1 1
3 P_9 65 65 0 0 0 1 1 1
3 P_9 66 66 0 0 0 1 1 1
3 P_9 67 67 0.0275141 0.07291666666666667 0.15737 1 1 1
3 P_9 68 68 0 0 0 1 1 1
3 P_9 69 69 0 0 0 1 1 1
3 P_9 70 70 0 0 0 1 1 1
3 P_9 71 71 0 0 0 1 1 1
3 P_9 72 72 0.0336912 0.08333333333333333 0.1697655 1 1 1
4 P_8 0 0 0.268336 0.3617021276595745 0.4298585 1 1 1
4 P_8 1 1 0.238073 0.3220338983050847 0.392822 1 1 1
4 P_8 2 2 0 0 0 1 1 1
4 P_8 3 3 0 0 0 1 1 1
4 P_8 4 4 0 0 0 1 1 1
4 P_8 5 5 0.268336 0.3617021276595745 0.4298585 1 1 1
4 P_8 6 6 0.240222 0.3333333333333333 0.4079865 1 1 1
4 P_8 7 7 0.172475 0.26744186046511625 0.358132 1 1 1
4 P_8 8 8 0 0 0 1 1 1
4 P_8 9 9 0.0192285 0.05555555555555555 0.13026 1 1 1
4 P_8 10 10 0 0 0 1 1 1
4 P_8 11 11 0.226414 0.3125 0.386584 1 1 1
4 P_8 12 12 0 0 0 1 1 1
4 P_8 13 13 0.2288295 0.32 0.3962365 1 1 1
4 P_8 14 14 0.301558 0.4 0.4592875 1 1 1
4 P_8 15 15 0 0 0 1 1 1
4 P_8 16 16 0.235683 0.32978723404255317 0.4058715 1 1 1
4 P_8 17 17 0 0 0 1 1 1
4 P_8 18 18 0 0 0 1 1 1
4 P_8 19 19 0 0 0 1 1 1
4 P_8 20 20 0.233767 0.3333333333333333 0.41203650000000003 1 1 1
4 P_8 21 21 0.0385059 0.09 0.175527 1 1 1
4 P_8 22 22 0.01727105 0.05 0.1184895 1 1 1
4 P_8 23 23 0.222029 0.32142857142857145 0.4029415 1 1 1
4 P_8 24 24 0.2507675 0.34375 0.415971 1 1 1
4 P_8 25 25 0 0 0 1 1 1
4 P_8 26 26 0.04676675 0.1 0.18246 1 1 1
4 P_8 27 27 0 0 0 1 1 1
4 P_8 28 28 0.2101195 0.3068181818181818 0.3898785 1 1 1
4 P_8 29 29 0.224229 0.3046875 0.3758785 1 1 1
4 P_8 30 30 0.1887035 0.2840909090909091 0.3712935 1 1 1
4 P_8 31 31 0.0551775 0.11016949152542373 0.1906925 1 1 1
4 P_8 32 32 0.296203 0.39285714285714285 0.453821 1 1 1
4 P_8 33 33 0.2000725 0.28846153846153844 0.368936 1 1 1
4 P_8 34 34 0 0 0 1 1 1
4 P_8 35 35 0.2723955 0.3645833333333333 0.43141 1 1 1
4 P_8 36 36 0.2153025 0.3111111111111111 0.392551 1 1 1
4 P_8 37 37 0.3222615 0.4056603773584906 0.457678 1 1 1
4 P_8 38 38 0.1915875 0.2777777777777778 0.3584485 1 1 1
4 P_8 39 39 0.2441695 0.3253968253968254 0.39366 1 1 1
4 P_8 40 40 0.2746805 0.35384615384615387 0.415681 1 1 1
4 P_8 41 41 0.218518 0.3076923076923077 0.384996 1 1 1
4 P_8 42 42 0 0 0 1 1 1
4 P_8 43 43 0.299186 0.391304347826087 0.450933 1 1 1
4 P_8 44 44 0.2475655 0.328125 0.395449 1 1 1
4 P_8 45 45 0 0 0 1 1 1
4 P_8 46 46 0.2873935 0.38372093023255816 0.4473335 1 1 1
4 P_8 47 47 0.0401742 0.09375 0.1818435 1 1 1
4 P_8 48 48 0 0 0 1 1 1
4 P_8 49 49 0.2938005 0.375 0.433721 1 1 1
4 P_8 50 50 0.2046135 0.29411764705882354 0.374378 1 1 1
4 P_8 51 51 0.237105 0.319672131147541 0.38989 1 1 1
4 P_8 52 52 0.2908835 0.38 0.4414215 1 1 1
4 P_8 53 53 0 0 0 1 1 1
4 P_8 54 54 0.254102 0.3333333333333333 0.398851 1 1 1
4 P_8 55 55 0 0 0 1 1 1
4 P_8 56 56 0.2453165 0.35135135135135137 0.4289365 1 1 1
4 P_8 57 57 0.2296545 0.3135593220338983 0.38584 1 1 1
4 P_8 58 58 0 0 0 1 1 1
4 P_8 59 59 0.2531055 0.35365853658536583 0.4276975 1 1 1
4 P_8 60 60 0 0 0 1 1 1
4 P_8 61 61 0.5 0.5 0.5 1 1 1
4 P_8 62 62 0.0458962 0.09821428571428571 0.179613 1 1 1
4 P_8 63 63 0.1737365 0.26666666666666666 0.355677 1 1 1
4 P_8 64 64 0 0 0 1 1 1
4 P_8 65 65 0 0 0 1 1 1
4 P_8 66 66 0 0 0 1 1 1
4 P_8 67 67 0.0502105 0.1111111111111111 0.2045995 1 1 1
4 P_8 68 68 0 0 0 1 1 1
4 P_8 69 69 0.276318 0.3673469387755102 0.432894 1 1 1
4 P_8 70 70 0 0 0 1 1 1
4 P_8 71 71 0.210995 0.3125 0.3976415 1 1 1
4 P_8 72 72 0.0064856 0.028846153846153848 0.0960495 1 1 1
5 P_7 0 0 0.090071 0.16666666666666666 0.2628495 1 1 1
5 P_7 1 1 0.1156615 0.19090909090909092 0.277697 1 1 1
5 P_7 2 2 0 0 0 1 1 1
5 P_7 3 3 0 0 0 1 1 1
5 P_7 4 4 0 0 0 1 1 1
5 P_7 5 5 0.058381 0.1282051282051282 0.2306075 1 1 1
5 P_7 6 6 0.071295 0.13392857142857142 0.218831 1 1 1
5 P_7 7 7 0.0779515 0.14893617021276595 0.2427365 1 1 1
5 P_7 8 8 0 0 0 1 1 1
5 P_7 9 9 0.00480481 0.02857142857142857 0.1164755 1 1 1
5 P_7 10 10 0 0 0 1 1 1
5 P_7 11 11 0.0526665 0.11627906976744186 0.2126065 1 1 1
5 P_7 12 12 0 0 0 1 1 1
5 P_7 13 13 0.115562 0.18461538461538463 0.264587 1 1 1
5 P_7 14 14 0.076555 0.14035087719298245 0.2248425 1 1 1
5 P_7 15 15 0 0 0 1 1 1
5 P_7 16 16 0.084431 0.15384615384615385 0.2430345 1 1 1
5 P_7 17 17 0 0 0 1 1 1
5 P_7 18 18 0 0 0 1 1 1
5 P_7 19 19 0 0 0 1 1 1
5 P_7 20 20 0.097952 0.17346938775510204 0.2656205 1 1 1
5 P_7 21 21 0.1830465 0.27906976744186046 0.3679655 1 1 1
5 P_7 22 22 0.02265905 0.0603448275862069 0.133086 1 1 1
5 P_7 23 23 0.072974 0.14 0.2304755 1 1 1
5 P_7 24 24 0.0714535 0.13725490196078433 0.2266525 1 1 1
5 P_7 25 25 0.02265245 0.06521739130434782 0.1501115 1 1 1
5 P_7 26 26 0.15084 0.23529411764705882 0.32283 1 1 1
5 P_7 27 27 0 0 0 1 1 1
5 P_7 28 28 0.091821 0.16071428571428573 0.246747 1 1 1
5 P_7 29 29 0.097952 0.17346938775510204 0.2656205 1 1 1
5 P_7 30 30 0.0585785 0.12 0.2091165 1 1 1
5 P_7 31 31 0.120434 0.19811320754716982 0.286282 1 1 1
5 P_7 32 32 0.087962 0.16304347826086957 0.258154 1 1 1
5 P_7 33 33 0.145479 0.23 0.31879 1 1 1
5 P_7 34 34 0 0 0 1 1 1
5 P_7 35 35 0.084029 0.15625 0.2492325 1 1 1
5 P_7 36 36 0.0884635 0.17647058823529413 0.2867585 1 1 1
5 P_7 37 37 0.0941285 0.1702127659574468 0.264317 1 1 1
5 P_7 38 38 0.0526665 0.11627906976744186 0.2126065 1 1 1
5 P_7 39 39 0.0717655 0.14130434782608695 0.2358665 1 1 1
5 P_7 40 40 0.10525 0.175 0.2582505 1 1 1
5 P_7 41 41 0.088058 0.16 0.251137 1 1 1
5 P_7 42 42 0.078751 0.14705882352941177 0.2369165 1 1 1
5 P_7 43 43 0.106066 0.1836734693877551 0.275699 1 1 1
5 P_7 44 44 0.097952 0.17346938775510204 0.2656205 1 1 1
5 P_7 45 45 0.0113428 0.041666666666666664 0.1176745 1 1 1
5 P_7 46 46 0.1220465 0.19230769230769232 0.272203 1 1 1
5 P_7 47 47 0.0958365 0.17 0.2612285 1 1 1
5 P_7 48 48 0 0 0 1 1 1
5 P_7 49 49 0.0918705 0.16346153846153846 0.2528515 1 1 1
5 P_7 50 50 0.1382425 0.21551724137931033 0.2992015 1 1 1
5 P_7 51 51 0.0635575 0.1388888888888889 0.2461765 1 1 1
5 P_7 52 52 0.04906695 0.10869565217391304 0.200814 1 1 1
5 P_7 53 53 0 0 0 1 1 1
5 P_7 54 54 0.0568385 0.125 0.2258345 1 1 1
5 P_7 55 55 0 0 0 1 1 1
5 P_7 56 56 0.1287065 0.2159090909090909 0.3112965 1 1 1
5 P_7 57 57 0.0591085 0.125 0.220849 1 1 1
5 P_7 58 58 0 0 0 1 1 1
5 P_7 59 59 0.01863855 0.05952380952380952 0.1477685 1 1 1
5 P_7 60 60 0.0816675 0.15555555555555556 0.251637 1 1 1
5 P_7 61 61 0.5 0.5 0.5 1 1 1
5 P_7 62 62 0.18027 0.2708333333333333 0.356779 1 1 1
5 P_7 63 63 0.084431 0.15384615384615385 0.2430345 1 1 1
5 P_7 64 64 0 0 0 1 1 1
5 P_7 65 65 0 0 0 1 1 1
5 P_7 66 66 0 0 0 1 1 1
5 P_7 67 67 0.1476815 0.225 0.3068205 1 1 1
5 P_7 68 68 0 0 0 1 1 1
5 P_7 69 69 0.1290245 0.21951219512195122 0.3178075 1 1 1
5 P_7 70 70 0 0 0 1 1 1
5 P_7 71 71 0 0 0 1 1 1
5 P_7 72 72 0.01499805 0.04807692307692308 0.1223645 1 1 1
6 P_6 0 0 0 0 0 1 1 1
6 P_6 1 1 0 0 0 1 1 1
6 P_6 2 2 0 0 0 1 1 1
6 P_6 3 3 0 0 0 1 1 1
6 P_6 4 4 0 0 0 1 1 1
6 P_6 5 5 0 0 0 1 1 1
6 P_6 6 6 0 0 0 1 1 1
6 P_6 7 7 0 0 0 1 1 1
6 P_6 8 8 0 0 0 1 1 1
6 P_6 9 9 0.5 0.5 0.5 1 1 1
6 P_6 10 10 0 0 0 1 1 1
6 P_6 11 11 0 0 0 1 1 1
6 P_6 12 12 0 0 0 1 1 1
6 P_6 13 13 0 0 0 1 1 1
6 P_6 14 14 0 0 0 1 1 1
6 P_6 15 15 0 0 0 1 1 1
6 P_6 16 16 0 0 0 1 1 1
6 P_6 17 17 0 0 0 1 1 1
6 P_6 18 18 0 0 0 1 1 1
6 P_6 19 19 0 0 0 1 1 1
6 P_6 20 20 0 0 0 1 1 1
6 P_6 21 21 0 0 0 1 1 1
6 P_6 22 22 0.5 0.5 0.5 1 1 1
6 P_6 23 23 0 0 0 1 1 1
6 P_6 24 24 0 0 0 1 1 1
6 P_6 25 25 0 0 0 1 1 1
6 P_6 26 26 0 0 0 1 1 1
6 P_6 27 27 0 0 0 1 1 1
6 P_6 28 28 0 0 0 1 1 1
6 P_6 29 29 0 0 0 1 1 1
6 P_6 30 30 0 0 0 1 1 1
6 P_6 31 31 0 0 0 1 1 1
6 P_6 32 32 0 0 0 1 1 1
6 P_6 33 33 0 0 0 1 1 1
6 P_6 34 34 0 0 0 1 1 1
6 P_6 35 35 0 0 0 1 1 1
6 P_6 36 36 0 0 0 1 1 1
6 P_6 37 37 0 0 0 1 1 1
6 P_6 38 38 0 0 0 1 1 1
6 P_6 39 39 0 0 0 1 1 1
6 P_6 40 40 0 0 0 1 1 1
6 P_6 41 41 0 0 0 1 1 1
6 P_6 42 42 0 0 0 1 1 1
6 P_6 43 43 0 0 0 1 1 1
6 P_6 44 44 0 0 0 1 1 1
6 P_6 45 45 0 0 0 1 1 1
6 P_6 46 46 0 0 0 1 1 1
6 P_6 47 47 0 0 0 1 1 1
6 P_6 48 48 0 0 0 1 1 1
6 P_6 49 49 0 0 0 1 1 1
6 P_6 50 50 0 0 0 1 1 1
6 P_6 51 51 0 0 0 1 1 1
6 P_6 52 52 0 0 0 1 1 1
6 P_6 53 53 0 0 0 1 1 1
6 P_6 54 54 0 0 0 1 1 1
6 P_6 55 55 0 0 0 1 1 1
6 P_6 56 56 0 0 0 1 1 1
6 P_6 57 57 0 0 0 1 1 1
6 P_6 58 58 0 0 0 1 1 1
6 P_6 59 59 0 0 0 1 1 1
6 P_6 60 60 0 0 0 1 1 1
6 P_6 61 61 0.5 0.5 0.5 1 1 1
6 P_6 62 62 0 0 0 1 1 1
6 P_6 63 63 0 0 0 1 1 1
6 P_6 64 64 0 0 0 1 1 1
6 P_6 65 65 0 0 0 1 1 1
6 P_6 66 66 0 0 0 1 1 1
6 P_6 67 67 0 0 0 1 1 1
6 P_6 68 68 0 0 0 1 1 1
6 P_6 69 69 0 0 0 1 1 1
6 P_6 70 70 0 0 0 1 1 1
6 P_6 71 71 0 0 0 1 1 1
6 P_6 72 72 0.5 0.5 0.5 1 1 1
7 P_5 0 0 0 0 0 1 1 1
7 P_5 1 1 0 0 0 1 1 1
7 P_5 2 2 0 0 0 1 1 1
7 P_5 3 3 0 0 0 1 1 1
7 P_5 4 4 0 0 0 1 1 1
7 P_5 5 5 0 0 0 1 1 1
7 P_5 6 6 0 0 0 1 1 1
7 P_5 7 7 0 0 0 1 1 1
7 P_5 8 8 0 0 0 1 1 1
7 P_5 9 9 0.2604725 0.3448275862068966 0.4115675 1 1 1
7 P_5 10 10 0 0 0 1 1 1
7 P_5 11 11 0 0 0 1 1 1
7 P_5 12 12 0 0 0 1 1 1
7 P_5 13 13 0 0 0 1 1 1
7 P_5 14 14 0 0 0 1 1 1
7 P_5 15 15 0 0 0 1 1 1
7 P_5 16 16 0 0 0 1 1 1
7 P_5 17 17 0 0 0 1 1 1
7 P_5 18 18 0 0 0 1 1 1
7 P_5 19 19 0 0 0 1 1 1
7 P_5 20 20 0 0 0 1 1 1
7 P_5 21 21 0.067106 0.1326530612244898 0.223682 1 1 1
7 P_5 22 22 0.158409 0.2564102564102564 0.3526935 1 1 1
7 P_5 23 23 0 0 0 1 1 1
7 P_5 24 24 0 0 0 1 1 1
7 P_5 25 25 0 0 0 1 1 1
7 P_5 26 26 0 0 0 1 1 1
7 P_5 27 27 0 0 0 1 1 1
7 P_5 28 28 0 0 0 1 1 1
7 P_5 29 29 0 0 0 1 1 1
7 P_5 30 30 0 0 0 1 1 1
7 P_5 31 31 0 0 0 1 1 1
7 P_5 32 32 0 0 0 1 1 1
7 P_5 33 33 0 0 0 1 1 1
7 P_5 34 34 0 0 0 1 1 1
7 P_5 35 35 0 0 0 1 1 1
7 P_5 36 36 0 0 0 1 1 1
7 P_5 37 37 0 0 0 1 1 1
7 P_5 38 38 0 0 0 1 1 1
7 P_5 39 39 0 0 0 1 1 1
7 P_5 40 40 0 0 0 1 1 1
7 P_5 41 41 0 0 0 1 1 1
7 P_5 42 42 0 0 0 1 1 1
7 P_5 43 43 0 0 0 1 1 1
7 P_5 44 44 0 0 0 1 1 1
7 P_5 45 45 0 0 0 1 1 1
7 P_5 46 46 0 0 0 1 1 1
7 P_5 47 47 0.10637 0.19047619047619047 0.28949 1 1 1
7 P_5 48 48 0 0 0 1 1 1
7 P_5 49 49 0 0 0 1 1 1
7 P_5 50 50 0 0 0 1 1 1
7 P_5 51 51 0 0 0 1 1 1
7 P_5 52 52 0 0 0 1 1 1
7 P_5 53 53 0 0 0 1 1 1
7 P_5 54 54 0 0 0 1 1 1
7 P_5 55 55 0 0 0 1 1 1
7 P_5 56 56 0 0 0 1 1 1
7 P_5 57 57 0 0 0 1 1 1
7 P_5 58 58 0 0 0 1 1 1
7 P_5 59 59 0 0 0 1 1 1
7 P_5 60 60 0 0 0 1 1 1
7 P_5 61 61 0.5 0.5 0.5 1 1 1
7 P_5 62 62 0 0 0 1 1 1
7 P_5 63 63 0 0 0 1 1 1
7 P_5 64 64 0 0 0 1 1 1
7 P_5 65 65 0 0 0 1 1 1
7 P_5 66 66 0 0 0 1 1 1
7 P_5 67 67 0 0 0 1 1 1
7 P_5 68 68 0 0 0 1 1 1
7 P_5 69 69 0 0 0 1 1 1
7 P_5 70 70 0 0 0 1 1 1
7 P_5 71 71 0 0 0 1 1 1
7 P_5 72 72 0.237105 0.319672131147541 0.38989 1 1 1
8 P_1 0 0 0 0 0 1 1 1
8 P_1 1 1 0 0 0 1 1 1
8 P_1 2 2 0 0 0 1 1 1
8 P_1 3 3 0 0 0 1 1 1
8 P_1 4 4 0 0 0 1 1 1
8 P_1 5 5 0 0 0 1 1 1
8 P_1 6 6 0 0 0 1 1 1
8 P_1 7 7 0 0 0 1 1 1
8 P_1 8 8 0 0 0 1 1 1
8 P_1 9 9 0.047671 0.10185185185185185 0.185398 1 1 1
8 P_1 10 10 0 0 0 1 1 1
8 P_1 11 11 0 0 0 1 1 1
8 P_1 12 12 0 0 0 1 1 1
8 P_1 13 13 0 0 0 1 1 1
8 P_1 14 14 0 0 0 1 1 1
8 P_1 15 15 0 0 0 1 1 1
8 P_1 16 16 0 0 0 1 1 1
8 P_1 17 17 0 0 0 1 1 1
8 P_1 18 18 0.1545995 0.23636363636363636 0.3207915 1 1 1
8 P_1 19 19 0 0 0 1 1 1
8 P_1 20 20 0 0 0 1 1 1
8 P_1 21 21 0.072974 0.14 0.2304755 1 1 1
8 P_1 22 22 0.2748635 0.37209302325581395 0.4394375 1 1 1
8 P_1 23 23 0 0 0 1 1 1
8 P_1 24 24 0 0 0 1 1 1
8 P_1 25 25 0 0 0 1 1 1
8 P_1 26 26 0 0 0 1 1 1
8 P_1 27 27 0 0 0 1 1 1
8 P_1 28 28 0 0 0 1 1 1
8 P_1 29 29 0 0 0 1 1 1
8 P_1 30 30 0 0 0 1 1 1
8 P_1 31 31 0 0 0 1 1 1
8 P_1 32 32 0 0 0 1 1 1
8 P_1 33 33 0 0 0 1 1 1
8 P_1 34 34 0.15598 0.25 0.34402 1 1 1
8 P_1 35 35 0 0 0 1 1 1
8 P_1 36 36 0 0 0 1 1 1
8 P_1 37 37 0 0 0 1 1 1
8 P_1 38 38 0 0 0 1 1 1
8 P_1 39 39 0 0 0 1 1 1
8 P_1 40 40 0 0 0 1 1 1
8 P_1 41 41 0 0 0 1 1 1
8 P_1 42 42 0 0 0 1 1 1
8 P_1 43 43 0 0 0 1 1 1
8 P_1 44 44 0 0 0 1 1 1
8 P_1 45 45 0 0 0 1 1 1
8 P_1 46 46 0 0 0 1 1 1
8 P_1 47 47 0.066623 0.12307692307692308 0.200702 1 1 1
8 P_1 48 48 0.1122195 0.2 0.3008735 1 1 1
8 P_1 49 49 0 0 0 1 1 1
8 P_1 50 50 0 0 0 1 1 1
8 P_1 51 51 0 0 0 1 1 1
8 P_1 52 52 0 0 0 1 1 1
8 P_1 53 53 0.1910325 0.27884615384615385 0.360723 1 1 1
8 P_1 54 54 0 0 0 1 1 1
8 P_1 55 55 0 0 0 1 1 1
8 P_1 56 56 0 0 0 1 1 1
8 P_1 57 57 0 0 0 1 1 1
8 P_1 58 58 0 0 0 1 1 1
8 P_1 59 59 0 0 0 1 1 1
8 P_1 60 60 0 0 0 1 1 1
8 P_1 61 61 0.5 0.5 0.5 1 1 1
8 P_1 62 62 0 0 0 1 1 1
8 P_1 63 63 0 0 0 1 1 1
8 P_1 64 64 0 0 0 1 1 1
8 P_1 65 65 0.149524 0.22580645161290322 0.3063135 1 1 1
8 P_1 66 66 0 0 0 1 1 1
8 P_1 67 67 0 0 0 1 1 1
8 P_1 68 68 0 0 0 1 1 1
8 P_1 69 69 0 0 0 1 1 1
8 P_1 70 70 0 0 0 1 1 1
8 P_1 71 71 0 0 0 1 1 1
8 P_1 72 72 0.0551375 0.11702127659574468 0.208894 1 1 1
9 P_0 0 0 0.0918705 0.16346153846153846 0.2528515 1 1 1
9 P_0 1 1 0.0884325 0.15517241379310345 0.2395275 1 1 1
9 P_0 2 2 0 0 0 1 1 1
9 P_0 3 3 0.0717655 0.14130434782608695 0.2358665 1 1 1
9 P_0 4 4 0.122388 0.20930232558139536 0.3061945 1 1 1
9 P_0 5 5 0.0817345 0.14655172413793102 0.230582 1 1 1
9 P_0 6 6 0.0748605 0.1349206349206349 0.214755 1 1 1
9 P_0 7 7 0.0701415 0.13829787234042554 0.231664 1 1 1
9 P_0 8 8 0.113416 0.1875 0.273586 1 1 1
9 P_0 9 9 0 0 0 1 1 1
9 P_0 10 10 0.0810925 0.14814814814814814 0.2354245 1 1 1
9 P_0 11 11 0.1082785 0.19736842105263158 0.3008955 1 1 1
9 P_0 12 12 0 0 0 1 1 1
9 P_0 13 13 0.102822 0.16923076923076924 0.2491245 1 1 1
9 P_0 14 14 0.097952 0.17346938775510204 0.2656205 1 1 1
9 P_0 15 15 0.1200405 0.1893939393939394 0.268723 1 1 1
9 P_0 16 16 0.099449 0.17307692307692307 0.2625285 1 1 1
9 P_0 17 17 0 0 0 1 1 1
9 P_0 18 18 0.076218 0.14583333333333334 0.238511 1 1 1
9 P_0 19 19 0.0946105 0.1744186046511628 0.2727495 1 1 1
9 P_0 20 20 0.061156 0.125 0.216501 1 1 1
9 P_0 21 21 0.1502035 0.2391304347826087 0.3305625 1 1 1
9 P_0 22 22 0.0920135 0.16666666666666666 0.259778 1 1 1
9 P_0 23 23 0.0927345 0.175 0.2768975 1 1 1
9 P_0 24 24 0.0920135 0.16666666666666666 0.259778 1 1 1
9 P_0 25 25 0 0 0 1 1 1
9 P_0 26 26 0.0324454 0.07627118644067797 0.1517545 1 1 1
9 P_0 27 27 0.0710635 0.14864864864864866 0.2546835 1 1 1
9 P_0 28 28 0.120998 0.1875 0.263477 1 1 1
9 P_0 29 29 0.05621 0.11538461538461539 0.20221 1 1 1
9 P_0 30 30 0.0704665 0.14285714285714285 0.242056 1 1 1
9 P_0 31 31 0.04958905 0.10576923076923077 0.191563 1 1 1
9 P_0 32 32 0.130919 0.20909090909090908 0.2952535 1 1 1
9 P_0 33 33 0.108198 0.18181818181818182 0.268753 1 1 1
9 P_0 34 34 0.11416 0.1864406779661017 0.2703455 1 1 1
9 P_0 35 35 0.149673 0.24390243902439024 0.3396935 1 1 1
9 P_0 36 36 0.1011065 0.18181818181818182 0.2788935 1 1 1
9 P_0 37 37 0.0958365 0.17 0.2612285 1 1 1
9 P_0 38 38 0.0958365 0.17 0.2612285 1 1 1
9 P_0 39 39 0.0717655 0.14130434782608695 0.2358665 1 1 1
9 P_0 40 40 0.1271895 0.19333333333333333 0.267742 1 1 1
9 P_0 41 41 0.0316456 0.0784313725490196 0.1610165 1 1 1
9 P_0 42 42 0 0 0 1 1 1
9 P_0 43 43 0.120434 0.19811320754716982 0.286282 1 1 1
9 P_0 44 44 0.076218 0.14583333333333334 0.238511 1 1 1
9 P_0 45 45 0 0 0 1 1 1
9 P_0 46 46 0.096763 0.16393442622950818 0.246358 1 1 1
9 P_0 47 47 0.161021 0.2413793103448276 0.32334 1 1 1
9 P_0 48 48 0.1037635 0.18 0.2711705 1 1 1
9 P_0 49 49 0.067106 0.1326530612244898 0.223682 1 1 1
9 P_0 50 50 0.120434 0.19811320754716982 0.286282 1 1 1
9 P_0 51 51 0.113416 0.1875 0.273586 1 1 1
9 P_0 52 52 0.0810925 0.14814814814814814 0.2354245 1 1 1
9 P_0 53 53 0.04861105 0.10377358490566038 0.188431 1 1 1
9 P_0 54 54 0.067106 0.1326530612244898 0.223682 1 1 1
9 P_0 55 55 0 0 0 1 1 1
9 P_0 56 56 0.0671785 0.14102564102564102 0.2440355 1 1 1
9 P_0 57 57 0.09351 0.16101694915254236 0.2447925 1 1 1
9 P_0 58 58 0 0 0 1 1 1
9 P_0 59 59 0.066279 0.125 0.2061995 1 1 1
9 P_0 60 60 0 0 0 1 1 1
9 P_0 61 61 0.5 0.5 0.5 1 1 1
9 P_0 62 62 0.0399685 0.08928571428571429 0.169378 1 1 1
9 P_0 63 63 0.0884325 0.15517241379310345 0.2395275 1 1 1
9 P_0 64 64 0 0 0 1 1 1
9 P_0 65 65 0.051052 0.10526315789473684 0.18676 1 1 1
9 P_0 66 66 0 0 0 1 1 1
9 P_0 67 67 0.04676675 0.1 0.18246 1 1 1
9 P_0 68 68 0 0 0 1 1 1
9 P_0 69 69 0.0745605 0.14285714285714285 0.2344265 1 1 1
9 P_0 70 70 0.115004 0.19230769230769232 0.281482 1 1 1
9 P_0 71 71 0 0 0 1 1 1
9 P_0 72 72 0 0 0 1 1 1
