2 #m
13 #n
0 P_4 0 0 0.5 0.5 0.5 1 1 1
0 P_4 1 1 0.2607675 0.2672 0.273613 1 1 1
0 P_4 2 2 0.2607675 0.2672 0.273613 1 1 1
0 P_4 3 3 0.144453 0.1503 0.1562615 1 1 1
0 P_4 4 4 0.144453 0.1503 0.1562615 1 1 1
0 P_4 5 5 0.2607675 0.2672 0.273613 1 1 1
0 P_4 6 6 0.2607675 0.2672 0.273613 1 1 1
0 P_4 7 7 0.144453 0.1503 0.1562615 1 1 1
0 P_4 8 8 0 0 0 1 1 1
0 P_4 9 9 0.2607675 0.2672 0.273613 1 1 1
0 P_4 10 10 0.144453 0.1503 0.1562615 1 1 1
0 P_4 11 11 0.144453 0.1503 0.1562615 1 1 1
0 P_4 12 12 0.2607675 0.2672 0.273613 1 1 1
1 P_6 0 0 0.5 0.5 0.5 1 1 1
1 P_6 1 1 0.2674775 0.2739 0.280295 1 1 1
1 P_6 2 2 0.110199 0.11555 0.1210555 1 1 1
1 P_6 3 3 0.163649 0.1697 0.175843 1 1 1
1 P_6 4 4 0.163649 0.1697 0.175843 1 1 1
1 P_6 5 5 0.2674775 0.2739 0.280295 1 1 1
1 P_6 6 6 0.2674775 0.2739 0.280295 1 1 1
1 P_6 7 7 0.163649 0.1697 0.175843 1 1 1
1 P_6 8 8 0.079183 0.0839 0.088808 1 1 1
1 P_6 9 9 0.2674775 0.2739 0.280295 1 1 1
1 P_6 10 10 0.163649 0.1697 0.175843 1 1 1
1 P_6 11 11 0.163649 0.1697 0.175843 1 1 1
1 P_6 12 12 0.2674775 0.2739 0.280295 1 1 1
