5 #m
6 #n
0 P_0 0 0 0.5 0.5 0.5 1 1 1
0 P_0 1 1 0.148103 0.16683417085427135 0.186524 1 1 1
0 P_0 2 2 0 0 0 1 1 1
0 P_0 3 3 0 0 0 1 1 1
0 P_0 4 4 0 0 0 1 1 1
0 P_0 5 5 0.043306 0.05504587155963303 0.0690635 1 1 1
1 P_2 0 0 0.5 0.5 0.5 1 1 1
1 P_2 1 1 0.3188555 0.3382936507936508 0.356727 1 1 1
1 P_2 2 2 0 0 0 1 1 1
1 P_2 3 3 0 0 0 1 1 1
1 P_2 4 4 0 0 0 1 1 1
1 P_2 5 5 0.1447435 0.1630859375 0.1824015 1 1 1
2 P_9 0 0 0.5 0.5 0.5 1 1 1
2 P_9 1 1 0.5 0.5 0.5 1 1 1
2 P_9 2 2 0.0978635 0.11408730158730158 0.131857 1 1 1
2 P_9 3 3 0 0 0 1 1 1
2 P_9 4 4 0.0982025 0.11439842209072978 0.132128 1 1 1
2 P_9 5 5 0 0 0 1 1 1
3 P_8 0 0 0.5 0.5 0.5 1 1 1
3 P_8 1 1 0.2018225 0.22188755020080322 0.242276 1 1 1
3 P_8 2 2 0 0 0 1 1 1
3 P_8 3 3 0 0 0 1 1 1
3 P_8 4 4 0 0 0 1 1 1
3 P_8 5 5 0.084419 0.10010373443983403 0.1175715 1 1 1
4 P_6 0 0 0.5 0.5 0.5 1 1 1
4 P_6 1 1 0.235421 0.25573280159521433 0.2759795 1 1 1
4 P_6 2 2 0 0 0 1 1 1
4 P_6 3 3 0 0 0 1 1 1
4 P_6 4 4 0 0 0 1 1 1
4 P_6 5 5 0 0 0 1 1 1
