5 #m
7 #n
0 P_0 0 0 0.5 0.5 0.5 1 1 1
0 P_0 1 1 0 0 0 1 1 1
0 P_0 2 2 0 0 0 1 1 1
0 P_0 3 3 0.3548505 0.4117647058823529 0.4511265 1 1 1
0 P_0 4 4 0.3045785 0.3695652173913043 0.420212 1 1 1
0 P_0 5 5 0 0 0 1 1 1
0 P_0 6 6 0 0 0 1 1 1
1 P_3 0 0 0.5 0.5 0.5 1 1 1
1 P_3 1 1 0 0 0 1 1 1
1 P_3 2 2 0 0 0 1 1 1
1 P_3 3 3 0.365586 0.42391304347826086 0.4614195 1 1 1
1 P_3 4 4 0.3821055 0.4368421052631579 0.4699055 1 1 1
1 P_3 5 5 0 0 0 1 1 1
1 P_3 6 6 0 0 0 1 1 1
2 P_8 0 0 0.5 0.5 0.5 1 1 1
2 P_8 1 1 0 0 0 1 1 1
2 P_8 2 2 0 0 0 1 1 1
2 P_8 3 3 0.5 0.5 0.5 1 1 1
2 P_8 4 4 0.5 0.5 0.5 1 1 1
2 P_8 5 5 0 0 0 1 1 1
2 P_8 6 6 0 0 0 1 1 1
3 P_7 0 0 0.5 0.5 0.5 1 1 1
3 P_7 1 1 0 0 0 1 1 1
3 P_7 2 2 0 0 0 1 1 1
3 P_7 3 3 0.131445 0.19411764705882353 0.2640245 1 1 1
3 P_7 4 4 0.100766 0.15137614678899083 0.2120385 1 1 1
3 P_7 5 5 0 0 0 1 1 1
3 P_7 6 6 0 0 0 1 1 1
4 P_1 0 0 0.5 0.5 0.5 1 1 1
4 P_1 1 1 0.024493 0.05339805825242718 0.1033895 1 1 1
4 P_1 2 2 0.01204165 0.032407407407407406 0.0749985 1 1 1
4 P_1 3 3 0.3491135 0.4056603773584906 0.4459275 1 1 1
4 P_1 4 4 0.292968 0.358695652173913 0.411385 1 1 1
4 P_1 5 5 0.02158365 0.049019607843137254 0.0982035 1 1 1
4 P_1 6 6 0 0 0 1 1 1
