10 #m
47 #n
0 P_3 0 0 0.5 0.5 0.5 1 1 1
0 P_3 1 1 0.067446 0.1111111111111111 0.1690495 1 1 1
0 P_3 2 2 0.0557085 0.0970873786407767 0.154908 1 1 1
0 P_3 3 3 0.0304229 0.06382978723404255 0.119053 1 1 1
0 P_3 4 4 0 0 0 1 1 1
0 P_3 5 5 0 0 0 1 1 1
0 P_3 6 6 0.092778 0.14285714285714285 0.2042565 1 1 1
0 P_3 7 7 0.071132 0.11956521739130435 0.1836385 1 1 1
0 P_3 8 8 0.04105205 0.07894736842105263 0.1367045 1 1 1
0 P_3 9 9 0.0684085 0.11386138613861387 0.174238 1 1 1
0 P_3 10 10 0 0 0 1 1 1
0 P_3 11 11 0.113012 0.16666666666666666 0.229128 1 1 1
0 P_3 12 12 0.1333145 0.19444444444444445 0.262384 1 1 1
0 P_3 13 13 0 0 0 1 1 1
0 P_3 14 14 0.064936 0.10714285714285714 0.163523 1 1 1
0 P_3 15 15 0.5 0.5 0.5 1 1 1
0 P_3 16 16 0.5 0.5 0.5 1 1 1
0 P_3 17 17 0.04600285 0.08189655172413793 0.1339005 1 1 1
0 P_3 18 18 0.5 0.5 0.5 1 1 1
0 P_3 19 19 0 0 0 1 1 1
0 P_3 20 20 0.0572065 0.10106382978723404 0.162407 1 1 1
0 P_3 21 21 0.077882 0.125 0.185443 1 1 1
0 P_3 22 22 0.5 0.5 0.5 1 1 1
0 P_3 23 23 0.1416325 0.20454545454545456 0.2731515 1 1 1
0 P_3 24 24 0.0422486 0.0779816513761468 0.131217 1 1 1
0 P_3 25 25 0 0 0 1 1 1
0 P_3 26 26 0 0 0 1 1 1
0 P_3 27 27 0.04253 0.08 0.136263 1 1 1
0 P_3 28 28 0.03334875 0.0660377358490566 0.117941 1 1 1
0 P_3 29 29 0.139803 0.20108695652173914 0.268242 1 1 1
0 P_3 30 30 0.0304229 0.06382978723404255 0.119053 1 1 1
0 P_3 31 31 0.127671 0.18141592920353983 0.2419135 1 1 1
0 P_3 32 32 0 0 0 1 1 1
0 P_3 33 33 0.051487 0.09278350515463918 0.151985 1 1 1
0 P_3 34 34 0 0 0 1 1 1
0 P_3 35 35 0.312343 0.37155963302752293 0.4183905 1 1 1
0 P_3 36 36 0.128351 0.18396226415094338 0.24649 1 1 1
0 P_3 37 37 0 0 0 1 1 1
0 P_3 38 38 0.02180155 0.04950495049504951 0.099111 1 1 1
0 P_3 39 39 0 0 0 1 1 1
0 P_3 40 40 0 0 0 1 1 1
0 P_3 41 41 0.1458275 0.20618556701030927 0.271542 1 1 1
0 P_3 42 42 0.067642 0.11538461538461539 0.1794365 1 1 1
0 P_3 43 43 0.1075605 0.1590909090909091 0.2198065 1 1 1
0 P_3 44 44 0 0 0 1 1 1
0 P_3 45 45 0 0 0 1 1 1
0 P_3 46 46 0.01288685 0.034653465346534656 0.079886 1 1 1
1 P_7 0 0 0.5 0.5 0.5 1 1 1
1 P_7 1 1 0 0 0 1 1 1
1 P_7 2 2 0 0 0 1 1 1
1 P_7 3 3 0 0 0 1 1 1
1 P_7 4 4 0.309588 0.3712871287128713 0.419687 1 1 1
1 P_7 5 5 0.262584 0.328125 0.3846665 1 1 1
1 P_7 6 6 0.0727915 0.12222222222222222 0.1873015 1 1 1
1 P_7 7 7 0 0 0 1 1 1
1 P_7 8 8 0 0 0 1 1 1
1 P_7 9 9 0 0 0 1 1 1
1 P_7 10 10 0.311007 0.37142857142857144 0.4190235 1 1 1
1 P_7 11 11 0.1352675 0.19230769230769232 0.255502 1 1 1
1 P_7 12 12 0.119567 0.17475728155339806 0.2380485 1 1 1
1 P_7 13 13 0.227853 0.2912621359223301 0.350228 1 1 1
1 P_7 14 14 0 0 0 1 1 1
1 P_7 15 15 0.5 0.5 0.5 1 1 1
1 P_7 16 16 0.5 0.5 0.5 1 1 1
1 P_7 17 17 0 0 0 1 1 1
1 P_7 18 18 0.5 0.5 0.5 1 1 1
1 P_7 19 19 0 0 0 1 1 1
1 P_7 20 20 0 0 0 1 1 1
1 P_7 21 21 0.313653 0.37628865979381443 0.4245295 1 1 1
1 P_7 22 22 0.5 0.5 0.5 1 1 1
1 P_7 23 23 0.0809765 0.12857142857142856 0.188993 1 1 1
1 P_7 24 24 0 0 0 1 1 1
1 P_7 25 25 0 0 0 1 1 1
1 P_7 26 26 0.288879 0.35555555555555557 0.4093005 1 1 1
1 P_7 27 27 0 0 0 1 1 1
1 P_7 28 28 0 0 0 1 1 1
1 P_7 29 29 0.1172225 0.17346938775510204 0.23836 1 1 1
1 P_7 30 30 0 0 0 1 1 1
1 P_7 31 31 0.1286855 0.1881720430107527 0.2550025 1 1 1
1 P_7 32 32 0 0 0 1 1 1
1 P_7 33 33 0 0 0 1 1 1
1 P_7 34 34 0 0 0 1 1 1
1 P_7 35 35 0.5 0.5 0.5 1 1 1
1 P_7 36 36 0.2932205 0.35789473684210527 0.4100185 1 1 1
1 P_7 37 37 0.290625 0.35795454545454547 0.4117715 1 1 1
1 P_7 38 38 0 0 0 1 1 1
1 P_7 39 39 0 0 0 1 1 1
1 P_7 40 40 0.283871 0.34615384615384615 0.3981825 1 1 1
1 P_7 41 41 0.0940185 0.14942528735632185 0.217561 1 1 1
1 P_7 42 42 0 0 0 1 1 1
1 P_7 43 43 0.1105835 0.16853932584269662 0.236585 1 1 1
1 P_7 44 44 0.2598875 0.3235294117647059 0.37918 1 1 1
1 P_7 45 45 0 0 0 1 1 1
1 P_7 46 46 0 0 0 1 1 1
2 P_2 0 0 0.5 0.5 0.5 1 1 1
2 P_2 1 1 0.3832415 0.4375 0.470227 1 1 1
2 P_2 2 2 0 0 0 1 1 1
2 P_2 3 3 0 0 0 1 1 1
2 P_2 4 4 0.01534965 0.041176470588235294 0.093861 1 1 1
2 P_2 5 5 0.04606765 0.08333333333333333 0.137712 1 1 1
2 P_2 6 6 0 0 0 1 1 1
2 P_2 7 7 0 0 0 1 1 1
2 P_2 8 8 0.3491135 0.4056603773584906 0.4459275 1 1 1
2 P_2 9 9 0 0 0 1 1 1
2 P_2 10 10 0.02542825 0.05357142857142857 0.101153 1 1 1
2 P_2 11 11 0 0 0 1 1 1
2 P_2 12 12 0 0 0 1 1 1
2 P_2 13 13 0.04600285 0.08189655172413793 0.1339005 1 1 1
2 P_2 14 14 0 0 0 1 1 1
2 P_2 15 15 0.5 0.5 0.5 1 1 1
2 P_2 16 16 0.5 0.5 0.5 1 1 1
2 P_2 17 17 0 0 0 1 1 1
2 P_2 18 18 0.5 0.5 0.5 1 1 1
2 P_2 19 19 0.047429 0.08571428571428572 0.1413335 1 1 1
2 P_2 20 20 0.334679 0.3925233644859813 0.4355905 1 1 1
2 P_2 21 21 0.03855065 0.07272727272727272 0.124778 1 1 1
2 P_2 22 22 0.5 0.5 0.5 1 1 1
2 P_2 23 23 0 0 0 1 1 1
2 P_2 24 24 0 0 0 1 1 1
2 P_2 25 25 0.09228 0.14432989690721648 0.2084285 1 1 1
2 P_2 26 26 0.0361498 0.07142857142857142 0.126825 1 1 1
2 P_2 27 27 0.25274 0.3191489361702128 0.377429 1 1 1
2 P_2 28 28 0.238684 0.30412371134020616 0.3633895 1 1 1
2 P_2 29 29 0 0 0 1 1 1
2 P_2 30 30 0 0 0 1 1 1
2 P_2 31 31 0 0 0 1 1 1
2 P_2 32 32 0.071132 0.11956521739130435 0.1836385 1 1 1
2 P_2 33 33 0 0 0 1 1 1
2 P_2 34 34 0.0987595 0.15048543689320387 0.2129225 1 1 1
2 P_2 35 35 0.028442 0.06179775280898876 0.118386 1 1 1
2 P_2 36 36 0.0309631 0.06 0.105958 1 1 1
2 P_2 37 37 0.02945845 0.061855670103092786 0.115644 1 1 1
2 P_2 38 38 0.2286905 0.29473684210526313 0.3555765 1 1 1
2 P_2 39 39 0.116019 0.17391304347826086 0.2409375 1 1 1
2 P_2 40 40 0.051487 0.09278350515463918 0.151985 1 1 1
2 P_2 41 41 0 0 0 1 1 1
2 P_2 42 42 0 0 0 1 1 1
2 P_2 43 43 0 0 0 1 1 1
2 P_2 44 44 0.0228583 0.05421686746987952 0.111384 1 1 1
2 P_2 45 45 0.098736 0.15151515151515152 0.215307 1 1 1
2 P_2 46 46 0.2503085 0.31976744186046513 0.3802955 1 1 1
3 P_5 0 0 0.5 0.5 0.5 1 1 1
3 P_5 1 1 0.197227 0.26373626373626374 0.328579 1 1 1
3 P_5 2 2 0.03110185 0.06521739130434782 0.121439 1 1 1
3 P_5 3 3 0 0 0 1 1 1
3 P_5 4 4 0.1720565 0.23300970873786409 0.2957925 1 1 1
3 P_5 5 5 0.1477935 0.20967741935483872 0.27635150000000003 1 1 1
3 P_5 6 6 0 0 0 1 1 1
3 P_5 7 7 0 0 0 1 1 1
3 P_5 8 8 0.190429 0.25 0.309571 1 1 1
3 P_5 9 9 0.0477009 0.08482142857142858 0.138319 1 1 1
3 P_5 10 10 0.136729 0.19339622641509435 0.255992 1 1 1
3 P_5 11 11 0 0 0 1 1 1
3 P_5 12 12 0 0 0 1 1 1
3 P_5 13 13 0.1620355 0.22277227722772278 0.286497 1 1 1
3 P_5 14 14 0 0 0 1 1 1
3 P_5 15 15 0.5 0.5 0.5 1 1 1
3 P_5 16 16 0.5 0.5 0.5 1 1 1
3 P_5 17 17 0.0263201 0.057291666666666664 0.1103825 1 1 1
3 P_5 18 18 0.5 0.5 0.5 1 1 1
3 P_5 19 19 0 0 0 1 1 1
3 P_5 20 20 0.2183875 0.2849462365591398 0.347354 1 1 1
3 P_5 21 21 0.186616 0.25609756097560976 0.324762 1 1 1
3 P_5 22 22 0.5 0.5 0.5 1 1 1
3 P_5 23 23 0 0 0 1 1 1
3 P_5 24 24 0 0 0 1 1 1
3 P_5 25 25 0 0 0 1 1 1
3 P_5 26 26 0.1712745 0.234375 0.299276 1 1 1
3 P_5 27 27 0.133525 0.19270833333333334 0.2584925 1 1 1
3 P_5 28 28 0.191332 0.25510204081632654 0.318296 1 1 1
3 P_5 29 29 0 0 0 1 1 1
3 P_5 30 30 0.0291504 0.061224489795918366 0.1145505 1 1 1
3 P_5 31 31 0 0 0 1 1 1
3 P_5 32 32 0 0 0 1 1 1
3 P_5 33 33 0 0 0 1 1 1
3 P_5 34 34 0.184379 0.24528301886792453 0.306681 1 1 1
3 P_5 35 35 0.126109 0.1836734693877551 0.248729 1 1 1
3 P_5 36 36 0.1684825 0.22857142857142856 0.2909255 1 1 1
3 P_5 37 37 0.139803 0.20108695652173914 0.268242 1 1 1
3 P_5 38 38 0.172735 0.23043478260869565 0.290029 1 1 1
3 P_5 39 39 0 0 0 1 1 1
3 P_5 40 40 0.1484995 0.2079207920792079 0.2719595 1 1 1
3 P_5 41 41 0 0 0 1 1 1
3 P_5 42 42 0 0 0 1 1 1
3 P_5 43 43 0 0 0 1 1 1
3 P_5 44 44 0.1365845 0.1978021978021978 0.265351 1 1 1
3 P_5 45 45 0 0 0 1 1 1
3 P_5 46 46 0.1366805 0.1941747572815534 0.25768 1 1 1
4 P_8 0 0 0.5 0.5 0.5 1 1 1
4 P_8 1 1 0 0 0 1 1 1
4 P_8 2 2 0 0 0 1 1 1
4 P_8 3 3 0 0 0 1 1 1
4 P_8 4 4 0.0537885 0.0967741935483871 0.1579315 1 1 1
4 P_8 5 5 0.0293674 0.058333333333333334 0.1050535 1 1 1
4 P_8 6 6 0 0 0 1 1 1
4 P_8 7 7 0 0 0 1 1 1
4 P_8 8 8 0 0 0 1 1 1
4 P_8 9 9 0 0 0 1 1 1
4 P_8 10 10 0.0377695 0.07281553398058252 0.1268935 1 1 1
4 P_8 11 11 0 0 0 1 1 1
4 P_8 12 12 0 0 0 1 1 1
4 P_8 13 13 0.03403925 0.06914893617021277 0.1254595 1 1 1
4 P_8 14 14 0.326923 0.38095238095238093 0.4233855 1 1 1
4 P_8 15 15 0.5 0.5 0.5 1 1 1
4 P_8 16 16 0.5 0.5 0.5 1 1 1
4 P_8 17 17 0 0 0 1 1 1
4 P_8 18 18 0.5 0.5 0.5 1 1 1
4 P_8 19 19 0 0 0 1 1 1
4 P_8 20 20 0 0 0 1 1 1
4 P_8 21 21 0.5 0.5 0.5 1 1 1
4 P_8 22 22 0.5 0.5 0.5 1 1 1
4 P_8 23 23 0 0 0 1 1 1
4 P_8 24 24 0 0 0 1 1 1
4 P_8 25 25 0 0 0 1 1 1
4 P_8 26 26 0.0526125 0.09473684210526316 0.154902 1 1 1
4 P_8 27 27 0 0 0 1 1 1
4 P_8 28 28 0 0 0 1 1 1
4 P_8 29 29 0 0 0 1 1 1
4 P_8 30 30 0 0 0 1 1 1
4 P_8 31 31 0 0 0 1 1 1
4 P_8 32 32 0 0 0 1 1 1
4 P_8 33 33 0.3766585 0.4306930693069307 0.464954 1 1 1
4 P_8 34 34 0 0 0 1 1 1
4 P_8 35 35 0.5 0.5 0.5 1 1 1
4 P_8 36 36 0.5 0.5 0.5 1 1 1
4 P_8 37 37 0.03181175 0.06666666666666667 0.123922 1 1 1
4 P_8 38 38 0 0 0 1 1 1
4 P_8 39 39 0 0 0 1 1 1
4 P_8 40 40 0.0377347 0.07446808510638298 0.131786 1 1 1
4 P_8 41 41 0 0 0 1 1 1
4 P_8 42 42 0.345126 0.40186915887850466 0.44287 1 1 1
4 P_8 43 43 0 0 0 1 1 1
4 P_8 44 44 0.04651265 0.08411214953271028 0.1388985 1 1 1
4 P_8 45 45 0 0 0 1 1 1
4 P_8 46 46 0 0 0 1 1 1
5 P_4 0 0 0.5 0.5 0.5 1 1 1
5 P_4 1 1 0.260033 0.3277777777777778 0.3859905 1 1 1
5 P_4 2 2 0 0 0 1 1 1
5 P_4 3 3 0 0 0 1 1 1
5 P_4 4 4 0.0822935 0.13297872340425532 0.197413 1 1 1
5 P_4 5 5 0.0754375 0.125 0.1895525 1 1 1
5 P_4 6 6 0 0 0 1 1 1
5 P_4 7 7 0 0 0 1 1 1
5 P_4 8 8 0.2949745 0.35344827586206895 0.401994 1 1 1
5 P_4 9 9 0 0 0 1 1 1
5 P_4 10 10 0.090403 0.14534883720930233 0.213686 1 1 1
5 P_4 11 11 0 0 0 1 1 1
5 P_4 12 12 0 0 0 1 1 1
5 P_4 13 13 0.139598 0.19801980198019803 0.2621455 1 1 1
5 P_4 14 14 0 0 0 1 1 1
5 P_4 15 15 0.5 0.5 0.5 1 1 1
5 P_4 16 16 0.5 0.5 0.5 1 1 1
5 P_4 17 17 0 0 0 1 1 1
5 P_4 18 18 0.5 0.5 0.5 1 1 1
5 P_4 19 19 0.3288385 0.3883495145631068 0.4329785 1 1 1
5 P_4 20 20 0.265731 0.3352941176470588 0.393818 1 1 1
5 P_4 21 21 0.0747555 0.12135922330097088 0.181803 1 1 1
5 P_4 22 22 0.5 0.5 0.5 1 1 1
5 P_4 23 23 0 0 0 1 1 1
5 P_4 24 24 0 0 0 1 1 1
5 P_4 25 25 0.286616 0.35 0.40231 1 1 1
5 P_4 26 26 0.12437 0.18229166666666666 0.248014 1 1 1
5 P_4 27 27 0 0 0 1 1 1
5 P_4 28 28 0 0 0 1 1 1
5 P_4 29 29 0 0 0 1 1 1
5 P_4 30 30 0 0 0 1 1 1
5 P_4 31 31 0 0 0 1 1 1
5 P_4 32 32 0.2856515 0.35106382978723405 0.404599 1 1 1
5 P_4 33 33 0 0 0 1 1 1
5 P_4 34 34 0 0 0 1 1 1
5 P_4 35 35 0.0928855 0.14772727272727273 0.215372 1 1 1
5 P_4 36 36 0.1079905 0.16483516483516483 0.2320065 1 1 1
5 P_4 37 37 0.11448 0.1652542372881356 0.2240295 1 1 1
5 P_4 38 38 0 0 0 1 1 1
5 P_4 39 39 0.3240475 0.3870967741935484 0.4338795 1 1 1
5 P_4 40 40 0.064516 0.10891089108910891 0.16877 1 1 1
5 P_4 41 41 0 0 0 1 1 1
5 P_4 42 42 0 0 0 1 1 1
5 P_4 43 43 0 0 0 1 1 1
5 P_4 44 44 0.127671 0.18141592920353983 0.2419135 1 1 1
5 P_4 45 45 0.3203335 0.3811881188118812 0.42766 1 1 1
5 P_4 46 46 0 0 0 1 1 1
6 P_0 0 0 0.5 0.5 0.5 1 1 1
6 P_0 1 1 0 0 0 1 1 1
6 P_0 2 2 0 0 0 1 1 1
6 P_0 3 3 0.07234 0.1188118811881188 0.1796665 1 1 1
6 P_0 4 4 0.3069255 0.3735632183908046 0.4245685 1 1 1
6 P_0 5 5 0.305997 0.36764705882352944 0.416518 1 1 1
6 P_0 6 6 0 0 0 1 1 1
6 P_0 7 7 0.0542055 0.09595959595959595 0.154919 1 1 1
6 P_0 8 8 0 0 0 1 1 1
6 P_0 9 9 0 0 0 1 1 1
6 P_0 10 10 0.3105575 0.36936936936936937 0.4162295 1 1 1
6 P_0 11 11 0 0 0 1 1 1
6 P_0 12 12 0 0 0 1 1 1
6 P_0 13 13 0.3170535 0.3787878787878788 0.426128 1 1 1
6 P_0 14 14 0 0 0 1 1 1
6 P_0 15 15 0.5 0.5 0.5 1 1 1
6 P_0 16 16 0.5 0.5 0.5 1 1 1
6 P_0 17 17 0 0 0 1 1 1
6 P_0 18 18 0.5 0.5 0.5 1 1 1
6 P_0 19 19 0 0 0 1 1 1
6 P_0 20 20 0 0 0 1 1 1
6 P_0 21 21 0.2852115 0.3480392156862745 0.4002145 1 1 1
6 P_0 22 22 0.5 0.5 0.5 1 1 1
6 P_0 23 23 0 0 0 1 1 1
6 P_0 24 24 0.0832265 0.13440860215053763 0.199312 1 1 1
6 P_0 25 25 0 0 0 1 1 1
6 P_0 26 26 0.3232775 0.3854166666666667 0.431969 1 1 1
6 P_0 27 27 0 0 0 1 1 1
6 P_0 28 28 0 0 0 1 1 1
6 P_0 29 29 0 0 0 1 1 1
6 P_0 30 30 0 0 0 1 1 1
6 P_0 31 31 0 0 0 1 1 1
6 P_0 32 32 0 0 0 1 1 1
6 P_0 33 33 0 0 0 1 1 1
6 P_0 34 34 0 0 0 1 1 1
6 P_0 35 35 0.5 0.5 0.5 1 1 1
6 P_0 36 36 0.5 0.5 0.5 1 1 1
6 P_0 37 37 0.3239975 0.38953488372093026 0.4372305 1 1 1
6 P_0 38 38 0 0 0 1 1 1
6 P_0 39 39 0 0 0 1 1 1
6 P_0 40 40 0.305889 0.36666666666666664 0.41512 1 1 1
6 P_0 41 41 0 0 0 1 1 1
6 P_0 42 42 0 0 0 1 1 1
6 P_0 43 43 0 0 0 1 1 1
6 P_0 44 44 0.3192765 0.37850467289719625 0.4244055 1 1 1
6 P_0 45 45 0 0 0 1 1 1
6 P_0 46 46 0 0 0 1 1 1
7 P_1 0 0 0.5 0.5 0.5 1 1 1
7 P_1 1 1 0 0 0 1 1 1
7 P_1 2 2 0 0 0 1 1 1
7 P_1 3 3 0.3006995 0.36666666666666664 0.418343 1 1 1
7 P_1 4 4 0.04905915 0.0871559633027523 0.141828 1 1 1
7 P_1 5 5 0.060045 0.10294117647058823 0.1618015 1 1 1
7 P_1 6 6 0 0 0 1 1 1
7 P_1 7 7 0.342734 0.39823008849557523 0.439147 1 1 1
7 P_1 8 8 0 0 0 1 1 1
7 P_1 9 9 0 0 0 1 1 1
7 P_1 10 10 0.0377347 0.07446808510638298 0.131786 1 1 1
7 P_1 11 11 0 0 0 1 1 1
7 P_1 12 12 0 0 0 1 1 1
7 P_1 13 13 0.0672975 0.1134020618556701 0.175073 1 1 1
7 P_1 14 14 0 0 0 1 1 1
7 P_1 15 15 0.5 0.5 0.5 1 1 1
7 P_1 16 16 0.5 0.5 0.5 1 1 1
7 P_1 17 17 0 0 0 1 1 1
7 P_1 18 18 0.5 0.5 0.5 1 1 1
7 P_1 19 19 0 0 0 1 1 1
7 P_1 20 20 0 0 0 1 1 1
7 P_1 21 21 0.0406108 0.078125 0.1353965 1 1 1
7 P_1 22 22 0.5 0.5 0.5 1 1 1
7 P_1 23 23 0 0 0 1 1 1
7 P_1 24 24 0.3266285 0.3901098901098901 0.4366185 1 1 1
7 P_1 25 25 0 0 0 1 1 1
7 P_1 26 26 0.0627695 0.11046511627906977 0.1760025 1 1 1
7 P_1 27 27 0 0 0 1 1 1
7 P_1 28 28 0 0 0 1 1 1
7 P_1 29 29 0 0 0 1 1 1
7 P_1 30 30 0 0 0 1 1 1
7 P_1 31 31 0 0 0 1 1 1
7 P_1 32 32 0 0 0 1 1 1
7 P_1 33 33 0 0 0 1 1 1
7 P_1 34 34 0 0 0 1 1 1
7 P_1 35 35 0.5 0.5 0.5 1 1 1
7 P_1 36 36 0.5 0.5 0.5 1 1 1
7 P_1 37 37 0.071033 0.1134453781512605 0.168637 1 1 1
7 P_1 38 38 0 0 0 1 1 1
7 P_1 39 39 0 0 0 1 1 1
7 P_1 40 40 0.0495293 0.08796296296296297 0.1430375 1 1 1
7 P_1 41 41 0 0 0 1 1 1
7 P_1 42 42 0 0 0 1 1 1
7 P_1 43 43 0 0 0 1 1 1
7 P_1 44 44 0.071132 0.11956521739130435 0.1836385 1 1 1
7 P_1 45 45 0 0 0 1 1 1
7 P_1 46 46 0 0 0 1 1 1
8 P_6 0 0 0.5 0.5 0.5 1 1 1
8 P_6 1 1 0.03858055 0.07608695652173914 0.134414 1 1 1
8 P_6 2 2 0 0 0 1 1 1
8 P_6 3 3 0.13965 0.1989795918367347 0.2640725 1 1 1
8 P_6 4 4 0 0 0 1 1 1
8 P_6 5 5 0 0 0 1 1 1
8 P_6 6 6 0.1736055 0.23214285714285715 0.292454 1 1 1
8 P_6 7 7 0.2110315 0.275 0.3361985 1 1 1
8 P_6 8 8 0.02951955 0.06018518518518518 0.110315 1 1 1
8 P_6 9 9 0 0 0 1 1 1
8 P_6 10 10 0 0 0 1 1 1
8 P_6 11 11 0.135185 0.19306930693069307 0.2572005 1 1 1
8 P_6 12 12 0.1624405 0.22580645161290322 0.2920465 1 1 1
8 P_6 13 13 0 0 0 1 1 1
8 P_6 14 14 0 0 0 1 1 1
8 P_6 15 15 0.5 0.5 0.5 1 1 1
8 P_6 16 16 0.5 0.5 0.5 1 1 1
8 P_6 17 17 0 0 0 1 1 1
8 P_6 18 18 0.5 0.5 0.5 1 1 1
8 P_6 19 19 0.0336749 0.06666666666666667 0.118983 1 1 1
8 P_6 20 20 0.02225085 0.050505050505050504 0.100977 1 1 1
8 P_6 21 21 0 0 0 1 1 1
8 P_6 22 22 0.5 0.5 0.5 1 1 1
8 P_6 23 23 0.108835 0.16489361702127658 0.2309555 1 1 1
8 P_6 24 24 0.1712745 0.234375 0.299276 1 1 1
8 P_6 25 25 0.0277021 0.05825242718446602 0.109378 1 1 1
8 P_6 26 26 0 0 0 1 1 1
8 P_6 27 27 0 0 0 1 1 1
8 P_6 28 28 0 0 0 1 1 1
8 P_6 29 29 0.126109 0.1836734693877551 0.248729 1 1 1
8 P_6 30 30 0 0 0 1 1 1
8 P_6 31 31 0.1765535 0.25 0.3234465 1 1 1
8 P_6 32 32 0.04196395 0.08064516129032258 0.1393975 1 1 1
8 P_6 33 33 0 0 0 1 1 1
8 P_6 34 34 0 0 0 1 1 1
8 P_6 35 35 0.345092 0.4029126213592233 0.4442915 1 1 1
8 P_6 36 36 0.1575285 0.22043010752688172 0.2868445 1 1 1
8 P_6 37 37 0 0 0 1 1 1
8 P_6 38 38 0 0 0 1 1 1
8 P_6 39 39 0.0418527 0.07727272727272727 0.130113 1 1 1
8 P_6 40 40 0 0 0 1 1 1
8 P_6 41 41 0.152646 0.21505376344086022 0.2816125 1 1 1
8 P_6 42 42 0 0 0 1 1 1
8 P_6 43 43 0.1693835 0.22897196261682243 0.290743 1 1 1
8 P_6 44 44 0 0 0 1 1 1
8 P_6 45 45 0.03702935 0.07142857142857142 0.124656 1 1 1
8 P_6 46 46 0 0 0 1 1 1
9 P_9 0 0 0.5 0.5 0.5 1 1 1
9 P_9 1 1 0.036861 0.07692307692307693 0.141236 1 1 1
9 P_9 2 2 0 0 0 1 1 1
9 P_9 3 3 0.0684865 0.11160714285714286 0.16846 1 1 1
9 P_9 4 4 0 0 0 1 1 1
9 P_9 5 5 0 0 0 1 1 1
9 P_9 6 6 0 0 0 1 1 1
9 P_9 7 7 0.089358 0.14 0.202822 1 1 1
9 P_9 8 8 0.0237172 0.053763440860215055 0.1070195 1 1 1
9 P_9 9 9 0 0 0 1 1 1
9 P_9 10 10 0 0 0 1 1 1
9 P_9 11 11 0 0 0 1 1 1
9 P_9 12 12 0 0 0 1 1 1
9 P_9 13 13 0 0 0 1 1 1
9 P_9 14 14 0.278715 0.34375 0.397987 1 1 1
9 P_9 15 15 0.5 0.5 0.5 1 1 1
9 P_9 16 16 0.5 0.5 0.5 1 1 1
9 P_9 17 17 0 0 0 1 1 1
9 P_9 18 18 0.5 0.5 0.5 1 1 1
9 P_9 19 19 0 0 0 1 1 1
9 P_9 20 20 0.02855325 0.06 0.112424 1 1 1
9 P_9 21 21 0.2575545 0.3194444444444444 0.3741915 1 1 1
9 P_9 22 22 0.5 0.5 0.5 1 1 1
9 P_9 23 23 0 0 0 1 1 1
9 P_9 24 24 0.111928 0.17045454545454544 0.2389415 1 1 1
9 P_9 25 25 0 0 0 1 1 1
9 P_9 26 26 0 0 0 1 1 1
9 P_9 27 27 0.0361498 0.07142857142857142 0.126825 1 1 1
9 P_9 28 28 0.0526125 0.09473684210526316 0.154902 1 1 1
9 P_9 29 29 0 0 0 1 1 1
9 P_9 30 30 0 0 0 1 1 1
9 P_9 31 31 0 0 0 1 1 1
9 P_9 32 32 0 0 0 1 1 1
9 P_9 33 33 0.228458 0.29381443298969073 0.3541725 1 1 1
9 P_9 34 34 0 0 0 1 1 1
9 P_9 35 35 0.380947 0.43617021276595747 0.469577 1 1 1
9 P_9 36 36 0.3646035 0.421875 0.459389 1 1 1
9 P_9 37 37 0 0 0 1 1 1
9 P_9 38 38 0.0205789 0.04891304347826087 0.1012635 1 1 1
9 P_9 39 39 0 0 0 1 1 1
9 P_9 40 40 0 0 0 1 1 1
9 P_9 41 41 0 0 0 1 1 1
9 P_9 42 42 0.233305 0.29310344827586204 0.348764 1 1 1
9 P_9 43 43 0 0 0 1 1 1
9 P_9 44 44 0 0 0 1 1 1
9 P_9 45 45 0 0 0 1 1 1
9 P_9 46 46 0.043567 0.07894736842105263 0.130996 1 1 1
