5 #m
58 #n
0 P_1 0 0 0.5 0.5 0.5 1 1 1
0 P_1 1 1 0.5 0.5 0.5 1 1 1
0 P_1 2 2 0 0 0 1 1 1
0 P_1 3 3 0 0 0 1 1 1
0 P_1 4 4 0 0 0 1 1 1
0 P_1 5 5 0 0 0 1 1 1
0 P_1 6 6 0.5 0.5 0.5 1 1 1
0 P_1 7 7 0 0 0 1 1 1
0 P_1 8 8 0 0 0 1 1 1
0 P_1 9 9 0 0 0 1 1 1
0 P_1 10 10 0 0 0 1 1 1
0 P_1 11 11 0 0 0 1 1 1
0 P_1 12 12 0.5 0.5 0.5 1 1 1
0 P_1 13 13 0 0 0 1 1 1
0 P_1 14 14 0 0 0 1 1 1
0 P_1 15 15 0.5 0.5 0.5 1 1 1
0 P_1 16 16 0.5 0.5 0.5 1 1 1
0 P_1 17 17 0 0 0 1 1 1
0 P_1 18 18 0.5 0.5 0.5 1 1 1
0 P_1 19 19 0 0 0 1 1 1
0 P_1 20 20 0 0 0 1 1 1
0 P_1 21 21 0 0 0 1 1 1
0 P_1 22 22 0.5 0.5 0.5 1 1 1
0 P_1 23 23 0 0 0 1 1 1
0 P_1 24 24 0 0 0 1 1 1
0 P_1 25 25 0 0 0 1 1 1
0 P_1 26 26 0 0 0 1 1 1
0 P_1 27 27 0 0 0 1 1 1
0 P_1 28 28 0 0 0 1 1 1
0 P_1 29 29 0.5 0.5 0.5 1 1 1
0 P_1 30 30 0 0 0 1 1 1
0 P_1 31 31 0.5 0.5 0.5 1 1 1
0 P_1 32 32 0 0 0 1 1 1
0 P_1 33 33 0 0 0 1 1 1
0 P_1 34 34 0 0 0 1 1 1
0 P_1 35 35 0 0 0 1 1 1
0 P_1 36 36 0 0 0 1 1 1
0 P_1 37 37 0 0 0 1 1 1
0 P_1 38 38 0 0 0 1 1 1
0 P_1 39 39 0 0 0 1 1 1
0 P_1 40 40 0 0 0 1 1 1
0 P_1 41 41 0.5 0.5 0.5 1 1 1
0 P_1 42 42 0 0 0 1 1 1
0 P_1 43 43 0 0 0 1 1 1
0 P_1 44 44 0 0 0 1 1 1
0 P_1 45 45 0 0 0 1 1 1
0 P_1 46 46 0 0 0 1 1 1
0 P_1 47 47 0 0 0 1 1 1
0 P_1 48 48 0 0 0 1 1 1
0 P_1 49 49 0 0 0 1 1 1
0 P_1 50 50 0 0 0 1 1 1
0 P_1 51 51 0 0 0 1 1 1
0 P_1 52 52 0.5 0.5 0.5 1 1 1
0 P_1 53 53 0.5 0.5 0.5 1 1 1
0 P_1 54 54 0 0 0 1 1 1
0 P_1 55 55 0 0 0 1 1 1
0 P_1 56 56 0 0 0 1 1 1
0 P_1 57 57 0.5 0.5 0.5 1 1 1
1 P_5 0 0 0 0 0 1 1 1
1 P_5 1 1 0 0 0 1 1 1
1 P_5 2 2 0 0 0 1 1 1
1 P_5 3 3 0 0 0 1 1 1
1 P_5 4 4 0 0 0 1 1 1
1 P_5 5 5 0 0 0 1 1 1
1 P_5 6 6 0 0 0 1 1 1
1 P_5 7 7 0 0 0 1 1 1
1 P_5 8 8 0.115313 0.12075 0.1263355 1 1 1
1 P_5 9 9 0.373715 0.3793 0.384736 1 1 1
1 P_5 10 10 0 0 0 1 1 1
1 P_5 11 11 0 0 0 1 1 1
1 P_5 12 12 0 0 0 1 1 1
1 P_5 13 13 0 0 0 1 1 1
1 P_5 14 14 0 0 0 1 1 1
1 P_5 15 15 0.5 0.5 0.5 1 1 1
1 P_5 16 16 0.5 0.5 0.5 1 1 1
1 P_5 17 17 0.373715 0.3793 0.384736 1 1 1
1 P_5 18 18 0.5 0.5 0.5 1 1 1
1 P_5 19 19 0.373715 0.3793 0.384736 1 1 1
1 P_5 20 20 0 0 0 1 1 1
1 P_5 21 21 0.373715 0.3793 0.384736 1 1 1
1 P_5 22 22 0.5 0.5 0.5 1 1 1
1 P_5 23 23 0 0 0 1 1 1
1 P_5 24 24 0.115313 0.12075 0.1263355 1 1 1
1 P_5 25 25 0 0 0 1 1 1
1 P_5 26 26 0 0 0 1 1 1
1 P_5 27 27 0 0 0 1 1 1
1 P_5 28 28 0.115313 0.12075 0.1263355 1 1 1
1 P_5 29 29 0 0 0 1 1 1
1 P_5 30 30 0.5 0.5 0.5 1 1 1
1 P_5 31 31 0 0 0 1 1 1
1 P_5 32 32 0.373715 0.3793 0.384736 1 1 1
1 P_5 33 33 0 0 0 1 1 1
1 P_5 34 34 0.115313 0.12075 0.1263355 1 1 1
1 P_5 35 35 0 0 0 1 1 1
1 P_5 36 36 0 0 0 1 1 1
1 P_5 37 37 0 0 0 1 1 1
1 P_5 38 38 0 0 0 1 1 1
1 P_5 39 39 0 0 0 1 1 1
1 P_5 40 40 0 0 0 1 1 1
1 P_5 41 41 0 0 0 1 1 1
1 P_5 42 42 0 0 0 1 1 1
1 P_5 43 43 0.5 0.5 0.5 1 1 1
1 P_5 44 44 0 0 0 1 1 1
1 P_5 45 45 0 0 0 1 1 1
1 P_5 46 46 0.373715 0.3793 0.384736 1 1 1
1 P_5 47 47 0 0 0 1 1 1
1 P_5 48 48 0 0 0 1 1 1
1 P_5 49 49 0.373715 0.3793 0.384736 1 1 1
1 P_5 50 50 0 0 0 1 1 1
1 P_5 51 51 0 0 0 1 1 1
1 P_5 52 52 0 0 0 1 1 1
1 P_5 53 53 0 0 0 1 1 1
1 P_5 54 54 0 0 0 1 1 1
1 P_5 55 55 0 0 0 1 1 1
1 P_5 56 56 0 0 0 1 1 1
1 P_5 57 57 0 0 0 1 1 1
2 P_9 0 0 0.5 0.5 0.5 1 1 1
2 P_9 1 1 0.5 0.5 0.5 1 1 1
2 P_9 2 2 0 0 0 1 1 1
2 P_9 3 3 0 0 0 1 1 1
2 P_9 4 4 0 0 0 1 1 1
2 P_9 5 5 0 0 0 1 1 1
2 P_9 6 6 0.168059 0.17415 0.1803285 1 1 1
2 P_9 7 7 0 0 0 1 1 1
2 P_9 8 8 0 0 0 1 1 1
2 P_9 9 9 0 0 0 1 1 1
2 P_9 10 10 0 0 0 1 1 1
2 P_9 11 11 0 0 0 1 1 1
2 P_9 12 12 0.168059 0.17415 0.1803285 1 1 1
2 P_9 13 13 0 0 0 1 1 1
2 P_9 14 14 0 0 0 1 1 1
2 P_9 15 15 0.5 0.5 0.5 1 1 1
2 P_9 16 16 0.5 0.5 0.5 1 1 1
2 P_9 17 17 0 0 0 1 1 1
2 P_9 18 18 0.5 0.5 0.5 1 1 1
2 P_9 19 19 0 0 0 1 1 1
2 P_9 20 20 0 0 0 1 1 1
2 P_9 21 21 0 0 0 1 1 1
2 P_9 22 22 0.5 0.5 0.5 1 1 1
2 P_9 23 23 0 0 0 1 1 1
2 P_9 24 24 0 0 0 1 1 1
2 P_9 25 25 0 0 0 1 1 1
2 P_9 26 26 0 0 0 1 1 1
2 P_9 27 27 0 0 0 1 1 1
2 P_9 28 28 0 0 0 1 1 1
2 P_9 29 29 0.168059 0.17415 0.1803285 1 1 1
2 P_9 30 30 0 0 0 1 1 1
2 P_9 31 31 0.168059 0.17415 0.1803285 1 1 1
2 P_9 32 32 0 0 0 1 1 1
2 P_9 33 33 0 0 0 1 1 1
2 P_9 34 34 0 0 0 1 1 1
2 P_9 35 35 0 0 0 1 1 1
2 P_9 36 36 0 0 0 1 1 1
2 P_9 37 37 0 0 0 1 1 1
2 P_9 38 38 0.319722 0.3259 0.3319905 1 1 1
2 P_9 39 39 0.319722 0.3259 0.3319905 1 1 1
2 P_9 40 40 0 0 0 1 1 1
2 P_9 41 41 0.168059 0.17415 0.1803285 1 1 1
2 P_9 42 42 0 0 0 1 1 1
2 P_9 43 43 0 0 0 1 1 1
2 P_9 44 44 0 0 0 1 1 1
2 P_9 45 45 0 0 0 1 1 1
2 P_9 46 46 0 0 0 1 1 1
2 P_9 47 47 0 0 0 1 1 1
2 P_9 48 48 0 0 0 1 1 1
2 P_9 49 49 0 0 0 1 1 1
2 P_9 50 50 0 0 0 1 1 1
2 P_9 51 51 0 0 0 1 1 1
2 P_9 52 52 0.5 0.5 0.5 1 1 1
2 P_9 53 53 0.168059 0.17415 0.1803285 1 1 1
2 P_9 54 54 0 0 0 1 1 1
2 P_9 55 55 0 0 0 1 1 1
2 P_9 56 56 0.319722 0.3259 0.3319905 1 1 1
2 P_9 57 57 0.168059 0.17415 0.1803285 1 1 1
3 P_2 0 0 0 0 0 1 1 1
3 P_2 1 1 0 0 0 1 1 1
3 P_2 2 2 0 0 0 1 1 1
3 P_2 3 3 0 0 0 1 1 1
3 P_2 4 4 0.163649 0.1697 0.175843 1 1 1
3 P_2 5 5 0.163649 0.1697 0.175843 1 1 1
3 P_2 6 6 0 0 0 1 1 1
3 P_2 7 7 0.163649 0.1697 0.175843 1 1 1
3 P_2 8 8 0.231626 0.23805 0.2444875 1 1 1
3 P_2 9 9 0.0874435 0.09235 0.097438 1 1 1
3 P_2 10 10 0 0 0 1 1 1
3 P_2 11 11 0.163649 0.1697 0.175843 1 1 1
3 P_2 12 12 0 0 0 1 1 1
3 P_2 13 13 0 0 0 1 1 1
3 P_2 14 14 0 0 0 1 1 1
3 P_2 15 15 0.5 0.5 0.5 1 1 1
3 P_2 16 16 0.5 0.5 0.5 1 1 1
3 P_2 17 17 0.0874435 0.09235 0.097438 1 1 1
3 P_2 18 18 0.324207 0.33035 0.3364005 1 1 1
3 P_2 19 19 0.0874435 0.09235 0.097438 1 1 1
3 P_2 20 20 0 0 0 1 1 1
3 P_2 21 21 0 0 0 1 1 1
3 P_2 22 22 0.5 0.5 0.5 1 1 1
3 P_2 23 23 0.163649 0.1697 0.175843 1 1 1
3 P_2 24 24 0.231626 0.23805 0.2444875 1 1 1
3 P_2 25 25 0 0 0 1 1 1
3 P_2 26 26 0.163649 0.1697 0.175843 1 1 1
3 P_2 27 27 0 0 0 1 1 1
3 P_2 28 28 0.231626 0.23805 0.2444875 1 1 1
3 P_2 29 29 0 0 0 1 1 1
3 P_2 30 30 0.324207 0.33035 0.3364005 1 1 1
3 P_2 31 31 0 0 0 1 1 1
3 P_2 32 32 0.0874435 0.09235 0.097438 1 1 1
3 P_2 33 33 0.163649 0.1697 0.175843 1 1 1
3 P_2 34 34 0.231626 0.23805 0.2444875 1 1 1
3 P_2 35 35 0.163649 0.1697 0.175843 1 1 1
3 P_2 36 36 0 0 0 1 1 1
3 P_2 37 37 0.163649 0.1697 0.175843 1 1 1
3 P_2 38 38 0 0 0 1 1 1
3 P_2 39 39 0 0 0 1 1 1
3 P_2 40 40 0 0 0 1 1 1
3 P_2 41 41 0 0 0 1 1 1
3 P_2 42 42 0 0 0 1 1 1
3 P_2 43 43 0.324207 0.33035 0.3364005 1 1 1
3 P_2 44 44 0 0 0 1 1 1
3 P_2 45 45 0 0 0 1 1 1
3 P_2 46 46 0.0874435 0.09235 0.097438 1 1 1
3 P_2 47 47 0.163649 0.1697 0.175843 1 1 1
3 P_2 48 48 0 0 0 1 1 1
3 P_2 49 49 0 0 0 1 1 1
3 P_2 50 50 0.163649 0.1697 0.175843 1 1 1
3 P_2 51 51 0 0 0 1 1 1
3 P_2 52 52 0 0 0 1 1 1
3 P_2 53 53 0 0 0 1 1 1
3 P_2 54 54 0 0 0 1 1 1
3 P_2 55 55 0 0 0 1 1 1
3 P_2 56 56 0 0 0 1 1 1
3 P_2 57 57 0 0 0 1 1 1
4 P_8 0 0 0.157163 0.16315 0.169237 1 1 1
4 P_8 1 1 0.157163 0.16315 0.169237 1 1 1
4 P_8 2 2 0 0 0 1 1 1
4 P_8 3 3 0.086025 0.0909 0.095958 1 1 1
4 P_8 4 4 0 0 0 1 1 1
4 P_8 5 5 0 0 0 1 1 1
4 P_8 6 6 0 0 0 1 1 1
4 P_8 7 7 0.086025 0.0909 0.095958 1 1 1
4 P_8 8 8 0 0 0 1 1 1
4 P_8 9 9 0.0962095 0.1013 0.1065615 1 1 1
4 P_8 10 10 0.086025 0.0909 0.095958 1 1 1
4 P_8 11 11 0 0 0 1 1 1
4 P_8 12 12 0 0 0 1 1 1
4 P_8 13 13 0 0 0 1 1 1
4 P_8 14 14 0.086025 0.0909 0.095958 1 1 1
4 P_8 15 15 0.5 0.5 0.5 1 1 1
4 P_8 16 16 0.5 0.5 0.5 1 1 1
4 P_8 17 17 0.0962095 0.1013 0.1065615 1 1 1
4 P_8 18 18 0.404093 0.40915 0.414024 1 1 1
4 P_8 19 19 0.0962095 0.1013 0.1065615 1 1 1
4 P_8 20 20 0 0 0 1 1 1
4 P_8 21 21 0 0 0 1 1 1
4 P_8 22 22 0.5 0.5 0.5 1 1 1
4 P_8 23 23 0 0 0 1 1 1
4 P_8 24 24 0 0 0 1 1 1
4 P_8 25 25 0.1389705 0.14475 0.1506505 1 1 1
4 P_8 26 26 0 0 0 1 1 1
4 P_8 27 27 0 0 0 1 1 1
4 P_8 28 28 0 0 0 1 1 1
4 P_8 29 29 0 0 0 1 1 1
4 P_8 30 30 0.239565 0.246 0.2524395 1 1 1
4 P_8 31 31 0 0 0 1 1 1
4 P_8 32 32 0.0962095 0.1013 0.1065615 1 1 1
4 P_8 33 33 0 0 0 1 1 1
4 P_8 34 34 0 0 0 1 1 1
4 P_8 35 35 0 0 0 1 1 1
4 P_8 36 36 0.086025 0.0909 0.095958 1 1 1
4 P_8 37 37 0 0 0 1 1 1
4 P_8 38 38 0.157163 0.16315 0.169237 1 1 1
4 P_8 39 39 0.157163 0.16315 0.169237 1 1 1
4 P_8 40 40 0.086025 0.0909 0.095958 1 1 1
4 P_8 41 41 0 0 0 1 1 1
4 P_8 42 42 0 0 0 1 1 1
4 P_8 43 43 0.239565 0.246 0.2524395 1 1 1
4 P_8 44 44 0 0 0 1 1 1
4 P_8 45 45 0.1389705 0.14475 0.1506505 1 1 1
4 P_8 46 46 0.0962095 0.1013 0.1065615 1 1 1
4 P_8 47 47 0 0 0 1 1 1
4 P_8 48 48 0.1389705 0.14475 0.1506505 1 1 1
4 P_8 49 49 0 0 0 1 1 1
4 P_8 50 50 0.086025 0.0909 0.095958 1 1 1
4 P_8 51 51 0.086025 0.0909 0.095958 1 1 1
4 P_8 52 52 0.157163 0.16315 0.169237 1 1 1
4 P_8 53 53 0 0 0 1 1 1
4 P_8 54 54 0 0 0 1 1 1
4 P_8 55 55 0 0 0 1 1 1
4 P_8 56 56 0.157163 0.16315 0.169237 1 1 1
4 P_8 57 57 0 0 0 1 1 1
