5 #m
491 #n
0 P_1 0 0 0 0 0 1 1 1
0 P_1 1 1 0 0 0 1 1 1
0 P_1 2 2 0.0568555 0.09900990099009901 0.1577095 1 1 1
0 P_1 3 3 0 0 0 1 1 1
0 P_1 4 4 0 0 0 1 1 1
0 P_1 5 5 0 0 0 1 1 1
0 P_1 6 6 0.3043485 0.3673469387755102 0.4170985 1 1 1
0 P_1 7 7 0 0 0 1 1 1
0 P_1 8 8 0.072939 0.12105263157894737 0.1841605 1 1 1
0 P_1 9 9 0 0 0 1 1 1
0 P_1 10 10 0.0521115 0.09550561797752809 0.1580085 1 1 1
0 P_1 11 11 0 0 0 1 1 1
0 P_1 12 12 0.1067395 0.16304347826086957 0.2297815 1 1 1
0 P_1 13 13 0 0 0 1 1 1
0 P_1 14 14 0 0 0 1 1 1
0 P_1 15 15 0.153921 0.21578947368421053 0.2816395 1 1 1
0 P_1 16 16 0 0 0 1 1 1
0 P_1 17 17 0.04297365 0.08080808080808081 0.1375285 1 1 1
0 P_1 18 18 0.2087055 0.2722772277227723 0.333404 1 1 1
0 P_1 19 19 0 0 0 1 1 1
0 P_1 20 20 0.1684825 0.22857142857142856 0.2909255 1 1 1
0 P_1 21 21 0.1794755 0.24456521739130435 0.3103075 1 1 1
0 P_1 22 22 0.059297 0.10309278350515463 0.163625 1 1 1
0 P_1 23 23 0.0838015 0.13402061855670103 0.197462 1 1 1
0 P_1 24 24 0.058177 0.09745762711864407 0.1511255 1 1 1
0 P_1 25 25 0.0373552 0.07792207792207792 0.1428985 1 1 1
0 P_1 26 26 0 0 0 1 1 1
0 P_1 27 27 0.061959 0.10752688172043011 0.1699975 1 1 1
0 P_1 28 28 0 0 0 1 1 1
0 P_1 29 29 0 0 0 1 1 1
0 P_1 30 30 0.16646 0.22916666666666666 0.2942735 1 1 1
0 P_1 31 31 0.073615 0.11739130434782609 0.1739955 1 1 1
0 P_1 32 32 0.206436 0.2792207792207792 0.3478485 1 1 1
0 P_1 33 33 0.0394652 0.07777777777777778 0.1371485 1 1 1
0 P_1 34 34 0.1951125 0.2543859649122807 0.313231 1 1 1
0 P_1 35 35 0 0 0 1 1 1
0 P_1 36 36 0.03968295 0.08024691358024691 0.143763 1 1 1
0 P_1 37 37 0.1857005 0.24757281553398058 0.309707 1 1 1
0 P_1 38 38 0 0 0 1 1 1
0 P_1 39 39 0.0434827 0.08018867924528301 0.134645 1 1 1
0 P_1 40 40 0.02980215 0.06074766355140187 0.111275 1 1 1
0 P_1 41 41 0 0 0 1 1 1
0 P_1 42 42 0 0 0 1 1 1
0 P_1 43 43 0 0 0 1 1 1
0 P_1 44 44 0 0 0 1 1 1
0 P_1 45 45 0.0626015 0.10714285714285714 0.167802 1 1 1
0 P_1 46 46 0.308998 0.36818181818181817 0.415429 1 1 1
0 P_1 47 47 0 0 0 1 1 1
0 P_1 48 48 0 0 0 1 1 1
0 P_1 49 49 0 0 0 1 1 1
0 P_1 50 50 0.312343 0.37155963302752293 0.4183905 1 1 1
0 P_1 51 51 0 0 0 1 1 1
0 P_1 52 52 0 0 0 1 1 1
0 P_1 53 53 0.1861955 0.24553571428571427 0.3053195 1 1 1
0 P_1 54 54 0 0 0 1 1 1
0 P_1 55 55 0 0 0 1 1 1
0 P_1 56 56 0.0837705 0.13063063063063063 0.1894425 1 1 1
0 P_1 57 57 0 0 0 1 1 1
0 P_1 58 58 0 0 0 1 1 1
0 P_1 59 59 0.1863085 0.24761904761904763 0.3091815 1 1 1
0 P_1 60 60 0.207546 0.26785714285714285 0.3263945 1 1 1
0 P_1 61 61 0 0 0 1 1 1
0 P_1 62 62 0 0 0 1 1 1
0 P_1 63 63 0.1974255 0.25961538461538464 0.320779 1 1 1
0 P_1 64 64 0.0434105 0.08333333333333333 0.1436405 1 1 1
0 P_1 65 65 0.5 0.5 0.5 1 1 1
0 P_1 66 66 0.0900615 0.1388888888888889 0.19914 1 1 1
0 P_1 67 67 0 0 0 1 1 1
0 P_1 68 68 0 0 0 1 1 1
0 P_1 69 69 0 0 0 1 1 1
0 P_1 70 70 0.04584325 0.08602150537634409 0.1456385 1 1 1
0 P_1 71 71 0 0 0 1 1 1
0 P_1 72 72 0.091572 0.14215686274509803 0.204458 1 1 1
0 P_1 73 73 0.0498863 0.09 0.147809 1 1 1
0 P_1 74 74 0 0 0 1 1 1
0 P_1 75 75 0.055367 0.0979381443298969 0.1578305 1 1 1
0 P_1 76 76 0 0 0 1 1 1
0 P_1 77 77 0 0 0 1 1 1
0 P_1 78 78 0 0 0 1 1 1
0 P_1 79 79 0.0866245 0.13829787234042554 0.2030965 1 1 1
0 P_1 80 80 0.293474 0.35714285714285715 0.408715 1 1 1
0 P_1 81 81 0 0 0 1 1 1
0 P_1 82 82 0 0 0 1 1 1
0 P_1 83 83 0.1016785 0.15086206896551724 0.2095605 1 1 1
0 P_1 84 84 0 0 0 1 1 1
0 P_1 85 85 0.093744 0.1518987341772152 0.223666 1 1 1
0 P_1 86 86 0 0 0 1 1 1
0 P_1 87 87 0.1788275 0.23853211009174313 0.299406 1 1 1
0 P_1 88 88 0 0 0 1 1 1
0 P_1 89 89 0.0832265 0.13440860215053763 0.199312 1 1 1
0 P_1 90 90 0 0 0 1 1 1
0 P_1 91 91 0 0 0 1 1 1
0 P_1 92 92 0 0 0 1 1 1
0 P_1 93 93 0 0 0 1 1 1
0 P_1 94 94 0.190293 0.2524271844660194 0.3142995 1 1 1
0 P_1 95 95 0 0 0 1 1 1
0 P_1 96 96 0.0832125 0.1308411214953271 0.19083 1 1 1
0 P_1 97 97 0.5 0.5 0.5 1 1 1
0 P_1 98 98 0.0948595 0.14485981308411214 0.2057685 1 1 1
0 P_1 99 99 0.332736 0.39215686274509803 0.4361435 1 1 1
0 P_1 100 100 0.340852 0.4 0.442553 1 1 1
0 P_1 101 101 0.5 0.5 0.5 1 1 1
0 P_1 102 102 0.1033475 0.15934065934065933 0.226326 1 1 1
0 P_1 103 103 0.04524505 0.08333333333333333 0.139502 1 1 1
0 P_1 104 104 0 0 0 1 1 1
0 P_1 105 105 0.5 0.5 0.5 1 1 1
0 P_1 106 106 0 0 0 1 1 1
0 P_1 107 107 0.199182 0.2623762376237624 0.324212 1 1 1
0 P_1 108 108 0.061956 0.10476190476190476 0.1629015 1 1 1
0 P_1 109 109 0.5 0.5 0.5 1 1 1
0 P_1 110 110 0.080007 0.13218390804597702 0.1992675 1 1 1
0 P_1 111 111 0.2087055 0.2722772277227723 0.333404 1 1 1
0 P_1 112 112 0 0 0 1 1 1
0 P_1 113 113 0.056973 0.10227272727272728 0.166047 1 1 1
0 P_1 114 114 0.101708 0.15178571428571427 0.2116145 1 1 1
0 P_1 115 115 0 0 0 1 1 1
0 P_1 116 116 0 0 0 1 1 1
0 P_1 117 117 0.0866245 0.13829787234042554 0.2030965 1 1 1
0 P_1 118 118 0 0 0 1 1 1
0 P_1 119 119 0 0 0 1 1 1
0 P_1 120 120 0 0 0 1 1 1
0 P_1 121 121 0.1021525 0.15760869565217392 0.22415 1 1 1
0 P_1 122 122 0 0 0 1 1 1
0 P_1 123 123 0 0 0 1 1 1
0 P_1 124 124 0.080313 0.12871287128712872 0.190412 1 1 1
0 P_1 125 125 0.0694595 0.11428571428571428 0.1734435 1 1 1
0 P_1 126 126 0 0 0 1 1 1
0 P_1 127 127 0.197404 0.2565217391304348 0.315008 1 1 1
0 P_1 128 128 0.2297235 0.2916666666666667 0.3493235 1 1 1
0 P_1 129 129 0 0 0 1 1 1
0 P_1 130 130 0.0521115 0.09550561797752809 0.1580085 1 1 1
0 P_1 131 131 0 0 0 1 1 1
0 P_1 132 132 0.112107 0.16842105263157894 0.234227 1 1 1
0 P_1 133 133 0 0 0 1 1 1
0 P_1 134 134 0.1123235 0.16666666666666666 0.2300655 1 1 1
0 P_1 135 135 0 0 0 1 1 1
0 P_1 136 136 0.5 0.5 0.5 1 1 1
0 P_1 137 137 0.072939 0.12105263157894737 0.1841605 1 1 1
0 P_1 138 138 0.120066 0.17452830188679244 0.236894 1 1 1
0 P_1 139 139 0.2818255 0.35119047619047616 0.4073125 1 1 1
0 P_1 140 140 0 0 0 1 1 1
0 P_1 141 141 0.080007 0.13218390804597702 0.1992675 1 1 1
0 P_1 142 142 0 0 0 1 1 1
0 P_1 143 143 0.093975 0.14 0.1958445 1 1 1
0 P_1 144 144 0 0 0 1 1 1
0 P_1 145 145 0.0829015 0.1326530612244898 0.1956515 1 1 1
0 P_1 146 146 0 0 0 1 1 1
0 P_1 147 147 0 0 0 1 1 1
0 P_1 148 148 0 0 0 1 1 1
0 P_1 149 149 0.050942 0.09183673469387756 0.1505675 1 1 1
0 P_1 150 150 0 0 0 1 1 1
0 P_1 151 151 0 0 0 1 1 1
0 P_1 152 152 0.329029 0.390625 0.436037 1 1 1
0 P_1 153 153 0.5 0.5 0.5 1 1 1
0 P_1 154 154 0 0 0 1 1 1
0 P_1 155 155 0 0 0 1 1 1
0 P_1 156 156 0 0 0 1 1 1
0 P_1 157 157 0 0 0 1 1 1
0 P_1 158 158 0 0 0 1 1 1
0 P_1 159 159 0.0692355 0.11797752808988764 0.18306 1 1 1
0 P_1 160 160 0 0 0 1 1 1
0 P_1 161 161 0.1307975 0.18811881188118812 0.25223 1 1 1
0 P_1 162 162 0 0 0 1 1 1
0 P_1 163 163 0 0 0 1 1 1
0 P_1 164 164 0.233557 0.29896907216494845 0.358795 1 1 1
0 P_1 165 165 0.105372 0.15517241379310345 0.214074 1 1 1
0 P_1 166 166 0.0812375 0.125 0.180006 1 1 1
0 P_1 167 167 0 0 0 1 1 1
0 P_1 168 168 0.02951955 0.06018518518518518 0.110315 1 1 1
0 P_1 169 169 0.0605605 0.10674157303370786 0.170648 1 1 1
0 P_1 170 170 0.0906995 0.14444444444444443 0.211121 1 1 1
0 P_1 171 171 0.0598585 0.10555555555555556 0.168934 1 1 1
0 P_1 172 172 0.0530915 0.09405940594059406 0.1521125 1 1 1
0 P_1 173 173 0.0549945 0.0945945945945946 0.149742 1 1 1
0 P_1 174 174 0 0 0 1 1 1
0 P_1 175 175 0.03402895 0.06578947368421052 0.115488 1 1 1
0 P_1 176 176 0 0 0 1 1 1
0 P_1 177 177 0.06658 0.11224489795918367 0.173454 1 1 1
0 P_1 178 178 0 0 0 1 1 1
0 P_1 179 179 0 0 0 1 1 1
0 P_1 180 180 0 0 0 1 1 1
0 P_1 181 181 0.198037 0.2631578947368421 0.3267475 1 1 1
0 P_1 182 182 0.072542 0.1179245283018868 0.177129 1 1 1
0 P_1 183 183 0.1902545 0.2553191489361702 0.3197585 1 1 1
0 P_1 184 184 0 0 0 1 1 1
0 P_1 185 185 0 0 0 1 1 1
0 P_1 186 186 0.2299235 0.29245283018867924 0.3505355 1 1 1
0 P_1 187 187 0 0 0 1 1 1
0 P_1 188 188 0.0626015 0.10714285714285714 0.167802 1 1 1
0 P_1 189 189 0 0 0 1 1 1
0 P_1 190 190 0.0755945 0.12149532710280374 0.1807235 1 1 1
0 P_1 191 191 0.2158475 0.28061224489795916 0.341919 1 1 1
0 P_1 192 192 0 0 0 1 1 1
0 P_1 193 193 0 0 0 1 1 1
0 P_1 194 194 0 0 0 1 1 1
0 P_1 195 195 0.0867385 0.1411764705882353 0.209695 1 1 1
0 P_1 196 196 0.2670085 0.3287037037037037 0.382304 1 1 1
0 P_1 197 197 0.09372 0.14423076923076922 0.2060195 1 1 1
0 P_1 198 198 0 0 0 1 1 1
0 P_1 199 199 0.03855065 0.07272727272727272 0.124778 1 1 1
0 P_1 200 200 0.0889915 0.140625 0.2048535 1 1 1
0 P_1 201 201 0.5 0.5 0.5 1 1 1
0 P_1 202 202 0 0 0 1 1 1
0 P_1 203 203 0 0 0 1 1 1
0 P_1 204 204 0.0420954 0.07920792079207921 0.135021 1 1 1
0 P_1 205 205 0.07234 0.1188118811881188 0.1796665 1 1 1
0 P_1 206 206 0.114685 0.17204301075268819 0.2386595 1 1 1
0 P_1 207 207 0 0 0 1 1 1
0 P_1 208 208 0 0 0 1 1 1
0 P_1 209 209 0.09372 0.14423076923076922 0.2060195 1 1 1
0 P_1 210 210 0 0 0 1 1 1
0 P_1 211 211 0 0 0 1 1 1
0 P_1 212 212 0 0 0 1 1 1
0 P_1 213 213 0.056366 0.09565217391304348 0.1498615 1 1 1
0 P_1 214 214 0.3606025 0.41935483870967744 0.458036 1 1 1
0 P_1 215 215 0 0 0 1 1 1
0 P_1 216 216 0 0 0 1 1 1
0 P_1 217 217 0 0 0 1 1 1
0 P_1 218 218 0 0 0 1 1 1
0 P_1 219 219 0.0870755 0.1377551020408163 0.2011065 1 1 1
0 P_1 220 220 0.07714 0.12631578947368421 0.189875 1 1 1
0 P_1 221 221 0.0956635 0.14705882352941177 0.209638 1 1 1
0 P_1 222 222 0.055967 0.09895833333333333 0.159327 1 1 1
0 P_1 223 223 0.5 0.5 0.5 1 1 1
0 P_1 224 224 0.0360087 0.07303370786516854 0.1319225 1 1 1
0 P_1 225 225 0 0 0 1 1 1
0 P_1 226 226 0.210091 0.27906976744186046 0.3443265 1 1 1
0 P_1 227 227 0.069794 0.12048192771084337 0.1883055 1 1 1
0 P_1 228 228 0.1908005 0.2552083333333333 0.319016 1 1 1
0 P_1 229 229 0 0 0 1 1 1
0 P_1 230 230 0.061994 0.1036036036036036 0.159863 1 1 1
0 P_1 231 231 0 0 0 1 1 1
0 P_1 232 232 0.0651455 0.1144578313253012 0.1817005 1 1 1
0 P_1 233 233 0.0684295 0.11666666666666667 0.1812305 1 1 1
0 P_1 234 234 0.5 0.5 0.5 1 1 1
0 P_1 235 235 0.1075315 0.15503875968992248 0.210769 1 1 1
0 P_1 236 236 0.5 0.5 0.5 1 1 1
0 P_1 237 237 0 0 0 1 1 1
0 P_1 238 238 0.291731 0.3508771929824561 0.4001775 1 1 1
0 P_1 239 239 0.199302 0.26704545454545453 0.3326535 1 1 1
0 P_1 240 240 0 0 0 1 1 1
0 P_1 241 241 0.069809 0.1115702479338843 0.166079 1 1 1
0 P_1 242 242 0 0 0 1 1 1
0 P_1 243 243 0 0 0 1 1 1
0 P_1 244 244 0 0 0 1 1 1
0 P_1 245 245 0 0 0 1 1 1
0 P_1 246 246 0 0 0 1 1 1
0 P_1 247 247 0 0 0 1 1 1
0 P_1 248 248 0 0 0 1 1 1
0 P_1 249 249 0.205765 0.26521739130434785 0.3231965 1 1 1
0 P_1 250 250 0 0 0 1 1 1
0 P_1 251 251 0.0778605 0.12280701754385964 0.180163 1 1 1
0 P_1 252 252 0 0 0 1 1 1
0 P_1 253 253 0 0 0 1 1 1
0 P_1 254 254 0.087511 0.13725490196078433 0.1992465 1 1 1
0 P_1 255 255 0.0509955 0.09047619047619047 0.1467915 1 1 1
0 P_1 256 256 0.1949085 0.25728155339805825 0.31887 1 1 1
0 P_1 257 257 0 0 0 1 1 1
0 P_1 258 258 0 0 0 1 1 1
0 P_1 259 259 0 0 0 1 1 1
0 P_1 260 260 0 0 0 1 1 1
0 P_1 261 261 0 0 0 1 1 1
0 P_1 262 262 0 0 0 1 1 1
0 P_1 263 263 0.0778765 0.12184873949579832 0.1778155 1 1 1
0 P_1 264 264 0 0 0 1 1 1
0 P_1 265 265 0.100833 0.15346534653465346 0.2166865 1 1 1
0 P_1 266 266 0.2142985 0.27350427350427353 0.330472 1 1 1
0 P_1 267 267 0.2183295 0.2828282828282828 0.3436545 1 1 1
0 P_1 268 268 0 0 0 1 1 1
0 P_1 269 269 0 0 0 1 1 1
0 P_1 270 270 0 0 0 1 1 1
0 P_1 271 271 0.0800675 0.12612612612612611 0.1845865 1 1 1
0 P_1 272 272 0 0 0 1 1 1
0 P_1 273 273 0 0 0 1 1 1
0 P_1 274 274 0 0 0 1 1 1
0 P_1 275 275 0 0 0 1 1 1
0 P_1 276 276 0 0 0 1 1 1
0 P_1 277 277 0 0 0 1 1 1
0 P_1 278 278 0.0678545 0.11061946902654868 0.1670965 1 1 1
0 P_1 279 279 0 0 0 1 1 1
0 P_1 280 280 0.5 0.5 0.5 1 1 1
0 P_1 281 281 0.1159595 0.16981132075471697 0.2320605 1 1 1
0 P_1 282 282 0 0 0 1 1 1
0 P_1 283 283 0 0 0 1 1 1
0 P_1 284 284 0 0 0 1 1 1
0 P_1 285 285 0.049237 0.09042553191489362 0.1503415 1 1 1
0 P_1 286 286 0.1458275 0.20618556701030927 0.271542 1 1 1
0 P_1 287 287 0.0670215 0.11165048543689321 0.1711615 1 1 1
0 P_1 288 288 0 0 0 1 1 1
0 P_1 289 289 0.5 0.5 0.5 1 1 1
0 P_1 290 290 0 0 0 1 1 1
0 P_1 291 291 0.04797955 0.0898876404494382 0.151595 1 1 1
0 P_1 292 292 0 0 0 1 1 1
0 P_1 293 293 0.2110315 0.275 0.3361985 1 1 1
0 P_1 294 294 0 0 0 1 1 1
0 P_1 295 295 0 0 0 1 1 1
0 P_1 296 296 0.0586675 0.10204081632653061 0.162105 1 1 1
0 P_1 297 297 0.3115715 0.37373737373737376 0.4220725 1 1 1
0 P_1 298 298 0 0 0 1 1 1
0 P_1 299 299 0 0 0 1 1 1
0 P_1 300 300 0 0 0 1 1 1
0 P_1 301 301 0 0 0 1 1 1
0 P_1 302 302 0.5 0.5 0.5 1 1 1
0 P_1 303 303 0.1928245 0.25 0.3071755 1 1 1
0 P_1 304 304 0.12082 0.17647058823529413 0.2401125 1 1 1
0 P_1 305 305 0 0 0 1 1 1
0 P_1 306 306 0.0988425 0.1566265060240964 0.226772 1 1 1
0 P_1 307 307 0.05769 0.09905660377358491 0.156212 1 1 1
0 P_1 308 308 0 0 0 1 1 1
0 P_1 309 309 0 0 0 1 1 1
0 P_1 310 310 0 0 0 1 1 1
0 P_1 311 311 0.0641175 0.1111111111111111 0.175109 1 1 1
0 P_1 312 312 0.0932665 0.1415929203539823 0.2005895 1 1 1
0 P_1 313 313 0 0 0 1 1 1
0 P_1 314 314 0.0510735 0.08928571428571429 0.143435 1 1 1
0 P_1 315 315 0 0 0 1 1 1
0 P_1 316 316 0.0447912 0.0825242718446602 0.1382555 1 1 1
0 P_1 317 317 0 0 0 1 1 1
0 P_1 318 318 0.3192765 0.37850467289719625 0.4244055 1 1 1
0 P_1 319 319 0.0540035 0.09883720930232558 0.1629925 1 1 1
0 P_1 320 320 0.1989505 0.25892857142857145 0.3180195 1 1 1
0 P_1 321 321 0 0 0 1 1 1
0 P_1 322 322 0.1229565 0.17757009345794392 0.239701 1 1 1
0 P_1 323 323 0 0 0 1 1 1
0 P_1 324 324 0 0 0 1 1 1
0 P_1 325 325 0.0786175 0.125 0.184232 1 1 1
0 P_1 326 326 0 0 0 1 1 1
0 P_1 327 327 0.096666 0.1485148514851485 0.211495 1 1 1
0 P_1 328 328 0 0 0 1 1 1
0 P_1 329 329 0.237616 0.3055555555555556 0.3666855 1 1 1
0 P_1 330 330 0 0 0 1 1 1
0 P_1 331 331 0 0 0 1 1 1
0 P_1 332 332 0.220679 0.28365384615384615 0.3430385 1 1 1
0 P_1 333 333 0.055367 0.0979381443298969 0.1578305 1 1 1
0 P_1 334 334 0.0801745 0.12735849056603774 0.187379 1 1 1
0 P_1 335 335 0 0 0 1 1 1
0 P_1 336 336 0.087832 0.14285714285714285 0.211903 1 1 1
0 P_1 337 337 0 0 0 1 1 1
0 P_1 338 338 0 0 0 1 1 1
0 P_1 339 339 0 0 0 1 1 1
0 P_1 340 340 0.1794755 0.24456521739130435 0.3103075 1 1 1
0 P_1 341 341 0 0 0 1 1 1
0 P_1 342 342 0.316584 0.37745098039215685 0.424476 1 1 1
0 P_1 343 343 0.0612795 0.10795454545454546 0.1723965 1 1 1
0 P_1 344 344 0.0504085 0.09090909090909091 0.1491755 1 1 1
0 P_1 345 345 0.0988425 0.1566265060240964 0.226772 1 1 1
0 P_1 346 346 0 0 0 1 1 1
0 P_1 347 347 0 0 0 1 1 1
0 P_1 348 348 0 0 0 1 1 1
0 P_1 349 349 0 0 0 1 1 1
0 P_1 350 350 0.2280405 0.29207920792079206 0.3515005 1 1 1
0 P_1 351 351 0.0920295 0.14516129032258066 0.21074 1 1 1
0 P_1 352 352 0.056306 0.10112359550561797 0.1643585 1 1 1
0 P_1 353 353 0.0542055 0.09595959595959595 0.154919 1 1 1
0 P_1 354 354 0 0 0 1 1 1
0 P_1 355 355 0.04084345 0.07692307692307693 0.131426 1 1 1
0 P_1 356 356 0.0871805 0.1404494382022472 0.2072835 1 1 1
0 P_1 357 357 0.5 0.5 0.5 1 1 1
0 P_1 358 358 0 0 0 1 1 1
0 P_1 359 359 0 0 0 1 1 1
0 P_1 360 360 0.09253 0.14356435643564355 0.2062725 1 1 1
0 P_1 361 361 0 0 0 1 1 1
0 P_1 362 362 0 0 0 1 1 1
0 P_1 363 363 0.1918485 0.255 0.3175975 1 1 1
0 P_1 364 364 0 0 0 1 1 1
0 P_1 365 365 0 0 0 1 1 1
0 P_1 366 366 0 0 0 1 1 1
0 P_1 367 367 0 0 0 1 1 1
0 P_1 368 368 0 0 0 1 1 1
0 P_1 369 369 0.5 0.5 0.5 1 1 1
0 P_1 370 370 0 0 0 1 1 1
0 P_1 371 371 0.0343467 0.06796116504854369 0.1211235 1 1 1
0 P_1 372 372 0.0809765 0.12857142857142856 0.188993 1 1 1
0 P_1 373 373 0 0 0 1 1 1
0 P_1 374 374 0.3240475 0.3870967741935484 0.4338795 1 1 1
0 P_1 375 375 0 0 0 1 1 1
0 P_1 376 376 0.0682475 0.11016949152542373 0.1652835 1 1 1
0 P_1 377 377 0 0 0 1 1 1
0 P_1 378 378 0 0 0 1 1 1
0 P_1 379 379 0.230365 0.29411764705882354 0.35307500000000003 1 1 1
0 P_1 380 380 0.2104835 0.27717391304347827 0.3406025 1 1 1
0 P_1 381 381 0 0 0 1 1 1
0 P_1 382 382 0.0526125 0.09473684210526316 0.154902 1 1 1
0 P_1 383 383 0 0 0 1 1 1
0 P_1 384 384 0.068104 0.11214953271028037 0.1704895 1 1 1
0 P_1 385 385 0.0918545 0.14150943396226415 0.2025225 1 1 1
0 P_1 386 386 0.304268 0.36633663366336633 0.4156475 1 1 1
0 P_1 387 387 0.074586 0.12365591397849462 0.187721 1 1 1
0 P_1 388 388 0.5 0.5 0.5 1 1 1
0 P_1 389 389 0.076309 0.12637362637362637 0.19142 1 1 1
0 P_1 390 390 0 0 0 1 1 1
0 P_1 391 391 0 0 0 1 1 1
0 P_1 392 392 0 0 0 1 1 1
0 P_1 393 393 0 0 0 1 1 1
0 P_1 394 394 0 0 0 1 1 1
0 P_1 395 395 0.080007 0.13218390804597702 0.1992675 1 1 1
0 P_1 396 396 0 0 0 1 1 1
0 P_1 397 397 0.0763085 0.12376237623762376 0.185057 1 1 1
0 P_1 398 398 0 0 0 1 1 1
0 P_1 399 399 0.5 0.5 0.5 1 1 1
0 P_1 400 400 0 0 0 1 1 1
0 P_1 401 401 0 0 0 1 1 1
0 P_1 402 402 0 0 0 1 1 1
0 P_1 403 403 0.090516 0.13432835820895522 0.1877925 1 1 1
0 P_1 404 404 0.1014465 0.16049382716049382 0.2316705 1 1 1
0 P_1 405 405 0.09783 0.14814814814814814 0.2089395 1 1 1
0 P_1 406 406 0 0 0 1 1 1
0 P_1 407 407 0.199182 0.2623762376237624 0.324212 1 1 1
0 P_1 408 408 0 0 0 1 1 1
0 P_1 409 409 0 0 0 1 1 1
0 P_1 410 410 0.084038 0.1320754716981132 0.1924565 1 1 1
0 P_1 411 411 0.0568555 0.09900990099009901 0.1577095 1 1 1
0 P_1 412 412 0.5 0.5 0.5 1 1 1
0 P_1 413 413 0.0940185 0.14942528735632185 0.217561 1 1 1
0 P_1 414 414 0 0 0 1 1 1
0 P_1 415 415 0 0 0 1 1 1
0 P_1 416 416 0.0801745 0.12735849056603774 0.187379 1 1 1
0 P_1 417 417 0 0 0 1 1 1
0 P_1 418 418 0 0 0 1 1 1
0 P_1 419 419 0.091572 0.14215686274509803 0.204458 1 1 1
0 P_1 420 420 0 0 0 1 1 1
0 P_1 421 421 0 0 0 1 1 1
0 P_1 422 422 0.05478 0.09693877551020408 0.156361 1 1 1
0 P_1 423 423 0 0 0 1 1 1
0 P_1 424 424 0 0 0 1 1 1
0 P_1 425 425 0.03858055 0.07608695652173914 0.134414 1 1 1
0 P_1 426 426 0.1702505 0.23076923076923078 0.2933395 1 1 1
0 P_1 427 427 0.5 0.5 0.5 1 1 1
0 P_1 428 428 0 0 0 1 1 1
0 P_1 429 429 0.293474 0.35714285714285715 0.408715 1 1 1
0 P_1 430 430 0.1021525 0.15760869565217392 0.22415 1 1 1
0 P_1 431 431 0.0926875 0.1488095238095238 0.2181745 1 1 1
0 P_1 432 432 0 0 0 1 1 1
0 P_1 433 433 0.1410205 0.19902912621359223 0.262526 1 1 1
0 P_1 434 434 0 0 0 1 1 1
0 P_1 435 435 0 0 0 1 1 1
0 P_1 436 436 0 0 0 1 1 1
0 P_1 437 437 0 0 0 1 1 1
0 P_1 438 438 0 0 0 1 1 1
0 P_1 439 439 0 0 0 1 1 1
0 P_1 440 440 0 0 0 1 1 1
0 P_1 441 441 0 0 0 1 1 1
0 P_1 442 442 0.2083315 0.27319587628865977 0.335414 1 1 1
0 P_1 443 443 0 0 0 1 1 1
0 P_1 444 444 0 0 0 1 1 1
0 P_1 445 445 0.068775 0.11320754716981132 0.171954 1 1 1
0 P_1 446 446 0 0 0 1 1 1
0 P_1 447 447 0.050942 0.09183673469387756 0.1505675 1 1 1
0 P_1 448 448 0.07714 0.12631578947368421 0.189875 1 1 1
0 P_1 449 449 0.070158 0.11538461538461539 0.1749585 1 1 1
0 P_1 450 450 0.107001 0.16019417475728157 0.223055 1 1 1
0 P_1 451 451 0 0 0 1 1 1
0 P_1 452 452 0 0 0 1 1 1
0 P_1 453 453 0 0 0 1 1 1
0 P_1 454 454 0 0 0 1 1 1
0 P_1 455 455 0 0 0 1 1 1
0 P_1 456 456 0.056276 0.09803921568627451 0.1562965 1 1 1
0 P_1 457 457 0 0 0 1 1 1
0 P_1 458 458 0 0 0 1 1 1
0 P_1 459 459 0.1033475 0.15934065934065933 0.226326 1 1 1
0 P_1 460 460 0.070158 0.11538461538461539 0.1749585 1 1 1
0 P_1 461 461 0.0510735 0.08928571428571429 0.143435 1 1 1
0 P_1 462 462 0.230504 0.30120481927710846 0.365124 1 1 1
0 P_1 463 463 0.0721425 0.11979166666666667 0.1824295 1 1 1
0 P_1 464 464 0 0 0 1 1 1
0 P_1 465 465 0 0 0 1 1 1
0 P_1 466 466 0.3303365 0.3894230769230769 0.4336515 1 1 1
0 P_1 467 467 0.220561 0.2791666666666667 0.3350625 1 1 1
0 P_1 468 468 0.2160935 0.2777777777777778 0.3366045 1 1 1
0 P_1 469 469 0 0 0 1 1 1
0 P_1 470 470 0.2183245 0.28217821782178215 0.342501 1 1 1
0 P_1 471 471 0 0 0 1 1 1
0 P_1 472 472 0.216037 0.2783018867924528 0.3376025 1 1 1
0 P_1 473 473 0.0918545 0.14150943396226415 0.2025225 1 1 1
0 P_1 474 474 0.07714 0.12631578947368421 0.189875 1 1 1
0 P_1 475 475 0.106182 0.16470588235294117 0.234269 1 1 1
0 P_1 476 476 0 0 0 1 1 1
0 P_1 477 477 0 0 0 1 1 1
0 P_1 478 478 0.272127 0.336734693877551 0.3915475 1 1 1
0 P_1 479 479 0.061504 0.1016949152542373 0.1558745 1 1 1
0 P_1 480 480 0 0 0 1 1 1
0 P_1 481 481 0.325819 0.39080459770114945 0.4379845 1 1 1
0 P_1 482 482 0.074502 0.12650602409638553 0.1948515 1 1 1
0 P_1 483 483 0.0746625 0.12244897959183673 0.1846315 1 1 1
0 P_1 484 484 0.107107 0.16477272727272727 0.2331095 1 1 1
0 P_1 485 485 0.2967795 0.3626373626373626 0.4148425 1 1 1
0 P_1 486 486 0 0 0 1 1 1
0 P_1 487 487 0.5 0.5 0.5 1 1 1
0 P_1 488 488 0 0 0 1 1 1
0 P_1 489 489 0.081795 0.12980769230769232 0.1906345 1 1 1
0 P_1 490 490 0.069794 0.12048192771084337 0.1883055 1 1 1
1 P_8 0 0 0 0 0 1 1 1
1 P_8 1 1 0 0 0 1 1 1
1 P_8 2 2 0 0 0 1 1 1
1 P_8 3 3 0 0 0 1 1 1
1 P_8 4 4 0 0 0 1 1 1
1 P_8 5 5 0 0 0 1 1 1
1 P_8 6 6 0.5 0.5 0.5 1 1 1
1 P_8 7 7 0 0 0 1 1 1
1 P_8 8 8 0 0 0 1 1 1
1 P_8 9 9 0 0 0 1 1 1
1 P_8 10 10 0 0 0 1 1 1
1 P_8 11 11 0.5 0.5 0.5 1 1 1
1 P_8 12 12 0 0 0 1 1 1
1 P_8 13 13 0 0 0 1 1 1
1 P_8 14 14 0 0 0 1 1 1
1 P_8 15 15 0.5 0.5 0.5 1 1 1
1 P_8 16 16 0 0 0 1 1 1
1 P_8 17 17 0 0 0 1 1 1
1 P_8 18 18 0 0 0 1 1 1
1 P_8 19 19 0 0 0 1 1 1
1 P_8 20 20 0.5 0.5 0.5 1 1 1
1 P_8 21 21 0.5 0.5 0.5 1 1 1
1 P_8 22 22 0 0 0 1 1 1
1 P_8 23 23 0 0 0 1 1 1
1 P_8 24 24 0 0 0 1 1 1
1 P_8 25 25 0 0 0 1 1 1
1 P_8 26 26 0 0 0 1 1 1
1 P_8 27 27 0 0 0 1 1 1
1 P_8 28 28 0 0 0 1 1 1
1 P_8 29 29 0 0 0 1 1 1
1 P_8 30 30 0.5 0.5 0.5 1 1 1
1 P_8 31 31 0 0 0 1 1 1
1 P_8 32 32 0.5 0.5 0.5 1 1 1
1 P_8 33 33 0 0 0 1 1 1
1 P_8 34 34 0.5 0.5 0.5 1 1 1
1 P_8 35 35 0 0 0 1 1 1
1 P_8 36 36 0 0 0 1 1 1
1 P_8 37 37 0.5 0.5 0.5 1 1 1
1 P_8 38 38 0 0 0 1 1 1
1 P_8 39 39 0 0 0 1 1 1
1 P_8 40 40 0 0 0 1 1 1
1 P_8 41 41 0 0 0 1 1 1
1 P_8 42 42 0 0 0 1 1 1
1 P_8 43 43 0 0 0 1 1 1
1 P_8 44 44 0 0 0 1 1 1
1 P_8 45 45 0 0 0 1 1 1
1 P_8 46 46 0.5 0.5 0.5 1 1 1
1 P_8 47 47 0 0 0 1 1 1
1 P_8 48 48 0 0 0 1 1 1
1 P_8 49 49 0 0 0 1 1 1
1 P_8 50 50 0.5 0.5 0.5 1 1 1
1 P_8 51 51 0 0 0 1 1 1
1 P_8 52 52 0 0 0 1 1 1
1 P_8 53 53 0.5 0.5 0.5 1 1 1
1 P_8 54 54 0 0 0 1 1 1
1 P_8 55 55 0 0 0 1 1 1
1 P_8 56 56 0 0 0 1 1 1
1 P_8 57 57 0 0 0 1 1 1
1 P_8 58 58 0 0 0 1 1 1
1 P_8 59 59 0 0 0 1 1 1
1 P_8 60 60 0.5 0.5 0.5 1 1 1
1 P_8 61 61 0 0 0 1 1 1
1 P_8 62 62 0 0 0 1 1 1
1 P_8 63 63 0.5 0.5 0.5 1 1 1
1 P_8 64 64 0 0 0 1 1 1
1 P_8 65 65 0.5 0.5 0.5 1 1 1
1 P_8 66 66 0 0 0 1 1 1
1 P_8 67 67 0 0 0 1 1 1
1 P_8 68 68 0 0 0 1 1 1
1 P_8 69 69 0 0 0 1 1 1
1 P_8 70 70 0 0 0 1 1 1
1 P_8 71 71 0 0 0 1 1 1
1 P_8 72 72 0 0 0 1 1 1
1 P_8 73 73 0 0 0 1 1 1
1 P_8 74 74 0 0 0 1 1 1
1 P_8 75 75 0 0 0 1 1 1
1 P_8 76 76 0 0 0 1 1 1
1 P_8 77 77 0 0 0 1 1 1
1 P_8 78 78 0.5 0.5 0.5 1 1 1
1 P_8 79 79 0 0 0 1 1 1
1 P_8 80 80 0.5 0.5 0.5 1 1 1
1 P_8 81 81 0 0 0 1 1 1
1 P_8 82 82 0 0 0 1 1 1
1 P_8 83 83 0 0 0 1 1 1
1 P_8 84 84 0 0 0 1 1 1
1 P_8 85 85 0 0 0 1 1 1
1 P_8 86 86 0 0 0 1 1 1
1 P_8 87 87 0 0 0 1 1 1
1 P_8 88 88 0 0 0 1 1 1
1 P_8 89 89 0 0 0 1 1 1
1 P_8 90 90 0 0 0 1 1 1
1 P_8 91 91 0 0 0 1 1 1
1 P_8 92 92 0 0 0 1 1 1
1 P_8 93 93 0 0 0 1 1 1
1 P_8 94 94 0.5 0.5 0.5 1 1 1
1 P_8 95 95 0 0 0 1 1 1
1 P_8 96 96 0 0 0 1 1 1
1 P_8 97 97 0.5 0.5 0.5 1 1 1
1 P_8 98 98 0 0 0 1 1 1
1 P_8 99 99 0.5 0.5 0.5 1 1 1
1 P_8 100 100 0.5 0.5 0.5 1 1 1
1 P_8 101 101 0.5 0.5 0.5 1 1 1
1 P_8 102 102 0 0 0 1 1 1
1 P_8 103 103 0 0 0 1 1 1
1 P_8 104 104 0 0 0 1 1 1
1 P_8 105 105 0.5 0.5 0.5 1 1 1
1 P_8 106 106 0 0 0 1 1 1
1 P_8 107 107 0.5 0.5 0.5 1 1 1
1 P_8 108 108 0 0 0 1 1 1
1 P_8 109 109 0.5 0.5 0.5 1 1 1
1 P_8 110 110 0 0 0 1 1 1
1 P_8 111 111 0.5 0.5 0.5 1 1 1
1 P_8 112 112 0 0 0 1 1 1
1 P_8 113 113 0 0 0 1 1 1
1 P_8 114 114 0 0 0 1 1 1
1 P_8 115 115 0 0 0 1 1 1
1 P_8 116 116 0 0 0 1 1 1
1 P_8 117 117 0 0 0 1 1 1
1 P_8 118 118 0 0 0 1 1 1
1 P_8 119 119 0 0 0 1 1 1
1 P_8 120 120 0 0 0 1 1 1
1 P_8 121 121 0 0 0 1 1 1
1 P_8 122 122 0.5 0.5 0.5 1 1 1
1 P_8 123 123 0 0 0 1 1 1
1 P_8 124 124 0 0 0 1 1 1
1 P_8 125 125 0 0 0 1 1 1
1 P_8 126 126 0 0 0 1 1 1
1 P_8 127 127 0.5 0.5 0.5 1 1 1
1 P_8 128 128 0.5 0.5 0.5 1 1 1
1 P_8 129 129 0 0 0 1 1 1
1 P_8 130 130 0 0 0 1 1 1
1 P_8 131 131 0 0 0 1 1 1
1 P_8 132 132 0 0 0 1 1 1
1 P_8 133 133 0 0 0 1 1 1
1 P_8 134 134 0 0 0 1 1 1
1 P_8 135 135 0 0 0 1 1 1
1 P_8 136 136 0.5 0.5 0.5 1 1 1
1 P_8 137 137 0 0 0 1 1 1
1 P_8 138 138 0 0 0 1 1 1
1 P_8 139 139 0.5 0.5 0.5 1 1 1
1 P_8 140 140 0 0 0 1 1 1
1 P_8 141 141 0 0 0 1 1 1
1 P_8 142 142 0 0 0 1 1 1
1 P_8 143 143 0 0 0 1 1 1
1 P_8 144 144 0 0 0 1 1 1
1 P_8 145 145 0 0 0 1 1 1
1 P_8 146 146 0 0 0 1 1 1
1 P_8 147 147 0 0 0 1 1 1
1 P_8 148 148 0 0 0 1 1 1
1 P_8 149 149 0 0 0 1 1 1
1 P_8 150 150 0 0 0 1 1 1
1 P_8 151 151 0 0 0 1 1 1
1 P_8 152 152 0.5 0.5 0.5 1 1 1
1 P_8 153 153 0.5 0.5 0.5 1 1 1
1 P_8 154 154 0 0 0 1 1 1
1 P_8 155 155 0 0 0 1 1 1
1 P_8 156 156 0 0 0 1 1 1
1 P_8 157 157 0 0 0 1 1 1
1 P_8 158 158 0 0 0 1 1 1
1 P_8 159 159 0 0 0 1 1 1
1 P_8 160 160 0 0 0 1 1 1
1 P_8 161 161 0 0 0 1 1 1
1 P_8 162 162 0.5 0.5 0.5 1 1 1
1 P_8 163 163 0 0 0 1 1 1
1 P_8 164 164 0.5 0.5 0.5 1 1 1
1 P_8 165 165 0 0 0 1 1 1
1 P_8 166 166 0 0 0 1 1 1
1 P_8 167 167 0 0 0 1 1 1
1 P_8 168 168 0 0 0 1 1 1
1 P_8 169 169 0 0 0 1 1 1
1 P_8 170 170 0 0 0 1 1 1
1 P_8 171 171 0 0 0 1 1 1
1 P_8 172 172 0 0 0 1 1 1
1 P_8 173 173 0 0 0 1 1 1
1 P_8 174 174 0 0 0 1 1 1
1 P_8 175 175 0 0 0 1 1 1
1 P_8 176 176 0 0 0 1 1 1
1 P_8 177 177 0 0 0 1 1 1
1 P_8 178 178 0 0 0 1 1 1
1 P_8 179 179 0 0 0 1 1 1
1 P_8 180 180 0 0 0 1 1 1
1 P_8 181 181 0 0 0 1 1 1
1 P_8 182 182 0 0 0 1 1 1
1 P_8 183 183 0.5 0.5 0.5 1 1 1
1 P_8 184 184 0 0 0 1 1 1
1 P_8 185 185 0 0 0 1 1 1
1 P_8 186 186 0.5 0.5 0.5 1 1 1
1 P_8 187 187 0 0 0 1 1 1
1 P_8 188 188 0 0 0 1 1 1
1 P_8 189 189 0 0 0 1 1 1
1 P_8 190 190 0 0 0 1 1 1
1 P_8 191 191 0.5 0.5 0.5 1 1 1
1 P_8 192 192 0 0 0 1 1 1
1 P_8 193 193 0 0 0 1 1 1
1 P_8 194 194 0 0 0 1 1 1
1 P_8 195 195 0 0 0 1 1 1
1 P_8 196 196 0.5 0.5 0.5 1 1 1
1 P_8 197 197 0 0 0 1 1 1
1 P_8 198 198 0 0 0 1 1 1
1 P_8 199 199 0 0 0 1 1 1
1 P_8 200 200 0 0 0 1 1 1
1 P_8 201 201 0.5 0.5 0.5 1 1 1
1 P_8 202 202 0 0 0 1 1 1
1 P_8 203 203 0 0 0 1 1 1
1 P_8 204 204 0 0 0 1 1 1
1 P_8 205 205 0 0 0 1 1 1
1 P_8 206 206 0 0 0 1 1 1
1 P_8 207 207 0 0 0 1 1 1
1 P_8 208 208 0 0 0 1 1 1
1 P_8 209 209 0 0 0 1 1 1
1 P_8 210 210 0 0 0 1 1 1
1 P_8 211 211 0 0 0 1 1 1
1 P_8 212 212 0 0 0 1 1 1
1 P_8 213 213 0 0 0 1 1 1
1 P_8 214 214 0.5 0.5 0.5 1 1 1
1 P_8 215 215 0 0 0 1 1 1
1 P_8 216 216 0 0 0 1 1 1
1 P_8 217 217 0.5 0.5 0.5 1 1 1
1 P_8 218 218 0 0 0 1 1 1
1 P_8 219 219 0 0 0 1 1 1
1 P_8 220 220 0 0 0 1 1 1
1 P_8 221 221 0 0 0 1 1 1
1 P_8 222 222 0 0 0 1 1 1
1 P_8 223 223 0.5 0.5 0.5 1 1 1
1 P_8 224 224 0 0 0 1 1 1
1 P_8 225 225 0 0 0 1 1 1
1 P_8 226 226 0 0 0 1 1 1
1 P_8 227 227 0 0 0 1 1 1
1 P_8 228 228 0 0 0 1 1 1
1 P_8 229 229 0 0 0 1 1 1
1 P_8 230 230 0 0 0 1 1 1
1 P_8 231 231 0 0 0 1 1 1
1 P_8 232 232 0 0 0 1 1 1
1 P_8 233 233 0 0 0 1 1 1
1 P_8 234 234 0.5 0.5 0.5 1 1 1
1 P_8 235 235 0 0 0 1 1 1
1 P_8 236 236 0.5 0.5 0.5 1 1 1
1 P_8 237 237 0 0 0 1 1 1
1 P_8 238 238 0.5 0.5 0.5 1 1 1
1 P_8 239 239 0.5 0.5 0.5 1 1 1
1 P_8 240 240 0 0 0 1 1 1
1 P_8 241 241 0 0 0 1 1 1
1 P_8 242 242 0 0 0 1 1 1
1 P_8 243 243 0 0 0 1 1 1
1 P_8 244 244 0 0 0 1 1 1
1 P_8 245 245 0 0 0 1 1 1
1 P_8 246 246 0 0 0 1 1 1
1 P_8 247 247 0 0 0 1 1 1
1 P_8 248 248 0 0 0 1 1 1
1 P_8 249 249 0.5 0.5 0.5 1 1 1
1 P_8 250 250 0 0 0 1 1 1
1 P_8 251 251 0 0 0 1 1 1
1 P_8 252 252 0.5 0.5 0.5 1 1 1
1 P_8 253 253 0 0 0 1 1 1
1 P_8 254 254 0 0 0 1 1 1
1 P_8 255 255 0 0 0 1 1 1
1 P_8 256 256 0 0 0 1 1 1
1 P_8 257 257 0 0 0 1 1 1
1 P_8 258 258 0 0 0 1 1 1
1 P_8 259 259 0 0 0 1 1 1
1 P_8 260 260 0 0 0 1 1 1
1 P_8 261 261 0 0 0 1 1 1
1 P_8 262 262 0 0 0 1 1 1
1 P_8 263 263 0 0 0 1 1 1
1 P_8 264 264 0 0 0 1 1 1
1 P_8 265 265 0 0 0 1 1 1
1 P_8 266 266 0.5 0.5 0.5 1 1 1
1 P_8 267 267 0.5 0.5 0.5 1 1 1
1 P_8 268 268 0 0 0 1 1 1
1 P_8 269 269 0 0 0 1 1 1
1 P_8 270 270 0 0 0 1 1 1
1 P_8 271 271 0 0 0 1 1 1
1 P_8 272 272 0 0 0 1 1 1
1 P_8 273 273 0 0 0 1 1 1
1 P_8 274 274 0 0 0 1 1 1
1 P_8 275 275 0 0 0 1 1 1
1 P_8 276 276 0 0 0 1 1 1
1 P_8 277 277 0.5 0.5 0.5 1 1 1
1 P_8 278 278 0 0 0 1 1 1
1 P_8 279 279 0 0 0 1 1 1
1 P_8 280 280 0.5 0.5 0.5 1 1 1
1 P_8 281 281 0 0 0 1 1 1
1 P_8 282 282 0 0 0 1 1 1
1 P_8 283 283 0 0 0 1 1 1
1 P_8 284 284 0 0 0 1 1 1
1 P_8 285 285 0 0 0 1 1 1
1 P_8 286 286 0.5 0.5 0.5 1 1 1
1 P_8 287 287 0 0 0 1 1 1
1 P_8 288 288 0 0 0 1 1 1
1 P_8 289 289 0.5 0.5 0.5 1 1 1
1 P_8 290 290 0 0 0 1 1 1
1 P_8 291 291 0 0 0 1 1 1
1 P_8 292 292 0 0 0 1 1 1
1 P_8 293 293 0.5 0.5 0.5 1 1 1
1 P_8 294 294 0 0 0 1 1 1
1 P_8 295 295 0 0 0 1 1 1
1 P_8 296 296 0 0 0 1 1 1
1 P_8 297 297 0.5 0.5 0.5 1 1 1
1 P_8 298 298 0 0 0 1 1 1
1 P_8 299 299 0 0 0 1 1 1
1 P_8 300 300 0 0 0 1 1 1
1 P_8 301 301 0 0 0 1 1 1
1 P_8 302 302 0.5 0.5 0.5 1 1 1
1 P_8 303 303 0.5 0.5 0.5 1 1 1
1 P_8 304 304 0 0 0 1 1 1
1 P_8 305 305 0 0 0 1 1 1
1 P_8 306 306 0 0 0 1 1 1
1 P_8 307 307 0 0 0 1 1 1
1 P_8 308 308 0.5 0.5 0.5 1 1 1
1 P_8 309 309 0 0 0 1 1 1
1 P_8 310 310 0 0 0 1 1 1
1 P_8 311 311 0 0 0 1 1 1
1 P_8 312 312 0 0 0 1 1 1
1 P_8 313 313 0 0 0 1 1 1
1 P_8 314 314 0 0 0 1 1 1
1 P_8 315 315 0 0 0 1 1 1
1 P_8 316 316 0 0 0 1 1 1
1 P_8 317 317 0 0 0 1 1 1
1 P_8 318 318 0.5 0.5 0.5 1 1 1
1 P_8 319 319 0 0 0 1 1 1
1 P_8 320 320 0.5 0.5 0.5 1 1 1
1 P_8 321 321 0 0 0 1 1 1
1 P_8 322 322 0 0 0 1 1 1
1 P_8 323 323 0 0 0 1 1 1
1 P_8 324 324 0 0 0 1 1 1
1 P_8 325 325 0 0 0 1 1 1
1 P_8 326 326 0 0 0 1 1 1
1 P_8 327 327 0 0 0 1 1 1
1 P_8 328 328 0 0 0 1 1 1
1 P_8 329 329 0.5 0.5 0.5 1 1 1
1 P_8 330 330 0.5 0.5 0.5 1 1 1
1 P_8 331 331 0 0 0 1 1 1
1 P_8 332 332 0.5 0.5 0.5 1 1 1
1 P_8 333 333 0 0 0 1 1 1
1 P_8 334 334 0 0 0 1 1 1
1 P_8 335 335 0.5 0.5 0.5 1 1 1
1 P_8 336 336 0 0 0 1 1 1
1 P_8 337 337 0 0 0 1 1 1
1 P_8 338 338 0 0 0 1 1 1
1 P_8 339 339 0 0 0 1 1 1
1 P_8 340 340 0.5 0.5 0.5 1 1 1
1 P_8 341 341 0 0 0 1 1 1
1 P_8 342 342 0.5 0.5 0.5 1 1 1
1 P_8 343 343 0 0 0 1 1 1
1 P_8 344 344 0 0 0 1 1 1
1 P_8 345 345 0 0 0 1 1 1
1 P_8 346 346 0 0 0 1 1 1
1 P_8 347 347 0 0 0 1 1 1
1 P_8 348 348 0 0 0 1 1 1
1 P_8 349 349 0 0 0 1 1 1
1 P_8 350 350 0.5 0.5 0.5 1 1 1
1 P_8 351 351 0 0 0 1 1 1
1 P_8 352 352 0 0 0 1 1 1
1 P_8 353 353 0 0 0 1 1 1
1 P_8 354 354 0 0 0 1 1 1
1 P_8 355 355 0 0 0 1 1 1
1 P_8 356 356 0 0 0 1 1 1
1 P_8 357 357 0.5 0.5 0.5 1 1 1
1 P_8 358 358 0 0 0 1 1 1
1 P_8 359 359 0 0 0 1 1 1
1 P_8 360 360 0 0 0 1 1 1
1 P_8 361 361 0 0 0 1 1 1
1 P_8 362 362 0 0 0 1 1 1
1 P_8 363 363 0.5 0.5 0.5 1 1 1
1 P_8 364 364 0 0 0 1 1 1
1 P_8 365 365 0 0 0 1 1 1
1 P_8 366 366 0 0 0 1 1 1
1 P_8 367 367 0 0 0 1 1 1
1 P_8 368 368 0 0 0 1 1 1
1 P_8 369 369 0.5 0.5 0.5 1 1 1
1 P_8 370 370 0 0 0 1 1 1
1 P_8 371 371 0 0 0 1 1 1
1 P_8 372 372 0 0 0 1 1 1
1 P_8 373 373 0 0 0 1 1 1
1 P_8 374 374 0.5 0.5 0.5 1 1 1
1 P_8 375 375 0 0 0 1 1 1
1 P_8 376 376 0 0 0 1 1 1
1 P_8 377 377 0 0 0 1 1 1
1 P_8 378 378 0 0 0 1 1 1
1 P_8 379 379 0.5 0.5 0.5 1 1 1
1 P_8 380 380 0 0 0 1 1 1
1 P_8 381 381 0 0 0 1 1 1
1 P_8 382 382 0 0 0 1 1 1
1 P_8 383 383 0 0 0 1 1 1
1 P_8 384 384 0 0 0 1 1 1
1 P_8 385 385 0 0 0 1 1 1
1 P_8 386 386 0.5 0.5 0.5 1 1 1
1 P_8 387 387 0 0 0 1 1 1
1 P_8 388 388 0.5 0.5 0.5 1 1 1
1 P_8 389 389 0 0 0 1 1 1
1 P_8 390 390 0 0 0 1 1 1
1 P_8 391 391 0 0 0 1 1 1
1 P_8 392 392 0 0 0 1 1 1
1 P_8 393 393 0 0 0 1 1 1
1 P_8 394 394 0 0 0 1 1 1
1 P_8 395 395 0 0 0 1 1 1
1 P_8 396 396 0 0 0 1 1 1
1 P_8 397 397 0 0 0 1 1 1
1 P_8 398 398 0 0 0 1 1 1
1 P_8 399 399 0.5 0.5 0.5 1 1 1
1 P_8 400 400 0 0 0 1 1 1
1 P_8 401 401 0 0 0 1 1 1
1 P_8 402 402 0 0 0 1 1 1
1 P_8 403 403 0 0 0 1 1 1
1 P_8 404 404 0 0 0 1 1 1
1 P_8 405 405 0 0 0 1 1 1
1 P_8 406 406 0 0 0 1 1 1
1 P_8 407 407 0.5 0.5 0.5 1 1 1
1 P_8 408 408 0 0 0 1 1 1
1 P_8 409 409 0 0 0 1 1 1
1 P_8 410 410 0 0 0 1 1 1
1 P_8 411 411 0 0 0 1 1 1
1 P_8 412 412 0.5 0.5 0.5 1 1 1
1 P_8 413 413 0 0 0 1 1 1
1 P_8 414 414 0 0 0 1 1 1
1 P_8 415 415 0 0 0 1 1 1
1 P_8 416 416 0 0 0 1 1 1
1 P_8 417 417 0 0 0 1 1 1
1 P_8 418 418 0 0 0 1 1 1
1 P_8 419 419 0 0 0 1 1 1
1 P_8 420 420 0 0 0 1 1 1
1 P_8 421 421 0 0 0 1 1 1
1 P_8 422 422 0 0 0 1 1 1
1 P_8 423 423 0 0 0 1 1 1
1 P_8 424 424 0 0 0 1 1 1
1 P_8 425 425 0 0 0 1 1 1
1 P_8 426 426 0 0 0 1 1 1
1 P_8 427 427 0.5 0.5 0.5 1 1 1
1 P_8 428 428 0 0 0 1 1 1
1 P_8 429 429 0.5 0.5 0.5 1 1 1
1 P_8 430 430 0 0 0 1 1 1
1 P_8 431 431 0 0 0 1 1 1
1 P_8 432 432 0 0 0 1 1 1
1 P_8 433 433 0 0 0 1 1 1
1 P_8 434 434 0 0 0 1 1 1
1 P_8 435 435 0 0 0 1 1 1
1 P_8 436 436 0 0 0 1 1 1
1 P_8 437 437 0 0 0 1 1 1
1 P_8 438 438 0 0 0 1 1 1
1 P_8 439 439 0 0 0 1 1 1
1 P_8 440 440 0 0 0 1 1 1
1 P_8 441 441 0 0 0 1 1 1
1 P_8 442 442 0.5 0.5 0.5 1 1 1
1 P_8 443 443 0 0 0 1 1 1
1 P_8 444 444 0 0 0 1 1 1
1 P_8 445 445 0 0 0 1 1 1
1 P_8 446 446 0 0 0 1 1 1
1 P_8 447 447 0 0 0 1 1 1
1 P_8 448 448 0 0 0 1 1 1
1 P_8 449 449 0 0 0 1 1 1
1 P_8 450 450 0 0 0 1 1 1
1 P_8 451 451 0 0 0 1 1 1
1 P_8 452 452 0 0 0 1 1 1
1 P_8 453 453 0 0 0 1 1 1
1 P_8 454 454 0 0 0 1 1 1
1 P_8 455 455 0 0 0 1 1 1
1 P_8 456 456 0 0 0 1 1 1
1 P_8 457 457 0 0 0 1 1 1
1 P_8 458 458 0 0 0 1 1 1
1 P_8 459 459 0 0 0 1 1 1
1 P_8 460 460 0 0 0 1 1 1
1 P_8 461 461 0 0 0 1 1 1
1 P_8 462 462 0.5 0.5 0.5 1 1 1
1 P_8 463 463 0 0 0 1 1 1
1 P_8 464 464 0 0 0 1 1 1
1 P_8 465 465 0 0 0 1 1 1
1 P_8 466 466 0.5 0.5 0.5 1 1 1
1 P_8 467 467 0.5 0.5 0.5 1 1 1
1 P_8 468 468 0.5 0.5 0.5 1 1 1
1 P_8 469 469 0 0 0 1 1 1
1 P_8 470 470 0.5 0.5 0.5 1 1 1
1 P_8 471 471 0 0 0 1 1 1
1 P_8 472 472 0 0 0 1 1 1
1 P_8 473 473 0 0 0 1 1 1
1 P_8 474 474 0 0 0 1 1 1
1 P_8 475 475 0 0 0 1 1 1
1 P_8 476 476 0 0 0 1 1 1
1 P_8 477 477 0 0 0 1 1 1
1 P_8 478 478 0.5 0.5 0.5 1 1 1
1 P_8 479 479 0 0 0 1 1 1
1 P_8 480 480 0 0 0 1 1 1
1 P_8 481 481 0.5 0.5 0.5 1 1 1
1 P_8 482 482 0 0 0 1 1 1
1 P_8 483 483 0 0 0 1 1 1
1 P_8 484 484 0 0 0 1 1 1
1 P_8 485 485 0.5 0.5 0.5 1 1 1
1 P_8 486 486 0 0 0 1 1 1
1 P_8 487 487 0.5 0.5 0.5 1 1 1
1 P_8 488 488 0 0 0 1 1 1
1 P_8 489 489 0 0 0 1 1 1
1 P_8 490 490 0 0 0 1 1 1
2 P_3 0 0 0 0 0 1 1 1
2 P_3 1 1 0 0 0 1 1 1
2 P_3 2 2 0.107001 0.16019417475728157 0.223055 1 1 1
2 P_3 3 3 0 0 0 1 1 1
2 P_3 4 4 0 0 0 1 1 1
2 P_3 5 5 0 0 0 1 1 1
2 P_3 6 6 0.2128175 0.28313253012048195 0.349059 1 1 1
2 P_3 7 7 0.061959 0.10752688172043011 0.1699975 1 1 1
2 P_3 8 8 0.196743 0.2540983606557377 0.311079 1 1 1
2 P_3 9 9 0.184119 0.25301204819277107 0.3215065 1 1 1
2 P_3 10 10 0 0 0 1 1 1
2 P_3 11 11 0 0 0 1 1 1
2 P_3 12 12 0.1824445 0.25 0.3175555 1 1 1
2 P_3 13 13 0 0 0 1 1 1
2 P_3 14 14 0.0940185 0.14942528735632185 0.217561 1 1 1
2 P_3 15 15 0 0 0 1 1 1
2 P_3 16 16 0 0 0 1 1 1
2 P_3 17 17 0 0 0 1 1 1
2 P_3 18 18 0 0 0 1 1 1
2 P_3 19 19 0.09372 0.14423076923076922 0.2060195 1 1 1
2 P_3 20 20 0 0 0 1 1 1
2 P_3 21 21 0 0 0 1 1 1
2 P_3 22 22 0 0 0 1 1 1
2 P_3 23 23 0 0 0 1 1 1
2 P_3 24 24 0.148215 0.20673076923076922 0.2698625 1 1 1
2 P_3 25 25 0 0 0 1 1 1
2 P_3 26 26 0.153921 0.21578947368421053 0.2816395 1 1 1
2 P_3 27 27 0 0 0 1 1 1
2 P_3 28 28 0.04766 0.08762886597938144 0.146086 1 1 1
2 P_3 29 29 0 0 0 1 1 1
2 P_3 30 30 0 0 0 1 1 1
2 P_3 31 31 0.1096435 0.16494845360824742 0.2299535 1 1 1
2 P_3 32 32 0 0 0 1 1 1
2 P_3 33 33 0 0 0 1 1 1
2 P_3 34 34 0 0 0 1 1 1
2 P_3 35 35 0 0 0 1 1 1
2 P_3 36 36 0 0 0 1 1 1
2 P_3 37 37 0 0 0 1 1 1
2 P_3 38 38 0.180984 0.24479166666666666 0.3091995 1 1 1
2 P_3 39 39 0 0 0 1 1 1
2 P_3 40 40 0 0 0 1 1 1
2 P_3 41 41 0.0889915 0.140625 0.2048535 1 1 1
2 P_3 42 42 0.0746625 0.12244897959183673 0.1846315 1 1 1
2 P_3 43 43 0 0 0 1 1 1
2 P_3 44 44 0 0 0 1 1 1
2 P_3 45 45 0.2159835 0.27884615384615385 0.338631 1 1 1
2 P_3 46 46 0.2064315 0.2696078431372549 0.330653 1 1 1
2 P_3 47 47 0.0542055 0.09595959595959595 0.154919 1 1 1
2 P_3 48 48 0.199547 0.2621359223300971 0.323418 1 1 1
2 P_3 49 49 0.1756635 0.24157303370786518 0.308527 1 1 1
2 P_3 50 50 0.236312 0.3020833333333333 0.3618535 1 1 1
2 P_3 51 51 0.1741415 0.22868217054263565 0.2850695 1 1 1
2 P_3 52 52 0.091285 0.14285714285714285 0.206526 1 1 1
2 P_3 53 53 0 0 0 1 1 1
2 P_3 54 54 0 0 0 1 1 1
2 P_3 55 55 0.0585025 0.10326086956521739 0.1656065 1 1 1
2 P_3 56 56 0.2036515 0.2676767676767677 0.3297245 1 1 1
2 P_3 57 57 0 0 0 1 1 1
2 P_3 58 58 0 0 0 1 1 1
2 P_3 59 59 0 0 0 1 1 1
2 P_3 60 60 0 0 0 1 1 1
2 P_3 61 61 0 0 0 1 1 1
2 P_3 62 62 0 0 0 1 1 1
2 P_3 63 63 0 0 0 1 1 1
2 P_3 64 64 0.195749 0.2604166666666667 0.323884 1 1 1
2 P_3 65 65 0.5 0.5 0.5 1 1 1
2 P_3 66 66 0.1684155 0.23 0.2938005 1 1 1
2 P_3 67 67 0.099844 0.15425531914893617 0.219919 1 1 1
2 P_3 68 68 0.0976385 0.15104166666666666 0.2158425 1 1 1
2 P_3 69 69 0 0 0 1 1 1
2 P_3 70 70 0.180984 0.24479166666666666 0.3091995 1 1 1
2 P_3 71 71 0.065509 0.11688311688311688 0.187171 1 1 1
2 P_3 72 72 0.1453845 0.20388349514563106 0.2673485 1 1 1
2 P_3 73 73 0 0 0 1 1 1
2 P_3 74 74 0 0 0 1 1 1
2 P_3 75 75 0 0 0 1 1 1
2 P_3 76 76 0 0 0 1 1 1
2 P_3 77 77 0 0 0 1 1 1
2 P_3 78 78 0 0 0 1 1 1
2 P_3 79 79 0 0 0 1 1 1
2 P_3 80 80 0.227853 0.2912621359223301 0.350228 1 1 1
2 P_3 81 81 0 0 0 1 1 1
2 P_3 82 82 0.140595 0.2077922077922078 0.280994 1 1 1
2 P_3 83 83 0.130192 0.19021739130434784 0.2574175 1 1 1
2 P_3 84 84 0.1113615 0.16847826086956522 0.235377 1 1 1
2 P_3 85 85 0.1381465 0.19791666666666666 0.263688 1 1 1
2 P_3 86 86 0 0 0 1 1 1
2 P_3 87 87 0 0 0 1 1 1
2 P_3 88 88 0.0756785 0.12053571428571429 0.1782415 1 1 1
2 P_3 89 89 0.1729065 0.23333333333333334 0.295522 1 1 1
2 P_3 90 90 0.062577 0.10576923076923077 0.1643305 1 1 1
2 P_3 91 91 0 0 0 1 1 1
2 P_3 92 92 0.098906 0.14782608695652175 0.2066345 1 1 1
2 P_3 93 93 0 0 0 1 1 1
2 P_3 94 94 0 0 0 1 1 1
2 P_3 95 95 0.168539 0.2375 0.3081755 1 1 1
2 P_3 96 96 0.1397175 0.2 0.2661015 1 1 1
2 P_3 97 97 0.5 0.5 0.5 1 1 1
2 P_3 98 98 0.130817 0.18333333333333332 0.242043 1 1 1
2 P_3 99 99 0.2026475 0.2638888888888889 0.3237015 1 1 1
2 P_3 100 100 0.177866 0.24431818181818182 0.311482 1 1 1
2 P_3 101 101 0.5 0.5 0.5 1 1 1
2 P_3 102 102 0.1918245 0.2625 0.331461 1 1 1
2 P_3 103 103 0 0 0 1 1 1
2 P_3 104 104 0 0 0 1 1 1
2 P_3 105 105 0.5 0.5 0.5 1 1 1
2 P_3 106 106 0.0594385 0.10194174757281553 0.160367 1 1 1
2 P_3 107 107 0 0 0 1 1 1
2 P_3 108 108 0 0 0 1 1 1
2 P_3 109 109 0.5 0.5 0.5 1 1 1
2 P_3 110 110 0.1216835 0.18181818181818182 0.250491 1 1 1
2 P_3 111 111 0 0 0 1 1 1
2 P_3 112 112 0 0 0 1 1 1
2 P_3 113 113 0 0 0 1 1 1
2 P_3 114 114 0.151362 0.2107843137254902 0.274469 1 1 1
2 P_3 115 115 0 0 0 1 1 1
2 P_3 116 116 0 0 0 1 1 1
2 P_3 117 117 0.1596995 0.21904761904761905 0.2816675 1 1 1
2 P_3 118 118 0 0 0 1 1 1
2 P_3 119 119 0 0 0 1 1 1
2 P_3 120 120 0 0 0 1 1 1
2 P_3 121 121 0.154339 0.22023809523809523 0.2900345 1 1 1
2 P_3 122 122 0 0 0 1 1 1
2 P_3 123 123 0.1770515 0.23636363636363636 0.297054 1 1 1
2 P_3 124 124 0 0 0 1 1 1
2 P_3 125 125 0 0 0 1 1 1
2 P_3 126 126 0.078676 0.1262135922330097 0.1870705 1 1 1
2 P_3 127 127 0 0 0 1 1 1
2 P_3 128 128 0 0 0 1 1 1
2 P_3 129 129 0 0 0 1 1 1
2 P_3 130 130 0 0 0 1 1 1
2 P_3 131 131 0 0 0 1 1 1
2 P_3 132 132 0.1586165 0.21844660194174756 0.2816745 1 1 1
2 P_3 133 133 0.04039145 0.07954545454545454 0.1399955 1 1 1
2 P_3 134 134 0.199182 0.2623762376237624 0.324212 1 1 1
2 P_3 135 135 0.1223335 0.17355371900826447 0.2318185 1 1 1
2 P_3 136 136 0.5 0.5 0.5 1 1 1
2 P_3 137 137 0.1729065 0.23333333333333334 0.295522 1 1 1
2 P_3 138 138 0.166596 0.22772277227722773 0.2912945 1 1 1
2 P_3 139 139 0.2236485 0.2903225806451613 0.3522065 1 1 1
2 P_3 140 140 0 0 0 1 1 1
2 P_3 141 141 0 0 0 1 1 1
2 P_3 142 142 0 0 0 1 1 1
2 P_3 143 143 0.185032 0.24180327868852458 0.299324 1 1 1
2 P_3 144 144 0.04291735 0.08241758241758242 0.142198 1 1 1
2 P_3 145 145 0.1735155 0.23076923076923078 0.2898545 1 1 1
2 P_3 146 146 0 0 0 1 1 1
2 P_3 147 147 0.0865 0.13095238095238096 0.185949 1 1 1
2 P_3 148 148 0 0 0 1 1 1
2 P_3 149 149 0 0 0 1 1 1
2 P_3 150 150 0.170458 0.23595505617977527 0.3031925 1 1 1
2 P_3 151 151 0.04297365 0.08080808080808081 0.1375285 1 1 1
2 P_3 152 152 0.2238 0.29120879120879123 0.3536195 1 1 1
2 P_3 153 153 0.5 0.5 0.5 1 1 1
2 P_3 154 154 0 0 0 1 1 1
2 P_3 155 155 0 0 0 1 1 1
2 P_3 156 156 0.173902 0.23529411764705882 0.298285 1 1 1
2 P_3 157 157 0.181704 0.24489795918367346 0.308668 1 1 1
2 P_3 158 158 0.198037 0.2631578947368421 0.3267475 1 1 1
2 P_3 159 159 0 0 0 1 1 1
2 P_3 160 160 0.172178 0.23469387755102042 0.2989385 1 1 1
2 P_3 161 161 0 0 0 1 1 1
2 P_3 162 162 0 0 0 1 1 1
2 P_3 163 163 0.1211885 0.17894736842105263 0.2449745 1 1 1
2 P_3 164 164 0 0 0 1 1 1
2 P_3 165 165 0 0 0 1 1 1
2 P_3 166 166 0 0 0 1 1 1
2 P_3 167 167 0 0 0 1 1 1
2 P_3 168 168 0.1067395 0.16304347826086957 0.2297815 1 1 1
2 P_3 169 169 0.118756 0.17105263157894737 0.2310565 1 1 1
2 P_3 170 170 0.1081165 0.16176470588235295 0.2250015 1 1 1
2 P_3 171 171 0.1702585 0.22935779816513763 0.290562 1 1 1
2 P_3 172 172 0 0 0 1 1 1
2 P_3 173 173 0 0 0 1 1 1
2 P_3 174 174 0 0 0 1 1 1
2 P_3 175 175 0 0 0 1 1 1
2 P_3 176 176 0.13364 0.1919191919191919 0.256695 1 1 1
2 P_3 177 177 0.1781545 0.24210526315789474 0.306975 1 1 1
2 P_3 178 178 0 0 0 1 1 1
2 P_3 179 179 0 0 0 1 1 1
2 P_3 180 180 0.155823 0.21568627450980393 0.2792795 1 1 1
2 P_3 181 181 0 0 0 1 1 1
2 P_3 182 182 0 0 0 1 1 1
2 P_3 183 183 0 0 0 1 1 1
2 P_3 184 184 0 0 0 1 1 1
2 P_3 185 185 0.084722 0.13541666666666666 0.1993055 1 1 1
2 P_3 186 186 0 0 0 1 1 1
2 P_3 187 187 0.1108615 0.16666666666666666 0.232071 1 1 1
2 P_3 188 188 0 0 0 1 1 1
2 P_3 189 189 0.186769 0.24561403508771928 0.3048875 1 1 1
2 P_3 190 190 0.1517525 0.21212121212121213 0.276727 1 1 1
2 P_3 191 191 0 0 0 1 1 1
2 P_3 192 192 0.091285 0.14285714285714285 0.206526 1 1 1
2 P_3 193 193 0 0 0 1 1 1
2 P_3 194 194 0.0684295 0.11666666666666667 0.1812305 1 1 1
2 P_3 195 195 0 0 0 1 1 1
2 P_3 196 196 0 0 0 1 1 1
2 P_3 197 197 0 0 0 1 1 1
2 P_3 198 198 0 0 0 1 1 1
2 P_3 199 199 0.1043225 0.1595744680851064 0.2254545 1 1 1
2 P_3 200 200 0.156003 0.21363636363636362 0.274945 1 1 1
2 P_3 201 201 0.5 0.5 0.5 1 1 1
2 P_3 202 202 0 0 0 1 1 1
2 P_3 203 203 0.1182275 0.1781609195402299 0.247189 1 1 1
2 P_3 204 204 0 0 0 1 1 1
2 P_3 205 205 0 0 0 1 1 1
2 P_3 206 206 0.177351 0.24193548387096775 0.307478 1 1 1
2 P_3 207 207 0.13376 0.19117647058823528 0.2549865 1 1 1
2 P_3 208 208 0 0 0 1 1 1
2 P_3 209 209 0 0 0 1 1 1
2 P_3 210 210 0 0 0 1 1 1
2 P_3 211 211 0 0 0 1 1 1
2 P_3 212 212 0 0 0 1 1 1
2 P_3 213 213 0.106533 0.15765765765765766 0.218031 1 1 1
2 P_3 214 214 0.221159 0.28888888888888886 0.3518515 1 1 1
2 P_3 215 215 0.0707175 0.112 0.1655965 1 1 1
2 P_3 216 216 0 0 0 1 1 1
2 P_3 217 217 0 0 0 1 1 1
2 P_3 218 218 0 0 0 1 1 1
2 P_3 219 219 0.1508815 0.2127659574468085 0.279028 1 1 1
2 P_3 220 220 0.1652845 0.2303370786516854 0.297826 1 1 1
2 P_3 221 221 0.1806395 0.24074074074074073 0.3017945 1 1 1
2 P_3 222 222 0 0 0 1 1 1
2 P_3 223 223 0.5 0.5 0.5 1 1 1
2 P_3 224 224 0 0 0 1 1 1
2 P_3 225 225 0 0 0 1 1 1
2 P_3 226 226 0 0 0 1 1 1
2 P_3 227 227 0.174533 0.23394495412844038 0.294994 1 1 1
2 P_3 228 228 0 0 0 1 1 1
2 P_3 229 229 0 0 0 1 1 1
2 P_3 230 230 0 0 0 1 1 1
2 P_3 231 231 0.12074 0.18292682926829268 0.2540995 1 1 1
2 P_3 232 232 0 0 0 1 1 1
2 P_3 233 233 0 0 0 1 1 1
2 P_3 234 234 0.5 0.5 0.5 1 1 1
2 P_3 235 235 0.1513265 0.21428571428571427 0.2815765 1 1 1
2 P_3 236 236 0.5 0.5 0.5 1 1 1
2 P_3 237 237 0.170423 0.22580645161290322 0.2833675 1 1 1
2 P_3 238 238 0.2258345 0.29081632653061223 0.3511875 1 1 1
2 P_3 239 239 0 0 0 1 1 1
2 P_3 240 240 0.04520275 0.08181818181818182 0.1353985 1 1 1
2 P_3 241 241 0.1284365 0.18888888888888888 0.2568315 1 1 1
2 P_3 242 242 0.201715 0.2647058823529412 0.326098 1 1 1
2 P_3 243 243 0.054485 0.09375 0.1485115 1 1 1
2 P_3 244 244 0.0605985 0.10526315789473684 0.166751 1 1 1
2 P_3 245 245 0 0 0 1 1 1
2 P_3 246 246 0 0 0 1 1 1
2 P_3 247 247 0.0670215 0.11165048543689321 0.1711615 1 1 1
2 P_3 248 248 0 0 0 1 1 1
2 P_3 249 249 0 0 0 1 1 1
2 P_3 250 250 0 0 0 1 1 1
2 P_3 251 251 0.1702585 0.22935779816513763 0.290562 1 1 1
2 P_3 252 252 0 0 0 1 1 1
2 P_3 253 253 0 0 0 1 1 1
2 P_3 254 254 0.11267 0.17032967032967034 0.2376505 1 1 1
2 P_3 255 255 0.079788 0.13043478260869565 0.1954215 1 1 1
2 P_3 256 256 0 0 0 1 1 1
2 P_3 257 257 0 0 0 1 1 1
2 P_3 258 258 0.1257755 0.18421052631578946 0.2503015 1 1 1
2 P_3 259 259 0.0955285 0.14795918367346939 0.2119115 1 1 1
2 P_3 260 260 0.1984275 0.26288659793814434 0.3258755 1 1 1
2 P_3 261 261 0.0625805 0.10454545454545454 0.1611935 1 1 1
2 P_3 262 262 0 0 0 1 1 1
2 P_3 263 263 0.144917 0.20786516853932585 0.2760335 1 1 1
2 P_3 264 264 0.181652 0.24725274725274726 0.3131865 1 1 1
2 P_3 265 265 0.188921 0.2459016393442623 0.303257 1 1 1
2 P_3 266 266 0 0 0 1 1 1
2 P_3 267 267 0 0 0 1 1 1
2 P_3 268 268 0.0906995 0.14444444444444443 0.211121 1 1 1
2 P_3 269 269 0.0604395 0.1 0.1534805 1 1 1
2 P_3 270 270 0.1569615 0.21634615384615385 0.279321 1 1 1
2 P_3 271 271 0 0 0 1 1 1
2 P_3 272 272 0 0 0 1 1 1
2 P_3 273 273 0.0941735 0.14835164835164835 0.2148525 1 1 1
2 P_3 274 274 0 0 0 1 1 1
2 P_3 275 275 0 0 0 1 1 1
2 P_3 276 276 0 0 0 1 1 1
2 P_3 277 277 0 0 0 1 1 1
2 P_3 278 278 0.173516 0.2388888888888889 0.305624 1 1 1
2 P_3 279 279 0 0 0 1 1 1
2 P_3 280 280 0.5 0.5 0.5 1 1 1
2 P_3 281 281 0.1484995 0.2079207920792079 0.2719595 1 1 1
2 P_3 282 282 0 0 0 1 1 1
2 P_3 283 283 0 0 0 1 1 1
2 P_3 284 284 0 0 0 1 1 1
2 P_3 285 285 0 0 0 1 1 1
2 P_3 286 286 0 0 0 1 1 1
2 P_3 287 287 0.1513265 0.21428571428571427 0.2815765 1 1 1
2 P_3 288 288 0.079788 0.13043478260869565 0.1954215 1 1 1
2 P_3 289 289 0.5 0.5 0.5 1 1 1
2 P_3 290 290 0.128351 0.18396226415094338 0.24649 1 1 1
2 P_3 291 291 0.1777835 0.23660714285714285 0.296761 1 1 1
2 P_3 292 292 0.059029 0.1 0.1561115 1 1 1
2 P_3 293 293 0 0 0 1 1 1
2 P_3 294 294 0 0 0 1 1 1
2 P_3 295 295 0.1989505 0.25892857142857145 0.3180195 1 1 1
2 P_3 296 296 0 0 0 1 1 1
2 P_3 297 297 0.2273835 0.2976190476190476 0.3616195 1 1 1
2 P_3 298 298 0 0 0 1 1 1
2 P_3 299 299 0 0 0 1 1 1
2 P_3 300 300 0 0 0 1 1 1
2 P_3 301 301 0.1477935 0.20967741935483872 0.27635150000000003 1 1 1
2 P_3 302 302 0.5 0.5 0.5 1 1 1
2 P_3 303 303 0 0 0 1 1 1
2 P_3 304 304 0.1736055 0.23214285714285715 0.292454 1 1 1
2 P_3 305 305 0.071833 0.11682242990654206 0.175623 1 1 1
2 P_3 306 306 0.1824445 0.25 0.3175555 1 1 1
2 P_3 307 307 0 0 0 1 1 1
2 P_3 308 308 0 0 0 1 1 1
2 P_3 309 309 0.097755 0.14903846153846154 0.2110885 1 1 1
2 P_3 310 310 0.1081165 0.16176470588235295 0.2250015 1 1 1
2 P_3 311 311 0 0 0 1 1 1
2 P_3 312 312 0.1730535 0.235 0.2986085 1 1 1
2 P_3 313 313 0 0 0 1 1 1
2 P_3 314 314 0.1140095 0.17222222222222222 0.239967 1 1 1
2 P_3 315 315 0 0 0 1 1 1
2 P_3 316 316 0 0 0 1 1 1
2 P_3 317 317 0.166596 0.22772277227722773 0.2912945 1 1 1
2 P_3 318 318 0.2382575 0.30303030303030304 0.361871 1 1 1
2 P_3 319 319 0.1945705 0.25206611570247933 0.3093715 1 1 1
2 P_3 320 320 0 0 0 1 1 1
2 P_3 321 321 0 0 0 1 1 1
2 P_3 322 322 0.2106185 0.2765957446808511 0.3394455 1 1 1
2 P_3 323 323 0 0 0 1 1 1
2 P_3 324 324 0 0 0 1 1 1
2 P_3 325 325 0 0 0 1 1 1
2 P_3 326 326 0.1305925 0.18376068376068377 0.2432355 1 1 1
2 P_3 327 327 0.141205 0.20103092783505155 0.266443 1 1 1
2 P_3 328 328 0 0 0 1 1 1
2 P_3 329 329 0 0 0 1 1 1
2 P_3 330 330 0 0 0 1 1 1
2 P_3 331 331 0 0 0 1 1 1
2 P_3 332 332 0 0 0 1 1 1
2 P_3 333 333 0.129412 0.19375 0.265804 1 1 1
2 P_3 334 334 0 0 0 1 1 1
2 P_3 335 335 0 0 0 1 1 1
2 P_3 336 336 0.1284365 0.18888888888888888 0.2568315 1 1 1
2 P_3 337 337 0 0 0 1 1 1
2 P_3 338 338 0.09677 0.14761904761904762 0.209285 1 1 1
2 P_3 339 339 0.1017535 0.1527777777777778 0.2137995 1 1 1
2 P_3 340 340 0 0 0 1 1 1
2 P_3 341 341 0.0778605 0.12280701754385964 0.180163 1 1 1
2 P_3 342 342 0.1824025 0.245 0.3081515 1 1 1
2 P_3 343 343 0.1985825 0.2590909090909091 0.3186805 1 1 1
2 P_3 344 344 0.1770515 0.23636363636363636 0.297054 1 1 1
2 P_3 345 345 0.16418 0.22988505747126436 0.2981375 1 1 1
2 P_3 346 346 0.1657985 0.22596153846153846 0.288689 1 1 1
2 P_3 347 347 0.073872 0.12121212121212122 0.1829465 1 1 1
2 P_3 348 348 0.06321 0.10679611650485436 0.1657845 1 1 1
2 P_3 349 349 0.071132 0.11956521739130435 0.1836385 1 1 1
2 P_3 350 350 0 0 0 1 1 1
2 P_3 351 351 0.158065 0.2169811320754717 0.279356 1 1 1
2 P_3 352 352 0.2256765 0.29 0.349892 1 1 1
2 P_3 353 353 0 0 0 1 1 1
2 P_3 354 354 0 0 0 1 1 1
2 P_3 355 355 0 0 0 1 1 1
2 P_3 356 356 0 0 0 1 1 1
2 P_3 357 357 0.5 0.5 0.5 1 1 1
2 P_3 358 358 0 0 0 1 1 1
2 P_3 359 359 0.1747245 0.23557692307692307 0.297968 1 1 1
2 P_3 360 360 0.2159835 0.27884615384615385 0.338631 1 1 1
2 P_3 361 361 0 0 0 1 1 1
2 P_3 362 362 0.2033665 0.26804123711340205 0.330658 1 1 1
2 P_3 363 363 0 0 0 1 1 1
2 P_3 364 364 0 0 0 1 1 1
2 P_3 365 365 0 0 0 1 1 1
2 P_3 366 366 0.085241 0.135 0.1974915 1 1 1
2 P_3 367 367 0.0893025 0.14367816091954022 0.211509 1 1 1
2 P_3 368 368 0 0 0 1 1 1
2 P_3 369 369 0.5 0.5 0.5 1 1 1
2 P_3 370 370 0.1591365 0.21551724137931033 0.275209 1 1 1
2 P_3 371 371 0 0 0 1 1 1
2 P_3 372 372 0.20248 0.2692307692307692 0.333649 1 1 1
2 P_3 373 373 0.059003 0.10759493670886076 0.175928 1 1 1
2 P_3 374 374 0.2251595 0.28703703703703703 0.3451045 1 1 1
2 P_3 375 375 0 0 0 1 1 1
2 P_3 376 376 0 0 0 1 1 1
2 P_3 377 377 0 0 0 1 1 1
2 P_3 378 378 0 0 0 1 1 1
2 P_3 379 379 0 0 0 1 1 1
2 P_3 380 380 0 0 0 1 1 1
2 P_3 381 381 0 0 0 1 1 1
2 P_3 382 382 0 0 0 1 1 1
2 P_3 383 383 0.0656895 0.10952380952380952 0.168191 1 1 1
2 P_3 384 384 0 0 0 1 1 1
2 P_3 385 385 0.136591 0.19680851063829788 0.2632795 1 1 1
2 P_3 386 386 0.218525 0.28735632183908044 0.3514575 1 1 1
2 P_3 387 387 0.1517525 0.21212121212121213 0.276727 1 1 1
2 P_3 388 388 0.5 0.5 0.5 1 1 1
2 P_3 389 389 0 0 0 1 1 1
2 P_3 390 390 0 0 0 1 1 1
2 P_3 391 391 0.173858 0.2411764705882353 0.3096375 1 1 1
2 P_3 392 392 0 0 0 1 1 1
2 P_3 393 393 0 0 0 1 1 1
2 P_3 394 394 0.1729065 0.23333333333333334 0.295522 1 1 1
2 P_3 395 395 0 0 0 1 1 1
2 P_3 396 396 0.054737 0.10416666666666667 0.1756695 1 1 1
2 P_3 397 397 0.1837675 0.24742268041237114 0.311372 1 1 1
2 P_3 398 398 0 0 0 1 1 1
2 P_3 399 399 0.5 0.5 0.5 1 1 1
2 P_3 400 400 0.181704 0.24489795918367346 0.308668 1 1 1
2 P_3 401 401 0 0 0 1 1 1
2 P_3 402 402 0 0 0 1 1 1
2 P_3 403 403 0.107001 0.16019417475728157 0.223055 1 1 1
2 P_3 404 404 0 0 0 1 1 1
2 P_3 405 405 0.198037 0.2631578947368421 0.3267475 1 1 1
2 P_3 406 406 0 0 0 1 1 1
2 P_3 407 407 0 0 0 1 1 1
2 P_3 408 408 0.1092715 0.16666666666666666 0.234274 1 1 1
2 P_3 409 409 0 0 0 1 1 1
2 P_3 410 410 0.1844305 0.2474747474747475 0.3108015 1 1 1
2 P_3 411 411 0 0 0 1 1 1
2 P_3 412 412 0.5 0.5 0.5 1 1 1
2 P_3 413 413 0 0 0 1 1 1
2 P_3 414 414 0 0 0 1 1 1
2 P_3 415 415 0 0 0 1 1 1
2 P_3 416 416 0.145213 0.20930232558139536 0.2786025 1 1 1
2 P_3 417 417 0 0 0 1 1 1
2 P_3 418 418 0 0 0 1 1 1
2 P_3 419 419 0.1974255 0.25961538461538464 0.320779 1 1 1
2 P_3 420 420 0.090994 0.14361702127659576 0.208741 1 1 1
2 P_3 421 421 0 0 0 1 1 1
2 P_3 422 422 0 0 0 1 1 1
2 P_3 423 423 0.098778 0.15517241379310345 0.2235695 1 1 1
2 P_3 424 424 0.0520225 0.09223300970873786 0.149405 1 1 1
2 P_3 425 425 0 0 0 1 1 1
2 P_3 426 426 0 0 0 1 1 1
2 P_3 427 427 0.5 0.5 0.5 1 1 1
2 P_3 428 428 0 0 0 1 1 1
2 P_3 429 429 0.2425825 0.30978260869565216 0.369808 1 1 1
2 P_3 430 430 0.152179 0.21354166666666666 0.279105 1 1 1
2 P_3 431 431 0 0 0 1 1 1
2 P_3 432 432 0.1257755 0.18421052631578946 0.2503015 1 1 1
2 P_3 433 433 0.124943 0.17857142857142858 0.2392935 1 1 1
2 P_3 434 434 0.1868135 0.25274725274725274 0.318348 1 1 1
2 P_3 435 435 0 0 0 1 1 1
2 P_3 436 436 0 0 0 1 1 1
2 P_3 437 437 0.0832265 0.13440860215053763 0.199312 1 1 1
2 P_3 438 438 0 0 0 1 1 1
2 P_3 439 439 0 0 0 1 1 1
2 P_3 440 440 0.04696635 0.08490566037735849 0.1401055 1 1 1
2 P_3 441 441 0 0 0 1 1 1
2 P_3 442 442 0 0 0 1 1 1
2 P_3 443 443 0 0 0 1 1 1
2 P_3 444 444 0 0 0 1 1 1
2 P_3 445 445 0.1711075 0.22972972972972974 0.2903825 1 1 1
2 P_3 446 446 0.098778 0.15517241379310345 0.2235695 1 1 1
2 P_3 447 447 0 0 0 1 1 1
2 P_3 448 448 0 0 0 1 1 1
2 P_3 449 449 0 0 0 1 1 1
2 P_3 450 450 0.183775 0.24324324324324326 0.3033885 1 1 1
2 P_3 451 451 0 0 0 1 1 1
2 P_3 452 452 0.151362 0.2107843137254902 0.274469 1 1 1
2 P_3 453 453 0.1048645 0.16279069767441862 0.2318785 1 1 1
2 P_3 454 454 0.0658385 0.10546875 0.1577005 1 1 1
2 P_3 455 455 0 0 0 1 1 1
2 P_3 456 456 0 0 0 1 1 1
2 P_3 457 457 0.1856065 0.24545454545454545 0.305762 1 1 1
2 P_3 458 458 0 0 0 1 1 1
2 P_3 459 459 0.187436 0.25268817204301075 0.3176205 1 1 1
2 P_3 460 460 0 0 0 1 1 1
2 P_3 461 461 0.093508 0.145 0.208119 1 1 1
2 P_3 462 462 0 0 0 1 1 1
2 P_3 463 463 0.1609635 0.2222222222222222 0.2865885 1 1 1
2 P_3 464 464 0 0 0 1 1 1
2 P_3 465 465 0.08202 0.13131313131313133 0.1938735 1 1 1
2 P_3 466 466 0.2326515 0.2961165048543689 0.3546155 1 1 1
2 P_3 467 467 0 0 0 1 1 1
2 P_3 468 468 0 0 0 1 1 1
2 P_3 469 469 0.073098 0.12 0.1812915 1 1 1
2 P_3 470 470 0 0 0 1 1 1
2 P_3 471 471 0 0 0 1 1 1
2 P_3 472 472 0 0 0 1 1 1
2 P_3 473 473 0.1844305 0.2474747474747475 0.3108015 1 1 1
2 P_3 474 474 0.184569 0.25 0.315431 1 1 1
2 P_3 475 475 0.1982055 0.25925925925925924 0.3193605 1 1 1
2 P_3 476 476 0.1113615 0.16847826086956522 0.235377 1 1 1
2 P_3 477 477 0.05769 0.09905660377358491 0.156212 1 1 1
2 P_3 478 478 0.2110315 0.275 0.3361985 1 1 1
2 P_3 479 479 0 0 0 1 1 1
2 P_3 480 480 0 0 0 1 1 1
2 P_3 481 481 0.1974255 0.25961538461538464 0.320779 1 1 1
2 P_3 482 482 0.1736055 0.23214285714285715 0.292454 1 1 1
2 P_3 483 483 0.16408 0.22380952380952382 0.2863075 1 1 1
2 P_3 484 484 0.194456 0.25742574257425743 0.3195805 1 1 1
2 P_3 485 485 0.2270925 0.28761061946902655 0.344425 1 1 1
2 P_3 486 486 0 0 0 1 1 1
2 P_3 487 487 0.5 0.5 0.5 1 1 1
2 P_3 488 488 0.0928855 0.14772727272727273 0.215372 1 1 1
2 P_3 489 489 0 0 0 1 1 1
2 P_3 490 490 0.168539 0.2375 0.3081755 1 1 1
3 P_0 0 0 0.2496985 0.3157894736842105 0.3742245 1 1 1
3 P_0 1 1 0 0 0 1 1 1
3 P_0 2 2 0 0 0 1 1 1
3 P_0 3 3 0 0 0 1 1 1
3 P_0 4 4 0.2410225 0.30275229357798167 0.3591035 1 1 1
3 P_0 5 5 0 0 0 1 1 1
3 P_0 6 6 0.5 0.5 0.5 1 1 1
3 P_0 7 7 0 0 0 1 1 1
3 P_0 8 8 0 0 0 1 1 1
3 P_0 9 9 0 0 0 1 1 1
3 P_0 10 10 0 0 0 1 1 1
3 P_0 11 11 0.1593325 0.22784810126582278 0.2994395 1 1 1
3 P_0 12 12 0 0 0 1 1 1
3 P_0 13 13 0.2921865 0.35436893203883496 0.405318 1 1 1
3 P_0 14 14 0 0 0 1 1 1
3 P_0 15 15 0.114064 0.17010309278350516 0.2352545 1 1 1
3 P_0 16 16 0.2431685 0.3111111111111111 0.3715635 1 1 1
3 P_0 17 17 0 0 0 1 1 1
3 P_0 18 18 0 0 0 1 1 1
3 P_0 19 19 0 0 0 1 1 1
3 P_0 20 20 0.1455465 0.21084337349397592 0.2813265 1 1 1
3 P_0 21 21 0.122571 0.18085106382978725 0.24726 1 1 1
3 P_0 22 22 0 0 0 1 1 1
3 P_0 23 23 0 0 0 1 1 1
3 P_0 24 24 0 0 0 1 1 1
3 P_0 25 25 0 0 0 1 1 1
3 P_0 26 26 0 0 0 1 1 1
3 P_0 27 27 0 0 0 1 1 1
3 P_0 28 28 0 0 0 1 1 1
3 P_0 29 29 0.293474 0.35714285714285715 0.408715 1 1 1
3 P_0 30 30 0.097755 0.14903846153846154 0.2110885 1 1 1
3 P_0 31 31 0 0 0 1 1 1
3 P_0 32 32 0.1014465 0.16049382716049382 0.2316705 1 1 1
3 P_0 33 33 0 0 0 1 1 1
3 P_0 34 34 0.152646 0.21505376344086022 0.2816125 1 1 1
3 P_0 35 35 0 0 0 1 1 1
3 P_0 36 36 0 0 0 1 1 1
3 P_0 37 37 0.151362 0.2107843137254902 0.274469 1 1 1
3 P_0 38 38 0 0 0 1 1 1
3 P_0 39 39 0 0 0 1 1 1
3 P_0 40 40 0 0 0 1 1 1
3 P_0 41 41 0 0 0 1 1 1
3 P_0 42 42 0 0 0 1 1 1
3 P_0 43 43 0 0 0 1 1 1
3 P_0 44 44 0.270787 0.33181818181818185 0.384582 1 1 1
3 P_0 45 45 0 0 0 1 1 1
3 P_0 46 46 0.5 0.5 0.5 1 1 1
3 P_0 47 47 0 0 0 1 1 1
3 P_0 48 48 0 0 0 1 1 1
3 P_0 49 49 0 0 0 1 1 1
3 P_0 50 50 0.5 0.5 0.5 1 1 1
3 P_0 51 51 0 0 0 1 1 1
3 P_0 52 52 0 0 0 1 1 1
3 P_0 53 53 0.5 0.5 0.5 1 1 1
3 P_0 54 54 0 0 0 1 1 1
3 P_0 55 55 0 0 0 1 1 1
3 P_0 56 56 0 0 0 1 1 1
3 P_0 57 57 0 0 0 1 1 1
3 P_0 58 58 0.2444505 0.313953488372093 0.3752695 1 1 1
3 P_0 59 59 0 0 0 1 1 1
3 P_0 60 60 0.117791 0.17326732673267325 0.237162 1 1 1
3 P_0 61 61 0 0 0 1 1 1
3 P_0 62 62 0 0 0 1 1 1
3 P_0 63 63 0.119175 0.18072289156626506 0.2514445 1 1 1
3 P_0 64 64 0 0 0 1 1 1
3 P_0 65 65 0.5 0.5 0.5 1 1 1
3 P_0 66 66 0 0 0 1 1 1
3 P_0 67 67 0 0 0 1 1 1
3 P_0 68 68 0 0 0 1 1 1
3 P_0 69 69 0 0 0 1 1 1
3 P_0 70 70 0 0 0 1 1 1
3 P_0 71 71 0 0 0 1 1 1
3 P_0 72 72 0 0 0 1 1 1
3 P_0 73 73 0 0 0 1 1 1
3 P_0 74 74 0.280081 0.34574468085106386 0.400156 1 1 1
3 P_0 75 75 0 0 0 1 1 1
3 P_0 76 76 0 0 0 1 1 1
3 P_0 77 77 0.227853 0.2912621359223301 0.350228 1 1 1
3 P_0 78 78 0.1238075 0.1796116504854369 0.242994 1 1 1
3 P_0 79 79 0 0 0 1 1 1
3 P_0 80 80 0.5 0.5 0.5 1 1 1
3 P_0 81 81 0 0 0 1 1 1
3 P_0 82 82 0 0 0 1 1 1
3 P_0 83 83 0 0 0 1 1 1
3 P_0 84 84 0 0 0 1 1 1
3 P_0 85 85 0 0 0 1 1 1
3 P_0 86 86 0 0 0 1 1 1
3 P_0 87 87 0 0 0 1 1 1
3 P_0 88 88 0 0 0 1 1 1
3 P_0 89 89 0 0 0 1 1 1
3 P_0 90 90 0 0 0 1 1 1
3 P_0 91 91 0.237895 0.2982456140350877 0.353886 1 1 1
3 P_0 92 92 0 0 0 1 1 1
3 P_0 93 93 0.260802 0.3313253012048193 0.39108 1 1 1
3 P_0 94 94 0.153434 0.21428571428571427 0.279172 1 1 1
3 P_0 95 95 0 0 0 1 1 1
3 P_0 96 96 0 0 0 1 1 1
3 P_0 97 97 0.5 0.5 0.5 1 1 1
3 P_0 98 98 0 0 0 1 1 1
3 P_0 99 99 0.5 0.5 0.5 1 1 1
3 P_0 100 100 0.5 0.5 0.5 1 1 1
3 P_0 101 101 0.5 0.5 0.5 1 1 1
3 P_0 102 102 0 0 0 1 1 1
3 P_0 103 103 0 0 0 1 1 1
3 P_0 104 104 0.2286905 0.29473684210526313 0.3555765 1 1 1
3 P_0 105 105 0.5 0.5 0.5 1 1 1
3 P_0 106 106 0 0 0 1 1 1
3 P_0 107 107 0.0930895 0.14673913043478262 0.2127765 1 1 1
3 P_0 108 108 0 0 0 1 1 1
3 P_0 109 109 0.5 0.5 0.5 1 1 1
3 P_0 110 110 0 0 0 1 1 1
3 P_0 111 111 0.5 0.5 0.5 1 1 1
3 P_0 112 112 0.2717705 0.3333333333333333 0.386326 1 1 1
3 P_0 113 113 0 0 0 1 1 1
3 P_0 114 114 0 0 0 1 1 1
3 P_0 115 115 0 0 0 1 1 1
3 P_0 116 116 0 0 0 1 1 1
3 P_0 117 117 0 0 0 1 1 1
3 P_0 118 118 0 0 0 1 1 1
3 P_0 119 119 0.2548695 0.3165137614678899 0.371377 1 1 1
3 P_0 120 120 0 0 0 1 1 1
3 P_0 121 121 0 0 0 1 1 1
3 P_0 122 122 0.136729 0.19339622641509435 0.255992 1 1 1
3 P_0 123 123 0 0 0 1 1 1
3 P_0 124 124 0 0 0 1 1 1
3 P_0 125 125 0 0 0 1 1 1
3 P_0 126 126 0 0 0 1 1 1
3 P_0 127 127 0.5 0.5 0.5 1 1 1
3 P_0 128 128 0.5 0.5 0.5 1 1 1
3 P_0 129 129 0.220679 0.28365384615384615 0.3430385 1 1 1
3 P_0 130 130 0 0 0 1 1 1
3 P_0 131 131 0.245628 0.3131868131868132 0.3730825 1 1 1
3 P_0 132 132 0 0 0 1 1 1
3 P_0 133 133 0 0 0 1 1 1
3 P_0 134 134 0 0 0 1 1 1
3 P_0 135 135 0 0 0 1 1 1
3 P_0 136 136 0.5 0.5 0.5 1 1 1
3 P_0 137 137 0 0 0 1 1 1
3 P_0 138 138 0 0 0 1 1 1
3 P_0 139 139 0.5 0.5 0.5 1 1 1
3 P_0 140 140 0.2717705 0.3333333333333333 0.386326 1 1 1
3 P_0 141 141 0 0 0 1 1 1
3 P_0 142 142 0.2577885 0.3217821782178218 0.3779 1 1 1
3 P_0 143 143 0 0 0 1 1 1
3 P_0 144 144 0 0 0 1 1 1
3 P_0 145 145 0 0 0 1 1 1
3 P_0 146 146 0.2238 0.29120879120879123 0.3536195 1 1 1
3 P_0 147 147 0 0 0 1 1 1
3 P_0 148 148 0.251271 0.3163265306122449 0.373891 1 1 1
3 P_0 149 149 0 0 0 1 1 1
3 P_0 150 150 0 0 0 1 1 1
3 P_0 151 151 0 0 0 1 1 1
3 P_0 152 152 0.5 0.5 0.5 1 1 1
3 P_0 153 153 0.5 0.5 0.5 1 1 1
3 P_0 154 154 0 0 0 1 1 1
3 P_0 155 155 0.251373 0.30991735537190085 0.3629395 1 1 1
3 P_0 156 156 0 0 0 1 1 1
3 P_0 157 157 0 0 0 1 1 1
3 P_0 158 158 0 0 0 1 1 1
3 P_0 159 159 0 0 0 1 1 1
3 P_0 160 160 0 0 0 1 1 1
3 P_0 161 161 0 0 0 1 1 1
3 P_0 162 162 0.1173845 0.17582417582417584 0.2432585 1 1 1
3 P_0 163 163 0 0 0 1 1 1
3 P_0 164 164 0.1455935 0.205 0.269392 1 1 1
3 P_0 165 165 0 0 0 1 1 1
3 P_0 166 166 0 0 0 1 1 1
3 P_0 167 167 0.252811 0.3218390804597701 0.3817725 1 1 1
3 P_0 168 168 0 0 0 1 1 1
3 P_0 169 169 0 0 0 1 1 1
3 P_0 170 170 0 0 0 1 1 1
3 P_0 171 171 0 0 0 1 1 1
3 P_0 172 172 0 0 0 1 1 1
3 P_0 173 173 0 0 0 1 1 1
3 P_0 174 174 0 0 0 1 1 1
3 P_0 175 175 0 0 0 1 1 1
3 P_0 176 176 0 0 0 1 1 1
3 P_0 177 177 0 0 0 1 1 1
3 P_0 178 178 0 0 0 1 1 1
3 P_0 179 179 0.173858 0.2411764705882353 0.3096375 1 1 1
3 P_0 180 180 0 0 0 1 1 1
3 P_0 181 181 0 0 0 1 1 1
3 P_0 182 182 0 0 0 1 1 1
3 P_0 183 183 0.1395195 0.19545454545454546 0.256902 1 1 1
3 P_0 184 184 0.260299 0.32242990654205606 0.3770435 1 1 1
3 P_0 185 185 0 0 0 1 1 1
3 P_0 186 186 0.122571 0.18085106382978725 0.24726 1 1 1
3 P_0 187 187 0 0 0 1 1 1
3 P_0 188 188 0 0 0 1 1 1
3 P_0 189 189 0 0 0 1 1 1
3 P_0 190 190 0 0 0 1 1 1
3 P_0 191 191 0.1067395 0.16304347826086957 0.2297815 1 1 1
3 P_0 192 192 0 0 0 1 1 1
3 P_0 193 193 0.2541905 0.3173076923076923 0.3732455 1 1 1
3 P_0 194 194 0 0 0 1 1 1
3 P_0 195 195 0 0 0 1 1 1
3 P_0 196 196 0.1609635 0.2222222222222222 0.2865885 1 1 1
3 P_0 197 197 0 0 0 1 1 1
3 P_0 198 198 0.239614 0.3064516129032258 0.366584 1 1 1
3 P_0 199 199 0 0 0 1 1 1
3 P_0 200 200 0 0 0 1 1 1
3 P_0 201 201 0.5 0.5 0.5 1 1 1
3 P_0 202 202 0.280874 0.34831460674157305 0.4035795 1 1 1
3 P_0 203 203 0 0 0 1 1 1
3 P_0 204 204 0 0 0 1 1 1
3 P_0 205 205 0 0 0 1 1 1
3 P_0 206 206 0 0 0 1 1 1
3 P_0 207 207 0 0 0 1 1 1
3 P_0 208 208 0 0 0 1 1 1
3 P_0 209 209 0 0 0 1 1 1
3 P_0 210 210 0 0 0 1 1 1
3 P_0 211 211 0 0 0 1 1 1
3 P_0 212 212 0.24150750000000001 0.3072916666666667 0.366475 1 1 1
3 P_0 213 213 0 0 0 1 1 1
3 P_0 214 214 0.5 0.5 0.5 1 1 1
3 P_0 215 215 0 0 0 1 1 1
3 P_0 216 216 0.249406 0.32098765432098764 0.382948 1 1 1
3 P_0 217 217 0.1272135 0.18617021276595744 0.2526305 1 1 1
3 P_0 218 218 0 0 0 1 1 1
3 P_0 219 219 0 0 0 1 1 1
3 P_0 220 220 0 0 0 1 1 1
3 P_0 221 221 0 0 0 1 1 1
3 P_0 222 222 0 0 0 1 1 1
3 P_0 223 223 0.5 0.5 0.5 1 1 1
3 P_0 224 224 0 0 0 1 1 1
3 P_0 225 225 0 0 0 1 1 1
3 P_0 226 226 0 0 0 1 1 1
3 P_0 227 227 0 0 0 1 1 1
3 P_0 228 228 0 0 0 1 1 1
3 P_0 229 229 0.218469 0.28651685393258425 0.3500405 1 1 1
3 P_0 230 230 0 0 0 1 1 1
3 P_0 231 231 0 0 0 1 1 1
3 P_0 232 232 0 0 0 1 1 1
3 P_0 233 233 0 0 0 1 1 1
3 P_0 234 234 0.5 0.5 0.5 1 1 1
3 P_0 235 235 0 0 0 1 1 1
3 P_0 236 236 0.5 0.5 0.5 1 1 1
3 P_0 237 237 0 0 0 1 1 1
3 P_0 238 238 0.5 0.5 0.5 1 1 1
3 P_0 239 239 0.1108615 0.16666666666666666 0.232071 1 1 1
3 P_0 240 240 0 0 0 1 1 1
3 P_0 241 241 0 0 0 1 1 1
3 P_0 242 242 0 0 0 1 1 1
3 P_0 243 243 0 0 0 1 1 1
3 P_0 244 244 0 0 0 1 1 1
3 P_0 245 245 0.2184235 0.2857142857142857 0.3486735 1 1 1
3 P_0 246 246 0 0 0 1 1 1
3 P_0 247 247 0 0 0 1 1 1
3 P_0 248 248 0 0 0 1 1 1
3 P_0 249 249 0.5 0.5 0.5 1 1 1
3 P_0 250 250 0 0 0 1 1 1
3 P_0 251 251 0 0 0 1 1 1
3 P_0 252 252 0.1420505 0.2073170731707317 0.2783025 1 1 1
3 P_0 253 253 0 0 0 1 1 1
3 P_0 254 254 0 0 0 1 1 1
3 P_0 255 255 0 0 0 1 1 1
3 P_0 256 256 0 0 0 1 1 1
3 P_0 257 257 0.2286905 0.29473684210526313 0.3555765 1 1 1
3 P_0 258 258 0 0 0 1 1 1
3 P_0 259 259 0 0 0 1 1 1
3 P_0 260 260 0 0 0 1 1 1
3 P_0 261 261 0 0 0 1 1 1
3 P_0 262 262 0 0 0 1 1 1
3 P_0 263 263 0 0 0 1 1 1
3 P_0 264 264 0 0 0 1 1 1
3 P_0 265 265 0 0 0 1 1 1
3 P_0 266 266 0.5 0.5 0.5 1 1 1
3 P_0 267 267 0.1633955 0.2222222222222222 0.2839065 1 1 1
3 P_0 268 268 0 0 0 1 1 1
3 P_0 269 269 0 0 0 1 1 1
3 P_0 270 270 0 0 0 1 1 1
3 P_0 271 271 0 0 0 1 1 1
3 P_0 272 272 0.2645095 0.3353658536585366 0.39478799999999997 1 1 1
3 P_0 273 273 0 0 0 1 1 1
3 P_0 274 274 0.235565 0.3 0.3588955 1 1 1
3 P_0 275 275 0 0 0 1 1 1
3 P_0 276 276 0 0 0 1 1 1
3 P_0 277 277 0.13376 0.19117647058823528 0.2549865 1 1 1
3 P_0 278 278 0 0 0 1 1 1
3 P_0 279 279 0.2438385 0.30927835051546393 0.3679565 1 1 1
3 P_0 280 280 0.5 0.5 0.5 1 1 1
3 P_0 281 281 0 0 0 1 1 1
3 P_0 282 282 0.265773 0.33157894736842103 0.387893 1 1 1
3 P_0 283 283 0 0 0 1 1 1
3 P_0 284 284 0 0 0 1 1 1
3 P_0 285 285 0 0 0 1 1 1
3 P_0 286 286 0.5 0.5 0.5 1 1 1
3 P_0 287 287 0 0 0 1 1 1
3 P_0 288 288 0 0 0 1 1 1
3 P_0 289 289 0.5 0.5 0.5 1 1 1
3 P_0 290 290 0 0 0 1 1 1
3 P_0 291 291 0 0 0 1 1 1
3 P_0 292 292 0 0 0 1 1 1
3 P_0 293 293 0.1484995 0.2079207920792079 0.2719595 1 1 1
3 P_0 294 294 0.2412355 0.3103448275862069 0.371814 1 1 1
3 P_0 295 295 0 0 0 1 1 1
3 P_0 296 296 0 0 0 1 1 1
3 P_0 297 297 0.5 0.5 0.5 1 1 1
3 P_0 298 298 0 0 0 1 1 1
3 P_0 299 299 0.297634 0.3577981651376147 0.4069765 1 1 1
3 P_0 300 300 0.234262 0.3010752688172043 0.361822 1 1 1
3 P_0 301 301 0 0 0 1 1 1
3 P_0 302 302 0.5 0.5 0.5 1 1 1
3 P_0 303 303 0.138178 0.1989247311827957 0.265738 1 1 1
3 P_0 304 304 0 0 0 1 1 1
3 P_0 305 305 0 0 0 1 1 1
3 P_0 306 306 0 0 0 1 1 1
3 P_0 307 307 0 0 0 1 1 1
3 P_0 308 308 0.1632735 0.22777777777777777 0.295006 1 1 1
3 P_0 309 309 0 0 0 1 1 1
3 P_0 310 310 0 0 0 1 1 1
3 P_0 311 311 0 0 0 1 1 1
3 P_0 312 312 0 0 0 1 1 1
3 P_0 313 313 0.226971 0.28695652173913044 0.343364 1 1 1
3 P_0 314 314 0 0 0 1 1 1
3 P_0 315 315 0.271807 0.3411764705882353 0.398746 1 1 1
3 P_0 316 316 0 0 0 1 1 1
3 P_0 317 317 0 0 0 1 1 1
3 P_0 318 318 0.5 0.5 0.5 1 1 1
3 P_0 319 319 0 0 0 1 1 1
3 P_0 320 320 0.5 0.5 0.5 1 1 1
3 P_0 321 321 0 0 0 1 1 1
3 P_0 322 322 0 0 0 1 1 1
3 P_0 323 323 0 0 0 1 1 1
3 P_0 324 324 0 0 0 1 1 1
3 P_0 325 325 0 0 0 1 1 1
3 P_0 326 326 0 0 0 1 1 1
3 P_0 327 327 0 0 0 1 1 1
3 P_0 328 328 0.246116 0.308411214953271 0.364644 1 1 1
3 P_0 329 329 0.1467075 0.21022727272727273 0.2787285 1 1 1
3 P_0 330 330 0.11417 0.16826923076923078 0.231086 1 1 1
3 P_0 331 331 0 0 0 1 1 1
3 P_0 332 332 0.1572415 0.2125 0.271243 1 1 1
3 P_0 333 333 0 0 0 1 1 1
3 P_0 334 334 0 0 0 1 1 1
3 P_0 335 335 0.105212 0.16463414634146342 0.2354905 1 1 1
3 P_0 336 336 0 0 0 1 1 1
3 P_0 337 337 0 0 0 1 1 1
3 P_0 338 338 0 0 0 1 1 1
3 P_0 339 339 0 0 0 1 1 1
3 P_0 340 340 0.153921 0.21578947368421053 0.2816395 1 1 1
3 P_0 341 341 0 0 0 1 1 1
3 P_0 342 342 0.5 0.5 0.5 1 1 1
3 P_0 343 343 0 0 0 1 1 1
3 P_0 344 344 0 0 0 1 1 1
3 P_0 345 345 0 0 0 1 1 1
3 P_0 346 346 0 0 0 1 1 1
3 P_0 347 347 0 0 0 1 1 1
3 P_0 348 348 0 0 0 1 1 1
3 P_0 349 349 0 0 0 1 1 1
3 P_0 350 350 0.5 0.5 0.5 1 1 1
3 P_0 351 351 0 0 0 1 1 1
3 P_0 352 352 0 0 0 1 1 1
3 P_0 353 353 0 0 0 1 1 1
3 P_0 354 354 0 0 0 1 1 1
3 P_0 355 355 0 0 0 1 1 1
3 P_0 356 356 0 0 0 1 1 1
3 P_0 357 357 0.5 0.5 0.5 1 1 1
3 P_0 358 358 0 0 0 1 1 1
3 P_0 359 359 0 0 0 1 1 1
3 P_0 360 360 0 0 0 1 1 1
3 P_0 361 361 0 0 0 1 1 1
3 P_0 362 362 0 0 0 1 1 1
3 P_0 363 363 0.5 0.5 0.5 1 1 1
3 P_0 364 364 0 0 0 1 1 1
3 P_0 365 365 0.2607425 0.325 0.38095 1 1 1
3 P_0 366 366 0 0 0 1 1 1
3 P_0 367 367 0 0 0 1 1 1
3 P_0 368 368 0 0 0 1 1 1
3 P_0 369 369 0.5 0.5 0.5 1 1 1
3 P_0 370 370 0 0 0 1 1 1
3 P_0 371 371 0 0 0 1 1 1
3 P_0 372 372 0 0 0 1 1 1
3 P_0 373 373 0 0 0 1 1 1
3 P_0 374 374 0.5 0.5 0.5 1 1 1
3 P_0 375 375 0 0 0 1 1 1
3 P_0 376 376 0 0 0 1 1 1
3 P_0 377 377 0 0 0 1 1 1
3 P_0 378 378 0 0 0 1 1 1
3 P_0 379 379 0.144917 0.20786516853932585 0.2760335 1 1 1
3 P_0 380 380 0 0 0 1 1 1
3 P_0 381 381 0.2522425 0.31363636363636366 0.3685995 1 1 1
3 P_0 382 382 0 0 0 1 1 1
3 P_0 383 383 0 0 0 1 1 1
3 P_0 384 384 0 0 0 1 1 1
3 P_0 385 385 0 0 0 1 1 1
3 P_0 386 386 0.5 0.5 0.5 1 1 1
3 P_0 387 387 0 0 0 1 1 1
3 P_0 388 388 0.5 0.5 0.5 1 1 1
3 P_0 389 389 0 0 0 1 1 1
3 P_0 390 390 0 0 0 1 1 1
3 P_0 391 391 0 0 0 1 1 1
3 P_0 392 392 0.243305 0.30808080808080807 0.36636 1 1 1
3 P_0 393 393 0.2503085 0.31976744186046513 0.3802955 1 1 1
3 P_0 394 394 0 0 0 1 1 1
3 P_0 395 395 0 0 0 1 1 1
3 P_0 396 396 0 0 0 1 1 1
3 P_0 397 397 0 0 0 1 1 1
3 P_0 398 398 0.2183445 0.2803738317757009 0.3392505 1 1 1
3 P_0 399 399 0.5 0.5 0.5 1 1 1
3 P_0 400 400 0 0 0 1 1 1
3 P_0 401 401 0.2239665 0.29213483146067415 0.355083 1 1 1
3 P_0 402 402 0 0 0 1 1 1
3 P_0 403 403 0 0 0 1 1 1
3 P_0 404 404 0 0 0 1 1 1
3 P_0 405 405 0 0 0 1 1 1
3 P_0 406 406 0 0 0 1 1 1
3 P_0 407 407 0.1598565 0.22164948453608246 0.286677 1 1 1
3 P_0 408 408 0 0 0 1 1 1
3 P_0 409 409 0.2158475 0.28061224489795916 0.341919 1 1 1
3 P_0 410 410 0 0 0 1 1 1
3 P_0 411 411 0 0 0 1 1 1
3 P_0 412 412 0.5 0.5 0.5 1 1 1
3 P_0 413 413 0 0 0 1 1 1
3 P_0 414 414 0.215781 0.28191489361702127 0.3442965 1 1 1
3 P_0 415 415 0 0 0 1 1 1
3 P_0 416 416 0 0 0 1 1 1
3 P_0 417 417 0.2528615 0.3148148148148148 0.370101 1 1 1
3 P_0 418 418 0 0 0 1 1 1
3 P_0 419 419 0 0 0 1 1 1
3 P_0 420 420 0 0 0 1 1 1
3 P_0 421 421 0.272127 0.336734693877551 0.3915475 1 1 1
3 P_0 422 422 0 0 0 1 1 1
3 P_0 423 423 0 0 0 1 1 1
3 P_0 424 424 0 0 0 1 1 1
3 P_0 425 425 0 0 0 1 1 1
3 P_0 426 426 0 0 0 1 1 1
3 P_0 427 427 0.5 0.5 0.5 1 1 1
3 P_0 428 428 0 0 0 1 1 1
3 P_0 429 429 0.5 0.5 0.5 1 1 1
3 P_0 430 430 0 0 0 1 1 1
3 P_0 431 431 0 0 0 1 1 1
3 P_0 432 432 0 0 0 1 1 1
3 P_0 433 433 0 0 0 1 1 1
3 P_0 434 434 0 0 0 1 1 1
3 P_0 435 435 0 0 0 1 1 1
3 P_0 436 436 0.262143 0.3313953488372093 0.3902295 1 1 1
3 P_0 437 437 0 0 0 1 1 1
3 P_0 438 438 0.267177 0.33974358974358976 0.399704 1 1 1
3 P_0 439 439 0 0 0 1 1 1
3 P_0 440 440 0 0 0 1 1 1
3 P_0 441 441 0.2292085 0.2967032967032967 0.3585335 1 1 1
3 P_0 442 442 0.1563455 0.21717171717171718 0.2816705 1 1 1
3 P_0 443 443 0.246296 0.3146067415730337 0.3749135 1 1 1
3 P_0 444 444 0.235315 0.2948717948717949 0.350156 1 1 1
3 P_0 445 445 0 0 0 1 1 1
3 P_0 446 446 0 0 0 1 1 1
3 P_0 447 447 0 0 0 1 1 1
3 P_0 448 448 0 0 0 1 1 1
3 P_0 449 449 0 0 0 1 1 1
3 P_0 450 450 0 0 0 1 1 1
3 P_0 451 451 0.2700465 0.33505154639175255 0.3903565 1 1 1
3 P_0 452 452 0 0 0 1 1 1
3 P_0 453 453 0 0 0 1 1 1
3 P_0 454 454 0 0 0 1 1 1
3 P_0 455 455 0.2449975 0.3118279569892473 0.3713145 1 1 1
3 P_0 456 456 0 0 0 1 1 1
3 P_0 457 457 0 0 0 1 1 1
3 P_0 458 458 0.2294975 0.29775280898876405 0.360092 1 1 1
3 P_0 459 459 0 0 0 1 1 1
3 P_0 460 460 0 0 0 1 1 1
3 P_0 461 461 0 0 0 1 1 1
3 P_0 462 462 0.11905 0.175 0.2392575 1 1 1
3 P_0 463 463 0 0 0 1 1 1
3 P_0 464 464 0 0 0 1 1 1
3 P_0 465 465 0 0 0 1 1 1
3 P_0 466 466 0.5 0.5 0.5 1 1 1
3 P_0 467 467 0.173732 0.2336448598130841 0.2952555 1 1 1
3 P_0 468 468 0.1193805 0.17272727272727273 0.233882 1 1 1
3 P_0 469 469 0 0 0 1 1 1
3 P_0 470 470 0.12889 0.18303571428571427 0.2438315 1 1 1
3 P_0 471 471 0 0 0 1 1 1
3 P_0 472 472 0 0 0 1 1 1
3 P_0 473 473 0 0 0 1 1 1
3 P_0 474 474 0 0 0 1 1 1
3 P_0 475 475 0 0 0 1 1 1
3 P_0 476 476 0 0 0 1 1 1
3 P_0 477 477 0 0 0 1 1 1
3 P_0 478 478 0.5 0.5 0.5 1 1 1
3 P_0 479 479 0 0 0 1 1 1
3 P_0 480 480 0 0 0 1 1 1
3 P_0 481 481 0.5 0.5 0.5 1 1 1
3 P_0 482 482 0 0 0 1 1 1
3 P_0 483 483 0 0 0 1 1 1
3 P_0 484 484 0 0 0 1 1 1
3 P_0 485 485 0.5 0.5 0.5 1 1 1
3 P_0 486 486 0 0 0 1 1 1
3 P_0 487 487 0.5 0.5 0.5 1 1 1
3 P_0 488 488 0 0 0 1 1 1
3 P_0 489 489 0 0 0 1 1 1
3 P_0 490 490 0 0 0 1 1 1
4 P_9 0 0 0 0 0 1 1 1
4 P_9 1 1 0.1970125 0.25663716814159293 0.315608 1 1 1
4 P_9 2 2 0 0 0 1 1 1
4 P_9 3 3 0.117696 0.1712962962962963 0.2329915 1 1 1
4 P_9 4 4 0 0 0 1 1 1
4 P_9 5 5 0.154648 0.215 0.27923 1 1 1
4 P_9 6 6 0.288097 0.35714285714285715 0.412168 1 1 1
4 P_9 7 7 0 0 0 1 1 1
4 P_9 8 8 0.1172225 0.17346938775510204 0.23836 1 1 1
4 P_9 9 9 0 0 0 1 1 1
4 P_9 10 10 0 0 0 1 1 1
4 P_9 11 11 0 0 0 1 1 1
4 P_9 12 12 0.115519 0.17682926829268292 0.2479415 1 1 1
4 P_9 13 13 0 0 0 1 1 1
4 P_9 14 14 0 0 0 1 1 1
4 P_9 15 15 0.0535485 0.09345794392523364 0.1495915 1 1 1
4 P_9 16 16 0 0 0 1 1 1
4 P_9 17 17 0 0 0 1 1 1
4 P_9 18 18 0 0 0 1 1 1
4 P_9 19 19 0 0 0 1 1 1
4 P_9 20 20 0.0866245 0.13829787234042554 0.2030965 1 1 1
4 P_9 21 21 0.061959 0.10752688172043011 0.1699975 1 1 1
4 P_9 22 22 0 0 0 1 1 1
4 P_9 23 23 0 0 0 1 1 1
4 P_9 24 24 0.139803 0.20108695652173914 0.268242 1 1 1
4 P_9 25 25 0 0 0 1 1 1
4 P_9 26 26 0 0 0 1 1 1
4 P_9 27 27 0 0 0 1 1 1
4 P_9 28 28 0 0 0 1 1 1
4 P_9 29 29 0 0 0 1 1 1
4 P_9 30 30 0.0964205 0.15168539325842698 0.219126 1 1 1
4 P_9 31 31 0 0 0 1 1 1
4 P_9 32 32 0.050942 0.09183673469387756 0.1505675 1 1 1
4 P_9 33 33 0 0 0 1 1 1
4 P_9 34 34 0.0592185 0.09913793103448276 0.1535235 1 1 1
4 P_9 35 35 0.156636 0.21304347826086956 0.273029 1 1 1
4 P_9 36 36 0.0928855 0.14772727272727273 0.215372 1 1 1
4 P_9 37 37 0.050497 0.08962264150943396 0.1455185 1 1 1
4 P_9 38 38 0 0 0 1 1 1
4 P_9 39 39 0 0 0 1 1 1
4 P_9 40 40 0 0 0 1 1 1
4 P_9 41 41 0 0 0 1 1 1
4 P_9 42 42 0 0 0 1 1 1
4 P_9 43 43 0.130999 0.1875 0.250668 1 1 1
4 P_9 44 44 0 0 0 1 1 1
4 P_9 45 45 0.1350405 0.19473684210526315 0.2608645 1 1 1
4 P_9 46 46 0.2876615 0.3526315789473684 0.4056625 1 1 1
4 P_9 47 47 0 0 0 1 1 1
4 P_9 48 48 0 0 0 1 1 1
4 P_9 49 49 0 0 0 1 1 1
4 P_9 50 50 0.302587 0.3670212765957447 0.4177065 1 1 1
4 P_9 51 51 0 0 0 1 1 1
4 P_9 52 52 0 0 0 1 1 1
4 P_9 53 53 0.245628 0.3131868131868132 0.3730825 1 1 1
4 P_9 54 54 0.1211885 0.17894736842105263 0.2449745 1 1 1
4 P_9 55 55 0 0 0 1 1 1
4 P_9 56 56 0.0956635 0.14705882352941177 0.209638 1 1 1
4 P_9 57 57 0.1533585 0.21100917431192662 0.2726355 1 1 1
4 P_9 58 58 0 0 0 1 1 1
4 P_9 59 59 0 0 0 1 1 1
4 P_9 60 60 0.0691305 0.11261261261261261 0.169846 1 1 1
4 P_9 61 61 0.138178 0.1989247311827957 0.265738 1 1 1
4 P_9 62 62 0.0895575 0.13716814159292035 0.195884 1 1 1
4 P_9 63 63 0.0778615 0.12385321100917432 0.182697 1 1 1
4 P_9 64 64 0.0721425 0.11979166666666667 0.1824295 1 1 1
4 P_9 65 65 0.5 0.5 0.5 1 1 1
4 P_9 66 66 0.111928 0.17045454545454544 0.2389415 1 1 1
4 P_9 67 67 0 0 0 1 1 1
4 P_9 68 68 0 0 0 1 1 1
4 P_9 69 69 0.086616 0.13592233009708737 0.19750499999999999 1 1 1
4 P_9 70 70 0.112823 0.16379310344827586 0.223038 1 1 1
4 P_9 71 71 0 0 0 1 1 1
4 P_9 72 72 0.118869 0.17289719626168223 0.234927 1 1 1
4 P_9 73 73 0 0 0 1 1 1
4 P_9 74 74 0 0 0 1 1 1
4 P_9 75 75 0 0 0 1 1 1
4 P_9 76 76 0.1593975 0.22282608695652173 0.2895165 1 1 1
4 P_9 77 77 0 0 0 1 1 1
4 P_9 78 78 0 0 0 1 1 1
4 P_9 79 79 0.120549 0.1743119266055046 0.2357905 1 1 1
4 P_9 80 80 0.2779945 0.33771929824561403 0.3888815 1 1 1
4 P_9 81 81 0.0958055 0.14622641509433962 0.207512 1 1 1
4 P_9 82 82 0 0 0 1 1 1
4 P_9 83 83 0.1096435 0.16494845360824742 0.2299535 1 1 1
4 P_9 84 84 0 0 0 1 1 1
4 P_9 85 85 0.1043225 0.1595744680851064 0.2254545 1 1 1
4 P_9 86 86 0.1333145 0.19444444444444445 0.262384 1 1 1
4 P_9 87 87 0 0 0 1 1 1
4 P_9 88 88 0 0 0 1 1 1
4 P_9 89 89 0.1271095 0.17916666666666667 0.2378045 1 1 1
4 P_9 90 90 0 0 0 1 1 1
4 P_9 91 91 0 0 0 1 1 1
4 P_9 92 92 0 0 0 1 1 1
4 P_9 93 93 0 0 0 1 1 1
4 P_9 94 94 0.03853985 0.07425742574257425 0.1292125 1 1 1
4 P_9 95 95 0 0 0 1 1 1
4 P_9 96 96 0.1153815 0.17415730337078653 0.242328 1 1 1
4 P_9 97 97 0.5 0.5 0.5 1 1 1
4 P_9 98 98 0.135109 0.19387755102040816 0.2589855 1 1 1
4 P_9 99 99 0.2619515 0.32524271844660196 0.380433 1 1 1
4 P_9 100 100 0.266923 0.3300970873786408 0.3846485 1 1 1
4 P_9 101 101 0.5 0.5 0.5 1 1 1
4 P_9 102 102 0.0917795 0.14606741573033707 0.2132255 1 1 1
4 P_9 103 103 0 0 0 1 1 1
4 P_9 104 104 0 0 0 1 1 1
4 P_9 105 105 0.5 0.5 0.5 1 1 1
4 P_9 106 106 0 0 0 1 1 1
4 P_9 107 107 0.0684295 0.11666666666666667 0.1812305 1 1 1
4 P_9 108 108 0 0 0 1 1 1
4 P_9 109 109 0.5 0.5 0.5 1 1 1
4 P_9 110 110 0.1193805 0.17272727272727273 0.233882 1 1 1
4 P_9 111 111 0.253007 0.3130434782608696 0.366977 1 1 1
4 P_9 112 112 0 0 0 1 1 1
4 P_9 113 113 0.093508 0.145 0.208119 1 1 1
4 P_9 114 114 0.106601 0.16666666666666666 0.2380255 1 1 1
4 P_9 115 115 0.0627695 0.11046511627906977 0.1760025 1 1 1
4 P_9 116 116 0.055967 0.09895833333333333 0.159327 1 1 1
4 P_9 117 117 0.1081165 0.16176470588235295 0.2250015 1 1 1
4 P_9 118 118 0.073872 0.12121212121212122 0.1829465 1 1 1
4 P_9 119 119 0 0 0 1 1 1
4 P_9 120 120 0.150477 0.211340206185567 0.276614 1 1 1
4 P_9 121 121 0.1322035 0.19 0.2544435 1 1 1
4 P_9 122 122 0 0 0 1 1 1
4 P_9 123 123 0 0 0 1 1 1
4 P_9 124 124 0 0 0 1 1 1
4 P_9 125 125 0 0 0 1 1 1
4 P_9 126 126 0 0 0 1 1 1
4 P_9 127 127 0.251271 0.3163265306122449 0.373891 1 1 1
4 P_9 128 128 0.2689545 0.3333333333333333 0.3883925 1 1 1
4 P_9 129 129 0 0 0 1 1 1
4 P_9 130 130 0 0 0 1 1 1
4 P_9 131 131 0 0 0 1 1 1
4 P_9 132 132 0.1050295 0.15841584158415842 0.2218485 1 1 1
4 P_9 133 133 0 0 0 1 1 1
4 P_9 134 134 0.116019 0.17391304347826086 0.2409375 1 1 1
4 P_9 135 135 0 0 0 1 1 1
4 P_9 136 136 0.5 0.5 0.5 1 1 1
4 P_9 137 137 0.090949 0.14018691588785046 0.200817 1 1 1
4 P_9 138 138 0.117657 0.16956521739130434 0.2292595 1 1 1
4 P_9 139 139 0.312621 0.37264150943396224 0.4198255 1 1 1
4 P_9 140 140 0 0 0 1 1 1
4 P_9 141 141 0 0 0 1 1 1
4 P_9 142 142 0 0 0 1 1 1
4 P_9 143 143 0.122571 0.18085106382978725 0.24726 1 1 1
4 P_9 144 144 0 0 0 1 1 1
4 P_9 145 145 0.1153515 0.16990291262135923 0.233077 1 1 1
4 P_9 146 146 0 0 0 1 1 1
4 P_9 147 147 0 0 0 1 1 1
4 P_9 148 148 0 0 0 1 1 1
4 P_9 149 149 0 0 0 1 1 1
4 P_9 150 150 0 0 0 1 1 1
4 P_9 151 151 0 0 0 1 1 1
4 P_9 152 152 0.2949545 0.3602150537634409 0.4123915 1 1 1
4 P_9 153 153 0.5 0.5 0.5 1 1 1
4 P_9 154 154 0.174533 0.23394495412844038 0.294994 1 1 1
4 P_9 155 155 0 0 0 1 1 1
4 P_9 156 156 0 0 0 1 1 1
4 P_9 157 157 0 0 0 1 1 1
4 P_9 158 158 0 0 0 1 1 1
4 P_9 159 159 0 0 0 1 1 1
4 P_9 160 160 0 0 0 1 1 1
4 P_9 161 161 0.069124 0.115 0.1758175 1 1 1
4 P_9 162 162 0 0 0 1 1 1
4 P_9 163 163 0 0 0 1 1 1
4 P_9 164 164 0.0771095 0.125 0.186728 1 1 1
4 P_9 165 165 0 0 0 1 1 1
4 P_9 166 166 0 0 0 1 1 1
4 P_9 167 167 0 0 0 1 1 1
4 P_9 168 168 0 0 0 1 1 1
4 P_9 169 169 0 0 0 1 1 1
4 P_9 170 170 0.1279635 0.1810344827586207 0.240726 1 1 1
4 P_9 171 171 0.128803 0.18 0.2374475 1 1 1
4 P_9 172 172 0 0 0 1 1 1
4 P_9 173 173 0 0 0 1 1 1
4 P_9 174 174 0.1446555 0.20652173913043478 0.2736065 1 1 1
4 P_9 175 175 0 0 0 1 1 1
4 P_9 176 176 0 0 0 1 1 1
4 P_9 177 177 0.127505 0.18556701030927836 0.2509785 1 1 1
4 P_9 178 178 0.0727915 0.12222222222222222 0.1873015 1 1 1
4 P_9 179 179 0 0 0 1 1 1
4 P_9 180 180 0 0 0 1 1 1
4 P_9 181 181 0 0 0 1 1 1
4 P_9 182 182 0 0 0 1 1 1
4 P_9 183 183 0.0542055 0.09595959595959595 0.154919 1 1 1
4 P_9 184 184 0 0 0 1 1 1
4 P_9 185 185 0 0 0 1 1 1
4 P_9 186 186 0.04887335 0.08823529411764706 0.1451495 1 1 1
4 P_9 187 187 0 0 0 1 1 1
4 P_9 188 188 0 0 0 1 1 1
4 P_9 189 189 0 0 0 1 1 1
4 P_9 190 190 0.1229565 0.17757009345794392 0.239701 1 1 1
4 P_9 191 191 0.0542055 0.09595959595959595 0.154919 1 1 1
4 P_9 192 192 0 0 0 1 1 1
4 P_9 193 193 0 0 0 1 1 1
4 P_9 194 194 0 0 0 1 1 1
4 P_9 195 195 0 0 0 1 1 1
4 P_9 196 196 0.0780025 0.1276595744680851 0.191689 1 1 1
4 P_9 197 197 0.112571 0.17261904761904762 0.242797 1 1 1
4 P_9 198 198 0 0 0 1 1 1
4 P_9 199 199 0 0 0 1 1 1
4 P_9 200 200 0.102565 0.15126050420168066 0.2092015 1 1 1
4 P_9 201 201 0.5 0.5 0.5 1 1 1
4 P_9 202 202 0 0 0 1 1 1
4 P_9 203 203 0 0 0 1 1 1
4 P_9 204 204 0 0 0 1 1 1
4 P_9 205 205 0 0 0 1 1 1
4 P_9 206 206 0.109365 0.16071428571428573 0.2209295 1 1 1
4 P_9 207 207 0 0 0 1 1 1
4 P_9 208 208 0.1861955 0.24553571428571427 0.3053195 1 1 1
4 P_9 209 209 0 0 0 1 1 1
4 P_9 210 210 0.1781005 0.2383177570093458 0.2997475 1 1 1
4 P_9 211 211 0.0605605 0.10674157303370786 0.170648 1 1 1
4 P_9 212 212 0 0 0 1 1 1
4 P_9 213 213 0 0 0 1 1 1
4 P_9 214 214 0.267119 0.3274336283185841 0.3801245 1 1 1
4 P_9 215 215 0 0 0 1 1 1
4 P_9 216 216 0 0 0 1 1 1
4 P_9 217 217 0 0 0 1 1 1
4 P_9 218 218 0.184825 0.2529411764705882 0.3206765 1 1 1
4 P_9 219 219 0.1128225 0.1683673469387755 0.2331315 1 1 1
4 P_9 220 220 0.0940185 0.14942528735632185 0.217561 1 1 1
4 P_9 221 221 0.116632 0.1736842105263158 0.2396165 1 1 1
4 P_9 222 222 0 0 0 1 1 1
4 P_9 223 223 0.5 0.5 0.5 1 1 1
4 P_9 224 224 0 0 0 1 1 1
4 P_9 225 225 0.138129 0.19696969696969696 0.2617425 1 1 1
4 P_9 226 226 0 0 0 1 1 1
4 P_9 227 227 0.117651 0.17857142857142858 0.248843 1 1 1
4 P_9 228 228 0 0 0 1 1 1
4 P_9 229 229 0 0 0 1 1 1
4 P_9 230 230 0 0 0 1 1 1
4 P_9 231 231 0 0 0 1 1 1
4 P_9 232 232 0.094565 0.14166666666666666 0.1988295 1 1 1
4 P_9 233 233 0 0 0 1 1 1
4 P_9 234 234 0.5 0.5 0.5 1 1 1
4 P_9 235 235 0.1153515 0.16990291262135923 0.233077 1 1 1
4 P_9 236 236 0.5 0.5 0.5 1 1 1
4 P_9 237 237 0 0 0 1 1 1
4 P_9 238 238 0.2725105 0.33189655172413796 0.3834215 1 1 1
4 P_9 239 239 0.1027615 0.1542056074766355 0.2155895 1 1 1
4 P_9 240 240 0 0 0 1 1 1
4 P_9 241 241 0.1092715 0.16666666666666666 0.234274 1 1 1
4 P_9 242 242 0 0 0 1 1 1
4 P_9 243 243 0 0 0 1 1 1
4 P_9 244 244 0 0 0 1 1 1
4 P_9 245 245 0 0 0 1 1 1
4 P_9 246 246 0.1563455 0.21717171717171718 0.2816705 1 1 1
4 P_9 247 247 0 0 0 1 1 1
4 P_9 248 248 0.1226055 0.17543859649122806 0.235551 1 1 1
4 P_9 249 249 0.30858 0.37362637362637363 0.423691 1 1 1
4 P_9 250 250 0.1425125 0.20098039215686275 0.2647765 1 1 1
4 P_9 251 251 0.103566 0.15350877192982457 0.21287 1 1 1
4 P_9 252 252 0 0 0 1 1 1
4 P_9 253 253 0.067446 0.1111111111111111 0.1690495 1 1 1
4 P_9 254 254 0.1096765 0.16203703703703703 0.223444 1 1 1
4 P_9 255 255 0 0 0 1 1 1
4 P_9 256 256 0 0 0 1 1 1
4 P_9 257 257 0 0 0 1 1 1
4 P_9 258 258 0 0 0 1 1 1
4 P_9 259 259 0 0 0 1 1 1
4 P_9 260 260 0 0 0 1 1 1
4 P_9 261 261 0 0 0 1 1 1
4 P_9 262 262 0.153754 0.21226415094339623 0.274727 1 1 1
4 P_9 263 263 0.0861485 0.13636363636363635 0.199283 1 1 1
4 P_9 264 264 0 0 0 1 1 1
4 P_9 265 265 0.170349 0.226890756302521 0.285597 1 1 1
4 P_9 266 266 0.2567415 0.3241758241758242 0.3826155 1 1 1
4 P_9 267 267 0.0558625 0.09482758620689655 0.1486705 1 1 1
4 P_9 268 268 0 0 0 1 1 1
4 P_9 269 269 0 0 0 1 1 1
4 P_9 270 270 0 0 0 1 1 1
4 P_9 271 271 0 0 0 1 1 1
4 P_9 272 272 0 0 0 1 1 1
4 P_9 273 273 0 0 0 1 1 1
4 P_9 274 274 0 0 0 1 1 1
4 P_9 275 275 0.1008965 0.15463917525773196 0.2192565 1 1 1
4 P_9 276 276 0.16408 0.22380952380952382 0.2863075 1 1 1
4 P_9 277 277 0 0 0 1 1 1
4 P_9 278 278 0.136592 0.19886363636363635 0.2675395 1 1 1
4 P_9 279 279 0 0 0 1 1 1
4 P_9 280 280 0.5 0.5 0.5 1 1 1
4 P_9 281 281 0.1366605 0.20121951219512196 0.2723145 1 1 1
4 P_9 282 282 0 0 0 1 1 1
4 P_9 283 283 0.0424353 0.08152173913043478 0.140784 1 1 1
4 P_9 284 284 0.1518165 0.2159090909090909 0.2842715 1 1 1
4 P_9 285 285 0 0 0 1 1 1
4 P_9 286 286 0.3025085 0.365 0.414759 1 1 1
4 P_9 287 287 0.1401915 0.20481927710843373 0.275431 1 1 1
4 P_9 288 288 0 0 0 1 1 1
4 P_9 289 289 0.5 0.5 0.5 1 1 1
4 P_9 290 290 0 0 0 1 1 1
4 P_9 291 291 0.1234075 0.18 0.2443465 1 1 1
4 P_9 292 292 0 0 0 1 1 1
4 P_9 293 293 0.0756785 0.12053571428571429 0.1782415 1 1 1
4 P_9 294 294 0 0 0 1 1 1
4 P_9 295 295 0 0 0 1 1 1
4 P_9 296 296 0 0 0 1 1 1
4 P_9 297 297 0.2719205 0.33495145631067963 0.388837 1 1 1
4 P_9 298 298 0.157078 0.21428571428571427 0.2750405 1 1 1
4 P_9 299 299 0 0 0 1 1 1
4 P_9 300 300 0 0 0 1 1 1
4 P_9 301 301 0 0 0 1 1 1
4 P_9 302 302 0.5 0.5 0.5 1 1 1
4 P_9 303 303 0.088615 0.14130434782608695 0.207032 1 1 1
4 P_9 304 304 0.09228 0.14432989690721648 0.2084285 1 1 1
4 P_9 305 305 0 0 0 1 1 1
4 P_9 306 306 0.1079905 0.16483516483516483 0.2320065 1 1 1
4 P_9 307 307 0 0 0 1 1 1
4 P_9 308 308 0 0 0 1 1 1
4 P_9 309 309 0 0 0 1 1 1
4 P_9 310 310 0 0 0 1 1 1
4 P_9 311 311 0 0 0 1 1 1
4 P_9 312 312 0.098778 0.15517241379310345 0.2235695 1 1 1
4 P_9 313 313 0 0 0 1 1 1
4 P_9 314 314 0 0 0 1 1 1
4 P_9 315 315 0 0 0 1 1 1
4 P_9 316 316 0 0 0 1 1 1
4 P_9 317 317 0 0 0 1 1 1
4 P_9 318 318 0.2813655 0.3425925925925926 0.3942975 1 1 1
4 P_9 319 319 0.090403 0.14534883720930233 0.213686 1 1 1
4 P_9 320 320 0.2788585 0.34134615384615385 0.3940915 1 1 1
4 P_9 321 321 0.1533585 0.21100917431192662 0.2726355 1 1 1
4 P_9 322 322 0.081657 0.13333333333333333 0.1993005 1 1 1
4 P_9 323 323 0.1837675 0.24742268041237114 0.311372 1 1 1
4 P_9 324 324 0.065509 0.11688311688311688 0.187171 1 1 1
4 P_9 325 325 0 0 0 1 1 1
4 P_9 326 326 0 0 0 1 1 1
4 P_9 327 327 0.088615 0.14130434782608695 0.207032 1 1 1
4 P_9 328 328 0 0 0 1 1 1
4 P_9 329 329 0.09253 0.14356435643564355 0.2062725 1 1 1
4 P_9 330 330 0 0 0 1 1 1
4 P_9 331 331 0.151852 0.20909090909090908 0.2704645 1 1 1
4 P_9 332 332 0.090311 0.1414141414141414 0.2046575 1 1 1
4 P_9 333 333 0.112823 0.16379310344827586 0.223038 1 1 1
4 P_9 334 334 0 0 0 1 1 1
4 P_9 335 335 0 0 0 1 1 1
4 P_9 336 336 0.085241 0.135 0.1974915 1 1 1
4 P_9 337 337 0.1591945 0.21370967741935484 0.271491 1 1 1
4 P_9 338 338 0 0 0 1 1 1
4 P_9 339 339 0 0 0 1 1 1
4 P_9 340 340 0.0687805 0.11578947368421053 0.1784025 1 1 1
4 P_9 341 341 0 0 0 1 1 1
4 P_9 342 342 0.240662 0.3089887640449438 0.3700075 1 1 1
4 P_9 343 343 0.1238075 0.1796116504854369 0.242994 1 1 1
4 P_9 344 344 0.1153335 0.171875 0.237416 1 1 1
4 P_9 345 345 0.139803 0.20108695652173914 0.268242 1 1 1
4 P_9 346 346 0 0 0 1 1 1
4 P_9 347 347 0 0 0 1 1 1
4 P_9 348 348 0 0 0 1 1 1
4 P_9 349 349 0 0 0 1 1 1
4 P_9 350 350 0.2761785 0.34 0.393854 1 1 1
4 P_9 351 351 0.108835 0.16489361702127658 0.2309555 1 1 1
4 P_9 352 352 0.114685 0.17204301075268819 0.2386595 1 1 1
4 P_9 353 353 0 0 0 1 1 1
4 P_9 354 354 0.1616725 0.22395833333333334 0.2892445 1 1 1
4 P_9 355 355 0 0 0 1 1 1
4 P_9 356 356 0 0 0 1 1 1
4 P_9 357 357 0.5 0.5 0.5 1 1 1
4 P_9 358 358 0.2079535 0.27419354838709675 0.3375595 1 1 1
4 P_9 359 359 0 0 0 1 1 1
4 P_9 360 360 0.1083385 0.1592920353982301 0.2191755 1 1 1
4 P_9 361 361 0.061271 0.10638297872340426 0.1683585 1 1 1
4 P_9 362 362 0 0 0 1 1 1
4 P_9 363 363 0.2286905 0.29473684210526313 0.3555765 1 1 1
4 P_9 364 364 0.0594115 0.09836065573770492 0.1511585 1 1 1
4 P_9 365 365 0 0 0 1 1 1
4 P_9 366 366 0 0 0 1 1 1
4 P_9 367 367 0 0 0 1 1 1
4 P_9 368 368 0.195303 0.26063829787234044 0.3247225 1 1 1
4 P_9 369 369 0.5 0.5 0.5 1 1 1
4 P_9 370 370 0 0 0 1 1 1
4 P_9 371 371 0 0 0 1 1 1
4 P_9 372 372 0.1092715 0.16666666666666666 0.234274 1 1 1
4 P_9 373 373 0 0 0 1 1 1
4 P_9 374 374 0.254376 0.32222222222222224 0.381217 1 1 1
4 P_9 375 375 0.173732 0.2336448598130841 0.2952555 1 1 1
4 P_9 376 376 0 0 0 1 1 1
4 P_9 377 377 0.191473 0.25842696629213485 0.3243365 1 1 1
4 P_9 378 378 0.1354495 0.19090909090909092 0.25234 1 1 1
4 P_9 379 379 0.077201 0.12777777777777777 0.193324 1 1 1
4 P_9 380 380 0 0 0 1 1 1
4 P_9 381 381 0 0 0 1 1 1
4 P_9 382 382 0 0 0 1 1 1
4 P_9 383 383 0 0 0 1 1 1
4 P_9 384 384 0 0 0 1 1 1
4 P_9 385 385 0.141325 0.20212765957446807 0.2685585 1 1 1
4 P_9 386 386 0.256441 0.32142857142857145 0.3783485 1 1 1
4 P_9 387 387 0.110411 0.16216216216216217 0.222711 1 1 1
4 P_9 388 388 0.5 0.5 0.5 1 1 1
4 P_9 389 389 0.11796 0.17553191489361702 0.2418575 1 1 1
4 P_9 390 390 0.1503755 0.2072072072072072 0.2683265 1 1 1
4 P_9 391 391 0 0 0 1 1 1
4 P_9 392 392 0 0 0 1 1 1
4 P_9 393 393 0 0 0 1 1 1
4 P_9 394 394 0 0 0 1 1 1
4 P_9 395 395 0 0 0 1 1 1
4 P_9 396 396 0 0 0 1 1 1
4 P_9 397 397 0.134141 0.1891891891891892 0.250329 1 1 1
4 P_9 398 398 0 0 0 1 1 1
4 P_9 399 399 0.5 0.5 0.5 1 1 1
4 P_9 400 400 0 0 0 1 1 1
4 P_9 401 401 0 0 0 1 1 1
4 P_9 402 402 0.1616725 0.22395833333333334 0.2892445 1 1 1
4 P_9 403 403 0 0 0 1 1 1
4 P_9 404 404 0.103155 0.15789473684210525 0.2233505 1 1 1
4 P_9 405 405 0.117791 0.17326732673267325 0.237162 1 1 1
4 P_9 406 406 0.133884 0.19047619047619047 0.25336 1 1 1
4 P_9 407 407 0.071033 0.1134453781512605 0.168637 1 1 1
4 P_9 408 408 0 0 0 1 1 1
4 P_9 409 409 0 0 0 1 1 1
4 P_9 410 410 0.1197045 0.18023255813953487 0.2496915 1 1 1
4 P_9 411 411 0 0 0 1 1 1
4 P_9 412 412 0.5 0.5 0.5 1 1 1
4 P_9 413 413 0 0 0 1 1 1
4 P_9 414 414 0 0 0 1 1 1
4 P_9 415 415 0.1576775 0.2235294117647059 0.2928085 1 1 1
4 P_9 416 416 0.0754705 0.12371134020618557 0.186347 1 1 1
4 P_9 417 417 0 0 0 1 1 1
4 P_9 418 418 0.05151 0.09444444444444444 0.1564135 1 1 1
4 P_9 419 419 0.0692355 0.11797752808988764 0.18306 1 1 1
4 P_9 420 420 0 0 0 1 1 1
4 P_9 421 421 0 0 0 1 1 1
4 P_9 422 422 0 0 0 1 1 1
4 P_9 423 423 0 0 0 1 1 1
4 P_9 424 424 0 0 0 1 1 1
4 P_9 425 425 0 0 0 1 1 1
4 P_9 426 426 0 0 0 1 1 1
4 P_9 427 427 0.5 0.5 0.5 1 1 1
4 P_9 428 428 0.0837705 0.13063063063063063 0.1894425 1 1 1
4 P_9 429 429 0.24664 0.30952380952380953 0.366116 1 1 1
4 P_9 430 430 0.1320435 0.19072164948453607 0.2561615 1 1 1
4 P_9 431 431 0.151852 0.20909090909090908 0.2704645 1 1 1
4 P_9 432 432 0 0 0 1 1 1
4 P_9 433 433 0.107001 0.16019417475728157 0.223055 1 1 1
4 P_9 434 434 0 0 0 1 1 1
4 P_9 435 435 0.0747555 0.12135922330097088 0.181803 1 1 1
4 P_9 436 436 0 0 0 1 1 1
4 P_9 437 437 0 0 0 1 1 1
4 P_9 438 438 0 0 0 1 1 1
4 P_9 439 439 0.073615 0.11739130434782609 0.1739955 1 1 1
4 P_9 440 440 0 0 0 1 1 1
4 P_9 441 441 0 0 0 1 1 1
4 P_9 442 442 0.0952835 0.15 0.2169685 1 1 1
4 P_9 443 443 0 0 0 1 1 1
4 P_9 444 444 0 0 0 1 1 1
4 P_9 445 445 0.1238075 0.1796116504854369 0.242994 1 1 1
4 P_9 446 446 0 0 0 1 1 1
4 P_9 447 447 0 0 0 1 1 1
4 P_9 448 448 0 0 0 1 1 1
4 P_9 449 449 0 0 0 1 1 1
4 P_9 450 450 0.11267 0.17032967032967034 0.2376505 1 1 1
4 P_9 451 451 0 0 0 1 1 1
4 P_9 452 452 0 0 0 1 1 1
4 P_9 453 453 0 0 0 1 1 1
4 P_9 454 454 0 0 0 1 1 1
4 P_9 455 455 0 0 0 1 1 1
4 P_9 456 456 0 0 0 1 1 1
4 P_9 457 457 0 0 0 1 1 1
4 P_9 458 458 0 0 0 1 1 1
4 P_9 459 459 0.106601 0.16666666666666666 0.2380255 1 1 1
4 P_9 460 460 0.111838 0.1791044776119403 0.257875 1 1 1
4 P_9 461 461 0 0 0 1 1 1
4 P_9 462 462 0.090311 0.1414141414141414 0.2046575 1 1 1
4 P_9 463 463 0.11905 0.175 0.2392575 1 1 1
4 P_9 464 464 0.164372 0.22826086956521738 0.294759 1 1 1
4 P_9 465 465 0 0 0 1 1 1
4 P_9 466 466 0.283114 0.3418803418803419 0.3919005 1 1 1
4 P_9 467 467 0.071833 0.11682242990654206 0.175623 1 1 1
4 P_9 468 468 0.0800675 0.12612612612612611 0.1845865 1 1 1
4 P_9 469 469 0 0 0 1 1 1
4 P_9 470 470 0.0714015 0.11504424778761062 0.1719645 1 1 1
4 P_9 471 471 0.084722 0.13541666666666666 0.1993055 1 1 1
4 P_9 472 472 0 0 0 1 1 1
4 P_9 473 473 0.121908 0.17372881355932204 0.232751 1 1 1
4 P_9 474 474 0.1133055 0.1724137931034483 0.241344 1 1 1
4 P_9 475 475 0.1159575 0.1717171717171717 0.236232 1 1 1
4 P_9 476 476 0 0 0 1 1 1
4 P_9 477 477 0 0 0 1 1 1
4 P_9 478 478 0.248755 0.31666666666666665 0.3764075 1 1 1
4 P_9 479 479 0 0 0 1 1 1
4 P_9 480 480 0.077201 0.12777777777777777 0.193324 1 1 1
4 P_9 481 481 0.250027 0.3093220338983051 0.3630155 1 1 1
4 P_9 482 482 0.0920295 0.14516129032258066 0.21074 1 1 1
4 P_9 483 483 0.1160085 0.168141592920354 0.228334 1 1 1
4 P_9 484 484 0.13956 0.1971153846153846 0.2603125 1 1 1
4 P_9 485 485 0.265773 0.33157894736842103 0.387893 1 1 1
4 P_9 486 486 0.1541825 0.21359223300970873 0.2769225 1 1 1
4 P_9 487 487 0.5 0.5 0.5 1 1 1
4 P_9 488 488 0 0 0 1 1 1
4 P_9 489 489 0 0 0 1 1 1
4 P_9 490 490 0.154453 0.21739130434782608 0.2842435 1 1 1
