5 #m
421 #n
0 P_9 0 0 0 0 0 1 1 1
0 P_9 1 1 0.5 0.5 0.5 1 1 1
0 P_9 2 2 0 0 0 1 1 1
0 P_9 3 3 0 0 0 1 1 1
0 P_9 4 4 0 0 0 1 1 1
0 P_9 5 5 0 0 0 1 1 1
0 P_9 6 6 0 0 0 1 1 1
0 P_9 7 7 0 0 0 1 1 1
0 P_9 8 8 0.3052765 0.3249506903353057 0.343777 1 1 1
0 P_9 9 9 0.330348 0.3496468213925328 0.3677925 1 1 1
0 P_9 10 10 0 0 0 1 1 1
0 P_9 11 11 0 0 0 1 1 1
0 P_9 12 12 0 0 0 1 1 1
0 P_9 13 13 0.3213445 0.3409552845528455 0.359506 1 1 1
0 P_9 14 14 0 0 0 1 1 1
0 P_9 15 15 0.322212 0.34181078331637843 0.3603385 1 1 1
0 P_9 16 16 0 0 0 1 1 1
0 P_9 17 17 0.5 0.5 0.5 1 1 1
0 P_9 18 18 0.313719 0.333502538071066 0.352314 1 1 1
0 P_9 19 19 0 0 0 1 1 1
0 P_9 20 20 0.1351775 0.153420523138833 0.172778 1 1 1
0 P_9 21 21 0.144785 0.16346153846153846 0.1831425 1 1 1
0 P_9 22 22 0.1432555 0.16180904522613065 0.181379 1 1 1
0 P_9 23 23 0.141031 0.1595744680851064 0.1791685 1 1 1
0 P_9 24 24 0 0 0 1 1 1
0 P_9 25 25 0.1308755 0.1488095238095238 0.167895 1 1 1
0 P_9 26 26 0 0 0 1 1 1
0 P_9 27 27 0 0 0 1 1 1
0 P_9 28 28 0 0 0 1 1 1
0 P_9 29 29 0.5 0.5 0.5 1 1 1
0 P_9 30 30 0 0 0 1 1 1
0 P_9 31 31 0 0 0 1 1 1
0 P_9 32 32 0 0 0 1 1 1
0 P_9 33 33 0.142961 0.16148445336008024 0.181026 1 1 1
0 P_9 34 34 0 0 0 1 1 1
0 P_9 35 35 0.303589 0.32338308457711445 0.3423395 1 1 1
0 P_9 36 36 0 0 0 1 1 1
0 P_9 37 37 0.1486155 0.1675178753830439 0.1873865 1 1 1
0 P_9 38 38 0 0 0 1 1 1
0 P_9 39 39 0.317216 0.3368686868686869 0.355515 1 1 1
0 P_9 40 40 0 0 0 1 1 1
0 P_9 41 41 0 0 0 1 1 1
0 P_9 42 42 0 0 0 1 1 1
0 P_9 43 43 0 0 0 1 1 1
0 P_9 44 44 0 0 0 1 1 1
0 P_9 45 45 0 0 0 1 1 1
0 P_9 46 46 0 0 0 1 1 1
0 P_9 47 47 0 0 0 1 1 1
0 P_9 48 48 0.147043 0.1658215010141988 0.185579 1 1 1
0 P_9 49 49 0 0 0 1 1 1
0 P_9 50 50 0.3330325 0.3526927138331573 0.3711095 1 1 1
0 P_9 51 51 0 0 0 1 1 1
0 P_9 52 52 0.1511365 0.1700404858299595 0.1898725 1 1 1
0 P_9 53 53 0.3329945 0.3520916334661355 0.3700225 1 1 1
0 P_9 54 54 0.3145605 0.3338150289017341 0.3521435 1 1 1
0 P_9 55 55 0 0 0 1 1 1
0 P_9 56 56 0 0 0 1 1 1
0 P_9 57 57 0 0 0 1 1 1
0 P_9 58 58 0.328502 0.34763313609467456 0.36566 1 1 1
0 P_9 59 59 0 0 0 1 1 1
0 P_9 60 60 0 0 0 1 1 1
0 P_9 61 61 0.5 0.5 0.5 1 1 1
0 P_9 62 62 0 0 0 1 1 1
0 P_9 63 63 0.1316095 0.15026737967914439 0.170148 1 1 1
0 P_9 64 64 0.5 0.5 0.5 1 1 1
0 P_9 65 65 0.5 0.5 0.5 1 1 1
0 P_9 66 66 0.5 0.5 0.5 1 1 1
0 P_9 67 67 0.5 0.5 0.5 1 1 1
0 P_9 68 68 0 0 0 1 1 1
0 P_9 69 69 0 0 0 1 1 1
0 P_9 70 70 0 0 0 1 1 1
0 P_9 71 71 0.147692 0.1661764705882353 0.1856035 1 1 1
0 P_9 72 72 0 0 0 1 1 1
0 P_9 73 73 0 0 0 1 1 1
0 P_9 74 74 0 0 0 1 1 1
0 P_9 75 75 0 0 0 1 1 1
0 P_9 76 76 0 0 0 1 1 1
0 P_9 77 77 0 0 0 1 1 1
0 P_9 78 78 0.317971 0.33779608650875387 0.3565845 1 1 1
0 P_9 79 79 0 0 0 1 1 1
0 P_9 80 80 0.1410255 0.1592920353982301 0.1785815 1 1 1
0 P_9 81 81 0.141565 0.1601010101010101 0.179678 1 1 1
0 P_9 82 82 0.5 0.5 0.5 1 1 1
0 P_9 83 83 0.5 0.5 0.5 1 1 1
0 P_9 84 84 0.151125 0.16979269496544916 0.1893685 1 1 1
0 P_9 85 85 0.146011 0.16439024390243903 0.1837275 1 1 1
0 P_9 86 86 0.3157365 0.3353353353353353 0.3539545 1 1 1
0 P_9 87 87 0.3160385 0.3352601156069364 0.3535395 1 1 1
0 P_9 88 88 0 0 0 1 1 1
0 P_9 89 89 0.136854 0.15544041450777202 0.1751505 1 1 1
0 P_9 90 90 0.137368 0.15528846153846154 0.1742535 1 1 1
0 P_9 91 91 0.310684 0.3304742684157417 0.3493335 1 1 1
0 P_9 92 92 0 0 0 1 1 1
0 P_9 93 93 0.142363 0.16044061302681992 0.179502 1 1 1
0 P_9 94 94 0.1511545 0.17003027245206861 0.1898315 1 1 1
0 P_9 95 95 0 0 0 1 1 1
0 P_9 96 96 0 0 0 1 1 1
0 P_9 97 97 0 0 0 1 1 1
0 P_9 98 98 0 0 0 1 1 1
0 P_9 99 99 0.1307905 0.14921465968586387 0.168849 1 1 1
0 P_9 100 100 0.1480165 0.1665034280117532 0.185928 1 1 1
0 P_9 101 101 0.5 0.5 0.5 1 1 1
0 P_9 102 102 0 0 0 1 1 1
0 P_9 103 103 0 0 0 1 1 1
0 P_9 104 104 0 0 0 1 1 1
0 P_9 105 105 0 0 0 1 1 1
0 P_9 106 106 0 0 0 1 1 1
0 P_9 107 107 0.5 0.5 0.5 1 1 1
0 P_9 108 108 0 0 0 1 1 1
0 P_9 109 109 0.5 0.5 0.5 1 1 1
0 P_9 110 110 0.5 0.5 0.5 1 1 1
0 P_9 111 111 0.3309415 0.3496669838249286 0.3673045 1 1 1
0 P_9 112 112 0 0 0 1 1 1
0 P_9 113 113 0 0 0 1 1 1
0 P_9 114 114 0 0 0 1 1 1
0 P_9 115 115 0 0 0 1 1 1
0 P_9 116 116 0 0 0 1 1 1
0 P_9 117 117 0 0 0 1 1 1
0 P_9 118 118 0.147041 0.16552062868369352 0.184952 1 1 1
0 P_9 119 119 0 0 0 1 1 1
0 P_9 120 120 0 0 0 1 1 1
0 P_9 121 121 0.3073855 0.3269607843137255 0.3456705 1 1 1
0 P_9 122 122 0 0 0 1 1 1
0 P_9 123 123 0.1455965 0.16417165668662675 0.183729 1 1 1
0 P_9 124 124 0 0 0 1 1 1
0 P_9 125 125 0 0 0 1 1 1
0 P_9 126 126 0.145075 0.1641949152542373 0.184357 1 1 1
0 P_9 127 127 0.313898 0.33349950149551344 0.3521465 1 1 1
0 P_9 128 128 0.3092365 0.3291075050709939 0.3480585 1 1 1
0 P_9 129 129 0.3220595 0.3415245737211635 0.3599365 1 1 1
0 P_9 130 130 0 0 0 1 1 1
0 P_9 131 131 0 0 0 1 1 1
0 P_9 132 132 0 0 0 1 1 1
0 P_9 133 133 0 0 0 1 1 1
0 P_9 134 134 0.3134425 0.3333333333333333 0.352244 1 1 1
0 P_9 135 135 0 0 0 1 1 1
0 P_9 136 136 0 0 0 1 1 1
0 P_9 137 137 0.3213985 0.34077380952380953 0.3591165 1 1 1
0 P_9 138 138 0.5 0.5 0.5 1 1 1
0 P_9 139 139 0.1470415 0.1653771760154739 0.1846515 1 1 1
0 P_9 140 140 0 0 0 1 1 1
0 P_9 141 141 0.5 0.5 0.5 1 1 1
0 P_9 142 142 0.3215515 0.341 0.359405 1 1 1
0 P_9 143 143 0 0 0 1 1 1
0 P_9 144 144 0 0 0 1 1 1
0 P_9 145 145 0.1484095 0.16717019133937563 0.1868875 1 1 1
0 P_9 146 146 0 0 0 1 1 1
0 P_9 147 147 0 0 0 1 1 1
0 P_9 148 148 0.321038 0.341227125941873 0.3602905 1 1 1
0 P_9 149 149 0.1389205 0.1572139303482587 0.176566 1 1 1
0 P_9 150 150 0.5 0.5 0.5 1 1 1
0 P_9 151 151 0.5 0.5 0.5 1 1 1
0 P_9 152 152 0.1371695 0.15546639919759278 0.174851 1 1 1
0 P_9 153 153 0 0 0 1 1 1
0 P_9 154 154 0.323772 0.3428709990300679 0.3609365 1 1 1
0 P_9 155 155 0.5 0.5 0.5 1 1 1
0 P_9 156 156 0.331918 0.35099009900990097 0.3689155 1 1 1
0 P_9 157 157 0 0 0 1 1 1
0 P_9 158 158 0 0 0 1 1 1
0 P_9 159 159 0 0 0 1 1 1
0 P_9 160 160 0 0 0 1 1 1
0 P_9 161 161 0.5 0.5 0.5 1 1 1
0 P_9 162 162 0 0 0 1 1 1
0 P_9 163 163 0 0 0 1 1 1
0 P_9 164 164 0 0 0 1 1 1
0 P_9 165 165 0 0 0 1 1 1
0 P_9 166 166 0.32859 0.3485499462943072 0.3672965 1 1 1
0 P_9 167 167 0 0 0 1 1 1
0 P_9 168 168 0 0 0 1 1 1
0 P_9 169 169 0 0 0 1 1 1
0 P_9 170 170 0 0 0 1 1 1
0 P_9 171 171 0.5 0.5 0.5 1 1 1
0 P_9 172 172 0.158617 0.17754698318496537 0.197299 1 1 1
0 P_9 173 173 0.5 0.5 0.5 1 1 1
0 P_9 174 174 0.302842 0.32301341589267285 0.342321 1 1 1
0 P_9 175 175 0 0 0 1 1 1
0 P_9 176 176 0.148689 0.16715399610136453 0.186545 1 1 1
0 P_9 177 177 0 0 0 1 1 1
0 P_9 178 178 0.319163 0.3386613386613387 0.3571435 1 1 1
0 P_9 179 179 0 0 0 1 1 1
0 P_9 180 180 0.3158445 0.3355196770938446 0.354205 1 1 1
0 P_9 181 181 0.3130515 0.3323671497584541 0.35077 1 1 1
0 P_9 182 182 0.134781 0.15317622950819673 0.172709 1 1 1
0 P_9 183 183 0.1288635 0.14654333008763387 0.1653785 1 1 1
0 P_9 184 184 0 0 0 1 1 1
0 P_9 185 185 0.5 0.5 0.5 1 1 1
0 P_9 186 186 0 0 0 1 1 1
0 P_9 187 187 0.31570549999999997 0.3343949044585987 0.352203 1 1 1
0 P_9 188 188 0.3275465 0.34684684684684686 0.3650355 1 1 1
0 P_9 189 189 0 0 0 1 1 1
0 P_9 190 190 0 0 0 1 1 1
0 P_9 191 191 0.1438975 0.16236345580933464 0.1818275 1 1 1
0 P_9 192 192 0.142019 0.16069600818833163 0.180421 1 1 1
0 P_9 193 193 0 0 0 1 1 1
0 P_9 194 194 0 0 0 1 1 1
0 P_9 195 195 0.1335865 0.15201654601861428 0.1716085 1 1 1
0 P_9 196 196 0 0 0 1 1 1
0 P_9 197 197 0 0 0 1 1 1
0 P_9 198 198 0.3270425 0.3463855421686747 0.364619 1 1 1
0 P_9 199 199 0 0 0 1 1 1
0 P_9 200 200 0.1400375 0.158203125 0.177397 1 1 1
0 P_9 201 201 0.5 0.5 0.5 1 1 1
0 P_9 202 202 0.5 0.5 0.5 1 1 1
0 P_9 203 203 0 0 0 1 1 1
0 P_9 204 204 0 0 0 1 1 1
0 P_9 205 205 0 0 0 1 1 1
0 P_9 206 206 0.3253355 0.3447927199191102 0.363151 1 1 1
0 P_9 207 207 0 0 0 1 1 1
0 P_9 208 208 0.3236045 0.34288537549407117 0.361114 1 1 1
0 P_9 209 209 0.321067 0.34112646121147716 0.360076 1 1 1
0 P_9 210 210 0.3355615 0.3545816733067729 0.372407 1 1 1
0 P_9 211 211 0.140157 0.15861027190332327 0.1781185 1 1 1
0 P_9 212 212 0 0 0 1 1 1
0 P_9 213 213 0 0 0 1 1 1
0 P_9 214 214 0 0 0 1 1 1
0 P_9 215 215 0 0 0 1 1 1
0 P_9 216 216 0.3251445 0.3445 0.362772 1 1 1
0 P_9 217 217 0 0 0 1 1 1
0 P_9 218 218 0.5 0.5 0.5 1 1 1
0 P_9 219 219 0 0 0 1 1 1
0 P_9 220 220 0 0 0 1 1 1
0 P_9 221 221 0 0 0 1 1 1
0 P_9 222 222 0.1395285 0.1579476861167002 0.1774285 1 1 1
0 P_9 223 223 0 0 0 1 1 1
0 P_9 224 224 0.3237775 0.34327603640040444 0.361693 1 1 1
0 P_9 225 225 0.3253885 0.34419263456090654 0.3619765 1 1 1
0 P_9 226 226 0 0 0 1 1 1
0 P_9 227 227 0 0 0 1 1 1
0 P_9 228 228 0.1367125 0.15552016985138004 0.1754775 1 1 1
0 P_9 229 229 0.5 0.5 0.5 1 1 1
0 P_9 230 230 0.5 0.5 0.5 1 1 1
0 P_9 231 231 0 0 0 1 1 1
0 P_9 232 232 0 0 0 1 1 1
0 P_9 233 233 0 0 0 1 1 1
0 P_9 234 234 0 0 0 1 1 1
0 P_9 235 235 0 0 0 1 1 1
0 P_9 236 236 0 0 0 1 1 1
0 P_9 237 237 0 0 0 1 1 1
0 P_9 238 238 0 0 0 1 1 1
0 P_9 239 239 0 0 0 1 1 1
0 P_9 240 240 0 0 0 1 1 1
0 P_9 241 241 0 0 0 1 1 1
0 P_9 242 242 0 0 0 1 1 1
0 P_9 243 243 0.150074 0.16905737704918034 0.1889915 1 1 1
0 P_9 244 244 0 0 0 1 1 1
0 P_9 245 245 0.3161815 0.33585858585858586 0.354541 1 1 1
0 P_9 246 246 0 0 0 1 1 1
0 P_9 247 247 0.144785 0.16346153846153846 0.1831425 1 1 1
0 P_9 248 248 0.320603 0.3393686165273909 0.3571825 1 1 1
0 P_9 249 249 0.303641 0.3233267716535433 0.342185 1 1 1
0 P_9 250 250 0.3249965 0.3445121951219512 0.3629265 1 1 1
0 P_9 251 251 0 0 0 1 1 1
0 P_9 252 252 0 0 0 1 1 1
0 P_9 253 253 0.1337975 0.15195586760280844 0.171242 1 1 1
0 P_9 254 254 0.321753 0.3410433070866142 0.359306 1 1 1
0 P_9 255 255 0 0 0 1 1 1
0 P_9 256 256 0.5 0.5 0.5 1 1 1
0 P_9 257 257 0 0 0 1 1 1
0 P_9 258 258 0.328546 0.34776119402985073 0.365861 1 1 1
0 P_9 259 259 0 0 0 1 1 1
0 P_9 260 260 0 0 0 1 1 1
0 P_9 261 261 0 0 0 1 1 1
0 P_9 262 262 0 0 0 1 1 1
0 P_9 263 263 0 0 0 1 1 1
0 P_9 264 264 0 0 0 1 1 1
0 P_9 265 265 0 0 0 1 1 1
0 P_9 266 266 0.322454 0.34152215799614644 0.359579 1 1 1
0 P_9 267 267 0.1463365 0.1651376146788991 0.1849305 1 1 1
0 P_9 268 268 0.13448 0.1525844930417495 0.1717995 1 1 1
0 P_9 269 269 0 0 0 1 1 1
0 P_9 270 270 0 0 0 1 1 1
0 P_9 271 271 0 0 0 1 1 1
0 P_9 272 272 0.5 0.5 0.5 1 1 1
0 P_9 273 273 0.3218505 0.3415384615384615 0.36015 1 1 1
0 P_9 274 274 0 0 0 1 1 1
0 P_9 275 275 0.5 0.5 0.5 1 1 1
0 P_9 276 276 0.3157495 0.33512720156555775 0.3535495 1 1 1
0 P_9 277 277 0 0 0 1 1 1
0 P_9 278 278 0.3247075 0.3446808510638298 0.3634995 1 1 1
0 P_9 279 279 0 0 0 1 1 1
0 P_9 280 280 0.5 0.5 0.5 1 1 1
0 P_9 281 281 0.3223945 0.3419191919191919 0.360379 1 1 1
0 P_9 282 282 0.311077 0.33043478260869563 0.3489015 1 1 1
0 P_9 283 283 0.1472015 0.16615067079463364 0.186092 1 1 1
0 P_9 284 284 0 0 0 1 1 1
0 P_9 285 285 0.1359885 0.15419161676646706 0.1734915 1 1 1
0 P_9 286 286 0.327934 0.3473205257836198 0.3655785 1 1 1
0 P_9 287 287 0 0 0 1 1 1
0 P_9 288 288 0.135794 0.15436590436590436 0.1740775 1 1 1
0 P_9 289 289 0.3083065 0.3287086446104589 0.348148 1 1 1
0 P_9 290 290 0 0 0 1 1 1
0 P_9 291 291 0 0 0 1 1 1
0 P_9 292 292 0 0 0 1 1 1
0 P_9 293 293 0 0 0 1 1 1
0 P_9 294 294 0 0 0 1 1 1
0 P_9 295 295 0 0 0 1 1 1
0 P_9 296 296 0.5 0.5 0.5 1 1 1
0 P_9 297 297 0 0 0 1 1 1
0 P_9 298 298 0 0 0 1 1 1
0 P_9 299 299 0 0 0 1 1 1
0 P_9 300 300 0.320773 0.34057971014492755 0.359311 1 1 1
0 P_9 301 301 0.5 0.5 0.5 1 1 1
0 P_9 302 302 0 0 0 1 1 1
0 P_9 303 303 0.5 0.5 0.5 1 1 1
0 P_9 304 304 0 0 0 1 1 1
0 P_9 305 305 0 0 0 1 1 1
0 P_9 306 306 0 0 0 1 1 1
0 P_9 307 307 0.316383 0.33601609657947684 0.3546565 1 1 1
0 P_9 308 308 0 0 0 1 1 1
0 P_9 309 309 0 0 0 1 1 1
0 P_9 310 310 0 0 0 1 1 1
0 P_9 311 311 0 0 0 1 1 1
0 P_9 312 312 0.3349225 0.354 0.371885 1 1 1
0 P_9 313 313 0 0 0 1 1 1
0 P_9 314 314 0 0 0 1 1 1
0 P_9 315 315 0 0 0 1 1 1
0 P_9 316 316 0 0 0 1 1 1
0 P_9 317 317 0 0 0 1 1 1
0 P_9 318 318 0 0 0 1 1 1
0 P_9 319 319 0 0 0 1 1 1
0 P_9 320 320 0.322562 0.34213197969543147 0.360629 1 1 1
0 P_9 321 321 0 0 0 1 1 1
0 P_9 322 322 0.30594 0.3253358925143954 0.3439025 1 1 1
0 P_9 323 323 0.318095 0.3371320037986705 0.35522 1 1 1
0 P_9 324 324 0.144597 0.16316316316316315 0.182726 1 1 1
0 P_9 325 325 0 0 0 1 1 1
0 P_9 326 326 0 0 0 1 1 1
0 P_9 327 327 0 0 0 1 1 1
0 P_9 328 328 0 0 0 1 1 1
0 P_9 329 329 0.5 0.5 0.5 1 1 1
0 P_9 330 330 0 0 0 1 1 1
0 P_9 331 331 0 0 0 1 1 1
0 P_9 332 332 0.318686 0.33752327746741156 0.3554255 1 1 1
0 P_9 333 333 0.311569 0.33146067415730335 0.350398 1 1 1
0 P_9 334 334 0 0 0 1 1 1
0 P_9 335 335 0 0 0 1 1 1
0 P_9 336 336 0 0 0 1 1 1
0 P_9 337 337 0 0 0 1 1 1
0 P_9 338 338 0 0 0 1 1 1
0 P_9 339 339 0.315299 0.3346303501945525 0.3530175 1 1 1
0 P_9 340 340 0 0 0 1 1 1
0 P_9 341 341 0 0 0 1 1 1
0 P_9 342 342 0 0 0 1 1 1
0 P_9 343 343 0 0 0 1 1 1
0 P_9 344 344 0 0 0 1 1 1
0 P_9 345 345 0.144634 0.1631736526946108 0.182707 1 1 1
0 P_9 346 346 0.3088425 0.32841691248770893 0.347107 1 1 1
0 P_9 347 347 0 0 0 1 1 1
0 P_9 348 348 0 0 0 1 1 1
0 P_9 349 349 0 0 0 1 1 1
0 P_9 350 350 0.3186195 0.3385416666666667 0.3574065 1 1 1
0 P_9 351 351 0.5 0.5 0.5 1 1 1
0 P_9 352 352 0 0 0 1 1 1
0 P_9 353 353 0 0 0 1 1 1
0 P_9 354 354 0.3183315 0.33781094527363187 0.3562885 1 1 1
0 P_9 355 355 0 0 0 1 1 1
0 P_9 356 356 0.140739 0.15954118873826903 0.179425 1 1 1
0 P_9 357 357 0.3232555 0.34285714285714286 0.361372 1 1 1
0 P_9 358 358 0 0 0 1 1 1
0 P_9 359 359 0 0 0 1 1 1
0 P_9 360 360 0 0 0 1 1 1
0 P_9 361 361 0 0 0 1 1 1
0 P_9 362 362 0.329823 0.34861509073543456 0.366327 1 1 1
0 P_9 363 363 0.323942 0.3431952662721893 0.3613945 1 1 1
0 P_9 364 364 0 0 0 1 1 1
0 P_9 365 365 0.1465285 0.16516516516516516 0.184776 1 1 1
0 P_9 366 366 0.1312705 0.14881516587677726 0.16746 1 1 1
0 P_9 367 367 0 0 0 1 1 1
0 P_9 368 368 0 0 0 1 1 1
0 P_9 369 369 0.5 0.5 0.5 1 1 1
0 P_9 370 370 0 0 0 1 1 1
0 P_9 371 371 0 0 0 1 1 1
0 P_9 372 372 0 0 0 1 1 1
0 P_9 373 373 0.1470705 0.16552399608227228 0.1849265 1 1 1
0 P_9 374 374 0 0 0 1 1 1
0 P_9 375 375 0.323263 0.3426294820717131 0.3609375 1 1 1
0 P_9 376 376 0.322409 0.34181636726546905 0.360173 1 1 1
0 P_9 377 377 0.324634 0.3440320962888666 0.3623485 1 1 1
0 P_9 378 378 0 0 0 1 1 1
0 P_9 379 379 0.152278 0.17091087169441724 0.1904325 1 1 1
0 P_9 380 380 0.3188575 0.337967401725791 0.35611 1 1 1
0 P_9 381 381 0.132635 0.1506986027944112 0.1698985 1 1 1
0 P_9 382 382 0 0 0 1 1 1
0 P_9 383 383 0 0 0 1 1 1
0 P_9 384 384 0.1487715 0.16768916155419222 0.187572 1 1 1
0 P_9 385 385 0 0 0 1 1 1
0 P_9 386 386 0.1486895 0.1673286991062562 0.1869095 1 1 1
0 P_9 387 387 0.121301 0.13886113886113885 0.1576945 1 1 1
0 P_9 388 388 0.1494645 0.16857440166493237 0.188656 1 1 1
0 P_9 389 389 0 0 0 1 1 1
0 P_9 390 390 0 0 0 1 1 1
0 P_9 391 391 0.145299 0.16384462151394422 0.183374 1 1 1
0 P_9 392 392 0 0 0 1 1 1
0 P_9 393 393 0.3313225 0.35094142259414224 0.3693495 1 1 1
0 P_9 394 394 0.326308 0.3455083909180652 0.3636275 1 1 1
0 P_9 395 395 0 0 0 1 1 1
0 P_9 396 396 0 0 0 1 1 1
0 P_9 397 397 0 0 0 1 1 1
0 P_9 398 398 0 0 0 1 1 1
0 P_9 399 399 0.5 0.5 0.5 1 1 1
0 P_9 400 400 0 0 0 1 1 1
0 P_9 401 401 0.3152495 0.3348303393213573 0.3534405 1 1 1
0 P_9 402 402 0 0 0 1 1 1
0 P_9 403 403 0 0 0 1 1 1
0 P_9 404 404 0 0 0 1 1 1
0 P_9 405 405 0 0 0 1 1 1
0 P_9 406 406 0.5 0.5 0.5 1 1 1
0 P_9 407 407 0 0 0 1 1 1
0 P_9 408 408 0.5 0.5 0.5 1 1 1
0 P_9 409 409 0 0 0 1 1 1
0 P_9 410 410 0.3180815 0.33741429970617043 0.355765 1 1 1
0 P_9 411 411 0.3323435 0.3518711018711019 0.3701845 1 1 1
0 P_9 412 412 0 0 0 1 1 1
0 P_9 413 413 0 0 0 1 1 1
0 P_9 414 414 0.326947 0.34650924024640656 0.364935 1 1 1
0 P_9 415 415 0 0 0 1 1 1
0 P_9 416 416 0 0 0 1 1 1
0 P_9 417 417 0 0 0 1 1 1
0 P_9 418 418 0 0 0 1 1 1
0 P_9 419 419 0 0 0 1 1 1
0 P_9 420 420 0 0 0 1 1 1
1 P_8 0 0 0 0 0 1 1 1
1 P_8 1 1 0.5 0.5 0.5 1 1 1
1 P_8 2 2 0 0 0 1 1 1
1 P_8 3 3 0 0 0 1 1 1
1 P_8 4 4 0 0 0 1 1 1
1 P_8 5 5 0 0 0 1 1 1
1 P_8 6 6 0 0 0 1 1 1
1 P_8 7 7 0.3543145 0.37305699481865284 0.390337 1 1 1
1 P_8 8 8 0.1076765 0.125 0.143835 1 1 1
1 P_8 9 9 0.10209 0.11842105263157894 0.136223 1 1 1
1 P_8 10 10 0 0 0 1 1 1
1 P_8 11 11 0 0 0 1 1 1
1 P_8 12 12 0 0 0 1 1 1
1 P_8 13 13 0.11225 0.12914230019493178 0.1473855 1 1 1
1 P_8 14 14 0.3477025 0.36617647058823527 0.3833445 1 1 1
1 P_8 15 15 0.1105955 0.12762762762762764 0.1460645 1 1 1
1 P_8 16 16 0 0 0 1 1 1
1 P_8 17 17 0.5 0.5 0.5 1 1 1
1 P_8 18 18 0.5 0.5 0.5 1 1 1
1 P_8 19 19 0 0 0 1 1 1
1 P_8 20 20 0 0 0 1 1 1
1 P_8 21 21 0 0 0 1 1 1
1 P_8 22 22 0 0 0 1 1 1
1 P_8 23 23 0 0 0 1 1 1
1 P_8 24 24 0.3449755 0.363681592039801 0.3810905 1 1 1
1 P_8 25 25 0 0 0 1 1 1
1 P_8 26 26 0.3479295 0.3668730650154799 0.3844335 1 1 1
1 P_8 27 27 0 0 0 1 1 1
1 P_8 28 28 0 0 0 1 1 1
1 P_8 29 29 0.5 0.5 0.5 1 1 1
1 P_8 30 30 0 0 0 1 1 1
1 P_8 31 31 0 0 0 1 1 1
1 P_8 32 32 0 0 0 1 1 1
1 P_8 33 33 0 0 0 1 1 1
1 P_8 34 34 0 0 0 1 1 1
1 P_8 35 35 0.1165385 0.1335254562920269 0.1517955 1 1 1
1 P_8 36 36 0.3537505 0.37213930348258706 0.3891345 1 1 1
1 P_8 37 37 0 0 0 1 1 1
1 P_8 38 38 0 0 0 1 1 1
1 P_8 39 39 0.100466 0.11721991701244813 0.135553 1 1 1
1 P_8 40 40 0 0 0 1 1 1
1 P_8 41 41 0 0 0 1 1 1
1 P_8 42 42 0 0 0 1 1 1
1 P_8 43 43 0 0 0 1 1 1
1 P_8 44 44 0 0 0 1 1 1
1 P_8 45 45 0 0 0 1 1 1
1 P_8 46 46 0 0 0 1 1 1
1 P_8 47 47 0 0 0 1 1 1
1 P_8 48 48 0 0 0 1 1 1
1 P_8 49 49 0 0 0 1 1 1
1 P_8 50 50 0.1049685 0.12173038229376258 0.139972 1 1 1
1 P_8 51 51 0 0 0 1 1 1
1 P_8 52 52 0 0 0 1 1 1
1 P_8 53 53 0.1105965 0.1278118609406953 0.14646 1 1 1
1 P_8 54 54 0.1208235 0.13860369609856263 0.157695 1 1 1
1 P_8 55 55 0 0 0 1 1 1
1 P_8 56 56 0 0 0 1 1 1
1 P_8 57 57 0.3561425 0.3741562198649952 0.390797 1 1 1
1 P_8 58 58 0.5 0.5 0.5 1 1 1
1 P_8 59 59 0 0 0 1 1 1
1 P_8 60 60 0 0 0 1 1 1
1 P_8 61 61 0.5 0.5 0.5 1 1 1
1 P_8 62 62 0 0 0 1 1 1
1 P_8 63 63 0 0 0 1 1 1
1 P_8 64 64 0.5 0.5 0.5 1 1 1
1 P_8 65 65 0.5 0.5 0.5 1 1 1
1 P_8 66 66 0.5 0.5 0.5 1 1 1
1 P_8 67 67 0.5 0.5 0.5 1 1 1
1 P_8 68 68 0 0 0 1 1 1
1 P_8 69 69 0 0 0 1 1 1
1 P_8 70 70 0 0 0 1 1 1
1 P_8 71 71 0 0 0 1 1 1
1 P_8 72 72 0 0 0 1 1 1
1 P_8 73 73 0 0 0 1 1 1
1 P_8 74 74 0 0 0 1 1 1
1 P_8 75 75 0 0 0 1 1 1
1 P_8 76 76 0 0 0 1 1 1
1 P_8 77 77 0 0 0 1 1 1
1 P_8 78 78 0.5 0.5 0.5 1 1 1
1 P_8 79 79 0.359283 0.3773307163886163 0.3939455 1 1 1
1 P_8 80 80 0 0 0 1 1 1
1 P_8 81 81 0 0 0 1 1 1
1 P_8 82 82 0.5 0.5 0.5 1 1 1
1 P_8 83 83 0.5 0.5 0.5 1 1 1
1 P_8 84 84 0 0 0 1 1 1
1 P_8 85 85 0 0 0 1 1 1
1 P_8 86 86 0.121072 0.13863863863863865 0.1574835 1 1 1
1 P_8 87 87 0.5 0.5 0.5 1 1 1
1 P_8 88 88 0 0 0 1 1 1
1 P_8 89 89 0 0 0 1 1 1
1 P_8 90 90 0 0 0 1 1 1
1 P_8 91 91 0.1154615 0.13282828282828282 0.1515525 1 1 1
1 P_8 92 92 0 0 0 1 1 1
1 P_8 93 93 0 0 0 1 1 1
1 P_8 94 94 0 0 0 1 1 1
1 P_8 95 95 0.3473295 0.366 0.38334 1 1 1
1 P_8 96 96 0 0 0 1 1 1
1 P_8 97 97 0 0 0 1 1 1
1 P_8 98 98 0 0 0 1 1 1
1 P_8 99 99 0 0 0 1 1 1
1 P_8 100 100 0 0 0 1 1 1
1 P_8 101 101 0.5 0.5 0.5 1 1 1
1 P_8 102 102 0.3486815 0.3674821610601427 0.3849095 1 1 1
1 P_8 103 103 0 0 0 1 1 1
1 P_8 104 104 0 0 0 1 1 1
1 P_8 105 105 0 0 0 1 1 1
1 P_8 106 106 0 0 0 1 1 1
1 P_8 107 107 0.5 0.5 0.5 1 1 1
1 P_8 108 108 0 0 0 1 1 1
1 P_8 109 109 0.5 0.5 0.5 1 1 1
1 P_8 110 110 0.5 0.5 0.5 1 1 1
1 P_8 111 111 0.1199395 0.13730314960629922 0.155939 1 1 1
1 P_8 112 112 0 0 0 1 1 1
1 P_8 113 113 0.3621895 0.3801980198019802 0.396728 1 1 1
1 P_8 114 114 0 0 0 1 1 1
1 P_8 115 115 0 0 0 1 1 1
1 P_8 116 116 0 0 0 1 1 1
1 P_8 117 117 0 0 0 1 1 1
1 P_8 118 118 0 0 0 1 1 1
1 P_8 119 119 0 0 0 1 1 1
1 P_8 120 120 0 0 0 1 1 1
1 P_8 121 121 0.116302 0.13377416073245169 0.152602 1 1 1
1 P_8 122 122 0 0 0 1 1 1
1 P_8 123 123 0 0 0 1 1 1
1 P_8 124 124 0 0 0 1 1 1
1 P_8 125 125 0 0 0 1 1 1
1 P_8 126 126 0 0 0 1 1 1
1 P_8 127 127 0.1215475 0.13934426229508196 0.1584415 1 1 1
1 P_8 128 128 0.116309 0.1333012512030799 0.1515815 1 1 1
1 P_8 129 129 0.5 0.5 0.5 1 1 1
1 P_8 130 130 0 0 0 1 1 1
1 P_8 131 131 0 0 0 1 1 1
1 P_8 132 132 0 0 0 1 1 1
1 P_8 133 133 0 0 0 1 1 1
1 P_8 134 134 0.1153345 0.13275686673448628 0.151547 1 1 1
1 P_8 135 135 0 0 0 1 1 1
1 P_8 136 136 0 0 0 1 1 1
1 P_8 137 137 0.1120345 0.1293634496919918 0.1481125 1 1 1
1 P_8 138 138 0.5 0.5 0.5 1 1 1
1 P_8 139 139 0 0 0 1 1 1
1 P_8 140 140 0 0 0 1 1 1
1 P_8 141 141 0.5 0.5 0.5 1 1 1
1 P_8 142 142 0.119562 0.13751317175974712 0.1568235 1 1 1
1 P_8 143 143 0 0 0 1 1 1
1 P_8 144 144 0 0 0 1 1 1
1 P_8 145 145 0 0 0 1 1 1
1 P_8 146 146 0 0 0 1 1 1
1 P_8 147 147 0 0 0 1 1 1
1 P_8 148 148 0.1164225 0.13383838383838384 0.1526 1 1 1
1 P_8 149 149 0 0 0 1 1 1
1 P_8 150 150 0.5 0.5 0.5 1 1 1
1 P_8 151 151 0.5 0.5 0.5 1 1 1
1 P_8 152 152 0 0 0 1 1 1
1 P_8 153 153 0 0 0 1 1 1
1 P_8 154 154 0.110281 0.1272365805168986 0.1455915 1 1 1
1 P_8 155 155 0.5 0.5 0.5 1 1 1
1 P_8 156 156 0.5 0.5 0.5 1 1 1
1 P_8 157 157 0.34274 0.3618556701030928 0.3796495 1 1 1
1 P_8 158 158 0.3479215 0.3665338645418327 0.383815 1 1 1
1 P_8 159 159 0 0 0 1 1 1
1 P_8 160 160 0.345564 0.364572605561277 0.382228 1 1 1
1 P_8 161 161 0.5 0.5 0.5 1 1 1
1 P_8 162 162 0 0 0 1 1 1
1 P_8 163 163 0.3586725 0.3770242914979757 0.393902 1 1 1
1 P_8 164 164 0 0 0 1 1 1
1 P_8 165 165 0 0 0 1 1 1
1 P_8 166 166 0.1089415 0.12616339193381593 0.144854 1 1 1
1 P_8 167 167 0 0 0 1 1 1
1 P_8 168 168 0 0 0 1 1 1
1 P_8 169 169 0 0 0 1 1 1
1 P_8 170 170 0 0 0 1 1 1
1 P_8 171 171 0.5 0.5 0.5 1 1 1
1 P_8 172 172 0 0 0 1 1 1
1 P_8 173 173 0.5 0.5 0.5 1 1 1
1 P_8 174 174 0.114738 0.132085020242915 0.1508005 1 1 1
1 P_8 175 175 0 0 0 1 1 1
1 P_8 176 176 0 0 0 1 1 1
1 P_8 177 177 0 0 0 1 1 1
1 P_8 178 178 0.5 0.5 0.5 1 1 1
1 P_8 179 179 0 0 0 1 1 1
1 P_8 180 180 0.116303 0.13399374348279458 0.1530715 1 1 1
1 P_8 181 181 0.5 0.5 0.5 1 1 1
1 P_8 182 182 0 0 0 1 1 1
1 P_8 183 183 0 0 0 1 1 1
1 P_8 184 184 0 0 0 1 1 1
1 P_8 185 185 0.5 0.5 0.5 1 1 1
1 P_8 186 186 0 0 0 1 1 1
1 P_8 187 187 0.114323 0.13137254901960785 0.149756 1 1 1
1 P_8 188 188 0.5 0.5 0.5 1 1 1
1 P_8 189 189 0 0 0 1 1 1
1 P_8 190 190 0.371347 0.38911290322580644 0.4052705 1 1 1
1 P_8 191 191 0 0 0 1 1 1
1 P_8 192 192 0 0 0 1 1 1
1 P_8 193 193 0 0 0 1 1 1
1 P_8 194 194 0 0 0 1 1 1
1 P_8 195 195 0 0 0 1 1 1
1 P_8 196 196 0 0 0 1 1 1
1 P_8 197 197 0 0 0 1 1 1
1 P_8 198 198 0.5 0.5 0.5 1 1 1
1 P_8 199 199 0 0 0 1 1 1
1 P_8 200 200 0 0 0 1 1 1
1 P_8 201 201 0.5 0.5 0.5 1 1 1
1 P_8 202 202 0.5 0.5 0.5 1 1 1
1 P_8 203 203 0 0 0 1 1 1
1 P_8 204 204 0 0 0 1 1 1
1 P_8 205 205 0 0 0 1 1 1
1 P_8 206 206 0.105595 0.12236710130391174 0.140607 1 1 1
1 P_8 207 207 0 0 0 1 1 1
1 P_8 208 208 0.112222 0.1296875 0.14859 1 1 1
1 P_8 209 209 0.122121 0.14027630180658873 0.1597685 1 1 1
1 P_8 210 210 0.1053025 0.1227027027027027 0.1416805 1 1 1
1 P_8 211 211 0 0 0 1 1 1
1 P_8 212 212 0 0 0 1 1 1
1 P_8 213 213 0 0 0 1 1 1
1 P_8 214 214 0 0 0 1 1 1
1 P_8 215 215 0 0 0 1 1 1
1 P_8 216 216 0.1106045 0.1282051282051282 0.1472975 1 1 1
1 P_8 217 217 0 0 0 1 1 1
1 P_8 218 218 0.5 0.5 0.5 1 1 1
1 P_8 219 219 0.3452575 0.364 0.3814355 1 1 1
1 P_8 220 220 0.3439895 0.3633938100320171 0.381411 1 1 1
1 P_8 221 221 0 0 0 1 1 1
1 P_8 222 222 0 0 0 1 1 1
1 P_8 223 223 0 0 0 1 1 1
1 P_8 224 224 0.5 0.5 0.5 1 1 1
1 P_8 225 225 0.1056785 0.12238805970149254 0.1405535 1 1 1
1 P_8 226 226 0 0 0 1 1 1
1 P_8 227 227 0 0 0 1 1 1
1 P_8 228 228 0 0 0 1 1 1
1 P_8 229 229 0.5 0.5 0.5 1 1 1
1 P_8 230 230 0.5 0.5 0.5 1 1 1
1 P_8 231 231 0.344201 0.3634453781512605 0.3813235 1 1 1
1 P_8 232 232 0.353793 0.3722444889779559 0.3892915 1 1 1
1 P_8 233 233 0 0 0 1 1 1
1 P_8 234 234 0 0 0 1 1 1
1 P_8 235 235 0 0 0 1 1 1
1 P_8 236 236 0 0 0 1 1 1
1 P_8 237 237 0.354218 0.37272727272727274 0.389815 1 1 1
1 P_8 238 238 0 0 0 1 1 1
1 P_8 239 239 0 0 0 1 1 1
1 P_8 240 240 0 0 0 1 1 1
1 P_8 241 241 0.340045 0.35874877810361683 0.3762335 1 1 1
1 P_8 242 242 0 0 0 1 1 1
1 P_8 243 243 0 0 0 1 1 1
1 P_8 244 244 0.3557 0.373477038425492 0.3899265 1 1 1
1 P_8 245 245 0.1209885 0.138860103626943 0.158052 1 1 1
1 P_8 246 246 0 0 0 1 1 1
1 P_8 247 247 0 0 0 1 1 1
1 P_8 248 248 0.107765 0.12439261418853255 0.14242 1 1 1
1 P_8 249 249 0.1136165 0.13031161473087818 0.148303 1 1 1
1 P_8 250 250 0.1133865 0.12979890310786105 0.147472 1 1 1
1 P_8 251 251 0 0 0 1 1 1
1 P_8 252 252 0 0 0 1 1 1
1 P_8 253 253 0 0 0 1 1 1
1 P_8 254 254 0.5 0.5 0.5 1 1 1
1 P_8 255 255 0 0 0 1 1 1
1 P_8 256 256 0.5 0.5 0.5 1 1 1
1 P_8 257 257 0 0 0 1 1 1
1 P_8 258 258 0.1060425 0.12247838616714697 0.1403195 1 1 1
1 P_8 259 259 0 0 0 1 1 1
1 P_8 260 260 0.34959 0.3683673469387755 0.3857595 1 1 1
1 P_8 261 261 0.3515615 0.3708108108108108 0.388563 1 1 1
1 P_8 262 262 0 0 0 1 1 1
1 P_8 263 263 0 0 0 1 1 1
1 P_8 264 264 0 0 0 1 1 1
1 P_8 265 265 0 0 0 1 1 1
1 P_8 266 266 0.106816 0.12321598477640343 0.1409995 1 1 1
1 P_8 267 267 0 0 0 1 1 1
1 P_8 268 268 0 0 0 1 1 1
1 P_8 269 269 0.344531 0.36306042884990253 0.380326 1 1 1
1 P_8 270 270 0 0 0 1 1 1
1 P_8 271 271 0 0 0 1 1 1
1 P_8 272 272 0.5 0.5 0.5 1 1 1
1 P_8 273 273 0.1190105 0.13636363636363635 0.1550045 1 1 1
1 P_8 274 274 0 0 0 1 1 1
1 P_8 275 275 0.5 0.5 0.5 1 1 1
1 P_8 276 276 0.1103985 0.12719298245614036 0.14536 1 1 1
1 P_8 277 277 0 0 0 1 1 1
1 P_8 278 278 0.114465 0.13195876288659794 0.150848 1 1 1
1 P_8 279 279 0 0 0 1 1 1
1 P_8 280 280 0.5 0.5 0.5 1 1 1
1 P_8 281 281 0.5 0.5 0.5 1 1 1
1 P_8 282 282 0.5 0.5 0.5 1 1 1
1 P_8 283 283 0 0 0 1 1 1
1 P_8 284 284 0 0 0 1 1 1
1 P_8 285 285 0 0 0 1 1 1
1 P_8 286 286 0.1189 0.13627353815659068 0.1549395 1 1 1
1 P_8 287 287 0 0 0 1 1 1
1 P_8 288 288 0 0 0 1 1 1
1 P_8 289 289 0.1118405 0.12861271676300579 0.1467265 1 1 1
1 P_8 290 290 0 0 0 1 1 1
1 P_8 291 291 0 0 0 1 1 1
1 P_8 292 292 0 0 0 1 1 1
1 P_8 293 293 0 0 0 1 1 1
1 P_8 294 294 0 0 0 1 1 1
1 P_8 295 295 0.3524655 0.37056567593480344 0.38734 1 1 1
1 P_8 296 296 0.5 0.5 0.5 1 1 1
1 P_8 297 297 0 0 0 1 1 1
1 P_8 298 298 0 0 0 1 1 1
1 P_8 299 299 0 0 0 1 1 1
1 P_8 300 300 0.5 0.5 0.5 1 1 1
1 P_8 301 301 0.5 0.5 0.5 1 1 1
1 P_8 302 302 0 0 0 1 1 1
1 P_8 303 303 0.5 0.5 0.5 1 1 1
1 P_8 304 304 0 0 0 1 1 1
1 P_8 305 305 0 0 0 1 1 1
1 P_8 306 306 0 0 0 1 1 1
1 P_8 307 307 0.5 0.5 0.5 1 1 1
1 P_8 308 308 0 0 0 1 1 1
1 P_8 309 309 0 0 0 1 1 1
1 P_8 310 310 0.3560805 0.3742632612966601 0.391046 1 1 1
1 P_8 311 311 0 0 0 1 1 1
1 P_8 312 312 0.111535 0.1280373831775701 0.145847 1 1 1
1 P_8 313 313 0 0 0 1 1 1
1 P_8 314 314 0 0 0 1 1 1
1 P_8 315 315 0 0 0 1 1 1
1 P_8 316 316 0 0 0 1 1 1
1 P_8 317 317 0 0 0 1 1 1
1 P_8 318 318 0 0 0 1 1 1
1 P_8 319 319 0 0 0 1 1 1
1 P_8 320 320 0.111029 0.12815338042381433 0.146688 1 1 1
1 P_8 321 321 0 0 0 1 1 1
1 P_8 322 322 0.111258 0.12841253791708795 0.1469765 1 1 1
1 P_8 323 323 0.111377 0.12833168805528133 0.146664 1 1 1
1 P_8 324 324 0 0 0 1 1 1
1 P_8 325 325 0 0 0 1 1 1
1 P_8 326 326 0.3580935 0.376232741617357 0.3929445 1 1 1
1 P_8 327 327 0.349971 0.3687436159346272 0.3861255 1 1 1
1 P_8 328 328 0 0 0 1 1 1
1 P_8 329 329 0.5 0.5 0.5 1 1 1
1 P_8 330 330 0 0 0 1 1 1
1 P_8 331 331 0 0 0 1 1 1
1 P_8 332 332 0.1118995 0.12924819773429455 0.1480225 1 1 1
1 P_8 333 333 0.110112 0.1273006134969325 0.145928 1 1 1
1 P_8 334 334 0 0 0 1 1 1
1 P_8 335 335 0 0 0 1 1 1
1 P_8 336 336 0 0 0 1 1 1
1 P_8 337 337 0 0 0 1 1 1
1 P_8 338 338 0 0 0 1 1 1
1 P_8 339 339 0.1194315 0.13700707785642063 0.155893 1 1 1
1 P_8 340 340 0 0 0 1 1 1
1 P_8 341 341 0 0 0 1 1 1
1 P_8 342 342 0.347867 0.3672043010752688 0.3850965 1 1 1
1 P_8 343 343 0 0 0 1 1 1
1 P_8 344 344 0 0 0 1 1 1
1 P_8 345 345 0 0 0 1 1 1
1 P_8 346 346 0.115703 0.13306451612903225 0.151778 1 1 1
1 P_8 347 347 0.3476995 0.366497461928934 0.3839395 1 1 1
1 P_8 348 348 0 0 0 1 1 1
1 P_8 349 349 0.366329 0.3842315369261477 0.400598 1 1 1
1 P_8 350 350 0.128655 0.1467005076142132 0.1659485 1 1 1
1 P_8 351 351 0.5 0.5 0.5 1 1 1
1 P_8 352 352 0 0 0 1 1 1
1 P_8 353 353 0 0 0 1 1 1
1 P_8 354 354 0.5 0.5 0.5 1 1 1
1 P_8 355 355 0 0 0 1 1 1
1 P_8 356 356 0 0 0 1 1 1
1 P_8 357 357 0.11324 0.1303270564915758 0.148774 1 1 1
1 P_8 358 358 0 0 0 1 1 1
1 P_8 359 359 0 0 0 1 1 1
1 P_8 360 360 0 0 0 1 1 1
1 P_8 361 361 0 0 0 1 1 1
1 P_8 362 362 0.1168855 0.13398058252427184 0.1523675 1 1 1
1 P_8 363 363 0.109368 0.12569573283858998 0.143346 1 1 1
1 P_8 364 364 0 0 0 1 1 1
1 P_8 365 365 0 0 0 1 1 1
1 P_8 366 366 0 0 0 1 1 1
1 P_8 367 367 0.350522 0.36934156378600824 0.386753 1 1 1
1 P_8 368 368 0 0 0 1 1 1
1 P_8 369 369 0.5 0.5 0.5 1 1 1
1 P_8 370 370 0.3580615 0.37623762376237624 0.3929805 1 1 1
1 P_8 371 371 0 0 0 1 1 1
1 P_8 372 372 0 0 0 1 1 1
1 P_8 373 373 0 0 0 1 1 1
1 P_8 374 374 0 0 0 1 1 1
1 P_8 375 375 0.121301 0.13886113886113885 0.1576945 1 1 1
1 P_8 376 376 0.5 0.5 0.5 1 1 1
1 P_8 377 377 0.1153465 0.13266331658291458 0.1513325 1 1 1
1 P_8 378 378 0.350459 0.36857142857142855 0.385389 1 1 1
1 P_8 379 379 0 0 0 1 1 1
1 P_8 380 380 0.5 0.5 0.5 1 1 1
1 P_8 381 381 0 0 0 1 1 1
1 P_8 382 382 0 0 0 1 1 1
1 P_8 383 383 0.3479255 0.36673448626653105 0.384182 1 1 1
1 P_8 384 384 0 0 0 1 1 1
1 P_8 385 385 0 0 0 1 1 1
1 P_8 386 386 0 0 0 1 1 1
1 P_8 387 387 0 0 0 1 1 1
1 P_8 388 388 0 0 0 1 1 1
1 P_8 389 389 0 0 0 1 1 1
1 P_8 390 390 0 0 0 1 1 1
1 P_8 391 391 0 0 0 1 1 1
1 P_8 392 392 0 0 0 1 1 1
1 P_8 393 393 0.1211775 0.13918067226890757 0.1585185 1 1 1
1 P_8 394 394 0.109201 0.12598039215686274 0.1441545 1 1 1
1 P_8 395 395 0 0 0 1 1 1
1 P_8 396 396 0.3492175 0.3675754625121714 0.3846205 1 1 1
1 P_8 397 397 0 0 0 1 1 1
1 P_8 398 398 0 0 0 1 1 1
1 P_8 399 399 0.5 0.5 0.5 1 1 1
1 P_8 400 400 0.364149 0.3819784524975514 0.3983255 1 1 1
1 P_8 401 401 0.115613 0.1326530612244898 0.151001 1 1 1
1 P_8 402 402 0 0 0 1 1 1
1 P_8 403 403 0 0 0 1 1 1
1 P_8 404 404 0 0 0 1 1 1
1 P_8 405 405 0.338265 0.357286432160804 0.375071 1 1 1
1 P_8 406 406 0.5 0.5 0.5 1 1 1
1 P_8 407 407 0 0 0 1 1 1
1 P_8 408 408 0.5 0.5 0.5 1 1 1
1 P_8 409 409 0 0 0 1 1 1
1 P_8 410 410 0.5 0.5 0.5 1 1 1
1 P_8 411 411 0.129545 0.14765784114052954 0.166966 1 1 1
1 P_8 412 412 0.3416905 0.36058174523570713 0.378201 1 1 1
1 P_8 413 413 0 0 0 1 1 1
1 P_8 414 414 0.1121355 0.12925851703406813 0.147769 1 1 1
1 P_8 415 415 0 0 0 1 1 1
1 P_8 416 416 0 0 0 1 1 1
1 P_8 417 417 0 0 0 1 1 1
1 P_8 418 418 0 0 0 1 1 1
1 P_8 419 419 0 0 0 1 1 1
1 P_8 420 420 0 0 0 1 1 1
2 P_7 0 0 0 0 0 1 1 1
2 P_7 1 1 0.5 0.5 0.5 1 1 1
2 P_7 2 2 0 0 0 1 1 1
2 P_7 3 3 0.2313835 0.25175879396984924 0.2721135 1 1 1
2 P_7 4 4 0.242218 0.26291322314049587 0.2834555 1 1 1
2 P_7 5 5 0.2446115 0.26440037771482533 0.284033 1 1 1
2 P_7 6 6 0 0 0 1 1 1
2 P_7 7 7 0.1053365 0.12192723697148476 0.139962 1 1 1
2 P_7 8 8 0.1002105 0.11639185257032007 0.134059 1 1 1
2 P_7 9 9 0.0928125 0.1085686465433301 0.125904 1 1 1
2 P_7 10 10 0 0 0 1 1 1
2 P_7 11 11 0 0 0 1 1 1
2 P_7 12 12 0 0 0 1 1 1
2 P_7 13 13 0.082399 0.09753694581280788 0.1143975 1 1 1
2 P_7 14 14 0.1093655 0.12623762376237624 0.144515 1 1 1
2 P_7 15 15 0.1029605 0.11952191235059761 0.137574 1 1 1
2 P_7 16 16 0 0 0 1 1 1
2 P_7 17 17 0.5 0.5 0.5 1 1 1
2 P_7 18 18 0.2249215 0.24523570712136408 0.2656045 1 1 1
2 P_7 19 19 0 0 0 1 1 1
2 P_7 20 20 0 0 0 1 1 1
2 P_7 21 21 0 0 0 1 1 1
2 P_7 22 22 0.258044 0.2783300198807157 0.298293 1 1 1
2 P_7 23 23 0.2448505 0.26514399205561073 0.285265 1 1 1
2 P_7 24 24 0.1075865 0.12474120082815734 0.143383 1 1 1
2 P_7 25 25 0 0 0 1 1 1
2 P_7 26 26 0.1169265 0.13469601677148846 0.1538515 1 1 1
2 P_7 27 27 0 0 0 1 1 1
2 P_7 28 28 0 0 0 1 1 1
2 P_7 29 29 0.5 0.5 0.5 1 1 1
2 P_7 30 30 0 0 0 1 1 1
2 P_7 31 31 0 0 0 1 1 1
2 P_7 32 32 0 0 0 1 1 1
2 P_7 33 33 0.254584 0.2749003984063745 0.294932 1 1 1
2 P_7 34 34 0 0 0 1 1 1
2 P_7 35 35 0.092546 0.10845771144278607 0.1259845 1 1 1
2 P_7 36 36 0.113077 0.13061650992685475 0.149586 1 1 1
2 P_7 37 37 0 0 0 1 1 1
2 P_7 38 38 0.239908 0.26091586794462196 0.2817905 1 1 1
2 P_7 39 39 0.092089 0.10747663551401869 0.1243925 1 1 1
2 P_7 40 40 0 0 0 1 1 1
2 P_7 41 41 0 0 0 1 1 1
2 P_7 42 42 0.2596275 0.2800808897876643 0.3001855 1 1 1
2 P_7 43 43 0 0 0 1 1 1
2 P_7 44 44 0.2333965 0.25376128385155466 0.2740825 1 1 1
2 P_7 45 45 0.2626785 0.2822655524605385 0.301509 1 1 1
2 P_7 46 46 0 0 0 1 1 1
2 P_7 47 47 0 0 0 1 1 1
2 P_7 48 48 0 0 0 1 1 1
2 P_7 49 49 0.2527985 0.2730883813306852 0.293115 1 1 1
2 P_7 50 50 0.091018 0.10710607621009269 0.1248815 1 1 1
2 P_7 51 51 0.248118 0.2684630738522954 0.288597 1 1 1
2 P_7 52 52 0 0 0 1 1 1
2 P_7 53 53 0.091342 0.10707269155206287 0.124413 1 1 1
2 P_7 54 54 0.0909445 0.10685483870967742 0.12442 1 1 1
2 P_7 55 55 0 0 0 1 1 1
2 P_7 56 56 0 0 0 1 1 1
2 P_7 57 57 0.1040255 0.12116402116402117 0.1398655 1 1 1
2 P_7 58 58 0.2083835 0.2285 0.248863 1 1 1
2 P_7 59 59 0 0 0 1 1 1
2 P_7 60 60 0 0 0 1 1 1
2 P_7 61 61 0.5 0.5 0.5 1 1 1
2 P_7 62 62 0 0 0 1 1 1
2 P_7 63 63 0 0 0 1 1 1
2 P_7 64 64 0.5 0.5 0.5 1 1 1
2 P_7 65 65 0.5 0.5 0.5 1 1 1
2 P_7 66 66 0.5 0.5 0.5 1 1 1
2 P_7 67 67 0.5 0.5 0.5 1 1 1
2 P_7 68 68 0.2453795 0.26573426573426573 0.2859085 1 1 1
2 P_7 69 69 0 0 0 1 1 1
2 P_7 70 70 0.2458045 0.2664609053497942 0.286923 1 1 1
2 P_7 71 71 0.254642 0.2748279252704032 0.294734 1 1 1
2 P_7 72 72 0 0 0 1 1 1
2 P_7 73 73 0 0 0 1 1 1
2 P_7 74 74 0.2426845 0.2632113821138211 0.2835845 1 1 1
2 P_7 75 75 0 0 0 1 1 1
2 P_7 76 76 0.24594 0.26639757820383453 0.2866655 1 1 1
2 P_7 77 77 0.222412 0.24301964839710444 0.26371 1 1 1
2 P_7 78 78 0.2074185 0.22759315206445116 0.248027 1 1 1
2 P_7 79 79 0.118428 0.13577799801783944 0.1544265 1 1 1
2 P_7 80 80 0.2284765 0.24875373878364906 0.269045 1 1 1
2 P_7 81 81 0.2386735 0.2588062622309198 0.2788405 1 1 1
2 P_7 82 82 0.5 0.5 0.5 1 1 1
2 P_7 83 83 0.5 0.5 0.5 1 1 1
2 P_7 84 84 0.2529565 0.2735655737704918 0.293898 1 1 1
2 P_7 85 85 0.233246 0.2530981887511916 0.2729165 1 1 1
2 P_7 86 86 0.0866005 0.10208126858275521 0.1192435 1 1 1
2 P_7 87 87 0.214708 0.23493975903614459 0.255345 1 1 1
2 P_7 88 88 0.244819 0.26556016597510373 0.2861165 1 1 1
2 P_7 89 89 0.256346 0.27697841726618705 0.297293 1 1 1
2 P_7 90 90 0 0 0 1 1 1
2 P_7 91 91 0.095713 0.1120162932790224 0.129931 1 1 1
2 P_7 92 92 0.250614 0.27119509703779365 0.291528 1 1 1
2 P_7 93 93 0 0 0 1 1 1
2 P_7 94 94 0 0 0 1 1 1
2 P_7 95 95 0.1115675 0.1282051282051282 0.1461695 1 1 1
2 P_7 96 96 0.2478115 0.2684049079754601 0.2887825 1 1 1
2 P_7 97 97 0 0 0 1 1 1
2 P_7 98 98 0 0 0 1 1 1
2 P_7 99 99 0.2483935 0.26876876876876876 0.288929 1 1 1
2 P_7 100 100 0.2234785 0.24423480083857443 0.2650605 1 1 1
2 P_7 101 101 0.5 0.5 0.5 1 1 1
2 P_7 102 102 0.1031235 0.11989795918367346 0.1381945 1 1 1
2 P_7 103 103 0.241917 0.2624113475177305 0.2827615 1 1 1
2 P_7 104 104 0 0 0 1 1 1
2 P_7 105 105 0 0 0 1 1 1
2 P_7 106 106 0.245544 0.265748031496063 0.285774 1 1 1
2 P_7 107 107 0.5 0.5 0.5 1 1 1
2 P_7 108 108 0.235615 0.25606060606060604 0.276436 1 1 1
2 P_7 109 109 0.5 0.5 0.5 1 1 1
2 P_7 110 110 0.5 0.5 0.5 1 1 1
2 P_7 111 111 0.0785945 0.09398099260823653 0.111256 1 1 1
2 P_7 112 112 0.2443015 0.2644749754661433 0.2844855 1 1 1
2 P_7 113 113 0.0901755 0.10609137055837563 0.1236825 1 1 1
2 P_7 114 114 0 0 0 1 1 1
2 P_7 115 115 0.2377195 0.25775193798449614 0.277698 1 1 1
2 P_7 116 116 0 0 0 1 1 1
2 P_7 117 117 0 0 0 1 1 1
2 P_7 118 118 0.2554275 0.27564102564102566 0.295565 1 1 1
2 P_7 119 119 0.2398935 0.26 0.279995 1 1 1
2 P_7 120 120 0.2316735 0.25232198142414863 0.272943 1 1 1
2 P_7 121 121 0.101699 0.11823647294589178 0.136288 1 1 1
2 P_7 122 122 0 0 0 1 1 1
2 P_7 123 123 0 0 0 1 1 1
2 P_7 124 124 0 0 0 1 1 1
2 P_7 125 125 0 0 0 1 1 1
2 P_7 126 126 0 0 0 1 1 1
2 P_7 127 127 0.094072 0.1102123356926188 0.127973 1 1 1
2 P_7 128 128 0.1055065 0.12163416898792943 0.139129 1 1 1
2 P_7 129 129 0.222597 0.24211502782931354 0.2617165 1 1 1
2 P_7 130 130 0 0 0 1 1 1
2 P_7 131 131 0 0 0 1 1 1
2 P_7 132 132 0.256346 0.27697841726618705 0.297293 1 1 1
2 P_7 133 133 0.242417 0.26289180990899896 0.283217 1 1 1
2 P_7 134 134 0.0962855 0.11224489795918367 0.1297395 1 1 1
2 P_7 135 135 0 0 0 1 1 1
2 P_7 136 136 0 0 0 1 1 1
2 P_7 137 137 0.0928155 0.1086105675146771 0.125992 1 1 1
2 P_7 138 138 0.5 0.5 0.5 1 1 1
2 P_7 139 139 0 0 0 1 1 1
2 P_7 140 140 0.235598 0.25608519269776875 0.2765015 1 1 1
2 P_7 141 141 0.5 0.5 0.5 1 1 1
2 P_7 142 142 0.095367 0.1115 0.129221 1 1 1
2 P_7 143 143 0.2274765 0.2479633401221996 0.268474 1 1 1
2 P_7 144 144 0 0 0 1 1 1
2 P_7 145 145 0 0 0 1 1 1
2 P_7 146 146 0 0 0 1 1 1
2 P_7 147 147 0.2384395 0.2585034013605442 0.2784725 1 1 1
2 P_7 148 148 0.084824 0.09990439770554493 0.1166305 1 1 1
2 P_7 149 149 0 0 0 1 1 1
2 P_7 150 150 0.5 0.5 0.5 1 1 1
2 P_7 151 151 0.5 0.5 0.5 1 1 1
2 P_7 152 152 0.24245 0.263050153531218 0.283497 1 1 1
2 P_7 153 153 0 0 0 1 1 1
2 P_7 154 154 0.0843595 0.09960745829244357 0.116548 1 1 1
2 P_7 155 155 0.5 0.5 0.5 1 1 1
2 P_7 156 156 0.2168965 0.2366412213740458 0.2565325 1 1 1
2 P_7 157 157 0.103731 0.12070759625390219 0.1392265 1 1 1
2 P_7 158 158 0.109029 0.1261491317671093 0.14472 1 1 1
2 P_7 159 159 0 0 0 1 1 1
2 P_7 160 160 0.1005485 0.11681329423264906 0.134571 1 1 1
2 P_7 161 161 0.5 0.5 0.5 1 1 1
2 P_7 162 162 0 0 0 1 1 1
2 P_7 163 163 0.113711 0.13082259663032705 0.1492885 1 1 1
2 P_7 164 164 0 0 0 1 1 1
2 P_7 165 165 0.241425 0.26200204290091933 0.2824385 1 1 1
2 P_7 166 166 0.093649 0.10952848722986247 0.1269905 1 1 1
2 P_7 167 167 0 0 0 1 1 1
2 P_7 168 168 0 0 0 1 1 1
2 P_7 169 169 0 0 0 1 1 1
2 P_7 170 170 0.2414355 0.2620760534429599 0.2825745 1 1 1
2 P_7 171 171 0.5 0.5 0.5 1 1 1
2 P_7 172 172 0 0 0 1 1 1
2 P_7 173 173 0.5 0.5 0.5 1 1 1
2 P_7 174 174 0.087871 0.10315186246418338 0.1200415 1 1 1
2 P_7 175 175 0 0 0 1 1 1
2 P_7 176 176 0.2451675 0.2655935613682093 0.28584 1 1 1
2 P_7 177 177 0.233371 0.2537764350453172 0.274138 1 1 1
2 P_7 178 178 0.207611 0.22772772772772773 0.2481 1 1 1
2 P_7 179 179 0.2544985 0.2745861733203505 0.2943995 1 1 1
2 P_7 180 180 0.1018255 0.11865284974093264 0.137041 1 1 1
2 P_7 181 181 0.211101 0.2309941520467836 0.2510995 1 1 1
2 P_7 182 182 0 0 0 1 1 1
2 P_7 183 183 0 0 0 1 1 1
2 P_7 184 184 0.246541 0.2667652859960552 0.2868 1 1 1
2 P_7 185 185 0.5 0.5 0.5 1 1 1
2 P_7 186 186 0 0 0 1 1 1
2 P_7 187 187 0.088789 0.10428849902534112 0.121417 1 1 1
2 P_7 188 188 0.210061 0.23004926108374385 0.250263 1 1 1
2 P_7 189 189 0.257053 0.2779535864978903 0.298516 1 1 1
2 P_7 190 190 0.1093645 0.12609542356377798 0.14421 1 1 1
2 P_7 191 191 0 0 0 1 1 1
2 P_7 192 192 0.2367995 0.25751295336787566 0.278137 1 1 1
2 P_7 193 193 0 0 0 1 1 1
2 P_7 194 194 0 0 0 1 1 1
2 P_7 195 195 0.233528 0.25408997955010226 0.274604 1 1 1
2 P_7 196 196 0 0 0 1 1 1
2 P_7 197 197 0.243629 0.26397205588822353 0.284155 1 1 1
2 P_7 198 198 0.2138335 0.2341069626639758 0.254564 1 1 1
2 P_7 199 199 0 0 0 1 1 1
2 P_7 200 200 0.2399075 0.26089266737513284 0.2817455 1 1 1
2 P_7 201 201 0.5 0.5 0.5 1 1 1
2 P_7 202 202 0.5 0.5 0.5 1 1 1
2 P_7 203 203 0 0 0 1 1 1
2 P_7 204 204 0.2448705 0.26520438683948155 0.2853645 1 1 1
2 P_7 205 205 0 0 0 1 1 1
2 P_7 206 206 0.0775105 0.09230009871668311 0.108875 1 1 1
2 P_7 207 207 0 0 0 1 1 1
2 P_7 208 208 0.08251 0.09779338014042126 0.114827 1 1 1
2 P_7 209 209 0.0858435 0.10141271442986882 0.118701 1 1 1
2 P_7 210 210 0.092613 0.10793357933579335 0.1247575 1 1 1
2 P_7 211 211 0.249414 0.26980942828485455 0.289977 1 1 1
2 P_7 212 212 0.241848 0.26199804113614106 0.2820135 1 1 1
2 P_7 213 213 0 0 0 1 1 1
2 P_7 214 214 0 0 0 1 1 1
2 P_7 215 215 0.248648 0.2684659090909091 0.288083 1 1 1
2 P_7 216 216 0.090305 0.10654008438818566 0.12451 1 1 1
2 P_7 217 217 0 0 0 1 1 1
2 P_7 218 218 0.5 0.5 0.5 1 1 1
2 P_7 219 219 0.098159 0.11482254697286012 0.133104 1 1 1
2 P_7 220 220 0.1088815 0.12548076923076923 0.143453 1 1 1
2 P_7 221 221 0 0 0 1 1 1
2 P_7 222 222 0 0 0 1 1 1
2 P_7 223 223 0.236421 0.25671641791044775 0.2769355 1 1 1
2 P_7 224 224 0.2000675 0.2204356846473029 0.2411555 1 1 1
2 P_7 225 225 0.0978915 0.11415752741774676 0.1319765 1 1 1
2 P_7 226 226 0 0 0 1 1 1
2 P_7 227 227 0.2459905 0.26653102746693796 0.286879 1 1 1
2 P_7 228 228 0.228801 0.249009900990099 0.26923 1 1 1
2 P_7 229 229 0.5 0.5 0.5 1 1 1
2 P_7 230 230 0.5 0.5 0.5 1 1 1
2 P_7 231 231 0.1110295 0.1275992438563327 0.145496 1 1 1
2 P_7 232 232 0.096877 0.11311311311311312 0.1309205 1 1 1
2 P_7 233 233 0 0 0 1 1 1
2 P_7 234 234 0 0 0 1 1 1
2 P_7 235 235 0 0 0 1 1 1
2 P_7 236 236 0.233738 0.25395256916996045 0.274122 1 1 1
2 P_7 237 237 0.1059345 0.12264150943396226 0.140799 1 1 1
2 P_7 238 238 0.2369805 0.25705939629990265 0.2770595 1 1 1
2 P_7 239 239 0 0 0 1 1 1
2 P_7 240 240 0.2340705 0.25413826679649465 0.2741595 1 1 1
2 P_7 241 241 0.111008 0.1281661600810537 0.14674 1 1 1
2 P_7 242 242 0.2314425 0.25205761316872427 0.2726485 1 1 1
2 P_7 243 243 0 0 0 1 1 1
2 P_7 244 244 0.1057395 0.12311827956989248 0.142061 1 1 1
2 P_7 245 245 0.0971545 0.11308950914340712 0.1305355 1 1 1
2 P_7 246 246 0.259129 0.28 0.300509 1 1 1
2 P_7 247 247 0 0 0 1 1 1
2 P_7 248 248 0.092358 0.10820158102766798 0.125652 1 1 1
2 P_7 249 249 0.088795 0.1038781163434903 0.120509 1 1 1
2 P_7 250 250 0.075982 0.09077231695085256 0.107394 1 1 1
2 P_7 251 251 0 0 0 1 1 1
2 P_7 252 252 0 0 0 1 1 1
2 P_7 253 253 0.23169 0.25231719876416064 0.272917 1 1 1
2 P_7 254 254 0.2195605 0.2402938090241343 0.261144 1 1 1
2 P_7 255 255 0 0 0 1 1 1
2 P_7 256 256 0.5 0.5 0.5 1 1 1
2 P_7 257 257 0.2599785 0.2799806576402321 0.2996505 1 1 1
2 P_7 258 258 0.106602 0.12307692307692308 0.1409515 1 1 1
2 P_7 259 259 0 0 0 1 1 1
2 P_7 260 260 0.1132345 0.13068181818181818 0.1495425 1 1 1
2 P_7 261 261 0.1100375 0.12732919254658384 0.146077 1 1 1
2 P_7 262 262 0 0 0 1 1 1
2 P_7 263 263 0.2418955 0.2622868605817452 0.282537 1 1 1
2 P_7 264 264 0.24095249999999999 0.2618296529968454 0.282564 1 1 1
2 P_7 265 265 0.2348825 0.2547892720306513 0.2746435 1 1 1
2 P_7 266 266 0.0982725 0.11483007209062822 0.132984 1 1 1
2 P_7 267 267 0 0 0 1 1 1
2 P_7 268 268 0.2414855 0.2624076029567054 0.2831795 1 1 1
2 P_7 269 269 0.1068035 0.12351778656126482 0.1416655 1 1 1
2 P_7 270 270 0.248918 0.26904296875 0.2889545 1 1 1
2 P_7 271 271 0 0 0 1 1 1
2 P_7 272 272 0.5 0.5 0.5 1 1 1
2 P_7 273 273 0.0906445 0.10663265306122449 0.1242985 1 1 1
2 P_7 274 274 0.237971 0.2579556412729026 0.2778525 1 1 1
2 P_7 275 275 0.5 0.5 0.5 1 1 1
2 P_7 276 276 0.0959825 0.11186113789778207 0.1292675 1 1 1
2 P_7 277 277 0 0 0 1 1 1
2 P_7 278 278 0.1034265 0.11994076999012833 0.1379275 1 1 1
2 P_7 279 279 0.2464635 0.2665692007797271 0.2864895 1 1 1
2 P_7 280 280 0.5 0.5 0.5 1 1 1
2 P_7 281 281 0.2330155 0.25285714285714284 0.2726675 1 1 1
2 P_7 282 282 0.2096635 0.22994923857868022 0.2504685 1 1 1
2 P_7 283 283 0.2399005 0.25957049486461253 0.279138 1 1 1
2 P_7 284 284 0.2473025 0.2675568743818002 0.287612 1 1 1
2 P_7 285 285 0 0 0 1 1 1
2 P_7 286 286 0.089837 0.10557768924302789 0.122968 1 1 1
2 P_7 287 287 0.259382 0.27945472249269715 0.2991985 1 1 1
2 P_7 288 288 0.2467805 0.26699507389162563 0.2870175 1 1 1
2 P_7 289 289 0.099132 0.11516314779270634 0.132678 1 1 1
2 P_7 290 290 0 0 0 1 1 1
2 P_7 291 291 0.235902 0.25625625625625625 0.276539 1 1 1
2 P_7 292 292 0 0 0 1 1 1
2 P_7 293 293 0 0 0 1 1 1
2 P_7 294 294 0 0 0 1 1 1
2 P_7 295 295 0.111871 0.12903225806451613 0.1475915 1 1 1
2 P_7 296 296 0.5 0.5 0.5 1 1 1
2 P_7 297 297 0 0 0 1 1 1
2 P_7 298 298 0.2523655 0.2729124236252546 0.293192 1 1 1
2 P_7 299 299 0.2447265 0.2647628267182962 0.2846355 1 1 1
2 P_7 300 300 0.199377 0.21965020576131689 0.2402815 1 1 1
2 P_7 301 301 0.5 0.5 0.5 1 1 1
2 P_7 302 302 0 0 0 1 1 1
2 P_7 303 303 0.5 0.5 0.5 1 1 1
2 P_7 304 304 0.232655 0.2530060120240481 0.2733225 1 1 1
2 P_7 305 305 0 0 0 1 1 1
2 P_7 306 306 0 0 0 1 1 1
2 P_7 307 307 0.229983 0.25024875621890547 0.270512 1 1 1
2 P_7 308 308 0 0 0 1 1 1
2 P_7 309 309 0 0 0 1 1 1
2 P_7 310 310 0.109311 0.12624750499001997 0.1446005 1 1 1
2 P_7 311 311 0.245211 0.2657200811359026 0.286046 1 1 1
2 P_7 312 312 0.090339 0.10595703125 0.1231885 1 1 1
2 P_7 313 313 0.253799 0.2744593202883625 0.294831 1 1 1
2 P_7 314 314 0 0 0 1 1 1
2 P_7 315 315 0 0 0 1 1 1
2 P_7 316 316 0.24616 0.26656626506024095 0.2867815 1 1 1
2 P_7 317 317 0.2352235 0.25542406311637084 0.2755635 1 1 1
2 P_7 318 318 0.234671 0.25499001996007986 0.275252 1 1 1
2 P_7 319 319 0.256153 0.27635467980295564 0.2962585 1 1 1
2 P_7 320 320 0.095432 0.11149653121902874 0.129135 1 1 1
2 P_7 321 321 0 0 0 1 1 1
2 P_7 322 322 0.1003035 0.1166832174776564 0.134581 1 1 1
2 P_7 323 323 0.0935425 0.10932944606413994 0.1266845 1 1 1
2 P_7 324 324 0.237055 0.25778008298755184 0.2784125 1 1 1
2 P_7 325 325 0 0 0 1 1 1
2 P_7 326 326 0.1112045 0.1282435129740519 0.146676 1 1 1
2 P_7 327 327 0.1062575 0.12300796812749004 0.141209 1 1 1
2 P_7 328 328 0 0 0 1 1 1
2 P_7 329 329 0.5 0.5 0.5 1 1 1
2 P_7 330 330 0 0 0 1 1 1
2 P_7 331 331 0 0 0 1 1 1
2 P_7 332 332 0.093966 0.1100502512562814 0.12774750000000001 1 1 1
2 P_7 333 333 0.092919 0.10884691848906561 0.1263835 1 1 1
2 P_7 334 334 0 0 0 1 1 1
2 P_7 335 335 0 0 0 1 1 1
2 P_7 336 336 0.2484105 0.2688064192577733 0.288986 1 1 1
2 P_7 337 337 0 0 0 1 1 1
2 P_7 338 338 0.24712 0.26746506986027946 0.2876105 1 1 1
2 P_7 339 339 0.0911135 0.10721649484536082 0.125007 1 1 1
2 P_7 340 340 0 0 0 1 1 1
2 P_7 341 341 0 0 0 1 1 1
2 P_7 342 342 0.109115 0.12613521695257315 0.144589 1 1 1
2 P_7 343 343 0 0 0 1 1 1
2 P_7 344 344 0.2486245 0.2692702980472765 0.289689 1 1 1
2 P_7 345 345 0.2411805 0.2618312757201646 0.2823425 1 1 1
2 P_7 346 346 0.099206 0.11577868852459017 0.1339285 1 1 1
2 P_7 347 347 0.1078395 0.12451171875 0.1425895 1 1 1
2 P_7 348 348 0 0 0 1 1 1
2 P_7 349 349 0.1067555 0.12407211028632026 0.1429195 1 1 1
2 P_7 350 350 0.08384 0.09938524590163934 0.1167 1 1 1
2 P_7 351 351 0.5 0.5 0.5 1 1 1
2 P_7 352 352 0 0 0 1 1 1
2 P_7 353 353 0 0 0 1 1 1
2 P_7 354 354 0.2176265 0.23736892278360344 0.2572495 1 1 1
2 P_7 355 355 0 0 0 1 1 1
2 P_7 356 356 0 0 0 1 1 1
2 P_7 357 357 0.0953415 0.11116458132820019 0.1285205 1 1 1
2 P_7 358 358 0 0 0 1 1 1
2 P_7 359 359 0.2394065 0.25951219512195123 0.279511 1 1 1
2 P_7 360 360 0 0 0 1 1 1
2 P_7 361 361 0 0 0 1 1 1
2 P_7 362 362 0.1049425 0.1218144750254842 0.1401845 1 1 1
2 P_7 363 363 0.0840625 0.09922178988326848 0.1160635 1 1 1
2 P_7 364 364 0 0 0 1 1 1
2 P_7 365 365 0.2532205 0.27364185110663986 0.29379 1 1 1
2 P_7 366 366 0.2366595 0.2569860279441118 0.277233 1 1 1
2 P_7 367 367 0.1050965 0.12195121951219512 0.140298 1 1 1
2 P_7 368 368 0.248894 0.26926926926926925 0.2894235 1 1 1
2 P_7 369 369 0.5 0.5 0.5 1 1 1
2 P_7 370 370 0.1021165 0.11871227364185111 0.1368225 1 1 1
2 P_7 371 371 0.246528 0.26673228346456695 0.286748 1 1 1
2 P_7 372 372 0.2552155 0.27529182879377434 0.295086 1 1 1
2 P_7 373 373 0 0 0 1 1 1
2 P_7 374 374 0 0 0 1 1 1
2 P_7 375 375 0.0848315 0.10062893081761007 0.1182215 1 1 1
2 P_7 376 376 0.217292 0.23797071129707112 0.2587935 1 1 1
2 P_7 377 377 0.095151 0.1114519427402863 0.1293775 1 1 1
2 P_7 378 378 0.0988525 0.11463187325256291 0.1318585 1 1 1
2 P_7 379 379 0 0 0 1 1 1
2 P_7 380 380 0.2118475 0.2318271119842829 0.2520115 1 1 1
2 P_7 381 381 0.2462385 0.26637341153470184 0.286325 1 1 1
2 P_7 382 382 0.252263 0.2727272727272727 0.292928 1 1 1
2 P_7 383 383 0.104651 0.12086874409820586 0.138485 1 1 1
2 P_7 384 384 0 0 0 1 1 1
2 P_7 385 385 0.230226 0.2510504201680672 0.271862 1 1 1
2 P_7 386 386 0 0 0 1 1 1
2 P_7 387 387 0.242948 0.263506625891947 0.2839075 1 1 1
2 P_7 388 388 0.2411185 0.26129666011787817 0.281348 1 1 1
2 P_7 389 389 0.2551755 0.2755511022044088 0.2956335 1 1 1
2 P_7 390 390 0 0 0 1 1 1
2 P_7 391 391 0 0 0 1 1 1
2 P_7 392 392 0 0 0 1 1 1
2 P_7 393 393 0.093128 0.1092479674796748 0.127008 1 1 1
2 P_7 394 394 0.0851725 0.10093652445369407 0.118479 1 1 1
2 P_7 395 395 0 0 0 1 1 1
2 P_7 396 396 0.10297 0.12 0.138599 1 1 1
2 P_7 397 397 0 0 0 1 1 1
2 P_7 398 398 0 0 0 1 1 1
2 P_7 399 399 0.5 0.5 0.5 1 1 1
2 P_7 400 400 0.1147955 0.1318359375 0.1501995 1 1 1
2 P_7 401 401 0.090857 0.10671342685370741 0.124216 1 1 1
2 P_7 402 402 0 0 0 1 1 1
2 P_7 403 403 0 0 0 1 1 1
2 P_7 404 404 0.2503335 0.27064676616915423 0.2907245 1 1 1
2 P_7 405 405 0.102008 0.1178082191780822 0.134993 1 1 1
2 P_7 406 406 0.5 0.5 0.5 1 1 1
2 P_7 407 407 0 0 0 1 1 1
2 P_7 408 408 0.5 0.5 0.5 1 1 1
2 P_7 409 409 0.243949 0.2644670050761421 0.284817 1 1 1
2 P_7 410 410 0.21046 0.23065326633165828 0.2510695 1 1 1
2 P_7 411 411 0.095731 0.1120777891504606 0.130043 1 1 1
2 P_7 412 412 0.100276 0.11692307692307692 0.135135 1 1 1
2 P_7 413 413 0 0 0 1 1 1
2 P_7 414 414 0.0933215 0.1094704684317719 0.1272605 1 1 1
2 P_7 415 415 0 0 0 1 1 1
2 P_7 416 416 0 0 0 1 1 1
2 P_7 417 417 0 0 0 1 1 1
2 P_7 418 418 0.258447 0.27909371781668385 0.299397 1 1 1
2 P_7 419 419 0.2432145 0.2630579297245964 0.282759 1 1 1
2 P_7 420 420 0.232361 0.2531315240083507 0.2738645 1 1 1
3 P_5 0 0 0 0 0 1 1 1
3 P_5 1 1 0.5 0.5 0.5 1 1 1
3 P_5 2 2 0 0 0 1 1 1
3 P_5 3 3 0 0 0 1 1 1
3 P_5 4 4 0 0 0 1 1 1
3 P_5 5 5 0 0 0 1 1 1
3 P_5 6 6 0 0 0 1 1 1
3 P_5 7 7 0.0606825 0.07452431289640592 0.090492 1 1 1
3 P_5 8 8 0 0 0 1 1 1
3 P_5 9 9 0 0 0 1 1 1
3 P_5 10 10 0 0 0 1 1 1
3 P_5 11 11 0 0 0 1 1 1
3 P_5 12 12 0 0 0 1 1 1
3 P_5 13 13 0 0 0 1 1 1
3 P_5 14 14 0.057311 0.07049345417925479 0.0857485 1 1 1
3 P_5 15 15 0 0 0 1 1 1
3 P_5 16 16 0 0 0 1 1 1
3 P_5 17 17 0.5 0.5 0.5 1 1 1
3 P_5 18 18 0.0527965 0.06564102564102564 0.080653 1 1 1
3 P_5 19 19 0 0 0 1 1 1
3 P_5 20 20 0.4181015 0.4329692154915591 0.445754 1 1 1
3 P_5 21 21 0.4143185 0.43002136752136755 0.4435195 1 1 1
3 P_5 22 22 0.4142935 0.42984293193717277 0.4432335 1 1 1
3 P_5 23 23 0.408748 0.4242125984251969 0.4377115 1 1 1
3 P_5 24 24 0.0532165 0.06593406593406594 0.08076 1 1 1
3 P_5 25 25 0.4128785 0.42788461538461536 0.440929 1 1 1
3 P_5 26 26 0.063875 0.07778915046059365 0.0937245 1 1 1
3 P_5 27 27 0 0 0 1 1 1
3 P_5 28 28 0 0 0 1 1 1
3 P_5 29 29 0.5 0.5 0.5 1 1 1
3 P_5 30 30 0 0 0 1 1 1
3 P_5 31 31 0 0 0 1 1 1
3 P_5 32 32 0 0 0 1 1 1
3 P_5 33 33 0.4084875 0.42390243902439023 0.437372 1 1 1
3 P_5 34 34 0 0 0 1 1 1
3 P_5 35 35 0 0 0 1 1 1
3 P_5 36 36 0.0533305 0.06635318704284221 0.0815755 1 1 1
3 P_5 37 37 0.4191995 0.43450479233226835 0.447558 1 1 1
3 P_5 38 38 0 0 0 1 1 1
3 P_5 39 39 0 0 0 1 1 1
3 P_5 40 40 0 0 0 1 1 1
3 P_5 41 41 0 0 0 1 1 1
3 P_5 42 42 0 0 0 1 1 1
3 P_5 43 43 0 0 0 1 1 1
3 P_5 44 44 0 0 0 1 1 1
3 P_5 45 45 0 0 0 1 1 1
3 P_5 46 46 0 0 0 1 1 1
3 P_5 47 47 0 0 0 1 1 1
3 P_5 48 48 0.410939 0.42653061224489797 0.440057 1 1 1
3 P_5 49 49 0 0 0 1 1 1
3 P_5 50 50 0 0 0 1 1 1
3 P_5 51 51 0 0 0 1 1 1
3 P_5 52 52 0.4143855 0.42957042957042957 0.4426985 1 1 1
3 P_5 53 53 0 0 0 1 1 1
3 P_5 54 54 0 0 0 1 1 1
3 P_5 55 55 0 0 0 1 1 1
3 P_5 56 56 0 0 0 1 1 1
3 P_5 57 57 0.0525535 0.06496631376323388 0.079421 1 1 1
3 P_5 58 58 0.052742 0.06557377049180328 0.080572 1 1 1
3 P_5 59 59 0 0 0 1 1 1
3 P_5 60 60 0 0 0 1 1 1
3 P_5 61 61 0.5 0.5 0.5 1 1 1
3 P_5 62 62 0 0 0 1 1 1
3 P_5 63 63 0.4140485 0.4292878635907723 0.4424655 1 1 1
3 P_5 64 64 0.5 0.5 0.5 1 1 1
3 P_5 65 65 0.5 0.5 0.5 1 1 1
3 P_5 66 66 0.5 0.5 0.5 1 1 1
3 P_5 67 67 0.5 0.5 0.5 1 1 1
3 P_5 68 68 0 0 0 1 1 1
3 P_5 69 69 0 0 0 1 1 1
3 P_5 70 70 0 0 0 1 1 1
3 P_5 71 71 0.4111325 0.42674180327868855 0.440275 1 1 1
3 P_5 72 72 0 0 0 1 1 1
3 P_5 73 73 0 0 0 1 1 1
3 P_5 74 74 0 0 0 1 1 1
3 P_5 75 75 0 0 0 1 1 1
3 P_5 76 76 0 0 0 1 1 1
3 P_5 77 77 0 0 0 1 1 1
3 P_5 78 78 0.054702 0.06780538302277432 0.083071 1 1 1
3 P_5 79 79 0.0542055 0.06736842105263158 0.082735 1 1 1
3 P_5 80 80 0.4099035 0.4253731343283582 0.438842 1 1 1
3 P_5 81 81 0.405186 0.42138364779874216 0.435522 1 1 1
3 P_5 82 82 0.5 0.5 0.5 1 1 1
3 P_5 83 83 0.5 0.5 0.5 1 1 1
3 P_5 84 84 0.414553 0.42971086739780656 0.4428145 1 1 1
3 P_5 85 85 0.408403 0.4237864077669903 0.437235 1 1 1
3 P_5 86 86 0 0 0 1 1 1
3 P_5 87 87 0.055184 0.06822810590631365 0.083394 1 1 1
3 P_5 88 88 0 0 0 1 1 1
3 P_5 89 89 0.416212 0.4312938816449348 0.444291 1 1 1
3 P_5 90 90 0.427092 0.44132397191574724 0.453356 1 1 1
3 P_5 91 91 0 0 0 1 1 1
3 P_5 92 92 0 0 0 1 1 1
3 P_5 93 93 0.41119 0.42669362992922144 0.440149 1 1 1
3 P_5 94 94 0.4152085 0.4305555555555556 0.443773 1 1 1
3 P_5 95 95 0.0562755 0.06918547595682041 0.08413 1 1 1
3 P_5 96 96 0 0 0 1 1 1
3 P_5 97 97 0 0 0 1 1 1
3 P_5 98 98 0 0 0 1 1 1
3 P_5 99 99 0.4076855 0.42326732673267325 0.436882 1 1 1
3 P_5 100 100 0.409013 0.42452830188679247 0.438056 1 1 1
3 P_5 101 101 0.5 0.5 0.5 1 1 1
3 P_5 102 102 0.05833 0.07157157157157157 0.0868605 1 1 1
3 P_5 103 103 0 0 0 1 1 1
3 P_5 104 104 0 0 0 1 1 1
3 P_5 105 105 0 0 0 1 1 1
3 P_5 106 106 0 0 0 1 1 1
3 P_5 107 107 0.5 0.5 0.5 1 1 1
3 P_5 108 108 0 0 0 1 1 1
3 P_5 109 109 0.5 0.5 0.5 1 1 1
3 P_5 110 110 0.5 0.5 0.5 1 1 1
3 P_5 111 111 0 0 0 1 1 1
3 P_5 112 112 0 0 0 1 1 1
3 P_5 113 113 0.0589445 0.07221115537848606 0.0875085 1 1 1
3 P_5 114 114 0 0 0 1 1 1
3 P_5 115 115 0 0 0 1 1 1
3 P_5 116 116 0 0 0 1 1 1
3 P_5 117 117 0 0 0 1 1 1
3 P_5 118 118 0.4124595 0.4280538302277433 0.4415355 1 1 1
3 P_5 119 119 0 0 0 1 1 1
3 P_5 120 120 0 0 0 1 1 1
3 P_5 121 121 0 0 0 1 1 1
3 P_5 122 122 0 0 0 1 1 1
3 P_5 123 123 0.4128885 0.4288840262582057 0.4426365 1 1 1
3 P_5 124 124 0 0 0 1 1 1
3 P_5 125 125 0 0 0 1 1 1
3 P_5 126 126 0.4273525 0.4415911379657603 0.453618 1 1 1
3 P_5 127 127 0 0 0 1 1 1
3 P_5 128 128 0 0 0 1 1 1
3 P_5 129 129 0.065345 0.07934893184130214 0.095343 1 1 1
3 P_5 130 130 0 0 0 1 1 1
3 P_5 131 131 0 0 0 1 1 1
3 P_5 132 132 0 0 0 1 1 1
3 P_5 133 133 0 0 0 1 1 1
3 P_5 134 134 0 0 0 1 1 1
3 P_5 135 135 0 0 0 1 1 1
3 P_5 136 136 0 0 0 1 1 1
3 P_5 137 137 0 0 0 1 1 1
3 P_5 138 138 0.5 0.5 0.5 1 1 1
3 P_5 139 139 0.4142515 0.4295065458207452 0.442689 1 1 1
3 P_5 140 140 0 0 0 1 1 1
3 P_5 141 141 0.5 0.5 0.5 1 1 1
3 P_5 142 142 0 0 0 1 1 1
3 P_5 143 143 0 0 0 1 1 1
3 P_5 144 144 0 0 0 1 1 1
3 P_5 145 145 0.4097275 0.4252243270189432 0.438718 1 1 1
3 P_5 146 146 0 0 0 1 1 1
3 P_5 147 147 0 0 0 1 1 1
3 P_5 148 148 0 0 0 1 1 1
3 P_5 149 149 0.4134505 0.4286422200198216 0.441804 1 1 1
3 P_5 150 150 0.5 0.5 0.5 1 1 1
3 P_5 151 151 0.5 0.5 0.5 1 1 1
3 P_5 152 152 0.41765 0.4326923076923077 0.445615 1 1 1
3 P_5 153 153 0 0 0 1 1 1
3 P_5 154 154 0 0 0 1 1 1
3 P_5 155 155 0.5 0.5 0.5 1 1 1
3 P_5 156 156 0.04257235 0.05424769703172978 0.0682195 1 1 1
3 P_5 157 157 0.0600995 0.07371134020618557 0.0894065 1 1 1
3 P_5 158 158 0.059458 0.0732620320855615 0.089233 1 1 1
3 P_5 159 159 0 0 0 1 1 1
3 P_5 160 160 0.0507095 0.06318956870611836 0.0778175 1 1 1
3 P_5 161 161 0.5 0.5 0.5 1 1 1
3 P_5 162 162 0 0 0 1 1 1
3 P_5 163 163 0.0630785 0.07631086142322098 0.0914085 1 1 1
3 P_5 164 164 0 0 0 1 1 1
3 P_5 165 165 0 0 0 1 1 1
3 P_5 166 166 0 0 0 1 1 1
3 P_5 167 167 0 0 0 1 1 1
3 P_5 168 168 0 0 0 1 1 1
3 P_5 169 169 0 0 0 1 1 1
3 P_5 170 170 0 0 0 1 1 1
3 P_5 171 171 0.5 0.5 0.5 1 1 1
3 P_5 172 172 0.410558 0.42611336032388664 0.439625 1 1 1
3 P_5 173 173 0.5 0.5 0.5 1 1 1
3 P_5 174 174 0 0 0 1 1 1
3 P_5 175 175 0 0 0 1 1 1
3 P_5 176 176 0.415974 0.43058161350844276 0.4432465 1 1 1
3 P_5 177 177 0 0 0 1 1 1
3 P_5 178 178 0.0525775 0.06526104417670683 0.080071 1 1 1
3 P_5 179 179 0 0 0 1 1 1
3 P_5 180 180 0 0 0 1 1 1
3 P_5 181 181 0.067096 0.0809108527131783 0.0966045 1 1 1
3 P_5 182 182 0.4140745 0.4289827255278311 0.441921 1 1 1
3 P_5 183 183 0.4315845 0.44565217391304346 0.4573985 1 1 1
3 P_5 184 184 0 0 0 1 1 1
3 P_5 185 185 0.5 0.5 0.5 1 1 1
3 P_5 186 186 0 0 0 1 1 1
3 P_5 187 187 0 0 0 1 1 1
3 P_5 188 188 0.048514 0.060650887573964495 0.0749285 1 1 1
3 P_5 189 189 0 0 0 1 1 1
3 P_5 190 190 0.0534925 0.06611165523996082 0.080796 1 1 1
3 P_5 191 191 0.3996385 0.41583166332665333 0.43012 1 1 1
3 P_5 192 192 0.417247 0.43206256109481916 0.4448375 1 1 1
3 P_5 193 193 0 0 0 1 1 1
3 P_5 194 194 0 0 0 1 1 1
3 P_5 195 195 0.4147945 0.4300100704934542 0.4431475 1 1 1
3 P_5 196 196 0 0 0 1 1 1
3 P_5 197 197 0 0 0 1 1 1
3 P_5 198 198 0.0463879 0.058300395256917 0.0723845 1 1 1
3 P_5 199 199 0 0 0 1 1 1
3 P_5 200 200 0.431959 0.4457831325301205 0.457354 1 1 1
3 P_5 201 201 0.5 0.5 0.5 1 1 1
3 P_5 202 202 0.5 0.5 0.5 1 1 1
3 P_5 203 203 0 0 0 1 1 1
3 P_5 204 204 0 0 0 1 1 1
3 P_5 205 205 0 0 0 1 1 1
3 P_5 206 206 0 0 0 1 1 1
3 P_5 207 207 0 0 0 1 1 1
3 P_5 208 208 0 0 0 1 1 1
3 P_5 209 209 0 0 0 1 1 1
3 P_5 210 210 0 0 0 1 1 1
3 P_5 211 211 0.4094905 0.42531120331950206 0.439047 1 1 1
3 P_5 212 212 0 0 0 1 1 1
3 P_5 213 213 0 0 0 1 1 1
3 P_5 214 214 0 0 0 1 1 1
3 P_5 215 215 0 0 0 1 1 1
3 P_5 216 216 0 0 0 1 1 1
3 P_5 217 217 0 0 0 1 1 1
3 P_5 218 218 0.5 0.5 0.5 1 1 1
3 P_5 219 219 0.0636105 0.07747196738022426 0.09335 1 1 1
3 P_5 220 220 0.055134 0.0681130171543895 0.083196 1 1 1
3 P_5 221 221 0 0 0 1 1 1
3 P_5 222 222 0.4245145 0.4386385426653883 0.450689 1 1 1
3 P_5 223 223 0 0 0 1 1 1
3 P_5 224 224 0.0581635 0.07102272727272728 0.0858255 1 1 1
3 P_5 225 225 0 0 0 1 1 1
3 P_5 226 226 0 0 0 1 1 1
3 P_5 227 227 0 0 0 1 1 1
3 P_5 228 228 0.403177 0.4189453125 0.4328215 1 1 1
3 P_5 229 229 0.5 0.5 0.5 1 1 1
3 P_5 230 230 0.5 0.5 0.5 1 1 1
3 P_5 231 231 0.0613 0.07489878542510121 0.0905295 1 1 1
3 P_5 232 232 0.0638135 0.07766497461928934 0.0935225 1 1 1
3 P_5 233 233 0 0 0 1 1 1
3 P_5 234 234 0 0 0 1 1 1
3 P_5 235 235 0 0 0 1 1 1
3 P_5 236 236 0 0 0 1 1 1
3 P_5 237 237 0.0610215 0.07436399217221135 0.089677 1 1 1
3 P_5 238 238 0 0 0 1 1 1
3 P_5 239 239 0 0 0 1 1 1
3 P_5 240 240 0 0 0 1 1 1
3 P_5 241 241 0.0601875 0.073558648111332 0.088941 1 1 1
3 P_5 242 242 0 0 0 1 1 1
3 P_5 243 243 0.408748 0.4242125984251969 0.4377115 1 1 1
3 P_5 244 244 0.058431 0.07164179104477612 0.0868875 1 1 1
3 P_5 245 245 0 0 0 1 1 1
3 P_5 246 246 0 0 0 1 1 1
3 P_5 247 247 0.422841 0.4375639713408393 0.450086 1 1 1
3 P_5 248 248 0 0 0 1 1 1
3 P_5 249 249 0 0 0 1 1 1
3 P_5 250 250 0 0 0 1 1 1
3 P_5 251 251 0 0 0 1 1 1
3 P_5 252 252 0 0 0 1 1 1
3 P_5 253 253 0.4026575 0.41890495867768596 0.433152 1 1 1
3 P_5 254 254 0.061158 0.07462686567164178 0.0900965 1 1 1
3 P_5 255 255 0 0 0 1 1 1
3 P_5 256 256 0.5 0.5 0.5 1 1 1
3 P_5 257 257 0 0 0 1 1 1
3 P_5 258 258 0 0 0 1 1 1
3 P_5 259 259 0 0 0 1 1 1
3 P_5 260 260 0.0561635 0.06904995102840353 0.0839685 1 1 1
3 P_5 261 261 0.0565265 0.06986444212721585 0.0853555 1 1 1
3 P_5 262 262 0 0 0 1 1 1
3 P_5 263 263 0 0 0 1 1 1
3 P_5 264 264 0 0 0 1 1 1
3 P_5 265 265 0 0 0 1 1 1
3 P_5 266 266 0 0 0 1 1 1
3 P_5 267 267 0.4086585 0.4241823587710605 0.437727 1 1 1
3 P_5 268 268 0.4114525 0.427159209157128 0.4407525 1 1 1
3 P_5 269 269 0.0564005 0.06960081883316274 0.084918 1 1 1
3 P_5 270 270 0 0 0 1 1 1
3 P_5 271 271 0 0 0 1 1 1
3 P_5 272 272 0.5 0.5 0.5 1 1 1
3 P_5 273 273 0 0 0 1 1 1
3 P_5 274 274 0 0 0 1 1 1
3 P_5 275 275 0.5 0.5 0.5 1 1 1
3 P_5 276 276 0 0 0 1 1 1
3 P_5 277 277 0 0 0 1 1 1
3 P_5 278 278 0 0 0 1 1 1
3 P_5 279 279 0 0 0 1 1 1
3 P_5 280 280 0.5 0.5 0.5 1 1 1
3 P_5 281 281 0.0595795 0.07292707292707293 0.088303 1 1 1
3 P_5 282 282 0.0581775 0.07108778625954199 0.0859555 1 1 1
3 P_5 283 283 0.4117295 0.42696078431372547 0.4402025 1 1 1
3 P_5 284 284 0 0 0 1 1 1
3 P_5 285 285 0.414055 0.4290573372206025 0.4420645 1 1 1
3 P_5 286 286 0 0 0 1 1 1
3 P_5 287 287 0 0 0 1 1 1
3 P_5 288 288 0.4105805 0.42585365853658536 0.4391595 1 1 1
3 P_5 289 289 0 0 0 1 1 1
3 P_5 290 290 0 0 0 1 1 1
3 P_5 291 291 0 0 0 1 1 1
3 P_5 292 292 0 0 0 1 1 1
3 P_5 293 293 0 0 0 1 1 1
3 P_5 294 294 0 0 0 1 1 1
3 P_5 295 295 0.054783 0.06747572815533981 0.0822005 1 1 1
3 P_5 296 296 0.5 0.5 0.5 1 1 1
3 P_5 297 297 0 0 0 1 1 1
3 P_5 298 298 0 0 0 1 1 1
3 P_5 299 299 0 0 0 1 1 1
3 P_5 300 300 0.060481 0.07371483996120272 0.088909 1 1 1
3 P_5 301 301 0.5 0.5 0.5 1 1 1
3 P_5 302 302 0 0 0 1 1 1
3 P_5 303 303 0.5 0.5 0.5 1 1 1
3 P_5 304 304 0 0 0 1 1 1
3 P_5 305 305 0 0 0 1 1 1
3 P_5 306 306 0 0 0 1 1 1
3 P_5 307 307 0.059752 0.07345225603357818 0.089276 1 1 1
3 P_5 308 308 0 0 0 1 1 1
3 P_5 309 309 0 0 0 1 1 1
3 P_5 310 310 0.06555 0.08006535947712418 0.0967025 1 1 1
3 P_5 311 311 0 0 0 1 1 1
3 P_5 312 312 0 0 0 1 1 1
3 P_5 313 313 0 0 0 1 1 1
3 P_5 314 314 0 0 0 1 1 1
3 P_5 315 315 0 0 0 1 1 1
3 P_5 316 316 0 0 0 1 1 1
3 P_5 317 317 0 0 0 1 1 1
3 P_5 318 318 0 0 0 1 1 1
3 P_5 319 319 0 0 0 1 1 1
3 P_5 320 320 0 0 0 1 1 1
3 P_5 321 321 0 0 0 1 1 1
3 P_5 322 322 0 0 0 1 1 1
3 P_5 323 323 0 0 0 1 1 1
3 P_5 324 324 0.4165455 0.4310185185185185 0.4435695 1 1 1
3 P_5 325 325 0 0 0 1 1 1
3 P_5 326 326 0.061363 0.07497467071935157 0.0906195 1 1 1
3 P_5 327 327 0.061204 0.0745829244357213 0.089936 1 1 1
3 P_5 328 328 0 0 0 1 1 1
3 P_5 329 329 0.5 0.5 0.5 1 1 1
3 P_5 330 330 0 0 0 1 1 1
3 P_5 331 331 0 0 0 1 1 1
3 P_5 332 332 0 0 0 1 1 1
3 P_5 333 333 0 0 0 1 1 1
3 P_5 334 334 0 0 0 1 1 1
3 P_5 335 335 0 0 0 1 1 1
3 P_5 336 336 0 0 0 1 1 1
3 P_5 337 337 0 0 0 1 1 1
3 P_5 338 338 0 0 0 1 1 1
3 P_5 339 339 0 0 0 1 1 1
3 P_5 340 340 0 0 0 1 1 1
3 P_5 341 341 0 0 0 1 1 1
3 P_5 342 342 0.05611 0.06930184804928131 0.0846205 1 1 1
3 P_5 343 343 0 0 0 1 1 1
3 P_5 344 344 0 0 0 1 1 1
3 P_5 345 345 0.408316 0.423712342079689 0.437173 1 1 1
3 P_5 346 346 0 0 0 1 1 1
3 P_5 347 347 0.0563855 0.06926829268292684 0.0841725 1 1 1
3 P_5 348 348 0 0 0 1 1 1
3 P_5 349 349 0.0576645 0.07092198581560284 0.0862595 1 1 1
3 P_5 350 350 0 0 0 1 1 1
3 P_5 351 351 0.5 0.5 0.5 1 1 1
3 P_5 352 352 0 0 0 1 1 1
3 P_5 353 353 0 0 0 1 1 1
3 P_5 354 354 0.0658875 0.07961165048543689 0.095233 1 1 1
3 P_5 355 355 0 0 0 1 1 1
3 P_5 356 356 0.402841 0.419202518363064 0.433529 1 1 1
3 P_5 357 357 0 0 0 1 1 1
3 P_5 358 358 0 0 0 1 1 1
3 P_5 359 359 0 0 0 1 1 1
3 P_5 360 360 0 0 0 1 1 1
3 P_5 361 361 0 0 0 1 1 1
3 P_5 362 362 0 0 0 1 1 1
3 P_5 363 363 0 0 0 1 1 1
3 P_5 364 364 0 0 0 1 1 1
3 P_5 365 365 0.419146 0.4340382678751259 0.4468055 1 1 1
3 P_5 366 366 0.408485 0.4239450441609421 0.4374475 1 1 1
3 P_5 367 367 0.0590265 0.07236180904522613 0.087744 1 1 1
3 P_5 368 368 0 0 0 1 1 1
3 P_5 369 369 0.5 0.5 0.5 1 1 1
3 P_5 370 370 0.054729 0.06741028128031037 0.0821225 1 1 1
3 P_5 371 371 0 0 0 1 1 1
3 P_5 372 372 0 0 0 1 1 1
3 P_5 373 373 0.412216 0.4273255813953488 0.4404645 1 1 1
3 P_5 374 374 0 0 0 1 1 1
3 P_5 375 375 0 0 0 1 1 1
3 P_5 376 376 0.067196 0.08093869731800767 0.0965385 1 1 1
3 P_5 377 377 0 0 0 1 1 1
3 P_5 378 378 0.060985 0.07427184466019418 0.089515 1 1 1
3 P_5 379 379 0.4134525 0.4287878787878788 0.4420525 1 1 1
3 P_5 380 380 0.0593045 0.07216014897579143 0.086915 1 1 1
3 P_5 381 381 0.4087475 0.42463617463617465 0.438444 1 1 1
3 P_5 382 382 0 0 0 1 1 1
3 P_5 383 383 0.064165 0.07774538386783285 0.093245 1 1 1
3 P_5 384 384 0.4080145 0.4238241308793456 0.437596 1 1 1
3 P_5 385 385 0 0 0 1 1 1
3 P_5 386 386 0.4067065 0.4220841300191205 0.435575 1 1 1
3 P_5 387 387 0.409013 0.42452830188679247 0.438056 1 1 1
3 P_5 388 388 0.41587 0.4308145240431796 0.4437245 1 1 1
3 P_5 389 389 0 0 0 1 1 1
3 P_5 390 390 0 0 0 1 1 1
3 P_5 391 391 0.4111455 0.42651439920556106 0.4398735 1 1 1
3 P_5 392 392 0 0 0 1 1 1
3 P_5 393 393 0 0 0 1 1 1
3 P_5 394 394 0 0 0 1 1 1
3 P_5 395 395 0 0 0 1 1 1
3 P_5 396 396 0.057665 0.07042253521126761 0.0851135 1 1 1
3 P_5 397 397 0 0 0 1 1 1
3 P_5 398 398 0 0 0 1 1 1
3 P_5 399 399 0.5 0.5 0.5 1 1 1
3 P_5 400 400 0.0582285 0.07150050352467271 0.0868335 1 1 1
3 P_5 401 401 0 0 0 1 1 1
3 P_5 402 402 0 0 0 1 1 1
3 P_5 403 403 0 0 0 1 1 1
3 P_5 404 404 0 0 0 1 1 1
3 P_5 405 405 0.0552 0.06773283160865474 0.082232 1 1 1
3 P_5 406 406 0.5 0.5 0.5 1 1 1
3 P_5 407 407 0 0 0 1 1 1
3 P_5 408 408 0.5 0.5 0.5 1 1 1
3 P_5 409 409 0 0 0 1 1 1
3 P_5 410 410 0.063538 0.07743589743589743 0.093363 1 1 1
3 P_5 411 411 0 0 0 1 1 1
3 P_5 412 412 0.054219 0.06732776617954071 0.082622 1 1 1
3 P_5 413 413 0 0 0 1 1 1
3 P_5 414 414 0 0 0 1 1 1
3 P_5 415 415 0 0 0 1 1 1
3 P_5 416 416 0 0 0 1 1 1
3 P_5 417 417 0 0 0 1 1 1
3 P_5 418 418 0 0 0 1 1 1
3 P_5 419 419 0 0 0 1 1 1
3 P_5 420 420 0 0 0 1 1 1
4 P_1 0 0 0 0 0 1 1 1
4 P_1 1 1 0.5 0.5 0.5 1 1 1
4 P_1 2 2 0.082718 0.0980788675429727 0.115201 1 1 1
4 P_1 3 3 0 0 0 1 1 1
4 P_1 4 4 0 0 0 1 1 1
4 P_1 5 5 0 0 0 1 1 1
4 P_1 6 6 0 0 0 1 1 1
4 P_1 7 7 0 0 0 1 1 1
4 P_1 8 8 0.3949775 0.4115267947421638 0.4262035 1 1 1
4 P_1 9 9 0.3780105 0.3953953953953954 0.4111115 1 1 1
4 P_1 10 10 0.0919845 0.10793172690763052 0.1255145 1 1 1
4 P_1 11 11 0 0 0 1 1 1
4 P_1 12 12 0 0 0 1 1 1
4 P_1 13 13 0.4004845 0.41634429400386846 0.430359 1 1 1
4 P_1 14 14 0 0 0 1 1 1
4 P_1 15 15 0.3860935 0.40346274921301156 0.418986 1 1 1
4 P_1 16 16 0 0 0 1 1 1
4 P_1 17 17 0.5 0.5 0.5 1 1 1
4 P_1 18 18 0.391108 0.40797546012269936 0.422991 1 1 1
4 P_1 19 19 0 0 0 1 1 1
4 P_1 20 20 0 0 0 1 1 1
4 P_1 21 21 0 0 0 1 1 1
4 P_1 22 22 0 0 0 1 1 1
4 P_1 23 23 0 0 0 1 1 1
4 P_1 24 24 0 0 0 1 1 1
4 P_1 25 25 0 0 0 1 1 1
4 P_1 26 26 0 0 0 1 1 1
4 P_1 27 27 0.0853065 0.10091743119266056 0.1182705 1 1 1
4 P_1 28 28 0 0 0 1 1 1
4 P_1 29 29 0.5 0.5 0.5 1 1 1
4 P_1 30 30 0 0 0 1 1 1
4 P_1 31 31 0.087371 0.10301507537688442 0.120353 1 1 1
4 P_1 32 32 0 0 0 1 1 1
4 P_1 33 33 0 0 0 1 1 1
4 P_1 34 34 0 0 0 1 1 1
4 P_1 35 35 0.386151 0.40294117647058825 0.418012 1 1 1
4 P_1 36 36 0 0 0 1 1 1
4 P_1 37 37 0 0 0 1 1 1
4 P_1 38 38 0 0 0 1 1 1
4 P_1 39 39 0.375907 0.3935091277890467 0.4094425 1 1 1
4 P_1 40 40 0 0 0 1 1 1
4 P_1 41 41 0 0 0 1 1 1
4 P_1 42 42 0 0 0 1 1 1
4 P_1 43 43 0.090728 0.10625 0.123357 1 1 1
4 P_1 44 44 0 0 0 1 1 1
4 P_1 45 45 0 0 0 1 1 1
4 P_1 46 46 0.095532 0.1118488253319714 0.129784 1 1 1
4 P_1 47 47 0 0 0 1 1 1
4 P_1 48 48 0 0 0 1 1 1
4 P_1 49 49 0 0 0 1 1 1
4 P_1 50 50 0.3858445 0.40279162512462613 0.417992 1 1 1
4 P_1 51 51 0 0 0 1 1 1
4 P_1 52 52 0 0 0 1 1 1
4 P_1 53 53 0.383139 0.4005154639175258 0.416113 1 1 1
4 P_1 54 54 0.373555 0.391025641025641 0.4069015 1 1 1
4 P_1 55 55 0 0 0 1 1 1
4 P_1 56 56 0 0 0 1 1 1
4 P_1 57 57 0 0 0 1 1 1
4 P_1 58 58 0.3825475 0.4 0.4156705 1 1 1
4 P_1 59 59 0 0 0 1 1 1
4 P_1 60 60 0 0 0 1 1 1
4 P_1 61 61 0.5 0.5 0.5 1 1 1
4 P_1 62 62 0 0 0 1 1 1
4 P_1 63 63 0 0 0 1 1 1
4 P_1 64 64 0.5 0.5 0.5 1 1 1
4 P_1 65 65 0.5 0.5 0.5 1 1 1
4 P_1 66 66 0.5 0.5 0.5 1 1 1
4 P_1 67 67 0.5 0.5 0.5 1 1 1
4 P_1 68 68 0 0 0 1 1 1
4 P_1 69 69 0 0 0 1 1 1
4 P_1 70 70 0 0 0 1 1 1
4 P_1 71 71 0.081955 0.09697855750487329 0.1137125 1 1 1
4 P_1 72 72 0 0 0 1 1 1
4 P_1 73 73 0.086206 0.10209424083769633 0.119758 1 1 1
4 P_1 74 74 0 0 0 1 1 1
4 P_1 75 75 0 0 0 1 1 1
4 P_1 76 76 0 0 0 1 1 1
4 P_1 77 77 0 0 0 1 1 1
4 P_1 78 78 0.379196 0.39695057833859093 0.412934 1 1 1
4 P_1 79 79 0 0 0 1 1 1
4 P_1 80 80 0.0887075 0.1043956043956044 0.1217515 1 1 1
4 P_1 81 81 0.100553 0.11740041928721175 0.1358415 1 1 1
4 P_1 82 82 0.5 0.5 0.5 1 1 1
4 P_1 83 83 0.5 0.5 0.5 1 1 1
4 P_1 84 84 0.0785355 0.0935 0.110259 1 1 1
4 P_1 85 85 0.085497 0.1014957264957265 0.1193135 1 1 1
4 P_1 86 86 0.3880435 0.4049049049049049 0.4199885 1 1 1
4 P_1 87 87 0.381363 0.39868287740628167 0.4142755 1 1 1
4 P_1 88 88 0 0 0 1 1 1
4 P_1 89 89 0 0 0 1 1 1
4 P_1 90 90 0 0 0 1 1 1
4 P_1 91 91 0.3768535 0.39473684210526316 0.4108735 1 1 1
4 P_1 92 92 0 0 0 1 1 1
4 P_1 93 93 0 0 0 1 1 1
4 P_1 94 94 0 0 0 1 1 1
4 P_1 95 95 0 0 0 1 1 1
4 P_1 96 96 0 0 0 1 1 1
4 P_1 97 97 0 0 0 1 1 1
4 P_1 98 98 0 0 0 1 1 1
4 P_1 99 99 0.091726 0.10724499523355577 0.124325 1 1 1
4 P_1 100 100 0 0 0 1 1 1
4 P_1 101 101 0.5 0.5 0.5 1 1 1
4 P_1 102 102 0 0 0 1 1 1
4 P_1 103 103 0 0 0 1 1 1
4 P_1 104 104 0 0 0 1 1 1
4 P_1 105 105 0 0 0 1 1 1
4 P_1 106 106 0 0 0 1 1 1
4 P_1 107 107 0.5 0.5 0.5 1 1 1
4 P_1 108 108 0 0 0 1 1 1
4 P_1 109 109 0.5 0.5 0.5 1 1 1
4 P_1 110 110 0.5 0.5 0.5 1 1 1
4 P_1 111 111 0.3786555 0.396 0.41167 1 1 1
4 P_1 112 112 0 0 0 1 1 1
4 P_1 113 113 0 0 0 1 1 1
4 P_1 114 114 0 0 0 1 1 1
4 P_1 115 115 0 0 0 1 1 1
4 P_1 116 116 0 0 0 1 1 1
4 P_1 117 117 0.0898435 0.1059190031152648 0.12371 1 1 1
4 P_1 118 118 0.094309 0.11099137931034483 0.129391 1 1 1
4 P_1 119 119 0 0 0 1 1 1
4 P_1 120 120 0 0 0 1 1 1
4 P_1 121 121 0.3810485 0.39821251241310823 0.413689 1 1 1
4 P_1 122 122 0 0 0 1 1 1
4 P_1 123 123 0 0 0 1 1 1
4 P_1 124 124 0 0 0 1 1 1
4 P_1 125 125 0.086656 0.10248447204968944 0.120064 1 1 1
4 P_1 126 126 0 0 0 1 1 1
4 P_1 127 127 0.3866625 0.4032723772858518 0.4181905 1 1 1
4 P_1 128 128 0.386922 0.4037698412698413 0.418868 1 1 1
4 P_1 129 129 0.387343 0.4037914691943128 0.418568 1 1 1
4 P_1 130 130 0 0 0 1 1 1
4 P_1 131 131 0 0 0 1 1 1
4 P_1 132 132 0 0 0 1 1 1
4 P_1 133 133 0 0 0 1 1 1
4 P_1 134 134 0.38006 0.39730807577268196 0.412872 1 1 1
4 P_1 135 135 0 0 0 1 1 1
4 P_1 136 136 0 0 0 1 1 1
4 P_1 137 137 0.3804165 0.3978549540347293 0.413562 1 1 1
4 P_1 138 138 0.5 0.5 0.5 1 1 1
4 P_1 139 139 0 0 0 1 1 1
4 P_1 140 140 0 0 0 1 1 1
4 P_1 141 141 0.5 0.5 0.5 1 1 1
4 P_1 142 142 0.362625 0.3808316430020284 0.3975165 1 1 1
4 P_1 143 143 0 0 0 1 1 1
4 P_1 144 144 0 0 0 1 1 1
4 P_1 145 145 0 0 0 1 1 1
4 P_1 146 146 0 0 0 1 1 1
4 P_1 147 147 0 0 0 1 1 1
4 P_1 148 148 0.397343 0.4140461215932914 0.428778 1 1 1
4 P_1 149 149 0 0 0 1 1 1
4 P_1 150 150 0.5 0.5 0.5 1 1 1
4 P_1 151 151 0.5 0.5 0.5 1 1 1
4 P_1 152 152 0.074418 0.0888030888030888 0.1049725 1 1 1
4 P_1 153 153 0.0755355 0.09002904162633107 0.1062985 1 1 1
4 P_1 154 154 0.3864245 0.40325765054294177 0.418356 1 1 1
4 P_1 155 155 0.5 0.5 0.5 1 1 1
4 P_1 156 156 0.377189 0.3947906026557712 0.4106965 1 1 1
4 P_1 157 157 0 0 0 1 1 1
4 P_1 158 158 0 0 0 1 1 1
4 P_1 159 159 0 0 0 1 1 1
4 P_1 160 160 0 0 0 1 1 1
4 P_1 161 161 0.5 0.5 0.5 1 1 1
4 P_1 162 162 0 0 0 1 1 1
4 P_1 163 163 0 0 0 1 1 1
4 P_1 164 164 0 0 0 1 1 1
4 P_1 165 165 0 0 0 1 1 1
4 P_1 166 166 0.378845 0.39648033126293997 0.412377 1 1 1
4 P_1 167 167 0 0 0 1 1 1
4 P_1 168 168 0.0930415 0.10923076923076923 0.1270755 1 1 1
4 P_1 169 169 0.089397 0.10531697341513292 0.1229335 1 1 1
4 P_1 170 170 0 0 0 1 1 1
4 P_1 171 171 0.5 0.5 0.5 1 1 1
4 P_1 172 172 0 0 0 1 1 1
4 P_1 173 173 0.5 0.5 0.5 1 1 1
4 P_1 174 174 0.383792 0.40137857900318136 0.4171245 1 1 1
4 P_1 175 175 0 0 0 1 1 1
4 P_1 176 176 0 0 0 1 1 1
4 P_1 177 177 0 0 0 1 1 1
4 P_1 178 178 0.3822095 0.3993055555555556 0.4147035 1 1 1
4 P_1 179 179 0 0 0 1 1 1
4 P_1 180 180 0.3900075 0.4064922480620155 0.421238 1 1 1
4 P_1 181 181 0.381921 0.3987523992322457 0.4139465 1 1 1
4 P_1 182 182 0 0 0 1 1 1
4 P_1 183 183 0 0 0 1 1 1
4 P_1 184 184 0 0 0 1 1 1
4 P_1 185 185 0.5 0.5 0.5 1 1 1
4 P_1 186 186 0 0 0 1 1 1
4 P_1 187 187 0.39447 0.41083743842364534 0.4253875 1 1 1
4 P_1 188 188 0.3831935 0.39990467111534794 0.414977 1 1 1
4 P_1 189 189 0 0 0 1 1 1
4 P_1 190 190 0 0 0 1 1 1
4 P_1 191 191 0 0 0 1 1 1
4 P_1 192 192 0 0 0 1 1 1
4 P_1 193 193 0 0 0 1 1 1
4 P_1 194 194 0 0 0 1 1 1
4 P_1 195 195 0 0 0 1 1 1
4 P_1 196 196 0 0 0 1 1 1
4 P_1 197 197 0 0 0 1 1 1
4 P_1 198 198 0.387951 0.40503080082135523 0.420286 1 1 1
4 P_1 199 199 0.0836755 0.09937238493723849 0.1168755 1 1 1
4 P_1 200 200 0.0889945 0.10468594217347957 0.122039 1 1 1
4 P_1 201 201 0.5 0.5 0.5 1 1 1
4 P_1 202 202 0.5 0.5 0.5 1 1 1
4 P_1 203 203 0 0 0 1 1 1
4 P_1 204 204 0 0 0 1 1 1
4 P_1 205 205 0 0 0 1 1 1
4 P_1 206 206 0.389064 0.4059959349593496 0.42111 1 1 1
4 P_1 207 207 0 0 0 1 1 1
4 P_1 208 208 0.3830945 0.4005181347150259 0.4161535 1 1 1
4 P_1 209 209 0.3801305 0.3968926553672316 0.4120685 1 1 1
4 P_1 210 210 0.3777455 0.39504950495049507 0.4107065 1 1 1
4 P_1 211 211 0.0857795 0.10155440414507771 0.119093 1 1 1
4 P_1 212 212 0 0 0 1 1 1
4 P_1 213 213 0.0913125 0.10736196319018405 0.125084 1 1 1
4 P_1 214 214 0 0 0 1 1 1
4 P_1 215 215 0 0 0 1 1 1
4 P_1 216 216 0.3805555 0.3983050847457627 0.4142535 1 1 1
4 P_1 217 217 0 0 0 1 1 1
4 P_1 218 218 0.5 0.5 0.5 1 1 1
4 P_1 219 219 0 0 0 1 1 1
4 P_1 220 220 0 0 0 1 1 1
4 P_1 221 221 0.0735525 0.0880039331366765 0.104282 1 1 1
4 P_1 222 222 0 0 0 1 1 1
4 P_1 223 223 0 0 0 1 1 1
4 P_1 224 224 0.379064 0.3963963963963964 0.4120485 1 1 1
4 P_1 225 225 0.3919725 0.40872210953346855 0.423626 1 1 1
4 P_1 226 226 0 0 0 1 1 1
4 P_1 227 227 0 0 0 1 1 1
4 P_1 228 228 0.069037 0.08316831683168317 0.099194 1 1 1
4 P_1 229 229 0.5 0.5 0.5 1 1 1
4 P_1 230 230 0.5 0.5 0.5 1 1 1
4 P_1 231 231 0 0 0 1 1 1
4 P_1 232 232 0 0 0 1 1 1
4 P_1 233 233 0 0 0 1 1 1
4 P_1 234 234 0 0 0 1 1 1
4 P_1 235 235 0 0 0 1 1 1
4 P_1 236 236 0 0 0 1 1 1
4 P_1 237 237 0 0 0 1 1 1
4 P_1 238 238 0 0 0 1 1 1
4 P_1 239 239 0 0 0 1 1 1
4 P_1 240 240 0 0 0 1 1 1
4 P_1 241 241 0 0 0 1 1 1
4 P_1 242 242 0 0 0 1 1 1
4 P_1 243 243 0 0 0 1 1 1
4 P_1 244 244 0 0 0 1 1 1
4 P_1 245 245 0.3917615 0.4086687306501548 0.4236985 1 1 1
4 P_1 246 246 0 0 0 1 1 1
4 P_1 247 247 0 0 0 1 1 1
4 P_1 248 248 0.3821985 0.399492385786802 0.415046 1 1 1
4 P_1 249 249 0.3825725 0.3997005988023952 0.4151155 1 1 1
4 P_1 250 250 0.3734935 0.39119433198380565 0.4072565 1 1 1
4 P_1 251 251 0.086825 0.10255102040816326 0.120002 1 1 1
4 P_1 252 252 0 0 0 1 1 1
4 P_1 253 253 0.090034 0.10613943808532779 0.123961 1 1 1
4 P_1 254 254 0.3799455 0.3971315529179031 0.412649 1 1 1
4 P_1 255 255 0.0851165 0.10082730093071354 0.1183065 1 1 1
4 P_1 256 256 0.5 0.5 0.5 1 1 1
4 P_1 257 257 0 0 0 1 1 1
4 P_1 258 258 0.385852 0.4026418786692759 0.417719 1 1 1
4 P_1 259 259 0 0 0 1 1 1
4 P_1 260 260 0 0 0 1 1 1
4 P_1 261 261 0 0 0 1 1 1
4 P_1 262 262 0.0915195 0.1073558648111332 0.1248185 1 1 1
4 P_1 263 263 0 0 0 1 1 1
4 P_1 264 264 0 0 0 1 1 1
4 P_1 265 265 0 0 0 1 1 1
4 P_1 266 266 0.3872485 0.40425531914893614 0.41947 1 1 1
4 P_1 267 267 0 0 0 1 1 1
4 P_1 268 268 0 0 0 1 1 1
4 P_1 269 269 0 0 0 1 1 1
4 P_1 270 270 0 0 0 1 1 1
4 P_1 271 271 0 0 0 1 1 1
4 P_1 272 272 0.5 0.5 0.5 1 1 1
4 P_1 273 273 0.3715765 0.38927855711422843 0.40538 1 1 1
4 P_1 274 274 0 0 0 1 1 1
4 P_1 275 275 0.5 0.5 0.5 1 1 1
4 P_1 276 276 0.3818125 0.3992768595041322 0.414973 1 1 1
4 P_1 277 277 0 0 0 1 1 1
4 P_1 278 278 0.389724 0.4070891514500537 0.42252 1 1 1
4 P_1 279 279 0 0 0 1 1 1
4 P_1 280 280 0.5 0.5 0.5 1 1 1
4 P_1 281 281 0.3653995 0.38362512873326465 0.400273 1 1 1
4 P_1 282 282 0.3757015 0.39348500517063084 0.409567 1 1 1
4 P_1 283 283 0.0827375 0.09784735812133072 0.1146645 1 1 1
4 P_1 284 284 0 0 0 1 1 1
4 P_1 285 285 0 0 0 1 1 1
4 P_1 286 286 0.3832565 0.40061791967044286 0.416201 1 1 1
4 P_1 287 287 0 0 0 1 1 1
4 P_1 288 288 0.0952765 0.11116504854368932 0.1285995 1 1 1
4 P_1 289 289 0.388805 0.40556660039761433 0.4205545 1 1 1
4 P_1 290 290 0 0 0 1 1 1
4 P_1 291 291 0 0 0 1 1 1
4 P_1 292 292 0 0 0 1 1 1
4 P_1 293 293 0 0 0 1 1 1
4 P_1 294 294 0 0 0 1 1 1
4 P_1 295 295 0 0 0 1 1 1
4 P_1 296 296 0.5 0.5 0.5 1 1 1
4 P_1 297 297 0 0 0 1 1 1
4 P_1 298 298 0 0 0 1 1 1
4 P_1 299 299 0 0 0 1 1 1
4 P_1 300 300 0.384 0.4011044176706827 0.4164695 1 1 1
4 P_1 301 301 0.5 0.5 0.5 1 1 1
4 P_1 302 302 0 0 0 1 1 1
4 P_1 303 303 0.5 0.5 0.5 1 1 1
4 P_1 304 304 0 0 0 1 1 1
4 P_1 305 305 0 0 0 1 1 1
4 P_1 306 306 0 0 0 1 1 1
4 P_1 307 307 0.378369 0.39545014520813165 0.4109165 1 1 1
4 P_1 308 308 0 0 0 1 1 1
4 P_1 309 309 0 0 0 1 1 1
4 P_1 310 310 0 0 0 1 1 1
4 P_1 311 311 0 0 0 1 1 1
4 P_1 312 312 0.3812 0.39815712900096994 0.413466 1 1 1
4 P_1 313 313 0 0 0 1 1 1
4 P_1 314 314 0.0848725 0.1 0.1167815 1 1 1
4 P_1 315 315 0 0 0 1 1 1
4 P_1 316 316 0 0 0 1 1 1
4 P_1 317 317 0 0 0 1 1 1
4 P_1 318 318 0 0 0 1 1 1
4 P_1 319 319 0 0 0 1 1 1
4 P_1 320 320 0.3766 0.3948521358159912 0.411286 1 1 1
4 P_1 321 321 0 0 0 1 1 1
4 P_1 322 322 0.3761205 0.39389233954451347 0.409956 1 1 1
4 P_1 323 323 0.380235 0.3975 0.4130735 1 1 1
4 P_1 324 324 0.0922755 0.10851505711318796 0.126439 1 1 1
4 P_1 325 325 0 0 0 1 1 1
4 P_1 326 326 0 0 0 1 1 1
4 P_1 327 327 0 0 0 1 1 1
4 P_1 328 328 0 0 0 1 1 1
4 P_1 329 329 0.5 0.5 0.5 1 1 1
4 P_1 330 330 0 0 0 1 1 1
4 P_1 331 331 0 0 0 1 1 1
4 P_1 332 332 0.3689395 0.38672654690618763 0.402949 1 1 1
4 P_1 333 333 0.3780405 0.39553752535496955 0.411342 1 1 1
4 P_1 334 334 0 0 0 1 1 1
4 P_1 335 335 0 0 0 1 1 1
4 P_1 336 336 0 0 0 1 1 1
4 P_1 337 337 0.0943755 0.11060142711518858 0.1284565 1 1 1
4 P_1 338 338 0 0 0 1 1 1
4 P_1 339 339 0.363313 0.3809980806142035 0.397241 1 1 1
4 P_1 340 340 0 0 0 1 1 1
4 P_1 341 341 0 0 0 1 1 1
4 P_1 342 342 0 0 0 1 1 1
4 P_1 343 343 0.0881575 0.10359922178988328 0.1206745 1 1 1
4 P_1 344 344 0 0 0 1 1 1
4 P_1 345 345 0.0837525 0.0992835209825998 0.1165835 1 1 1
4 P_1 346 346 0.369084 0.38653846153846155 0.4024875 1 1 1
4 P_1 347 347 0 0 0 1 1 1
4 P_1 348 348 0 0 0 1 1 1
4 P_1 349 349 0 0 0 1 1 1
4 P_1 350 350 0.383066 0.4004106776180698 0.415985 1 1 1
4 P_1 351 351 0.5 0.5 0.5 1 1 1
4 P_1 352 352 0.089918 0.10571142284569138 0.123163 1 1 1
4 P_1 353 353 0 0 0 1 1 1
4 P_1 354 354 0.383616 0.4008097165991903 0.416253 1 1 1
4 P_1 355 355 0.07932 0.09455292908530319 0.1116175 1 1 1
4 P_1 356 356 0 0 0 1 1 1
4 P_1 357 357 0.396836 0.41300097751710657 0.4273385 1 1 1
4 P_1 358 358 0.076138 0.0910010111223458 0.107707 1 1 1
4 P_1 359 359 0 0 0 1 1 1
4 P_1 360 360 0 0 0 1 1 1
4 P_1 361 361 0 0 0 1 1 1
4 P_1 362 362 0.3754235 0.39285714285714285 0.4086655 1 1 1
4 P_1 363 363 0.3845235 0.4013671875 0.4165155 1 1 1
4 P_1 364 364 0 0 0 1 1 1
4 P_1 365 365 0.0748655 0.08928571428571429 0.105485 1 1 1
4 P_1 366 366 0.0713425 0.08629989212513485 0.1032815 1 1 1
4 P_1 367 367 0 0 0 1 1 1
4 P_1 368 368 0 0 0 1 1 1
4 P_1 369 369 0.5 0.5 0.5 1 1 1
4 P_1 370 370 0 0 0 1 1 1
4 P_1 371 371 0 0 0 1 1 1
4 P_1 372 372 0 0 0 1 1 1
4 P_1 373 373 0 0 0 1 1 1
4 P_1 374 374 0 0 0 1 1 1
4 P_1 375 375 0.3783515 0.3955078125 0.4110345 1 1 1
4 P_1 376 376 0.3755485 0.39285714285714285 0.4085625 1 1 1
4 P_1 377 377 0.381093 0.39864864864864863 0.414433 1 1 1
4 P_1 378 378 0 0 0 1 1 1
4 P_1 379 379 0 0 0 1 1 1
4 P_1 380 380 0.3805355 0.3979591836734694 0.413652 1 1 1
4 P_1 381 381 0 0 0 1 1 1
4 P_1 382 382 0 0 0 1 1 1
4 P_1 383 383 0 0 0 1 1 1
4 P_1 384 384 0 0 0 1 1 1
4 P_1 385 385 0 0 0 1 1 1
4 P_1 386 386 0 0 0 1 1 1
4 P_1 387 387 0.078857 0.09345351043643264 0.1097535 1 1 1
4 P_1 388 388 0.079546 0.0945945945945946 0.111427 1 1 1
4 P_1 389 389 0 0 0 1 1 1
4 P_1 390 390 0.0838175 0.09901960784313725 0.115919 1 1 1
4 P_1 391 391 0 0 0 1 1 1
4 P_1 392 392 0 0 0 1 1 1
4 P_1 393 393 0.381699 0.39855769230769234 0.4137785 1 1 1
4 P_1 394 394 0.3852525 0.40231621349446123 0.417621 1 1 1
4 P_1 395 395 0.0813475 0.09643916913946587 0.1132725 1 1 1
4 P_1 396 396 0 0 0 1 1 1
4 P_1 397 397 0 0 0 1 1 1
4 P_1 398 398 0 0 0 1 1 1
4 P_1 399 399 0.5 0.5 0.5 1 1 1
4 P_1 400 400 0 0 0 1 1 1
4 P_1 401 401 0.375118 0.3924050632911392 0.408102 1 1 1
4 P_1 402 402 0.0905945 0.10633036597428289 0.123696 1 1 1
4 P_1 403 403 0.08176 0.09713701431492842 0.114306 1 1 1
4 P_1 404 404 0 0 0 1 1 1
4 P_1 405 405 0 0 0 1 1 1
4 P_1 406 406 0.5 0.5 0.5 1 1 1
4 P_1 407 407 0 0 0 1 1 1
4 P_1 408 408 0.5 0.5 0.5 1 1 1
4 P_1 409 409 0 0 0 1 1 1
4 P_1 410 410 0.3715765 0.38927855711422843 0.40538 1 1 1
4 P_1 411 411 0.394197 0.41103017689906346 0.4259425 1 1 1
4 P_1 412 412 0 0 0 1 1 1
4 P_1 413 413 0.088293 0.10404040404040404 0.1214785 1 1 1
4 P_1 414 414 0.3732585 0.390549662487946 0.406286 1 1 1
4 P_1 415 415 0.0924615 0.10856269113149847 0.126317 1 1 1
4 P_1 416 416 0 0 0 1 1 1
4 P_1 417 417 0 0 0 1 1 1
4 P_1 418 418 0 0 0 1 1 1
4 P_1 419 419 0 0 0 1 1 1
4 P_1 420 420 0 0 0 1 1 1
