5 #m
9 #n
0 P_8 0 0 0.5 0.5 0.5 1 1 1
0 P_8 1 1 0.0649055 0.06925 0.0738025 1 1 1
0 P_8 2 2 0 0 0 1 1 1
0 P_8 3 3 0 0 0 1 1 1
0 P_8 4 4 0 0 0 1 1 1
0 P_8 5 5 0.3675775 0.37325 0.3787805 1 1 1
0 P_8 6 6 0 0 0 1 1 1
0 P_8 7 7 0 0 0 1 1 1
0 P_8 8 8 0 0 0 1 1 1
1 P_4 0 0 0.5 0.5 0.5 1 1 1
1 P_4 1 1 0.1987425 0.20505 0.211409 1 1 1
1 P_4 2 2 0.105925 0.1112 0.116635 1 1 1
1 P_4 3 3 0.105925 0.1112 0.116635 1 1 1
1 P_4 4 4 0 0 0 1 1 1
1 P_4 5 5 0.105925 0.1112 0.116635 1 1 1
1 P_4 6 6 0 0 0 1 1 1
1 P_4 7 7 0.0529695 0.05695 0.061153 1 1 1
1 P_4 8 8 0.0529695 0.05695 0.061153 1 1 1
2 P_6 0 0 0.5 0.5 0.5 1 1 1
2 P_6 1 1 0.202374 0.2087 0.2150735 1 1 1
2 P_6 2 2 0 0 0 1 1 1
2 P_6 3 3 0 0 0 1 1 1
2 P_6 4 4 0 0 0 1 1 1
2 P_6 5 5 0.0898415 0.0948 0.099937 1 1 1
2 P_6 6 6 0 0 0 1 1 1
2 P_6 7 7 0 0 0 1 1 1
2 P_6 8 8 0 0 0 1 1 1
3 P_0 0 0 0.5 0.5 0.5 1 1 1
3 P_0 1 1 0 0 0 1 1 1
3 P_0 2 2 0 0 0 1 1 1
3 P_0 3 3 0 0 0 1 1 1
3 P_0 4 4 0.4051645 0.4102 0.415051 1 1 1
3 P_0 5 5 0.4051645 0.4102 0.415051 1 1 1
3 P_0 6 6 0.4051645 0.4102 0.415051 1 1 1
3 P_0 7 7 0 0 0 1 1 1
3 P_0 8 8 0 0 0 1 1 1
4 P_2 0 0 0.5 0.5 0.5 1 1 1
4 P_2 1 1 0.101801 0.107 0.1123635 1 1 1
4 P_2 2 2 0 0 0 1 1 1
4 P_2 3 3 0 0 0 1 1 1
4 P_2 4 4 0 0 0 1 1 1
4 P_2 5 5 0.0753765 0.08 0.084819 1 1 1
4 P_2 6 6 0 0 0 1 1 1
4 P_2 7 7 0 0 0 1 1 1
4 P_2 8 8 0 0 0 1 1 1
