"direct path" "indirect path" "no path"
"1" 0.666666666666667 0.818181818181818 0.925925925925926
"2" 0.666666666666667 0.818181818181818 0.851851851851852
"3" 0.666666666666667 0.818181818181818 0.851851851851852
"4" 0.5 0.818181818181818 0.703703703703704
"5" 0.5 0.818181818181818 0.851851851851852
"6" 0.833333333333333 0.818181818181818 0.925925925925926
"7" 0.666666666666667 0.818181818181818 0.851851851851852
"8" 0.833333333333333 0.909090909090909 0.925925925925926
"9" 0.833333333333333 0.909090909090909 1
"10" 1 1 1
"11" 0.666666666666667 0.909090909090909 0.925925925925926
"12" 0.666666666666667 1 0.851851851851852
"13" 0.666666666666667 0.909090909090909 0.851851851851852
"14" 0.666666666666667 0.909090909090909 0.851851851851852
"15" 0.833333333333333 1 0.925925925925926
"16" 0.666666666666667 0.909090909090909 0.777777777777778
"17" 0.666666666666667 0.909090909090909 0.777777777777778
"18" 0.666666666666667 0.909090909090909 0.851851851851852
"19" 0.666666666666667 0.909090909090909 0.851851851851852
"20" 0.666666666666667 0.909090909090909 0.703703703703704
"21" 0.833333333333333 1 0.851851851851852
"22" 0.666666666666667 1 0.777777777777778
"23" 0.833333333333333 1 0.851851851851852
"24" 0.5 0.909090909090909 0.851851851851852
"25" 0.5 0.909090909090909 0.703703703703704
"26" 0.5 0.909090909090909 0.777777777777778
"27" 0.5 1 0.777777777777778
"28" 0.5 1 0.555555555555556
"29" 0.5 1 0.62962962962963
