"direct path" "indirect path" "no path"
"1" 0.428571428571429 0.769230769230769 0.842105263157895
"2" 0.428571428571429 0.769230769230769 0.894736842105263
"3" 0.428571428571429 0.769230769230769 0.789473684210526
"4" 0.428571428571429 0.769230769230769 0.894736842105263
"5" 0.285714285714286 0.769230769230769 0.736842105263158
"6" 0.428571428571429 0.769230769230769 0.842105263157895
"7" 0.285714285714286 0.769230769230769 0.684210526315789
"8" 0.285714285714286 0.769230769230769 0.789473684210526
"9" 0.285714285714286 0.769230769230769 0.684210526315789
"10" 0.285714285714286 0.769230769230769 0.684210526315789
"11" 0.428571428571429 0.769230769230769 0.789473684210526
"12" 0.285714285714286 0.769230769230769 0.736842105263158
"13" 0.285714285714286 0.769230769230769 0.631578947368421
"14" 0.285714285714286 0.769230769230769 0.578947368421053
"15" 0.571428571428571 0.769230769230769 0.842105263157895
"16" 0.571428571428571 0.769230769230769 0.789473684210526
"17" 0.571428571428571 0.769230769230769 0.842105263157895
"18" 0.571428571428571 0.769230769230769 0.894736842105263
"19" 0.714285714285714 0.846153846153846 0.842105263157895
"20" 0.714285714285714 0.846153846153846 0.894736842105263
"21" 0.714285714285714 0.846153846153846 0.947368421052632
"22" 0.714285714285714 0.846153846153846 0.894736842105263
"23" 0.428571428571429 0.846153846153846 0.842105263157895
"24" 0.428571428571429 0.846153846153846 0.842105263157895
"25" 0.428571428571429 0.846153846153846 0.736842105263158
"26" 0.428571428571429 0.846153846153846 0.684210526315789
"27" 0.285714285714286 0.846153846153846 0.736842105263158
"28" 0.285714285714286 0.846153846153846 0.684210526315789
"29" 0.285714285714286 0.846153846153846 0.789473684210526
"30" 0.285714285714286 0.846153846153846 0.631578947368421
"31" 0.428571428571429 0.846153846153846 0.842105263157895
"32" 0.571428571428571 0.846153846153846 0.736842105263158
"33" 0.571428571428571 0.846153846153846 0.789473684210526
"34" 0.571428571428571 0.846153846153846 0.789473684210526
"35" 0.714285714285714 0.846153846153846 0.894736842105263
"36" 0.571428571428571 0.846153846153846 0.736842105263158
"37" 0.571428571428571 0.846153846153846 0.736842105263158
"38" 0.428571428571429 0.769230769230769 0.736842105263158
"39" 0.428571428571429 0.769230769230769 0.684210526315789
"40" 0.571428571428571 0.846153846153846 0.736842105263158
"41" 0.571428571428571 0.846153846153846 0.684210526315789
"42" 0.571428571428571 0.846153846153846 0.631578947368421
"43" 0.714285714285714 0.846153846153846 0.842105263157895
"44" 0.571428571428571 0.846153846153846 0.736842105263158
"45" 0.714285714285714 0.846153846153846 0.894736842105263
"46" 0.571428571428571 0.846153846153846 0.789473684210526
"47" 0.571428571428571 0.846153846153846 0.736842105263158
"48" 0.571428571428571 0.769230769230769 0.842105263157895
"49" 0.571428571428571 0.769230769230769 0.789473684210526
"50" 0.428571428571429 0.769230769230769 0.631578947368421
"51" 0.428571428571429 0.769230769230769 0.684210526315789
"52" 0.428571428571429 0.769230769230769 0.578947368421053
"53" 0.428571428571429 0.769230769230769 0.736842105263158
"54" 0.428571428571429 0.769230769230769 0.684210526315789
"55" 0.428571428571429 0.769230769230769 0.684210526315789
"56" 0.285714285714286 0.846153846153846 0.526315789473684
"57" 0.428571428571429 0.846153846153846 0.684210526315789
"58" 0.285714285714286 0.846153846153846 0.631578947368421
"59" 0.285714285714286 0.846153846153846 0.473684210526316
"60" 0.285714285714286 0.846153846153846 0.421052631578947
"61" 0.571428571428571 0.846153846153846 0.947368421052632
"62" 0.428571428571429 0.846153846153846 0.842105263157895
"63" 0.428571428571429 0.846153846153846 0.789473684210526
"64" 0.571428571428571 0.769230769230769 0.894736842105263
"65" 0.571428571428571 0.846153846153846 0.894736842105263
"66" 0.571428571428571 0.769230769230769 0.894736842105263
"67" 0.714285714285714 0.923076923076923 0.894736842105263
"68" 0.428571428571429 0.769230769230769 0.789473684210526
"69" 0.428571428571429 0.769230769230769 0.736842105263158
"70" 0.428571428571429 0.846153846153846 0.789473684210526
"71" 0.428571428571429 0.846153846153846 0.736842105263158
"72" 0.571428571428571 0.923076923076923 0.789473684210526
"73" 0.428571428571429 0.846153846153846 0.736842105263158
"74" 0.571428571428571 0.923076923076923 0.736842105263158
"75" 0.428571428571429 0.923076923076923 0.684210526315789
"76" 0.571428571428571 0.923076923076923 0.894736842105263
"77" 0.428571428571429 0.923076923076923 0.842105263157895
"78" 0.428571428571429 0.923076923076923 0.684210526315789
"79" 0.857142857142857 0.846153846153846 0.947368421052632
"80" 0.714285714285714 0.769230769230769 0.894736842105263
"81" 0.571428571428571 0.846153846153846 0.842105263157895
"82" 0.714285714285714 0.846153846153846 0.842105263157895
"83" 0.714285714285714 0.846153846153846 0.842105263157895
"84" 0.714285714285714 0.846153846153846 0.789473684210526
"85" 0.571428571428571 0.769230769230769 0.789473684210526
"86" 0.571428571428571 0.769230769230769 0.736842105263158
"87" 0.428571428571429 0.846153846153846 0.789473684210526
"88" 0.428571428571429 0.846153846153846 0.631578947368421
"89" 0.428571428571429 0.923076923076923 0.789473684210526
"90" 0.571428571428571 1 0.789473684210526
"91" 0.428571428571429 1 0.736842105263158
"92" 0.714285714285714 0.923076923076923 0.789473684210526
"93" 0.857142857142857 0.923076923076923 0.947368421052632
"94" 0.714285714285714 0.923076923076923 0.842105263157895
"95" 0.571428571428571 0.923076923076923 0.684210526315789
"96" 0.571428571428571 0.923076923076923 0.736842105263158
"97" 0.571428571428571 0.846153846153846 0.736842105263158
"98" 0.571428571428571 0.923076923076923 0.789473684210526
"99" 0.571428571428571 0.846153846153846 0.736842105263158
"100" 0.571428571428571 0.846153846153846 0.789473684210526
"101" 0.714285714285714 0.769230769230769 0.894736842105263
"102" 0.714285714285714 0.923076923076923 0.894736842105263
"103" 0.714285714285714 0.846153846153846 0.894736842105263
"104" 0.714285714285714 0.923076923076923 0.842105263157895
"105" 0.857142857142857 0.923076923076923 0.947368421052632
"106" 0.714285714285714 0.923076923076923 0.789473684210526
"107" 0.857142857142857 1 0.894736842105263
"108" 1 1 1
"109" 0.857142857142857 1 0.894736842105263
"110" 0.857142857142857 1 0.842105263157895
"111" 0.714285714285714 0.923076923076923 0.789473684210526
"112" 0.714285714285714 0.923076923076923 0.789473684210526
"113" 0.714285714285714 1 0.842105263157895
"114" 0.714285714285714 0.923076923076923 0.789473684210526
"115" 0.857142857142857 0.846153846153846 0.947368421052632
"116" 0.857142857142857 0.923076923076923 0.894736842105263
"117" 0.714285714285714 0.923076923076923 0.736842105263158
"118" 0.714285714285714 0.923076923076923 0.684210526315789
"119" 0.571428571428571 0.846153846153846 0.842105263157895
"120" 0.571428571428571 1 0.789473684210526
"121" 0.714285714285714 1 0.842105263157895
"122" 0.571428571428571 1 0.631578947368421
"123" 0.428571428571429 1 0.578947368421053
"124" 0.428571428571429 1 0.526315789473684
"125" 0.428571428571429 0.769230769230769 0.789473684210526
"126" 0.428571428571429 0.769230769230769 0.842105263157895
"127" 0.428571428571429 0.769230769230769 0.736842105263158
"128" 0.428571428571429 0.846153846153846 0.789473684210526
"129" 0.571428571428571 0.769230769230769 0.789473684210526
"130" 0.714285714285714 0.846153846153846 0.842105263157895
"131" 0.571428571428571 0.769230769230769 0.736842105263158
"132" 0.571428571428571 0.769230769230769 0.789473684210526
"133" 0.714285714285714 0.846153846153846 0.842105263157895
"134" 0.714285714285714 0.846153846153846 0.789473684210526
"135" 0.428571428571429 0.846153846153846 0.684210526315789
"136" 0.428571428571429 0.846153846153846 0.631578947368421
"137" 0.428571428571429 0.923076923076923 0.842105263157895
"138" 0.428571428571429 0.846153846153846 0.894736842105263
"139" 0.428571428571429 0.923076923076923 0.842105263157895
"140" 0.428571428571429 0.846153846153846 0.842105263157895
"141" 0.428571428571429 0.846153846153846 0.789473684210526
"142" 0.428571428571429 0.923076923076923 0.736842105263158
"143" 0.428571428571429 0.923076923076923 0.684210526315789
"144" 0.714285714285714 0.923076923076923 0.894736842105263
"145" 0.857142857142857 1 0.947368421052632
"146" 0.571428571428571 0.923076923076923 0.842105263157895
"147" 0.571428571428571 0.769230769230769 0.789473684210526
"148" 0.571428571428571 0.846153846153846 0.842105263157895
"149" 0.714285714285714 0.846153846153846 0.842105263157895
"150" 0.714285714285714 0.923076923076923 0.894736842105263
"151" 0.714285714285714 0.923076923076923 0.842105263157895
"152" 0.428571428571429 0.769230769230769 0.789473684210526
"153" 0.428571428571429 0.846153846153846 0.736842105263158
"154" 0.571428571428571 1 0.789473684210526
"155" 0.428571428571429 1 0.736842105263158
"156" 0.428571428571429 0.846153846153846 0.842105263157895
"157" 0.571428571428571 0.923076923076923 0.842105263157895
"158" 0.857142857142857 1 0.894736842105263
"159" 0.714285714285714 0.923076923076923 0.842105263157895
"160" 0.571428571428571 0.846153846153846 0.789473684210526
"161" 0.714285714285714 1 0.842105263157895
"162" 0.571428571428571 0.923076923076923 0.789473684210526
"163" 0.571428571428571 0.923076923076923 0.789473684210526
"164" 0.714285714285714 0.923076923076923 0.789473684210526
"165" 0.714285714285714 0.923076923076923 0.789473684210526
"166" 0.571428571428571 0.846153846153846 0.736842105263158
"167" 0.714285714285714 0.923076923076923 0.842105263157895
"168" 0.571428571428571 0.846153846153846 0.789473684210526
"169" 0.571428571428571 0.923076923076923 0.789473684210526
"170" 0.857142857142857 1 0.894736842105263
"171" 0.714285714285714 0.923076923076923 0.842105263157895
"172" 0.714285714285714 0.923076923076923 0.789473684210526
"173" 0.571428571428571 0.846153846153846 0.736842105263158
"174" 0.714285714285714 0.923076923076923 0.789473684210526
"175" 0.571428571428571 0.923076923076923 0.684210526315789
"176" 0.571428571428571 0.923076923076923 0.736842105263158
"177" 0.714285714285714 0.923076923076923 0.736842105263158
"178" 0.714285714285714 0.923076923076923 0.789473684210526
"179" 0.714285714285714 0.923076923076923 0.684210526315789
"180" 0.857142857142857 1 0.842105263157895
"181" 0.428571428571429 0.846153846153846 0.842105263157895
"182" 0.428571428571429 0.923076923076923 0.789473684210526
"183" 0.571428571428571 1 0.789473684210526
"184" 0.428571428571429 1 0.736842105263158
"185" 0.571428571428571 0.923076923076923 0.842105263157895
"186" 0.428571428571429 0.846153846153846 0.842105263157895
"187" 0.428571428571429 0.846153846153846 0.789473684210526
"188" 0.428571428571429 0.846153846153846 0.736842105263158
"189" 0.571428571428571 0.923076923076923 0.789473684210526
"190" 0.571428571428571 0.923076923076923 0.736842105263158
"191" 0.428571428571429 0.846153846153846 0.736842105263158
"192" 0.428571428571429 0.923076923076923 0.684210526315789
"193" 0.571428571428571 1 0.631578947368421
"194" 0.428571428571429 1 0.631578947368421
"195" 0.428571428571429 1 0.631578947368421
"196" 0.428571428571429 1 0.578947368421053
"197" 0.428571428571429 1 0.526315789473684
"198" 0.428571428571429 0.923076923076923 0.684210526315789
"199" 0.285714285714286 0.846153846153846 0.684210526315789
"200" 0.285714285714286 0.923076923076923 0.631578947368421
"201" 0.285714285714286 0.846153846153846 0.684210526315789
"202" 0.428571428571429 1 0.736842105263158
"203" 0.285714285714286 0.923076923076923 0.789473684210526
"204" 0.285714285714286 1 0.684210526315789
"205" 0.285714285714286 0.923076923076923 0.736842105263158
"206" 0.285714285714286 0.923076923076923 0.736842105263158
"207" 0.428571428571429 0.923076923076923 0.736842105263158
"208" 0.428571428571429 1 0.578947368421053
"209" 0.285714285714286 0.846153846153846 0.736842105263158
"210" 0.285714285714286 0.846153846153846 0.684210526315789
"211" 0.285714285714286 0.846153846153846 0.736842105263158
"212" 0.285714285714286 0.923076923076923 0.578947368421053
"213" 0.285714285714286 1 0.473684210526316
"214" 0.285714285714286 1 0.526315789473684
"215" 0.285714285714286 0.923076923076923 0.631578947368421
"216" 0.285714285714286 0.846153846153846 0.684210526315789
"217" 0.285714285714286 0.846153846153846 0.684210526315789
"218" 0.285714285714286 0.846153846153846 0.736842105263158
"219" 0.285714285714286 0.846153846153846 0.684210526315789
"220" 0.285714285714286 0.846153846153846 0.578947368421053
"221" 0.285714285714286 0.846153846153846 0.631578947368421
"222" 0.285714285714286 0.923076923076923 0.684210526315789
"223" 0.285714285714286 0.923076923076923 0.526315789473684
"224" 0.285714285714286 0.923076923076923 0.736842105263158
"225" 0.285714285714286 0.923076923076923 0.631578947368421
"226" 0.285714285714286 0.923076923076923 0.473684210526316
"227" 0.285714285714286 0.923076923076923 0.421052631578947
"228" 0.428571428571429 1 0.684210526315789
"229" 0.285714285714286 0.923076923076923 0.631578947368421
"230" 0.285714285714286 1 0.631578947368421
"231" 0.285714285714286 0.923076923076923 0.578947368421053
"232" 0.285714285714286 0.923076923076923 0.631578947368421
"233" 0.428571428571429 1 0.578947368421053
"234" 0.285714285714286 1 0.526315789473684
"235" 0.285714285714286 1 0.473684210526316
"236" 0.285714285714286 1 0.578947368421053
"237" 0.285714285714286 1 0.578947368421053
"238" 0.571428571428571 0.923076923076923 0.684210526315789
"239" 0.714285714285714 1 0.736842105263158
"240" 0.428571428571429 0.846153846153846 0.631578947368421
"241" 0.428571428571429 0.846153846153846 0.526315789473684
"242" 0.428571428571429 0.923076923076923 0.631578947368421
"243" 0.571428571428571 0.923076923076923 0.578947368421053
"244" 0.571428571428571 0.923076923076923 0.631578947368421
"245" 0.571428571428571 0.923076923076923 0.684210526315789
"246" 0.571428571428571 0.923076923076923 0.736842105263158
"247" 0.714285714285714 1 0.736842105263158
"248" 0.714285714285714 1 0.789473684210526
"249" 0.428571428571429 0.846153846153846 0.684210526315789
"250" 0.428571428571429 0.846153846153846 0.684210526315789
"251" 0.428571428571429 0.846153846153846 0.631578947368421
"252" 0.428571428571429 0.923076923076923 0.684210526315789
"253" 0.428571428571429 0.923076923076923 0.684210526315789
"254" 0.428571428571429 0.846153846153846 0.631578947368421
"255" 0.571428571428571 0.923076923076923 0.684210526315789
"256" 0.571428571428571 0.923076923076923 0.684210526315789
"257" 0.571428571428571 1 0.736842105263158
"258" 0.428571428571429 0.846153846153846 0.631578947368421
"259" 0.428571428571429 0.846153846153846 0.631578947368421
"260" 0.428571428571429 0.923076923076923 0.684210526315789
"261" 0.428571428571429 0.846153846153846 0.578947368421053
"262" 0.571428571428571 0.923076923076923 0.631578947368421
"263" 0.571428571428571 0.923076923076923 0.578947368421053
"264" 0.571428571428571 0.923076923076923 0.631578947368421
"265" 0.428571428571429 0.923076923076923 0.631578947368421
"266" 0.428571428571429 0.923076923076923 0.578947368421053
"267" 0.571428571428571 1 0.736842105263158
"268" 0.714285714285714 1 0.789473684210526
"269" 0.571428571428571 0.923076923076923 0.736842105263158
"270" 0.571428571428571 0.923076923076923 0.684210526315789
"271" 0.571428571428571 0.923076923076923 0.684210526315789
"272" 0.571428571428571 0.923076923076923 0.631578947368421
"273" 0.714285714285714 1 0.736842105263158
"274" 0.571428571428571 0.923076923076923 0.684210526315789
"275" 0.571428571428571 0.923076923076923 0.631578947368421
"276" 0.571428571428571 0.923076923076923 0.578947368421053
"277" 0.571428571428571 0.923076923076923 0.684210526315789
"278" 0.428571428571429 0.846153846153846 0.631578947368421
"279" 0.428571428571429 0.846153846153846 0.578947368421053
"280" 0.428571428571429 0.923076923076923 0.631578947368421
"281" 0.428571428571429 0.923076923076923 0.578947368421053
"282" 0.571428571428571 0.923076923076923 0.578947368421053
"283" 0.571428571428571 0.923076923076923 0.421052631578947
"284" 0.714285714285714 1 0.631578947368421
"285" 0.571428571428571 0.923076923076923 0.526315789473684
"286" 0.571428571428571 0.923076923076923 0.578947368421053
"287" 0.571428571428571 0.923076923076923 0.631578947368421
"288" 0.714285714285714 1 0.736842105263158
"289" 0.571428571428571 0.923076923076923 0.578947368421053
"290" 0.571428571428571 0.923076923076923 0.684210526315789
"291" 0.571428571428571 1 0.684210526315789
"292" 0.714285714285714 1 0.684210526315789
"293" 0.571428571428571 0.923076923076923 0.631578947368421
"294" 0.571428571428571 0.923076923076923 0.526315789473684
"295" 0.571428571428571 0.923076923076923 0.526315789473684
"296" 0.571428571428571 0.923076923076923 0.684210526315789
"297" 0.571428571428571 0.923076923076923 0.631578947368421
"298" 0.571428571428571 0.923076923076923 0.631578947368421
"299" 0.714285714285714 1 0.736842105263158
"300" 0.571428571428571 0.923076923076923 0.684210526315789
"301" 0.571428571428571 0.923076923076923 0.578947368421053
"302" 0.571428571428571 1 0.684210526315789
"303" 0.571428571428571 0.923076923076923 0.736842105263158
"304" 0.571428571428571 0.923076923076923 0.684210526315789
"305" 0.571428571428571 1 0.631578947368421
"306" 0.714285714285714 1 0.736842105263158
"307" 0.571428571428571 1 0.736842105263158
"308" 0.714285714285714 1 0.789473684210526
"309" 0.571428571428571 1 0.736842105263158
"310" 0.571428571428571 0.923076923076923 0.578947368421053
"311" 0.571428571428571 0.923076923076923 0.631578947368421
"312" 0.428571428571429 0.846153846153846 0.631578947368421
"313" 0.428571428571429 0.923076923076923 0.631578947368421
"314" 0.428571428571429 0.923076923076923 0.578947368421053
"315" 0.428571428571429 0.923076923076923 0.631578947368421
"316" 0.428571428571429 0.846153846153846 0.526315789473684
"317" 0.428571428571429 0.846153846153846 0.578947368421053
"318" 0.428571428571429 0.923076923076923 0.578947368421053
"319" 0.428571428571429 0.923076923076923 0.526315789473684
"320" 0.428571428571429 0.923076923076923 0.526315789473684
"321" 0.428571428571429 0.923076923076923 0.526315789473684
"322" 0.428571428571429 0.923076923076923 0.421052631578947
"323" 0.285714285714286 0.846153846153846 0.578947368421053
"324" 0.428571428571429 0.923076923076923 0.631578947368421
"325" 0.285714285714286 0.846153846153846 0.631578947368421
"326" 0.285714285714286 0.923076923076923 0.578947368421053
"327" 0.285714285714286 0.923076923076923 0.526315789473684
"328" 0.428571428571429 0.923076923076923 0.578947368421053
"329" 0.428571428571429 0.923076923076923 0.526315789473684
"330" 0.285714285714286 0.846153846153846 0.526315789473684
"331" 0.285714285714286 0.923076923076923 0.421052631578947
"332" 0.285714285714286 0.846153846153846 0.578947368421053
"333" 0.285714285714286 0.923076923076923 0.526315789473684
"334" 0.285714285714286 0.846153846153846 0.578947368421053
"335" 0.285714285714286 0.846153846153846 0.631578947368421
"336" 0.285714285714286 0.846153846153846 0.631578947368421
"337" 0.285714285714286 0.846153846153846 0.631578947368421
"338" 0.285714285714286 0.846153846153846 0.684210526315789
"339" 0.428571428571429 0.923076923076923 0.631578947368421
"340" 0.428571428571429 0.923076923076923 0.684210526315789
"341" 0.428571428571429 0.923076923076923 0.631578947368421
"342" 0.285714285714286 0.846153846153846 0.631578947368421
"343" 0.285714285714286 0.846153846153846 0.526315789473684
"344" 0.285714285714286 0.923076923076923 0.578947368421053
"345" 0.428571428571429 1 0.421052631578947
"346" 0.428571428571429 1 0.368421052631579
"347" 0.285714285714286 1 0.421052631578947
"348" 0.285714285714286 1 0.421052631578947
"349" 0.285714285714286 1 0.368421052631579
"350" 0.285714285714286 1 0.315789473684211
"351" 0.285714285714286 1 0.315789473684211
"352" 0.285714285714286 1 0.368421052631579
"353" 0.285714285714286 1 0.315789473684211
"354" 0.285714285714286 1 0.210526315789474
