"direct path" "indirect path" "no path"
"1" 0.5 0.8 0.866666666666667
"2" 0.75 0.8 1
"3" 0.5 0.8 0.866666666666667
"4" 0.5 0.8 0.866666666666667
"5" 0.25 0.8 0.6
"6" 0.25 0.8 0.733333333333333
"7" 0.75 0.8 0.866666666666667
"8" 0.5 0.8 0.733333333333333
"9" 0.75 0.8 0.866666666666667
"10" 1 1 1
"11" 0.5 1 0.733333333333333
"12" 0.75 1 0.866666666666667
"13" 0.5 0.8 0.6
"14" 0.75 1 0.866666666666667
"15" 0.75 1 0.866666666666667
"16" 0.5 0.8 0.733333333333333
"17" 0.5 1 0.733333333333333
"18" 0.5 1 0.6
"19" 0.25 1 0.6
"20" 0.25 1 0.6
"21" 0.25 1 0.333333333333333
