"direct path" "indirect path" "no path"
"1" 0.833333333333333 1 0.945945945945946
"2" 1 1 1
"3" 0.833333333333333 1 0.945945945945946
"4" 0.833333333333333 1 0.945945945945946
"5" 0.666666666666667 1 0.837837837837838
"6" 0.666666666666667 1 0.891891891891892
"7" 0.833333333333333 1 0.945945945945946
"8" 0.666666666666667 1 0.891891891891892
"9" 0.666666666666667 1 0.837837837837838
"10" 0.666666666666667 1 0.891891891891892
"11" 0.833333333333333 1 0.945945945945946
"12" 0.833333333333333 1 0.945945945945946
"13" 0.666666666666667 1 0.837837837837838
"14" 0.666666666666667 1 0.891891891891892
"15" 0.666666666666667 1 0.891891891891892
"16" 0.666666666666667 1 0.891891891891892
"17" 0.666666666666667 1 0.837837837837838
"18" 0.5 1 0.837837837837838
"19" 0.5 1 0.783783783783784
"20" 0.5 1 0.783783783783784
"21" 0.5 1 0.783783783783784
"22" 0.5 1 0.675675675675676
