"direct path" "indirect path" "no path"
"1" 0.666666666666667 0.923076923076923 0.91304347826087
"2" 0.833333333333333 0.923076923076923 1
"3" 0.666666666666667 0.923076923076923 0.826086956521739
"4" 0.666666666666667 0.923076923076923 0.652173913043478
"5" 0.666666666666667 0.923076923076923 0.739130434782609
"6" 1 1 1
"7" 0.833333333333333 0.923076923076923 0.91304347826087
"8" 0.833333333333333 0.923076923076923 0.826086956521739
"9" 0.833333333333333 0.923076923076923 0.739130434782609
"10" 0.833333333333333 0.923076923076923 0.652173913043478
"11" 0.666666666666667 0.923076923076923 0.739130434782609
"12" 0.666666666666667 0.923076923076923 0.826086956521739
"13" 0.833333333333333 1 0.826086956521739
"14" 0.666666666666667 0.923076923076923 0.652173913043478
"15" 0.666666666666667 0.923076923076923 0.565217391304348
"16" 0.666666666666667 0.923076923076923 0.565217391304348
"17" 0.666666666666667 0.923076923076923 0.478260869565217
"18" 0.833333333333333 1 0.652173913043478
"19" 0.666666666666667 0.923076923076923 0.739130434782609
"20" 0.666666666666667 0.923076923076923 0.565217391304348
"21" 0.666666666666667 0.923076923076923 0.478260869565217
"22" 0.666666666666667 0.923076923076923 0.652173913043478
"23" 0.666666666666667 0.923076923076923 0.565217391304348
"24" 0.666666666666667 0.923076923076923 0.391304347826087
"25" 0.833333333333333 1 0.478260869565217
"26" 0.666666666666667 0.923076923076923 0.304347826086957
"27" 0.666666666666667 0.923076923076923 0.391304347826087
"28" 0.833333333333333 1 0.304347826086957
