"direct path" "indirect path" "no path"
"1" 0.666666666666667 1 0.837837837837838
"2" 0.5 1 0.783783783783784
"3" 0.833333333333333 1 0.945945945945946
"4" 0.666666666666667 1 0.891891891891892
"5" 0.666666666666667 1 0.891891891891892
"6" 0.5 1 0.783783783783784
"7" 0.666666666666667 1 0.891891891891892
"8" 0.833333333333333 1 0.945945945945946
"9" 0.833333333333333 1 0.945945945945946
"10" 1 1 1
"11" 0.833333333333333 1 0.945945945945946
"12" 0.666666666666667 1 0.837837837837838
"13" 0.833333333333333 1 0.945945945945946
"14" 0.833333333333333 1 0.945945945945946
"15" 0.833333333333333 1 0.945945945945946
"16" 0.833333333333333 1 0.945945945945946
"17" 0.666666666666667 1 0.891891891891892
"18" 0.666666666666667 1 0.891891891891892
"19" 0.666666666666667 1 0.891891891891892
"20" 0.666666666666667 1 0.891891891891892
"21" 0.666666666666667 1 0.891891891891892
"22" 0.666666666666667 1 0.837837837837838
"23" 0.666666666666667 1 0.837837837837838
"24" 0.666666666666667 1 0.891891891891892
"25" 0.666666666666667 1 0.837837837837838
"26" 0.666666666666667 1 0.891891891891892
"27" 0.5 1 0.783783783783784
"28" 0.5 1 0.675675675675676
"29" 0.833333333333333 1 0.945945945945946
"30" 0.833333333333333 1 0.945945945945946
"31" 0.666666666666667 1 0.837837837837838
"32" 0.666666666666667 1 0.891891891891892
"33" 0.666666666666667 1 0.891891891891892
"34" 0.666666666666667 1 0.891891891891892
"35" 0.666666666666667 1 0.891891891891892
"36" 0.666666666666667 1 0.837837837837838
"37" 0.666666666666667 1 0.837837837837838
"38" 0.5 1 0.783783783783784
"39" 0.5 1 0.675675675675676
"40" 0.5 1 0.783783783783784
"41" 0.5 1 0.783783783783784
"42" 0.666666666666667 1 0.891891891891892
"43" 0.666666666666667 1 0.837837837837838
"44" 0.666666666666667 1 0.891891891891892
"45" 0.666666666666667 1 0.837837837837838
"46" 0.5 1 0.783783783783784
"47" 0.5 1 0.783783783783784
"48" 0.5 1 0.837837837837838
"49" 0.5 1 0.783783783783784
"50" 0.5 1 0.675675675675676
"51" 0.5 1 0.783783783783784
"52" 0.5 1 0.675675675675676
"53" 0.5 1 0.675675675675676
"54" 0.333333333333333 1 0.459459459459459
"55" 0.666666666666667 1 0.891891891891892
"56" 0.666666666666667 1 0.891891891891892
"57" 0.666666666666667 1 0.891891891891892
"58" 0.833333333333333 1 0.945945945945946
"59" 0.5 1 0.837837837837838
"60" 0.5 1 0.783783783783784
"61" 0.666666666666667 1 0.891891891891892
"62" 0.833333333333333 1 0.945945945945946
"63" 0.833333333333333 1 0.945945945945946
"64" 0.833333333333333 1 0.945945945945946
"65" 0.833333333333333 1 0.945945945945946
"66" 0.666666666666667 1 0.891891891891892
"67" 0.666666666666667 1 0.891891891891892
"68" 0.666666666666667 1 0.837837837837838
"69" 0.666666666666667 1 0.891891891891892
"70" 0.666666666666667 1 0.891891891891892
"71" 0.5 1 0.837837837837838
"72" 0.666666666666667 1 0.891891891891892
"73" 0.666666666666667 1 0.891891891891892
"74" 0.5 1 0.783783783783784
"75" 0.666666666666667 1 0.891891891891892
"76" 0.666666666666667 1 0.891891891891892
"77" 0.666666666666667 1 0.837837837837838
"78" 0.666666666666667 1 0.891891891891892
"79" 0.666666666666667 1 0.837837837837838
"80" 0.666666666666667 1 0.891891891891892
"81" 0.666666666666667 1 0.891891891891892
"82" 0.666666666666667 1 0.891891891891892
"83" 0.666666666666667 1 0.837837837837838
"84" 0.5 1 0.675675675675676
"85" 0.5 1 0.783783783783784
"86" 0.5 1 0.72972972972973
"87" 0.5 1 0.837837837837838
"88" 0.5 1 0.783783783783784
"89" 0.5 1 0.783783783783784
"90" 0.5 1 0.837837837837838
"91" 0.5 1 0.837837837837838
"92" 0.5 1 0.783783783783784
"93" 0.5 1 0.783783783783784
"94" 0.5 1 0.783783783783784
"95" 0.666666666666667 1 0.891891891891892
"96" 0.666666666666667 1 0.891891891891892
"97" 0.666666666666667 1 0.891891891891892
"98" 0.666666666666667 1 0.891891891891892
"99" 0.666666666666667 1 0.891891891891892
"100" 0.666666666666667 1 0.837837837837838
"101" 0.666666666666667 1 0.891891891891892
"102" 0.666666666666667 1 0.891891891891892
"103" 0.666666666666667 1 0.837837837837838
"104" 0.5 1 0.783783783783784
"105" 0.5 1 0.783783783783784
"106" 0.5 1 0.675675675675676
"107" 0.333333333333333 1 0.621621621621622
"108" 0.5 1 0.837837837837838
"109" 0.5 1 0.783783783783784
"110" 0.5 1 0.783783783783784
"111" 0.5 1 0.837837837837838
"112" 0.5 1 0.783783783783784
"113" 0.333333333333333 1 0.621621621621622
"114" 0.5 1 0.783783783783784
"115" 0.5 1 0.72972972972973
"116" 0.5 1 0.675675675675676
"117" 0.5 1 0.783783783783784
"118" 0.5 1 0.783783783783784
"119" 0.5 1 0.837837837837838
"120" 0.5 1 0.783783783783784
"121" 0.5 1 0.72972972972973
"122" 0.5 1 0.675675675675676
"123" 0.333333333333333 1 0.459459459459459
"124" 0.333333333333333 1 0.513513513513513
"125" 0.5 1 0.783783783783784
"126" 0.5 1 0.783783783783784
"127" 0.5 1 0.837837837837838
"128" 0.5 1 0.783783783783784
"129" 0.5 1 0.837837837837838
"130" 0.5 1 0.837837837837838
"131" 0.5 1 0.783783783783784
"132" 0.5 1 0.72972972972973
"133" 0.5 1 0.783783783783784
"134" 0.5 1 0.783783783783784
"135" 0.5 1 0.675675675675676
"136" 0.5 1 0.837837837837838
"137" 0.666666666666667 1 0.891891891891892
"138" 0.5 1 0.837837837837838
"139" 0.666666666666667 1 0.891891891891892
"140" 0.5 1 0.783783783783784
"141" 0.5 1 0.783783783783784
"142" 0.666666666666667 1 0.891891891891892
"143" 0.666666666666667 1 0.837837837837838
"144" 0.5 1 0.837837837837838
"145" 0.5 1 0.837837837837838
"146" 0.5 1 0.783783783783784
"147" 0.5 1 0.783783783783784
"148" 0.5 1 0.837837837837838
"149" 0.5 1 0.783783783783784
"150" 0.5 1 0.783783783783784
"151" 0.5 1 0.72972972972973
"152" 0.5 1 0.783783783783784
"153" 0.5 1 0.675675675675676
"154" 0.666666666666667 1 0.891891891891892
"155" 0.666666666666667 1 0.837837837837838
"156" 0.666666666666667 1 0.891891891891892
"157" 0.666666666666667 1 0.891891891891892
"158" 0.666666666666667 1 0.891891891891892
"159" 0.666666666666667 1 0.891891891891892
"160" 0.666666666666667 1 0.891891891891892
"161" 0.666666666666667 1 0.891891891891892
"162" 0.666666666666667 1 0.837837837837838
"163" 0.666666666666667 1 0.891891891891892
"164" 0.666666666666667 1 0.891891891891892
"165" 0.666666666666667 1 0.891891891891892
"166" 0.666666666666667 1 0.891891891891892
"167" 0.666666666666667 1 0.891891891891892
"168" 0.666666666666667 1 0.837837837837838
"169" 0.5 1 0.783783783783784
"170" 0.5 1 0.837837837837838
"171" 0.5 1 0.837837837837838
"172" 0.333333333333333 1 0.72972972972973
"173" 0.333333333333333 1 0.621621621621622
"174" 0.5 1 0.837837837837838
"175" 0.5 1 0.783783783783784
"176" 0.333333333333333 1 0.621621621621622
"177" 0.5 1 0.837837837837838
"178" 0.5 1 0.783783783783784
"179" 0.5 1 0.783783783783784
"180" 0.5 1 0.837837837837838
"181" 0.5 1 0.783783783783784
"182" 0.5 1 0.72972972972973
"183" 0.5 1 0.783783783783784
"184" 0.5 1 0.783783783783784
"185" 0.5 1 0.675675675675676
"186" 0.333333333333333 1 0.675675675675676
"187" 0.333333333333333 1 0.621621621621622
"188" 0.333333333333333 1 0.513513513513513
"189" 0.333333333333333 1 0.459459459459459
"190" 0.5 1 0.837837837837838
"191" 0.5 1 0.837837837837838
"192" 0.333333333333333 1 0.72972972972973
"193" 0.5 1 0.783783783783784
"194" 0.5 1 0.783783783783784
"195" 0.5 1 0.837837837837838
"196" 0.5 1 0.837837837837838
"197" 0.5 1 0.837837837837838
"198" 0.5 1 0.837837837837838
"199" 0.5 1 0.783783783783784
"200" 0.5 1 0.783783783783784
"201" 0.333333333333333 1 0.72972972972973
"202" 0.333333333333333 1 0.675675675675676
"203" 0.333333333333333 1 0.621621621621622
"204" 0.333333333333333 1 0.675675675675676
"205" 0.5 1 0.783783783783784
"206" 0.5 1 0.783783783783784
"207" 0.5 1 0.837837837837838
"208" 0.5 1 0.783783783783784
"209" 0.5 1 0.837837837837838
"210" 0.5 1 0.783783783783784
"211" 0.5 1 0.837837837837838
"212" 0.5 1 0.837837837837838
"213" 0.5 1 0.783783783783784
"214" 0.5 1 0.837837837837838
"215" 0.5 1 0.675675675675676
"216" 0.5 1 0.783783783783784
"217" 0.5 1 0.837837837837838
"218" 0.5 1 0.783783783783784
"219" 0.5 1 0.837837837837838
"220" 0.5 1 0.837837837837838
"221" 0.5 1 0.783783783783784
"222" 0.5 1 0.837837837837838
"223" 0.5 1 0.783783783783784
"224" 0.5 1 0.837837837837838
"225" 0.5 1 0.837837837837838
"226" 0.5 1 0.783783783783784
"227" 0.5 1 0.783783783783784
"228" 0.5 1 0.837837837837838
"229" 0.5 1 0.837837837837838
"230" 0.5 1 0.783783783783784
"231" 0.5 1 0.783783783783784
"232" 0.5 1 0.783783783783784
"233" 0.5 1 0.837837837837838
"234" 0.5 1 0.783783783783784
"235" 0.5 1 0.783783783783784
"236" 0.5 1 0.675675675675676
"237" 0.5 1 0.837837837837838
"238" 0.5 1 0.783783783783784
"239" 0.5 1 0.783783783783784
"240" 0.5 1 0.783783783783784
"241" 0.5 1 0.675675675675676
"242" 0.333333333333333 1 0.72972972972973
"243" 0.333333333333333 1 0.72972972972973
"244" 0.333333333333333 1 0.621621621621622
"245" 0.333333333333333 1 0.72972972972973
"246" 0.333333333333333 1 0.72972972972973
"247" 0.333333333333333 1 0.675675675675676
"248" 0.333333333333333 1 0.621621621621622
"249" 0.333333333333333 1 0.675675675675676
"250" 0.333333333333333 1 0.621621621621622
"251" 0.333333333333333 1 0.675675675675676
"252" 0.333333333333333 1 0.567567567567568
"253" 0.333333333333333 1 0.621621621621622
"254" 0.333333333333333 1 0.459459459459459
"255" 0.333333333333333 1 0.72972972972973
"256" 0.333333333333333 1 0.72972972972973
"257" 0.333333333333333 1 0.72972972972973
"258" 0.333333333333333 1 0.621621621621622
"259" 0.333333333333333 1 0.72972972972973
"260" 0.333333333333333 1 0.783783783783784
"261" 0.333333333333333 1 0.72972972972973
"262" 0.333333333333333 1 0.72972972972973
"263" 0.333333333333333 1 0.621621621621622
"264" 0.333333333333333 1 0.621621621621622
"265" 0.333333333333333 1 0.567567567567568
"266" 0.333333333333333 1 0.675675675675676
"267" 0.333333333333333 1 0.459459459459459
"268" 0.333333333333333 1 0.675675675675676
"269" 0.333333333333333 1 0.675675675675676
"270" 0.333333333333333 1 0.72972972972973
"271" 0.333333333333333 1 0.675675675675676
"272" 0.333333333333333 1 0.72972972972973
"273" 0.333333333333333 1 0.72972972972973
"274" 0.333333333333333 1 0.675675675675676
"275" 0.333333333333333 1 0.621621621621622
"276" 0.333333333333333 1 0.621621621621622
"277" 0.333333333333333 1 0.675675675675676
"278" 0.333333333333333 1 0.72972972972973
"279" 0.333333333333333 1 0.621621621621622
"280" 0.333333333333333 1 0.675675675675676
"281" 0.333333333333333 1 0.72972972972973
"282" 0.333333333333333 1 0.675675675675676
"283" 0.333333333333333 1 0.621621621621622
"284" 0.333333333333333 1 0.72972972972973
"285" 0.333333333333333 1 0.621621621621622
"286" 0.333333333333333 1 0.621621621621622
"287" 0.333333333333333 1 0.675675675675676
"288" 0.333333333333333 1 0.675675675675676
"289" 0.333333333333333 1 0.567567567567568
"290" 0.333333333333333 1 0.459459459459459
"291" 0.166666666666667 1 0.297297297297297
"292" 0.166666666666667 1 0.405405405405405
"293" 0.166666666666667 1 0.189189189189189
