"direct path" "indirect path" "no path"
"1" 0.5 0.727272727272727 0.966101694915254
"2" 0.375 0.727272727272727 0.898305084745763
"3" 0.375 0.727272727272727 0.932203389830508
"4" 0.5 0.818181818181818 0.932203389830508
"5" 0.5 0.818181818181818 0.898305084745763
"6" 0.625 0.818181818181818 0.966101694915254
"7" 0.5 0.909090909090909 0.830508474576271
"8" 0.5 0.818181818181818 0.864406779661017
"9" 0.5 0.818181818181818 0.864406779661017
"10" 0.75 0.909090909090909 0.932203389830508
"11" 0.625 0.909090909090909 0.898305084745763
"12" 0.625 0.818181818181818 0.932203389830508
"13" 0.625 0.818181818181818 0.932203389830508
"14" 0.625 0.818181818181818 0.932203389830508
"15" 0.5 0.818181818181818 0.898305084745763
"16" 0.5 0.818181818181818 0.864406779661017
"17" 0.5 0.818181818181818 0.898305084745763
"18" 0.625 0.818181818181818 0.932203389830508
"19" 0.375 0.818181818181818 0.830508474576271
"20" 0.375 0.727272727272727 0.864406779661017
"21" 0.375 0.727272727272727 0.864406779661017
"22" 0.5 0.727272727272727 0.932203389830508
"23" 0.375 0.727272727272727 0.898305084745763
"24" 0.375 0.727272727272727 0.864406779661017
"25" 0.5 0.727272727272727 0.932203389830508
"26" 0.5 0.727272727272727 0.932203389830508
"27" 0.5 0.818181818181818 0.932203389830508
"28" 0.625 0.818181818181818 0.932203389830508
"29" 0.625 0.818181818181818 0.932203389830508
"30" 0.625 0.818181818181818 0.898305084745763
"31" 0.75 0.909090909090909 0.966101694915254
"32" 0.5 0.818181818181818 0.898305084745763
"33" 0.5 0.818181818181818 0.864406779661017
"34" 0.625 0.909090909090909 0.898305084745763
"35" 0.625 0.818181818181818 0.966101694915254
"36" 0.5 0.818181818181818 0.898305084745763
"37" 0.625 0.818181818181818 0.932203389830508
"38" 0.625 0.818181818181818 0.932203389830508
"39" 0.625 0.818181818181818 0.932203389830508
"40" 0.75 0.909090909090909 0.932203389830508
"41" 0.625 0.818181818181818 0.932203389830508
"42" 0.625 0.818181818181818 0.932203389830508
"43" 0.625 0.818181818181818 0.932203389830508
"44" 0.625 0.818181818181818 0.932203389830508
"45" 0.625 0.818181818181818 0.932203389830508
"46" 0.625 0.818181818181818 0.898305084745763
"47" 0.75 0.909090909090909 0.966101694915254
"48" 0.625 0.909090909090909 0.932203389830508
"49" 0.5 0.818181818181818 0.864406779661017
"50" 0.5 0.818181818181818 0.864406779661017
"51" 0.5 0.909090909090909 0.830508474576271
"52" 0.375 0.727272727272727 0.864406779661017
"53" 0.5 0.727272727272727 0.932203389830508
"54" 0.375 0.727272727272727 0.898305084745763
"55" 0.5 0.727272727272727 0.932203389830508
"56" 0.5 0.727272727272727 0.932203389830508
"57" 0.5 0.727272727272727 0.932203389830508
"58" 0.625 0.818181818181818 0.966101694915254
"59" 0.625 0.818181818181818 0.966101694915254
"60" 0.5 0.818181818181818 0.932203389830508
"61" 0.5 0.727272727272727 0.932203389830508
"62" 0.5 0.727272727272727 0.932203389830508
"63" 0.5 0.727272727272727 0.932203389830508
"64" 0.5 0.727272727272727 0.898305084745763
"65" 0.5 0.727272727272727 0.932203389830508
"66" 0.5 0.727272727272727 0.898305084745763
"67" 0.375 0.727272727272727 0.864406779661017
"68" 0.375 0.727272727272727 0.932203389830508
"69" 0.5 0.818181818181818 0.898305084745763
"70" 0.5 0.727272727272727 0.932203389830508
"71" 0.5 0.727272727272727 0.966101694915254
"72" 0.5 0.727272727272727 0.932203389830508
"73" 0.625 0.818181818181818 0.932203389830508
"74" 0.375 0.727272727272727 0.864406779661017
"75" 0.375 0.727272727272727 0.898305084745763
"76" 0.375 0.818181818181818 0.830508474576271
"77" 0.5 0.818181818181818 0.864406779661017
"78" 0.5 0.818181818181818 0.898305084745763
"79" 0.5 0.818181818181818 0.932203389830508
"80" 0.5 0.818181818181818 0.898305084745763
"81" 0.5 0.818181818181818 0.932203389830508
"82" 0.5 0.818181818181818 0.898305084745763
"83" 0.5 0.818181818181818 0.864406779661017
"84" 0.625 0.909090909090909 0.898305084745763
"85" 0.5 0.818181818181818 0.864406779661017
"86" 0.625 0.909090909090909 0.898305084745763
"87" 0.5 0.818181818181818 0.864406779661017
"88" 0.5 0.909090909090909 0.830508474576271
"89" 0.375 0.818181818181818 0.76271186440678
"90" 0.375 0.818181818181818 0.864406779661017
"91" 0.375 0.909090909090909 0.796610169491525
"92" 0.375 0.818181818181818 0.796610169491525
"93" 0.5 0.909090909090909 0.830508474576271
"94" 0.375 0.818181818181818 0.76271186440678
"95" 0.375 0.818181818181818 0.864406779661017
"96" 0.375 0.818181818181818 0.864406779661017
"97" 0.375 0.818181818181818 0.796610169491525
"98" 0.375 0.909090909090909 0.796610169491525
"99" 0.375 0.818181818181818 0.796610169491525
"100" 0.375 0.909090909090909 0.694915254237288
"101" 0.375 0.727272727272727 0.864406779661017
"102" 0.375 0.727272727272727 0.898305084745763
"103" 0.375 0.727272727272727 0.864406779661017
"104" 0.375 0.818181818181818 0.830508474576271
"105" 0.25 0.818181818181818 0.796610169491525
"106" 0.25 0.727272727272727 0.864406779661017
"107" 0.25 0.727272727272727 0.796610169491525
"108" 0.375 0.818181818181818 0.830508474576271
"109" 0.5 0.818181818181818 0.898305084745763
"110" 0.5 0.818181818181818 0.898305084745763
"111" 0.375 0.727272727272727 0.898305084745763
"112" 0.25 0.727272727272727 0.76271186440678
"113" 0.25 0.727272727272727 0.796610169491525
"114" 0.25 0.727272727272727 0.864406779661017
"115" 0.25 0.818181818181818 0.796610169491525
"116" 0.25 0.818181818181818 0.694915254237288
"117" 0.25 0.727272727272727 0.796610169491525
"118" 0.375 0.727272727272727 0.864406779661017
"119" 0.375 0.727272727272727 0.932203389830508
"120" 0.375 0.727272727272727 0.898305084745763
"121" 0.25 0.727272727272727 0.864406779661017
"122" 0.25 0.727272727272727 0.76271186440678
"123" 0.375 0.727272727272727 0.932203389830508
"124" 0.375 0.727272727272727 0.864406779661017
"125" 0.5 0.818181818181818 0.932203389830508
"126" 0.5 0.818181818181818 0.932203389830508
"127" 0.5 0.818181818181818 0.932203389830508
"128" 0.5 0.818181818181818 0.932203389830508
"129" 0.5 0.818181818181818 0.932203389830508
"130" 0.5 0.818181818181818 0.898305084745763
"131" 0.5 0.818181818181818 0.932203389830508
"132" 0.5 0.818181818181818 0.898305084745763
"133" 0.5 0.818181818181818 0.898305084745763
"134" 0.375 0.727272727272727 0.932203389830508
"135" 0.375 0.727272727272727 0.898305084745763
"136" 0.375 0.727272727272727 0.932203389830508
"137" 0.375 0.727272727272727 0.932203389830508
"138" 0.375 0.727272727272727 0.932203389830508
"139" 0.375 0.727272727272727 0.898305084745763
"140" 0.375 0.727272727272727 0.932203389830508
"141" 0.375 0.727272727272727 0.932203389830508
"142" 0.375 0.727272727272727 0.898305084745763
"143" 0.5 0.818181818181818 0.932203389830508
"144" 0.375 0.727272727272727 0.932203389830508
"145" 0.25 0.727272727272727 0.864406779661017
"146" 0.375 0.818181818181818 0.864406779661017
"147" 0.375 0.818181818181818 0.864406779661017
"148" 0.375 0.818181818181818 0.864406779661017
"149" 0.5 0.818181818181818 0.932203389830508
"150" 0.5 0.818181818181818 0.898305084745763
"151" 0.375 0.818181818181818 0.796610169491525
"152" 0.25 0.727272727272727 0.864406779661017
"153" 0.375 0.727272727272727 0.898305084745763
"154" 0.25 0.727272727272727 0.864406779661017
"155" 0.25 0.727272727272727 0.796610169491525
"156" 0.375 0.727272727272727 0.932203389830508
"157" 0.375 0.727272727272727 0.864406779661017
"158" 0.375 0.727272727272727 0.864406779661017
"159" 0.5 0.818181818181818 0.932203389830508
"160" 0.375 0.727272727272727 0.864406779661017
"161" 0.375 0.818181818181818 0.898305084745763
"162" 0.375 0.727272727272727 0.898305084745763
"163" 0.5 0.818181818181818 0.898305084745763
"164" 0.375 0.727272727272727 0.796610169491525
"165" 0.375 0.727272727272727 0.864406779661017
"166" 0.375 0.727272727272727 0.864406779661017
"167" 0.375 0.727272727272727 0.864406779661017
"168" 0.5 0.727272727272727 0.898305084745763
"169" 0.5 0.727272727272727 0.932203389830508
"170" 0.375 0.727272727272727 0.898305084745763
"171" 0.375 0.727272727272727 0.864406779661017
"172" 0.5 0.818181818181818 0.932203389830508
"173" 0.375 0.818181818181818 0.898305084745763
"174" 0.5 0.727272727272727 0.932203389830508
"175" 0.625 0.818181818181818 0.966101694915254
"176" 0.375 0.727272727272727 0.864406779661017
"177" 0.375 0.727272727272727 0.898305084745763
"178" 0.5 0.727272727272727 0.932203389830508
"179" 0.5 0.727272727272727 0.932203389830508
"180" 0.375 0.727272727272727 0.864406779661017
"181" 0.5 0.818181818181818 0.898305084745763
"182" 0.5 0.818181818181818 0.898305084745763
"183" 0.375 0.727272727272727 0.898305084745763
"184" 0.375 0.727272727272727 0.864406779661017
"185" 0.375 0.727272727272727 0.864406779661017
"186" 0.375 0.818181818181818 0.830508474576271
"187" 0.5 0.727272727272727 0.932203389830508
"188" 0.5 0.727272727272727 0.932203389830508
"189" 0.5 0.727272727272727 0.932203389830508
"190" 0.5 0.727272727272727 0.898305084745763
"191" 0.625 0.818181818181818 0.966101694915254
"192" 0.5 0.727272727272727 0.932203389830508
"193" 0.5 0.727272727272727 0.932203389830508
"194" 0.5 0.818181818181818 0.932203389830508
"195" 0.5 0.727272727272727 0.898305084745763
"196" 0.625 0.818181818181818 0.966101694915254
"197" 0.25 0.727272727272727 0.796610169491525
"198" 0.375 0.727272727272727 0.864406779661017
"199" 0.375 0.727272727272727 0.898305084745763
"200" 0.375 0.818181818181818 0.898305084745763
"201" 0.25 0.818181818181818 0.796610169491525
"202" 0.375 0.727272727272727 0.864406779661017
"203" 0.375 0.727272727272727 0.898305084745763
"204" 0.375 0.727272727272727 0.796610169491525
"205" 0.5 0.818181818181818 0.898305084745763
"206" 0.375 0.818181818181818 0.830508474576271
"207" 0.25 0.727272727272727 0.76271186440678
"208" 0.375 0.727272727272727 0.864406779661017
"209" 0.375 0.818181818181818 0.898305084745763
"210" 0.25 0.727272727272727 0.796610169491525
"211" 0.25 0.818181818181818 0.796610169491525
"212" 0.375 0.727272727272727 0.864406779661017
"213" 0.375 0.727272727272727 0.864406779661017
"214" 0.375 0.818181818181818 0.830508474576271
"215" 0.25 0.727272727272727 0.76271186440678
"216" 0.25 0.818181818181818 0.694915254237288
"217" 0.625 0.818181818181818 0.932203389830508
"218" 0.5 0.818181818181818 0.898305084745763
"219" 0.5 0.818181818181818 0.898305084745763
"220" 0.5 0.818181818181818 0.864406779661017
"221" 0.625 0.818181818181818 0.932203389830508
"222" 0.625 0.818181818181818 0.932203389830508
"223" 0.5 0.818181818181818 0.864406779661017
"224" 0.5 0.818181818181818 0.898305084745763
"225" 0.375 0.818181818181818 0.76271186440678
"226" 0.5 0.818181818181818 0.864406779661017
"227" 0.5 0.818181818181818 0.864406779661017
"228" 0.5 0.818181818181818 0.864406779661017
"229" 0.375 0.818181818181818 0.796610169491525
"230" 0.375 0.818181818181818 0.76271186440678
"231" 0.5 0.909090909090909 0.830508474576271
"232" 0.375 0.909090909090909 0.796610169491525
"233" 0.5 0.818181818181818 0.864406779661017
"234" 0.5 0.818181818181818 0.898305084745763
"235" 0.5 0.818181818181818 0.796610169491525
"236" 0.625 0.909090909090909 0.898305084745763
"237" 0.5 0.818181818181818 0.864406779661017
"238" 0.625 0.909090909090909 0.932203389830508
"239" 0.5 0.909090909090909 0.898305084745763
"240" 0.75 0.909090909090909 0.966101694915254
"241" 0.625 0.909090909090909 0.932203389830508
"242" 0.75 0.909090909090909 0.966101694915254
"243" 0.75 0.909090909090909 0.966101694915254
"244" 0.625 0.909090909090909 0.898305084745763
"245" 0.5 0.818181818181818 0.864406779661017
"246" 0.5 0.818181818181818 0.864406779661017
"247" 0.5 0.818181818181818 0.864406779661017
"248" 0.625 0.818181818181818 0.898305084745763
"249" 0.625 0.818181818181818 0.932203389830508
"250" 0.5 0.818181818181818 0.898305084745763
"251" 0.5 0.909090909090909 0.898305084745763
"252" 0.625 0.818181818181818 0.932203389830508
"253" 0.625 0.818181818181818 0.932203389830508
"254" 0.625 0.909090909090909 0.932203389830508
"255" 0.625 0.818181818181818 0.932203389830508
"256" 0.625 0.818181818181818 0.932203389830508
"257" 0.625 0.818181818181818 0.898305084745763
"258" 0.625 0.818181818181818 0.932203389830508
"259" 0.625 0.818181818181818 0.898305084745763
"260" 0.5 0.818181818181818 0.864406779661017
"261" 0.5 0.818181818181818 0.864406779661017
"262" 0.5 0.909090909090909 0.898305084745763
"263" 0.5 0.909090909090909 0.830508474576271
"264" 0.5 0.909090909090909 0.898305084745763
"265" 0.5 0.818181818181818 0.864406779661017
"266" 0.5 0.818181818181818 0.796610169491525
"267" 0.5 0.818181818181818 0.864406779661017
"268" 0.375 0.818181818181818 0.796610169491525
"269" 0.625 0.909090909090909 0.898305084745763
"270" 0.5 0.818181818181818 0.898305084745763
"271" 0.375 0.909090909090909 0.796610169491525
"272" 0.5 0.818181818181818 0.864406779661017
"273" 0.625 0.909090909090909 0.898305084745763
"274" 0.5 0.909090909090909 0.830508474576271
"275" 0.5 0.818181818181818 0.864406779661017
"276" 0.375 0.909090909090909 0.694915254237288
"277" 0.5 0.727272727272727 0.796610169491525
"278" 0.5 0.727272727272727 0.864406779661017
"279" 0.5 0.727272727272727 0.864406779661017
"280" 0.625 0.818181818181818 0.898305084745763
"281" 0.375 0.727272727272727 0.76271186440678
"282" 0.375 0.727272727272727 0.76271186440678
"283" 0.375 0.727272727272727 0.830508474576271
"284" 0.375 0.818181818181818 0.830508474576271
"285" 0.5 0.818181818181818 0.864406779661017
"286" 0.375 0.727272727272727 0.796610169491525
"287" 0.5 0.727272727272727 0.898305084745763
"288" 0.5 0.727272727272727 0.864406779661017
"289" 0.5 0.727272727272727 0.864406779661017
"290" 0.625 0.818181818181818 0.898305084745763
"291" 0.375 0.727272727272727 0.864406779661017
"292" 0.375 0.727272727272727 0.830508474576271
"293" 0.5 0.818181818181818 0.830508474576271
"294" 0.375 0.727272727272727 0.830508474576271
"295" 0.375 0.727272727272727 0.864406779661017
"296" 0.5 0.818181818181818 0.830508474576271
"297" 0.5 0.727272727272727 0.932203389830508
"298" 0.5 0.727272727272727 0.932203389830508
"299" 0.5 0.727272727272727 0.932203389830508
"300" 0.625 0.818181818181818 0.966101694915254
"301" 0.375 0.727272727272727 0.898305084745763
"302" 0.375 0.727272727272727 0.898305084745763
"303" 0.375 0.818181818181818 0.898305084745763
"304" 0.5 0.818181818181818 0.932203389830508
"305" 0.375 0.727272727272727 0.864406779661017
"306" 0.375 0.727272727272727 0.898305084745763
"307" 0.75 0.909090909090909 0.966101694915254
"308" 0.625 0.818181818181818 0.932203389830508
"309" 0.625 0.818181818181818 0.932203389830508
"310" 0.625 0.818181818181818 0.898305084745763
"311" 0.5 0.727272727272727 0.898305084745763
"312" 0.5 0.727272727272727 0.898305084745763
"313" 0.5 0.727272727272727 0.898305084745763
"314" 0.5 0.727272727272727 0.898305084745763
"315" 0.625 0.818181818181818 0.932203389830508
"316" 0.5 0.818181818181818 0.898305084745763
"317" 0.625 0.818181818181818 0.932203389830508
"318" 0.5 0.727272727272727 0.864406779661017
"319" 0.375 0.818181818181818 0.864406779661017
"320" 0.375 0.727272727272727 0.864406779661017
"321" 0.375 0.727272727272727 0.830508474576271
"322" 0.5 0.818181818181818 0.864406779661017
"323" 0.5 0.909090909090909 0.864406779661017
"324" 0.5 0.909090909090909 0.830508474576271
"325" 0.5 0.818181818181818 0.898305084745763
"326" 0.625 0.909090909090909 0.898305084745763
"327" 0.375 0.818181818181818 0.864406779661017
"328" 0.375 0.727272727272727 0.830508474576271
"329" 0.5 0.818181818181818 0.796610169491525
"330" 0.5 0.818181818181818 0.830508474576271
"331" 0.5 0.727272727272727 0.932203389830508
"332" 0.5 0.727272727272727 0.932203389830508
"333" 0.5 0.727272727272727 0.932203389830508
"334" 0.5 0.727272727272727 0.932203389830508
"335" 0.5 0.727272727272727 0.932203389830508
"336" 0.375 0.727272727272727 0.864406779661017
"337" 0.375 0.727272727272727 0.898305084745763
"338" 0.375 0.727272727272727 0.898305084745763
"339" 0.375 0.727272727272727 0.864406779661017
"340" 0.375 0.727272727272727 0.830508474576271
"341" 0.5 0.727272727272727 0.864406779661017
"342" 0.625 0.818181818181818 0.932203389830508
"343" 0.5 0.727272727272727 0.898305084745763
"344" 0.5 0.818181818181818 0.864406779661017
"345" 0.5 0.727272727272727 0.898305084745763
"346" 0.625 0.818181818181818 0.898305084745763
"347" 0.5 0.727272727272727 0.898305084745763
"348" 0.375 0.818181818181818 0.796610169491525
"349" 0.375 0.727272727272727 0.830508474576271
"350" 0.5 0.818181818181818 0.864406779661017
"351" 0.375 0.727272727272727 0.830508474576271
"352" 0.375 0.727272727272727 0.830508474576271
"353" 0.5 0.727272727272727 0.898305084745763
"354" 0.5 0.727272727272727 0.898305084745763
"355" 0.625 0.727272727272727 0.932203389830508
"356" 0.5 0.727272727272727 0.898305084745763
"357" 0.5 0.727272727272727 0.898305084745763
"358" 0.625 0.727272727272727 0.932203389830508
"359" 0.625 0.727272727272727 0.932203389830508
"360" 0.75 0.818181818181818 0.966101694915254
"361" 0.5 0.727272727272727 0.864406779661017
"362" 0.625 0.818181818181818 0.932203389830508
"363" 0.5 0.818181818181818 0.898305084745763
"364" 0.375 0.818181818181818 0.796610169491525
"365" 0.625 0.818181818181818 0.898305084745763
"366" 0.5 0.727272727272727 0.898305084745763
"367" 0.5 0.818181818181818 0.898305084745763
"368" 0.375 0.818181818181818 0.864406779661017
"369" 0.5 0.727272727272727 0.898305084745763
"370" 0.5 0.727272727272727 0.864406779661017
"371" 0.5 0.727272727272727 0.898305084745763
"372" 0.375 0.818181818181818 0.796610169491525
"373" 0.375 0.727272727272727 0.830508474576271
"374" 0.375 0.727272727272727 0.796610169491525
"375" 0.375 0.727272727272727 0.864406779661017
"376" 0.375 0.727272727272727 0.830508474576271
"377" 0.375 0.727272727272727 0.830508474576271
"378" 0.625 0.818181818181818 0.932203389830508
"379" 0.5 0.727272727272727 0.864406779661017
"380" 0.5 0.727272727272727 0.864406779661017
"381" 0.5 0.727272727272727 0.898305084745763
"382" 0.625 0.727272727272727 0.932203389830508
"383" 0.5 0.727272727272727 0.898305084745763
"384" 0.5 0.727272727272727 0.898305084745763
"385" 0.75 0.818181818181818 0.966101694915254
"386" 0.625 0.818181818181818 0.932203389830508
"387" 0.625 0.727272727272727 0.898305084745763
"388" 0.625 0.727272727272727 0.932203389830508
"389" 0.625 0.727272727272727 0.932203389830508
"390" 0.5 0.727272727272727 0.864406779661017
"391" 0.5 0.727272727272727 0.864406779661017
"392" 0.5 0.818181818181818 0.898305084745763
"393" 0.5 0.727272727272727 0.898305084745763
"394" 0.5 0.727272727272727 0.898305084745763
"395" 0.5 0.727272727272727 0.864406779661017
"396" 0.5 0.727272727272727 0.898305084745763
"397" 0.5 0.727272727272727 0.864406779661017
"398" 0.625 0.818181818181818 0.932203389830508
"399" 0.5 0.727272727272727 0.864406779661017
"400" 0.375 0.727272727272727 0.830508474576271
"401" 0.375 0.818181818181818 0.864406779661017
"402" 0.375 0.727272727272727 0.830508474576271
"403" 0.5 0.818181818181818 0.864406779661017
"404" 0.375 0.727272727272727 0.76271186440678
"405" 0.375 0.727272727272727 0.796610169491525
"406" 0.5 0.727272727272727 0.864406779661017
"407" 0.625 0.818181818181818 0.864406779661017
"408" 0.5 0.727272727272727 0.864406779661017
"409" 0.5 0.727272727272727 0.898305084745763
"410" 0.375 0.727272727272727 0.864406779661017
"411" 0.5 0.818181818181818 0.830508474576271
"412" 0.375 0.727272727272727 0.796610169491525
"413" 0.375 0.727272727272727 0.796610169491525
"414" 0.375 0.727272727272727 0.76271186440678
"415" 0.5 0.818181818181818 0.898305084745763
"416" 0.375 0.727272727272727 0.864406779661017
"417" 0.5 0.909090909090909 0.830508474576271
"418" 0.5 0.818181818181818 0.864406779661017
"419" 0.375 0.818181818181818 0.694915254237288
"420" 0.375 0.818181818181818 0.830508474576271
"421" 0.5 0.727272727272727 0.932203389830508
"422" 0.5 0.727272727272727 0.932203389830508
"423" 0.625 0.818181818181818 0.966101694915254
"424" 0.375 0.727272727272727 0.898305084745763
"425" 0.375 0.818181818181818 0.898305084745763
"426" 0.625 0.818181818181818 0.898305084745763
"427" 0.625 0.818181818181818 0.830508474576271
"428" 0.75 0.909090909090909 0.932203389830508
"429" 0.5 0.727272727272727 0.864406779661017
"430" 0.625 0.818181818181818 0.932203389830508
"431" 0.625 0.818181818181818 0.932203389830508
"432" 0.5 0.727272727272727 0.898305084745763
"433" 0.5 0.818181818181818 0.898305084745763
"434" 0.5 0.909090909090909 0.864406779661017
"435" 0.5 0.818181818181818 0.796610169491525
"436" 0.375 0.818181818181818 0.796610169491525
"437" 0.625 0.727272727272727 0.898305084745763
"438" 0.5 0.727272727272727 0.864406779661017
"439" 0.5 0.727272727272727 0.864406779661017
"440" 0.5 0.727272727272727 0.864406779661017
"441" 0.375 0.727272727272727 0.796610169491525
"442" 0.625 0.727272727272727 0.932203389830508
"443" 0.625 0.727272727272727 0.932203389830508
"444" 0.75 0.818181818181818 0.966101694915254
"445" 0.625 0.727272727272727 0.932203389830508
"446" 0.625 0.818181818181818 0.932203389830508
"447" 0.5 0.727272727272727 0.864406779661017
"448" 0.5 0.727272727272727 0.898305084745763
"449" 0.5 0.727272727272727 0.898305084745763
"450" 0.5 0.727272727272727 0.898305084745763
"451" 0.5 0.818181818181818 0.898305084745763
"452" 0.5 0.727272727272727 0.898305084745763
"453" 0.5 0.727272727272727 0.898305084745763
"454" 0.5 0.818181818181818 0.898305084745763
"455" 0.375 0.727272727272727 0.830508474576271
"456" 0.375 0.818181818181818 0.796610169491525
"457" 0.5 0.727272727272727 0.932203389830508
"458" 0.625 0.727272727272727 0.932203389830508
"459" 0.625 0.818181818181818 0.898305084745763
"460" 0.75 0.818181818181818 0.966101694915254
"461" 0.625 0.727272727272727 0.932203389830508
"462" 0.5 0.727272727272727 0.898305084745763
"463" 0.5 0.727272727272727 0.864406779661017
"464" 0.5 0.818181818181818 0.898305084745763
"465" 0.625 0.727272727272727 0.898305084745763
"466" 0.625 0.727272727272727 0.932203389830508
"467" 0.75 0.818181818181818 0.966101694915254
"468" 0.625 0.727272727272727 0.932203389830508
"469" 0.5 0.727272727272727 0.932203389830508
"470" 0.75 0.818181818181818 0.966101694915254
"471" 0.625 0.818181818181818 0.898305084745763
"472" 0.5 0.727272727272727 0.932203389830508
"473" 0.5 0.818181818181818 0.932203389830508
"474" 0.75 0.818181818181818 0.932203389830508
"475" 0.875 0.909090909090909 1
"476" 0.75 0.818181818181818 0.966101694915254
"477" 0.625 0.727272727272727 0.932203389830508
"478" 0.75 0.818181818181818 0.966101694915254
"479" 0.625 0.818181818181818 0.932203389830508
"480" 0.625 0.909090909090909 0.898305084745763
"481" 0.625 0.909090909090909 0.864406779661017
"482" 0.5 0.818181818181818 0.898305084745763
"483" 0.5 0.818181818181818 0.830508474576271
"484" 0.625 0.909090909090909 0.932203389830508
"485" 0.5 0.727272727272727 0.932203389830508
"486" 0.5 0.727272727272727 0.898305084745763
"487" 0.5 0.727272727272727 0.898305084745763
"488" 0.625 0.818181818181818 0.966101694915254
"489" 0.5 0.727272727272727 0.932203389830508
"490" 0.5 0.727272727272727 0.864406779661017
"491" 0.625 0.818181818181818 0.932203389830508
"492" 0.5 0.818181818181818 0.898305084745763
"493" 0.625 0.818181818181818 0.932203389830508
"494" 0.625 0.818181818181818 0.932203389830508
"495" 0.625 0.818181818181818 0.932203389830508
"496" 0.625 0.818181818181818 0.898305084745763
"497" 0.625 0.818181818181818 0.898305084745763
"498" 0.75 0.909090909090909 0.966101694915254
"499" 0.625 0.818181818181818 0.932203389830508
"500" 0.625 0.818181818181818 0.898305084745763
"501" 0.625 0.909090909090909 0.932203389830508
"502" 0.5 0.727272727272727 0.864406779661017
"503" 0.5 0.818181818181818 0.830508474576271
"504" 0.5 0.727272727272727 0.864406779661017
"505" 0.5 0.727272727272727 0.932203389830508
"506" 0.5 0.818181818181818 0.932203389830508
"507" 0.5 0.727272727272727 0.932203389830508
"508" 0.5 0.727272727272727 0.932203389830508
"509" 0.5 0.727272727272727 0.932203389830508
"510" 0.625 0.818181818181818 0.966101694915254
"511" 0.5 0.727272727272727 0.932203389830508
"512" 0.5 0.727272727272727 0.932203389830508
"513" 0.5 0.727272727272727 0.898305084745763
"514" 0.5 0.727272727272727 0.864406779661017
"515" 0.5 0.727272727272727 0.864406779661017
"516" 0.5 0.727272727272727 0.898305084745763
"517" 0.5 0.727272727272727 0.898305084745763
"518" 0.5 0.727272727272727 0.864406779661017
"519" 0.625 0.818181818181818 0.932203389830508
"520" 0.625 0.818181818181818 0.898305084745763
"521" 0.5 0.727272727272727 0.796610169491525
"522" 0.5 0.818181818181818 0.898305084745763
"523" 0.375 0.727272727272727 0.898305084745763
"524" 0.375 0.727272727272727 0.898305084745763
"525" 0.375 0.727272727272727 0.864406779661017
"526" 0.375 0.818181818181818 0.898305084745763
"527" 0.375 0.727272727272727 0.864406779661017
"528" 0.375 0.727272727272727 0.864406779661017
"529" 0.375 0.818181818181818 0.830508474576271
"530" 0.5 0.909090909090909 0.864406779661017
"531" 0.375 0.818181818181818 0.830508474576271
"532" 0.5 0.818181818181818 0.830508474576271
"533" 0.5 0.909090909090909 0.830508474576271
"534" 0.5 0.818181818181818 0.864406779661017
"535" 0.375 0.727272727272727 0.830508474576271
"536" 0.375 0.727272727272727 0.76271186440678
"537" 0.375 0.818181818181818 0.796610169491525
"538" 0.375 0.909090909090909 0.728813559322034
"539" 0.5 0.727272727272727 0.932203389830508
"540" 0.5 0.727272727272727 0.932203389830508
"541" 0.5 0.727272727272727 0.932203389830508
"542" 0.5 0.727272727272727 0.932203389830508
"543" 0.5 0.727272727272727 0.932203389830508
"544" 0.5 0.727272727272727 0.932203389830508
"545" 0.5 0.727272727272727 0.932203389830508
"546" 0.5 0.727272727272727 0.932203389830508
"547" 0.5 0.818181818181818 0.932203389830508
"548" 0.5 0.727272727272727 0.932203389830508
"549" 0.625 0.818181818181818 0.966101694915254
"550" 0.625 0.818181818181818 0.966101694915254
"551" 0.5 0.727272727272727 0.932203389830508
"552" 0.5 0.727272727272727 0.898305084745763
"553" 0.5 0.727272727272727 0.898305084745763
"554" 0.625 0.818181818181818 0.898305084745763
"555" 0.625 0.818181818181818 0.898305084745763
"556" 0.625 0.818181818181818 0.932203389830508
"557" 0.625 0.818181818181818 0.932203389830508
"558" 0.625 0.818181818181818 0.932203389830508
"559" 0.625 0.818181818181818 0.932203389830508
"560" 0.625 0.818181818181818 0.932203389830508
"561" 0.75 0.909090909090909 0.966101694915254
"562" 0.625 0.818181818181818 0.898305084745763
"563" 0.625 0.909090909090909 0.932203389830508
"564" 0.5 0.727272727272727 0.864406779661017
"565" 0.625 0.818181818181818 0.932203389830508
"566" 0.5 0.727272727272727 0.864406779661017
"567" 0.5 0.727272727272727 0.898305084745763
"568" 0.625 0.818181818181818 0.932203389830508
"569" 0.625 0.818181818181818 0.932203389830508
"570" 0.625 0.909090909090909 0.932203389830508
"571" 0.5 0.818181818181818 0.830508474576271
"572" 0.5 0.818181818181818 0.898305084745763
"573" 0.5 0.818181818181818 0.898305084745763
"574" 0.5 0.727272727272727 0.898305084745763
"575" 0.5 0.727272727272727 0.898305084745763
"576" 0.5 0.727272727272727 0.864406779661017
"577" 0.5 0.727272727272727 0.864406779661017
"578" 0.5 0.727272727272727 0.898305084745763
"579" 0.5 0.818181818181818 0.898305084745763
"580" 0.5 0.727272727272727 0.898305084745763
"581" 0.5 0.727272727272727 0.864406779661017
"582" 0.625 0.818181818181818 0.932203389830508
"583" 0.625 0.818181818181818 0.932203389830508
"584" 0.625 0.818181818181818 0.898305084745763
"585" 0.5 0.727272727272727 0.898305084745763
"586" 0.5 0.818181818181818 0.898305084745763
"587" 0.5 0.727272727272727 0.898305084745763
"588" 0.5 0.727272727272727 0.864406779661017
"589" 0.5 0.727272727272727 0.898305084745763
"590" 0.5 0.727272727272727 0.898305084745763
"591" 0.5 0.727272727272727 0.864406779661017
"592" 0.5 0.727272727272727 0.864406779661017
"593" 0.5 0.727272727272727 0.898305084745763
"594" 0.5 0.727272727272727 0.864406779661017
"595" 0.5 0.727272727272727 0.864406779661017
"596" 0.5 0.727272727272727 0.898305084745763
"597" 0.5 0.727272727272727 0.864406779661017
"598" 0.5 0.818181818181818 0.898305084745763
"599" 0.5 0.727272727272727 0.898305084745763
"600" 0.5 0.727272727272727 0.864406779661017
"601" 0.5 0.727272727272727 0.864406779661017
"602" 0.5 0.727272727272727 0.796610169491525
"603" 0.5 0.727272727272727 0.864406779661017
"604" 0.5 0.818181818181818 0.830508474576271
"605" 0.5 0.727272727272727 0.864406779661017
"606" 0.5 0.727272727272727 0.898305084745763
"607" 0.5 0.818181818181818 0.898305084745763
"608" 0.375 0.727272727272727 0.864406779661017
"609" 0.375 0.727272727272727 0.898305084745763
"610" 0.375 0.727272727272727 0.864406779661017
"611" 0.375 0.727272727272727 0.898305084745763
"612" 0.375 0.727272727272727 0.864406779661017
"613" 0.375 0.818181818181818 0.898305084745763
"614" 0.375 0.727272727272727 0.864406779661017
"615" 0.375 0.818181818181818 0.830508474576271
"616" 0.5 0.818181818181818 0.898305084745763
"617" 0.375 0.727272727272727 0.898305084745763
"618" 0.375 0.727272727272727 0.864406779661017
"619" 0.375 0.727272727272727 0.898305084745763
"620" 0.375 0.727272727272727 0.864406779661017
"621" 0.375 0.818181818181818 0.898305084745763
"622" 0.375 0.727272727272727 0.864406779661017
"623" 0.375 0.727272727272727 0.796610169491525
"624" 0.375 0.727272727272727 0.830508474576271
"625" 0.375 0.818181818181818 0.864406779661017
"626" 0.375 0.727272727272727 0.830508474576271
"627" 0.375 0.727272727272727 0.796610169491525
"628" 0.375 0.727272727272727 0.830508474576271
"629" 0.375 0.818181818181818 0.796610169491525
"630" 0.5 0.818181818181818 0.864406779661017
"631" 0.375 0.727272727272727 0.830508474576271
"632" 0.375 0.818181818181818 0.864406779661017
"633" 0.375 0.727272727272727 0.830508474576271
"634" 0.375 0.727272727272727 0.796610169491525
"635" 0.375 0.727272727272727 0.76271186440678
"636" 0.375 0.727272727272727 0.830508474576271
"637" 0.375 0.818181818181818 0.796610169491525
"638" 0.375 0.727272727272727 0.796610169491525
"639" 0.5 0.818181818181818 0.864406779661017
"640" 0.5 0.909090909090909 0.864406779661017
"641" 0.5 0.818181818181818 0.830508474576271
"642" 0.5 0.818181818181818 0.796610169491525
"643" 0.5 0.909090909090909 0.864406779661017
"644" 0.375 0.818181818181818 0.830508474576271
"645" 0.5 0.909090909090909 0.830508474576271
"646" 0.5 0.818181818181818 0.864406779661017
"647" 0.5 0.818181818181818 0.830508474576271
"648" 0.375 0.727272727272727 0.830508474576271
"649" 0.375 0.727272727272727 0.830508474576271
"650" 0.375 0.818181818181818 0.796610169491525
"651" 0.375 0.909090909090909 0.728813559322034
"652" 0.375 0.818181818181818 0.796610169491525
"653" 0.375 0.727272727272727 0.830508474576271
"654" 0.375 0.818181818181818 0.796610169491525
"655" 0.375 0.727272727272727 0.796610169491525
"656" 0.375 0.727272727272727 0.76271186440678
"657" 0.375 0.727272727272727 0.830508474576271
"658" 0.375 0.818181818181818 0.796610169491525
"659" 0.5 0.818181818181818 0.864406779661017
"660" 0.5 0.909090909090909 0.830508474576271
"661" 0.375 0.818181818181818 0.830508474576271
"662" 0.375 0.727272727272727 0.76271186440678
"663" 0.375 0.818181818181818 0.694915254237288
"664" 0.5 0.909090909090909 0.898305084745763
"665" 0.375 0.818181818181818 0.864406779661017
"666" 0.375 0.909090909090909 0.864406779661017
"667" 0.375 0.818181818181818 0.898305084745763
"668" 0.375 0.818181818181818 0.898305084745763
"669" 0.375 0.818181818181818 0.830508474576271
"670" 0.25 0.909090909090909 0.76271186440678
"671" 0.25 0.818181818181818 0.830508474576271
"672" 0.375 0.727272727272727 0.898305084745763
"673" 0.375 0.727272727272727 0.898305084745763
"674" 0.375 0.727272727272727 0.898305084745763
"675" 0.375 0.727272727272727 0.864406779661017
"676" 0.375 0.727272727272727 0.898305084745763
"677" 0.375 0.727272727272727 0.864406779661017
"678" 0.25 0.727272727272727 0.830508474576271
"679" 0.25 0.727272727272727 0.76271186440678
"680" 0.375 0.727272727272727 0.830508474576271
"681" 0.375 0.727272727272727 0.796610169491525
"682" 0.375 0.818181818181818 0.796610169491525
"683" 0.375 0.818181818181818 0.864406779661017
"684" 0.375 0.818181818181818 0.796610169491525
"685" 0.375 0.727272727272727 0.830508474576271
"686" 0.375 0.727272727272727 0.864406779661017
"687" 0.375 0.727272727272727 0.830508474576271
"688" 0.375 0.727272727272727 0.830508474576271
"689" 0.375 0.818181818181818 0.796610169491525
"690" 0.375 0.727272727272727 0.796610169491525
"691" 0.5 0.818181818181818 0.898305084745763
"692" 0.375 0.727272727272727 0.830508474576271
"693" 0.5 0.818181818181818 0.864406779661017
"694" 0.5 0.818181818181818 0.864406779661017
"695" 0.375 0.727272727272727 0.76271186440678
"696" 0.25 0.818181818181818 0.728813559322034
"697" 0.25 0.727272727272727 0.694915254237288
"698" 0.25 0.818181818181818 0.661016949152542
"699" 0.25 0.727272727272727 0.830508474576271
"700" 0.375 0.727272727272727 0.864406779661017
"701" 0.375 0.727272727272727 0.898305084745763
"702" 0.375 0.727272727272727 0.898305084745763
"703" 0.25 0.727272727272727 0.830508474576271
"704" 0.375 0.818181818181818 0.898305084745763
"705" 0.25 0.818181818181818 0.830508474576271
"706" 0.375 0.818181818181818 0.898305084745763
"707" 0.375 0.727272727272727 0.898305084745763
"708" 0.375 0.727272727272727 0.864406779661017
"709" 0.375 0.727272727272727 0.864406779661017
"710" 0.375 0.818181818181818 0.830508474576271
"711" 0.375 0.727272727272727 0.864406779661017
"712" 0.375 0.727272727272727 0.898305084745763
"713" 0.375 0.727272727272727 0.898305084745763
"714" 0.375 0.727272727272727 0.864406779661017
"715" 0.25 0.727272727272727 0.796610169491525
"716" 0.25 0.818181818181818 0.796610169491525
"717" 0.25 0.727272727272727 0.76271186440678
"718" 0.5 0.818181818181818 0.864406779661017
"719" 0.5 0.818181818181818 0.898305084745763
"720" 0.5 0.818181818181818 0.830508474576271
"721" 0.5 0.818181818181818 0.864406779661017
"722" 0.5 0.909090909090909 0.898305084745763
"723" 0.5 0.818181818181818 0.864406779661017
"724" 0.5 0.818181818181818 0.898305084745763
"725" 0.5 0.909090909090909 0.830508474576271
"726" 0.5 0.818181818181818 0.864406779661017
"727" 0.375 0.727272727272727 0.830508474576271
"728" 0.375 0.727272727272727 0.830508474576271
"729" 0.375 0.727272727272727 0.830508474576271
"730" 0.375 0.818181818181818 0.864406779661017
"731" 0.375 0.727272727272727 0.864406779661017
"732" 0.375 0.727272727272727 0.830508474576271
"733" 0.375 0.727272727272727 0.76271186440678
"734" 0.375 0.818181818181818 0.796610169491525
"735" 0.375 0.727272727272727 0.830508474576271
"736" 0.375 0.727272727272727 0.796610169491525
"737" 0.375 0.818181818181818 0.796610169491525
"738" 0.375 0.727272727272727 0.796610169491525
"739" 0.375 0.818181818181818 0.830508474576271
"740" 0.375 0.727272727272727 0.830508474576271
"741" 0.375 0.727272727272727 0.76271186440678
"742" 0.375 0.727272727272727 0.76271186440678
"743" 0.375 0.818181818181818 0.694915254237288
"744" 0.375 0.818181818181818 0.796610169491525
"745" 0.375 0.727272727272727 0.796610169491525
"746" 0.375 0.727272727272727 0.830508474576271
"747" 0.375 0.909090909090909 0.864406779661017
"748" 0.375 0.818181818181818 0.864406779661017
"749" 0.375 0.818181818181818 0.796610169491525
"750" 0.375 0.727272727272727 0.830508474576271
"751" 0.375 0.727272727272727 0.830508474576271
"752" 0.25 0.818181818181818 0.728813559322034
"753" 0.25 0.727272727272727 0.694915254237288
"754" 0.25 0.909090909090909 0.76271186440678
"755" 0.25 0.818181818181818 0.661016949152542
"756" 0.375 0.818181818181818 0.76271186440678
"757" 0.375 0.818181818181818 0.728813559322034
"758" 0.375 0.909090909090909 0.76271186440678
"759" 0.25 0.727272727272727 0.694915254237288
"760" 0.25 0.818181818181818 0.661016949152542
"761" 0.25 0.727272727272727 0.694915254237288
"762" 0.25 0.727272727272727 0.728813559322034
"763" 0.25 0.818181818181818 0.661016949152542
"764" 0.5 0.818181818181818 0.864406779661017
"765" 0.375 0.727272727272727 0.796610169491525
"766" 0.375 0.727272727272727 0.76271186440678
"767" 0.375 0.727272727272727 0.830508474576271
"768" 0.375 0.727272727272727 0.898305084745763
"769" 0.375 0.727272727272727 0.864406779661017
"770" 0.375 0.727272727272727 0.898305084745763
"771" 0.375 0.727272727272727 0.864406779661017
"772" 0.25 0.727272727272727 0.830508474576271
"773" 0.25 0.727272727272727 0.830508474576271
"774" 0.25 0.727272727272727 0.830508474576271
"775" 0.25 0.727272727272727 0.76271186440678
"776" 0.25 0.727272727272727 0.76271186440678
"777" 0.25 0.818181818181818 0.830508474576271
"778" 0.25 0.818181818181818 0.796610169491525
"779" 0.25 0.727272727272727 0.76271186440678
"780" 0.25 0.818181818181818 0.694915254237288
"781" 0.25 0.727272727272727 0.796610169491525
"782" 0.25 0.727272727272727 0.830508474576271
"783" 0.25 0.818181818181818 0.796610169491525
"784" 0.25 0.727272727272727 0.796610169491525
"785" 0.25 0.727272727272727 0.76271186440678
"786" 0.5 0.818181818181818 0.898305084745763
"787" 0.5 0.818181818181818 0.932203389830508
"788" 0.5 0.818181818181818 0.932203389830508
"789" 0.5 0.818181818181818 0.898305084745763
"790" 0.375 0.818181818181818 0.796610169491525
"791" 0.375 0.727272727272727 0.898305084745763
"792" 0.375 0.727272727272727 0.864406779661017
"793" 0.375 0.727272727272727 0.864406779661017
"794" 0.375 0.727272727272727 0.864406779661017
"795" 0.375 0.727272727272727 0.864406779661017
"796" 0.375 0.727272727272727 0.864406779661017
"797" 0.375 0.727272727272727 0.796610169491525
"798" 0.375 0.727272727272727 0.864406779661017
"799" 0.375 0.727272727272727 0.796610169491525
"800" 0.25 0.727272727272727 0.661016949152542
"801" 0.375 0.727272727272727 0.864406779661017
"802" 0.375 0.818181818181818 0.864406779661017
"803" 0.375 0.727272727272727 0.830508474576271
"804" 0.5 0.818181818181818 0.898305084745763
"805" 0.375 0.727272727272727 0.830508474576271
"806" 0.375 0.818181818181818 0.830508474576271
"807" 0.5 0.818181818181818 0.864406779661017
"808" 0.5 0.909090909090909 0.898305084745763
"809" 0.375 0.727272727272727 0.76271186440678
"810" 0.375 0.727272727272727 0.796610169491525
"811" 0.375 0.727272727272727 0.830508474576271
"812" 0.375 0.818181818181818 0.864406779661017
"813" 0.375 0.818181818181818 0.796610169491525
"814" 0.25 0.727272727272727 0.76271186440678
"815" 0.25 0.818181818181818 0.76271186440678
"816" 0.25 0.727272727272727 0.694915254237288
"817" 0.25 0.818181818181818 0.728813559322034
"818" 0.25 0.818181818181818 0.728813559322034
"819" 0.25 0.909090909090909 0.694915254237288
"820" 0.25 0.818181818181818 0.728813559322034
"821" 0.25 0.727272727272727 0.627118644067797
"822" 0.375 0.818181818181818 0.76271186440678
"823" 0.375 0.909090909090909 0.694915254237288
"824" 0.25 0.818181818181818 0.525423728813559
"825" 0.5 0.818181818181818 0.864406779661017
"826" 0.5 0.818181818181818 0.830508474576271
"827" 0.5 0.818181818181818 0.796610169491525
"828" 0.625 0.909090909090909 0.898305084745763
"829" 0.375 0.818181818181818 0.830508474576271
"830" 0.375 0.818181818181818 0.864406779661017
"831" 0.375 0.818181818181818 0.830508474576271
"832" 0.375 0.727272727272727 0.830508474576271
"833" 0.5 0.818181818181818 0.864406779661017
"834" 0.375 0.727272727272727 0.76271186440678
"835" 0.375 0.727272727272727 0.76271186440678
"836" 0.5 0.818181818181818 0.864406779661017
"837" 0.375 0.727272727272727 0.830508474576271
"838" 0.375 0.727272727272727 0.830508474576271
"839" 0.5 0.818181818181818 0.898305084745763
"840" 0.375 0.727272727272727 0.830508474576271
"841" 0.5 0.909090909090909 0.898305084745763
"842" 0.375 0.818181818181818 0.830508474576271
"843" 0.375 0.818181818181818 0.796610169491525
"844" 0.375 0.727272727272727 0.796610169491525
"845" 0.5 0.818181818181818 0.864406779661017
"846" 0.375 0.727272727272727 0.76271186440678
"847" 0.5 0.818181818181818 0.796610169491525
"848" 0.5 0.909090909090909 0.830508474576271
"849" 0.375 0.818181818181818 0.796610169491525
"850" 0.375 0.818181818181818 0.694915254237288
"851" 0.375 0.727272727272727 0.661016949152542
"852" 0.375 0.727272727272727 0.76271186440678
"853" 0.25 0.818181818181818 0.661016949152542
"854" 0.375 0.909090909090909 0.796610169491525
"855" 0.25 0.818181818181818 0.728813559322034
"856" 0.25 0.818181818181818 0.728813559322034
"857" 0.25 0.909090909090909 0.694915254237288
"858" 0.25 0.818181818181818 0.728813559322034
"859" 0.25 0.727272727272727 0.694915254237288
"860" 0.375 0.909090909090909 0.76271186440678
"861" 0.375 0.818181818181818 0.728813559322034
"862" 0.25 0.727272727272727 0.627118644067797
"863" 0.25 0.909090909090909 0.559322033898305
"864" 0.625 0.818181818181818 0.932203389830508
"865" 0.625 0.818181818181818 0.932203389830508
"866" 0.625 0.818181818181818 0.932203389830508
"867" 0.5 0.818181818181818 0.898305084745763
"868" 0.5 0.818181818181818 0.864406779661017
"869" 0.5 0.818181818181818 0.898305084745763
"870" 0.625 0.818181818181818 0.932203389830508
"871" 0.625 0.818181818181818 0.932203389830508
"872" 0.5 0.818181818181818 0.864406779661017
"873" 0.5 0.818181818181818 0.898305084745763
"874" 0.5 0.818181818181818 0.898305084745763
"875" 0.5 0.818181818181818 0.864406779661017
"876" 0.625 0.818181818181818 0.932203389830508
"877" 0.625 0.818181818181818 0.932203389830508
"878" 0.625 0.818181818181818 0.932203389830508
"879" 0.625 0.818181818181818 0.932203389830508
"880" 0.5 0.818181818181818 0.898305084745763
"881" 0.5 0.818181818181818 0.898305084745763
"882" 0.5 0.818181818181818 0.898305084745763
"883" 0.5 0.818181818181818 0.898305084745763
"884" 0.5 0.818181818181818 0.864406779661017
"885" 0.5 0.818181818181818 0.864406779661017
"886" 0.5 0.818181818181818 0.898305084745763
"887" 0.5 0.818181818181818 0.864406779661017
"888" 0.5 0.818181818181818 0.898305084745763
"889" 0.5 0.818181818181818 0.898305084745763
"890" 0.5 0.818181818181818 0.864406779661017
"891" 0.5 0.818181818181818 0.898305084745763
"892" 0.375 0.818181818181818 0.830508474576271
"893" 0.375 0.818181818181818 0.830508474576271
"894" 0.375 0.818181818181818 0.830508474576271
"895" 0.375 0.818181818181818 0.76271186440678
"896" 0.375 0.818181818181818 0.830508474576271
"897" 0.375 0.818181818181818 0.830508474576271
"898" 0.375 0.818181818181818 0.76271186440678
"899" 0.375 0.818181818181818 0.830508474576271
"900" 0.625 0.818181818181818 0.932203389830508
"901" 0.625 0.818181818181818 0.932203389830508
"902" 0.625 0.818181818181818 0.932203389830508
"903" 0.625 0.818181818181818 0.932203389830508
"904" 0.625 0.818181818181818 0.932203389830508
"905" 0.625 0.818181818181818 0.898305084745763
"906" 0.75 0.909090909090909 0.966101694915254
"907" 0.625 0.909090909090909 0.932203389830508
"908" 0.625 0.818181818181818 0.932203389830508
"909" 0.5 0.818181818181818 0.898305084745763
"910" 0.625 0.818181818181818 0.898305084745763
"911" 0.625 0.818181818181818 0.932203389830508
"912" 0.75 0.909090909090909 0.966101694915254
"913" 0.5 0.818181818181818 0.864406779661017
"914" 0.625 0.909090909090909 0.932203389830508
"915" 0.5 0.818181818181818 0.864406779661017
"916" 0.5 0.818181818181818 0.864406779661017
"917" 0.5 0.909090909090909 0.898305084745763
"918" 0.5 0.909090909090909 0.898305084745763
"919" 0.5 0.818181818181818 0.864406779661017
"920" 0.5 0.818181818181818 0.898305084745763
"921" 0.625 0.818181818181818 0.932203389830508
"922" 0.625 0.909090909090909 0.932203389830508
"923" 0.625 0.818181818181818 0.932203389830508
"924" 0.625 0.818181818181818 0.932203389830508
"925" 0.625 0.818181818181818 0.932203389830508
"926" 0.625 0.818181818181818 0.932203389830508
"927" 0.5 0.818181818181818 0.864406779661017
"928" 0.5 0.818181818181818 0.898305084745763
"929" 0.5 0.818181818181818 0.864406779661017
"930" 0.5 0.818181818181818 0.796610169491525
"931" 0.625 0.909090909090909 0.898305084745763
"932" 0.625 0.818181818181818 0.932203389830508
"933" 0.75 0.909090909090909 0.966101694915254
"934" 0.75 0.909090909090909 0.966101694915254
"935" 0.625 0.818181818181818 0.898305084745763
"936" 0.625 0.818181818181818 0.932203389830508
"937" 0.625 0.818181818181818 0.898305084745763
"938" 0.625 0.818181818181818 0.932203389830508
"939" 0.5 0.818181818181818 0.864406779661017
"940" 0.5 0.818181818181818 0.898305084745763
"941" 0.5 0.909090909090909 0.898305084745763
"942" 0.5 0.818181818181818 0.864406779661017
"943" 0.5 0.909090909090909 0.830508474576271
"944" 0.5 0.818181818181818 0.864406779661017
"945" 0.5 0.818181818181818 0.898305084745763
"946" 0.5 0.909090909090909 0.898305084745763
"947" 0.5 0.818181818181818 0.864406779661017
"948" 0.5 0.818181818181818 0.864406779661017
"949" 0.5 0.909090909090909 0.830508474576271
"950" 0.625 0.818181818181818 0.932203389830508
"951" 0.75 0.909090909090909 0.966101694915254
"952" 0.625 0.818181818181818 0.898305084745763
"953" 0.625 0.818181818181818 0.932203389830508
"954" 0.75 0.909090909090909 0.966101694915254
"955" 0.625 0.818181818181818 0.932203389830508
"956" 0.625 0.818181818181818 0.932203389830508
"957" 0.625 0.818181818181818 0.932203389830508
"958" 0.625 0.909090909090909 0.932203389830508
"959" 0.625 0.818181818181818 0.932203389830508
"960" 0.625 0.818181818181818 0.898305084745763
"961" 0.625 0.818181818181818 0.932203389830508
"962" 0.625 0.909090909090909 0.898305084745763
"963" 0.5 0.818181818181818 0.796610169491525
"964" 0.5 0.818181818181818 0.864406779661017
"965" 0.5 0.818181818181818 0.898305084745763
"966" 0.5 0.818181818181818 0.864406779661017
"967" 0.5 0.909090909090909 0.898305084745763
"968" 0.375 0.909090909090909 0.830508474576271
"969" 0.5 0.909090909090909 0.898305084745763
"970" 0.5 0.909090909090909 0.898305084745763
"971" 0.5 0.818181818181818 0.864406779661017
"972" 0.5 0.818181818181818 0.898305084745763
"973" 0.5 0.818181818181818 0.864406779661017
"974" 0.5 0.818181818181818 0.898305084745763
"975" 0.5 0.818181818181818 0.864406779661017
"976" 0.5 0.818181818181818 0.898305084745763
"977" 0.5 0.909090909090909 0.830508474576271
"978" 0.5 0.818181818181818 0.864406779661017
"979" 0.375 0.909090909090909 0.796610169491525
"980" 0.375 0.818181818181818 0.796610169491525
"981" 0.375 0.818181818181818 0.76271186440678
"982" 0.625 0.909090909090909 0.932203389830508
"983" 0.5 0.818181818181818 0.864406779661017
"984" 0.5 0.818181818181818 0.898305084745763
"985" 0.5 0.818181818181818 0.864406779661017
"986" 0.375 0.818181818181818 0.796610169491525
"987" 0.375 0.818181818181818 0.830508474576271
"988" 0.375 0.909090909090909 0.796610169491525
"989" 0.625 0.909090909090909 0.898305084745763
"990" 0.625 0.909090909090909 0.932203389830508
"991" 0.625 0.909090909090909 0.898305084745763
"992" 0.5 0.909090909090909 0.796610169491525
"993" 0.375 0.818181818181818 0.76271186440678
"994" 0.375 0.909090909090909 0.830508474576271
"995" 0.375 0.818181818181818 0.661016949152542
"996" 0.5 0.818181818181818 0.864406779661017
"997" 0.5 0.818181818181818 0.864406779661017
"998" 0.5 0.818181818181818 0.898305084745763
"999" 0.5 0.818181818181818 0.864406779661017
"1000" 0.5 0.818181818181818 0.864406779661017
"1001" 0.5 0.909090909090909 0.898305084745763
"1002" 0.5 0.818181818181818 0.796610169491525
"1003" 0.5 0.818181818181818 0.898305084745763
"1004" 0.5 0.818181818181818 0.864406779661017
"1005" 0.5 0.818181818181818 0.796610169491525
"1006" 0.5 0.818181818181818 0.864406779661017
"1007" 0.5 0.909090909090909 0.898305084745763
"1008" 0.375 0.909090909090909 0.830508474576271
"1009" 0.375 0.818181818181818 0.76271186440678
"1010" 0.375 0.818181818181818 0.796610169491525
"1011" 0.375 0.909090909090909 0.796610169491525
"1012" 0.375 0.818181818181818 0.76271186440678
"1013" 0.375 0.909090909090909 0.694915254237288
"1014" 0.75 0.818181818181818 0.932203389830508
"1015" 0.75 0.818181818181818 0.932203389830508
"1016" 0.875 0.909090909090909 0.966101694915254
"1017" 0.75 0.818181818181818 0.932203389830508
"1018" 0.625 0.818181818181818 0.898305084745763
"1019" 0.625 0.818181818181818 0.898305084745763
"1020" 0.625 0.818181818181818 0.898305084745763
"1021" 0.75 0.909090909090909 0.898305084745763
"1022" 0.625 0.818181818181818 0.898305084745763
"1023" 0.75 0.909090909090909 0.898305084745763
"1024" 0.625 0.818181818181818 0.898305084745763
"1025" 0.625 0.818181818181818 0.898305084745763
"1026" 0.5 0.818181818181818 0.830508474576271
"1027" 0.625 0.818181818181818 0.898305084745763
"1028" 0.625 0.818181818181818 0.898305084745763
"1029" 0.5 0.818181818181818 0.830508474576271
"1030" 0.5 0.818181818181818 0.830508474576271
"1031" 0.625 0.818181818181818 0.864406779661017
"1032" 0.625 0.909090909090909 0.864406779661017
"1033" 0.75 0.909090909090909 0.932203389830508
"1034" 0.625 0.909090909090909 0.864406779661017
"1035" 0.5 0.818181818181818 0.830508474576271
"1036" 0.5 0.909090909090909 0.796610169491525
"1037" 0.5 0.909090909090909 0.796610169491525
"1038" 0.625 0.818181818181818 0.864406779661017
"1039" 0.75 0.909090909090909 0.932203389830508
"1040" 0.625 0.909090909090909 0.898305084745763
"1041" 0.625 0.818181818181818 0.864406779661017
"1042" 0.625 0.818181818181818 0.864406779661017
"1043" 0.625 0.818181818181818 0.898305084745763
"1044" 0.75 0.909090909090909 0.932203389830508
"1045" 0.5 0.818181818181818 0.830508474576271
"1046" 0.5 0.818181818181818 0.830508474576271
"1047" 0.5 0.909090909090909 0.864406779661017
"1048" 0.625 0.818181818181818 0.864406779661017
"1049" 0.75 0.818181818181818 0.898305084745763
"1050" 0.625 0.818181818181818 0.864406779661017
"1051" 0.75 0.909090909090909 0.932203389830508
"1052" 0.625 0.818181818181818 0.864406779661017
"1053" 0.625 0.818181818181818 0.898305084745763
"1054" 0.75 0.818181818181818 0.932203389830508
"1055" 0.625 0.818181818181818 0.898305084745763
"1056" 0.875 0.909090909090909 0.966101694915254
"1057" 0.625 0.818181818181818 0.898305084745763
"1058" 0.75 0.818181818181818 0.932203389830508
"1059" 0.75 0.818181818181818 0.932203389830508
"1060" 0.625 0.909090909090909 0.898305084745763
"1061" 0.5 0.818181818181818 0.830508474576271
"1062" 0.5 0.909090909090909 0.864406779661017
"1063" 0.5 0.818181818181818 0.830508474576271
"1064" 0.625 0.818181818181818 0.864406779661017
"1065" 0.625 0.909090909090909 0.898305084745763
"1066" 0.625 0.818181818181818 0.898305084745763
"1067" 0.625 0.818181818181818 0.898305084745763
"1068" 0.625 0.818181818181818 0.898305084745763
"1069" 0.5 0.818181818181818 0.830508474576271
"1070" 0.5 0.818181818181818 0.796610169491525
"1071" 0.5 0.909090909090909 0.796610169491525
"1072" 0.75 0.909090909090909 0.932203389830508
"1073" 0.625 0.909090909090909 0.864406779661017
"1074" 0.5 0.818181818181818 0.796610169491525
"1075" 0.5 0.818181818181818 0.76271186440678
"1076" 0.625 0.818181818181818 0.864406779661017
"1077" 0.625 0.818181818181818 0.864406779661017
"1078" 0.75 0.818181818181818 0.898305084745763
"1079" 0.75 0.818181818181818 0.932203389830508
"1080" 0.875 0.909090909090909 0.966101694915254
"1081" 0.75 0.818181818181818 0.932203389830508
"1082" 0.625 0.818181818181818 0.864406779661017
"1083" 0.625 0.818181818181818 0.864406779661017
"1084" 0.75 0.909090909090909 0.932203389830508
"1085" 0.625 0.909090909090909 0.898305084745763
"1086" 0.625 0.818181818181818 0.898305084745763
"1087" 0.625 0.818181818181818 0.864406779661017
"1088" 0.75 0.909090909090909 0.898305084745763
"1089" 0.625 0.818181818181818 0.898305084745763
"1090" 0.75 0.818181818181818 0.932203389830508
"1091" 0.625 0.818181818181818 0.898305084745763
"1092" 0.75 0.818181818181818 0.932203389830508
"1093" 0.875 0.909090909090909 0.966101694915254
"1094" 0.75 0.909090909090909 0.898305084745763
"1095" 0.75 0.909090909090909 0.864406779661017
"1096" 0.875 1 0.932203389830508
"1097" 0.75 0.909090909090909 0.830508474576271
"1098" 0.75 0.909090909090909 0.932203389830508
"1099" 0.625 0.909090909090909 0.898305084745763
"1100" 0.625 0.818181818181818 0.864406779661017
"1101" 0.875 0.909090909090909 0.966101694915254
"1102" 1 1 1
"1103" 0.875 0.909090909090909 0.966101694915254
"1104" 0.75 0.818181818181818 0.932203389830508
"1105" 0.75 0.818181818181818 0.932203389830508
"1106" 0.875 0.909090909090909 0.966101694915254
"1107" 0.75 0.818181818181818 0.932203389830508
"1108" 0.75 0.818181818181818 0.898305084745763
"1109" 0.75 0.909090909090909 0.932203389830508
"1110" 0.75 0.818181818181818 0.932203389830508
"1111" 0.875 0.909090909090909 0.966101694915254
"1112" 0.875 0.909090909090909 0.932203389830508
"1113" 0.625 0.818181818181818 0.898305084745763
"1114" 0.75 0.909090909090909 0.898305084745763
"1115" 0.625 0.818181818181818 0.864406779661017
"1116" 0.625 0.909090909090909 0.898305084745763
"1117" 0.75 1 0.898305084745763
"1118" 0.75 1 0.864406779661017
"1119" 0.625 0.818181818181818 0.864406779661017
"1120" 0.625 0.818181818181818 0.864406779661017
"1121" 0.625 0.818181818181818 0.898305084745763
"1122" 0.625 0.818181818181818 0.898305084745763
"1123" 0.625 0.818181818181818 0.898305084745763
"1124" 0.625 0.818181818181818 0.864406779661017
"1125" 0.75 0.909090909090909 0.932203389830508
"1126" 0.625 0.909090909090909 0.898305084745763
"1127" 0.75 0.909090909090909 0.932203389830508
"1128" 0.75 0.909090909090909 0.932203389830508
"1129" 0.625 0.818181818181818 0.898305084745763
"1130" 0.625 0.818181818181818 0.864406779661017
"1131" 0.625 0.818181818181818 0.864406779661017
"1132" 0.625 0.909090909090909 0.898305084745763
"1133" 0.625 0.818181818181818 0.898305084745763
"1134" 0.75 0.909090909090909 0.932203389830508
"1135" 0.625 0.818181818181818 0.864406779661017
"1136" 0.875 1 0.966101694915254
"1137" 0.75 0.909090909090909 0.898305084745763
"1138" 0.75 0.909090909090909 0.898305084745763
"1139" 0.75 0.909090909090909 0.898305084745763
"1140" 0.75 1 0.932203389830508
"1141" 0.625 0.818181818181818 0.864406779661017
"1142" 0.75 0.909090909090909 0.932203389830508
"1143" 0.75 1 0.932203389830508
"1144" 0.625 0.909090909090909 0.898305084745763
"1145" 0.625 0.909090909090909 0.830508474576271
"1146" 0.625 0.818181818181818 0.864406779661017
"1147" 0.75 0.909090909090909 0.932203389830508
"1148" 0.625 0.909090909090909 0.898305084745763
"1149" 0.75 0.909090909090909 0.898305084745763
"1150" 0.625 0.818181818181818 0.796610169491525
"1151" 0.625 0.909090909090909 0.830508474576271
"1152" 0.625 0.909090909090909 0.830508474576271
"1153" 0.5 0.818181818181818 0.76271186440678
"1154" 0.5 0.909090909090909 0.830508474576271
"1155" 0.625 1 0.864406779661017
"1156" 0.625 1 0.830508474576271
"1157" 0.625 0.909090909090909 0.830508474576271
"1158" 0.5 0.818181818181818 0.796610169491525
"1159" 0.625 1 0.864406779661017
"1160" 0.625 0.909090909090909 0.796610169491525
"1161" 0.5 0.909090909090909 0.796610169491525
"1162" 0.625 0.909090909090909 0.864406779661017
"1163" 0.625 1 0.830508474576271
"1164" 0.5 0.909090909090909 0.694915254237288
"1165" 0.5 0.818181818181818 0.76271186440678
"1166" 0.5 0.909090909090909 0.830508474576271
"1167" 0.5 0.818181818181818 0.830508474576271
"1168" 0.5 0.818181818181818 0.796610169491525
"1169" 0.5 0.909090909090909 0.796610169491525
"1170" 0.5 0.909090909090909 0.796610169491525
"1171" 0.5 1 0.728813559322034
"1172" 0.625 0.818181818181818 0.796610169491525
"1173" 0.5 0.818181818181818 0.76271186440678
"1174" 0.5 0.818181818181818 0.76271186440678
"1175" 0.625 0.818181818181818 0.864406779661017
"1176" 0.625 0.818181818181818 0.864406779661017
"1177" 0.75 0.909090909090909 0.898305084745763
"1178" 0.625 0.909090909090909 0.864406779661017
"1179" 0.5 0.818181818181818 0.796610169491525
"1180" 0.5 0.818181818181818 0.830508474576271
"1181" 0.5 0.909090909090909 0.830508474576271
"1182" 0.625 0.909090909090909 0.830508474576271
"1183" 0.5 0.818181818181818 0.830508474576271
"1184" 0.75 0.909090909090909 0.898305084745763
"1185" 0.625 0.818181818181818 0.864406779661017
"1186" 0.625 0.818181818181818 0.864406779661017
"1187" 0.625 0.909090909090909 0.830508474576271
"1188" 0.5 0.818181818181818 0.830508474576271
"1189" 0.75 0.909090909090909 0.932203389830508
"1190" 0.625 0.818181818181818 0.898305084745763
"1191" 0.625 0.818181818181818 0.898305084745763
"1192" 0.75 0.909090909090909 0.932203389830508
"1193" 0.625 0.818181818181818 0.864406779661017
"1194" 0.625 0.818181818181818 0.898305084745763
"1195" 0.75 0.909090909090909 0.932203389830508
"1196" 0.625 0.818181818181818 0.898305084745763
"1197" 0.875 1 0.966101694915254
"1198" 0.75 0.909090909090909 0.898305084745763
"1199" 0.75 0.909090909090909 0.932203389830508
"1200" 0.625 0.909090909090909 0.898305084745763
"1201" 0.5 0.818181818181818 0.864406779661017
"1202" 0.625 0.909090909090909 0.864406779661017
"1203" 0.5 0.818181818181818 0.830508474576271
"1204" 0.5 0.909090909090909 0.864406779661017
"1205" 0.5 0.818181818181818 0.830508474576271
"1206" 0.625 0.909090909090909 0.830508474576271
"1207" 0.625 0.909090909090909 0.796610169491525
"1208" 0.75 1 0.898305084745763
"1209" 0.5 0.909090909090909 0.864406779661017
"1210" 0.625 0.909090909090909 0.898305084745763
"1211" 0.625 1 0.864406779661017
"1212" 0.625 1 0.830508474576271
"1213" 0.625 0.818181818181818 0.898305084745763
"1214" 0.625 0.818181818181818 0.898305084745763
"1215" 0.625 0.818181818181818 0.864406779661017
"1216" 0.625 0.818181818181818 0.864406779661017
"1217" 0.75 0.909090909090909 0.932203389830508
"1218" 0.625 0.818181818181818 0.864406779661017
"1219" 0.625 0.818181818181818 0.898305084745763
"1220" 0.75 0.909090909090909 0.932203389830508
"1221" 0.625 0.818181818181818 0.864406779661017
"1222" 0.625 0.818181818181818 0.864406779661017
"1223" 0.625 0.818181818181818 0.898305084745763
"1224" 0.625 0.818181818181818 0.898305084745763
"1225" 0.625 0.909090909090909 0.898305084745763
"1226" 0.5 0.818181818181818 0.830508474576271
"1227" 0.5 0.818181818181818 0.864406779661017
"1228" 0.625 0.909090909090909 0.864406779661017
"1229" 0.5 0.818181818181818 0.830508474576271
"1230" 0.5 0.909090909090909 0.864406779661017
"1231" 0.5 0.818181818181818 0.830508474576271
"1232" 0.5 0.818181818181818 0.796610169491525
"1233" 0.5 0.818181818181818 0.76271186440678
"1234" 0.5 0.818181818181818 0.830508474576271
"1235" 0.5 0.818181818181818 0.796610169491525
"1236" 0.5 0.818181818181818 0.830508474576271
"1237" 0.5 0.909090909090909 0.864406779661017
"1238" 0.5 0.909090909090909 0.796610169491525
"1239" 0.75 0.909090909090909 0.932203389830508
"1240" 0.75 1 0.932203389830508
"1241" 0.75 0.909090909090909 0.932203389830508
"1242" 0.75 0.909090909090909 0.898305084745763
"1243" 0.75 0.909090909090909 0.932203389830508
"1244" 0.625 0.909090909090909 0.898305084745763
"1245" 0.625 0.818181818181818 0.864406779661017
"1246" 0.625 0.909090909090909 0.830508474576271
"1247" 0.625 0.818181818181818 0.864406779661017
"1248" 0.625 0.818181818181818 0.864406779661017
"1249" 0.625 0.818181818181818 0.898305084745763
"1250" 0.625 0.818181818181818 0.898305084745763
"1251" 0.625 0.818181818181818 0.898305084745763
"1252" 0.625 0.818181818181818 0.864406779661017
"1253" 0.625 0.818181818181818 0.898305084745763
"1254" 0.75 0.909090909090909 0.932203389830508
"1255" 0.625 0.818181818181818 0.864406779661017
"1256" 0.75 0.909090909090909 0.932203389830508
"1257" 0.75 0.909090909090909 0.898305084745763
"1258" 0.875 1 0.966101694915254
"1259" 0.75 0.909090909090909 0.932203389830508
"1260" 0.75 0.909090909090909 0.898305084745763
"1261" 0.625 0.818181818181818 0.898305084745763
"1262" 0.625 0.818181818181818 0.864406779661017
"1263" 0.625 0.818181818181818 0.898305084745763
"1264" 0.75 0.909090909090909 0.932203389830508
"1265" 0.625 0.909090909090909 0.898305084745763
"1266" 0.625 0.818181818181818 0.898305084745763
"1267" 0.75 0.909090909090909 0.932203389830508
"1268" 0.625 0.818181818181818 0.898305084745763
"1269" 0.625 0.909090909090909 0.898305084745763
"1270" 0.625 0.818181818181818 0.864406779661017
"1271" 0.625 0.818181818181818 0.864406779661017
"1272" 0.625 0.818181818181818 0.864406779661017
"1273" 0.75 0.909090909090909 0.932203389830508
"1274" 0.625 0.818181818181818 0.898305084745763
"1275" 0.625 0.818181818181818 0.898305084745763
"1276" 0.625 0.909090909090909 0.898305084745763
"1277" 0.75 1 0.932203389830508
"1278" 0.625 0.909090909090909 0.898305084745763
"1279" 0.625 0.909090909090909 0.830508474576271
"1280" 0.625 0.818181818181818 0.864406779661017
"1281" 0.75 0.909090909090909 0.898305084745763
"1282" 0.625 0.818181818181818 0.864406779661017
"1283" 0.625 0.818181818181818 0.796610169491525
"1284" 0.5 0.818181818181818 0.830508474576271
"1285" 0.625 0.909090909090909 0.864406779661017
"1286" 0.5 0.818181818181818 0.830508474576271
"1287" 0.5 0.818181818181818 0.830508474576271
"1288" 0.5 0.909090909090909 0.796610169491525
"1289" 0.5 0.909090909090909 0.796610169491525
"1290" 0.625 0.909090909090909 0.864406779661017
"1291" 0.5 0.818181818181818 0.830508474576271
"1292" 0.625 1 0.864406779661017
"1293" 0.5 0.909090909090909 0.796610169491525
"1294" 0.5 0.818181818181818 0.796610169491525
"1295" 0.625 0.909090909090909 0.830508474576271
"1296" 0.625 0.909090909090909 0.796610169491525
"1297" 0.625 0.909090909090909 0.864406779661017
"1298" 0.625 1 0.830508474576271
"1299" 0.625 0.909090909090909 0.864406779661017
"1300" 0.5 0.818181818181818 0.830508474576271
"1301" 0.625 0.909090909090909 0.830508474576271
"1302" 0.5 0.909090909090909 0.830508474576271
"1303" 0.5 0.818181818181818 0.76271186440678
"1304" 0.625 1 0.864406779661017
"1305" 0.625 1 0.830508474576271
"1306" 0.5 0.909090909090909 0.796610169491525
"1307" 0.5 0.818181818181818 0.830508474576271
"1308" 0.5 0.818181818181818 0.796610169491525
"1309" 0.5 0.909090909090909 0.796610169491525
"1310" 0.5 1 0.728813559322034
"1311" 0.5 0.909090909090909 0.830508474576271
"1312" 0.5 0.818181818181818 0.76271186440678
"1313" 0.5 0.909090909090909 0.694915254237288
"1314" 0.5 0.909090909090909 0.830508474576271
"1315" 0.5 0.818181818181818 0.830508474576271
"1316" 0.5 0.818181818181818 0.76271186440678
"1317" 0.625 0.909090909090909 0.864406779661017
"1318" 0.5 0.818181818181818 0.830508474576271
"1319" 0.5 0.909090909090909 0.796610169491525
"1320" 0.5 0.818181818181818 0.76271186440678
"1321" 0.625 0.909090909090909 0.864406779661017
"1322" 0.5 0.818181818181818 0.796610169491525
"1323" 0.625 1 0.830508474576271
"1324" 0.5 0.909090909090909 0.694915254237288
"1325" 0.5 0.909090909090909 0.796610169491525
"1326" 0.5 0.818181818181818 0.830508474576271
"1327" 0.5 0.818181818181818 0.796610169491525
"1328" 0.5 0.818181818181818 0.864406779661017
"1329" 0.5 0.909090909090909 0.864406779661017
"1330" 0.5 0.818181818181818 0.830508474576271
"1331" 0.5 0.909090909090909 0.864406779661017
"1332" 0.5 0.818181818181818 0.830508474576271
"1333" 0.5 0.909090909090909 0.796610169491525
"1334" 0.5 1 0.864406779661017
"1335" 0.5 0.909090909090909 0.864406779661017
"1336" 0.5 0.818181818181818 0.864406779661017
"1337" 0.625 0.909090909090909 0.898305084745763
"1338" 0.5 0.818181818181818 0.830508474576271
"1339" 0.5 0.818181818181818 0.830508474576271
"1340" 0.5 0.818181818181818 0.796610169491525
"1341" 0.5 0.818181818181818 0.76271186440678
"1342" 0.625 0.909090909090909 0.864406779661017
"1343" 0.5 0.818181818181818 0.830508474576271
"1344" 0.625 1 0.898305084745763
"1345" 0.5 0.909090909090909 0.864406779661017
"1346" 0.5 0.909090909090909 0.796610169491525
"1347" 0.5 0.909090909090909 0.830508474576271
"1348" 0.5 0.818181818181818 0.830508474576271
"1349" 0.625 0.909090909090909 0.898305084745763
"1350" 0.625 0.909090909090909 0.864406779661017
"1351" 0.5 0.909090909090909 0.864406779661017
"1352" 0.5 0.909090909090909 0.830508474576271
"1353" 0.5 0.818181818181818 0.830508474576271
"1354" 0.5 0.818181818181818 0.830508474576271
"1355" 0.5 0.818181818181818 0.76271186440678
"1356" 0.625 0.909090909090909 0.898305084745763
"1357" 0.625 0.909090909090909 0.864406779661017
"1358" 0.625 0.909090909090909 0.864406779661017
"1359" 0.625 0.909090909090909 0.898305084745763
"1360" 0.5 0.818181818181818 0.830508474576271
"1361" 0.5 0.818181818181818 0.76271186440678
"1362" 0.5 0.818181818181818 0.830508474576271
"1363" 0.5 0.818181818181818 0.830508474576271
"1364" 0.5 0.818181818181818 0.830508474576271
"1365" 0.5 0.818181818181818 0.830508474576271
"1366" 0.5 0.818181818181818 0.76271186440678
"1367" 0.75 1 0.898305084745763
"1368" 0.625 0.909090909090909 0.864406779661017
"1369" 0.625 1 0.898305084745763
"1370" 0.625 0.909090909090909 0.796610169491525
"1371" 0.625 0.909090909090909 0.864406779661017
"1372" 0.625 1 0.898305084745763
"1373" 0.625 0.909090909090909 0.864406779661017
"1374" 0.625 1 0.830508474576271
"1375" 0.625 0.909090909090909 0.864406779661017
"1376" 0.625 0.909090909090909 0.830508474576271
"1377" 0.625 0.909090909090909 0.864406779661017
"1378" 0.625 0.909090909090909 0.864406779661017
"1379" 0.625 1 0.898305084745763
"1380" 0.625 0.909090909090909 0.898305084745763
"1381" 0.625 0.909090909090909 0.830508474576271
"1382" 0.625 0.909090909090909 0.796610169491525
"1383" 0.5 0.909090909090909 0.796610169491525
"1384" 0.5 0.909090909090909 0.796610169491525
"1385" 0.5 0.909090909090909 0.864406779661017
"1386" 0.5 1 0.864406779661017
"1387" 0.5 0.909090909090909 0.830508474576271
"1388" 0.5 0.818181818181818 0.796610169491525
"1389" 0.5 0.818181818181818 0.796610169491525
"1390" 0.5 0.818181818181818 0.830508474576271
"1391" 0.5 0.909090909090909 0.864406779661017
"1392" 0.5 0.818181818181818 0.830508474576271
"1393" 0.5 0.818181818181818 0.864406779661017
"1394" 0.5 0.818181818181818 0.76271186440678
"1395" 0.5 0.909090909090909 0.796610169491525
"1396" 0.5 0.818181818181818 0.830508474576271
"1397" 0.5 0.909090909090909 0.796610169491525
"1398" 0.5 0.818181818181818 0.796610169491525
"1399" 0.5 0.909090909090909 0.830508474576271
"1400" 0.5 0.818181818181818 0.76271186440678
"1401" 0.5 0.818181818181818 0.830508474576271
"1402" 0.5 0.818181818181818 0.830508474576271
"1403" 0.5 0.818181818181818 0.796610169491525
"1404" 0.5 0.909090909090909 0.830508474576271
"1405" 0.5 0.909090909090909 0.796610169491525
"1406" 0.5 0.818181818181818 0.76271186440678
"1407" 0.5 0.818181818181818 0.830508474576271
"1408" 0.5 0.818181818181818 0.76271186440678
"1409" 0.5 0.818181818181818 0.796610169491525
"1410" 0.5 0.909090909090909 0.796610169491525
"1411" 0.5 0.909090909090909 0.694915254237288
"1412" 0.5 0.818181818181818 0.661016949152542
"1413" 0.5 0.909090909090909 0.76271186440678
"1414" 0.5 1 0.694915254237288
"1415" 0.5 1 0.796610169491525
"1416" 0.375 0.909090909090909 0.728813559322034
"1417" 0.375 0.818181818181818 0.728813559322034
"1418" 0.375 0.818181818181818 0.76271186440678
"1419" 0.375 0.909090909090909 0.76271186440678
"1420" 0.375 0.909090909090909 0.661016949152542
"1421" 0.5 0.909090909090909 0.728813559322034
"1422" 0.375 0.818181818181818 0.627118644067797
"1423" 0.5 1 0.76271186440678
"1424" 0.375 0.909090909090909 0.728813559322034
"1425" 0.375 0.909090909090909 0.728813559322034
"1426" 0.375 0.818181818181818 0.694915254237288
"1427" 0.375 1 0.694915254237288
"1428" 0.375 0.909090909090909 0.728813559322034
"1429" 0.375 0.818181818181818 0.694915254237288
"1430" 0.375 0.909090909090909 0.728813559322034
"1431" 0.375 1 0.694915254237288
"1432" 0.375 0.818181818181818 0.694915254237288
"1433" 0.375 0.909090909090909 0.661016949152542
"1434" 0.375 1 0.559322033898305
"1435" 0.375 0.909090909090909 0.728813559322034
"1436" 0.375 0.818181818181818 0.627118644067797
"1437" 0.375 0.818181818181818 0.694915254237288
"1438" 0.375 1 0.76271186440678
"1439" 0.375 0.909090909090909 0.661016949152542
"1440" 0.375 0.909090909090909 0.728813559322034
"1441" 0.5 0.909090909090909 0.76271186440678
"1442" 0.375 0.818181818181818 0.694915254237288
"1443" 0.375 0.909090909090909 0.661016949152542
"1444" 0.5 1 0.76271186440678
"1445" 0.5 0.909090909090909 0.728813559322034
"1446" 0.375 0.909090909090909 0.525423728813559
"1447" 0.375 0.818181818181818 0.694915254237288
"1448" 0.375 1 0.76271186440678
"1449" 0.375 0.909090909090909 0.661016949152542
"1450" 0.375 0.909090909090909 0.728813559322034
