"direct path" "indirect path" "no path"
"1" 0.75 0.882352941176471 0.957446808510638
"2" 0.875 0.882352941176471 0.914893617021277
"3" 0.75 0.764705882352941 0.872340425531915
"4" 0.625 0.764705882352941 0.914893617021277
"5" 0.875 0.882352941176471 0.957446808510638
"6" 0.75 0.764705882352941 0.914893617021277
"7" 0.875 0.882352941176471 0.957446808510638
"8" 1 1 1
"9" 0.75 0.882352941176471 0.872340425531915
"10" 0.625 0.764705882352941 0.829787234042553
"11" 0.5 0.764705882352941 0.829787234042553
"12" 0.625 0.764705882352941 0.787234042553192
"13" 0.625 0.764705882352941 0.787234042553192
"14" 0.625 0.764705882352941 0.829787234042553
"15" 0.75 0.882352941176471 0.872340425531915
"16" 0.625 0.764705882352941 0.787234042553192
"17" 0.75 0.882352941176471 0.787234042553192
"18" 0.5 0.764705882352941 0.787234042553192
"19" 0.5 0.764705882352941 0.829787234042553
"20" 0.5 0.764705882352941 0.787234042553192
"21" 0.625 0.764705882352941 0.702127659574468
"22" 0.625 0.764705882352941 0.787234042553192
"23" 0.75 0.882352941176471 0.829787234042553
"24" 0.75 0.882352941176471 0.74468085106383
"25" 0.75 0.882352941176471 0.829787234042553
"26" 0.625 0.882352941176471 0.872340425531915
"27" 0.625 0.882352941176471 0.872340425531915
"28" 0.625 0.882352941176471 0.829787234042553
"29" 0.625 0.882352941176471 0.829787234042553
"30" 0.875 1 0.914893617021277
"31" 0.75 0.882352941176471 0.872340425531915
"32" 0.75 0.882352941176471 0.872340425531915
"33" 0.875 1 0.914893617021277
"34" 0.75 0.882352941176471 0.829787234042553
"35" 0.75 0.882352941176471 0.829787234042553
"36" 0.875 1 0.829787234042553
