"direct path" "indirect path" "no path"
"1" 0.571428571428571 0.75 0.95
"2" 0.571428571428571 0.833333333333333 0.95
"3" 0.571428571428571 0.833333333333333 0.9
"4" 0.714285714285714 0.916666666666667 0.95
"5" 0.571428571428571 0.75 0.9
"6" 0.714285714285714 0.833333333333333 0.95
"7" 0.571428571428571 0.75 0.85
"8" 0.571428571428571 0.75 0.9
"9" 0.571428571428571 0.75 0.85
"10" 0.714285714285714 0.75 0.9
"11" 0.857142857142857 0.916666666666667 0.95
"12" 0.714285714285714 0.833333333333333 0.95
"13" 0.857142857142857 0.833333333333333 0.95
"14" 1 1 1
"15" 0.857142857142857 0.916666666666667 1
"16" 0.857142857142857 0.916666666666667 0.85
"17" 0.857142857142857 0.916666666666667 0.95
"18" 0.714285714285714 0.833333333333333 0.95
"19" 0.714285714285714 0.833333333333333 0.9
"20" 0.714285714285714 0.833333333333333 0.9
"21" 0.714285714285714 0.75 0.85
"22" 0.714285714285714 0.75 0.9
"23" 0.714285714285714 0.75 0.85
"24" 0.714285714285714 0.916666666666667 0.9
"25" 0.571428571428571 0.833333333333333 0.85
"26" 0.857142857142857 1 0.95
"27" 0.714285714285714 0.916666666666667 0.9
"28" 0.714285714285714 0.916666666666667 0.95
"29" 0.571428571428571 0.833333333333333 0.85
"30" 0.571428571428571 0.833333333333333 0.85
"31" 0.571428571428571 0.833333333333333 0.85
"32" 0.571428571428571 0.833333333333333 0.75
"33" 0.571428571428571 0.833333333333333 0.8
"34" 0.571428571428571 0.833333333333333 0.8
"35" 0.714285714285714 0.916666666666667 0.8
"36" 0.714285714285714 0.916666666666667 0.85
