"direct path" "indirect path" "no path"
"1" 0.714285714285714 0.909090909090909 0.904761904761905
"2" 0.571428571428571 0.909090909090909 0.80952380952381
"3" 0.571428571428571 0.909090909090909 0.904761904761905
"4" 0.571428571428571 0.909090909090909 0.904761904761905
"5" 0.571428571428571 0.818181818181818 0.904761904761905
"6" 0.571428571428571 0.818181818181818 0.857142857142857
"7" 0.571428571428571 0.909090909090909 0.904761904761905
"8" 0.571428571428571 0.909090909090909 0.904761904761905
"9" 0.714285714285714 0.909090909090909 0.904761904761905
"10" 0.571428571428571 0.909090909090909 0.80952380952381
"11" 0.857142857142857 0.909090909090909 0.952380952380952
"12" 0.714285714285714 0.909090909090909 0.904761904761905
"13" 0.714285714285714 0.818181818181818 0.857142857142857
"14" 0.714285714285714 0.909090909090909 0.904761904761905
"15" 0.857142857142857 0.909090909090909 0.952380952380952
"16" 1 1 1
"17" 0.857142857142857 1 0.952380952380952
"18" 0.857142857142857 1 0.952380952380952
"19" 0.857142857142857 1 0.952380952380952
"20" 0.714285714285714 1 0.904761904761905
"21" 0.714285714285714 1 0.857142857142857
"22" 0.714285714285714 1 0.857142857142857
"23" 0.857142857142857 1 0.904761904761905
"24" 0.714285714285714 1 0.80952380952381
"25" 0.714285714285714 1 0.80952380952381
"26" 0.571428571428571 1 0.666666666666667
"27" 0.571428571428571 1 0.857142857142857
"28" 0.571428571428571 1 0.857142857142857
"29" 0.571428571428571 1 0.857142857142857
"30" 0.571428571428571 1 0.80952380952381
"31" 0.571428571428571 1 0.80952380952381
