"direct path" "indirect path" "no path"
"1" 0.769230769230769 0.923076923076923 0.958333333333333
"2" 0.846153846153846 0.961538461538462 0.972222222222222
"3" 0.846153846153846 0.961538461538462 0.944444444444444
"4" 0.769230769230769 0.923076923076923 0.930555555555556
"5" 0.846153846153846 0.961538461538462 0.972222222222222
"6" 0.923076923076923 1 0.986111111111111
"7" 0.846153846153846 0.961538461538462 0.958333333333333
"8" 0.769230769230769 0.923076923076923 0.944444444444444
"9" 0.923076923076923 1 0.986111111111111
"10" 1 1 1
"11" 0.923076923076923 0.961538461538462 0.986111111111111
"12" 0.846153846153846 0.961538461538462 0.972222222222222
"13" 0.846153846153846 0.923076923076923 0.958333333333333
"14" 0.769230769230769 0.923076923076923 0.944444444444444
"15" 0.923076923076923 0.961538461538462 0.972222222222222
"16" 0.846153846153846 0.961538461538462 0.958333333333333
"17" 0.846153846153846 0.923076923076923 0.958333333333333
"18" 0.846153846153846 0.923076923076923 0.958333333333333
"19" 0.769230769230769 0.923076923076923 0.930555555555556
"20" 0.769230769230769 0.923076923076923 0.958333333333333
"21" 0.923076923076923 0.961538461538462 0.972222222222222
"22" 0.846153846153846 0.961538461538462 0.944444444444444
"23" 0.846153846153846 0.961538461538462 0.972222222222222
"24" 0.923076923076923 0.961538461538462 0.972222222222222
"25" 0.692307692307692 0.923076923076923 0.930555555555556
"26" 0.769230769230769 0.923076923076923 0.958333333333333
"27" 0.692307692307692 0.923076923076923 0.888888888888889
"28" 0.769230769230769 0.961538461538462 0.944444444444444
"29" 0.769230769230769 0.923076923076923 0.930555555555556
"30" 0.846153846153846 0.961538461538462 0.972222222222222
"31" 0.769230769230769 0.923076923076923 0.944444444444444
"32" 0.923076923076923 1 0.986111111111111
"33" 0.846153846153846 0.961538461538462 0.958333333333333
"34" 0.846153846153846 0.961538461538462 0.972222222222222
"35" 0.846153846153846 0.961538461538462 0.944444444444444
"36" 0.769230769230769 0.961538461538462 0.944444444444444
"37" 0.846153846153846 1 0.958333333333333
"38" 0.769230769230769 0.961538461538462 0.902777777777778
"39" 0.692307692307692 0.923076923076923 0.916666666666667
"40" 0.692307692307692 0.923076923076923 0.930555555555556
"41" 0.692307692307692 0.923076923076923 0.902777777777778
"42" 0.769230769230769 0.961538461538462 0.944444444444444
"43" 0.692307692307692 0.923076923076923 0.930555555555556
"44" 0.692307692307692 0.923076923076923 0.916666666666667
"45" 0.769230769230769 0.923076923076923 0.930555555555556
"46" 0.769230769230769 0.923076923076923 0.930555555555556
"47" 0.769230769230769 0.923076923076923 0.930555555555556
"48" 0.846153846153846 0.961538461538462 0.958333333333333
"49" 0.769230769230769 0.961538461538462 0.944444444444444
"50" 0.692307692307692 0.923076923076923 0.902777777777778
"51" 0.769230769230769 0.961538461538462 0.944444444444444
"52" 0.692307692307692 0.961538461538462 0.916666666666667
"53" 0.692307692307692 0.923076923076923 0.902777777777778
"54" 0.692307692307692 0.923076923076923 0.930555555555556
"55" 0.692307692307692 0.923076923076923 0.916666666666667
"56" 0.615384615384615 0.923076923076923 0.902777777777778
"57" 0.615384615384615 0.923076923076923 0.861111111111111
"58" 0.769230769230769 0.961538461538462 0.944444444444444
"59" 0.769230769230769 0.961538461538462 0.944444444444444
"60" 0.769230769230769 0.961538461538462 0.944444444444444
"61" 0.692307692307692 0.961538461538462 0.916666666666667
"62" 0.923076923076923 1 0.972222222222222
"63" 0.846153846153846 1 0.958333333333333
"64" 0.846153846153846 1 0.958333333333333
"65" 0.846153846153846 1 0.958333333333333
"66" 0.769230769230769 1 0.930555555555556
"67" 0.846153846153846 0.961538461538462 0.944444444444444
"68" 0.769230769230769 0.961538461538462 0.930555555555556
"69" 0.769230769230769 0.961538461538462 0.916666666666667
"70" 0.769230769230769 0.961538461538462 0.930555555555556
"71" 0.846153846153846 0.961538461538462 0.944444444444444
"72" 0.846153846153846 0.961538461538462 0.944444444444444
"73" 0.769230769230769 0.961538461538462 0.916666666666667
"74" 0.769230769230769 0.961538461538462 0.930555555555556
"75" 0.769230769230769 0.961538461538462 0.916666666666667
"76" 0.692307692307692 0.961538461538462 0.875
"77" 0.846153846153846 1 0.958333333333333
"78" 0.923076923076923 1 0.972222222222222
"79" 0.846153846153846 1 0.958333333333333
"80" 0.769230769230769 1 0.930555555555556
"81" 0.846153846153846 1 0.958333333333333
"82" 0.769230769230769 0.961538461538462 0.944444444444444
"83" 0.846153846153846 0.961538461538462 0.958333333333333
"84" 0.769230769230769 0.961538461538462 0.944444444444444
"85" 0.769230769230769 0.961538461538462 0.944444444444444
"86" 0.692307692307692 0.961538461538462 0.916666666666667
"87" 0.769230769230769 0.961538461538462 0.944444444444444
"88" 0.692307692307692 0.923076923076923 0.930555555555556
"89" 0.846153846153846 0.961538461538462 0.944444444444444
"90" 0.846153846153846 0.961538461538462 0.944444444444444
"91" 0.846153846153846 0.961538461538462 0.944444444444444
"92" 0.769230769230769 0.961538461538462 0.930555555555556
"93" 0.769230769230769 0.961538461538462 0.916666666666667
"94" 0.769230769230769 0.923076923076923 0.930555555555556
"95" 0.692307692307692 0.923076923076923 0.916666666666667
"96" 0.769230769230769 0.923076923076923 0.930555555555556
"97" 0.692307692307692 0.923076923076923 0.902777777777778
"98" 0.769230769230769 0.923076923076923 0.930555555555556
"99" 0.769230769230769 0.961538461538462 0.930555555555556
"100" 0.769230769230769 0.961538461538462 0.916666666666667
"101" 0.769230769230769 0.961538461538462 0.930555555555556
"102" 0.769230769230769 0.961538461538462 0.944444444444444
"103" 0.769230769230769 0.961538461538462 0.916666666666667
"104" 0.769230769230769 0.961538461538462 0.944444444444444
"105" 0.692307692307692 0.961538461538462 0.916666666666667
"106" 0.692307692307692 0.961538461538462 0.875
"107" 0.692307692307692 0.923076923076923 0.930555555555556
"108" 0.692307692307692 0.923076923076923 0.902777777777778
"109" 0.692307692307692 0.923076923076923 0.916666666666667
"110" 0.692307692307692 0.923076923076923 0.916666666666667
"111" 0.692307692307692 0.923076923076923 0.902777777777778
"112" 0.692307692307692 0.923076923076923 0.930555555555556
"113" 0.615384615384615 0.923076923076923 0.902777777777778
"114" 0.615384615384615 0.923076923076923 0.861111111111111
"115" 0.692307692307692 0.961538461538462 0.888888888888889
"116" 0.692307692307692 0.961538461538462 0.902777777777778
"117" 0.692307692307692 0.961538461538462 0.916666666666667
"118" 0.769230769230769 1 0.930555555555556
"119" 0.692307692307692 1 0.902777777777778
"120" 0.769230769230769 1 0.930555555555556
"121" 0.692307692307692 0.961538461538462 0.916666666666667
"122" 0.615384615384615 0.961538461538462 0.888888888888889
"123" 0.615384615384615 0.961538461538462 0.847222222222222
"124" 0.692307692307692 0.961538461538462 0.888888888888889
"125" 0.692307692307692 0.961538461538462 0.902777777777778
"126" 0.769230769230769 0.961538461538462 0.916666666666667
"127" 0.692307692307692 0.961538461538462 0.902777777777778
"128" 0.846153846153846 1 0.944444444444444
"129" 0.769230769230769 0.961538461538462 0.916666666666667
"130" 0.769230769230769 0.961538461538462 0.916666666666667
"131" 0.769230769230769 1 0.930555555555556
"132" 0.692307692307692 0.961538461538462 0.916666666666667
"133" 0.692307692307692 0.961538461538462 0.888888888888889
"134" 0.615384615384615 0.923076923076923 0.902777777777778
"135" 0.615384615384615 0.923076923076923 0.902777777777778
"136" 0.615384615384615 0.923076923076923 0.902777777777778
"137" 0.538461538461538 0.923076923076923 0.875
"138" 0.692307692307692 0.923076923076923 0.902777777777778
"139" 0.692307692307692 0.923076923076923 0.902777777777778
"140" 0.692307692307692 0.923076923076923 0.902777777777778
"141" 0.769230769230769 0.961538461538462 0.930555555555556
"142" 0.615384615384615 0.923076923076923 0.888888888888889
"143" 0.692307692307692 0.961538461538462 0.916666666666667
"144" 0.615384615384615 0.923076923076923 0.875
"145" 0.615384615384615 0.923076923076923 0.875
"146" 0.692307692307692 0.961538461538462 0.916666666666667
"147" 0.615384615384615 0.923076923076923 0.888888888888889
"148" 0.615384615384615 0.961538461538462 0.888888888888889
"149" 0.538461538461538 0.923076923076923 0.833333333333333
"150" 0.692307692307692 0.961538461538462 0.916666666666667
"151" 0.615384615384615 0.923076923076923 0.888888888888889
"152" 0.615384615384615 0.923076923076923 0.875
