"direct path" "indirect path" "no path"
"1" 0.916666666666667 0.944444444444444 0.979381443298969
"2" 0.833333333333333 0.944444444444444 0.958762886597938
"3" 0.833333333333333 0.916666666666667 0.938144329896907
"4" 0.75 0.916666666666667 0.917525773195876
"5" 1 1 1
"6" 0.916666666666667 0.972222222222222 0.979381443298969
"7" 0.833333333333333 0.972222222222222 0.979381443298969
"8" 0.833333333333333 1 0.958762886597938
"9" 0.75 0.972222222222222 0.917525773195876
"10" 0.75 0.944444444444444 0.938144329896907
"11" 0.916666666666667 0.972222222222222 0.958762886597938
"12" 0.833333333333333 0.944444444444444 0.938144329896907
"13" 0.666666666666667 0.944444444444444 0.896907216494845
"14" 0.666666666666667 0.972222222222222 0.876288659793814
"15" 0.666666666666667 0.916666666666667 0.876288659793814
"16" 0.833333333333333 0.972222222222222 0.917525773195876
"17" 0.75 0.916666666666667 0.896907216494845
"18" 0.75 0.944444444444444 0.896907216494845
"19" 0.75 0.916666666666667 0.876288659793814
"20" 0.75 0.944444444444444 0.876288659793814
"21" 0.833333333333333 0.972222222222222 0.896907216494845
"22" 0.833333333333333 0.972222222222222 0.917525773195876
"23" 0.916666666666667 1 0.938144329896907
"24" 0.833333333333333 0.944444444444444 0.917525773195876
"25" 0.75 0.972222222222222 0.917525773195876
"26" 0.75 0.944444444444444 0.896907216494845
"27" 0.75 1 0.896907216494845
"28" 0.666666666666667 0.972222222222222 0.855670103092783
"29" 0.666666666666667 0.944444444444444 0.876288659793814
"30" 0.666666666666667 0.916666666666667 0.855670103092783
"31" 0.666666666666667 0.944444444444444 0.855670103092783
"32" 0.666666666666667 0.972222222222222 0.835051546391753
"33" 0.666666666666667 0.916666666666667 0.835051546391753
"34" 0.833333333333333 0.972222222222222 0.876288659793814
"35" 0.75 0.944444444444444 0.855670103092783
"36" 0.75 0.916666666666667 0.855670103092783
"37" 0.833333333333333 0.972222222222222 0.917525773195876
"38" 0.916666666666667 1 0.938144329896907
"39" 0.833333333333333 0.944444444444444 0.917525773195876
"40" 0.75 0.972222222222222 0.917525773195876
"41" 0.75 0.944444444444444 0.896907216494845
"42" 0.75 1 0.896907216494845
