"direct path" "indirect path" "no path"
"1" 0.75 0.923076923076923 0.927272727272727
"2" 0.875 0.923076923076923 0.963636363636364
"3" 0.75 0.923076923076923 0.927272727272727
"4" 0.75 0.923076923076923 0.890909090909091
"5" 0.875 1 0.963636363636364
"6" 1 1 1
"7" 0.875 1 0.927272727272727
"8" 0.625 0.923076923076923 0.818181818181818
"9" 0.625 0.923076923076923 0.818181818181818
"10" 0.625 0.923076923076923 0.854545454545454
"11" 0.625 0.923076923076923 0.890909090909091
"12" 0.625 0.923076923076923 0.854545454545454
"13" 0.625 0.923076923076923 0.890909090909091
"14" 0.625 0.923076923076923 0.854545454545454
"15" 0.625 0.923076923076923 0.818181818181818
"16" 0.75 0.923076923076923 0.890909090909091
"17" 0.625 0.923076923076923 0.745454545454545
"18" 0.625 0.923076923076923 0.818181818181818
"19" 0.75 0.923076923076923 0.854545454545454
"20" 0.75 0.923076923076923 0.890909090909091
"21" 0.75 0.923076923076923 0.890909090909091
"22" 0.625 0.923076923076923 0.818181818181818
"23" 0.625 0.923076923076923 0.818181818181818
"24" 0.875 1 0.927272727272727
"25" 0.875 1 0.927272727272727
"26" 0.875 1 0.890909090909091
"27" 0.75 1 0.854545454545454
"28" 0.75 1 0.854545454545454
"29" 0.75 1 0.781818181818182
"30" 0.75 1 0.890909090909091
"31" 0.75 1 0.927272727272727
"32" 0.75 1 0.890909090909091
"33" 0.75 1 0.854545454545454
