"direct path" "indirect path" "no path"
"1" 0.5 0.857142857142857 0.924528301886792
"2" 0.5 0.857142857142857 0.849056603773585
"3" 0.5 0.857142857142857 0.886792452830189
"4" 0.375 0.857142857142857 0.735849056603774
"5" 0.375 0.857142857142857 0.849056603773585
"6" 0.625 0.857142857142857 0.924528301886792
"7" 0.5 0.857142857142857 0.886792452830189
"8" 0.625 0.857142857142857 0.924528301886792
"9" 0.5 0.857142857142857 0.886792452830189
"10" 0.625 0.857142857142857 0.924528301886792
"11" 0.5 0.857142857142857 0.924528301886792
"12" 0.5 0.857142857142857 0.849056603773585
"13" 0.5 0.857142857142857 0.924528301886792
"14" 0.5 0.857142857142857 0.849056603773585
"15" 0.5 0.928571428571429 0.849056603773585
"16" 0.625 0.928571428571429 0.924528301886792
"17" 0.625 0.928571428571429 0.924528301886792
"18" 0.625 0.928571428571429 0.924528301886792
"19" 0.5 0.928571428571429 0.886792452830189
"20" 0.5 0.928571428571429 0.886792452830189
"21" 0.5 0.928571428571429 0.886792452830189
"22" 0.5 0.928571428571429 0.849056603773585
"23" 0.5 0.928571428571429 0.886792452830189
"24" 0.375 0.928571428571429 0.811320754716981
"25" 0.5 0.928571428571429 0.886792452830189
"26" 0.5 0.928571428571429 0.849056603773585
"27" 0.5 0.928571428571429 0.849056603773585
"28" 0.5 0.928571428571429 0.886792452830189
"29" 0.375 0.928571428571429 0.735849056603774
"30" 0.75 0.928571428571429 0.924528301886792
"31" 0.75 0.928571428571429 0.924528301886792
"32" 0.75 0.928571428571429 0.924528301886792
"33" 0.625 0.928571428571429 0.886792452830189
"34" 0.625 0.928571428571429 0.849056603773585
"35" 0.625 0.928571428571429 0.886792452830189
"36" 0.625 0.928571428571429 0.886792452830189
"37" 0.625 0.928571428571429 0.849056603773585
"38" 0.625 0.928571428571429 0.886792452830189
"39" 0.625 0.928571428571429 0.886792452830189
"40" 0.625 0.928571428571429 0.886792452830189
"41" 0.625 0.928571428571429 0.849056603773585
"42" 0.625 0.928571428571429 0.849056603773585
"43" 0.625 0.928571428571429 0.886792452830189
"44" 0.5 0.928571428571429 0.811320754716981
"45" 0.5 0.928571428571429 0.811320754716981
"46" 0.5 0.928571428571429 0.811320754716981
"47" 0.5 0.928571428571429 0.735849056603774
"48" 0.625 0.928571428571429 0.886792452830189
"49" 0.625 0.928571428571429 0.849056603773585
"50" 0.625 0.928571428571429 0.886792452830189
"51" 0.625 0.928571428571429 0.849056603773585
"52" 0.5 0.928571428571429 0.735849056603774
"53" 0.5 0.928571428571429 0.811320754716981
"54" 0.5 0.928571428571429 0.811320754716981
"55" 0.5 0.928571428571429 0.811320754716981
"56" 0.5 0.928571428571429 0.735849056603774
"57" 0.5 0.928571428571429 0.811320754716981
"58" 0.5 0.928571428571429 0.811320754716981
"59" 0.5 0.928571428571429 0.811320754716981
"60" 0.5 0.928571428571429 0.735849056603774
"61" 0.375 0.928571428571429 0.584905660377358
"62" 0.625 0.857142857142857 0.886792452830189
"63" 0.5 0.857142857142857 0.849056603773585
"64" 0.5 0.857142857142857 0.886792452830189
"65" 0.5 0.857142857142857 0.886792452830189
"66" 0.5 0.857142857142857 0.849056603773585
"67" 0.5 0.857142857142857 0.811320754716981
"68" 0.625 0.857142857142857 0.886792452830189
"69" 0.625 0.857142857142857 0.886792452830189
"70" 0.5 0.857142857142857 0.811320754716981
"71" 0.5 0.857142857142857 0.849056603773585
"72" 0.5 0.857142857142857 0.886792452830189
"73" 0.5 0.857142857142857 0.811320754716981
"74" 0.375 0.857142857142857 0.811320754716981
"75" 0.375 0.857142857142857 0.69811320754717
"76" 0.5 0.857142857142857 0.811320754716981
"77" 0.5 0.857142857142857 0.849056603773585
"78" 0.5 0.857142857142857 0.886792452830189
"79" 0.375 0.857142857142857 0.811320754716981
"80" 0.375 0.857142857142857 0.69811320754717
"81" 0.625 0.857142857142857 0.886792452830189
"82" 0.5 0.857142857142857 0.849056603773585
"83" 0.5 0.857142857142857 0.886792452830189
"84" 0.5 0.857142857142857 0.886792452830189
"85" 0.625 0.857142857142857 0.886792452830189
"86" 0.5 0.857142857142857 0.849056603773585
"87" 0.5 0.857142857142857 0.811320754716981
"88" 0.625 0.857142857142857 0.886792452830189
"89" 0.5 0.857142857142857 0.811320754716981
"90" 0.5 0.857142857142857 0.773584905660377
"91" 0.625 0.928571428571429 0.811320754716981
"92" 0.75 0.928571428571429 0.849056603773585
"93" 0.625 0.857142857142857 0.849056603773585
"94" 0.625 0.857142857142857 0.849056603773585
"95" 0.625 0.857142857142857 0.849056603773585
"96" 0.625 0.857142857142857 0.849056603773585
"97" 0.5 0.857142857142857 0.849056603773585
"98" 0.5 0.857142857142857 0.773584905660377
"99" 0.75 0.928571428571429 0.849056603773585
"100" 0.625 0.857142857142857 0.849056603773585
"101" 0.625 0.857142857142857 0.849056603773585
"102" 0.625 0.857142857142857 0.849056603773585
"103" 0.75 0.928571428571429 0.849056603773585
"104" 0.625 0.857142857142857 0.849056603773585
"105" 0.5 0.857142857142857 0.735849056603774
"106" 0.5 0.857142857142857 0.811320754716981
"107" 0.625 0.928571428571429 0.735849056603774
"108" 0.625 0.928571428571429 0.886792452830189
"109" 0.625 0.928571428571429 0.886792452830189
"110" 0.625 0.928571428571429 0.886792452830189
"111" 0.5 0.928571428571429 0.811320754716981
"112" 0.5 0.857142857142857 0.849056603773585
"113" 0.5 0.857142857142857 0.849056603773585
"114" 0.5 0.857142857142857 0.811320754716981
"115" 0.5 0.857142857142857 0.849056603773585
"116" 0.375 0.857142857142857 0.735849056603774
"117" 0.375 0.857142857142857 0.69811320754717
"118" 0.5 0.857142857142857 0.849056603773585
"119" 0.5 0.857142857142857 0.811320754716981
"120" 0.5 0.857142857142857 0.811320754716981
"121" 0.5 0.857142857142857 0.773584905660377
"122" 0.5 0.857142857142857 0.811320754716981
"123" 0.5 0.857142857142857 0.773584905660377
"124" 0.625 0.928571428571429 0.735849056603774
"125" 0.5 0.857142857142857 0.773584905660377
"126" 0.5 0.857142857142857 0.773584905660377
"127" 0.5 0.857142857142857 0.811320754716981
"128" 0.625 0.928571428571429 0.811320754716981
"129" 0.5 0.857142857142857 0.773584905660377
"130" 0.625 0.928571428571429 0.735849056603774
"131" 0.5 0.857142857142857 0.811320754716981
"132" 0.625 0.928571428571429 0.811320754716981
"133" 0.5 0.857142857142857 0.773584905660377
"134" 0.5 0.928571428571429 0.584905660377358
"135" 0.375 0.857142857142857 0.622641509433962
"136" 0.75 0.928571428571429 0.924528301886792
"137" 0.75 0.928571428571429 0.924528301886792
"138" 0.875 0.928571428571429 0.962264150943396
"139" 0.75 0.928571428571429 0.924528301886792
"140" 0.625 0.928571428571429 0.849056603773585
"141" 0.875 1 0.962264150943396
"142" 0.75 1 0.924528301886792
"143" 0.875 1 0.962264150943396
"144" 0.875 1 0.962264150943396
"145" 1 1 1
"146" 0.875 1 0.962264150943396
"147" 0.75 1 0.886792452830189
"148" 0.75 1 0.886792452830189
"149" 0.625 1 0.773584905660377
"150" 0.875 1 0.962264150943396
"151" 0.75 1 0.886792452830189
"152" 0.75 1 0.924528301886792
"153" 0.75 1 0.924528301886792
"154" 0.875 1 0.962264150943396
"155" 0.75 1 0.886792452830189
"156" 0.625 0.857142857142857 0.886792452830189
"157" 0.625 0.857142857142857 0.886792452830189
"158" 0.75 0.857142857142857 0.924528301886792
"159" 0.75 0.928571428571429 0.924528301886792
"160" 0.625 0.928571428571429 0.886792452830189
"161" 0.625 0.928571428571429 0.849056603773585
"162" 0.75 0.928571428571429 0.924528301886792
"163" 0.625 0.928571428571429 0.886792452830189
"164" 0.75 0.928571428571429 0.924528301886792
"165" 0.75 0.928571428571429 0.924528301886792
"166" 0.75 0.928571428571429 0.924528301886792
"167" 0.625 0.928571428571429 0.849056603773585
"168" 0.625 0.857142857142857 0.886792452830189
"169" 0.625 0.928571428571429 0.886792452830189
"170" 0.75 0.928571428571429 0.924528301886792
"171" 0.625 0.928571428571429 0.849056603773585
"172" 0.5 0.857142857142857 0.811320754716981
"173" 0.625 0.928571428571429 0.849056603773585
"174" 0.5 0.928571428571429 0.735849056603774
"175" 0.75 0.928571428571429 0.886792452830189
"176" 0.75 0.928571428571429 0.886792452830189
"177" 0.75 0.928571428571429 0.849056603773585
"178" 0.625 0.928571428571429 0.811320754716981
"179" 0.625 0.928571428571429 0.735849056603774
"180" 0.625 0.928571428571429 0.773584905660377
"181" 0.5 0.928571428571429 0.622641509433962
"182" 0.5 0.857142857142857 0.69811320754717
"183" 0.5 0.928571428571429 0.660377358490566
"184" 0.5 0.857142857142857 0.735849056603774
"185" 0.5 0.928571428571429 0.811320754716981
"186" 0.5 0.928571428571429 0.584905660377358
"187" 0.625 0.928571428571429 0.811320754716981
"188" 0.625 0.857142857142857 0.811320754716981
"189" 0.625 0.928571428571429 0.773584905660377
"190" 0.625 0.928571428571429 0.849056603773585
"191" 0.625 0.928571428571429 0.811320754716981
"192" 0.625 0.857142857142857 0.849056603773585
"193" 0.625 0.928571428571429 0.886792452830189
"194" 0.625 0.928571428571429 0.811320754716981
"195" 0.625 0.928571428571429 0.735849056603774
"196" 0.75 0.928571428571429 0.886792452830189
"197" 0.75 0.928571428571429 0.849056603773585
"198" 0.75 0.928571428571429 0.886792452830189
"199" 0.75 0.928571428571429 0.886792452830189
"200" 0.625 0.857142857142857 0.811320754716981
"201" 0.625 0.928571428571429 0.886792452830189
"202" 0.625 0.857142857142857 0.849056603773585
"203" 0.625 0.857142857142857 0.849056603773585
"204" 0.625 0.928571428571429 0.811320754716981
"205" 0.625 0.928571428571429 0.849056603773585
"206" 0.625 0.928571428571429 0.811320754716981
"207" 0.625 0.928571428571429 0.773584905660377
"208" 0.625 0.928571428571429 0.735849056603774
"209" 0.625 0.928571428571429 0.811320754716981
"210" 0.625 0.928571428571429 0.849056603773585
"211" 0.625 0.928571428571429 0.811320754716981
"212" 0.75 0.857142857142857 0.886792452830189
"213" 0.75 0.928571428571429 0.886792452830189
"214" 0.75 0.928571428571429 0.886792452830189
"215" 0.875 0.928571428571429 0.924528301886792
"216" 0.75 0.928571428571429 0.886792452830189
"217" 0.75 0.928571428571429 0.886792452830189
"218" 0.625 0.857142857142857 0.849056603773585
"219" 0.625 0.928571428571429 0.849056603773585
"220" 0.625 0.928571428571429 0.811320754716981
"221" 0.75 0.928571428571429 0.849056603773585
"222" 0.75 0.928571428571429 0.886792452830189
"223" 0.75 0.928571428571429 0.886792452830189
"224" 0.625 0.928571428571429 0.811320754716981
"225" 0.625 0.928571428571429 0.849056603773585
"226" 0.625 0.928571428571429 0.811320754716981
"227" 0.625 0.857142857142857 0.849056603773585
"228" 0.75 0.857142857142857 0.886792452830189
"229" 0.75 0.928571428571429 0.924528301886792
"230" 0.75 0.857142857142857 0.886792452830189
"231" 0.625 0.928571428571429 0.886792452830189
"232" 0.625 0.857142857142857 0.811320754716981
"233" 0.75 0.928571428571429 0.886792452830189
"234" 0.875 0.928571428571429 0.924528301886792
"235" 0.875 0.928571428571429 0.924528301886792
"236" 0.875 0.928571428571429 0.924528301886792
"237" 0.75 0.928571428571429 0.886792452830189
"238" 0.75 0.928571428571429 0.849056603773585
"239" 0.75 0.928571428571429 0.886792452830189
"240" 0.75 0.928571428571429 0.849056603773585
"241" 0.75 0.928571428571429 0.886792452830189
"242" 0.75 0.928571428571429 0.886792452830189
"243" 0.75 0.928571428571429 0.849056603773585
"244" 0.75 0.928571428571429 0.886792452830189
"245" 0.625 0.928571428571429 0.773584905660377
"246" 0.625 0.928571428571429 0.811320754716981
"247" 0.625 0.928571428571429 0.735849056603774
"248" 0.75 0.928571428571429 0.849056603773585
"249" 0.75 0.928571428571429 0.849056603773585
"250" 0.75 0.928571428571429 0.849056603773585
"251" 0.875 1 0.849056603773585
"252" 0.75 0.928571428571429 0.849056603773585
"253" 0.75 0.928571428571429 0.849056603773585
"254" 0.75 0.928571428571429 0.849056603773585
"255" 0.75 0.928571428571429 0.849056603773585
"256" 0.75 0.928571428571429 0.849056603773585
"257" 0.75 0.928571428571429 0.849056603773585
"258" 0.875 1 0.849056603773585
"259" 0.75 0.928571428571429 0.849056603773585
"260" 0.75 0.928571428571429 0.849056603773585
"261" 0.875 1 0.849056603773585
"262" 0.75 1 0.886792452830189
"263" 0.625 0.928571428571429 0.849056603773585
"264" 0.625 0.928571428571429 0.811320754716981
"265" 0.625 0.928571428571429 0.849056603773585
"266" 0.625 0.928571428571429 0.849056603773585
"267" 0.625 0.928571428571429 0.773584905660377
"268" 0.625 0.928571428571429 0.773584905660377
"269" 0.75 1 0.735849056603774
"270" 0.625 0.928571428571429 0.773584905660377
"271" 0.625 0.928571428571429 0.773584905660377
"272" 0.625 0.928571428571429 0.811320754716981
"273" 0.625 0.928571428571429 0.811320754716981
"274" 0.625 0.928571428571429 0.849056603773585
"275" 0.625 0.928571428571429 0.811320754716981
"276" 0.625 0.928571428571429 0.811320754716981
"277" 0.75 1 0.811320754716981
"278" 0.75 1 0.811320754716981
"279" 0.625 0.928571428571429 0.811320754716981
"280" 0.625 0.928571428571429 0.811320754716981
"281" 0.625 0.928571428571429 0.849056603773585
"282" 0.625 0.928571428571429 0.773584905660377
"283" 0.625 0.928571428571429 0.811320754716981
"284" 0.625 0.928571428571429 0.811320754716981
"285" 0.75 1 0.886792452830189
"286" 0.625 0.928571428571429 0.811320754716981
"287" 0.625 0.928571428571429 0.849056603773585
"288" 0.625 0.928571428571429 0.849056603773585
"289" 0.625 0.928571428571429 0.849056603773585
"290" 0.625 0.928571428571429 0.773584905660377
"291" 0.625 0.928571428571429 0.773584905660377
"292" 0.625 0.928571428571429 0.773584905660377
"293" 0.75 1 0.735849056603774
"294" 0.625 0.928571428571429 0.811320754716981
"295" 0.75 1 0.811320754716981
"296" 0.625 0.928571428571429 0.849056603773585
"297" 0.625 0.928571428571429 0.773584905660377
"298" 0.75 1 0.886792452830189
"299" 0.625 0.928571428571429 0.849056603773585
"300" 0.625 0.928571428571429 0.886792452830189
"301" 0.625 0.928571428571429 0.811320754716981
"302" 0.625 0.928571428571429 0.849056603773585
"303" 0.625 0.928571428571429 0.735849056603774
"304" 0.625 0.928571428571429 0.811320754716981
"305" 0.625 0.928571428571429 0.773584905660377
"306" 0.75 1 0.735849056603774
"307" 0.625 0.928571428571429 0.773584905660377
"308" 0.5 0.928571428571429 0.773584905660377
"309" 0.5 0.928571428571429 0.735849056603774
"310" 0.625 1 0.811320754716981
"311" 0.5 0.928571428571429 0.69811320754717
"312" 0.5 0.928571428571429 0.811320754716981
"313" 0.5 0.928571428571429 0.69811320754717
"314" 0.5 0.928571428571429 0.622641509433962
"315" 0.5 0.928571428571429 0.660377358490566
"316" 0.625 1 0.584905660377358
"317" 0.625 0.928571428571429 0.773584905660377
"318" 0.625 0.928571428571429 0.773584905660377
"319" 0.625 0.928571428571429 0.811320754716981
"320" 0.625 0.928571428571429 0.811320754716981
"321" 0.625 0.928571428571429 0.811320754716981
"322" 0.625 0.928571428571429 0.811320754716981
"323" 0.625 0.928571428571429 0.849056603773585
"324" 0.75 1 0.811320754716981
"325" 0.625 0.928571428571429 0.849056603773585
"326" 0.75 1 0.811320754716981
"327" 0.625 0.928571428571429 0.811320754716981
"328" 0.625 0.928571428571429 0.849056603773585
"329" 0.625 0.928571428571429 0.811320754716981
"330" 0.625 0.928571428571429 0.773584905660377
"331" 0.75 1 0.811320754716981
"332" 0.625 0.928571428571429 0.811320754716981
"333" 0.625 0.928571428571429 0.811320754716981
"334" 0.625 0.928571428571429 0.773584905660377
"335" 0.625 0.928571428571429 0.773584905660377
"336" 0.625 0.928571428571429 0.811320754716981
"337" 0.75 1 0.773584905660377
"338" 0.625 1 0.735849056603774
"339" 0.625 0.928571428571429 0.773584905660377
"340" 0.625 0.928571428571429 0.811320754716981
"341" 0.625 0.928571428571429 0.811320754716981
"342" 0.75 1 0.811320754716981
"343" 0.625 0.928571428571429 0.849056603773585
"344" 0.625 0.928571428571429 0.811320754716981
"345" 0.625 0.928571428571429 0.773584905660377
"346" 0.625 0.928571428571429 0.811320754716981
"347" 0.625 0.928571428571429 0.773584905660377
"348" 0.625 0.928571428571429 0.811320754716981
"349" 0.625 0.928571428571429 0.773584905660377
"350" 0.625 0.928571428571429 0.811320754716981
"351" 0.625 0.928571428571429 0.849056603773585
"352" 0.625 0.928571428571429 0.849056603773585
"353" 0.625 0.928571428571429 0.811320754716981
"354" 0.625 0.928571428571429 0.811320754716981
"355" 0.625 0.928571428571429 0.773584905660377
"356" 0.625 0.928571428571429 0.811320754716981
"357" 0.625 0.928571428571429 0.773584905660377
"358" 0.75 1 0.811320754716981
"359" 0.625 0.928571428571429 0.773584905660377
"360" 0.75 1 0.773584905660377
"361" 0.625 1 0.735849056603774
"362" 0.625 0.928571428571429 0.811320754716981
"363" 0.75 1 0.811320754716981
"364" 0.625 0.928571428571429 0.773584905660377
"365" 0.75 1 0.773584905660377
"366" 0.625 0.928571428571429 0.773584905660377
"367" 0.625 1 0.735849056603774
"368" 0.5 0.928571428571429 0.735849056603774
"369" 0.5 0.928571428571429 0.69811320754717
"370" 0.5 0.928571428571429 0.773584905660377
"371" 0.625 1 0.811320754716981
"372" 0.5 0.928571428571429 0.773584905660377
"373" 0.5 0.928571428571429 0.811320754716981
"374" 0.5 0.928571428571429 0.69811320754717
"375" 0.5 0.928571428571429 0.660377358490566
"376" 0.5 0.928571428571429 0.735849056603774
"377" 0.5 0.928571428571429 0.773584905660377
"378" 0.625 1 0.735849056603774
"379" 0.5 0.928571428571429 0.735849056603774
"380" 0.5 0.928571428571429 0.773584905660377
"381" 0.5 0.928571428571429 0.849056603773585
"382" 0.5 0.928571428571429 0.773584905660377
"383" 0.5 0.928571428571429 0.735849056603774
"384" 0.625 1 0.69811320754717
"385" 0.5 0.928571428571429 0.735849056603774
"386" 0.5 0.928571428571429 0.69811320754717
"387" 0.5 0.928571428571429 0.773584905660377
"388" 0.5 0.928571428571429 0.811320754716981
"389" 0.5 0.928571428571429 0.811320754716981
"390" 0.625 1 0.849056603773585
"391" 0.5 0.928571428571429 0.660377358490566
"392" 0.5 0.928571428571429 0.811320754716981
"393" 0.5 0.928571428571429 0.735849056603774
"394" 0.5 0.928571428571429 0.69811320754717
"395" 0.5 0.928571428571429 0.773584905660377
"396" 0.5 0.928571428571429 0.849056603773585
"397" 0.5 0.928571428571429 0.811320754716981
"398" 0.625 1 0.849056603773585
"399" 0.5 0.928571428571429 0.773584905660377
"400" 0.5 1 0.811320754716981
"401" 0.5 0.928571428571429 0.69811320754717
"402" 0.5 0.928571428571429 0.735849056603774
"403" 0.5 1 0.69811320754717
"404" 0.625 1 0.735849056603774
"405" 0.5 0.928571428571429 0.660377358490566
"406" 0.625 1 0.622641509433962
"407" 0.5 1 0.584905660377358
"408" 0.5 0.928571428571429 0.849056603773585
"409" 0.5 0.928571428571429 0.773584905660377
"410" 0.5 0.928571428571429 0.773584905660377
"411" 0.5 0.928571428571429 0.69811320754717
"412" 0.5 0.928571428571429 0.811320754716981
"413" 0.5 0.928571428571429 0.735849056603774
"414" 0.5 0.928571428571429 0.811320754716981
"415" 0.5 0.928571428571429 0.735849056603774
"416" 0.625 1 0.849056603773585
"417" 0.5 0.928571428571429 0.773584905660377
"418" 0.625 1 0.69811320754717
"419" 0.5 0.928571428571429 0.811320754716981
"420" 0.5 0.928571428571429 0.773584905660377
"421" 0.5 0.928571428571429 0.735849056603774
"422" 0.5 0.928571428571429 0.773584905660377
"423" 0.625 1 0.849056603773585
"424" 0.5 1 0.811320754716981
"425" 0.5 0.928571428571429 0.849056603773585
"426" 0.5 0.928571428571429 0.811320754716981
"427" 0.5 0.928571428571429 0.811320754716981
"428" 0.5 0.928571428571429 0.69811320754717
"429" 0.5 0.928571428571429 0.773584905660377
"430" 0.625 1 0.811320754716981
"431" 0.625 1 0.735849056603774
"432" 0.625 1 0.735849056603774
"433" 0.5 0.928571428571429 0.735849056603774
"434" 0.5 0.928571428571429 0.735849056603774
"435" 0.5 0.928571428571429 0.773584905660377
"436" 0.5 0.928571428571429 0.773584905660377
"437" 0.5 0.928571428571429 0.735849056603774
"438" 0.5 0.928571428571429 0.735849056603774
"439" 0.5 1 0.69811320754717
"440" 0.5 0.928571428571429 0.69811320754717
"441" 0.5 0.928571428571429 0.69811320754717
"442" 0.5 0.928571428571429 0.660377358490566
"443" 0.5 0.928571428571429 0.660377358490566
"444" 0.5 0.928571428571429 0.69811320754717
"445" 0.5 0.928571428571429 0.660377358490566
"446" 0.5 1 0.584905660377358
"447" 0.625 1 0.622641509433962
"448" 0.5 0.928571428571429 0.811320754716981
"449" 0.5 0.928571428571429 0.773584905660377
"450" 0.625 1 0.849056603773585
"451" 0.5 0.928571428571429 0.849056603773585
"452" 0.5 1 0.811320754716981
"453" 0.5 0.928571428571429 0.773584905660377
"454" 0.5 0.928571428571429 0.735849056603774
"455" 0.5 0.928571428571429 0.773584905660377
"456" 0.5 0.928571428571429 0.849056603773585
"457" 0.625 1 0.849056603773585
"458" 0.5 0.928571428571429 0.811320754716981
"459" 0.5 0.928571428571429 0.773584905660377
"460" 0.625 1 0.811320754716981
"461" 0.5 0.928571428571429 0.811320754716981
"462" 0.5 0.928571428571429 0.69811320754717
"463" 0.375 0.928571428571429 0.773584905660377
"464" 0.375 0.928571428571429 0.69811320754717
"465" 0.375 0.928571428571429 0.622641509433962
"466" 0.5 1 0.69811320754717
"467" 0.375 0.928571428571429 0.584905660377358
"468" 0.375 0.928571428571429 0.547169811320755
"469" 0.375 0.928571428571429 0.660377358490566
"470" 0.5 1 0.773584905660377
"471" 0.375 0.928571428571429 0.69811320754717
"472" 0.375 1 0.735849056603774
"473" 0.5 0.928571428571429 0.773584905660377
"474" 0.5 0.928571428571429 0.773584905660377
"475" 0.5 0.928571428571429 0.773584905660377
"476" 0.5 0.928571428571429 0.69811320754717
"477" 0.375 0.928571428571429 0.547169811320755
"478" 0.375 0.928571428571429 0.471698113207547
"479" 0.5 1 0.433962264150943
"480" 0.375 1 0.39622641509434
"481" 0.625 1 0.622641509433962
"482" 0.5 1 0.584905660377358
"483" 0.5 0.928571428571429 0.660377358490566
"484" 0.5 0.928571428571429 0.622641509433962
"485" 0.5 0.928571428571429 0.735849056603774
"486" 0.625 1 0.69811320754717
"487" 0.5 0.928571428571429 0.69811320754717
"488" 0.5 0.928571428571429 0.69811320754717
"489" 0.5 0.928571428571429 0.69811320754717
"490" 0.5 0.928571428571429 0.69811320754717
"491" 0.625 1 0.735849056603774
"492" 0.625 1 0.735849056603774
"493" 0.5 0.928571428571429 0.660377358490566
"494" 0.5 1 0.69811320754717
