8 #edges
0 1
0 2
0 8;9
0 5
0 6;7
0 10
2 4
6;7 3
8 #edges
0 1
0 2
0 4
0 8;9
0 5
0 6;7
0 10
2 3
8 #edges
0 1
0 2
0 4
0 8;9
0 5
0 6;7
0 10
6;7 3
8 #edges
0 1
0 2
0 8;9
0 5
0 6;7
0 10
2 3
6;7 4
8 #edges
0 1
0 2
0 8;9
0 5
0 6;7
0 10
6;7 3
6;7 4
8 #edges
0 1
0 2
0 8;9
0 5
0 6;7
0 10
2 3
3 4
8 #edges
0 1
0 2
0 8;9
0 5
0 6;7
0 10
3 4
6;7 3
8 #edges
0 1
0 3
0 4
0 8;9
0 5
0 6;7
0 10
6;7 2
8 #edges
0 1
0 4
0 8;9
0 5
0 6;7
0 10
2 3
6;7 2
8 #edges
0 1
0 3
0 8;9
0 5
0 6;7
0 10
3 4
6;7 2
8 #edges
0 1
0 3
0 8;9
0 5
0 6;7
0 10
2 4
6;7 2
8 #edges
0 1
0 8;9
0 5
0 6;7
0 10
3 4
2 3
6;7 2
8 #edges
0 1
0 2
0 4
0 5
0 6;7
0 10
2 3
4 8;9
8 #edges
0 1
0 2
0 4
0 5
0 6;7
0 10
4 8;9
6;7 3
8 #edges
0 1
0 4
0 5
0 6;7
0 10
4 8;9
2 3
6;7 2
8 #edges
0 1
0 3
0 4
0 5
0 6;7
0 10
4 8;9
6;7 2
8 #edges
0 1
0 3
0 4
0 5
0 6;7
0 10
3 8;9
6;7 2
8 #edges
0 1
0 3
0 4
0 5
0 6;7
0 10
2 8;9
6;7 2
8 #edges
0 1
0 3
0 4
0 5
0 6;7
0 10
6;7 2
6;7 8;9
8 #edges
0 1
0 2
0 4
0 5
0 6;7
0 10
3 8;9
6;7 3
8 #edges
0 1
0 2
0 4
0 5
0 6;7
0 10
2 8;9
6;7 3
8 #edges
0 1
0 2
0 4
0 5
0 6;7
0 10
6;7 3
6;7 8;9
8 #edges
0 1
0 4
0 5
0 6;7
0 10
2 3
6;7 2
6;7 8;9
8 #edges
0 1
0 4
0 5
0 6;7
0 10
3 8;9
2 3
6;7 2
8 #edges
0 1
0 2
0 4
0 5
0 6;7
0 10
2 3
6;7 8;9
8 #edges
0 1
0 2
0 4
0 5
0 6;7
0 10
2 3
3 8;9
8 #edges
0 1
0 2
0 3
0 5
0 6;7
0 10
3 4
3 8;9
8 #edges
0 1
0 3
0 5
0 6;7
0 10
3 4
3 8;9
6;7 2
8 #edges
0 1
0 2
0 3
0 5
0 6;7
0 10
3 4
4 8;9
8 #edges
0 1
0 2
0 3
0 5
0 6;7
0 10
2 8;9
3 4
8 #edges
0 1
0 2
0 3
0 5
0 6;7
0 10
3 4
6;7 8;9
8 #edges
0 1
0 3
0 5
0 6;7
0 10
3 4
4 8;9
6;7 2
8 #edges
0 1
0 3
0 5
0 6;7
0 10
3 4
6;7 2
6;7 8;9
8 #edges
0 1
0 3
0 5
0 6;7
0 10
3 4
2 8;9
6;7 2
8 #edges
0 1
0 2
0 3
0 5
0 6;7
0 10
4 8;9
6;7 4
8 #edges
0 1
0 2
0 3
0 5
0 6;7
0 10
2 8;9
6;7 4
8 #edges
0 1
0 2
0 3
0 5
0 6;7
0 10
3 8;9
6;7 4
8 #edges
0 1
0 2
0 3
0 5
0 6;7
0 10
6;7 4
6;7 8;9
8 #edges
0 1
0 2
0 3
0 5
0 6;7
0 10
2 4
4 8;9
8 #edges
0 1
0 2
0 3
0 5
0 6;7
0 10
2 4
2 8;9
8 #edges
0 1
0 2
0 3
0 5
0 6;7
0 10
2 4
3 8;9
8 #edges
0 1
0 2
0 3
0 5
0 6;7
0 10
2 4
6;7 8;9
8 #edges
0 1
0 3
0 5
0 6;7
0 10
2 4
6;7 2
6;7 8;9
8 #edges
0 1
0 3
0 5
0 6;7
0 10
3 8;9
2 4
6;7 2
8 #edges
0 1
0 3
0 5
0 6;7
0 10
2 4
2 8;9
6;7 2
8 #edges
0 1
0 3
0 5
0 6;7
0 10
4 8;9
2 4
6;7 2
8 #edges
0 1
0 2
0 5
0 6;7
0 10
2 4
4 8;9
6;7 3
8 #edges
0 1
0 2
0 5
0 6;7
0 10
2 4
6;7 3
6;7 8;9
8 #edges
0 1
0 2
0 5
0 6;7
0 10
2 4
3 8;9
6;7 3
8 #edges
0 1
0 2
0 5
0 6;7
0 10
2 4
2 8;9
6;7 3
8 #edges
0 1
0 2
0 5
0 6;7
0 10
2 3
3 8;9
6;7 4
8 #edges
0 1
0 2
0 5
0 6;7
0 10
2 3
3 4
3 8;9
8 #edges
0 1
0 2
0 5
0 6;7
0 10
2 3
3 4
6;7 8;9
8 #edges
0 1
0 2
0 5
0 6;7
0 10
2 3
3 4
4 8;9
8 #edges
0 1
0 2
0 5
0 6;7
0 10
2 3
6;7 4
6;7 8;9
8 #edges
0 1
0 2
0 5
0 6;7
0 10
2 3
4 8;9
6;7 4
8 #edges
0 1
0 2
0 5
0 6;7
0 10
3 4
6;7 3
6;7 8;9
8 #edges
0 1
0 2
0 5
0 6;7
0 10
3 8;9
6;7 3
6;7 4
8 #edges
0 1
0 2
0 5
0 6;7
0 10
4 8;9
6;7 3
6;7 4
8 #edges
0 1
0 2
0 5
0 6;7
0 10
2 8;9
6;7 3
6;7 4
8 #edges
0 1
0 2
0 5
0 6;7
0 10
2 8;9
3 4
6;7 3
8 #edges
0 1
0 2
0 5
0 6;7
0 10
3 4
3 8;9
6;7 3
8 #edges
0 1
0 2
0 5
0 6;7
0 10
4 8;9
3 4
6;7 3
8 #edges
0 1
0 5
0 6;7
0 10
3 4
2 3
6;7 2
6;7 8;9
8 #edges
0 1
0 5
0 6;7
0 10
3 4
3 8;9
2 3
6;7 2
8 #edges
0 1
0 5
0 6;7
0 10
3 4
4 8;9
2 3
6;7 2
