solution	ancestral	parental	incomparable
0	0.75	0.5	0.875
1	0.75	0.5	0.833333
2	0.833333	0.625	0.875
3	0.833333	0.5	0.833333
4	0.75	0.375	0.791667
5	0.75	0.375	0.75
6	0.833333	0.5	0.75
7	0.833333	0.375	0.708333
8	0.75	0.5	0.75
9	0.75	0.375	0.666667
10	0.833333	0.5	0.791667
11	0.75	0.375	0.791667
12	0.833333	0.375	0.75
13	0.833333	0.25	0.708333
14	0.75	0.5	0.833333
15	0.75	0.375	0.791667
16	0.75	0.5	0.875
17	0.833333	0.625	0.875
18	0.75	0.5	0.916667
19	0.75	0.375	0.833333
20	0.75	0.375	0.875
21	0.833333	0.5	0.875
22	0.833333	0.625	0.958333
23	0.833333	0.25	0.791667
24	0.833333	0.375	0.833333
25	0.75	0.5	0.916667
26	0.75	0.375	0.875
27	0.75	0.375	0.833333
28	0.75	0.5	0.916667
29	0.833333	0.625	0.958333
30	0.833333	0.5	0.916667
31	0.833333	0.5	0.833333
32	0.833333	0.375	0.791667
33	0.833333	0.5	0.833333
34	0.833333	0.625	0.916667
35	0.916667	0.625	0.916667
36	0.916667	0.75	0.958333
37	0.916667	0.625	0.833333
38	0.916667	0.5	0.791667
39	0.916667	0.5	0.75
40	0.833333	0.375	0.791667
41	0.833333	0.375	0.791667
42	0.916667	0.375	0.666667
43	0.916667	0.375	0.75
44	0.916667	0.375	0.75
45	0.833333	0.25	0.75
46	0.833333	0.5	0.875
47	0.75	0.5	0.875
48	0.75	0.375	0.833333
49	0.833333	0.5	0.875
50	0.833333	0.5	0.875
51	0.833333	0.5	0.791667
52	0.833333	0.625	0.875
53	0.75	0.625	0.916667
54	0.833333	0.75	0.958333
55	0.75	0.625	0.916667
56	0.833333	0.625	0.916667
57	0.833333	0.5	0.875
58	0.833333	0.625	0.916667
59	0.833333	0.5	0.875
60	0.833333	0.5	0.875
61	0.75	0.5	0.916667
62	0.75	0.5	0.916667
63	0.75	0.375	0.875
64	0.75	0.5	0.875
65	0.75	0.375	0.833333
66	0.75	0.5	0.875
67	0.833333	0.5	0.875
68	0.833333	0.375	0.791667
69	0.75	0.5	0.833333
70	0.75	0.5	0.875
71	0.75	0.5	0.833333
72	0.75	0.5	0.833333
73	0.833333	0.625	0.833333
74	0.833333	0.5	0.791667
75	0.75	0.375	0.791667
76	0.75	0.25	0.75
77	0.75	0.375	0.833333
78	0.75	0.25	0.708333
79	0.75	0.375	0.75
80	0.833333	0.5	0.791667
81	0.75	0.375	0.75
82	0.833333	0.375	0.75
83	0.833333	0.375	0.708333
84	0.833333	0.375	0.708333
85	0.833333	0.375	0.708333
86	0.833333	0.25	0.625
87	0.75	0.5	0.875
88	0.75	0.5	0.791667
89	0.75	0.625	0.875
90	0.833333	0.625	0.875
91	0.833333	0.75	0.958333
92	0.75	0.625	0.916667
93	0.75	0.5	0.833333
94	0.833333	0.5	0.833333
95	0.833333	0.375	0.791667
96	0.75	0.5	0.875
97	0.75	0.625	0.916667
98	0.833333	0.5	0.791667
99	0.833333	0.375	0.75
100	0.75	0.375	0.791667
101	0.75	0.375	0.708333
102	0.833333	0.375	0.708333
103	0.75	0.25	0.666667
104	0.75	0.25	0.75
105	0.833333	0.25	0.708333
106	0.833333	0.25	0.625
107	0.833333	0.25	0.708333
108	0.833333	0.25	0.75
109	0.833333	0.375	0.791667
110	0.833333	0.375	0.791667
111	0.75	0.375	0.75
112	0.75	0.375	0.833333
113	0.75	0.5	0.916667
114	0.75	0.5	0.916667
115	0.75	0.375	0.875
116	0.75	0.375	0.833333
117	0.75	0.375	0.833333
118	0.75	0.375	0.833333
119	0.75	0.5	0.875
120	0.75	0.5	0.833333
121	0.833333	0.625	0.916667
122	0.75	0.5	0.833333
123	0.75	0.5	0.833333
124	0.833333	0.5	0.875
125	0.833333	0.625	0.916667
126	0.75	0.375	0.791667
127	0.833333	0.5	0.875
128	0.75	0.375	0.75
129	0.833333	0.625	0.916667
130	0.833333	0.5	0.833333
131	0.833333	0.375	0.791667
132	0.833333	0.625	0.958333
133	0.833333	0.625	0.958333
134	0.833333	0.5	0.916667
135	0.833333	0.625	0.875
136	0.916667	0.625	0.916667
137	0.916667	0.75	0.958333
138	0.833333	0.625	0.916667
139	0.916667	0.75	0.875
140	0.916667	0.625	0.833333
141	0.916667	0.5	0.75
142	0.916667	0.5	0.75
143	0.833333	0.375	0.75
144	0.916667	0.375	0.666667
145	0.916667	0.5	0.75
146	0.833333	0.5	0.791667
147	0.833333	0.625	0.875
148	0.833333	0.625	0.875
149	0.833333	0.75	0.958333
150	0.833333	0.75	0.958333
151	0.916667	0.875	1
152	0.916667	0.75	0.958333
153	0.916667	0.625	0.916667
154	0.916667	0.625	0.916667
155	0.833333	0.625	0.916667
156	0.916667	0.625	0.916667
157	0.833333	0.5	0.875
158	0.916667	0.5	0.833333
159	0.75	0.625	0.916667
160	0.75	0.5	0.875
161	0.833333	0.625	0.916667
162	0.75	0.625	0.916667
163	0.833333	0.5	0.833333
164	0.75	0.5	0.875
165	0.75	0.5	0.833333
166	0.833333	0.5	0.833333
167	0.833333	0.375	0.791667
168	0.833333	0.625	0.916667
169	0.833333	0.75	0.958333
170	0.75	0.5	0.875
171	0.833333	0.625	0.833333
172	0.833333	0.5	0.791667
173	0.75	0.5	0.791667
174	0.75	0.5	0.875
175	0.833333	0.5	0.833333
176	0.833333	0.375	0.791667
177	0.75	0.625	0.875
178	0.75	0.625	0.916667
179	0.75	0.5	0.875
180	0.75	0.5	0.916667
181	0.75	0.5	0.875
182	0.833333	0.5	0.875
183	0.833333	0.375	0.833333
184	0.833333	0.625	0.875
185	0.833333	0.5	0.833333
186	0.833333	0.625	0.833333
187	0.833333	0.75	0.916667
188	0.833333	0.625	0.916667
189	0.833333	0.625	0.916667
190	0.916667	0.5	0.708333
191	0.916667	0.625	0.791667
192	0.916667	0.5	0.791667
193	0.916667	0.5	0.791667
194	0.75	0.375	0.791667
195	0.75	0.5	0.875
196	0.75	0.5	0.833333
197	0.75	0.375	0.75
198	0.833333	0.5	0.791667
199	0.833333	0.5	0.833333
200	0.75	0.375	0.833333
201	0.75	0.375	0.875
202	0.75	0.375	0.833333
203	0.833333	0.375	0.833333
204	0.833333	0.375	0.791667
205	0.75	0.375	0.875
206	0.75	0.5	0.916667
207	0.833333	0.5	0.875
208	0.75	0.5	0.916667
209	0.833333	0.5	0.791667
210	0.833333	0.5	0.916667
211	0.833333	0.5	0.833333
212	0.833333	0.5	0.791667
213	0.833333	0.5	0.916667
214	0.833333	0.5	0.916667
215	0.75	0.375	0.875
216	0.833333	0.375	0.833333
217	0.833333	0.375	0.666667
218	0.75	0.375	0.875
219	0.833333	0.375	0.833333
220	0.833333	0.5	0.875
221	0.833333	0.5	0.875
222	0.75	0.5	0.875
223	0.75	0.5	0.916667
224	0.75	0.5	0.833333
225	0.75	0.375	0.833333
226	0.75	0.375	0.791667
227	0.75	0.375	0.875
228	0.75	0.5	0.916667
229	0.833333	0.5	0.916667
230	0.75	0.5	0.916667
231	0.833333	0.5	0.875
232	0.833333	0.5	0.875
233	0.833333	0.5	0.916667
234	0.916667	0.5	0.875
235	0.833333	0.625	0.875
236	0.833333	0.625	0.958333
237	0.916667	0.625	0.916667
238	0.833333	0.5	0.791667
239	0.75	0.5	0.875
240	0.833333	0.5	0.791667
241	0.75	0.375	0.875
242	0.833333	0.5	0.833333
243	0.833333	0.375	0.791667
244	0.75	0.375	0.791667
245	0.833333	0.375	0.833333
246	0.916667	0.375	0.75
247	0.916667	0.5	0.791667
248	0.833333	0.375	0.708333
249	0.833333	0.375	0.75
250	0.833333	0.25	0.708333
251	0.833333	0.375	0.833333
252	0.75	0.375	0.833333
253	0.833333	0.25	0.791667
254	0.916667	0.5	0.75
255	0.916667	0.375	0.75
256	0.916667	0.375	0.75
257	0.916667	0.375	0.666667
258	0.833333	0.25	0.708333
259	0.833333	0.25	0.708333
260	0.75	0.375	0.791667
261	0.75	0.25	0.75
262	0.833333	0.375	0.75
263	0.833333	0.25	0.708333
264	0.833333	0.375	0.708333
265	0.833333	0.25	0.625
266	0.833333	0.25	0.75
267	0.833333	0.25	0.75
268	0.916667	0.25	0.666667
269	0.916667	0.25	0.625
270	0.833333	0.375	0.75
271	0.833333	0.25	0.666667
272	0.916667	0.375	0.666667
273	0.916667	0.375	0.625
274	0.833333	0.375	0.75
275	0.833333	0.375	0.75
276	0.916667	0.375	0.666667
277	0.916667	0.375	0.625
278	0.75	0.375	0.833333
279	0.833333	0.375	0.75
280	0.833333	0.25	0.666667
281	0.75	0.25	0.791667
282	0.916667	0.375	0.625
283	0.916667	0.25	0.5
284	0.75	0.375	0.791667
285	0.75	0.25	0.75
286	0.916667	0.75	0.958333
287	0.916667	0.625	0.916667
288	0.833333	0.625	0.916667
289	0.833333	0.625	0.875
290	0.833333	0.625	0.958333
291	0.916667	0.75	0.958333
292	0.916667	0.75	0.916667
293	0.916667	0.875	1
294	0.916667	0.625	0.916667
295	0.833333	0.625	0.958333
296	0.833333	0.625	0.916667
297	0.916667	0.625	0.916667
298	0.833333	0.625	0.916667
299	0.916667	0.625	0.833333
300	0.833333	0.625	0.916667
301	0.833333	0.625	0.875
302	0.833333	0.625	0.875
303	0.916667	0.75	0.958333
304	0.833333	0.75	0.958333
305	0.833333	0.75	0.958333
306	0.833333	0.75	1
307	0.833333	0.75	0.958333
308	0.833333	0.625	0.916667
309	0.75	0.5	0.791667
310	0.75	0.5	0.875
311	0.833333	0.625	0.916667
312	0.75	0.5	0.875
313	0.75	0.5	0.916667
314	0.833333	0.5	0.875
315	0.833333	0.375	0.833333
316	0.833333	0.5	0.875
317	0.75	0.375	0.875
318	0.75	0.375	0.75
319	0.75	0.375	0.833333
320	0.833333	0.5	0.875
321	0.916667	0.5	0.875
322	0.833333	0.5	0.916667
323	0.833333	0.5	0.875
324	0.916667	0.625	0.916667
325	0.833333	0.5	0.791667
326	0.833333	0.5	0.875
327	0.833333	0.5	0.791667
328	0.75	0.375	0.791667
329	0.75	0.375	0.625
330	0.75	0.375	0.75
331	0.833333	0.5	0.833333
332	0.833333	0.5	0.833333
333	0.833333	0.375	0.791667
334	0.833333	0.625	0.916667
335	0.833333	0.5	0.833333
336	0.833333	0.25	0.666667
337	0.833333	0.375	0.833333
338	0.833333	0.25	0.791667
339	0.916667	0.5	0.833333
340	0.916667	0.375	0.666667
341	0.916667	0.5	0.833333
342	0.916667	0.625	0.875
343	0.833333	0.625	0.875
344	0.833333	0.375	0.791667
345	0.916667	0.625	0.875
346	0.833333	0.625	0.875
347	0.833333	0.375	0.791667
348	0.916667	0.375	0.708333
349	0.916667	0.5	0.791667
350	0.916667	0.375	0.75
351	0.833333	0.5	0.791667
352	0.916667	0.5	0.75
353	0.916667	0.5	0.75
354	0.916667	0.375	0.666667
355	0.833333	0.375	0.75
356	0.833333	0.5	0.791667
357	0.916667	0.375	0.75
358	0.916667	0.375	0.75
359	0.916667	0.375	0.75
360	0.916667	0.5	0.791667
361	0.833333	0.25	0.625
362	0.916667	0.25	0.5
363	0.833333	0.25	0.75
364	0.916667	0.25	0.75
365	0.916667	0.25	0.666667
366	1	0.5	0.666667
367	0.916667	0.5	0.75
368	1	0.5	0.708333
369	1	0.5	0.708333
370	1	0.5	0.625
371	1	0.5	0.666667
372	0.916667	0.5	0.75
373	1	0.5	0.625
374	1	0.625	0.791667
375	1	0.5	0.708333
376	1	0.625	0.791667
377	1	0.5	0.708333
378	1	0.625	0.791667
379	1	0.75	0.833333
380	1	0.5	0.625
381	1	0.625	0.708333
382	1	0.625	0.708333
383	1	0.5	0.666667
384	0.916667	0.5	0.75
385	0.916667	0.625	0.791667
386	0.916667	0.625	0.833333
387	0.916667	0.625	0.791667
388	0.916667	0.75	0.875
389	0.916667	0.75	0.833333
390	1	0.75	0.791667
391	1	0.625	0.708333
392	0.916667	0.5	0.666667
393	0.916667	0.625	0.791667
394	0.916667	0.625	0.833333
395	0.833333	0.5	0.75
396	0.916667	0.5	0.75
397	0.916667	0.5	0.666667
398	1	0.5	0.625
399	1	0.5	0.708333
400	0.916667	0.5	0.666667
401	0.916667	0.625	0.833333
402	0.833333	0.625	0.833333
403	0.833333	0.5	0.708333
404	0.833333	0.625	0.875
405	0.916667	0.5	0.583333
406	0.916667	0.625	0.75
407	0.833333	0.625	0.791667
408	0.833333	0.625	0.791667
409	0.833333	0.375	0.791667
410	0.833333	0.375	0.791667
411	0.916667	0.375	0.708333
412	0.916667	0.5	0.791667
413	0.916667	0.5	0.791667
414	1	0.5	0.708333
415	0.833333	0.375	0.75
416	0.916667	0.375	0.75
417	0.916667	0.375	0.666667
418	0.916667	0.375	0.666667
419	0.916667	0.5	0.791667
420	0.916667	0.5	0.75
421	0.833333	0.375	0.708333
422	0.916667	0.375	0.666667
423	1	0.375	0.541667
424	0.833333	0.25	0.708333
425	0.916667	0.25	0.625
426	1	0.375	0.5
427	0.916667	0.375	0.625
428	0.916667	0.25	0.666667
429	1	0.25	0.5
430	1	0.25	0.625
431	0.916667	0.25	0.583333
432	0.916667	0.25	0.583333
433	0.833333	0.25	0.625
434	0.916667	0.25	0.458333
435	0.916667	0.25	0.5
436	1	0.25	0.291667
437	0.916667	0.375	0.666667
438	0.916667	0.375	0.625
439	1	0.375	0.666667
440	0.916667	0.375	0.666667
441	1	0.375	0.625
442	0.916667	0.375	0.666667
443	0.833333	0.375	0.708333
444	0.916667	0.375	0.583333
445	0.916667	0.375	0.625
446	1	0.375	0.625
447	1	0.375	0.5
448	0.916667	0.75	0.916667
449	0.916667	0.875	0.958333
450	0.916667	0.75	0.875
451	0.833333	0.5	0.833333
452	0.916667	0.625	0.875
453	0.833333	0.625	0.875
454	0.833333	0.5	0.75
455	1	0.875	0.958333
456	1	1	1
457	1	0.875	0.916667
458	0.916667	0.875	0.958333
459	0.916667	0.875	0.916667
460	0.916667	0.75	0.875
461	0.916667	0.75	0.875
462	1	0.75	0.916667
463	0.916667	0.75	0.875
464	0.916667	0.75	0.791667
465	1	0.625	0.833333
466	1	0.75	0.916667
467	0.916667	0.625	0.833333
468	1	0.75	0.916667
469	1	0.875	0.958333
470	1	0.75	0.916667
471	1	0.75	0.875
472	0.833333	0.625	0.875
473	0.916667	0.625	0.833333
474	0.833333	0.5	0.791667
475	0.916667	0.5	0.791667
476	0.916667	0.5	0.666667
477	0.75	0.5	0.833333
478	0.833333	0.75	0.916667
479	0.916667	0.75	0.916667
480	0.916667	0.875	0.958333
481	0.833333	0.5	0.791667
482	0.833333	0.75	0.875
483	0.916667	0.875	1
484	0.833333	0.75	0.958333
485	0.833333	0.75	0.916667
486	0.833333	0.75	0.958333
487	0.916667	0.75	0.958333
488	1	0.875	0.958333
489	0.916667	0.75	0.916667
490	0.916667	0.75	0.916667
491	0.833333	0.75	0.916667
492	0.833333	0.75	0.875
493	0.916667	0.875	0.916667
494	0.916667	0.75	0.916667
495	0.833333	0.75	0.916667
496	0.833333	0.75	0.875
497	0.916667	0.75	0.833333
498	0.833333	0.625	0.875
499	0.916667	0.75	0.916667
500	0.916667	0.75	0.916667
501	0.916667	0.75	0.833333
502	1	0.75	0.916667
503	0.833333	0.625	0.875
504	0.833333	0.625	0.833333
505	0.75	0.5	0.875
506	0.75	0.5	0.875
507	0.833333	0.5	0.833333
508	0.833333	0.5	0.833333
509	0.75	0.5	0.75
510	0.833333	0.5	0.666667
511	0.75	0.5	0.791667
512	0.75	0.5	0.75
513	0.833333	0.625	0.916667
514	0.75	0.375	0.833333
515	0.916667	0.625	0.875
516	0.833333	0.375	0.791667
517	0.833333	0.5	0.833333
518	0.833333	0.625	0.875
519	0.916667	0.625	0.875
520	0.916667	0.625	0.875
521	0.833333	0.375	0.791667
522	0.75	0.375	0.708333
523	0.916667	0.625	0.875
524	0.916667	0.5	0.833333
525	0.916667	0.625	0.833333
526	0.833333	0.375	0.708333
527	0.833333	0.625	0.875
528	0.833333	0.625	0.916667
529	0.833333	0.5	0.875
530	0.916667	0.625	0.875
531	0.916667	0.5	0.833333
532	0.833333	0.625	0.833333
533	0.833333	0.5	0.791667
534	0.916667	0.625	0.791667
535	0.833333	0.5	0.833333
536	0.833333	0.5	0.833333
537	0.833333	0.625	0.833333
538	0.833333	0.5	0.75
539	0.75	0.375	0.75
540	0.75	0.375	0.583333
541	0.833333	0.625	0.875
542	0.916667	0.75	0.958333
543	0.916667	0.625	0.916667
544	0.833333	0.625	0.875
545	0.75	0.375	0.791667
546	0.833333	0.375	0.791667
547	0.916667	0.625	0.916667
548	0.916667	0.625	0.916667
549	0.833333	0.5	0.833333
550	0.916667	0.625	0.916667
551	0.916667	0.5	0.833333
552	0.833333	0.625	0.875
553	0.916667	0.75	0.916667
554	0.833333	0.625	0.791667
555	0.833333	0.375	0.666667
556	0.916667	0.625	0.875
557	0.916667	0.625	0.875
558	0.916667	0.625	0.833333
559	0.833333	0.5	0.708333
560	0.916667	0.5	0.833333
561	0.833333	0.5	0.791667
562	0.833333	0.5	0.791667
563	0.833333	0.5	0.791667
564	0.833333	0.625	0.833333
565	0.833333	0.625	0.833333
566	0.916667	0.625	0.875
567	0.916667	0.625	0.833333
568	0.833333	0.5	0.791667
569	0.916667	0.5	0.791667
570	0.833333	0.625	0.75
571	0.833333	0.375	0.458333
572	0.916667	0.375	0.75
573	0.75	0.375	0.666667
574	0.833333	0.375	0.708333
575	0.833333	0.375	0.625
576	0.916667	0.625	0.791667
577	0.916667	0.625	0.833333
578	0.916667	0.75	0.875
579	0.916667	0.625	0.791667
580	1	0.75	0.916667
581	1	0.75	0.916667
582	1	0.625	0.875
583	1	0.625	0.875
584	0.916667	0.625	0.791667
585	0.916667	0.625	0.833333
586	1	0.625	0.875
587	0.916667	0.625	0.791667
588	0.833333	0.625	0.791667
589	0.916667	0.625	0.791667
590	0.916667	0.75	0.833333
591	1	0.75	0.833333
592	0.916667	0.625	0.666667
593	1	0.625	0.875
594	1	0.625	0.875
595	1	0.5	0.791667
596	0.833333	0.5	0.708333
597	0.916667	0.5	0.75
598	1	0.625	0.791667
599	0.916667	0.625	0.75
600	0.916667	0.625	0.791667
601	0.916667	0.625	0.833333
602	0.916667	0.625	0.833333
603	0.916667	0.625	0.791667
604	0.916667	0.5	0.666667
605	0.833333	0.5	0.916667
606	0.833333	0.625	0.958333
607	0.75	0.5	0.916667
608	0.75	0.5	0.916667
609	0.75	0.5	0.916667
610	0.833333	0.5	0.916667
611	0.833333	0.625	0.958333
612	0.833333	0.5	0.916667
613	0.833333	0.625	0.958333
614	0.833333	0.625	0.916667
615	0.833333	0.625	0.958333
616	0.833333	0.625	0.916667
617	0.833333	0.5	0.916667
618	0.833333	0.5	0.916667
619	0.833333	0.5	0.833333
620	0.75	0.5	0.916667
621	0.75	0.5	0.916667
622	0.75	0.5	0.916667
623	0.75	0.5	0.916667
624	0.75	0.5	0.875
625	0.75	0.5	0.875
626	0.75	0.5	0.916667
627	0.75	0.5	0.916667
628	0.75	0.5	0.916667
629	0.75	0.5	0.875
630	0.75	0.5	0.875
631	0.75	0.5	0.875
632	0.75	0.5	0.916667
633	0.75	0.5	0.916667
634	0.75	0.5	0.875
635	0.75	0.5	0.916667
636	0.75	0.5	0.916667
637	0.75	0.375	0.875
638	0.75	0.375	0.833333
639	0.75	0.375	0.833333
640	0.833333	0.5	0.833333
641	0.833333	0.375	0.791667
642	0.75	0.375	0.833333
643	0.75	0.375	0.833333
644	0.75	0.375	0.791667
645	0.75	0.375	0.833333
646	0.75	0.375	0.791667
647	0.75	0.375	0.75
648	0.75	0.375	0.875
649	0.75	0.375	0.833333
650	0.75	0.375	0.833333
651	0.833333	0.5	0.833333
652	0.833333	0.375	0.791667
653	0.75	0.375	0.833333
654	0.75	0.375	0.875
655	0.75	0.375	0.833333
656	0.833333	0.5	0.833333
657	0.833333	0.375	0.791667
658	0.75	0.375	0.875
659	0.75	0.375	0.875
660	0.75	0.375	0.833333
661	0.75	0.375	0.791667
662	0.833333	0.5	0.75
663	0.833333	0.5	0.833333
664	0.833333	0.375	0.791667
665	0.833333	0.375	0.75
666	0.833333	0.375	0.666667
667	0.833333	0.5	0.75
668	0.75	0.375	0.833333
669	0.75	0.375	0.791667
670	0.75	0.375	0.791667
671	0.75	0.375	0.75
672	0.75	0.375	0.833333
673	0.75	0.375	0.75
674	0.75	0.375	0.791667
675	0.75	0.375	0.791667
676	0.75	0.375	0.875
677	0.833333	0.625	0.958333
678	0.833333	0.5	0.875
679	0.833333	0.25	0.791667
680	0.833333	0.25	0.75
681	0.916667	0.25	0.666667
682	0.833333	0.5	0.791667
683	0.916667	0.625	0.833333
684	0.916667	0.5	0.791667
685	0.833333	0.625	0.875
686	0.833333	0.625	0.916667
687	0.916667	0.75	0.958333
688	0.916667	0.625	0.916667
689	0.75	0.375	0.833333
690	0.833333	0.375	0.791667
691	0.833333	0.5	0.875
692	0.833333	0.5	0.833333
693	0.916667	0.5	0.791667
694	0.916667	0.625	0.833333
695	0.833333	0.5	0.791667
696	0.833333	0.625	0.916667
697	0.833333	0.625	0.958333
698	0.833333	0.625	0.916667
699	0.916667	0.75	0.958333
700	0.916667	0.625	0.916667
701	0.833333	0.625	0.875
702	0.833333	0.5	0.75
703	0.833333	0.5	0.833333
704	0.833333	0.5	0.791667
705	0.916667	0.5	0.75
706	0.916667	0.625	0.75
707	0.916667	0.625	0.75
708	0.916667	0.625	0.791667
709	0.916667	0.5	0.666667
710	0.916667	0.5	0.75
711	0.833333	0.5	0.708333
712	0.833333	0.5	0.708333
713	0.833333	0.5	0.75
714	0.833333	0.5	0.791667
715	0.833333	0.5	0.75
716	0.833333	0.5	0.791667
717	0.833333	0.5	0.833333
718	0.833333	0.5	0.875
719	0.833333	0.5	0.791667
720	0.833333	0.625	0.875
721	0.833333	0.625	0.875
722	0.833333	0.625	0.916667
723	0.833333	0.625	0.916667
724	0.833333	0.625	0.875
725	0.833333	0.625	0.916667
726	0.833333	0.625	0.958333
727	0.833333	0.625	0.958333
728	0.833333	0.625	0.916667
729	0.833333	0.625	0.958333
730	0.833333	0.625	0.916667
731	0.833333	0.625	0.875
732	0.833333	0.625	0.916667
733	0.833333	0.625	0.875
734	0.833333	0.625	0.875
735	0.833333	0.625	0.833333
736	0.833333	0.625	0.875
737	0.833333	0.625	0.791667
738	0.833333	0.625	0.875
739	0.833333	0.625	0.833333
740	0.916667	0.625	0.916667
741	0.916667	0.75	0.958333
742	0.916667	0.75	0.916667
743	0.916667	0.75	0.916667
744	0.916667	0.75	0.916667
745	0.916667	0.625	0.875
746	0.916667	0.625	0.916667
747	0.916667	0.625	0.833333
748	0.75	0.375	0.833333
749	0.75	0.375	0.75
750	0.75	0.375	0.791667
751	0.75	0.375	0.791667
752	0.75	0.375	0.833333
753	0.75	0.375	0.833333
754	0.75	0.375	0.875
755	0.75	0.375	0.875
756	0.75	0.375	0.875
757	0.75	0.375	0.875
758	0.75	0.375	0.833333
759	0.75	0.375	0.791667
760	0.75	0.375	0.833333
761	0.75	0.375	0.833333
762	0.75	0.375	0.791667
763	0.75	0.375	0.833333
764	0.75	0.375	0.791667
765	0.75	0.375	0.75
766	0.833333	0.375	0.791667
767	0.833333	0.375	0.75
768	0.833333	0.375	0.666667
769	0.833333	0.375	0.791667
770	0.833333	0.375	0.791667
771	0.833333	0.25	0.791667
772	0.833333	0.25	0.75
773	0.833333	0.25	0.791667
774	0.833333	0.25	0.708333
775	0.833333	0.25	0.666667
776	0.833333	0.25	0.791667
777	0.833333	0.25	0.75
778	0.833333	0.25	0.75
779	0.916667	0.25	0.666667
780	0.833333	0.25	0.75
781	0.833333	0.25	0.625
782	0.833333	0.25	0.708333
783	0.833333	0.25	0.666667
784	0.833333	0.25	0.708333
785	0.833333	0.25	0.708333
786	0.833333	0.25	0.75
787	0.833333	0.25	0.666667
788	0.833333	0.25	0.625
789	0.833333	0.25	0.708333
790	0.916667	0.25	0.666667
791	0.916667	0.25	0.625
792	0.916667	0.25	0.583333
793	0.916667	0.25	0.5
794	0.75	0.375	0.916667
795	0.75	0.375	0.916667
796	0.75	0.25	0.875
797	0.75	0.25	0.833333
798	0.75	0.25	0.75
799	0.833333	0.375	0.875
800	0.833333	0.5	0.916667
801	0.833333	0.5	0.875
802	0.75	0.25	0.875
803	0.75	0.375	0.916667
804	0.833333	0.375	0.875
805	0.833333	0.5	0.916667
806	0.833333	0.5	0.875
807	0.833333	0.5	0.916667
808	0.75	0.375	0.916667
809	0.75	0.375	0.916667
810	0.75	0.25	0.833333
811	0.75	0.25	0.75
812	0.833333	0.5	0.916667
813	0.75	0.375	0.916667
814	0.75	0.375	0.916667
815	0.833333	0.5	0.916667
816	0.833333	0.5	0.875
817	0.75	0.375	0.916667
818	0.75	0.375	0.875
819	0.75	0.375	0.875
820	0.75	0.375	0.875
821	0.75	0.375	0.875
822	0.75	0.375	0.916667
823	0.75	0.375	0.916667
824	0.75	0.375	0.916667
825	0.75	0.375	0.916667
826	0.75	0.375	0.916667
827	0.75	0.375	0.875
828	0.75	0.375	0.875
829	0.833333	0.5	0.875
830	0.833333	0.5	0.875
831	0.833333	0.5	0.833333
832	0.833333	0.5	0.916667
833	0.833333	0.5	0.875
834	0.833333	0.5	0.875
835	0.833333	0.5	0.791667
836	0.833333	0.5	0.875
837	0.833333	0.5	0.875
838	0.833333	0.5	0.916667
839	0.833333	0.5	0.875
840	0.75	0.25	0.833333
841	0.75	0.25	0.833333
842	0.75	0.25	0.791667
843	0.75	0.25	0.791667
844	0.75	0.25	0.75
845	0.75	0.25	0.75
846	0.75	0.25	0.875
847	0.833333	0.375	0.875
848	0.833333	0.375	0.791667
849	0.75	0.25	0.791667
850	0.75	0.25	0.875
851	0.75	0.25	0.875
852	0.833333	0.375	0.875
853	0.833333	0.375	0.833333
854	0.75	0.25	0.75
855	0.75	0.25	0.625
856	0.75	0.25	0.833333
857	0.833333	0.375	0.833333
858	0.833333	0.375	0.791667
859	0.916667	0.5	0.875
860	0.833333	0.375	0.875
861	0.75	0.25	0.833333
862	0.75	0.25	0.833333
863	0.833333	0.375	0.833333
864	0.833333	0.375	0.791667
865	0.75	0.25	0.833333
866	0.916667	0.5	0.875
867	0.833333	0.375	0.833333
868	0.833333	0.375	0.791667
869	0.75	0.25	0.833333
870	0.75	0.25	0.833333
871	0.833333	0.375	0.875
872	0.916667	0.5	0.791667
873	0.833333	0.375	0.791667
874	0.833333	0.375	0.75
875	0.75	0.25	0.75
876	0.75	0.25	0.75
877	0.833333	0.375	0.708333
878	0.833333	0.375	0.875
879	0.833333	0.375	0.833333
880	0.916667	0.5	0.833333
881	0.916667	0.5	0.833333
882	0.833333	0.375	0.75
883	0.833333	0.375	0.791667
884	0.833333	0.375	0.708333
885	0.833333	0.375	0.791667
886	0.75	0.25	0.791667
887	0.75	0.25	0.833333
888	0.75	0.25	0.833333
889	0.75	0.25	0.791667
890	0.833333	0.25	0.791667
891	0.833333	0.375	0.875
892	0.75	0.375	0.875
893	0.75	0.375	0.875
894	0.833333	0.375	0.875
895	0.833333	0.25	0.791667
896	0.75	0.375	0.833333
897	0.75	0.375	0.833333
898	0.75	0.375	0.875
899	0.75	0.375	0.833333
900	0.75	0.375	0.875
901	0.833333	0.375	0.875
902	0.833333	0.25	0.791667
903	0.833333	0.375	0.875
904	0.833333	0.375	0.791667
905	0.833333	0.375	0.833333
906	0.833333	0.25	0.666667
907	0.833333	0.25	0.791667
908	0.75	0.375	0.833333
909	0.75	0.375	0.875
910	0.75	0.375	0.833333
911	0.75	0.375	0.833333
912	0.75	0.375	0.875
913	0.833333	0.375	0.833333
914	0.833333	0.375	0.875
915	0.833333	0.375	0.875
916	0.833333	0.375	0.791667
917	0.833333	0.5	0.833333
918	0.833333	0.5	0.791667
919	0.916667	0.5	0.833333
920	0.833333	0.5	0.833333
921	0.833333	0.5	0.791667
922	0.916667	0.5	0.875
923	0.916667	0.5	0.791667
924	0.916667	0.5	0.875
925	0.916667	0.5	0.833333
926	0.833333	0.5	0.875
927	0.833333	0.5	0.833333
928	0.833333	0.5	0.833333
929	0.833333	0.5	0.791667
930	0.833333	0.5	0.875
931	0.833333	0.5	0.833333
932	0.833333	0.5	0.833333
933	0.833333	0.5	0.75
934	0.916667	0.375	0.791667
935	0.916667	0.5	0.875
936	0.916667	0.375	0.791667
937	0.916667	0.5	0.833333
938	0.916667	0.5	0.833333
939	0.916667	0.5	0.875
940	0.916667	0.5	0.791667
941	0.916667	0.375	0.791667
942	0.916667	0.375	0.75
943	0.916667	0.375	0.666667
944	0.75	0.375	0.833333
945	0.75	0.375	0.875
946	0.75	0.375	0.875
947	0.75	0.375	0.875
948	0.75	0.375	0.833333
949	0.833333	0.5	0.833333
950	0.833333	0.5	0.833333
951	0.833333	0.5	0.875
952	0.833333	0.5	0.833333
953	0.833333	0.5	0.75
954	0.833333	0.375	0.875
955	0.833333	0.375	0.875
956	0.833333	0.25	0.75
957	0.75	0.25	0.75
958	0.75	0.25	0.791667
959	0.833333	0.25	0.625
960	0.75	0.25	0.708333
961	0.916667	0.5	0.875
962	0.916667	0.5	0.833333
963	0.833333	0.5	0.916667
964	0.833333	0.5	0.916667
965	0.75	0.375	0.875
966	0.75	0.375	0.833333
967	0.75	0.375	0.875
968	0.75	0.375	0.875
969	0.75	0.375	0.833333
970	0.833333	0.375	0.875
971	0.833333	0.375	0.875
972	0.833333	0.25	0.625
973	0.75	0.25	0.708333
974	0.833333	0.25	0.75
975	0.75	0.25	0.791667
976	0.75	0.25	0.75
977	0.833333	0.5	0.833333
978	0.833333	0.5	0.875
979	0.916667	0.625	0.916667
980	0.833333	0.5	0.833333
981	0.916667	0.625	0.875
982	0.833333	0.5	0.833333
983	0.833333	0.5	0.75
984	0.916667	0.5	0.875
985	0.916667	0.5	0.833333
986	0.833333	0.5	0.875
987	0.833333	0.5	0.875
988	0.916667	0.625	0.875
989	0.916667	0.625	0.833333
990	0.916667	0.625	0.875
991	0.833333	0.5	0.875
992	0.833333	0.5	0.875
993	0.916667	0.625	0.875
994	0.916667	0.625	0.916667
995	0.916667	0.625	0.875
996	0.833333	0.5	0.916667
997	0.833333	0.5	0.916667
998	0.916667	0.625	0.875
999	0.916667	0.625	0.791667
1000	0.916667	0.625	0.833333
1001	0.833333	0.5	0.916667
1002	0.833333	0.5	0.875
1003	0.833333	0.5	0.875
1004	0.75	0.375	0.833333
1005	0.75	0.375	0.833333
1006	0.75	0.375	0.791667
1007	0.833333	0.5	0.791667
1008	0.833333	0.5	0.791667
1009	0.833333	0.5	0.833333
1010	0.75	0.375	0.833333
1011	0.75	0.375	0.791667
1012	0.833333	0.5	0.791667
1013	0.833333	0.5	0.708333
1014	0.75	0.375	0.875
1015	0.75	0.375	0.833333
1016	0.75	0.375	0.875
1017	0.75	0.375	0.875
1018	0.75	0.375	0.833333
1019	0.75	0.375	0.833333
1020	0.75	0.375	0.833333
1021	0.75	0.375	0.875
1022	0.75	0.375	0.833333
1023	0.75	0.375	0.875
1024	0.75	0.375	0.833333
1025	0.75	0.375	0.833333
1026	0.75	0.375	0.75
1027	0.75	0.375	0.833333
1028	0.75	0.375	0.75
1029	0.75	0.375	0.833333
1030	0.833333	0.5	0.833333
1031	0.833333	0.5	0.833333
1032	0.833333	0.5	0.833333
1033	0.833333	0.5	0.75
1034	0.833333	0.5	0.791667
1035	0.833333	0.5	0.75
1036	0.833333	0.5	0.833333
1037	0.833333	0.5	0.791667
1038	0.833333	0.5	0.791667
1039	0.833333	0.5	0.75
1040	0.833333	0.5	0.833333
1041	0.833333	0.5	0.833333
1042	0.833333	0.5	0.791667
1043	0.833333	0.5	0.75
1044	0.833333	0.5	0.625
1045	0.833333	0.375	0.833333
1046	0.833333	0.375	0.875
1047	0.833333	0.375	0.791667
1048	0.833333	0.375	0.875
1049	0.833333	0.375	0.875
1050	0.833333	0.375	0.833333
1051	0.833333	0.375	0.791667
1052	0.916667	0.5	0.875
1053	0.916667	0.5	0.833333
1054	0.916667	0.5	0.833333
1055	0.916667	0.5	0.791667
1056	0.916667	0.5	0.833333
1057	0.916667	0.5	0.75
1058	0.916667	0.5	0.75
1059	0.75	0.25	0.75
1060	0.75	0.25	0.75
1061	0.75	0.25	0.791667
1062	0.75	0.25	0.75
1063	0.75	0.25	0.708333
1064	0.75	0.25	0.75
1065	0.833333	0.25	0.75
1066	0.833333	0.25	0.708333
1067	0.833333	0.25	0.708333
1068	0.833333	0.25	0.625
1069	0.75	0.25	0.708333
1070	0.75	0.25	0.666667
1071	0.75	0.25	0.666667
1072	0.833333	0.25	0.625
1073	0.75	0.25	0.708333
1074	0.833333	0.25	0.458333
1075	0.75	0.25	0.666667
1076	0.75	0.25	0.583333
1077	0.75	0.25	0.833333
1078	0.75	0.25	0.791667
1079	0.75	0.25	0.833333
1080	0.75	0.25	0.75
1081	0.75	0.25	0.833333
1082	0.75	0.25	0.791667
1083	0.75	0.25	0.833333
1084	0.75	0.25	0.791667
1085	0.75	0.125	0.75
1086	0.75	0.25	0.833333
1087	0.75	0.25	0.791667
1088	0.75	0.125	0.75
1089	0.75	0.25	0.791667
1090	0.75	0.125	0.75
1091	0.75	0.25	0.833333
1092	0.75	0.25	0.791667
1093	0.75	0.125	0.75
1094	0.75	0.25	0.708333
1095	0.75	0.25	0.708333
1096	0.75	0.125	0.708333
1097	0.75	0.125	0.625
1098	0.75	0.25	0.75
1099	0.75	0.25	0.791667
1100	0.75	0.25	0.791667
1101	0.833333	0.375	0.791667
1102	0.833333	0.375	0.791667
1103	0.833333	0.25	0.75
1104	0.833333	0.125	0.75
1105	0.833333	0.125	0.625
1106	0.833333	0.125	0.75
1107	0.833333	0.375	0.791667
1108	0.833333	0.375	0.791667
1109	0.833333	0.25	0.75
1110	0.833333	0.125	0.625
1111	0.833333	0.375	0.75
1112	0.833333	0.375	0.708333
1113	0.833333	0.375	0.708333
1114	0.833333	0.375	0.708333
1115	0.833333	0.375	0.75
1116	0.833333	0.375	0.708333
1117	0.833333	0.25	0.708333
1118	0.833333	0.25	0.708333
1119	0.833333	0.25	0.625
1120	0.833333	0.125	0.625
1121	0.833333	0.125	0.708333
1122	0.833333	0.125	0.583333
1123	0.833333	0.125	0.458333
1124	0.833333	0.125	0.666667
1125	0.833333	0.125	0.625
1126	0.833333	0.125	0.708333
1127	0.75	0.25	0.791667
1128	0.75	0.125	0.708333
1129	0.75	0.25	0.75
1130	0.75	0.125	0.708333
1131	0.75	0.25	0.75
1132	0.75	0.25	0.791667
1133	0.75	0.25	0.75
1134	0.833333	0.25	0.75
1135	0.833333	0.375	0.791667
1136	0.75	0.25	0.75
1137	0.833333	0.375	0.791667
1138	0.833333	0.25	0.75
1139	0.833333	0.25	0.708333
1140	0.833333	0.25	0.708333
1141	0.833333	0.25	0.708333
1142	0.833333	0.125	0.625
1143	0.916667	0.5	0.75
1144	0.916667	0.375	0.708333
1145	0.833333	0.375	0.666667
1146	0.833333	0.375	0.708333
1147	0.833333	0.25	0.666667
1148	0.916667	0.375	0.708333
1149	0.916667	0.375	0.708333
1150	0.916667	0.375	0.708333
1151	0.916667	0.25	0.625
1152	0.833333	0.125	0.583333
1153	0.916667	0.125	0.625
1154	0.833333	0.125	0.666667
1155	0.916667	0.125	0.458333
1156	0.75	0.25	0.791667
1157	0.75	0.25	0.75
1158	0.75	0.125	0.708333
1159	0.833333	0.375	0.791667
1160	0.75	0.25	0.75
1161	0.833333	0.25	0.75
1162	0.833333	0.25	0.708333
1163	0.75	0.25	0.75
1164	0.75	0.125	0.708333
1165	0.833333	0.125	0.625
1166	0.833333	0.25	0.708333
1167	0.833333	0.25	0.708333
1168	0.75	0.25	0.75
1169	0.75	0.25	0.666667
1170	0.75	0.25	0.666667
1171	0.75	0.25	0.708333
1172	0.833333	0.375	0.75
1173	0.833333	0.25	0.708333
1174	0.75	0.25	0.75
1175	0.75	0.25	0.75
1176	0.75	0.25	0.791667
1177	0.75	0.25	0.708333
1178	0.75	0.25	0.75
1179	0.833333	0.375	0.791667
1180	0.833333	0.25	0.75
1181	0.833333	0.25	0.708333
1182	0.833333	0.25	0.625
1183	0.833333	0.375	0.708333
1184	0.833333	0.375	0.708333
1185	0.75	0.25	0.75
1186	0.75	0.125	0.708333
1187	0.75	0.25	0.75
1188	0.833333	0.25	0.708333
1189	0.833333	0.125	0.625
1190	0.75	0.125	0.708333
1191	0.833333	0.25	0.708333
1192	0.833333	0.25	0.708333
1193	0.75	0.125	0.666667
1194	0.75	0.25	0.75
1195	0.75	0.125	0.666667
1196	0.75	0.25	0.708333
1197	0.833333	0.25	0.708333
1198	0.833333	0.125	0.583333
1199	0.75	0.125	0.666667
1200	0.75	0.25	0.708333
1201	0.75	0.25	0.666667
1202	0.75	0.25	0.666667
1203	0.75	0.125	0.583333
1204	0.75	0.25	0.75
1205	0.75	0.25	0.75
1206	0.75	0.25	0.708333
1207	0.833333	0.375	0.75
1208	0.833333	0.25	0.708333
1209	0.833333	0.375	0.708333
1210	0.833333	0.375	0.708333
1211	0.833333	0.25	0.625
1212	0.75	0.25	0.666667
1213	0.75	0.25	0.666667
1214	0.833333	0.25	0.625
1215	0.833333	0.25	0.583333
1216	0.833333	0.25	0.625
1217	0.833333	0.25	0.583333
1218	0.75	0.125	0.666667
1219	0.75	0.125	0.583333
1220	0.75	0.25	0.666667
1221	0.75	0.25	0.708333
1222	0.75	0.25	0.666667
1223	0.833333	0.25	0.625
1224	0.833333	0.25	0.583333
1225	0.833333	0.125	0.458333
1226	0.916667	0.5	0.666667
1227	0.916667	0.5	0.666667
1228	0.916667	0.5	0.666667
1229	0.833333	0.375	0.583333
1230	0.916667	0.375	0.625
1231	0.833333	0.375	0.625
1232	0.833333	0.375	0.666667
1233	0.833333	0.375	0.625
1234	0.833333	0.375	0.625
1235	0.916667	0.375	0.666667
1236	0.916667	0.375	0.583333
1237	0.833333	0.375	0.625
1238	0.833333	0.375	0.541667
1239	0.833333	0.125	0.541667
1240	0.833333	0.125	0.541667
1241	0.833333	0.125	0.583333
1242	0.833333	0.125	0.416667
1243	0.833333	0.125	0.625
1244	0.833333	0.125	0.541667
1245	0.833333	0.125	0.583333
1246	0.833333	0.125	0.583333
1247	0.916667	0.125	0.541667
1248	0.916667	0.125	0.583333
1249	0.916667	0.125	0.458333
1250	0.916667	0.125	0.583333
1251	0.916667	0.125	0.416667
1252	0.916667	0.125	0.458333
1253	0.916667	0.125	0.25
1254	0.916667	0.375	0.625
1255	0.916667	0.375	0.666667
1256	0.916667	0.375	0.583333
1257	0.916667	0.375	0.625
1258	0.916667	0.375	0.666667
1259	0.916667	0.375	0.583333
1260	0.833333	0.25	0.625
1261	0.833333	0.25	0.583333
1262	0.833333	0.25	0.625
1263	0.833333	0.25	0.541667
1264	0.916667	0.25	0.583333
1265	0.916667	0.25	0.583333
1266	0.916667	0.25	0.458333
1267	0.916667	0.375	0.666667
1268	0.916667	0.375	0.625
1269	0.916667	0.375	0.583333
1270	0.75	0.25	0.833333
1271	0.75	0.375	0.875
1272	0.75	0.25	0.833333
1273	0.75	0.25	0.833333
1274	0.75	0.375	0.875
1275	0.75	0.375	0.875
1276	0.75	0.5	0.916667
1277	0.75	0.25	0.833333
1278	0.75	0.375	0.875
1279	0.75	0.25	0.833333
1280	0.75	0.5	0.916667
1281	0.75	0.375	0.875
1282	0.833333	0.5	0.916667
1283	0.75	0.375	0.833333
1284	0.833333	0.5	0.916667
1285	0.75	0.375	0.833333
1286	0.75	0.25	0.75
1287	0.833333	0.375	0.875
1288	0.75	0.5	0.916667
1289	0.833333	0.625	0.958333
1290	0.833333	0.5	0.916667
1291	0.833333	0.375	0.875
1292	0.75	0.5	0.875
1293	0.75	0.5	0.916667
1294	0.75	0.5	0.875
1295	0.75	0.5	0.916667
1296	0.75	0.5	0.916667
1297	0.75	0.5	0.916667
1298	0.75	0.5	0.916667
1299	0.833333	0.625	0.958333
1300	0.75	0.375	0.875
1301	0.75	0.5	0.916667
1302	0.75	0.5	0.916667
1303	0.833333	0.625	0.958333
1304	0.75	0.5	0.916667
1305	0.75	0.375	0.875
1306	0.75	0.5	0.875
1307	0.75	0.5	0.916667
1308	0.75	0.375	0.875
1309	0.75	0.5	0.916667
1310	0.75	0.375	0.875
1311	0.75	0.5	0.875
1312	0.75	0.375	0.791667
1313	0.75	0.5	0.916667
1314	0.75	0.5	0.875
1315	0.75	0.5	0.916667
1316	0.75	0.5	0.875
1317	0.833333	0.625	0.958333
1318	0.75	0.5	0.916667
1319	0.75	0.5	0.875
1320	0.75	0.5	0.916667
1321	0.75	0.5	0.875
1322	0.833333	0.625	0.958333
1323	0.833333	0.625	0.916667
1324	0.833333	0.625	0.916667
1325	0.75	0.375	0.833333
1326	0.75	0.375	0.833333
1327	0.75	0.375	0.875
1328	0.75	0.375	0.833333
1329	0.75	0.25	0.833333
1330	0.75	0.25	0.791667
1331	0.75	0.25	0.833333
1332	0.75	0.25	0.75
1333	0.75	0.375	0.875
1334	0.75	0.375	0.833333
1335	0.75	0.375	0.875
1336	0.75	0.375	0.833333
1337	0.75	0.375	0.833333
1338	0.75	0.25	0.75
1339	0.75	0.25	0.75
1340	0.75	0.25	0.833333
1341	0.75	0.25	0.791667
1342	0.75	0.25	0.833333
1343	0.75	0.25	0.833333
1344	0.75	0.25	0.833333
1345	0.75	0.25	0.833333
1346	0.75	0.25	0.791667
1347	0.75	0.25	0.833333
1348	0.75	0.25	0.833333
1349	0.75	0.25	0.791667
1350	0.75	0.25	0.75
1351	0.75	0.375	0.875
1352	0.75	0.375	0.833333
1353	0.833333	0.5	0.916667
1354	0.833333	0.5	0.916667
1355	0.75	0.375	0.875
1356	0.75	0.375	0.875
1357	0.833333	0.375	0.875
1358	0.75	0.375	0.875
1359	0.75	0.375	0.875
1360	0.75	0.375	0.833333
1361	0.75	0.375	0.875
1362	0.833333	0.5	0.916667
1363	0.833333	0.5	0.916667
1364	0.833333	0.375	0.875
1365	0.75	0.375	0.875
1366	0.75	0.375	0.833333
1367	0.75	0.375	0.875
1368	0.833333	0.5	0.916667
1369	0.75	0.375	0.875
1370	0.75	0.375	0.75
1371	0.75	0.375	0.791667
1372	0.833333	0.5	0.875
1373	0.833333	0.5	0.875
1374	0.833333	0.5	0.875
1375	0.75	0.375	0.833333
1376	0.75	0.375	0.833333
1377	0.75	0.375	0.833333
1378	0.75	0.375	0.833333
1379	0.75	0.375	0.833333
1380	0.75	0.375	0.833333
1381	0.75	0.375	0.833333
1382	0.75	0.375	0.791667
1383	0.75	0.375	0.833333
1384	0.833333	0.5	0.875
1385	0.75	0.375	0.833333
1386	0.833333	0.5	0.875
1387	0.833333	0.375	0.833333
1388	0.75	0.375	0.833333
1389	0.75	0.375	0.875
1390	0.75	0.375	0.833333
1391	0.75	0.375	0.833333
1392	0.75	0.375	0.833333
1393	0.75	0.375	0.875
1394	0.833333	0.5	0.875
1395	0.833333	0.5	0.916667
1396	0.833333	0.5	0.875
1397	0.833333	0.5	0.875
1398	0.833333	0.5	0.916667
1399	0.833333	0.5	0.875
1400	0.75	0.375	0.833333
1401	0.75	0.375	0.75
1402	0.75	0.375	0.833333
1403	0.75	0.375	0.875
1404	0.75	0.375	0.833333
1405	0.833333	0.375	0.875
1406	0.833333	0.375	0.791667
1407	0.833333	0.375	0.875
1408	0.75	0.25	0.833333
1409	0.75	0.25	0.833333
1410	0.75	0.25	0.75
1411	0.75	0.25	0.833333
1412	0.75	0.25	0.75
1413	0.75	0.25	0.833333
1414	0.833333	0.375	0.875
1415	0.75	0.25	0.833333
1416	0.75	0.25	0.75
1417	0.75	0.25	0.791667
1418	0.75	0.25	0.791667
1419	0.75	0.25	0.833333
1420	0.75	0.25	0.75
1421	0.833333	0.375	0.875
1422	0.75	0.25	0.75
1423	0.833333	0.375	0.833333
1424	0.833333	0.375	0.791667
1425	0.75	0.25	0.625
1426	0.833333	0.375	0.791667
1427	0.833333	0.25	0.75
1428	0.833333	0.125	0.708333
1429	0.75	0.25	0.75
1430	0.75	0.25	0.75
1431	0.75	0.25	0.666667
1432	0.75	0.25	0.75
1433	0.75	0.25	0.708333
1434	0.75	0.25	0.666667
1435	0.75	0.25	0.75
1436	0.75	0.25	0.791667
1437	0.75	0.25	0.75
1438	0.75	0.25	0.708333
1439	0.833333	0.125	0.75
1440	0.833333	0.125	0.625
1441	0.833333	0.125	0.75
1442	0.833333	0.125	0.708333
1443	0.833333	0.25	0.708333
1444	0.833333	0.25	0.791667
1445	0.833333	0.25	0.708333
1446	0.833333	0.25	0.791667
1447	0.833333	0.375	0.791667
1448	0.833333	0.375	0.75
1449	0.833333	0.375	0.833333
1450	0.833333	0.375	0.833333
1451	0.833333	0.375	0.791667
1452	0.75	0.25	0.791667
1453	0.75	0.25	0.791667
1454	0.833333	0.25	0.791667
1455	0.833333	0.125	0.75
1456	0.833333	0.25	0.791667
1457	0.833333	0.25	0.791667
1458	0.833333	0.125	0.75
1459	0.75	0.25	0.791667
1460	0.833333	0.25	0.791667
1461	0.833333	0.125	0.708333
1462	0.833333	0.25	0.75
1463	0.833333	0.125	0.708333
1464	0.833333	0.25	0.708333
1465	0.833333	0.25	0.708333
1466	0.833333	0.125	0.625
1467	0.75	0.25	0.75
1468	0.75	0.25	0.75
1469	0.75	0.25	0.75
1470	0.75	0.25	0.708333
1471	0.75	0.25	0.75
1472	0.75	0.25	0.708333
1473	0.75	0.25	0.75
1474	0.75	0.25	0.75
1475	0.833333	0.25	0.708333
1476	0.833333	0.25	0.75
1477	0.833333	0.25	0.708333
1478	0.833333	0.5	0.875
1479	0.75	0.375	0.833333
1480	0.75	0.375	0.833333
1481	0.833333	0.375	0.833333
1482	0.833333	0.25	0.791667
1483	0.75	0.25	0.75
1484	0.75	0.125	0.708333
1485	0.833333	0.125	0.708333
1486	0.833333	0.125	0.708333
1487	0.833333	0.125	0.625
1488	0.833333	0.25	0.708333
1489	0.833333	0.25	0.75
1490	0.833333	0.375	0.791667
1491	0.833333	0.5	0.875
1492	0.833333	0.5	0.875
1493	0.833333	0.5	0.833333
1494	0.833333	0.5	0.875
1495	0.833333	0.5	0.791667
1496	0.833333	0.5	0.833333
1497	0.75	0.375	0.833333
1498	0.833333	0.375	0.833333
1499	0.75	0.375	0.833333
1500	0.833333	0.25	0.791667
1501	0.75	0.375	0.791667
1502	0.75	0.375	0.833333
1503	0.75	0.375	0.791667
1504	0.75	0.375	0.833333
1505	0.75	0.375	0.75
1506	0.75	0.375	0.833333
1507	0.75	0.375	0.833333
1508	0.833333	0.375	0.833333
1509	0.833333	0.25	0.791667
1510	0.75	0.375	0.791667
1511	0.75	0.375	0.791667
1512	0.75	0.375	0.833333
1513	0.75	0.375	0.75
1514	0.75	0.375	0.791667
1515	0.833333	0.25	0.75
1516	0.833333	0.375	0.75
1517	0.833333	0.375	0.833333
1518	0.833333	0.25	0.791667
1519	0.833333	0.25	0.666667
1520	0.833333	0.375	0.75
1521	0.75	0.375	0.75
1522	0.75	0.375	0.833333
1523	0.75	0.375	0.791667
1524	0.75	0.125	0.708333
1525	0.75	0.25	0.75
1526	0.75	0.125	0.708333
1527	0.75	0.25	0.75
1528	0.75	0.25	0.708333
1529	0.75	0.125	0.666667
1530	0.75	0.125	0.666667
1531	0.75	0.125	0.583333
1532	0.75	0.25	0.666667
1533	0.75	0.25	0.666667
1534	0.75	0.125	0.708333
1535	0.75	0.25	0.75
1536	0.833333	0.25	0.75
1537	0.833333	0.375	0.791667
1538	0.833333	0.25	0.708333
1539	0.833333	0.125	0.708333
1540	0.833333	0.125	0.708333
1541	0.833333	0.125	0.625
1542	0.75	0.25	0.708333
1543	0.75	0.125	0.666667
1544	0.75	0.25	0.75
1545	0.75	0.125	0.708333
1546	0.75	0.25	0.666667
1547	0.75	0.25	0.666667
1548	0.75	0.125	0.666667
1549	0.75	0.125	0.583333
1550	0.833333	0.125	0.583333
1551	0.833333	0.125	0.708333
1552	0.833333	0.125	0.625
1553	0.833333	0.125	0.708333
1554	0.833333	0.125	0.583333
1555	0.833333	0.125	0.625
1556	0.833333	0.25	0.625
1557	0.833333	0.25	0.75
1558	0.833333	0.25	0.708333
1559	0.833333	0.25	0.708333
1560	0.833333	0.125	0.583333
1561	0.833333	0.375	0.75
1562	0.833333	0.375	0.708333
1563	0.833333	0.375	0.791667
1564	0.833333	0.375	0.708333
1565	0.833333	0.25	0.625
1566	0.833333	0.25	0.708333
1567	0.833333	0.25	0.583333
1568	0.833333	0.125	0.625
1569	0.833333	0.125	0.458333
1570	0.75	0.375	0.833333
1571	0.833333	0.625	0.916667
1572	0.833333	0.5	0.833333
1573	0.833333	0.25	0.75
1574	0.916667	0.75	0.958333
1575	0.833333	0.625	0.916667
1576	0.916667	0.625	0.916667
1577	0.833333	0.5	0.875
1578	0.833333	0.5	0.875
1579	0.75	0.375	0.75
1580	0.916667	0.375	0.791667
1581	0.916667	0.5	0.833333
1582	0.916667	0.5	0.833333
1583	0.916667	0.25	0.666667
1584	0.916667	0.375	0.791667
1585	0.75	0.375	0.833333
1586	0.833333	0.625	0.916667
1587	0.75	0.375	0.833333
1588	0.833333	0.625	0.916667
1589	0.75	0.375	0.791667
1590	0.75	0.375	0.791667
1591	0.75	0.375	0.833333
1592	0.75	0.375	0.75
1593	0.833333	0.625	0.875
1594	0.833333	0.625	0.916667
1595	0.833333	0.625	0.875
1596	0.833333	0.625	0.875
1597	0.75	0.375	0.833333
1598	0.833333	0.5	0.875
1599	0.75	0.375	0.75
1600	0.833333	0.625	0.916667
1601	0.916667	0.75	0.958333
1602	0.916667	0.625	0.916667
1603	0.833333	0.625	0.916667
1604	0.833333	0.5	0.875
1605	0.916667	0.75	0.958333
1606	0.833333	0.5	0.875
1607	0.916667	0.625	0.916667
1608	0.833333	0.625	0.916667
1609	0.833333	0.5	0.875
1610	0.75	0.375	0.833333
1611	0.75	0.375	0.75
1612	0.75	0.375	0.791667
1613	0.75	0.375	0.75
1614	0.75	0.375	0.791667
1615	0.833333	0.5	0.833333
1616	0.833333	0.5	0.833333
1617	0.833333	0.5	0.875
1618	0.833333	0.5	0.791667
1619	0.75	0.375	0.708333
1620	0.75	0.375	0.75
1621	0.75	0.375	0.625
1622	0.833333	0.625	0.916667
1623	0.833333	0.5	0.875
1624	0.916667	0.75	0.958333
1625	0.916667	0.625	0.916667
1626	0.833333	0.625	0.875
1627	0.833333	0.625	0.875
1628	0.833333	0.625	0.875
1629	0.833333	0.5	0.833333
1630	0.833333	0.5	0.791667
1631	0.916667	0.75	0.916667
1632	0.916667	0.75	0.916667
1633	0.916667	0.75	0.916667
1634	0.833333	0.625	0.875
1635	0.833333	0.625	0.875
1636	0.833333	0.625	0.875
1637	0.916667	0.625	0.875
1638	0.916667	0.625	0.833333
1639	0.916667	0.625	0.875
1640	0.833333	0.5	0.833333
1641	0.833333	0.25	0.75
1642	0.833333	0.5	0.791667
1643	0.833333	0.5	0.75
1644	0.833333	0.5	0.791667
1645	0.833333	0.5	0.791667
1646	0.833333	0.25	0.75
1647	0.833333	0.25	0.708333
1648	0.833333	0.25	0.708333
1649	0.833333	0.25	0.625
1650	0.833333	0.25	0.666667
1651	0.916667	0.375	0.791667
1652	0.833333	0.25	0.75
1653	0.916667	0.25	0.666667
1654	0.916667	0.375	0.791667
1655	0.916667	0.5	0.833333
1656	0.916667	0.5	0.833333
1657	0.916667	0.375	0.791667
1658	0.916667	0.25	0.666667
1659	0.833333	0.5	0.791667
1660	0.833333	0.25	0.708333
1661	0.833333	0.5	0.791667
1662	0.833333	0.5	0.791667
1663	0.833333	0.5	0.75
1664	0.833333	0.25	0.708333
1665	0.833333	0.25	0.666667
1666	0.833333	0.25	0.625
1667	0.916667	0.375	0.75
1668	0.916667	0.375	0.75
1669	0.916667	0.375	0.708333
1670	0.916667	0.375	0.666667
1671	0.916667	0.25	0.625
1672	0.916667	0.25	0.583333
1673	0.916667	0.25	0.5
1674	0.916667	0.5	0.791667
1675	0.916667	0.5	0.791667
1676	0.916667	0.5	0.791667
1677	0.916667	0.5	0.75
1678	0.916667	0.5	0.75
1679	0.916667	0.5	0.75
1680	0.916667	0.5	0.75
1681	0.916667	0.375	0.75
1682	0.916667	0.375	0.75
1683	0.916667	0.375	0.666667
1684	0.75	0.25	0.708333
1685	0.833333	0.375	0.833333
1686	0.833333	0.25	0.791667
1687	0.833333	0.375	0.75
1688	0.75	0.25	0.583333
1689	0.916667	0.5	0.791667
1690	0.916667	0.625	0.875
1691	0.833333	0.5	0.833333
1692	0.916667	0.5	0.875
1693	0.833333	0.5	0.875
1694	0.916667	0.5	0.875
1695	0.916667	0.625	0.916667
1696	0.916667	0.625	0.916667
1697	0.833333	0.5	0.833333
1698	0.916667	0.5	0.875
1699	0.833333	0.375	0.791667
1700	0.916667	0.5	0.875
1701	0.916667	0.375	0.833333
1702	0.833333	0.375	0.833333
1703	0.833333	0.375	0.75
1704	0.833333	0.375	0.833333
1705	0.833333	0.375	0.833333
1706	0.916667	0.25	0.625
1707	0.916667	0.25	0.708333
1708	0.916667	0.25	0.708333
1709	0.916667	0.375	0.75
1710	0.916667	0.25	0.708333
1711	0.916667	0.375	0.708333
1712	0.916667	0.375	0.75
1713	0.916667	0.375	0.708333
1714	0.916667	0.25	0.708333
1715	0.916667	0.25	0.625
1716	0.916667	0.125	0.708333
1717	0.916667	0.125	0.625
1718	0.916667	0.125	0.458333
1719	0.833333	0.375	0.833333
1720	0.833333	0.5	0.875
1721	0.833333	0.375	0.833333
1722	0.833333	0.375	0.791667
1723	0.833333	0.5	0.833333
1724	0.833333	0.5	0.833333
1725	0.833333	0.5	0.833333
1726	0.833333	0.5	0.833333
1727	0.833333	0.375	0.791667
1728	0.833333	0.375	0.75
1729	0.75	0.25	0.791667
1730	0.75	0.25	0.708333
1731	0.75	0.25	0.708333
1732	0.75	0.25	0.666667
1733	0.75	0.25	0.583333
1734	0.75	0.25	0.791667
1735	0.75	0.25	0.75
1736	0.75	0.25	0.75
1737	0.75	0.25	0.75
1738	0.75	0.25	0.708333
1739	0.833333	0.5	0.833333
1740	0.833333	0.5	0.833333
1741	0.833333	0.5	0.875
1742	0.833333	0.5	0.833333
1743	0.833333	0.5	0.875
1744	0.833333	0.5	0.833333
1745	0.833333	0.5	0.833333
1746	0.833333	0.5	0.791667
1747	0.833333	0.5	0.833333
1748	0.833333	0.5	0.75
1749	0.833333	0.5	0.791667
1750	0.916667	0.625	0.916667
1751	0.916667	0.625	0.875
1752	0.916667	0.5	0.875
1753	0.916667	0.5	0.875
1754	0.916667	0.5	0.791667
1755	0.833333	0.375	0.833333
1756	0.833333	0.375	0.791667
1757	0.916667	0.5	0.875
1758	0.916667	0.375	0.833333
1759	0.833333	0.375	0.75
1760	0.833333	0.375	0.833333
1761	0.833333	0.375	0.75
1762	0.833333	0.25	0.791667
1763	0.75	0.25	0.708333
1764	0.75	0.25	0.583333
1765	0.916667	0.5	0.791667
1766	0.916667	0.5	0.833333
1767	0.916667	0.5	0.833333
1768	0.916667	0.5	0.875
1769	0.833333	0.25	0.708333
1770	0.833333	0.25	0.791667
1771	0.833333	0.25	0.75
1772	0.833333	0.25	0.708333
1773	0.833333	0.375	0.791667
1774	0.75	0.25	0.666667
1775	0.916667	0.625	0.875
1776	0.833333	0.5	0.833333
1777	0.833333	0.375	0.791667
1778	0.916667	0.5	0.833333
1779	0.916667	0.625	0.875
1780	0.916667	0.625	0.875
1781	0.916667	0.625	0.875
1782	0.916667	0.5	0.833333
1783	0.833333	0.5	0.833333
1784	0.916667	0.5	0.875
1785	0.833333	0.5	0.875
1786	0.916667	0.5	0.791667
1787	0.916667	0.5	0.833333
1788	0.833333	0.5	0.833333
1789	0.833333	0.5	0.833333
1790	0.833333	0.375	0.833333
1791	0.833333	0.375	0.75
1792	0.833333	0.375	0.791667
1793	0.833333	0.375	0.833333
1794	0.75	0.25	0.708333
1795	0.833333	0.375	0.791667
1796	0.833333	0.375	0.791667
1797	0.833333	0.375	0.75
1798	0.75	0.25	0.583333
1799	0.75	0.25	0.666667
1800	0.75	0.25	0.416667
1801	0.75	0.25	0.583333
1802	0.833333	0.375	0.75
1803	0.833333	0.375	0.708333
1804	0.833333	0.375	0.625
1805	0.916667	0.5	0.875
1806	0.916667	0.375	0.833333
1807	0.833333	0.375	0.833333
1808	0.833333	0.375	0.791667
1809	0.833333	0.375	0.791667
1810	0.833333	0.375	0.75
1811	0.916667	0.5	0.791667
1812	0.916667	0.375	0.75
1813	0.916667	0.5	0.833333
1814	0.916667	0.5	0.833333
1815	0.916667	0.375	0.791667
1816	0.916667	0.375	0.75
1817	0.833333	0.375	0.791667
1818	0.833333	0.375	0.833333
1819	0.833333	0.375	0.791667
1820	0.833333	0.375	0.75
1821	0.916667	0.625	0.875
1822	0.916667	0.625	0.916667
1823	0.916667	0.625	0.875
1824	0.916667	0.625	0.875
1825	0.916667	0.625	0.875
1826	0.833333	0.5	0.833333
1827	0.916667	0.5	0.875
1828	0.833333	0.5	0.75
1829	0.833333	0.5	0.791667
1830	0.833333	0.5	0.791667
1831	0.916667	0.5	0.833333
1832	0.916667	0.5	0.791667
1833	0.916667	0.5	0.833333
1834	0.916667	0.5	0.833333
1835	0.833333	0.375	0.75
1836	0.833333	0.375	0.625
1837	0.833333	0.375	0.708333
1838	0.916667	0.625	0.875
1839	0.916667	0.625	0.791667
1840	0.916667	0.625	0.833333
1841	0.916667	0.625	0.833333
1842	0.833333	0.5	0.791667
1843	0.833333	0.375	0.708333
1844	0.833333	0.375	0.708333
1845	0.833333	0.375	0.791667
1846	0.833333	0.5	0.833333
1847	0.833333	0.5	0.791667
1848	0.833333	0.5	0.75
1849	0.916667	0.5	0.791667
1850	0.916667	0.5	0.75
1851	0.916667	0.5	0.666667
1852	0.833333	0.375	0.708333
1853	0.833333	0.25	0.666667
1854	0.833333	0.375	0.708333
1855	0.833333	0.125	0.666667
1856	0.833333	0.125	0.541667
1857	0.833333	0.125	0.666667
1858	0.833333	0.125	0.666667
1859	0.833333	0.125	0.583333
1860	0.833333	0.125	0.625
1861	0.833333	0.125	0.541667
1862	0.833333	0.125	0.583333
1863	0.833333	0.125	0.416667
1864	0.833333	0.375	0.666667
1865	0.833333	0.375	0.708333
1866	0.833333	0.375	0.666667
1867	0.833333	0.25	0.666667
1868	0.833333	0.25	0.666667
1869	0.833333	0.25	0.583333
1870	0.833333	0.375	0.666667
1871	0.833333	0.375	0.666667
1872	0.833333	0.375	0.708333
1873	0.916667	0.375	0.666667
1874	0.916667	0.375	0.666667
1875	0.916667	0.375	0.666667
1876	0.916667	0.375	0.625
1877	0.916667	0.375	0.666667
1878	0.916667	0.375	0.583333
1879	0.916667	0.375	0.666667
1880	0.916667	0.375	0.666667
1881	0.916667	0.375	0.666667
1882	0.916667	0.375	0.708333
1883	0.916667	0.375	0.666667
1884	0.916667	0.375	0.625
1885	0.916667	0.375	0.583333
1886	0.916667	0.25	0.625
1887	0.916667	0.25	0.583333
1888	0.916667	0.25	0.666667
1889	0.916667	0.25	0.666667
1890	0.916667	0.25	0.666667
1891	0.916667	0.25	0.583333
1892	0.916667	0.25	0.625
1893	0.916667	0.25	0.583333
1894	0.916667	0.25	0.458333
1895	0.916667	0.25	0.583333
1896	0.916667	0.25	0.666667
1897	0.916667	0.25	0.583333
1898	0.916667	0.25	0.625
1899	0.916667	0.25	0.666667
1900	0.916667	0.25	0.625
1901	0.916667	0.25	0.583333
1902	0.916667	0.125	0.583333
1903	0.916667	0.125	0.541667
1904	0.916667	0.125	0.583333
1905	0.916667	0.125	0.458333
1906	0.916667	0.125	0.666667
1907	0.916667	0.125	0.625
1908	0.916667	0.125	0.583333
1909	0.916667	0.125	0.625
1910	0.916667	0.25	0.583333
1911	0.916667	0.125	0.416667
1912	0.916667	0.25	0.625
1913	0.916667	0.125	0.458333
1914	0.916667	0.125	0.25
1915	0.916667	0.25	0.458333
1916	0.916667	0.25	0.583333
1917	0.75	0.375	0.708333
1918	0.916667	0.5	0.791667
1919	0.833333	0.375	0.625
1920	0.833333	0.375	0.791667
1921	0.833333	0.5	0.833333
1922	0.833333	0.5	0.875
1923	0.833333	0.5	0.875
1924	0.916667	0.625	0.875
1925	0.916667	0.625	0.875
1926	0.833333	0.625	0.875
1927	0.833333	0.625	0.916667
1928	0.916667	0.75	0.958333
1929	1	0.875	0.958333
1930	0.916667	0.75	0.875
1931	1	0.75	0.916667
1932	0.833333	0.5	0.875
1933	0.916667	0.625	0.916667
1934	1	0.75	0.916667
1935	1	0.625	0.875
1936	0.833333	0.5	0.791667
1937	0.916667	0.625	0.791667
1938	0.75	0.5	0.875
1939	0.75	0.375	0.833333
1940	0.75	0.375	0.833333
1941	0.75	0.5	0.875
1942	0.75	0.5	0.875
1943	0.833333	0.625	0.916667
1944	0.75	0.5	0.833333
1945	0.833333	0.625	0.916667
1946	0.833333	0.5	0.875
1947	0.916667	0.75	0.875
1948	0.833333	0.625	0.833333
1949	0.916667	0.625	0.791667
1950	0.916667	0.625	0.875
1951	0.916667	0.75	0.916667
1952	0.833333	0.625	0.875
1953	0.916667	0.625	0.875
1954	0.833333	0.5	0.833333
1955	0.833333	0.5	0.791667
1956	0.833333	0.5	0.833333
1957	0.833333	0.375	0.791667
1958	0.75	0.375	0.75
1959	0.833333	0.25	0.75
1960	0.833333	0.5	0.833333
1961	0.916667	0.5	0.791667
1962	0.916667	0.625	0.833333
1963	0.833333	0.5	0.791667
1964	0.833333	0.375	0.75
1965	0.75	0.375	0.791667
1966	0.916667	0.5	0.75
1967	0.833333	0.375	0.791667
1968	0.833333	0.375	0.791667
1969	0.916667	0.375	0.666667
1970	0.916667	0.375	0.75
1971	0.916667	0.375	0.75
1972	0.833333	0.25	0.75
1973	1	0.375	0.666667
1974	0.916667	0.375	0.75
1975	0.916667	0.25	0.708333
1976	0.916667	0.25	0.625
1977	0.916667	0.375	0.708333
1978	1	0.5	0.75
1979	1	0.5	0.75
1980	0.916667	0.5	0.75
1981	1	0.625	0.791667
1982	1	0.5	0.75
1983	1	0.625	0.75
1984	1	0.5	0.666667
1985	0.916667	0.5	0.708333
1986	1	0.25	0.5
1987	0.75	0.375	0.75
1988	0.75	0.375	0.791667
1989	0.75	0.375	0.75
1990	0.75	0.375	0.791667
1991	0.75	0.375	0.75
1992	0.75	0.375	0.708333
1993	0.75	0.375	0.791667
1994	0.833333	0.375	0.75
1995	0.833333	0.5	0.791667
1996	0.833333	0.5	0.791667
1997	0.75	0.375	0.791667
1998	0.833333	0.375	0.75
1999	0.75	0.375	0.75
2000	0.833333	0.5	0.75
2001	0.833333	0.375	0.708333
2002	0.833333	0.375	0.708333
2003	0.75	0.375	0.75
2004	0.833333	0.375	0.625
2005	0.833333	0.5	0.708333
2006	0.833333	0.5	0.708333
2007	0.75	0.375	0.75
2008	0.75	0.375	0.708333
2009	0.916667	0.625	0.708333
2010	0.916667	0.625	0.708333
2011	0.916667	0.625	0.75
2012	0.916667	0.625	0.75
2013	0.916667	0.5	0.708333
2014	0.916667	0.5	0.625
2015	0.916667	0.5	0.708333
2016	0.916667	0.5	0.708333
2017	0.833333	0.25	0.666667
2018	0.833333	0.5	0.708333
2019	0.916667	0.25	0.583333
2020	0.916667	0.25	0.541667
2021	0.916667	0.25	0.625
2022	0.916667	0.25	0.458333
2023	0.916667	0.25	0.583333
2024	0.833333	0.25	0.708333
2025	0.833333	0.25	0.666667
2026	0.833333	0.25	0.666667
2027	0.833333	0.25	0.625
2028	0.833333	0.25	0.583333
2029	0.833333	0.5	0.708333
2030	0.833333	0.5	0.708333
2031	0.833333	0.5	0.666667
2032	0.833333	0.5	0.666667
2033	0.75	0.5	0.875
2034	0.75	0.5	0.833333
2035	0.75	0.5	0.875
2036	0.75	0.5	0.833333
2037	0.75	0.5	0.875
2038	0.75	0.5	0.833333
2039	0.75	0.5	0.875
2040	0.833333	0.625	0.916667
2041	0.833333	0.5	0.875
2042	0.833333	0.625	0.875
2043	0.833333	0.5	0.833333
2044	0.75	0.5	0.833333
2045	0.75	0.5	0.833333
2046	0.75	0.5	0.833333
2047	0.75	0.5	0.875
2048	0.75	0.5	0.875
2049	0.833333	0.625	0.916667
2050	0.833333	0.5	0.875
2051	0.833333	0.625	0.875
2052	0.833333	0.625	0.875
2053	0.833333	0.5	0.875
2054	0.833333	0.5	0.791667
2055	0.916667	0.625	0.875
2056	0.916667	0.75	0.916667
2057	0.916667	0.75	0.875
2058	0.916667	0.625	0.833333
2059	0.916667	0.625	0.791667
2060	0.916667	0.625	0.833333
2061	0.916667	0.625	0.875
2062	0.916667	0.75	0.875
2063	0.916667	0.75	0.875
2064	0.916667	0.75	0.875
2065	0.833333	0.625	0.833333
2066	0.833333	0.625	0.791667
2067	0.833333	0.625	0.833333
2068	0.833333	0.625	0.875
2069	0.833333	0.625	0.833333
2070	0.833333	0.625	0.875
2071	0.833333	0.625	0.833333
2072	0.833333	0.625	0.75
2073	0.833333	0.625	0.833333
2074	0.833333	0.625	0.791667
2075	0.833333	0.625	0.833333
2076	0.833333	0.625	0.791667
2077	0.75	0.375	0.791667
2078	0.833333	0.375	0.75
2079	0.75	0.375	0.75
2080	0.75	0.375	0.791667
2081	0.75	0.375	0.75
2082	0.75	0.375	0.75
2083	0.75	0.375	0.708333
2084	0.833333	0.375	0.708333
2085	0.833333	0.375	0.708333
2086	0.833333	0.375	0.75
2087	0.833333	0.375	0.625
2088	0.916667	0.75	0.875
2089	0.916667	0.75	0.916667
2090	0.916667	0.75	0.875
2091	0.916667	0.75	0.916667
2092	0.916667	0.75	0.875
2093	0.916667	0.75	0.875
2094	0.916667	0.75	0.875
2095	0.916667	0.75	0.916667
2096	1	0.75	0.916667
2097	0.916667	0.75	0.875
2098	1	0.875	0.958333
2099	0.916667	0.75	0.916667
2100	0.916667	0.75	0.833333
2101	1	0.875	0.916667
2102	0.916667	0.75	0.875
2103	0.916667	0.75	0.833333
2104	0.916667	0.75	0.833333
2105	0.916667	0.75	0.791667
2106	1	0.875	0.916667
2107	0.916667	0.75	0.875
2108	1	0.875	0.916667
2109	0.916667	0.75	0.875
2110	0.916667	0.75	0.875
2111	1	0.875	0.916667
2112	1	0.75	0.875
2113	1	0.75	0.916667
2114	1	0.75	0.875
2115	1	0.75	0.833333
2116	0.833333	0.625	0.916667
2117	0.833333	0.5	0.833333
2118	0.833333	0.5	0.833333
2119	0.916667	0.375	0.75
2120	0.833333	0.5	0.833333
2121	0.833333	0.625	0.916667
2122	1	0.375	0.666667
2123	0.916667	0.5	0.791667
2124	0.916667	0.625	0.833333
2125	0.833333	0.5	0.833333
2126	0.833333	0.625	0.916667
2127	0.916667	0.75	0.958333
2128	0.916667	0.625	0.916667
2129	0.916667	0.5	0.791667
2130	0.833333	0.5	0.791667
2131	0.916667	0.375	0.708333
2132	0.916667	0.375	0.708333
2133	0.916667	0.375	0.708333
2134	0.916667	0.375	0.625
2135	0.916667	0.375	0.666667
2136	0.833333	0.5	0.791667
2137	0.833333	0.5	0.833333
2138	0.833333	0.5	0.791667
2139	0.833333	0.5	0.75
2140	1	0.375	0.625
2141	0.916667	0.375	0.708333
2142	0.833333	0.5	0.791667
2143	0.916667	0.625	0.791667
2144	0.916667	0.5	0.75
2145	0.833333	0.5	0.791667
2146	0.833333	0.5	0.791667
2147	0.833333	0.5	0.791667
2148	0.833333	0.5	0.833333
2149	0.833333	0.5	0.75
2150	0.833333	0.5	0.791667
2151	0.833333	0.5	0.75
2152	0.916667	0.625	0.75
2153	0.916667	0.625	0.833333
2154	0.916667	0.625	0.75
2155	0.833333	0.5	0.791667
2156	0.833333	0.5	0.833333
2157	0.916667	0.5	0.666667
2158	0.916667	0.5	0.75
2159	0.916667	0.5	0.791667
2160	0.916667	0.375	0.708333
2161	1	0.375	0.625
2162	0.916667	0.375	0.708333
2163	0.916667	0.375	0.666667
2164	0.916667	0.375	0.625
2165	1	0.375	0.583333
2166	1	0.375	0.5
2167	0.833333	0.625	0.875
2168	0.916667	0.75	0.916667
2169	0.833333	0.625	0.875
2170	0.833333	0.625	0.875
2171	0.833333	0.5	0.791667
2172	0.916667	0.625	0.875
2173	0.833333	0.5	0.791667
2174	0.916667	0.5	0.75
2175	0.833333	0.625	0.875
2176	0.833333	0.625	0.916667
2177	0.833333	0.625	0.875
2178	0.833333	0.625	0.916667
2179	0.916667	0.75	0.916667
2180	0.833333	0.625	0.875
2181	0.833333	0.625	0.875
2182	0.916667	0.75	0.916667
2183	0.916667	0.75	0.958333
2184	0.833333	0.625	0.916667
2185	0.833333	0.625	0.916667
2186	0.833333	0.625	0.875
2187	0.833333	0.625	0.916667
2188	0.833333	0.625	0.916667
2189	0.833333	0.625	0.875
2190	0.916667	0.625	0.916667
2191	0.916667	0.625	0.916667
2192	0.916667	0.625	0.833333
2193	0.833333	0.5	0.833333
2194	0.833333	0.5	0.75
2195	0.833333	0.5	0.791667
2196	0.833333	0.5	0.791667
2197	0.833333	0.5	0.791667
2198	0.833333	0.5	0.791667
2199	0.833333	0.5	0.833333
2200	0.833333	0.5	0.75
2201	0.916667	0.5	0.791667
2202	0.916667	0.5	0.75
2203	0.916667	0.5	0.666667
2204	0.916667	0.625	0.791667
2205	0.833333	0.625	0.833333
2206	0.833333	0.5	0.791667
2207	0.833333	0.625	0.791667
2208	0.833333	0.5	0.75
2209	0.833333	0.625	0.75
2210	0.833333	0.5	0.708333
2211	0.833333	0.625	0.791667
2212	0.833333	0.625	0.791667
2213	0.833333	0.5	0.791667
2214	0.833333	0.5	0.708333
2215	0.916667	0.625	0.75
2216	0.916667	0.625	0.75
2217	0.916667	0.625	0.791667
2218	0.916667	0.625	0.666667
2219	0.916667	0.5	0.666667
2220	0.916667	0.375	0.625
2221	0.916667	0.375	0.666667
2222	0.916667	0.5	0.708333
2223	0.916667	0.5	0.666667
2224	0.916667	0.5	0.666667
2225	0.916667	0.375	0.666667
2226	0.916667	0.5	0.625
2227	0.916667	0.5	0.666667
2228	0.916667	0.5	0.666667
2229	0.916667	0.5	0.583333
2230	0.916667	0.375	0.583333
2231	0.916667	0.625	0.875
2232	0.916667	0.625	0.791667
2233	0.916667	0.625	0.875
2234	0.916667	0.625	0.833333
2235	0.916667	0.625	0.833333
2236	0.916667	0.625	0.833333
2237	0.833333	0.625	0.833333
2238	0.833333	0.5	0.791667
2239	0.833333	0.5	0.75
2240	0.833333	0.5	0.833333
2241	0.833333	0.5	0.833333
2242	0.833333	0.5	0.791667
2243	0.833333	0.625	0.833333
2244	0.833333	0.625	0.875
2245	0.833333	0.625	0.833333
2246	0.833333	0.625	0.833333
2247	0.916667	0.625	0.875
2248	0.916667	0.625	0.875
2249	0.916667	0.625	0.791667
2250	0.916667	0.625	0.833333
2251	0.916667	0.625	0.833333
2252	1	0.75	0.875
2253	0.916667	0.625	0.833333
2254	1	0.625	0.833333
2255	0.833333	0.625	0.833333
2256	0.833333	0.5	0.791667
2257	0.833333	0.625	0.791667
2258	0.916667	0.75	0.833333
2259	0.916667	0.625	0.833333
2260	0.916667	0.625	0.833333
2261	0.916667	0.625	0.75
2262	0.916667	0.625	0.875
2263	0.916667	0.625	0.875
2264	0.916667	0.625	0.791667
2265	0.916667	0.625	0.833333
2266	0.916667	0.625	0.833333
2267	0.833333	0.625	0.833333
2268	0.833333	0.5	0.833333
2269	0.833333	0.625	0.833333
2270	0.833333	0.625	0.833333
2271	0.833333	0.625	0.833333
2272	0.833333	0.625	0.875
2273	0.833333	0.625	0.791667
2274	0.833333	0.625	0.833333
2275	0.833333	0.625	0.75
2276	0.833333	0.5	0.791667
2277	0.833333	0.5	0.833333
2278	0.833333	0.5	0.75
2279	0.916667	0.75	0.875
2280	0.916667	0.625	0.791667
2281	0.916667	0.625	0.875
2282	0.916667	0.625	0.875
2283	1	0.625	0.875
2284	1	0.75	0.916667
2285	1	0.625	0.875
2286	0.916667	0.625	0.791667
2287	0.916667	0.75	0.791667
2288	0.916667	0.75	0.833333
2289	0.916667	0.625	0.666667
2290	1	0.75	0.875
2291	1	0.75	0.875
2292	1	0.75	0.833333
2293	1	0.625	0.791667
2294	1	0.625	0.791667
2295	0.916667	0.625	0.791667
2296	0.916667	0.625	0.833333
2297	0.916667	0.625	0.833333
2298	0.916667	0.625	0.791667
2299	1	0.625	0.75
2300	1	0.5	0.708333
2301	0.916667	0.5	0.75
2302	0.833333	0.5	0.708333
2303	0.916667	0.5	0.75
2304	0.916667	0.375	0.708333
2305	1	0.625	0.708333
2306	1	0.5	0.625
2307	1	0.5	0.708333
2308	1	0.5	0.708333
2309	0.916667	0.5	0.75
2310	0.916667	0.375	0.708333
2311	0.916667	0.5	0.75
2312	0.916667	0.5	0.708333
2313	0.916667	0.5	0.75
2314	0.916667	0.5	0.708333
2315	0.833333	0.5	0.666667
2316	0.833333	0.5	0.708333
2317	0.833333	0.5	0.666667
2318	0.916667	0.5	0.708333
2319	0.916667	0.5	0.708333
2320	0.916667	0.375	0.708333
2321	0.916667	0.375	0.625
2322	1	0.625	0.625
2323	1	0.625	0.666667
2324	1	0.5	0.625
2325	1	0.5	0.5
2326	1	0.5	0.625
2327	1	0.5	0.666667
2328	1	0.5	0.666667
2329	1	0.5	0.625
2330	1	0.625	0.708333
2331	1	0.625	0.708333
2332	1	0.625	0.708333
2333	1	0.5	0.708333
2334	1	0.5	0.666667
2335	1	0.5	0.625
2336	0.75	0.375	0.666667
2337	0.75	0.375	0.708333
2338	0.75	0.375	0.666667
2339	0.75	0.375	0.583333
2340	0.75	0.375	0.708333
2341	0.75	0.375	0.708333
2342	0.75	0.375	0.708333
2343	0.75	0.375	0.666667
2344	0.75	0.375	0.666667
2345	0.75	0.375	0.583333
2346	0.75	0.375	0.75
2347	0.833333	0.375	0.791667
2348	0.833333	0.375	0.708333
2349	0.75	0.375	0.666667
2350	0.833333	0.375	0.791667
2351	0.75	0.375	0.75
2352	0.75	0.375	0.708333
2353	0.75	0.375	0.666667
2354	0.833333	0.375	0.75
2355	0.833333	0.375	0.708333
2356	0.833333	0.375	0.583333
2357	0.833333	0.375	0.625
2358	0.833333	0.375	0.625
2359	0.833333	0.375	0.458333
2360	0.75	0.5	0.833333
2361	0.75	0.5	0.875
2362	0.75	0.5	0.833333
2363	0.75	0.5	0.833333
2364	0.75	0.5	0.875
2365	0.75	0.375	0.833333
2366	0.75	0.375	0.833333
2367	0.75	0.375	0.833333
2368	0.75	0.375	0.75
2369	0.75	0.375	0.791667
2370	0.75	0.5	0.833333
2371	0.75	0.5	0.833333
2372	0.75	0.5	0.75
2373	0.75	0.5	0.833333
2374	0.75	0.5	0.791667
2375	0.75	0.5	0.875
2376	0.75	0.5	0.875
2377	0.75	0.5	0.875
2378	0.75	0.5	0.833333
2379	0.75	0.5	0.833333
2380	0.75	0.5	0.833333
2381	0.75	0.5	0.833333
2382	0.75	0.375	0.833333
2383	0.833333	0.5	0.875
2384	0.75	0.5	0.875
2385	0.833333	0.5	0.875
2386	0.75	0.375	0.833333
2387	0.833333	0.5	0.791667
2388	0.833333	0.625	0.875
2389	0.833333	0.625	0.833333
2390	0.833333	0.625	0.875
2391	0.833333	0.625	0.791667
2392	0.833333	0.625	0.875
2393	0.833333	0.625	0.875
2394	0.833333	0.625	0.916667
2395	0.833333	0.625	0.916667
2396	0.833333	0.625	0.875
2397	0.75	0.5	0.875
2398	0.833333	0.5	0.875
2399	0.75	0.5	0.875
2400	0.75	0.5	0.875
2401	0.75	0.5	0.833333
2402	0.75	0.5	0.833333
2403	0.75	0.5	0.875
2404	0.75	0.5	0.833333
2405	0.75	0.5	0.833333
2406	0.833333	0.5	0.833333
2407	0.75	0.5	0.833333
2408	0.833333	0.5	0.791667
2409	0.833333	0.5	0.875
2410	0.75	0.5	0.833333
2411	0.75	0.5	0.875
2412	0.75	0.5	0.833333
2413	0.75	0.5	0.75
2414	0.75	0.5	0.791667
2415	0.75	0.5	0.833333
2416	0.75	0.5	0.833333
2417	0.75	0.5	0.833333
2418	0.75	0.5	0.875
2419	0.75	0.5	0.833333
2420	0.833333	0.5	0.875
2421	0.833333	0.5	0.833333
2422	0.833333	0.5	0.875
2423	0.833333	0.5	0.791667
2424	0.75	0.375	0.833333
2425	0.75	0.375	0.791667
2426	0.75	0.375	0.833333
2427	0.75	0.375	0.75
2428	0.75	0.375	0.791667
2429	0.75	0.375	0.833333
2430	0.75	0.375	0.833333
2431	0.75	0.375	0.75
2432	0.833333	0.5	0.875
2433	0.833333	0.5	0.875
2434	0.833333	0.5	0.833333
2435	0.833333	0.5	0.875
2436	0.833333	0.5	0.791667
2437	0.833333	0.5	0.833333
2438	0.833333	0.5	0.875
2439	0.833333	0.5	0.791667
2440	0.833333	0.5	0.791667
2441	0.833333	0.5	0.791667
2442	0.833333	0.5	0.666667
2443	0.916667	0.25	0.583333
2444	0.916667	0.25	0.708333
2445	0.916667	0.25	0.625
2446	0.916667	0.25	0.625
2447	0.916667	0.25	0.583333
2448	0.916667	0.25	0.666667
2449	0.916667	0.25	0.625
2450	0.916667	0.25	0.583333
2451	0.916667	0.25	0.458333
2452	0.916667	0.25	0.541667
2453	0.833333	0.375	0.791667
2454	0.833333	0.25	0.75
2455	0.75	0.375	0.791667
2456	0.833333	0.375	0.791667
2457	0.833333	0.375	0.708333
2458	0.833333	0.375	0.75
2459	0.833333	0.375	0.791667
2460	0.833333	0.375	0.708333
2461	0.833333	0.375	0.708333
2462	0.833333	0.25	0.625
2463	0.833333	0.25	0.708333
2464	0.833333	0.25	0.708333
2465	0.833333	0.25	0.75
2466	0.833333	0.375	0.75
2467	0.833333	0.375	0.708333
2468	0.833333	0.375	0.791667
2469	0.75	0.375	0.791667
2470	0.75	0.375	0.75
2471	0.75	0.375	0.75
2472	0.75	0.375	0.75
2473	0.75	0.375	0.708333
2474	0.916667	0.375	0.666667
2475	0.916667	0.375	0.666667
2476	0.916667	0.375	0.625
2477	0.916667	0.375	0.75
2478	0.916667	0.375	0.75
2479	0.916667	0.375	0.75
2480	0.916667	0.375	0.625
2481	0.916667	0.375	0.75
2482	0.833333	0.5	0.708333
2483	0.916667	0.375	0.625
2484	0.916667	0.5	0.625
2485	0.916667	0.5	0.75
2486	0.916667	0.5	0.666667
2487	0.916667	0.5	0.75
2488	0.916667	0.375	0.5
2489	0.916667	0.375	0.666667
2490	0.916667	0.375	0.666667
2491	0.833333	0.5	0.791667
2492	0.833333	0.375	0.75
2493	0.833333	0.375	0.625
2494	0.833333	0.375	0.75
2495	0.833333	0.375	0.708333
2496	0.833333	0.375	0.708333
2497	0.833333	0.5	0.791667
2498	0.833333	0.5	0.708333
2499	0.833333	0.5	0.75
2500	0.75	0.375	0.75
2501	0.75	0.375	0.708333
2502	0.833333	0.25	0.708333
2503	0.75	0.375	0.708333
2504	0.833333	0.25	0.708333
2505	0.833333	0.375	0.75
2506	0.833333	0.25	0.708333
2507	0.833333	0.25	0.625
2508	0.833333	0.25	0.75
2509	0.833333	0.25	0.75
2510	0.833333	0.375	0.791667
2511	0.833333	0.375	0.791667
2512	0.833333	0.375	0.708333
2513	0.833333	0.375	0.708333
2514	0.833333	0.25	0.625
2515	0.833333	0.25	0.75
2516	0.833333	0.25	0.708333
2517	0.833333	0.25	0.75
2518	0.833333	0.375	0.791667
2519	0.833333	0.375	0.708333
2520	0.833333	0.375	0.791667
2521	0.833333	0.375	0.708333
2522	0.833333	0.375	0.75
2523	0.75	0.375	0.791667
2524	0.75	0.375	0.75
2525	0.75	0.375	0.75
2526	0.75	0.375	0.75
2527	0.75	0.375	0.75
2528	0.75	0.375	0.791667
2529	0.75	0.375	0.708333
2530	0.75	0.375	0.666667
2531	0.75	0.375	0.666667
2532	0.75	0.375	0.75
2533	0.75	0.375	0.666667
2534	0.75	0.375	0.75
2535	0.75	0.375	0.666667
2536	0.833333	0.25	0.666667
2537	0.916667	0.25	0.625
2538	1	0.25	0.5
2539	0.833333	0.25	0.625
2540	0.916667	0.25	0.583333
2541	1	0.25	0.458333
2542	0.916667	0.25	0.583333
2543	0.833333	0.25	0.583333
2544	0.833333	0.25	0.541667
2545	0.833333	0.25	0.583333
2546	0.916667	0.25	0.541667
2547	0.916667	0.25	0.458333
2548	1	0.25	0.291667
2549	1	0.25	0.416667
2550	0.833333	0.5	0.875
2551	0.833333	0.5	0.833333
2552	0.833333	0.5	0.833333
2553	0.833333	0.5	0.833333
2554	0.916667	0.625	0.916667
2555	0.916667	0.625	0.916667
2556	0.916667	0.5	0.875
2557	0.833333	0.5	0.791667
2558	0.916667	0.625	0.875
2559	0.833333	0.5	0.791667
2560	0.833333	0.5	0.791667
2561	0.833333	0.5	0.833333
2562	0.916667	0.5	0.833333
2563	0.916667	0.625	0.875
2564	0.833333	0.5	0.833333
2565	0.916667	0.625	0.916667
2566	0.916667	0.5	0.875
2567	0.833333	0.5	0.875
2568	0.833333	0.5	0.833333
2569	0.916667	0.625	0.875
2570	0.833333	0.5	0.791667
2571	0.916667	0.5	0.833333
2572	0.833333	0.5	0.833333
2573	0.916667	0.625	0.875
2574	0.833333	0.5	0.75
2575	0.916667	0.5	0.791667
2576	0.833333	0.5	0.833333
2577	0.916667	0.625	0.875
2578	0.833333	0.5	0.75
2579	0.833333	0.5	0.791667
2580	0.916667	0.625	0.875
2581	0.916667	0.625	0.875
2582	0.916667	0.625	0.875
2583	0.833333	0.5	0.791667
2584	0.833333	0.5	0.75
2585	0.833333	0.375	0.708333
2586	0.833333	0.375	0.708333
2587	0.833333	0.375	0.791667
2588	0.833333	0.375	0.791667
2589	0.833333	0.375	0.791667
2590	0.833333	0.375	0.791667
2591	0.833333	0.375	0.833333
2592	0.833333	0.375	0.75
2593	0.916667	0.5	0.791667
2594	0.916667	0.5	0.833333
2595	0.916667	0.5	0.875
2596	0.916667	0.5	0.875
2597	0.916667	0.5	0.833333
2598	0.833333	0.375	0.791667
2599	0.833333	0.375	0.833333
2600	0.833333	0.375	0.75
2601	0.833333	0.375	0.791667
2602	0.833333	0.375	0.75
2603	0.833333	0.375	0.75
2604	0.833333	0.375	0.708333
2605	0.833333	0.375	0.625
2606	0.833333	0.375	0.708333
2607	0.833333	0.375	0.791667
2608	0.833333	0.375	0.708333
2609	0.833333	0.375	0.791667
2610	0.833333	0.375	0.708333
2611	0.833333	0.375	0.625
2612	0.833333	0.375	0.75
2613	0.833333	0.375	0.75
2614	0.833333	0.375	0.708333
2615	0.833333	0.375	0.75
2616	0.833333	0.375	0.791667
2617	0.833333	0.375	0.708333
2618	0.833333	0.375	0.625
2619	0.833333	0.375	0.75
2620	0.833333	0.375	0.708333
2621	0.833333	0.375	0.791667
2622	0.916667	0.5	0.791667
2623	0.833333	0.375	0.75
2624	0.833333	0.375	0.833333
2625	0.916667	0.5	0.875
2626	0.833333	0.375	0.791667
2627	0.833333	0.375	0.833333
2628	0.833333	0.375	0.791667
2629	0.916667	0.5	0.875
2630	0.916667	0.5	0.833333
2631	0.916667	0.5	0.833333
2632	0.833333	0.375	0.833333
2633	0.916667	0.5	0.875
2634	0.833333	0.375	0.791667
2635	0.916667	0.5	0.833333
2636	0.833333	0.375	0.791667
2637	0.833333	0.375	0.833333
2638	0.833333	0.375	0.75
2639	0.916667	0.5	0.875
2640	0.916667	0.5	0.791667
2641	0.916667	0.5	0.833333
2642	0.833333	0.375	0.791667
2643	0.833333	0.375	0.833333
2644	0.833333	0.375	0.833333
2645	0.833333	0.375	0.75
2646	0.833333	0.375	0.833333
2647	0.833333	0.375	0.791667
2648	0.833333	0.375	0.791667
2649	0.916667	0.5	0.875
2650	0.916667	0.375	0.833333
2651	0.833333	0.375	0.75
2652	0.833333	0.375	0.791667
2653	0.833333	0.375	0.833333
2654	0.833333	0.375	0.75
2655	0.833333	0.375	0.833333
2656	0.833333	0.375	0.791667
2657	0.833333	0.375	0.833333
2658	0.833333	0.375	0.75
2659	0.833333	0.375	0.791667
2660	0.833333	0.375	0.833333
2661	0.916667	0.375	0.833333
2662	0.916667	0.375	0.833333
2663	0.916667	0.375	0.75
2664	0.916667	0.375	0.75
2665	0.916667	0.5	0.833333
2666	0.916667	0.5	0.875
2667	0.916667	0.5	0.875
2668	0.916667	0.5	0.791667
2669	0.916667	0.5	0.833333
2670	0.833333	0.375	0.75
2671	0.833333	0.375	0.625
2672	0.833333	0.375	0.708333
2673	0.833333	0.375	0.75
2674	0.75	0.375	0.791667
2675	0.833333	0.375	0.791667
2676	0.75	0.375	0.791667
2677	0.833333	0.375	0.833333
2678	0.75	0.375	0.833333
2679	0.833333	0.375	0.75
2680	0.833333	0.375	0.791667
2681	0.833333	0.375	0.833333
2682	0.75	0.375	0.833333
2683	0.75	0.375	0.791667
2684	0.75	0.375	0.791667
2685	0.833333	0.25	0.708333
2686	0.75	0.25	0.75
2687	0.75	0.25	0.791667
2688	0.75	0.25	0.708333
2689	0.75	0.25	0.791667
2690	0.75	0.25	0.791667
2691	0.75	0.25	0.75
2692	0.833333	0.25	0.75
2693	0.833333	0.25	0.75
2694	0.833333	0.25	0.75
2695	0.833333	0.25	0.625
2696	0.75	0.375	0.833333
2697	0.75	0.375	0.791667
2698	0.75	0.375	0.833333
2699	0.75	0.375	0.791667
2700	0.75	0.375	0.75
2701	0.75	0.375	0.791667
2702	0.75	0.375	0.75
2703	0.75	0.375	0.708333
2704	0.75	0.375	0.791667
2705	0.75	0.375	0.833333
2706	0.75	0.375	0.791667
2707	0.75	0.375	0.791667
2708	0.75	0.375	0.791667
2709	0.75	0.375	0.791667
2710	0.75	0.375	0.75
2711	0.75	0.375	0.75
2712	0.75	0.375	0.791667
2713	0.75	0.375	0.708333
2714	0.75	0.375	0.791667
2715	0.75	0.375	0.791667
2716	0.75	0.375	0.833333
2717	0.75	0.375	0.791667
2718	0.75	0.25	0.75
2719	0.75	0.25	0.791667
2720	0.75	0.25	0.75
2721	0.75	0.25	0.666667
2722	0.75	0.25	0.708333
2723	0.75	0.25	0.791667
2724	0.75	0.25	0.75
2725	0.75	0.25	0.666667
2726	0.75	0.25	0.75
2727	0.75	0.375	0.791667
2728	0.75	0.375	0.791667
2729	0.75	0.375	0.75
2730	0.75	0.375	0.791667
2731	0.75	0.375	0.791667
2732	0.75	0.375	0.833333
2733	0.75	0.375	0.833333
2734	0.75	0.375	0.791667
2735	0.75	0.375	0.791667
2736	0.75	0.375	0.75
2737	0.75	0.375	0.833333
2738	0.75	0.375	0.791667
2739	0.75	0.375	0.791667
2740	0.75	0.375	0.833333
2741	0.75	0.375	0.791667
2742	0.75	0.375	0.791667
2743	0.75	0.375	0.708333
2744	0.75	0.25	0.75
2745	0.75	0.25	0.791667
2746	0.75	0.25	0.75
2747	0.75	0.25	0.791667
2748	0.75	0.25	0.708333
2749	0.75	0.25	0.708333
2750	0.75	0.25	0.75
2751	0.75	0.25	0.791667
2752	0.75	0.25	0.791667
2753	0.75	0.25	0.791667
2754	0.75	0.25	0.75
2755	0.833333	0.25	0.791667
2756	0.75	0.25	0.791667
2757	0.75	0.25	0.791667
2758	0.75	0.25	0.75
2759	0.75	0.25	0.791667
2760	0.75	0.25	0.75
2761	0.75	0.25	0.708333
2762	0.75	0.25	0.708333
2763	0.75	0.25	0.791667
2764	0.75	0.25	0.791667
2765	0.75	0.25	0.75
2766	0.75	0.25	0.75
2767	0.75	0.25	0.75
2768	0.75	0.25	0.75
2769	0.833333	0.25	0.791667
2770	0.75	0.25	0.75
2771	0.75	0.25	0.666667
2772	0.833333	0.25	0.708333
2773	0.75	0.25	0.666667
2774	0.833333	0.25	0.708333
2775	0.75	0.25	0.75
2776	0.75	0.25	0.791667
2777	0.75	0.25	0.75
2778	0.75	0.25	0.708333
2779	0.75	0.25	0.791667
2780	0.75	0.25	0.791667
2781	0.833333	0.25	0.75
2782	0.75	0.25	0.75
2783	0.75	0.25	0.708333
2784	0.75	0.25	0.791667
2785	0.75	0.25	0.75
2786	0.833333	0.25	0.75
2787	0.833333	0.25	0.708333
2788	0.833333	0.25	0.625
2789	0.75	0.375	0.708333
2790	0.833333	0.5	0.833333
2791	0.833333	0.5	0.875
2792	0.833333	0.375	0.833333
2793	0.75	0.375	0.791667
2794	0.75	0.375	0.791667
2795	0.833333	0.5	0.875
2796	0.833333	0.375	0.833333
2797	0.833333	0.5	0.875
2798	0.833333	0.5	0.833333
2799	0.833333	0.375	0.833333
2800	0.833333	0.375	0.833333
2801	0.833333	0.375	0.75
2802	0.75	0.25	0.75
2803	0.833333	0.375	0.833333
2804	0.75	0.25	0.708333
2805	0.916667	0.375	0.791667
2806	0.833333	0.25	0.625
2807	0.833333	0.25	0.791667
2808	0.833333	0.375	0.833333
2809	0.75	0.25	0.708333
2810	0.75	0.375	0.75
2811	0.75	0.375	0.666667
2812	0.833333	0.5	0.791667
2813	0.833333	0.5	0.833333
2814	0.833333	0.375	0.791667
2815	0.75	0.375	0.708333
2816	0.75	0.375	0.75
2817	0.75	0.375	0.791667
2818	0.833333	0.5	0.75
2819	0.75	0.375	0.708333
2820	0.833333	0.5	0.833333
2821	0.75	0.375	0.583333
2822	0.833333	0.5	0.791667
2823	0.833333	0.5	0.833333
2824	0.833333	0.375	0.791667
2825	0.833333	0.375	0.833333
2826	0.833333	0.375	0.75
2827	0.833333	0.5	0.875
2828	0.833333	0.5	0.833333
2829	0.833333	0.5	0.833333
2830	0.833333	0.375	0.833333
2831	0.833333	0.5	0.875
2832	0.833333	0.375	0.833333
2833	0.833333	0.5	0.875
2834	0.833333	0.375	0.833333
2835	0.833333	0.25	0.791667
2836	0.833333	0.375	0.833333
2837	0.75	0.25	0.708333
2838	0.75	0.375	0.791667
2839	0.833333	0.5	0.875
2840	0.75	0.375	0.791667
2841	0.833333	0.375	0.833333
2842	0.833333	0.375	0.75
2843	0.833333	0.5	0.833333
2844	0.75	0.375	0.791667
2845	0.75	0.25	0.75
2846	0.75	0.375	0.791667
2847	0.75	0.25	0.708333
2848	0.833333	0.5	0.875
2849	0.833333	0.375	0.833333
2850	0.916667	0.5	0.875
2851	0.833333	0.375	0.75
2852	0.916667	0.375	0.791667
2853	0.833333	0.25	0.625
2854	0.75	0.375	0.75
2855	0.833333	0.5	0.833333
2856	0.833333	0.5	0.833333
2857	0.833333	0.375	0.791667
2858	0.75	0.375	0.791667
2859	0.75	0.375	0.791667
2860	0.75	0.375	0.75
2861	0.75	0.375	0.75
2862	0.75	0.375	0.708333
2863	0.75	0.375	0.708333
2864	0.75	0.375	0.75
2865	0.75	0.375	0.75
2866	0.75	0.375	0.75
2867	0.833333	0.5	0.833333
2868	0.833333	0.5	0.833333
2869	0.833333	0.375	0.791667
2870	0.833333	0.5	0.833333
2871	0.833333	0.5	0.833333
2872	0.833333	0.5	0.875
2873	0.833333	0.375	0.75
2874	0.833333	0.375	0.833333
2875	0.833333	0.5	0.875
2876	0.75	0.375	0.791667
2877	0.833333	0.5	0.833333
2878	0.833333	0.5	0.833333
2879	0.75	0.375	0.708333
2880	0.75	0.25	0.75
2881	0.75	0.25	0.666667
2882	0.75	0.25	0.666667
2883	0.833333	0.375	0.791667
2884	0.833333	0.375	0.791667
2885	0.833333	0.375	0.833333
2886	0.833333	0.375	0.75
2887	0.75	0.25	0.708333
2888	0.75	0.25	0.666667
2889	0.75	0.25	0.583333
2890	0.833333	0.5	0.833333
2891	0.833333	0.375	0.791667
2892	0.75	0.375	0.708333
2893	0.75	0.25	0.583333
2894	0.75	0.25	0.666667
2895	0.75	0.25	0.708333
2896	0.75	0.375	0.791667
2897	0.75	0.375	0.75
2898	0.75	0.375	0.75
2899	0.916667	0.5	0.875
2900	0.833333	0.375	0.75
2901	0.833333	0.5	0.875
2902	0.833333	0.375	0.833333
2903	0.833333	0.5	0.833333
2904	0.916667	0.5	0.833333
2905	0.833333	0.375	0.708333
2906	0.833333	0.375	0.791667
2907	0.833333	0.5	0.833333
2908	0.833333	0.375	0.75
2909	0.833333	0.5	0.833333
2910	0.916667	0.5	0.833333
2911	0.916667	0.5	0.791667
2912	0.833333	0.375	0.625
2913	0.916667	0.375	0.666667
2914	0.916667	0.375	0.75
2915	0.916667	0.375	0.791667
2916	0.833333	0.25	0.625
2917	0.833333	0.25	0.458333
2918	0.833333	0.25	0.791667
2919	0.833333	0.375	0.833333
2920	0.833333	0.375	0.791667
2921	0.833333	0.375	0.75
2922	0.833333	0.25	0.708333
2923	0.833333	0.375	0.791667
2924	0.833333	0.25	0.708333
2925	0.833333	0.375	0.833333
2926	0.833333	0.375	0.75
2927	0.833333	0.5	0.833333
2928	0.833333	0.375	0.833333
2929	0.833333	0.5	0.875
2930	0.833333	0.375	0.791667
2931	0.833333	0.5	0.833333
2932	0.833333	0.375	0.791667
2933	0.833333	0.5	0.791667
2934	0.833333	0.375	0.708333
2935	0.833333	0.5	0.833333
2936	0.833333	0.375	0.791667
2937	0.833333	0.5	0.75
2938	0.833333	0.5	0.791667
2939	0.833333	0.375	0.625
2940	0.833333	0.375	0.75
2941	0.833333	0.375	0.75
2942	0.833333	0.375	0.791667
2943	0.833333	0.5	0.833333
2944	0.833333	0.5	0.833333
2945	0.75	0.25	0.5
2946	0.75	0.25	0.625
2947	0.75	0.25	0.583333
2948	0.75	0.25	0.541667
2949	0.833333	0.375	0.75
2950	0.833333	0.375	0.708333
2951	0.833333	0.375	0.708333
2952	0.833333	0.375	0.666667
2953	0.833333	0.375	0.666667
2954	0.833333	0.25	0.708333
2955	0.833333	0.125	0.666667
2956	0.833333	0.125	0.583333
2957	0.833333	0.25	0.625
2958	0.833333	0.125	0.625
2959	0.833333	0.25	0.625
2960	0.833333	0.25	0.625
2961	0.833333	0.125	0.541667
2962	0.75	0.25	0.625
2963	0.833333	0.375	0.625
2964	0.833333	0.25	0.583333
2965	0.75	0.25	0.708333
2966	0.833333	0.375	0.708333
2967	0.833333	0.25	0.666667
2968	0.75	0.25	0.666667
2969	0.75	0.25	0.666667
2970	0.75	0.25	0.625
2971	0.833333	0.25	0.625
2972	0.833333	0.25	0.541667
2973	0.833333	0.375	0.625
2974	0.833333	0.375	0.625
2975	0.916667	0.375	0.708333
2976	0.916667	0.5	0.791667
2977	0.833333	0.25	0.75
2978	0.833333	0.25	0.75
2979	0.916667	0.375	0.75
2980	0.916667	0.25	0.708333
2981	0.916667	0.25	0.708333
2982	0.916667	0.25	0.625
2983	0.833333	0.125	0.708333
2984	0.833333	0.375	0.75
2985	0.833333	0.375	0.75
2986	0.833333	0.375	0.75
2987	0.833333	0.375	0.75
2988	0.833333	0.375	0.708333
2989	0.833333	0.25	0.708333
2990	0.833333	0.25	0.708333
2991	0.833333	0.125	0.666667
2992	0.833333	0.25	0.708333
2993	0.833333	0.125	0.666667
2994	0.833333	0.25	0.666667
2995	0.833333	0.25	0.666667
2996	0.833333	0.25	0.708333
2997	0.833333	0.25	0.666667
2998	0.833333	0.25	0.666667
2999	0.833333	0.125	0.666667
3000	0.833333	0.125	0.583333
3001	0.916667	0.375	0.625
3002	0.916667	0.5	0.708333
3003	0.916667	0.5	0.75
3004	0.916667	0.375	0.666667
3005	0.916667	0.5	0.75
3006	0.916667	0.5	0.708333
3007	0.916667	0.375	0.583333
3008	0.916667	0.25	0.625
3009	0.916667	0.25	0.666667
3010	0.916667	0.25	0.583333
3011	0.916667	0.25	0.625
3012	0.916667	0.25	0.666667
3013	0.916667	0.25	0.583333
3014	0.916667	0.375	0.708333
3015	0.916667	0.375	0.625
3016	0.916667	0.375	0.708333
3017	0.916667	0.375	0.708333
3018	0.916667	0.25	0.583333
3019	0.916667	0.25	0.583333
3020	0.916667	0.25	0.458333
3021	0.833333	0.25	0.708333
3022	0.833333	0.25	0.708333
3023	0.833333	0.125	0.666667
3024	0.833333	0.375	0.708333
3025	0.833333	0.25	0.666667
3026	0.833333	0.25	0.625
3027	0.833333	0.125	0.625
3028	0.833333	0.125	0.625
3029	0.833333	0.125	0.541667
3030	0.833333	0.375	0.708333
3031	0.833333	0.25	0.666667
3032	0.833333	0.25	0.708333
3033	0.833333	0.375	0.75
3034	0.833333	0.25	0.708333
3035	0.833333	0.375	0.75
3036	0.833333	0.25	0.666667
3037	0.833333	0.375	0.666667
3038	0.833333	0.375	0.666667
3039	0.833333	0.25	0.583333
3040	0.75	0.25	0.708333
3041	0.75	0.125	0.625
3042	0.75	0.25	0.666667
3043	0.75	0.25	0.625
3044	0.75	0.25	0.666667
3045	0.75	0.25	0.625
3046	0.75	0.25	0.666667
3047	0.75	0.125	0.583333
3048	0.75	0.25	0.583333
3049	0.75	0.125	0.541667
3050	0.75	0.25	0.666667
3051	0.75	0.125	0.625
3052	0.75	0.25	0.583333
3053	0.75	0.25	0.583333
3054	0.75	0.125	0.5
3055	0.833333	0.25	0.708333
3056	0.833333	0.125	0.666667
3057	0.833333	0.25	0.75
3058	0.833333	0.25	0.75
3059	0.833333	0.125	0.708333
3060	0.833333	0.125	0.666667
3061	0.833333	0.25	0.708333
3062	0.833333	0.25	0.666667
3063	0.833333	0.25	0.666667
3064	0.833333	0.125	0.583333
3065	0.833333	0.25	0.666667
3066	0.833333	0.25	0.666667
3067	0.833333	0.125	0.666667
3068	0.833333	0.125	0.666667
3069	0.833333	0.25	0.666667
3070	0.833333	0.125	0.583333
3071	0.833333	0.125	0.666667
3072	0.833333	0.25	0.666667
3073	0.833333	0.125	0.666667
3074	0.833333	0.125	0.583333
3075	0.833333	0.125	0.541667
3076	0.833333	0.25	0.541667
3077	0.833333	0.25	0.583333
3078	0.833333	0.125	0.583333
3079	0.833333	0.125	0.583333
3080	0.833333	0.125	0.541667
3081	0.833333	0.125	0.541667
3082	0.833333	0.125	0.416667
3083	0.75	0.25	0.708333
3084	0.75	0.125	0.666667
3085	0.75	0.25	0.708333
3086	0.833333	0.375	0.75
3087	0.833333	0.25	0.708333
3088	0.833333	0.25	0.666667
3089	0.833333	0.25	0.666667
3090	0.833333	0.25	0.666667
3091	0.833333	0.125	0.583333
3092	0.833333	0.25	0.666667
3093	0.833333	0.25	0.666667
3094	0.833333	0.125	0.583333
3095	0.833333	0.25	0.666667
3096	0.75	0.25	0.708333
3097	0.75	0.125	0.666667
3098	0.75	0.25	0.666667
3099	0.75	0.125	0.625
3100	0.75	0.25	0.625
3101	0.75	0.25	0.625
3102	0.75	0.25	0.666667
3103	0.75	0.125	0.625
3104	0.75	0.125	0.625
3105	0.75	0.125	0.541667
3106	0.833333	0.375	0.708333
3107	0.833333	0.25	0.666667
3108	0.75	0.25	0.666667
3109	0.75	0.25	0.625
3110	0.75	0.25	0.666667
3111	0.75	0.25	0.625
3112	0.833333	0.25	0.666667
3113	0.833333	0.375	0.708333
3114	0.833333	0.375	0.666667
3115	0.833333	0.375	0.666667
3116	0.833333	0.25	0.666667
3117	0.833333	0.25	0.583333
3118	0.833333	0.25	0.625
3119	0.833333	0.25	0.625
3120	0.833333	0.25	0.625
3121	0.833333	0.125	0.541667
3122	0.833333	0.25	0.583333
3123	0.833333	0.25	0.583333
3124	0.833333	0.25	0.541667
3125	0.833333	0.25	0.541667
3126	0.833333	0.125	0.541667
3127	0.833333	0.25	0.541667
3128	0.833333	0.125	0.416667
3129	0.833333	0.25	0.583333
3130	0.833333	0.25	0.666667
3131	0.833333	0.375	0.708333
3132	0.833333	0.25	0.708333
3133	0.833333	0.25	0.666667
3134	0.833333	0.25	0.583333
3135	0.833333	0.25	0.666667
3136	0.833333	0.375	0.708333
3137	0.833333	0.375	0.666667
3138	0.833333	0.375	0.75
3139	0.833333	0.375	0.666667
3140	0.916667	0.375	0.708333
3141	0.916667	0.375	0.708333
3142	0.916667	0.375	0.708333
3143	0.916667	0.25	0.625
3144	0.916667	0.375	0.666667
3145	0.916667	0.375	0.666667
3146	0.916667	0.375	0.666667
3147	0.916667	0.25	0.583333
3148	0.916667	0.25	0.583333
3149	0.916667	0.375	0.708333
3150	0.916667	0.375	0.708333
3151	0.916667	0.375	0.708333
3152	0.916667	0.25	0.625
3153	0.916667	0.375	0.625
3154	0.916667	0.375	0.583333
3155	0.916667	0.375	0.625
3156	0.916667	0.25	0.458333
3157	0.916667	0.375	0.625
3158	0.916667	0.375	0.583333
3159	0.916667	0.375	0.583333
3160	0.833333	0.125	0.666667
3161	0.833333	0.25	0.708333
3162	0.833333	0.25	0.666667
3163	0.833333	0.125	0.666667
3164	0.833333	0.125	0.666667
3165	0.833333	0.125	0.583333
3166	0.916667	0.25	0.625
3167	0.916667	0.25	0.583333
3168	0.916667	0.25	0.625
3169	0.916667	0.25	0.583333
3170	0.916667	0.25	0.583333
3171	0.916667	0.125	0.583333
3172	0.916667	0.125	0.625
3173	0.916667	0.125	0.458333
3174	0.916667	0.25	0.666667
3175	0.916667	0.375	0.666667
3176	0.916667	0.25	0.583333
3177	0.916667	0.25	0.666667
3178	0.916667	0.25	0.708333
3179	0.916667	0.375	0.75
3180	0.916667	0.375	0.666667
3181	0.916667	0.25	0.625
3182	0.916667	0.375	0.666667
3183	0.916667	0.375	0.666667
3184	0.916667	0.25	0.666667
3185	0.916667	0.25	0.583333
3186	0.916667	0.25	0.583333
3187	0.916667	0.375	0.583333
3188	0.916667	0.375	0.708333
3189	0.916667	0.25	0.625
3190	0.916667	0.25	0.458333
3191	0.916667	0.375	0.625
3192	0.916667	0.25	0.625
3193	0.916667	0.25	0.583333
3194	0.916667	0.25	0.708333
3195	0.916667	0.25	0.625
3196	0.916667	0.25	0.708333
3197	0.916667	0.25	0.583333
3198	0.833333	0.25	0.708333
3199	0.833333	0.25	0.666667
3200	0.833333	0.125	0.666667
3201	0.833333	0.25	0.625
3202	0.833333	0.25	0.625
3203	0.833333	0.25	0.625
3204	0.833333	0.25	0.625
3205	0.833333	0.25	0.583333
3206	0.833333	0.25	0.541667
3207	0.833333	0.125	0.625
3208	0.833333	0.125	0.541667
3209	0.833333	0.125	0.583333
3210	0.916667	0.25	0.5
3211	0.916667	0.25	0.416667
3212	0.916667	0.25	0.583333
3213	0.833333	0.25	0.625
3214	0.833333	0.25	0.625
3215	0.833333	0.25	0.583333
3216	0.833333	0.25	0.541667
3217	0.833333	0.25	0.666667
3218	0.833333	0.25	0.625
3219	0.833333	0.25	0.708333
3220	0.833333	0.25	0.625
3221	0.916667	0.25	0.625
3222	0.916667	0.25	0.5
3223	0.916667	0.25	0.5
3224	0.916667	0.25	0.625
3225	0.916667	0.25	0.5
3226	0.916667	0.25	0.5
3227	0.916667	0.25	0.583333
3228	0.916667	0.25	0.583333
3229	0.916667	0.25	0.5
3230	0.916667	0.25	0.416667
3231	0.916667	0.25	0.5
3232	0.916667	0.25	0.416667
3233	0.833333	0.125	0.625
3234	0.833333	0.125	0.625
3235	0.833333	0.125	0.541667
3236	0.833333	0.125	0.583333
3237	0.833333	0.125	0.666667
3238	0.833333	0.125	0.583333
3239	0.833333	0.125	0.666667
3240	0.833333	0.125	0.541667
3241	0.833333	0.125	0.541667
3242	0.833333	0.125	0.583333
3243	0.833333	0.125	0.541667
3244	0.833333	0.125	0.416667
3245	0.833333	0.125	0.583333
3246	0.833333	0.125	0.541667
3247	0.833333	0.125	0.666667
3248	0.833333	0.125	0.625
3249	0.916667	0.125	0.583333
3250	0.916667	0.125	0.625
3251	0.916667	0.125	0.458333
3252	0.916667	0.125	0.416667
3253	0.916667	0.125	0.5
3254	0.916667	0.125	0.416667
3255	0.916667	0.125	0.5
3256	0.916667	0.125	0.5
3257	0.916667	0.125	0.25
3258	0.916667	0.375	0.791667
3259	0.916667	0.5	0.833333
3260	0.916667	0.375	0.791667
3261	0.833333	0.375	0.708333
3262	0.916667	0.375	0.625
3263	1	0.5	0.791667
3264	1	0.375	0.75
3265	0.916667	0.5	0.791667
3266	0.916667	0.375	0.708333
3267	0.833333	0.375	0.666667
3268	0.916667	0.625	0.833333
3269	0.916667	0.625	0.75
3270	1	0.625	0.833333
3271	0.916667	0.625	0.833333
3272	1	0.625	0.875
3273	0.916667	0.625	0.833333
3274	0.916667	0.5	0.75
3275	0.916667	0.5	0.708333
3276	1	0.5	0.75
3277	1	0.5	0.833333
3278	1	0.5	0.833333
3279	0.833333	0.375	0.75
3280	0.833333	0.375	0.791667
3281	0.833333	0.375	0.75
3282	0.833333	0.375	0.666667
3283	0.833333	0.375	0.75
3284	0.916667	0.5	0.625
3285	0.916667	0.5	0.791667
3286	0.916667	0.5	0.75
3287	0.916667	0.5	0.833333
3288	0.916667	0.5	0.833333
3289	0.916667	0.5	0.833333
3290	0.916667	0.5	0.75
3291	0.916667	0.5	0.791667
3292	0.916667	0.5	0.791667
3293	0.916667	0.5	0.75
3294	0.833333	0.375	0.75
3295	0.916667	0.375	0.75
3296	0.833333	0.375	0.791667
3297	0.833333	0.375	0.708333
3298	0.916667	0.375	0.625
3299	0.833333	0.25	0.75
3300	0.833333	0.25	0.75
3301	0.75	0.25	0.666667
3302	0.833333	0.25	0.666667
3303	0.75	0.25	0.541667
3304	0.833333	0.25	0.666667
3305	0.833333	0.25	0.416667
3306	0.833333	0.25	0.583333
3307	0.916667	0.25	0.708333
3308	0.75	0.25	0.625
3309	0.916667	0.5	0.708333
3310	0.916667	0.5	0.625
3311	0.916667	0.5	0.708333
3312	0.916667	0.5	0.75
3313	0.916667	0.5	0.708333
3314	0.916667	0.5	0.708333
3315	0.916667	0.5	0.791667
3316	0.916667	0.5	0.75
3317	1	0.625	0.833333
3318	1	0.5	0.791667
3319	0.916667	0.5	0.791667
3320	0.916667	0.5	0.75
3321	0.916667	0.5	0.708333
3322	0.916667	0.5	0.708333
3323	0.916667	0.5	0.708333
3324	0.916667	0.5	0.625
3325	0.916667	0.5	0.75
3326	0.916667	0.5	0.708333
3327	1	0.625	0.833333
3328	1	0.5	0.791667
3329	1	0.625	0.791667
3330	1	0.5	0.75
3331	1	0.5	0.833333
3332	1	0.5	0.791667
3333	1	0.5	0.75
3334	1	0.625	0.875
3335	1	0.625	0.833333
3336	1	0.625	0.833333
3337	1	0.625	0.875
3338	1	0.5	0.833333
3339	1	0.5	0.791667
3340	1	0.625	0.833333
3341	1	0.625	0.791667
3342	1	0.625	0.833333
3343	1	0.5	0.75
3344	1	0.5	0.75
3345	0.833333	0.375	0.666667
3346	0.833333	0.375	0.708333
3347	0.916667	0.375	0.708333
3348	0.916667	0.5	0.75
3349	0.916667	0.375	0.708333
3350	0.916667	0.5	0.708333
3351	0.916667	0.375	0.625
3352	0.833333	0.375	0.75
3353	0.833333	0.375	0.708333
3354	0.833333	0.375	0.791667
3355	0.833333	0.375	0.75
3356	0.833333	0.375	0.75
3357	0.833333	0.375	0.708333
3358	0.833333	0.375	0.75
3359	0.833333	0.375	0.666667
3360	0.916667	0.5	0.833333
3361	0.916667	0.5	0.791667
3362	0.916667	0.5	0.791667
3363	0.916667	0.5	0.75
3364	0.916667	0.5	0.791667
3365	0.916667	0.5	0.75
3366	0.916667	0.5	0.708333
3367	0.916667	0.5	0.791667
3368	0.916667	0.375	0.791667
3369	0.916667	0.375	0.791667
3370	0.916667	0.375	0.708333
3371	0.916667	0.375	0.75
3372	0.916667	0.375	0.708333
3373	0.916667	0.375	0.75
3374	0.916667	0.375	0.583333
3375	0.916667	0.375	0.666667
3376	0.916667	0.375	0.75
3377	0.916667	0.375	0.708333
3378	0.833333	0.375	0.75
3379	0.833333	0.375	0.708333
3380	0.916667	0.625	0.833333
3381	0.916667	0.625	0.791667
3382	0.916667	0.5	0.791667
3383	0.916667	0.5	0.791667
3384	0.916667	0.5	0.708333
3385	0.833333	0.375	0.583333
3386	0.833333	0.375	0.541667
3387	0.833333	0.375	0.666667
3388	0.833333	0.375	0.708333
3389	0.833333	0.375	0.666667
3390	0.833333	0.375	0.666667
3391	0.833333	0.375	0.583333
3392	0.833333	0.375	0.625
3393	0.833333	0.5	0.708333
3394	0.833333	0.5	0.666667
3395	0.833333	0.5	0.75
3396	0.833333	0.5	0.791667
3397	0.833333	0.5	0.75
3398	0.833333	0.5	0.75
3399	0.833333	0.5	0.75
3400	0.833333	0.5	0.708333
3401	0.833333	0.5	0.666667
3402	0.833333	0.5	0.708333
3403	0.916667	0.625	0.833333
3404	1	0.625	0.833333
3405	0.916667	0.625	0.791667
3406	1	0.5	0.75
3407	1	0.625	0.875
3408	1	0.625	0.791667
3409	1	0.625	0.833333
3410	1	0.625	0.833333
3411	1	0.5	0.666667
3412	1	0.5	0.75
3413	1	0.5	0.791667
3414	0.916667	0.625	0.875
3415	0.916667	0.625	0.833333
3416	0.916667	0.625	0.791667
3417	0.916667	0.625	0.75
3418	0.916667	0.625	0.791667
3419	0.916667	0.625	0.833333
3420	0.916667	0.625	0.833333
3421	0.916667	0.625	0.833333
3422	0.916667	0.5	0.708333
3423	0.916667	0.5	0.625
3424	0.916667	0.5	0.708333
3425	0.916667	0.5	0.75
3426	0.916667	0.5	0.791667
3427	0.916667	0.5	0.791667
3428	0.916667	0.5	0.708333
3429	1	0.5	0.791667
3430	0.916667	0.5	0.791667
3431	0.916667	0.5	0.791667
3432	0.916667	0.5	0.75
3433	0.916667	0.5	0.833333
3434	0.916667	0.5	0.833333
3435	0.916667	0.5	0.791667
3436	0.916667	0.5	0.75
3437	1	0.5	0.833333
3438	0.916667	0.5	0.75
3439	1	0.5	0.75
3440	1	0.5	0.791667
3441	1	0.5	0.75
3442	0.916667	0.5	0.708333
3443	0.916667	0.5	0.625
3444	0.916667	0.375	0.791667
3445	0.833333	0.375	0.75
3446	0.833333	0.375	0.791667
3447	0.833333	0.375	0.75
3448	0.833333	0.375	0.708333
3449	0.833333	0.375	0.75
3450	0.916667	0.375	0.708333
3451	0.833333	0.375	0.666667
3452	0.833333	0.375	0.666667
3453	0.833333	0.375	0.708333
3454	0.916667	0.375	0.75
3455	0.916667	0.375	0.708333
3456	0.916667	0.375	0.75
3457	0.916667	0.375	0.708333
3458	0.916667	0.375	0.708333
3459	0.916667	0.375	0.625
3460	1	0.375	0.75
3461	0.916667	0.375	0.625
3462	1	0.375	0.708333
3463	0.916667	0.375	0.583333
3464	1	0.375	0.625
3465	1	0.375	0.666667
3466	0.916667	0.375	0.458333
3467	1	0.75	0.875
3468	1	0.75	0.833333
3469	0.916667	0.625	0.791667
3470	0.916667	0.625	0.75
3471	1	0.625	0.833333
3472	1	0.625	0.833333
3473	1	0.625	0.75
3474	0.916667	0.625	0.791667
3475	0.916667	0.625	0.791667
3476	0.916667	0.625	0.833333
3477	0.916667	0.625	0.75
3478	1	0.75	0.875
3479	1	0.625	0.833333
3480	1	0.625	0.833333
3481	1	0.625	0.833333
3482	1	0.75	0.875
3483	1	0.625	0.833333
3484	1	0.625	0.833333
3485	1	0.75	0.875
3486	1	0.625	0.875
3487	1	0.625	0.875
3488	1	0.75	0.875
3489	1	0.625	0.791667
3490	1	0.625	0.791667
3491	1	0.75	0.791667
3492	1	0.75	0.875
3493	1	0.75	0.833333
3494	1	0.75	0.833333
3495	1	0.625	0.791667
3496	0.916667	0.625	0.791667
3497	0.916667	0.625	0.708333
3498	0.916667	0.625	0.708333
3499	1	0.625	0.75
3500	1	0.625	0.666667
3501	0.833333	0.5	0.75
3502	0.833333	0.5	0.791667
3503	0.833333	0.5	0.666667
3504	0.833333	0.5	0.75
3505	0.833333	0.5	0.75
3506	0.916667	0.625	0.791667
3507	0.916667	0.625	0.791667
3508	0.916667	0.625	0.708333
3509	0.916667	0.625	0.791667
3510	0.916667	0.5	0.75
3511	0.916667	0.5	0.791667
3512	0.916667	0.5	0.708333
3513	0.916667	0.5	0.75
3514	0.916667	0.5	0.791667
3515	0.916667	0.5	0.791667
3516	0.916667	0.5	0.708333
3517	0.916667	0.5	0.583333
3518	0.916667	0.5	0.708333
3519	0.916667	0.5	0.75
3520	0.833333	0.5	0.791667
3521	0.833333	0.5	0.791667
3522	0.833333	0.5	0.791667
3523	0.833333	0.5	0.708333
3524	0.833333	0.5	0.75
3525	0.833333	0.5	0.791667
3526	0.833333	0.5	0.75
3527	0.833333	0.5	0.75
3528	0.833333	0.5	0.666667
3529	0.833333	0.5	0.75
3530	0.833333	0.5	0.75
3531	0.833333	0.5	0.791667
3532	0.833333	0.5	0.583333
3533	0.833333	0.5	0.708333
3534	0.833333	0.5	0.75
3535	0.833333	0.5	0.708333
3536	0.833333	0.5	0.75
3537	0.833333	0.5	0.791667
3538	0.833333	0.5	0.791667
3539	0.833333	0.5	0.708333
3540	0.916667	0.5	0.791667
3541	0.916667	0.5	0.791667
3542	0.916667	0.5	0.75
3543	0.916667	0.5	0.75
3544	0.916667	0.5	0.791667
3545	0.916667	0.625	0.833333
3546	0.916667	0.5	0.75
3547	0.916667	0.625	0.75
3548	0.916667	0.5	0.625
3549	0.916667	0.625	0.791667
3550	0.916667	0.625	0.791667
3551	0.916667	0.625	0.75
3552	0.916667	0.625	0.791667
3553	0.916667	0.625	0.791667
3554	0.916667	0.625	0.791667
3555	0.916667	0.625	0.75
3556	0.916667	0.625	0.791667
3557	0.916667	0.625	0.708333
3558	0.916667	0.625	0.75
3559	0.916667	0.625	0.791667
3560	0.916667	0.625	0.625
3561	0.916667	0.5	0.791667
3562	0.916667	0.5	0.75
3563	0.916667	0.5	0.791667
3564	0.916667	0.5	0.75
3565	0.916667	0.5	0.791667
3566	0.916667	0.5	0.791667
3567	0.916667	0.5	0.791667
3568	0.916667	0.5	0.791667
3569	0.916667	0.5	0.791667
3570	0.916667	0.5	0.75
3571	0.916667	0.5	0.708333
3572	0.916667	0.5	0.708333
3573	0.916667	0.5	0.708333
3574	0.916667	0.5	0.625
3575	0.916667	0.5	0.708333
3576	0.916667	0.5	0.75
3577	0.916667	0.5	0.708333
3578	0.916667	0.5	0.708333
3579	0.916667	0.5	0.625
3580	0.916667	0.5	0.708333
3581	0.916667	0.5	0.708333
3582	0.916667	0.5	0.708333
3583	0.916667	0.5	0.75
3584	0.916667	0.5	0.708333
3585	0.916667	0.5	0.625
3586	0.916667	0.5	0.458333
3587	0.916667	0.375	0.708333
3588	0.916667	0.25	0.666667
3589	0.916667	0.375	0.625
3590	0.916667	0.25	0.583333
3591	0.916667	0.375	0.75
3592	0.916667	0.25	0.708333
3593	0.916667	0.375	0.708333
3594	0.916667	0.375	0.708333
3595	0.916667	0.25	0.625
3596	0.833333	0.25	0.541667
3597	0.833333	0.25	0.541667
3598	0.833333	0.25	0.416667
3599	0.833333	0.25	0.583333
3600	0.833333	0.375	0.75
3601	0.833333	0.25	0.708333
3602	0.833333	0.25	0.708333
3603	0.833333	0.375	0.708333
3604	0.833333	0.25	0.625
3605	0.833333	0.375	0.666667
3606	0.833333	0.25	0.583333
3607	0.833333	0.375	0.666667
3608	0.833333	0.375	0.75
3609	0.833333	0.375	0.708333
3610	0.833333	0.25	0.666667
3611	0.833333	0.25	0.541667
3612	0.833333	0.25	0.666667
3613	0.833333	0.375	0.708333
3614	0.833333	0.25	0.666667
3615	0.833333	0.375	0.791667
3616	0.833333	0.25	0.75
3617	0.833333	0.25	0.75
3618	0.833333	0.25	0.666667
3619	0.833333	0.25	0.708333
3620	0.833333	0.25	0.666667
3621	0.833333	0.25	0.708333
3622	0.833333	0.375	0.75
3623	0.833333	0.375	0.75
3624	0.833333	0.375	0.75
3625	0.75	0.25	0.625
3626	0.75	0.25	0.583333
3627	0.75	0.25	0.625
3628	0.75	0.25	0.5
3629	0.75	0.25	0.541667
3630	0.75	0.25	0.666667
3631	0.75	0.25	0.625
3632	0.75	0.25	0.625
3633	0.75	0.25	0.541667
3634	0.833333	0.25	0.416667
3635	0.833333	0.25	0.208333
3636	0.916667	0.375	0.625
3637	0.916667	0.375	0.583333
3638	0.916667	0.375	0.458333
3639	0.833333	0.375	0.666667
3640	0.833333	0.375	0.708333
3641	0.833333	0.375	0.666667
3642	0.833333	0.375	0.583333
3643	0.75	0.25	0.5
3644	0.75	0.25	0.541667
3645	0.75	0.25	0.375
3646	0.833333	0.25	0.541667
3647	0.833333	0.25	0.666667
3648	0.833333	0.25	0.583333
3649	0.833333	0.375	0.75
3650	0.833333	0.375	0.75
3651	0.916667	0.5	0.833333
3652	0.916667	0.5	0.833333
3653	1	0.5	0.833333
3654	0.916667	0.5	0.75
3655	1	0.5	0.833333
3656	1	0.5	0.75
3657	1	0.5	0.75
3658	1	0.5	0.791667
3659	0.833333	0.375	0.666667
3660	0.833333	0.375	0.708333
3661	0.833333	0.375	0.666667
3662	0.916667	0.5	0.791667
3663	0.916667	0.5	0.791667
3664	0.916667	0.5	0.791667
3665	0.916667	0.5	0.791667
3666	0.916667	0.5	0.75
3667	0.916667	0.5	0.791667
3668	0.916667	0.5	0.75
3669	0.916667	0.5	0.791667
3670	1	0.625	0.791667
3671	1	0.625	0.833333
3672	1	0.625	0.833333
3673	1	0.625	0.833333
3674	1	0.5	0.791667
3675	1	0.5	0.75
3676	1	0.5	0.75
3677	1	0.5	0.791667
3678	0.916667	0.5	0.708333
3679	0.916667	0.5	0.708333
3680	0.916667	0.5	0.625
3681	0.833333	0.375	0.708333
3682	0.833333	0.375	0.75
3683	0.833333	0.375	0.75
3684	0.833333	0.375	0.708333
3685	0.833333	0.375	0.75
3686	0.833333	0.375	0.666667
3687	0.833333	0.375	0.708333
3688	0.833333	0.375	0.666667
3689	0.833333	0.375	0.75
3690	0.916667	0.5	0.791667
3691	0.833333	0.375	0.666667
3692	0.916667	0.5	0.791667
3693	1	0.625	0.833333
3694	1	0.5	0.75
3695	0.916667	0.5	0.708333
3696	0.833333	0.375	0.708333
3697	0.833333	0.375	0.666667
3698	0.833333	0.375	0.666667
3699	1	0.625	0.75
3700	1	0.625	0.75
3701	1	0.625	0.791667
3702	0.916667	0.5	0.75
3703	0.916667	0.5	0.708333
3704	0.916667	0.5	0.708333
3705	0.833333	0.375	0.583333
3706	0.833333	0.375	0.541667
3707	0.916667	0.5	0.75
3708	0.916667	0.5	0.708333
3709	0.916667	0.5	0.708333
3710	1	0.5	0.666667
3711	1	0.5	0.625
3712	0.916667	0.5	0.625
3713	0.916667	0.5	0.583333
3714	1	0.125	0.416667
3715	0.916667	0.125	0.541667
3716	0.916667	0.125	0.5
3717	0.916667	0.125	0.458333
3718	0.916667	0.125	0.5
3719	0.916667	0.125	0.458333
3720	0.916667	0.125	0.458333
3721	0.916667	0.125	0.458333
3722	0.916667	0.125	0.375
3723	1	0.125	0.5
3724	1	0.125	0.375
3725	1	0.125	0.541667
3726	1	0.125	0.416667
3727	1	0.125	0.5
3728	1	0.125	0.416667
3729	1	0.125	0.25
3730	0.916667	0.25	0.541667
3731	0.916667	0.25	0.5
3732	1	0.25	0.541667
3733	1	0.25	0.416667
3734	1	0.375	0.583333
3735	1	0.375	0.625
3736	1	0.375	0.541667
3737	1	0.375	0.583333
3738	1	0.375	0.541667
3739	1	0.375	0.5
3740	1	0.375	0.416667
3741	0.916667	0.375	0.541667
3742	0.916667	0.375	0.5
3743	0.916667	0.375	0.583333
3744	0.916667	0.375	0.541667
3745	0.916667	0.375	0.541667
3746	0.916667	0.375	0.541667
3747	0.916667	0.375	0.5
3748	0.916667	0.375	0.583333
3749	1	0.375	0.5
3750	0.916667	0.25	0.458333
3751	0.916667	0.25	0.5
3752	0.916667	0.25	0.375
3753	1	0.375	0.416667
3754	1	0.375	0.541667
3755	1	0.375	0.5
3756	1	0.375	0.583333
3757	1	0.375	0.5
3758	0.916667	0.25	0.541667
3759	0.916667	0.25	0.583333
3760	0.916667	0.25	0.583333
3761	1	0.25	0.541667
3762	1	0.375	0.625
3763	1	0.375	0.625
3764	1	0.25	0.583333
3765	1	0.25	0.541667
3766	1	0.25	0.416667
3767	1	0.375	0.583333
3768	1	0.375	0.541667
3769	1	0.375	0.583333
3770	1	0.375	0.5
3771	1	0.375	0.583333
3772	1	0.375	0.416667
3773	1	0.375	0.5
3774	1	0.375	0.5
3775	1	0.375	0.541667
3776	1	0.375	0.583333
3777	1	0.375	0.541667
3778	1	0.375	0.583333
3779	0.916667	0.25	0.458333
3780	0.916667	0.25	0.5
3781	0.916667	0.25	0.541667
3782	0.916667	0.25	0.541667
3783	0.916667	0.25	0.458333
3784	0.916667	0.25	0.541667
3785	0.916667	0.25	0.541667
3786	0.916667	0.25	0.5
3787	1	0.25	0.5
3788	1	0.25	0.5
3789	1	0.25	0.5
3790	1	0.25	0.416667
3791	1	0.25	0.5
3792	1	0.25	0.416667
3793	1	0.25	0.25
3794	0.916667	0.375	0.5
3795	0.916667	0.375	0.541667
3796	0.916667	0.375	0.541667
3797	0.916667	0.375	0.5
3798	1	0.5	0.583333
3799	1	0.5	0.541667
3800	1	0.5	0.583333
3801	1	0.5	0.541667
3802	1	0.5	0.583333
3803	1	0.5	0.583333
3804	0.916667	0.375	0.458333
3805	0.916667	0.375	0.375
3806	1	0.375	0.583333
3807	1	0.375	0.541667
3808	1	0.375	0.541667
3809	1	0.375	0.583333
3810	1	0.375	0.583333
3811	1	0.375	0.583333
3812	1	0.375	0.541667
3813	1	0.375	0.583333
3814	1	0.375	0.5
3815	1	0.375	0.5
3816	1	0.375	0.5
3817	1	0.375	0.416667
3818	0.916667	0.25	0.541667
3819	0.916667	0.25	0.458333
3820	0.916667	0.25	0.458333
3821	0.916667	0.25	0.541667
3822	0.916667	0.125	0.5
3823	0.916667	0.125	0.375
3824	0.916667	0.25	0.541667
3825	0.916667	0.125	0.375
3826	0.916667	0.125	0.541667
3827	0.916667	0.125	0.416667
3828	0.916667	0.125	0.458333
3829	0.916667	0.125	0.375
3830	0.916667	0.25	0.541667
3831	0.916667	0.25	0.416667
3832	0.916667	0.125	0.208333
3833	1	0.25	0.416667
3834	1	0.125	0.208333
3835	1	0.25	0.458333
3836	1	0.125	0.25
3837	1	0.25	0.416667
3838	1	0.25	0.25
3839	1	0.125	0
