solution	ancestral	parental	incomparable
0	0.916667	0.75	0.958333
1	0.916667	0.625	0.916667
2	0.833333	0.625	0.916667
3	0.833333	0.625	0.875
4	0.833333	0.625	0.958333
5	0.916667	0.75	0.958333
6	0.916667	0.75	0.916667
7	0.916667	0.875	1
8	0.916667	0.625	0.916667
9	0.833333	0.625	0.958333
10	0.833333	0.625	0.916667
11	0.916667	0.625	0.916667
12	0.833333	0.625	0.916667
13	0.916667	0.625	0.833333
14	0.833333	0.625	0.916667
15	0.833333	0.625	0.875
16	0.833333	0.625	0.875
17	0.916667	0.75	0.958333
18	0.833333	0.75	0.958333
19	0.833333	0.75	0.958333
20	0.833333	0.75	1
21	0.833333	0.75	0.958333
22	0.833333	0.625	0.916667
23	0.833333	0.5	0.875
24	0.833333	0.5	0.875
25	0.916667	0.5	0.875
26	0.833333	0.5	0.916667
27	0.833333	0.5	0.875
28	0.916667	0.625	0.916667
29	0.833333	0.5	0.791667
30	0.833333	0.5	0.875
31	0.833333	0.5	0.833333
32	0.833333	0.5	0.833333
33	0.833333	0.375	0.791667
34	0.833333	0.625	0.916667
35	0.833333	0.5	0.833333
36	0.833333	0.25	0.666667
37	0.833333	0.375	0.833333
38	0.833333	0.25	0.791667
39	0.916667	0.5	0.833333
40	0.916667	0.375	0.666667
41	0.916667	0.5	0.833333
42	0.916667	0.625	0.875
43	0.833333	0.625	0.875
44	0.833333	0.375	0.791667
45	0.916667	0.625	0.875
46	0.833333	0.625	0.875
47	0.833333	0.375	0.791667
48	0.916667	0.375	0.708333
49	0.916667	0.5	0.791667
50	0.916667	0.375	0.75
51	0.833333	0.5	0.791667
52	0.916667	0.5	0.75
53	0.916667	0.5	0.75
54	0.916667	0.375	0.666667
55	0.833333	0.375	0.75
56	0.833333	0.5	0.791667
57	0.916667	0.375	0.75
58	0.916667	0.375	0.75
59	0.916667	0.375	0.75
60	0.916667	0.5	0.791667
61	0.833333	0.25	0.625
62	0.916667	0.25	0.5
63	0.833333	0.25	0.75
64	0.916667	0.25	0.75
65	0.916667	0.25	0.666667
66	1	0.5	0.666667
67	0.916667	0.5	0.75
68	1	0.5	0.708333
69	1	0.5	0.708333
70	1	0.5	0.625
71	1	0.5	0.666667
72	0.916667	0.5	0.75
73	1	0.5	0.625
74	1	0.625	0.791667
75	1	0.5	0.708333
76	1	0.625	0.791667
77	1	0.5	0.708333
78	1	0.625	0.791667
79	1	0.75	0.833333
80	1	0.5	0.625
81	1	0.625	0.708333
82	1	0.625	0.708333
83	1	0.5	0.666667
84	0.916667	0.5	0.75
85	0.916667	0.625	0.791667
86	0.916667	0.625	0.833333
87	0.916667	0.625	0.791667
88	0.916667	0.75	0.875
89	0.916667	0.75	0.833333
90	1	0.75	0.791667
91	1	0.625	0.708333
92	0.916667	0.5	0.666667
93	0.916667	0.625	0.791667
94	0.916667	0.625	0.833333
95	0.833333	0.5	0.75
96	0.916667	0.5	0.75
97	0.916667	0.5	0.666667
98	1	0.5	0.625
99	1	0.5	0.708333
100	0.916667	0.5	0.666667
101	0.916667	0.625	0.833333
102	0.833333	0.625	0.833333
103	0.833333	0.5	0.708333
104	0.833333	0.625	0.875
105	0.916667	0.5	0.583333
106	0.916667	0.625	0.75
107	0.833333	0.625	0.791667
108	0.833333	0.625	0.791667
109	0.833333	0.375	0.791667
110	0.833333	0.375	0.791667
111	0.916667	0.375	0.708333
112	0.916667	0.5	0.791667
113	0.916667	0.5	0.791667
114	1	0.5	0.708333
115	0.833333	0.375	0.75
116	0.916667	0.375	0.75
117	0.916667	0.375	0.666667
118	0.916667	0.375	0.666667
119	0.916667	0.5	0.791667
120	0.916667	0.5	0.75
121	0.833333	0.375	0.708333
122	0.916667	0.375	0.666667
123	1	0.375	0.541667
124	0.833333	0.25	0.708333
125	0.916667	0.25	0.625
126	1	0.375	0.5
127	0.916667	0.375	0.625
128	0.916667	0.25	0.666667
129	1	0.25	0.5
130	1	0.25	0.625
131	0.916667	0.25	0.583333
132	0.916667	0.25	0.583333
133	0.833333	0.25	0.625
134	0.916667	0.25	0.458333
135	0.916667	0.25	0.5
136	1	0.25	0.291667
137	0.916667	0.375	0.666667
138	0.916667	0.375	0.625
139	1	0.375	0.666667
140	0.916667	0.375	0.666667
141	1	0.375	0.625
142	0.916667	0.375	0.666667
143	0.833333	0.375	0.708333
144	0.916667	0.375	0.583333
145	0.916667	0.375	0.625
146	1	0.375	0.625
147	1	0.375	0.5
148	0.916667	0.75	0.916667
149	0.916667	0.875	0.958333
150	0.916667	0.75	0.875
151	0.916667	0.625	0.875
152	1	0.875	0.958333
153	1	1	1
154	1	0.875	0.916667
155	0.916667	0.875	0.958333
156	0.916667	0.875	0.916667
157	0.916667	0.75	0.875
158	0.916667	0.75	0.875
159	1	0.75	0.916667
160	0.916667	0.75	0.875
161	0.916667	0.75	0.791667
162	1	0.625	0.833333
163	1	0.75	0.916667
164	0.916667	0.625	0.833333
165	1	0.75	0.916667
166	1	0.875	0.958333
167	1	0.75	0.916667
168	1	0.75	0.875
169	0.833333	0.75	0.916667
170	0.916667	0.75	0.916667
171	0.916667	0.875	0.958333
172	0.833333	0.75	0.875
173	0.916667	0.875	1
174	0.833333	0.75	0.958333
175	0.833333	0.75	0.916667
176	0.833333	0.75	0.958333
177	0.916667	0.75	0.958333
178	1	0.875	0.958333
179	0.916667	0.75	0.916667
180	0.916667	0.75	0.916667
181	0.833333	0.75	0.916667
182	0.833333	0.75	0.875
183	0.916667	0.875	0.916667
184	0.916667	0.75	0.916667
185	0.833333	0.75	0.916667
186	0.833333	0.75	0.875
187	0.916667	0.75	0.833333
188	0.833333	0.625	0.875
189	0.916667	0.75	0.916667
190	0.916667	0.75	0.916667
191	0.916667	0.75	0.833333
192	1	0.75	0.916667
193	0.833333	0.625	0.875
194	0.833333	0.625	0.833333
195	0.833333	0.625	0.916667
196	0.916667	0.625	0.875
197	0.833333	0.5	0.833333
198	0.833333	0.625	0.875
199	0.916667	0.625	0.875
200	0.916667	0.625	0.875
201	0.916667	0.625	0.875
202	0.916667	0.5	0.833333
203	0.916667	0.625	0.833333
204	0.833333	0.625	0.875
205	0.833333	0.625	0.916667
206	0.833333	0.5	0.875
207	0.916667	0.625	0.875
208	0.916667	0.5	0.833333
209	0.833333	0.625	0.833333
210	0.833333	0.5	0.791667
211	0.916667	0.625	0.791667
212	0.833333	0.5	0.833333
213	0.833333	0.5	0.833333
214	0.833333	0.625	0.833333
215	0.833333	0.5	0.75
216	0.833333	0.625	0.875
217	0.916667	0.75	0.958333
218	0.916667	0.625	0.916667
219	0.833333	0.625	0.875
220	0.916667	0.625	0.916667
221	0.916667	0.625	0.916667
222	0.833333	0.5	0.833333
223	0.916667	0.625	0.916667
224	0.916667	0.5	0.833333
225	0.833333	0.625	0.875
226	0.916667	0.75	0.916667
227	0.833333	0.625	0.791667
228	0.916667	0.625	0.875
229	0.916667	0.625	0.875
230	0.916667	0.625	0.833333
231	0.833333	0.5	0.708333
232	0.916667	0.5	0.833333
233	0.833333	0.5	0.791667
234	0.833333	0.5	0.791667
235	0.833333	0.5	0.791667
236	0.833333	0.625	0.833333
237	0.833333	0.625	0.833333
238	0.916667	0.625	0.875
239	0.916667	0.625	0.833333
240	0.833333	0.5	0.791667
241	0.916667	0.5	0.791667
242	0.833333	0.625	0.75
243	0.916667	0.625	0.791667
244	0.916667	0.625	0.833333
245	0.916667	0.75	0.875
246	0.916667	0.625	0.791667
247	1	0.75	0.916667
248	1	0.75	0.916667
249	1	0.625	0.875
250	1	0.625	0.875
251	0.916667	0.625	0.791667
252	0.916667	0.625	0.833333
253	1	0.625	0.875
254	0.916667	0.625	0.791667
255	0.833333	0.625	0.791667
256	0.916667	0.625	0.791667
257	0.916667	0.75	0.833333
258	1	0.75	0.833333
259	0.916667	0.625	0.666667
260	1	0.625	0.875
261	1	0.625	0.875
262	1	0.5	0.791667
263	0.833333	0.5	0.708333
264	0.916667	0.5	0.75
265	1	0.625	0.791667
266	0.916667	0.625	0.75
267	0.916667	0.625	0.791667
268	0.916667	0.625	0.833333
269	0.916667	0.625	0.833333
270	0.916667	0.625	0.791667
271	0.916667	0.5	0.666667
272	0.833333	0.625	0.958333
273	0.833333	0.5	0.875
274	0.833333	0.25	0.791667
275	0.833333	0.25	0.75
276	0.916667	0.25	0.666667
277	0.833333	0.5	0.791667
278	0.916667	0.625	0.833333
279	0.916667	0.5	0.791667
280	0.833333	0.625	0.875
281	0.833333	0.625	0.916667
282	0.916667	0.75	0.958333
283	0.916667	0.625	0.916667
284	0.833333	0.5	0.875
285	0.833333	0.5	0.833333
286	0.916667	0.5	0.791667
287	0.916667	0.625	0.833333
288	0.833333	0.5	0.791667
289	0.833333	0.625	0.916667
290	0.833333	0.625	0.958333
291	0.833333	0.625	0.916667
292	0.916667	0.75	0.958333
293	0.916667	0.625	0.916667
294	0.833333	0.625	0.875
295	0.833333	0.5	0.75
296	0.833333	0.5	0.833333
297	0.833333	0.5	0.791667
298	0.916667	0.5	0.75
299	0.916667	0.625	0.75
300	0.916667	0.625	0.75
301	0.916667	0.625	0.791667
302	0.916667	0.5	0.666667
303	0.916667	0.5	0.75
304	0.833333	0.5	0.708333
305	0.833333	0.5	0.708333
306	0.833333	0.5	0.75
307	0.833333	0.5	0.791667
308	0.833333	0.5	0.75
309	0.833333	0.5	0.791667
310	0.833333	0.5	0.833333
311	0.833333	0.5	0.875
312	0.833333	0.5	0.791667
313	0.833333	0.625	0.875
314	0.833333	0.625	0.875
315	0.833333	0.625	0.916667
316	0.833333	0.625	0.916667
317	0.833333	0.625	0.875
318	0.833333	0.625	0.916667
319	0.833333	0.625	0.958333
320	0.833333	0.625	0.958333
321	0.833333	0.625	0.916667
322	0.833333	0.625	0.958333
323	0.833333	0.625	0.916667
324	0.833333	0.625	0.875
325	0.833333	0.625	0.916667
326	0.833333	0.625	0.875
327	0.833333	0.625	0.875
328	0.833333	0.625	0.833333
329	0.833333	0.625	0.875
330	0.833333	0.625	0.791667
331	0.833333	0.625	0.875
332	0.833333	0.625	0.833333
333	0.916667	0.625	0.916667
334	0.916667	0.75	0.958333
335	0.916667	0.75	0.916667
336	0.916667	0.75	0.916667
337	0.916667	0.75	0.916667
338	0.916667	0.625	0.875
339	0.916667	0.625	0.916667
340	0.916667	0.625	0.833333
341	0.833333	0.25	0.791667
342	0.833333	0.25	0.75
343	0.833333	0.25	0.791667
344	0.833333	0.25	0.708333
345	0.833333	0.25	0.666667
346	0.833333	0.25	0.791667
347	0.833333	0.25	0.75
348	0.833333	0.25	0.75
349	0.916667	0.25	0.666667
350	0.833333	0.25	0.75
351	0.833333	0.25	0.625
352	0.833333	0.25	0.708333
353	0.833333	0.25	0.666667
354	0.833333	0.25	0.708333
355	0.833333	0.25	0.708333
356	0.833333	0.25	0.75
357	0.833333	0.25	0.666667
358	0.833333	0.25	0.625
359	0.833333	0.25	0.708333
360	0.916667	0.25	0.666667
361	0.916667	0.25	0.625
362	0.916667	0.25	0.583333
363	0.916667	0.25	0.5
364	0.833333	0.375	0.875
365	0.833333	0.5	0.916667
366	0.833333	0.5	0.875
367	0.833333	0.375	0.875
368	0.833333	0.5	0.916667
369	0.833333	0.5	0.875
370	0.833333	0.5	0.916667
371	0.833333	0.5	0.916667
372	0.833333	0.5	0.916667
373	0.833333	0.5	0.875
374	0.833333	0.5	0.875
375	0.833333	0.5	0.875
376	0.833333	0.5	0.833333
377	0.833333	0.5	0.916667
378	0.833333	0.5	0.875
379	0.833333	0.5	0.875
380	0.833333	0.5	0.791667
381	0.833333	0.5	0.875
382	0.833333	0.5	0.875
383	0.833333	0.5	0.916667
384	0.833333	0.5	0.875
385	0.833333	0.375	0.875
386	0.833333	0.375	0.791667
387	0.833333	0.375	0.875
388	0.833333	0.375	0.833333
389	0.833333	0.375	0.833333
390	0.833333	0.375	0.791667
391	0.916667	0.5	0.875
392	0.833333	0.375	0.833333
393	0.833333	0.375	0.791667
394	0.916667	0.5	0.875
395	0.833333	0.375	0.833333
396	0.833333	0.375	0.791667
397	0.916667	0.5	0.791667
398	0.833333	0.375	0.75
399	0.833333	0.375	0.708333
400	0.916667	0.5	0.833333
401	0.916667	0.5	0.833333
402	0.833333	0.375	0.75
403	0.833333	0.375	0.791667
404	0.833333	0.375	0.708333
405	0.833333	0.375	0.791667
406	0.833333	0.5	0.833333
407	0.833333	0.5	0.791667
408	0.916667	0.5	0.833333
409	0.833333	0.5	0.833333
410	0.833333	0.5	0.791667
411	0.916667	0.5	0.875
412	0.916667	0.5	0.791667
413	0.916667	0.5	0.875
414	0.916667	0.5	0.833333
415	0.833333	0.5	0.875
416	0.833333	0.5	0.833333
417	0.833333	0.5	0.833333
418	0.833333	0.5	0.791667
419	0.833333	0.5	0.875
420	0.833333	0.5	0.833333
421	0.833333	0.5	0.833333
422	0.833333	0.5	0.75
423	0.916667	0.375	0.791667
424	0.916667	0.5	0.875
425	0.916667	0.375	0.791667
426	0.916667	0.5	0.833333
427	0.916667	0.5	0.833333
428	0.916667	0.5	0.875
429	0.916667	0.5	0.791667
430	0.916667	0.375	0.791667
431	0.916667	0.375	0.75
432	0.916667	0.375	0.666667
433	0.833333	0.5	0.833333
434	0.833333	0.5	0.833333
435	0.833333	0.5	0.875
436	0.833333	0.5	0.833333
437	0.833333	0.5	0.75
438	0.916667	0.5	0.875
439	0.916667	0.5	0.833333
440	0.833333	0.5	0.833333
441	0.833333	0.5	0.875
442	0.916667	0.625	0.916667
443	0.833333	0.5	0.833333
444	0.916667	0.625	0.875
445	0.833333	0.5	0.833333
446	0.833333	0.5	0.75
447	0.916667	0.5	0.875
448	0.916667	0.5	0.833333
449	0.916667	0.625	0.875
450	0.916667	0.625	0.833333
451	0.916667	0.625	0.875
452	0.916667	0.625	0.875
453	0.916667	0.625	0.916667
454	0.916667	0.625	0.875
455	0.916667	0.625	0.875
456	0.916667	0.625	0.791667
457	0.916667	0.625	0.833333
458	0.833333	0.5	0.791667
459	0.833333	0.5	0.791667
460	0.833333	0.5	0.833333
461	0.833333	0.5	0.791667
462	0.833333	0.5	0.708333
463	0.833333	0.5	0.833333
464	0.833333	0.5	0.833333
465	0.833333	0.5	0.833333
466	0.833333	0.5	0.75
467	0.833333	0.5	0.791667
468	0.833333	0.5	0.75
469	0.833333	0.5	0.833333
470	0.833333	0.5	0.791667
471	0.833333	0.5	0.791667
472	0.833333	0.5	0.75
473	0.833333	0.5	0.833333
474	0.833333	0.5	0.833333
475	0.833333	0.5	0.791667
476	0.833333	0.5	0.75
477	0.833333	0.5	0.625
478	0.916667	0.5	0.875
479	0.916667	0.5	0.833333
480	0.916667	0.5	0.833333
481	0.916667	0.5	0.791667
482	0.916667	0.5	0.833333
483	0.916667	0.5	0.75
484	0.916667	0.5	0.75
485	0.833333	0.375	0.791667
486	0.833333	0.375	0.791667
487	0.833333	0.25	0.75
488	0.833333	0.125	0.75
489	0.833333	0.125	0.625
490	0.833333	0.125	0.75
491	0.833333	0.375	0.791667
492	0.833333	0.375	0.791667
493	0.833333	0.25	0.75
494	0.833333	0.125	0.625
495	0.833333	0.375	0.75
496	0.833333	0.375	0.708333
497	0.833333	0.375	0.708333
498	0.833333	0.375	0.708333
499	0.833333	0.375	0.75
500	0.833333	0.375	0.708333
501	0.833333	0.25	0.708333
502	0.833333	0.25	0.708333
503	0.833333	0.25	0.625
504	0.833333	0.125	0.625
505	0.833333	0.125	0.708333
506	0.833333	0.125	0.583333
507	0.833333	0.125	0.458333
508	0.833333	0.125	0.666667
509	0.833333	0.125	0.625
510	0.833333	0.125	0.708333
511	0.916667	0.5	0.75
512	0.916667	0.375	0.708333
513	0.833333	0.375	0.666667
514	0.833333	0.375	0.708333
515	0.833333	0.25	0.666667
516	0.916667	0.375	0.708333
517	0.916667	0.375	0.708333
518	0.916667	0.375	0.708333
519	0.916667	0.25	0.625
520	0.833333	0.125	0.583333
521	0.916667	0.125	0.625
522	0.833333	0.125	0.666667
523	0.916667	0.125	0.458333
524	0.916667	0.5	0.666667
525	0.916667	0.5	0.666667
526	0.916667	0.5	0.666667
527	0.833333	0.375	0.583333
528	0.916667	0.375	0.625
529	0.833333	0.375	0.625
530	0.833333	0.375	0.666667
531	0.833333	0.375	0.625
532	0.833333	0.375	0.625
533	0.916667	0.375	0.666667
534	0.916667	0.375	0.583333
535	0.833333	0.375	0.625
536	0.833333	0.375	0.541667
537	0.833333	0.125	0.541667
538	0.833333	0.125	0.541667
539	0.833333	0.125	0.583333
540	0.833333	0.125	0.416667
541	0.833333	0.125	0.625
542	0.833333	0.125	0.541667
543	0.833333	0.125	0.583333
544	0.833333	0.125	0.583333
545	0.916667	0.125	0.541667
546	0.916667	0.125	0.583333
547	0.916667	0.125	0.458333
548	0.916667	0.125	0.583333
549	0.916667	0.125	0.416667
550	0.916667	0.125	0.458333
551	0.916667	0.125	0.25
552	0.916667	0.375	0.625
553	0.916667	0.375	0.666667
554	0.916667	0.375	0.583333
555	0.916667	0.375	0.625
556	0.916667	0.375	0.666667
557	0.916667	0.375	0.583333
558	0.833333	0.25	0.625
559	0.833333	0.25	0.583333
560	0.833333	0.25	0.625
561	0.833333	0.25	0.541667
562	0.916667	0.25	0.583333
563	0.916667	0.25	0.583333
564	0.916667	0.25	0.458333
565	0.916667	0.375	0.666667
566	0.916667	0.375	0.625
567	0.916667	0.375	0.583333
568	0.833333	0.625	0.916667
569	0.833333	0.5	0.833333
570	0.833333	0.25	0.75
571	0.916667	0.75	0.958333
572	0.833333	0.625	0.916667
573	0.916667	0.625	0.916667
574	0.833333	0.5	0.875
575	0.916667	0.375	0.791667
576	0.916667	0.5	0.833333
577	0.916667	0.5	0.833333
578	0.916667	0.25	0.666667
579	0.916667	0.375	0.791667
580	0.833333	0.625	0.916667
581	0.833333	0.625	0.916667
582	0.833333	0.625	0.875
583	0.833333	0.625	0.916667
584	0.833333	0.625	0.875
585	0.833333	0.625	0.875
586	0.833333	0.625	0.916667
587	0.916667	0.75	0.958333
588	0.916667	0.625	0.916667
589	0.833333	0.625	0.916667
590	0.833333	0.5	0.875
591	0.916667	0.75	0.958333
592	0.916667	0.625	0.916667
593	0.833333	0.625	0.916667
594	0.833333	0.5	0.875
595	0.833333	0.625	0.916667
596	0.833333	0.5	0.875
597	0.916667	0.75	0.958333
598	0.916667	0.625	0.916667
599	0.833333	0.625	0.875
600	0.833333	0.625	0.875
601	0.833333	0.625	0.875
602	0.833333	0.5	0.833333
603	0.833333	0.5	0.791667
604	0.916667	0.75	0.916667
605	0.916667	0.75	0.916667
606	0.916667	0.75	0.916667
607	0.833333	0.625	0.875
608	0.833333	0.625	0.875
609	0.833333	0.625	0.875
610	0.916667	0.625	0.875
611	0.916667	0.625	0.833333
612	0.916667	0.625	0.875
613	0.833333	0.5	0.833333
614	0.833333	0.25	0.75
615	0.833333	0.5	0.791667
616	0.833333	0.5	0.75
617	0.833333	0.5	0.791667
618	0.833333	0.5	0.791667
619	0.833333	0.25	0.75
620	0.833333	0.25	0.708333
621	0.833333	0.25	0.708333
622	0.833333	0.25	0.625
623	0.833333	0.25	0.666667
624	0.916667	0.375	0.791667
625	0.833333	0.25	0.75
626	0.916667	0.25	0.666667
627	0.916667	0.375	0.791667
628	0.916667	0.5	0.833333
629	0.916667	0.5	0.833333
630	0.916667	0.375	0.791667
631	0.916667	0.25	0.666667
632	0.833333	0.5	0.791667
633	0.833333	0.25	0.708333
634	0.833333	0.5	0.791667
635	0.833333	0.5	0.791667
636	0.833333	0.5	0.75
637	0.833333	0.25	0.708333
638	0.833333	0.25	0.666667
639	0.833333	0.25	0.625
640	0.916667	0.375	0.75
641	0.916667	0.375	0.75
642	0.916667	0.375	0.708333
643	0.916667	0.375	0.666667
644	0.916667	0.25	0.625
645	0.916667	0.25	0.583333
646	0.916667	0.25	0.5
647	0.916667	0.5	0.791667
648	0.916667	0.5	0.791667
649	0.916667	0.5	0.791667
650	0.916667	0.5	0.75
651	0.916667	0.5	0.75
652	0.916667	0.5	0.75
653	0.916667	0.5	0.75
654	0.916667	0.375	0.75
655	0.916667	0.375	0.75
656	0.916667	0.375	0.666667
657	0.916667	0.5	0.791667
658	0.916667	0.625	0.875
659	0.833333	0.5	0.833333
660	0.916667	0.5	0.875
661	0.833333	0.5	0.875
662	0.916667	0.5	0.875
663	0.916667	0.625	0.916667
664	0.916667	0.625	0.916667
665	0.833333	0.5	0.833333
666	0.916667	0.5	0.875
667	0.833333	0.375	0.791667
668	0.916667	0.5	0.875
669	0.916667	0.375	0.833333
670	0.833333	0.375	0.833333
671	0.833333	0.375	0.75
672	0.833333	0.375	0.833333
673	0.833333	0.375	0.833333
674	0.916667	0.25	0.625
675	0.916667	0.25	0.708333
676	0.916667	0.25	0.708333
677	0.916667	0.375	0.75
678	0.916667	0.25	0.708333
679	0.916667	0.375	0.708333
680	0.916667	0.375	0.75
681	0.916667	0.375	0.708333
682	0.916667	0.25	0.708333
683	0.916667	0.25	0.625
684	0.916667	0.125	0.708333
685	0.916667	0.125	0.625
686	0.916667	0.125	0.458333
687	0.833333	0.375	0.833333
688	0.833333	0.5	0.875
689	0.833333	0.375	0.833333
690	0.833333	0.375	0.791667
691	0.833333	0.5	0.833333
692	0.833333	0.5	0.833333
693	0.833333	0.5	0.833333
694	0.833333	0.5	0.833333
695	0.833333	0.375	0.791667
696	0.833333	0.375	0.75
697	0.833333	0.5	0.833333
698	0.833333	0.5	0.833333
699	0.833333	0.5	0.875
700	0.833333	0.5	0.833333
701	0.833333	0.5	0.875
702	0.833333	0.5	0.833333
703	0.833333	0.5	0.833333
704	0.833333	0.5	0.791667
705	0.833333	0.5	0.833333
706	0.833333	0.5	0.75
707	0.833333	0.5	0.791667
708	0.916667	0.625	0.916667
709	0.916667	0.625	0.875
710	0.916667	0.5	0.875
711	0.916667	0.5	0.875
712	0.916667	0.5	0.791667
713	0.833333	0.375	0.833333
714	0.833333	0.375	0.791667
715	0.916667	0.5	0.875
716	0.916667	0.375	0.833333
717	0.833333	0.375	0.75
718	0.916667	0.5	0.791667
719	0.916667	0.5	0.833333
720	0.916667	0.5	0.833333
721	0.916667	0.5	0.875
722	0.916667	0.625	0.875
723	0.833333	0.5	0.833333
724	0.833333	0.375	0.791667
725	0.916667	0.5	0.833333
726	0.916667	0.625	0.875
727	0.916667	0.625	0.875
728	0.916667	0.625	0.875
729	0.916667	0.5	0.833333
730	0.833333	0.5	0.833333
731	0.916667	0.5	0.875
732	0.833333	0.5	0.875
733	0.916667	0.5	0.791667
734	0.916667	0.5	0.833333
735	0.833333	0.5	0.833333
736	0.833333	0.5	0.833333
737	0.833333	0.375	0.833333
738	0.833333	0.375	0.75
739	0.833333	0.375	0.791667
740	0.916667	0.5	0.875
741	0.916667	0.375	0.833333
742	0.833333	0.375	0.833333
743	0.833333	0.375	0.791667
744	0.833333	0.375	0.791667
745	0.833333	0.375	0.75
746	0.916667	0.5	0.791667
747	0.916667	0.375	0.75
748	0.916667	0.5	0.833333
749	0.916667	0.5	0.833333
750	0.916667	0.375	0.791667
751	0.916667	0.375	0.75
752	0.833333	0.375	0.791667
753	0.833333	0.375	0.833333
754	0.833333	0.375	0.791667
755	0.833333	0.375	0.75
756	0.916667	0.625	0.875
757	0.916667	0.625	0.916667
758	0.916667	0.625	0.875
759	0.916667	0.625	0.875
760	0.916667	0.625	0.875
761	0.833333	0.5	0.833333
762	0.916667	0.5	0.875
763	0.833333	0.5	0.75
764	0.833333	0.5	0.791667
765	0.833333	0.5	0.791667
766	0.916667	0.5	0.833333
767	0.916667	0.5	0.791667
768	0.916667	0.5	0.833333
769	0.916667	0.5	0.833333
770	0.833333	0.375	0.75
771	0.833333	0.375	0.625
772	0.833333	0.375	0.708333
773	0.916667	0.625	0.875
774	0.916667	0.625	0.791667
775	0.916667	0.625	0.833333
776	0.916667	0.625	0.833333
777	0.833333	0.5	0.791667
778	0.833333	0.375	0.708333
779	0.833333	0.375	0.708333
780	0.833333	0.375	0.791667
781	0.833333	0.5	0.833333
782	0.833333	0.5	0.791667
783	0.833333	0.5	0.75
784	0.916667	0.5	0.791667
785	0.916667	0.5	0.75
786	0.916667	0.5	0.666667
787	0.833333	0.375	0.708333
788	0.833333	0.25	0.666667
789	0.833333	0.375	0.708333
790	0.833333	0.125	0.666667
791	0.833333	0.125	0.541667
792	0.833333	0.125	0.666667
793	0.833333	0.125	0.666667
794	0.833333	0.125	0.583333
795	0.833333	0.125	0.625
796	0.833333	0.125	0.541667
797	0.833333	0.125	0.583333
798	0.833333	0.125	0.416667
799	0.833333	0.375	0.666667
800	0.833333	0.375	0.708333
801	0.833333	0.375	0.666667
802	0.833333	0.25	0.666667
803	0.833333	0.25	0.666667
804	0.833333	0.25	0.583333
805	0.833333	0.375	0.666667
806	0.833333	0.375	0.666667
807	0.833333	0.375	0.708333
808	0.916667	0.375	0.666667
809	0.916667	0.375	0.666667
810	0.916667	0.375	0.666667
811	0.916667	0.375	0.625
812	0.916667	0.375	0.666667
813	0.916667	0.375	0.583333
814	0.916667	0.375	0.666667
815	0.916667	0.375	0.666667
816	0.916667	0.375	0.666667
817	0.916667	0.375	0.708333
818	0.916667	0.375	0.666667
819	0.916667	0.375	0.625
820	0.916667	0.375	0.583333
821	0.916667	0.25	0.625
822	0.916667	0.25	0.583333
823	0.916667	0.25	0.666667
824	0.916667	0.25	0.666667
825	0.916667	0.25	0.666667
826	0.916667	0.25	0.583333
827	0.916667	0.25	0.625
828	0.916667	0.25	0.583333
829	0.916667	0.25	0.458333
830	0.916667	0.25	0.583333
831	0.916667	0.25	0.666667
832	0.916667	0.25	0.583333
833	0.916667	0.25	0.625
834	0.916667	0.25	0.666667
835	0.916667	0.25	0.625
836	0.916667	0.25	0.583333
837	0.916667	0.125	0.583333
838	0.916667	0.125	0.541667
839	0.916667	0.125	0.583333
840	0.916667	0.125	0.458333
841	0.916667	0.125	0.666667
842	0.916667	0.125	0.625
843	0.916667	0.125	0.583333
844	0.916667	0.125	0.625
845	0.916667	0.25	0.583333
846	0.916667	0.125	0.416667
847	0.916667	0.25	0.625
848	0.916667	0.125	0.458333
849	0.916667	0.125	0.25
850	0.916667	0.25	0.458333
851	0.916667	0.25	0.583333
852	0.916667	0.625	0.875
853	0.916667	0.625	0.875
854	1	0.875	0.958333
855	0.916667	0.75	0.875
856	1	0.75	0.916667
857	1	0.75	0.916667
858	1	0.625	0.875
859	0.916667	0.625	0.791667
860	0.916667	0.75	0.875
861	0.833333	0.625	0.833333
862	0.916667	0.625	0.791667
863	0.916667	0.625	0.875
864	0.916667	0.75	0.916667
865	0.833333	0.625	0.875
866	0.916667	0.625	0.875
867	0.833333	0.5	0.833333
868	0.833333	0.5	0.791667
869	1	0.375	0.666667
870	0.916667	0.375	0.75
871	0.916667	0.25	0.708333
872	0.916667	0.25	0.625
873	0.916667	0.375	0.708333
874	1	0.5	0.75
875	1	0.5	0.75
876	0.916667	0.5	0.75
877	1	0.625	0.791667
878	1	0.5	0.75
879	1	0.625	0.75
880	1	0.5	0.666667
881	0.916667	0.5	0.708333
882	1	0.25	0.5
883	0.916667	0.625	0.708333
884	0.916667	0.625	0.708333
885	0.916667	0.625	0.75
886	0.916667	0.625	0.75
887	0.916667	0.5	0.708333
888	0.916667	0.5	0.625
889	0.916667	0.5	0.708333
890	0.916667	0.5	0.708333
891	0.833333	0.25	0.666667
892	0.833333	0.5	0.708333
893	0.916667	0.25	0.583333
894	0.916667	0.25	0.541667
895	0.916667	0.25	0.625
896	0.916667	0.25	0.458333
897	0.916667	0.25	0.583333
898	0.833333	0.25	0.708333
899	0.833333	0.25	0.666667
900	0.833333	0.25	0.666667
901	0.833333	0.25	0.625
902	0.833333	0.25	0.583333
903	0.833333	0.5	0.708333
904	0.833333	0.5	0.708333
905	0.833333	0.5	0.666667
906	0.833333	0.5	0.666667
907	0.916667	0.625	0.875
908	0.916667	0.75	0.916667
909	0.916667	0.75	0.875
910	0.916667	0.625	0.833333
911	0.916667	0.625	0.791667
912	0.916667	0.625	0.833333
913	0.916667	0.625	0.875
914	0.916667	0.75	0.875
915	0.916667	0.75	0.875
916	0.916667	0.75	0.875
917	0.833333	0.625	0.833333
918	0.833333	0.625	0.791667
919	0.833333	0.625	0.833333
920	0.833333	0.625	0.875
921	0.833333	0.625	0.833333
922	0.833333	0.625	0.875
923	0.833333	0.625	0.833333
924	0.833333	0.625	0.75
925	0.833333	0.625	0.833333
926	0.833333	0.625	0.791667
927	0.833333	0.625	0.833333
928	0.833333	0.625	0.791667
929	0.916667	0.75	0.875
930	0.916667	0.75	0.916667
931	0.916667	0.75	0.875
932	0.916667	0.75	0.916667
933	0.916667	0.75	0.875
934	0.916667	0.75	0.875
935	0.916667	0.75	0.875
936	0.916667	0.75	0.916667
937	1	0.75	0.916667
938	0.916667	0.75	0.875
939	1	0.875	0.958333
940	0.916667	0.75	0.916667
941	0.916667	0.75	0.833333
942	1	0.875	0.916667
943	0.916667	0.75	0.875
944	0.916667	0.75	0.833333
945	0.916667	0.75	0.833333
946	0.916667	0.75	0.791667
947	1	0.875	0.916667
948	0.916667	0.75	0.875
949	1	0.875	0.916667
950	0.916667	0.75	0.875
951	0.916667	0.75	0.875
952	1	0.875	0.916667
953	1	0.75	0.875
954	1	0.75	0.916667
955	1	0.75	0.875
956	1	0.75	0.833333
957	0.916667	0.375	0.75
958	1	0.375	0.666667
959	0.916667	0.375	0.708333
960	0.916667	0.375	0.708333
961	0.916667	0.375	0.708333
962	0.916667	0.375	0.625
963	0.916667	0.375	0.666667
964	1	0.375	0.625
965	0.916667	0.375	0.708333
966	0.916667	0.375	0.708333
967	1	0.375	0.625
968	0.916667	0.375	0.708333
969	0.916667	0.375	0.666667
970	0.916667	0.375	0.625
971	1	0.375	0.583333
972	1	0.375	0.5
973	0.916667	0.625	0.791667
974	0.833333	0.625	0.833333
975	0.833333	0.5	0.791667
976	0.833333	0.625	0.791667
977	0.833333	0.5	0.75
978	0.833333	0.625	0.75
979	0.833333	0.5	0.708333
980	0.833333	0.625	0.791667
981	0.833333	0.625	0.791667
982	0.833333	0.5	0.791667
983	0.833333	0.5	0.708333
984	0.916667	0.625	0.75
985	0.916667	0.625	0.75
986	0.916667	0.625	0.791667
987	0.916667	0.625	0.666667
988	0.916667	0.5	0.666667
989	0.916667	0.375	0.625
990	0.916667	0.375	0.666667
991	0.916667	0.5	0.708333
992	0.916667	0.5	0.666667
993	0.916667	0.5	0.666667
994	0.916667	0.375	0.666667
995	0.916667	0.5	0.625
996	0.916667	0.5	0.666667
997	0.916667	0.5	0.666667
998	0.916667	0.5	0.583333
999	0.916667	0.375	0.583333
1000	0.916667	0.625	0.875
1001	0.916667	0.625	0.791667
1002	0.916667	0.625	0.875
1003	0.916667	0.625	0.833333
1004	0.916667	0.625	0.833333
1005	0.916667	0.625	0.833333
1006	0.833333	0.625	0.833333
1007	0.833333	0.5	0.791667
1008	0.833333	0.5	0.75
1009	0.833333	0.5	0.833333
1010	0.833333	0.5	0.833333
1011	0.833333	0.5	0.791667
1012	0.833333	0.625	0.833333
1013	0.833333	0.625	0.875
1014	0.833333	0.625	0.833333
1015	0.833333	0.625	0.833333
1016	0.916667	0.625	0.875
1017	0.916667	0.625	0.875
1018	0.916667	0.625	0.791667
1019	0.916667	0.625	0.833333
1020	0.916667	0.625	0.833333
1021	1	0.75	0.875
1022	0.916667	0.625	0.833333
1023	1	0.625	0.833333
1024	0.833333	0.625	0.833333
1025	0.833333	0.5	0.791667
1026	0.833333	0.625	0.791667
1027	0.916667	0.75	0.833333
1028	0.916667	0.625	0.833333
1029	0.916667	0.625	0.833333
1030	0.916667	0.625	0.75
1031	0.916667	0.625	0.875
1032	0.916667	0.625	0.875
1033	0.916667	0.625	0.791667
1034	0.916667	0.625	0.833333
1035	0.916667	0.625	0.833333
1036	0.833333	0.625	0.833333
1037	0.833333	0.5	0.833333
1038	0.833333	0.625	0.833333
1039	0.833333	0.625	0.833333
1040	0.833333	0.625	0.833333
1041	0.833333	0.625	0.875
1042	0.833333	0.625	0.791667
1043	0.833333	0.625	0.833333
1044	0.833333	0.625	0.75
1045	0.833333	0.5	0.791667
1046	0.833333	0.5	0.833333
1047	0.833333	0.5	0.75
1048	0.916667	0.75	0.875
1049	0.916667	0.625	0.791667
1050	0.916667	0.625	0.875
1051	0.916667	0.625	0.875
1052	1	0.625	0.875
1053	1	0.75	0.916667
1054	1	0.625	0.875
1055	0.916667	0.625	0.791667
1056	0.916667	0.75	0.791667
1057	0.916667	0.75	0.833333
1058	0.916667	0.625	0.666667
1059	1	0.75	0.875
1060	1	0.75	0.875
1061	1	0.75	0.833333
1062	1	0.625	0.791667
1063	1	0.625	0.791667
1064	0.916667	0.625	0.791667
1065	0.916667	0.625	0.833333
1066	0.916667	0.625	0.833333
1067	0.916667	0.625	0.791667
1068	1	0.625	0.75
1069	1	0.5	0.708333
1070	0.916667	0.5	0.75
1071	0.833333	0.5	0.708333
1072	0.916667	0.5	0.75
1073	0.916667	0.375	0.708333
1074	1	0.625	0.708333
1075	1	0.5	0.625
1076	1	0.5	0.708333
1077	1	0.5	0.708333
1078	0.916667	0.5	0.75
1079	0.916667	0.375	0.708333
1080	0.916667	0.5	0.75
1081	0.916667	0.5	0.708333
1082	0.916667	0.5	0.75
1083	0.916667	0.5	0.708333
1084	0.833333	0.5	0.666667
1085	0.833333	0.5	0.708333
1086	0.833333	0.5	0.666667
1087	0.916667	0.5	0.708333
1088	0.916667	0.5	0.708333
1089	0.916667	0.375	0.708333
1090	0.916667	0.375	0.625
1091	1	0.625	0.625
1092	1	0.625	0.666667
1093	1	0.5	0.625
1094	1	0.5	0.5
1095	1	0.5	0.625
1096	1	0.5	0.666667
1097	1	0.5	0.666667
1098	1	0.5	0.625
1099	1	0.625	0.708333
1100	1	0.625	0.708333
1101	1	0.625	0.708333
1102	1	0.5	0.708333
1103	1	0.5	0.666667
1104	1	0.5	0.625
1105	0.916667	0.25	0.583333
1106	0.916667	0.25	0.708333
1107	0.916667	0.25	0.625
1108	0.916667	0.25	0.625
1109	0.916667	0.25	0.583333
1110	0.916667	0.25	0.666667
1111	0.916667	0.25	0.625
1112	0.916667	0.25	0.583333
1113	0.916667	0.25	0.458333
1114	0.916667	0.25	0.541667
1115	0.833333	0.25	0.666667
1116	0.916667	0.25	0.625
1117	1	0.25	0.5
1118	0.833333	0.25	0.625
1119	0.916667	0.25	0.583333
1120	1	0.25	0.458333
1121	0.916667	0.25	0.583333
1122	0.833333	0.25	0.583333
1123	0.833333	0.25	0.541667
1124	0.833333	0.25	0.583333
1125	0.916667	0.25	0.541667
1126	0.916667	0.25	0.458333
1127	1	0.25	0.291667
1128	1	0.25	0.416667
1129	0.916667	0.375	0.791667
1130	0.916667	0.5	0.833333
1131	0.916667	0.375	0.791667
1132	0.833333	0.375	0.708333
1133	0.916667	0.375	0.625
1134	1	0.5	0.791667
1135	1	0.375	0.75
1136	0.916667	0.5	0.791667
1137	0.916667	0.375	0.708333
1138	0.833333	0.375	0.666667
1139	0.916667	0.625	0.833333
1140	0.916667	0.625	0.75
1141	1	0.625	0.833333
1142	0.916667	0.625	0.833333
1143	1	0.625	0.875
1144	0.916667	0.625	0.833333
1145	0.916667	0.5	0.75
1146	0.916667	0.5	0.708333
1147	1	0.5	0.75
1148	1	0.5	0.833333
1149	1	0.5	0.833333
1150	0.833333	0.375	0.75
1151	0.833333	0.375	0.791667
1152	0.833333	0.375	0.75
1153	0.833333	0.375	0.666667
1154	0.833333	0.375	0.75
1155	0.916667	0.5	0.625
1156	0.916667	0.5	0.791667
1157	0.916667	0.5	0.75
1158	0.916667	0.5	0.833333
1159	0.916667	0.5	0.833333
1160	0.916667	0.5	0.833333
1161	0.916667	0.5	0.75
1162	0.916667	0.5	0.791667
1163	0.916667	0.5	0.791667
1164	0.916667	0.5	0.75
1165	0.916667	0.5	0.708333
1166	0.916667	0.5	0.625
1167	0.916667	0.5	0.708333
1168	0.916667	0.5	0.75
1169	0.916667	0.5	0.708333
1170	0.916667	0.5	0.708333
1171	0.916667	0.5	0.791667
1172	0.916667	0.5	0.75
1173	1	0.625	0.833333
1174	1	0.5	0.791667
1175	0.916667	0.5	0.791667
1176	0.916667	0.5	0.75
1177	0.916667	0.5	0.708333
1178	0.916667	0.5	0.708333
1179	0.916667	0.5	0.708333
1180	0.916667	0.5	0.625
1181	0.916667	0.5	0.75
1182	0.916667	0.5	0.708333
1183	1	0.625	0.833333
1184	1	0.5	0.791667
1185	1	0.625	0.791667
1186	1	0.5	0.75
1187	1	0.5	0.833333
1188	1	0.5	0.791667
1189	1	0.5	0.75
1190	1	0.625	0.875
1191	1	0.625	0.833333
1192	1	0.625	0.833333
1193	1	0.625	0.875
1194	1	0.5	0.833333
1195	1	0.5	0.791667
1196	1	0.625	0.833333
1197	1	0.625	0.791667
1198	1	0.625	0.833333
1199	1	0.5	0.75
1200	1	0.5	0.75
1201	0.833333	0.375	0.666667
1202	0.833333	0.375	0.708333
1203	0.916667	0.375	0.708333
1204	0.916667	0.5	0.75
1205	0.916667	0.375	0.708333
1206	0.916667	0.5	0.708333
1207	0.916667	0.375	0.625
1208	0.833333	0.375	0.75
1209	0.833333	0.375	0.708333
1210	0.833333	0.375	0.791667
1211	0.833333	0.375	0.75
1212	0.833333	0.375	0.75
1213	0.833333	0.375	0.708333
1214	0.833333	0.375	0.75
1215	0.833333	0.375	0.666667
1216	0.916667	0.5	0.833333
1217	0.916667	0.5	0.791667
1218	0.916667	0.5	0.791667
1219	0.916667	0.5	0.75
1220	0.916667	0.5	0.791667
1221	0.916667	0.5	0.75
1222	0.916667	0.5	0.708333
1223	0.916667	0.5	0.791667
1224	0.916667	0.375	0.791667
1225	0.916667	0.375	0.791667
1226	0.916667	0.375	0.708333
1227	0.916667	0.375	0.75
1228	0.916667	0.375	0.708333
1229	0.916667	0.375	0.75
1230	0.916667	0.375	0.583333
1231	0.916667	0.375	0.666667
1232	0.916667	0.375	0.75
1233	0.916667	0.375	0.708333
1234	0.833333	0.375	0.75
1235	0.833333	0.375	0.708333
1236	0.916667	0.625	0.833333
1237	0.916667	0.625	0.791667
1238	0.916667	0.5	0.791667
1239	0.916667	0.5	0.791667
1240	0.916667	0.5	0.708333
1241	0.833333	0.375	0.583333
1242	0.833333	0.375	0.541667
1243	0.833333	0.375	0.666667
1244	0.833333	0.375	0.708333
1245	0.833333	0.375	0.666667
1246	0.833333	0.375	0.666667
1247	0.833333	0.375	0.583333
1248	0.833333	0.375	0.625
1249	0.833333	0.5	0.708333
1250	0.833333	0.5	0.666667
1251	0.833333	0.5	0.75
1252	0.833333	0.5	0.791667
1253	0.833333	0.5	0.75
1254	0.833333	0.5	0.75
1255	0.833333	0.5	0.75
1256	0.833333	0.5	0.708333
1257	0.833333	0.5	0.666667
1258	0.833333	0.5	0.708333
1259	0.916667	0.625	0.833333
1260	1	0.625	0.833333
1261	0.916667	0.625	0.791667
1262	1	0.5	0.75
1263	1	0.625	0.875
1264	1	0.625	0.791667
1265	1	0.625	0.833333
1266	1	0.625	0.833333
1267	1	0.5	0.666667
1268	1	0.5	0.75
1269	1	0.5	0.791667
1270	0.916667	0.625	0.875
1271	0.916667	0.625	0.833333
1272	0.916667	0.625	0.791667
1273	0.916667	0.625	0.75
1274	0.916667	0.625	0.791667
1275	0.916667	0.625	0.833333
1276	0.916667	0.625	0.833333
1277	0.916667	0.625	0.833333
1278	0.916667	0.5	0.708333
1279	0.916667	0.5	0.625
1280	0.916667	0.5	0.708333
1281	0.916667	0.5	0.75
1282	0.916667	0.5	0.791667
1283	0.916667	0.5	0.791667
1284	0.916667	0.5	0.708333
1285	1	0.5	0.791667
1286	0.916667	0.5	0.791667
1287	0.916667	0.5	0.791667
1288	0.916667	0.5	0.75
1289	0.916667	0.5	0.833333
1290	0.916667	0.5	0.833333
1291	0.916667	0.5	0.791667
1292	0.916667	0.5	0.75
1293	1	0.5	0.833333
1294	0.916667	0.5	0.75
1295	1	0.5	0.75
1296	1	0.5	0.791667
1297	1	0.5	0.75
1298	0.916667	0.5	0.708333
1299	0.916667	0.5	0.625
1300	0.916667	0.375	0.791667
1301	0.833333	0.375	0.75
1302	0.833333	0.375	0.791667
1303	0.833333	0.375	0.75
1304	0.833333	0.375	0.708333
1305	0.833333	0.375	0.75
1306	0.916667	0.375	0.708333
1307	0.833333	0.375	0.666667
1308	0.833333	0.375	0.666667
1309	0.833333	0.375	0.708333
1310	0.916667	0.375	0.75
1311	0.916667	0.375	0.708333
1312	0.916667	0.375	0.75
1313	0.916667	0.375	0.708333
1314	0.916667	0.375	0.708333
1315	0.916667	0.375	0.625
1316	1	0.375	0.75
1317	0.916667	0.375	0.625
1318	1	0.375	0.708333
1319	0.916667	0.375	0.583333
1320	1	0.375	0.625
1321	1	0.375	0.666667
1322	0.916667	0.375	0.458333
1323	1	0.75	0.875
1324	1	0.75	0.833333
1325	0.916667	0.625	0.791667
1326	0.916667	0.625	0.75
1327	1	0.625	0.833333
1328	1	0.625	0.833333
1329	1	0.625	0.75
1330	0.916667	0.625	0.791667
1331	0.916667	0.625	0.791667
1332	0.916667	0.625	0.833333
1333	0.916667	0.625	0.75
1334	1	0.75	0.875
1335	1	0.625	0.833333
1336	1	0.625	0.833333
1337	1	0.625	0.833333
1338	1	0.75	0.875
1339	1	0.625	0.833333
1340	1	0.625	0.833333
1341	1	0.75	0.875
1342	1	0.625	0.875
1343	1	0.625	0.875
1344	1	0.75	0.875
1345	1	0.625	0.791667
1346	1	0.625	0.791667
1347	1	0.75	0.791667
1348	1	0.75	0.875
1349	1	0.75	0.833333
1350	1	0.75	0.833333
1351	1	0.625	0.791667
1352	0.916667	0.625	0.791667
1353	0.916667	0.625	0.708333
1354	0.916667	0.625	0.708333
1355	1	0.625	0.75
1356	1	0.625	0.666667
1357	0.833333	0.5	0.75
1358	0.833333	0.5	0.791667
1359	0.833333	0.5	0.666667
1360	0.833333	0.5	0.75
1361	0.833333	0.5	0.75
1362	0.916667	0.625	0.791667
1363	0.916667	0.625	0.791667
1364	0.916667	0.625	0.708333
1365	0.916667	0.625	0.791667
1366	0.916667	0.5	0.75
1367	0.916667	0.5	0.791667
1368	0.916667	0.5	0.708333
1369	0.916667	0.5	0.75
1370	0.916667	0.5	0.791667
1371	0.916667	0.5	0.791667
1372	0.916667	0.5	0.708333
1373	0.916667	0.5	0.583333
1374	0.916667	0.5	0.708333
1375	0.916667	0.5	0.75
1376	0.833333	0.5	0.791667
1377	0.833333	0.5	0.791667
1378	0.833333	0.5	0.791667
1379	0.833333	0.5	0.708333
1380	0.833333	0.5	0.75
1381	0.833333	0.5	0.791667
1382	0.833333	0.5	0.75
1383	0.833333	0.5	0.75
1384	0.833333	0.5	0.666667
1385	0.833333	0.5	0.75
1386	0.833333	0.5	0.75
1387	0.833333	0.5	0.791667
1388	0.833333	0.5	0.583333
1389	0.833333	0.5	0.708333
1390	0.833333	0.5	0.75
1391	0.833333	0.5	0.708333
1392	0.833333	0.5	0.75
1393	0.833333	0.5	0.791667
1394	0.833333	0.5	0.791667
1395	0.833333	0.5	0.708333
1396	0.916667	0.5	0.791667
1397	0.916667	0.5	0.791667
1398	0.916667	0.5	0.75
1399	0.916667	0.5	0.75
1400	0.916667	0.5	0.791667
1401	0.916667	0.625	0.833333
1402	0.916667	0.5	0.75
1403	0.916667	0.625	0.75
1404	0.916667	0.5	0.625
1405	0.916667	0.625	0.791667
1406	0.916667	0.625	0.791667
1407	0.916667	0.625	0.75
1408	0.916667	0.625	0.791667
1409	0.916667	0.625	0.791667
1410	0.916667	0.625	0.791667
1411	0.916667	0.625	0.75
1412	0.916667	0.625	0.791667
1413	0.916667	0.625	0.708333
1414	0.916667	0.625	0.75
1415	0.916667	0.625	0.791667
1416	0.916667	0.625	0.625
1417	0.916667	0.5	0.791667
1418	0.916667	0.5	0.75
1419	0.916667	0.5	0.791667
1420	0.916667	0.5	0.75
1421	0.916667	0.5	0.791667
1422	0.916667	0.5	0.791667
1423	0.916667	0.5	0.791667
1424	0.916667	0.5	0.791667
1425	0.916667	0.5	0.791667
1426	0.916667	0.5	0.75
1427	0.916667	0.5	0.708333
1428	0.916667	0.5	0.708333
1429	0.916667	0.5	0.708333
1430	0.916667	0.5	0.625
1431	0.916667	0.5	0.708333
1432	0.916667	0.5	0.75
1433	0.916667	0.5	0.708333
1434	0.916667	0.5	0.708333
1435	0.916667	0.5	0.625
1436	0.916667	0.5	0.708333
1437	0.916667	0.5	0.708333
1438	0.916667	0.5	0.708333
1439	0.916667	0.5	0.75
1440	0.916667	0.5	0.708333
1441	0.916667	0.5	0.625
1442	0.916667	0.5	0.458333
1443	0.833333	0.375	0.75
1444	0.833333	0.375	0.75
1445	0.916667	0.5	0.833333
1446	0.916667	0.5	0.833333
1447	1	0.5	0.833333
1448	0.916667	0.5	0.75
1449	1	0.5	0.833333
1450	1	0.5	0.75
1451	1	0.5	0.75
1452	1	0.5	0.791667
1453	0.833333	0.375	0.666667
1454	0.833333	0.375	0.708333
1455	0.833333	0.375	0.666667
1456	0.916667	0.5	0.791667
1457	0.916667	0.5	0.791667
1458	0.916667	0.5	0.791667
1459	0.916667	0.5	0.791667
1460	0.916667	0.5	0.75
1461	0.916667	0.5	0.791667
1462	0.916667	0.5	0.75
1463	0.916667	0.5	0.791667
1464	1	0.625	0.791667
1465	1	0.625	0.833333
1466	1	0.625	0.833333
1467	1	0.625	0.833333
1468	1	0.5	0.791667
1469	1	0.5	0.75
1470	1	0.5	0.75
1471	1	0.5	0.791667
1472	0.916667	0.5	0.708333
1473	0.916667	0.5	0.708333
1474	0.916667	0.5	0.625
1475	0.833333	0.375	0.708333
1476	0.833333	0.375	0.75
1477	0.833333	0.375	0.75
1478	0.833333	0.375	0.708333
1479	0.833333	0.375	0.75
1480	0.833333	0.375	0.666667
1481	0.833333	0.375	0.708333
1482	0.833333	0.375	0.666667
1483	0.833333	0.375	0.75
1484	0.916667	0.5	0.791667
1485	0.833333	0.375	0.666667
1486	0.916667	0.5	0.791667
1487	1	0.625	0.833333
1488	1	0.5	0.75
1489	0.916667	0.5	0.708333
1490	0.833333	0.375	0.708333
1491	0.833333	0.375	0.666667
1492	0.833333	0.375	0.666667
1493	1	0.625	0.75
1494	1	0.625	0.75
1495	1	0.625	0.791667
1496	0.916667	0.5	0.75
1497	0.916667	0.5	0.708333
1498	0.916667	0.5	0.708333
1499	0.833333	0.375	0.583333
1500	0.833333	0.375	0.541667
1501	0.916667	0.5	0.75
1502	0.916667	0.5	0.708333
1503	0.916667	0.5	0.708333
1504	1	0.5	0.666667
1505	1	0.5	0.625
1506	0.916667	0.5	0.625
1507	0.916667	0.5	0.583333
1508	1	0.125	0.416667
1509	0.916667	0.125	0.541667
1510	0.916667	0.125	0.5
1511	0.916667	0.125	0.458333
1512	0.916667	0.125	0.5
1513	0.916667	0.125	0.458333
1514	0.916667	0.125	0.458333
1515	0.916667	0.125	0.458333
1516	0.916667	0.125	0.375
1517	1	0.125	0.5
1518	1	0.125	0.375
1519	1	0.125	0.541667
1520	1	0.125	0.416667
1521	1	0.125	0.5
1522	1	0.125	0.416667
1523	1	0.125	0.25
1524	0.916667	0.25	0.541667
1525	0.916667	0.25	0.5
1526	1	0.25	0.541667
1527	1	0.25	0.416667
1528	1	0.375	0.583333
1529	1	0.375	0.625
1530	1	0.375	0.541667
1531	1	0.375	0.583333
1532	1	0.375	0.541667
1533	1	0.375	0.5
1534	1	0.375	0.416667
1535	0.916667	0.375	0.541667
1536	0.916667	0.375	0.5
1537	0.916667	0.375	0.583333
1538	0.916667	0.375	0.541667
1539	0.916667	0.375	0.541667
1540	0.916667	0.375	0.541667
1541	0.916667	0.375	0.5
1542	0.916667	0.375	0.583333
1543	1	0.375	0.5
1544	0.916667	0.25	0.458333
1545	0.916667	0.25	0.5
1546	0.916667	0.25	0.375
1547	1	0.375	0.416667
1548	1	0.375	0.541667
1549	1	0.375	0.5
1550	1	0.375	0.583333
1551	1	0.375	0.5
1552	0.916667	0.25	0.541667
1553	0.916667	0.25	0.583333
1554	0.916667	0.25	0.583333
1555	1	0.25	0.541667
1556	1	0.375	0.625
1557	1	0.375	0.625
1558	1	0.25	0.583333
1559	1	0.25	0.541667
1560	1	0.25	0.416667
1561	1	0.375	0.583333
1562	1	0.375	0.541667
1563	1	0.375	0.583333
1564	1	0.375	0.5
1565	1	0.375	0.583333
1566	1	0.375	0.416667
1567	1	0.375	0.5
1568	1	0.375	0.5
1569	1	0.375	0.541667
1570	1	0.375	0.583333
1571	1	0.375	0.541667
1572	1	0.375	0.583333
1573	0.916667	0.25	0.458333
1574	0.916667	0.25	0.5
1575	0.916667	0.25	0.541667
1576	0.916667	0.25	0.541667
1577	0.916667	0.25	0.458333
1578	0.916667	0.25	0.541667
1579	0.916667	0.25	0.541667
1580	0.916667	0.25	0.5
1581	1	0.25	0.5
1582	1	0.25	0.5
1583	1	0.25	0.5
1584	1	0.25	0.416667
1585	1	0.25	0.5
1586	1	0.25	0.416667
1587	1	0.25	0.25
1588	0.916667	0.375	0.5
1589	0.916667	0.375	0.541667
1590	0.916667	0.375	0.541667
1591	0.916667	0.375	0.5
1592	1	0.5	0.583333
1593	1	0.5	0.541667
1594	1	0.5	0.583333
1595	1	0.5	0.541667
1596	1	0.5	0.583333
1597	1	0.5	0.583333
1598	0.916667	0.375	0.458333
1599	0.916667	0.375	0.375
1600	1	0.375	0.583333
1601	1	0.375	0.541667
1602	1	0.375	0.541667
1603	1	0.375	0.583333
1604	1	0.375	0.583333
1605	1	0.375	0.583333
1606	1	0.375	0.541667
1607	1	0.375	0.583333
1608	1	0.375	0.5
1609	1	0.375	0.5
1610	1	0.375	0.5
1611	1	0.375	0.416667
1612	0.916667	0.25	0.541667
1613	0.916667	0.25	0.458333
1614	0.916667	0.25	0.458333
1615	0.916667	0.25	0.541667
1616	0.916667	0.125	0.5
1617	0.916667	0.125	0.375
1618	0.916667	0.25	0.541667
1619	0.916667	0.125	0.375
1620	0.916667	0.125	0.541667
1621	0.916667	0.125	0.416667
1622	0.916667	0.125	0.458333
1623	0.916667	0.125	0.375
1624	0.916667	0.25	0.541667
1625	0.916667	0.25	0.416667
1626	0.916667	0.125	0.208333
1627	1	0.25	0.416667
1628	1	0.125	0.208333
1629	1	0.25	0.458333
1630	1	0.125	0.25
1631	1	0.25	0.416667
1632	1	0.25	0.25
1633	1	0.125	0
