8 #edges
0 1
0 2;3
1 4
1 5
1 6
1 7
4 9
5 8
8 #edges
0 1
0 2;3
1 4
1 5
1 7
4 9
9 6
5 8
8 #edges
0 1
0 2;3
1 4
1 5
1 7
4 9
5 6
6 8
8 #edges
0 1
0 2;3
1 4
1 5
1 7
1 8
4 9
5 6
8 #edges
0 1
0 2;3
1 4
1 5
1 7
4 9
9 8
5 6
8 #edges
0 1
0 2;3
1 4
1 5
1 6
1 7
1 8
4 9
8 #edges
0 1
0 2;3
1 4
1 5
1 7
1 8
4 9
9 6
8 #edges
0 1
0 2;3
1 4
1 5
1 6
1 7
4 9
6 8
8 #edges
0 1
0 2;3
1 4
1 5
1 6
1 7
4 9
9 8
8 #edges
0 1
0 2;3
1 4
1 5
1 7
4 9
9 6
9 8
8 #edges
0 1
0 2;3
1 4
1 5
1 7
4 9
9 6
6 8
8 #edges
0 1
0 2;3
1 4
1 9
1 7
9 5
9 8
5 6
8 #edges
0 1
0 2;3
1 4
1 9
1 7
4 6
9 5
9 8
8 #edges
0 1
0 2;3
1 4
1 9
1 7
4 5
9 6
9 8
8 #edges
0 1
0 2;3
1 4
1 9
1 7
4 5
9 8
5 6
8 #edges
0 1
0 2;3
1 4
1 9
1 7
4 5
9 6
5 8
8 #edges
0 1
0 2;3
1 4
1 9
1 7
1 8
4 5
9 6
8 #edges
0 1
0 2;3
1 4
1 9
1 7
4 5
4 8
9 6
8 #edges
0 1
0 2;3
1 4
1 9
1 7
4 5
9 6
6 8
8 #edges
0 1
0 2;3
1 4
1 9
1 7
1 8
9 5
5 6
8 #edges
0 1
0 2;3
1 4
1 9
1 7
1 8
4 6
9 5
8 #edges
0 1
0 2;3
1 4
1 9
1 7
1 8
4 5
5 6
8 #edges
0 1
0 2;3
1 4
1 9
1 7
4 6
4 8
9 5
8 #edges
0 1
0 2;3
1 4
1 9
1 7
4 6
9 5
5 8
8 #edges
0 1
0 2;3
1 4
1 9
1 7
4 6
9 5
6 8
8 #edges
0 1
0 2;3
1 4
1 9
1 7
9 5
5 6
6 8
8 #edges
0 1
0 2;3
1 4
1 9
1 7
4 8
9 5
5 6
8 #edges
0 1
0 2;3
1 4
1 9
1 7
4 5
4 8
5 6
8 #edges
0 1
0 2;3
1 4
1 9
1 7
4 5
5 6
6 8
8 #edges
0 1
0 2;3
1 4
1 6
1 7
4 9
9 5
6 8
8 #edges
0 1
0 2;3
1 4
1 6
1 7
4 9
9 5
9 8
8 #edges
0 1
0 2;3
1 4
1 6
1 7
1 8
4 9
9 5
8 #edges
0 1
0 2;3
1 4
1 6
1 7
4 9
9 5
5 8
8 #edges
0 1
0 2;3
1 4
1 7
4 9
9 5
9 8
5 6
8 #edges
0 1
0 2;3
1 4
1 7
4 9
9 5
5 6
6 8
8 #edges
0 1
0 2;3
1 4
1 7
1 8
4 9
9 5
5 6
