solution	ancestral	parental	incomparable
0	1	0.75	0.846154
1	0.9	0.625	0.846154
2	0.9	0.625	0.884615
3	0.9	0.625	0.846154
4	0.9	0.625	0.846154
5	0.9	0.625	0.807692
6	1	0.625	0.807692
7	0.9	0.75	0.923077
8	0.9	0.75	0.884615
9	0.9	0.75	0.961538
10	1	0.75	0.923077
11	0.9	0.75	0.923077
12	1	0.875	0.961538
13	0.9	0.75	0.923077
14	0.9	0.625	0.846154
15	0.9	0.75	0.923077
16	0.9	0.75	0.884615
17	0.9	0.875	0.961538
18	0.9	0.75	0.884615
19	0.9	0.75	0.923077
20	0.9	0.625	0.846154
21	0.9	0.625	0.769231
22	0.9	0.75	0.884615
23	0.9	0.875	0.961538
24	0.9	0.75	0.923077
25	0.9	0.875	1
26	0.9	0.75	0.961538
27	0.9	0.75	0.923077
28	0.9	0.75	0.961538
29	1	0.75	0.846154
30	1	0.875	0.923077
31	0.9	0.75	0.884615
32	1	0.75	0.923077
33	1	0.75	0.923077
34	1	0.875	0.961538
35	0.9	0.75	0.884615
36	1	0.875	0.961538
37	0.9	0.75	0.923077
38	0.9	0.75	0.923077
39	0.9	0.75	0.884615
40	1	0.875	0.961538
41	1	1	1
42	0.9	0.875	0.961538
43	0.9	0.875	0.961538
44	0.9	0.75	0.884615
45	0.9	0.75	0.884615
46	0.9	0.75	0.923077
47	0.9	0.75	0.923077
48	1	0.875	0.884615
49	0.9	0.75	0.884615
50	0.9	0.75	0.884615
51	1	0.75	0.846154
52	0.9	0.75	0.884615
53	1	0.75	0.846154
54	1	0.875	0.884615
55	0.9	0.75	0.884615
56	1	0.75	0.769231
57	1	0.75	0.846154
58	1	0.75	0.846154
59	0.9	0.625	0.769231
60	0.9	0.625	0.846154
61	1	0.625	0.807692
62	0.9	0.625	0.807692
63	0.9	0.625	0.846154
64	0.9	0.625	0.884615
65	0.9	0.625	0.769231
66	0.9	0.625	0.846154
67	1	0.625	0.692308
68	0.9	0.625	0.807692
69	1	0.625	0.807692
70	0.9	0.625	0.884615
71	0.9	0.625	0.807692
72	0.9	0.625	0.807692
73	1	0.75	0.846154
74	0.9	0.625	0.884615
75	0.9	0.625	0.846154
76	1	0.625	0.807692
77	0.9	0.625	0.846154
78	0.9	0.625	0.769231
79	0.9	0.625	0.884615
80	0.9	0.625	0.807692
81	1	0.75	0.846154
82	1	0.625	0.807692
83	0.9	0.625	0.807692
84	1	0.75	0.769231
85	1	0.625	0.692308
86	0.9	0.625	0.769231
87	0.9	0.75	0.923077
88	0.9	0.75	0.961538
89	0.9	0.75	0.923077
90	1	0.875	0.961538
91	1	0.75	0.923077
92	0.9	0.75	0.923077
93	0.9	0.75	0.884615
94	1	0.625	0.884615
95	1	0.625	0.884615
96	1	0.625	0.846154
97	0.9	0.625	0.923077
98	0.9	0.625	0.923077
99	0.9	0.625	0.884615
100	0.9	0.625	0.884615
101	0.9	0.625	0.846154
102	0.9	0.625	0.884615
103	0.9	0.625	0.846154
104	0.9	0.625	0.884615
105	0.9	0.625	0.846154
106	0.9	0.625	0.846154
107	1	0.75	0.923077
108	0.9	0.625	0.846154
109	1	0.75	0.923077
110	0.9	0.625	0.846154
111	0.9	0.625	0.846154
112	0.9	0.625	0.846154
113	1	0.75	0.884615
114	1	0.625	0.807692
115	0.9	0.625	0.807692
116	1	0.75	0.884615
117	0.9	0.625	0.807692
118	0.9	0.625	0.769231
119	0.9	0.5	0.692308
120	0.9	0.5	0.730769
121	0.9	0.5	0.769231
122	1	0.625	0.692308
123	1	0.5	0.653846
124	0.9	0.625	0.807692
125	0.9	0.625	0.769231
126	0.9	0.625	0.769231
127	0.9	0.625	0.769231
128	1	0.75	0.730769
129	1	0.625	0.692308
130	0.9	0.5	0.769231
131	0.9	0.5	0.653846
132	0.9	0.5	0.730769
133	0.9	0.5	0.615385
134	1	0.625	0.692308
135	0.9	0.5	0.692308
136	1	0.5	0.653846
137	0.9	0.5	0.615385
138	1	0.625	0.576923
139	1	0.5	0.5
140	0.9	0.625	0.923077
141	0.9	0.75	0.961538
142	0.9	0.625	0.884615
143	0.9	0.625	0.884615
144	0.9	0.625	0.923077
145	0.9	0.625	0.884615
146	0.9	0.75	0.961538
147	0.9	0.625	0.884615
148	0.9	0.625	0.923077
149	0.9	0.5	0.884615
150	0.9	0.5	0.884615
151	0.9	0.625	0.923077
152	0.9	0.5	0.807692
153	0.9	0.5	0.807692
154	0.9	0.5	0.846154
155	0.9	0.5	0.769231
156	0.9	0.625	0.884615
157	0.9	0.5	0.807692
158	0.9	0.625	0.884615
159	0.9	0.5	0.807692
160	0.9	0.375	0.769231
161	0.9	0.375	0.769231
162	0.9	0.5	0.846154
163	0.9	0.5	0.769231
164	0.9	0.5	0.807692
165	0.9	0.375	0.653846
166	0.9	0.375	0.769231
167	0.9	0.375	0.653846
168	0.9	0.625	0.884615
169	0.9	0.5	0.884615
170	0.9	0.375	0.653846
171	0.9	0.25	0.615385
172	0.9	0.5	0.846154
173	0.9	0.375	0.846154
174	0.9	0.375	0.807692
175	0.9	0.5	0.807692
176	0.9	0.5	0.769231
177	0.9	0.375	0.769231
178	0.9	0.25	0.461538
179	0.9	0.5	0.846154
180	0.9	0.5	0.846154
181	0.9	0.5	0.769231
182	0.9	0.625	0.884615
183	0.9	0.5	0.807692
184	0.9	0.5	0.846154
185	1	0.5	0.807692
186	1	0.5	0.807692
187	1	0.625	0.846154
188	0.9	0.5	0.846154
189	0.9	0.625	0.884615
190	0.9	0.5	0.769231
191	0.9	0.625	0.884615
192	0.9	0.5	0.807692
193	1	0.5	0.692308
194	0.9	0.5	0.846154
195	0.9	0.375	0.730769
196	0.9	0.375	0.769231
197	0.9	0.375	0.730769
198	0.9	0.375	0.692308
199	1	0.375	0.730769
200	0.9	0.375	0.769231
201	0.9	0.375	0.769231
202	1	0.375	0.769231
203	0.9	0.5	0.807692
204	0.9	0.375	0.692308
205	0.9	0.5	0.846154
206	1	0.5	0.807692
207	1	0.375	0.653846
208	0.9	0.625	0.846154
209	0.9	0.5	0.730769
210	0.9	0.5	0.769231
211	0.9	0.625	0.846154
212	0.9	0.625	0.846154
213	0.9	0.625	0.884615
214	0.9	0.625	0.884615
215	0.9	0.625	0.884615
216	0.9	0.625	0.846154
217	0.9	0.75	0.923077
218	0.9	0.75	0.923077
219	0.9	0.625	0.846154
220	0.9	0.75	0.884615
221	1	0.875	0.961538
222	1	0.75	0.923077
223	0.9	0.75	0.923077
224	0.9	0.75	0.923077
225	1	0.75	0.884615
226	1	0.875	0.961538
227	0.9	0.75	0.923077
228	0.9	0.625	0.846154
229	1	0.75	0.923077
230	1	0.625	0.846154
231	0.9	0.625	0.807692
232	0.9	0.625	0.769231
233	0.9	0.75	0.884615
234	0.9	0.75	0.923077
235	1	0.625	0.769231
236	1	0.625	0.807692
237	1	0.625	0.846154
238	0.9	0.5	0.730769
239	0.9	0.5	0.692308
240	0.9	0.5	0.769231
241	1	0.5	0.807692
242	0.9	0.5	0.730769
243	0.9	0.5	0.769231
244	1	0.5	0.730769
245	1	0.5	0.730769
246	0.9	0.5	0.692308
247	0.9	0.5	0.615385
248	0.9	0.625	0.846154
249	0.9	0.625	0.846154
250	0.9	0.625	0.807692
251	0.9	0.625	0.846154
252	1	0.75	0.923077
253	1	0.625	0.884615
254	0.9	0.625	0.884615
255	1	0.625	0.807692
256	1	0.75	0.884615
257	0.9	0.625	0.846154
258	0.9	0.625	0.884615
259	0.9	0.625	0.846154
260	1	0.75	0.923077
261	1	0.625	0.884615
262	1	0.625	0.846154
263	1	0.75	0.884615
264	0.9	0.625	0.846154
265	0.9	0.625	0.769231
266	0.9	0.625	0.846154
267	1	0.625	0.884615
268	1	0.75	0.923077
269	0.9	0.625	0.884615
270	0.9	0.625	0.846154
271	1	0.625	0.846154
272	0.9	0.625	0.846154
273	1	0.75	0.884615
274	1	0.625	0.807692
275	0.9	0.625	0.807692
276	1	0.75	0.884615
277	0.9	0.625	0.846154
278	0.9	0.625	0.769231
279	0.9	0.375	0.615385
280	0.9	0.5	0.769231
281	0.9	0.625	0.846154
282	0.9	0.625	0.846154
283	0.9	0.5	0.769231
284	0.9	0.625	0.846154
285	0.9	0.625	0.807692
286	1	0.75	0.846154
287	1	0.625	0.807692
288	0.9	0.625	0.846154
289	0.9	0.5	0.769231
290	0.9	0.375	0.615385
291	0.9	0.5	0.769231
292	1	0.75	0.846154
293	0.9	0.5	0.769231
294	1	0.5	0.692308
295	1	0.625	0.807692
296	0.9	0.625	0.807692
297	0.9	0.625	0.846154
298	1	0.375	0.5
299	1	0.5	0.692308
300	0.9	0.5	0.692308
301	0.9	0.5	0.769231
302	0.9	0.5	0.769231
303	0.9	0.5	0.807692
304	0.9	0.5	0.730769
305	0.9	0.5	0.692308
306	0.9	0.5	0.769231
307	1	0.5	0.730769
308	1	0.625	0.769231
309	1	0.5	0.769231
310	0.9	0.5	0.769231
311	1	0.625	0.807692
312	0.9	0.5	0.730769
313	1	0.625	0.730769
314	1	0.5	0.653846
315	0.9	0.375	0.730769
316	0.9	0.375	0.730769
317	0.9	0.375	0.615385
318	0.9	0.375	0.730769
319	0.9	0.375	0.615385
320	1	0.375	0.653846
321	0.9	0.375	0.692308
322	0.9	0.375	0.692308
323	1	0.375	0.653846
324	1	0.375	0.5
325	1	0.625	0.807692
326	1	0.625	0.769231
327	1	0.625	0.730769
328	0.9	0.5	0.692308
329	0.9	0.5	0.769231
330	1	0.5	0.730769
331	0.9	0.5	0.807692
332	0.9	0.5	0.730769
333	0.9	0.5	0.769231
334	0.9	0.5	0.692308
335	1	0.5	0.769231
336	0.9	0.5	0.769231
337	1	0.5	0.653846
338	0.9	0.375	0.692308
339	0.9	0.375	0.730769
340	1	0.375	0.653846
341	0.9	0.375	0.615385
342	1	0.375	0.5
343	0.9	0.25	0.538462
344	1	0.25	0.461538
345	0.9	0.25	0.423077
346	1	0.25	0.269231
347	0.9	0.625	0.884615
348	0.9	0.5	0.846154
349	0.9	0.625	0.923077
350	0.9	0.5	0.884615
351	0.9	0.75	0.961538
352	0.9	0.625	0.923077
353	0.9	0.625	0.923077
354	0.9	0.5	0.846154
355	0.9	0.5	0.769231
356	0.9	0.375	0.730769
357	0.9	0.375	0.615385
358	0.9	0.5	0.846154
359	0.9	0.5	0.846154
360	0.9	0.5	0.846154
361	0.9	0.625	0.884615
362	0.9	0.625	0.884615
363	0.9	0.5	0.769231
364	0.9	0.5	0.769231
365	0.9	0.75	0.961538
366	0.9	0.625	0.923077
367	0.9	0.75	0.961538
368	0.9	0.75	0.961538
369	0.9	0.75	0.961538
370	0.9	0.75	0.923077
371	0.9	0.75	0.961538
372	0.9	0.625	0.923077
373	0.9	0.625	0.923077
374	0.9	0.625	0.884615
375	0.9	0.625	0.884615
376	0.9	0.625	0.923077
377	0.9	0.625	0.884615
378	0.9	0.625	0.884615
379	0.9	0.625	0.884615
380	0.9	0.625	0.884615
381	0.9	0.625	0.884615
382	0.9	0.625	0.846154
383	0.9	0.625	0.884615
384	0.9	0.625	0.807692
385	0.9	0.625	0.884615
386	0.9	0.625	0.846154
387	0.9	0.625	0.807692
388	0.9	0.5	0.769231
389	0.9	0.5	0.769231
390	0.9	0.5	0.769231
391	0.9	0.5	0.692308
392	0.9	0.5	0.653846
393	0.9	0.5	0.807692
394	0.9	0.625	0.884615
395	0.9	0.5	0.807692
396	0.9	0.5	0.846154
397	0.9	0.375	0.692308
398	0.9	0.5	0.884615
399	0.9	0.625	0.923077
400	0.9	0.375	0.730769
401	0.9	0.5	0.846154
402	0.9	0.5	0.846154
403	0.9	0.5	0.884615
404	0.9	0.5	0.846154
405	0.9	0.5	0.846154
406	0.9	0.5	0.884615
407	0.9	0.375	0.730769
408	0.9	0.375	0.653846
409	0.9	0.375	0.615385
410	0.9	0.5	0.846154
411	0.9	0.625	0.923077
412	0.9	0.5	0.846154
413	0.9	0.625	0.923077
414	0.9	0.5	0.846154
415	0.9	0.625	0.923077
416	0.9	0.625	0.884615
417	0.9	0.5	0.807692
418	0.9	0.5	0.769231
419	0.9	0.5	0.807692
420	0.9	0.5	0.769231
421	0.9	0.5	0.884615
422	0.9	0.375	0.730769
423	0.9	0.375	0.653846
424	0.9	0.375	0.692308
425	0.9	0.375	0.615385
426	0.9	0.5	0.846154
427	0.9	0.5	0.846154
428	0.9	0.5	0.846154
429	0.9	0.5	0.884615
430	0.9	0.625	0.923077
431	0.9	0.5	0.846154
432	0.9	0.5	0.846154
433	0.9	0.625	0.923077
434	0.9	0.5	0.846154
435	0.9	0.5	0.807692
436	0.9	0.5	0.769231
437	0.9	0.5	0.807692
438	0.9	0.5	0.846154
439	0.9	0.5	0.807692
440	0.9	0.5	0.769231
441	0.9	0.5	0.807692
442	0.9	0.625	0.923077
443	0.9	0.625	0.884615
444	0.9	0.625	0.923077
445	0.9	0.625	0.884615
446	0.9	0.5	0.846154
447	0.9	0.375	0.615385
448	0.9	0.5	0.846154
449	0.9	0.5	0.769231
450	0.9	0.5	0.846154
451	0.9	0.625	0.884615
452	0.9	0.625	0.923077
453	0.9	0.5	0.769231
454	0.9	0.625	0.923077
455	0.9	0.625	0.884615
456	0.9	0.5	0.846154
457	0.9	0.5	0.846154
458	0.9	0.5	0.769231
459	0.9	0.5	0.846154
460	0.9	0.375	0.615385
461	0.9	0.5	0.769231
462	0.9	0.5	0.846154
463	0.9	0.5	0.769231
464	0.9	0.5	0.807692
465	0.9	0.5	0.807692
466	0.9	0.5	0.807692
467	0.9	0.5	0.846154
468	0.9	0.5	0.769231
469	0.9	0.375	0.538462
470	0.9	0.375	0.461538
471	0.9	0.5	0.846154
472	0.9	0.5	0.769231
473	0.9	0.5	0.730769
474	0.9	0.5	0.807692
475	0.9	0.5	0.769231
476	0.9	0.5	0.807692
477	0.9	0.5	0.653846
478	0.9	0.625	0.884615
479	0.9	0.625	0.923077
480	0.9	0.625	0.923077
481	0.9	0.625	0.884615
482	0.9	0.625	0.884615
483	0.9	0.625	0.884615
484	0.9	0.625	0.807692
485	0.9	0.5	0.730769
486	0.9	0.5	0.653846
487	0.9	0.5	0.884615
488	0.9	0.375	0.846154
489	0.9	0.625	0.923077
490	0.9	0.625	0.923077
491	0.9	0.5	0.846154
492	0.9	0.375	0.846154
493	0.9	0.5	0.884615
494	0.9	0.5	0.884615
495	0.9	0.375	0.846154
496	0.9	0.375	0.846154
497	0.9	0.375	0.769231
498	0.9	0.375	0.807692
499	0.9	0.5	0.884615
500	0.9	0.5	0.807692
501	0.9	0.5	0.884615
502	0.9	0.5	0.846154
503	0.9	0.625	0.923077
504	0.9	0.625	0.923077
505	0.9	0.625	0.923077
506	0.9	0.625	0.923077
507	0.9	0.625	0.923077
508	0.9	0.625	0.923077
509	0.9	0.625	0.923077
510	0.9	0.625	0.923077
511	0.9	0.625	0.884615
512	0.9	0.625	0.884615
513	0.9	0.625	0.884615
514	0.9	0.625	0.884615
515	0.9	0.5	0.846154
516	0.9	0.5	0.846154
517	0.9	0.5	0.807692
518	0.9	0.5	0.769231
519	0.9	0.5	0.807692
520	0.9	0.5	0.884615
521	0.9	0.5	0.846154
522	0.9	0.5	0.846154
523	0.9	0.5	0.884615
524	0.9	0.5	0.884615
525	0.9	0.5	0.846154
526	0.9	0.5	0.846154
527	0.9	0.375	0.846154
528	0.9	0.375	0.846154
529	0.9	0.375	0.769231
530	0.9	0.5	0.807692
531	0.9	0.5	0.846154
532	0.9	0.5	0.846154
533	0.9	0.5	0.846154
534	0.9	0.5	0.884615
535	0.9	0.5	0.807692
536	0.9	0.5	0.846154
537	0.9	0.5	0.846154
538	0.9	0.5	0.846154
539	0.9	0.5	0.884615
540	0.9	0.5	0.769231
541	0.9	0.5	0.846154
542	0.9	0.5	0.846154
543	0.9	0.5	0.884615
544	0.9	0.5	0.846154
545	0.9	0.5	0.769231
546	0.9	0.375	0.846154
547	0.9	0.5	0.884615
548	0.9	0.5	0.846154
549	0.9	0.5	0.846154
550	0.9	0.5	0.884615
551	0.9	0.5	0.846154
552	0.9	0.5	0.884615
553	0.9	0.375	0.807692
554	0.9	0.375	0.846154
555	0.9	0.375	0.846154
556	0.9	0.375	0.769231
557	0.9	0.375	0.769231
558	0.9	0.375	0.846154
559	0.9	0.375	0.846154
560	0.9	0.375	0.769231
561	0.9	0.375	0.769231
562	0.9	0.375	0.846154
563	0.9	0.375	0.769231
564	0.9	0.375	0.807692
565	0.9	0.375	0.653846
566	0.9	0.5	0.884615
567	0.9	0.5	0.846154
568	0.9	0.5	0.846154
569	0.9	0.5	0.846154
570	0.9	0.5	0.846154
571	0.9	0.5	0.884615
572	0.9	0.5	0.846154
573	0.9	0.5	0.884615
574	0.9	0.5	0.846154
575	0.9	0.5	0.846154
576	0.9	0.5	0.807692
577	0.9	0.5	0.846154
578	0.9	0.5	0.846154
579	0.9	0.5	0.807692
580	0.9	0.5	0.769231
581	0.9	0.5	0.769231
582	0.9	0.375	0.769231
583	0.9	0.375	0.807692
584	0.9	0.375	0.730769
585	0.9	0.375	0.769231
586	0.9	0.375	0.730769
587	0.9	0.375	0.769231
588	0.9	0.375	0.769231
589	0.9	0.375	0.807692
590	0.9	0.375	0.730769
591	0.9	0.375	0.769231
592	0.9	0.375	0.692308
593	0.9	0.375	0.692308
594	0.9	0.375	0.692308
595	0.9	0.375	0.769231
596	0.9	0.375	0.730769
597	0.9	0.375	0.692308
598	0.9	0.375	0.730769
599	0.9	0.375	0.615385
600	0.9	0.25	0.807692
601	0.9	0.25	0.730769
602	0.9	0.25	0.769231
603	0.9	0.25	0.807692
604	0.9	0.25	0.769231
605	0.9	0.25	0.730769
606	0.9	0.25	0.769231
607	0.9	0.25	0.730769
608	0.9	0.25	0.769231
609	0.9	0.25	0.730769
610	0.9	0.25	0.692308
611	0.9	0.25	0.615385
612	0.9	0.25	0.730769
613	0.9	0.25	0.692308
614	0.9	0.25	0.769231
615	0.9	0.25	0.692308
616	0.9	0.5	0.807692
617	0.9	0.375	0.769231
618	0.9	0.375	0.692308
619	0.9	0.5	0.846154
620	0.9	0.375	0.769231
621	0.9	0.375	0.807692
622	0.9	0.375	0.730769
623	0.9	0.375	0.769231
624	0.9	0.375	0.807692
625	0.9	0.5	0.846154
626	0.9	0.375	0.730769
627	0.9	0.5	0.846154
628	0.9	0.5	0.846154
629	0.9	0.5	0.807692
630	0.9	0.5	0.769231
631	0.9	0.375	0.769231
632	0.9	0.375	0.730769
633	0.9	0.375	0.615385
634	0.9	0.375	0.692308
635	0.9	0.375	0.692308
636	0.9	0.375	0.692308
637	0.9	0.375	0.730769
638	0.9	0.375	0.730769
639	0.9	0.375	0.769231
640	0.9	0.375	0.769231
641	0.9	0.375	0.730769
642	0.9	0.25	0.692308
643	0.9	0.25	0.576923
644	0.9	0.375	0.769231
645	0.9	0.375	0.769231
646	0.9	0.375	0.769231
647	0.9	0.375	0.653846
648	0.9	0.25	0.730769
649	0.9	0.25	0.615385
650	0.9	0.25	0.615385
651	0.9	0.25	0.615385
652	0.9	0.25	0.730769
653	0.9	0.25	0.461538
654	0.9	0.25	0.692308
655	0.9	0.375	0.730769
656	0.9	0.375	0.769231
657	0.9	0.5	0.807692
658	0.9	0.375	0.692308
659	0.9	0.375	0.692308
660	0.9	0.375	0.769231
661	0.9	0.5	0.807692
662	0.9	0.375	0.769231
663	0.9	0.375	0.769231
664	0.9	0.375	0.692308
665	0.9	0.375	0.692308
666	0.9	0.375	0.730769
667	0.9	0.375	0.769231
668	0.9	0.375	0.807692
669	0.9	0.375	0.807692
670	0.9	0.375	0.730769
671	0.9	0.375	0.615385
672	0.9	0.375	0.730769
673	0.9	0.5	0.846154
674	0.9	0.5	0.846154
675	0.9	0.5	0.769231
676	0.9	0.5	0.846154
677	0.9	0.25	0.730769
678	0.9	0.375	0.769231
679	0.9	0.25	0.730769
680	0.9	0.25	0.615385
681	0.9	0.25	0.692308
682	0.9	0.25	0.730769
683	0.9	0.25	0.692308
684	0.9	0.25	0.615385
685	0.9	0.375	0.769231
686	0.9	0.25	0.730769
687	0.9	0.25	0.615385
688	0.9	0.375	0.769231
689	0.9	0.375	0.730769
690	0.9	0.375	0.769231
691	0.9	0.375	0.653846
692	0.9	0.25	0.692308
693	0.9	0.25	0.730769
694	0.9	0.25	0.692308
695	0.9	0.25	0.615385
696	0.9	0.25	0.576923
697	0.9	0.25	0.615385
698	0.9	0.25	0.461538
699	0.9	0.25	0.615385
700	0.9	0.125	0.576923
701	0.9	0.125	0.423077
702	0.9	0.25	0.615385
703	0.9	0.25	0.615385
704	0.9	0.25	0.538462
705	0.9	0.25	0.461538
706	0.9	0.125	0.538462
707	0.9	0.125	0.5
708	0.9	0.125	0.423077
709	0.9	0.125	0.346154
710	0.9	0.125	0.423077
711	0.9	0.125	0.230769
712	0.9	0.625	0.846154
713	0.9	0.625	0.846154
714	0.9	0.625	0.884615
715	0.9	0.625	0.884615
716	0.9	0.625	0.884615
717	0.9	0.625	0.846154
718	0.9	0.75	0.923077
719	0.9	0.75	0.923077
720	0.9	0.75	0.923077
721	0.9	0.75	0.923077
722	0.9	0.75	0.884615
723	0.9	0.75	0.884615
724	0.9	0.625	0.846154
725	0.9	0.625	0.884615
726	0.9	0.625	0.884615
727	0.9	0.625	0.846154
728	0.9	0.625	0.884615
729	0.9	0.625	0.846154
730	0.9	0.5	0.769231
731	0.9	0.5	0.807692
732	0.9	0.5	0.769231
733	0.9	0.5	0.807692
734	0.9	0.5	0.769231
735	0.9	0.5	0.730769
736	0.9	0.625	0.884615
737	0.9	0.625	0.846154
738	0.9	0.625	0.846154
739	0.9	0.625	0.884615
740	0.9	0.625	0.884615
741	0.9	0.625	0.846154
742	0.9	0.5	0.807692
743	0.9	0.375	0.769231
744	0.9	0.5	0.846154
745	0.9	0.375	0.807692
746	0.9	0.375	0.807692
747	0.9	0.375	0.730769
748	0.9	0.375	0.769231
749	0.9	0.5	0.769231
750	0.9	0.5	0.846154
751	0.9	0.5	0.846154
752	0.9	0.5	0.807692
753	0.9	0.5	0.769231
754	0.9	0.5	0.769231
755	0.9	0.5	0.769231
756	0.9	0.5	0.730769
757	0.9	0.625	0.807692
758	0.9	0.375	0.692308
759	0.9	0.625	0.807692
760	0.9	0.375	0.692308
761	0.9	0.375	0.730769
762	0.9	0.375	0.615385
763	0.9	0.625	0.846154
764	0.9	0.625	0.769231
765	0.9	0.625	0.846154
766	0.9	0.625	0.846154
767	0.9	0.5	0.807692
768	0.9	0.375	0.730769
769	0.9	0.625	0.846154
770	0.9	0.5	0.807692
771	0.9	0.375	0.730769
772	0.9	0.5	0.769231
773	0.9	0.625	0.807692
774	0.9	0.5	0.769231
775	0.9	0.5	0.730769
776	0.9	0.5	0.769231
777	0.9	0.625	0.769231
778	0.9	0.625	0.807692
779	0.9	0.625	0.846154
780	0.9	0.375	0.692308
781	0.9	0.375	0.692308
782	0.9	0.375	0.615385
783	0.9	0.5	0.692308
784	0.9	0.25	0.538462
785	0.9	0.25	0.576923
786	0.9	0.5	0.730769
787	0.9	0.5	0.730769
788	0.9	0.5	0.653846
789	0.9	0.5	0.615385
790	0.9	0.25	0.5
791	0.9	0.25	0.423077
792	0.9	0.75	0.923077
793	0.9	0.625	0.846154
794	0.9	0.625	0.846154
795	0.9	0.625	0.884615
796	0.9	0.5	0.730769
797	0.9	0.625	0.884615
798	0.9	0.75	0.923077
799	1	0.875	0.961538
800	1	0.75	0.923077
801	0.9	0.75	0.923077
802	0.9	0.625	0.846154
803	1	0.625	0.884615
804	1	0.75	0.923077
805	0.9	0.625	0.846154
806	1	0.625	0.807692
807	1	0.75	0.846154
808	0.9	0.625	0.846154
809	0.9	0.625	0.846154
810	1	0.75	0.846154
811	1	0.625	0.807692
812	0.9	0.5	0.730769
813	1	0.5	0.653846
814	1	0.625	0.692308
815	0.9	0.75	0.923077
816	0.9	0.625	0.884615
817	0.9	0.625	0.846154
818	0.9	0.625	0.846154
819	0.9	0.5	0.730769
820	0.9	0.625	0.807692
821	0.9	0.625	0.807692
822	0.9	0.625	0.769231
823	0.9	0.625	0.846154
824	0.9	0.625	0.846154
825	0.9	0.625	0.846154
826	0.9	0.625	0.807692
827	0.9	0.625	0.769231
828	0.9	0.625	0.807692
829	0.9	0.75	0.923077
830	0.9	0.75	0.923077
831	0.9	0.75	0.884615
832	0.9	0.75	0.923077
833	0.9	0.75	0.884615
834	0.9	0.625	0.846154
835	0.9	0.5	0.692308
836	0.9	0.5	0.730769
837	0.9	0.625	0.884615
838	0.9	0.625	0.846154
839	0.9	0.5	0.653846
840	0.9	0.5	0.615385
841	0.9	0.625	0.846154
842	0.9	0.625	0.884615
843	0.9	0.75	0.923077
844	0.9	0.75	0.923077
845	1	0.75	0.923077
846	0.9	0.625	0.884615
847	1	0.625	0.884615
848	0.9	0.625	0.846154
849	1	0.75	0.923077
850	1	0.625	0.884615
851	1	0.75	0.923077
852	1	0.875	0.961538
853	0.9	0.625	0.884615
854	0.9	0.625	0.846154
855	0.9	0.75	0.923077
856	0.9	0.75	0.923077
857	1	0.75	0.923077
858	1	0.875	0.961538
859	0.9	0.625	0.846154
860	1	0.625	0.884615
861	0.9	0.75	0.923077
862	1	0.75	0.923077
863	0.9	0.75	0.923077
864	0.9	0.625	0.846154
865	0.9	0.625	0.846154
866	0.9	0.625	0.846154
867	0.9	0.75	0.884615
868	0.9	0.75	0.884615
869	0.9	0.75	0.923077
870	0.9	0.75	0.884615
871	0.9	0.75	0.884615
872	0.9	0.75	0.923077
873	1	0.875	0.961538
874	1	0.875	0.923077
875	1	0.875	0.923077
876	1	0.75	0.884615
877	1	0.75	0.923077
878	1	0.75	0.846154
879	1	0.75	0.884615
880	1	0.75	0.884615
881	1	0.75	0.884615
882	1	0.625	0.846154
883	1	0.625	0.846154
884	1	0.625	0.807692
885	0.9	0.625	0.807692
886	0.9	0.625	0.807692
887	0.9	0.625	0.769231
888	0.9	0.625	0.846154
889	1	0.75	0.846154
890	0.9	0.625	0.846154
891	1	0.625	0.807692
892	0.9	0.625	0.846154
893	1	0.625	0.807692
894	1	0.75	0.846154
895	1	0.625	0.692308
896	0.9	0.5	0.730769
897	1	0.5	0.653846
898	0.9	0.625	0.807692
899	0.9	0.625	0.807692
900	0.9	0.625	0.769231
901	0.9	0.625	0.846154
902	1	0.75	0.769231
903	1	0.75	0.846154
904	1	0.75	0.769231
905	1	0.625	0.769231
906	1	0.625	0.692308
907	1	0.625	0.730769
908	1	0.625	0.807692
909	0.9	0.625	0.846154
910	0.9	0.625	0.846154
911	1	0.75	0.846154
912	1	0.625	0.807692
913	0.9	0.625	0.846154
914	0.9	0.625	0.807692
915	0.9	0.625	0.807692
916	0.9	0.625	0.769231
917	1	0.75	0.846154
918	1	0.75	0.769231
919	1	0.75	0.769231
920	1	0.625	0.769231
921	1	0.625	0.692308
922	1	0.625	0.730769
923	1	0.625	0.807692
924	0.9	0.625	0.846154
925	0.9	0.625	0.807692
926	0.9	0.625	0.769231
927	0.9	0.625	0.807692
928	0.9	0.5	0.692308
929	0.9	0.5	0.653846
930	0.9	0.5	0.615385
931	1	0.625	0.692308
932	1	0.5	0.653846
933	1	0.5	0.576923
934	1	0.5	0.538462
935	1	0.5	0.5
936	1	0.625	0.576923
937	1	0.625	0.576923
938	0.9	0.625	0.884615
939	1	0.75	0.923077
940	0.9	0.625	0.846154
941	0.9	0.625	0.884615
942	1	0.625	0.884615
943	1	0.75	0.923077
944	0.9	0.625	0.884615
945	0.9	0.625	0.884615
946	0.9	0.625	0.846154
947	1	0.625	0.884615
948	0.9	0.5	0.846154
949	0.9	0.5	0.846154
950	1	0.5	0.807692
951	0.9	0.5	0.807692
952	0.9	0.375	0.730769
953	0.9	0.5	0.769231
954	0.9	0.5	0.807692
955	1	0.5	0.769231
956	1	0.625	0.807692
957	0.9	0.375	0.730769
958	1	0.375	0.653846
959	0.9	0.5	0.807692
960	0.9	0.375	0.730769
961	0.9	0.5	0.769231
962	1	0.625	0.807692
963	1	0.5	0.769231
964	1	0.375	0.653846
965	0.9	0.5	0.807692
966	0.9	0.375	0.807692
967	0.9	0.25	0.576923
968	0.9	0.5	0.730769
969	1	0.625	0.846154
970	0.9	0.5	0.769231
971	1	0.5	0.807692
972	0.9	0.375	0.769231
973	1	0.375	0.769231
974	1	0.25	0.461538
975	1	0.75	0.884615
976	1	0.75	0.884615
977	1	0.75	0.923077
978	1	0.75	0.923077
979	1	0.75	0.884615
980	1	0.75	0.923077
981	1	0.625	0.846154
982	1	0.625	0.807692
983	1	0.625	0.807692
984	1	0.625	0.769231
985	1	0.625	0.807692
986	1	0.75	0.923077
987	1	0.75	0.884615
988	1	0.75	0.884615
989	1	0.75	0.884615
990	1	0.625	0.846154
991	0.9	0.625	0.846154
992	0.9	0.625	0.846154
993	0.9	0.625	0.807692
994	1	0.625	0.846154
995	0.9	0.625	0.846154
996	0.9	0.625	0.807692
997	0.9	0.625	0.846154
998	0.9	0.5	0.769231
999	1	0.5	0.769231
1000	0.9	0.5	0.692308
1001	0.9	0.5	0.730769
1002	1	0.625	0.884615
1003	1	0.5	0.807692
1004	1	0.625	0.884615
1005	1	0.625	0.884615
1006	1	0.625	0.807692
1007	1	0.625	0.846154
1008	1	0.625	0.884615
1009	1	0.625	0.884615
1010	1	0.625	0.807692
1011	1	0.625	0.884615
1012	1	0.625	0.846154
1013	1	0.5	0.807692
1014	1	0.5	0.730769
1015	1	0.5	0.730769
1016	1	0.5	0.769231
1017	0.9	0.625	0.884615
1018	0.9	0.625	0.884615
1019	0.9	0.625	0.846154
1020	0.9	0.625	0.884615
1021	0.9	0.625	0.884615
1022	0.9	0.625	0.846154
1023	0.9	0.5	0.769231
1024	0.9	0.5	0.807692
1025	0.9	0.5	0.730769
1026	0.9	0.625	0.846154
1027	0.9	0.625	0.807692
1028	0.9	0.625	0.846154
1029	0.9	0.625	0.846154
1030	0.9	0.625	0.846154
1031	0.9	0.625	0.769231
1032	0.9	0.625	0.884615
1033	0.9	0.625	0.884615
1034	0.9	0.625	0.884615
1035	0.9	0.625	0.846154
1036	0.9	0.625	0.846154
1037	0.9	0.625	0.884615
1038	0.9	0.625	0.846154
1039	0.9	0.625	0.846154
1040	0.9	0.625	0.884615
1041	0.9	0.625	0.884615
1042	0.9	0.625	0.846154
1043	0.9	0.625	0.846154
1044	0.9	0.625	0.846154
1045	0.9	0.625	0.884615
1046	0.9	0.625	0.846154
1047	0.9	0.625	0.807692
1048	0.9	0.625	0.769231
1049	0.9	0.5	0.769231
1050	0.9	0.5	0.769231
1051	0.9	0.5	0.730769
1052	0.9	0.5	0.769231
1053	0.9	0.5	0.730769
1054	0.9	0.5	0.692308
1055	0.9	0.5	0.692308
1056	0.9	0.5	0.653846
1057	0.9	0.5	0.692308
1058	0.9	0.5	0.615385
1059	1	0.375	0.769231
1060	0.9	0.375	0.807692
1061	0.9	0.375	0.769231
1062	0.9	0.5	0.846154
1063	0.9	0.5	0.846154
1064	1	0.5	0.807692
1065	0.9	0.375	0.730769
1066	0.9	0.375	0.769231
1067	0.9	0.375	0.769231
1068	0.9	0.375	0.730769
1069	1	0.375	0.730769
1070	0.9	0.375	0.692308
1071	1	0.375	0.692308
1072	1	0.375	0.769231
1073	0.9	0.375	0.769231
1074	1	0.375	0.653846
1075	0.9	0.375	0.692308
1076	0.9	0.5	0.807692
1077	0.9	0.5	0.846154
1078	0.9	0.5	0.846154
1079	0.9	0.5	0.769231
1080	0.9	0.5	0.846154
1081	0.9	0.5	0.807692
1082	0.9	0.5	0.769231
1083	0.9	0.5	0.846154
1084	1	0.5	0.807692
1085	1	0.5	0.807692
1086	1	0.5	0.730769
1087	1	0.5	0.692308
1088	0.9	0.5	0.769231
1089	0.9	0.5	0.769231
1090	1	0.625	0.769231
1091	0.9	0.5	0.730769
1092	1	0.5	0.730769
1093	1	0.5	0.730769
1094	0.9	0.5	0.769231
1095	0.9	0.5	0.730769
1096	0.9	0.5	0.769231
1097	0.9	0.5	0.769231
1098	0.9	0.5	0.692308
1099	0.9	0.5	0.769231
1100	0.9	0.5	0.692308
1101	1	0.625	0.730769
1102	1	0.5	0.692308
1103	0.9	0.5	0.730769
1104	0.9	0.5	0.730769
1105	1	0.5	0.769231
1106	0.9	0.5	0.807692
1107	1	0.625	0.807692
1108	0.9	0.5	0.769231
1109	0.9	0.5	0.807692
1110	0.9	0.5	0.807692
1111	0.9	0.5	0.769231
1112	1	0.5	0.653846
1113	1	0.5	0.769231
1114	1	0.625	0.807692
1115	1	0.625	0.730769
1116	0.9	0.375	0.692308
1117	0.9	0.375	0.730769
1118	0.9	0.375	0.692308
1119	0.9	0.375	0.730769
1120	0.9	0.375	0.615385
1121	0.9	0.375	0.730769
1122	1	0.375	0.653846
1123	0.9	0.5	0.807692
1124	0.9	0.5	0.769231
1125	1	0.625	0.807692
1126	1	0.5	0.769231
1127	0.9	0.375	0.730769
1128	0.9	0.375	0.730769
1129	1	0.375	0.653846
1130	1	0.375	0.653846
1131	0.9	0.375	0.692308
1132	1	0.375	0.615385
1133	0.9	0.375	0.692308
1134	0.9	0.375	0.615385
1135	1	0.375	0.538462
1136	1	0.375	0.5
1137	0.9	0.5	0.769231
1138	0.9	0.5	0.769231
1139	0.9	0.5	0.769231
1140	0.9	0.5	0.730769
1141	0.9	0.375	0.692308
1142	0.9	0.375	0.692308
1143	0.9	0.375	0.615385
1144	0.9	0.5	0.730769
1145	0.9	0.5	0.692308
1146	0.9	0.5	0.730769
1147	0.9	0.5	0.692308
1148	1	0.625	0.769231
1149	1	0.5	0.730769
1150	1	0.5	0.730769
1151	1	0.625	0.730769
1152	1	0.625	0.730769
1153	1	0.5	0.653846
1154	1	0.5	0.692308
1155	1	0.375	0.615385
1156	1	0.375	0.538462
1157	1	0.375	0.5
1158	1	0.25	0.461538
1159	0.9	0.25	0.5
1160	1	0.25	0.384615
1161	0.9	0.25	0.423077
1162	0.9	0.25	0.538462
1163	1	0.25	0.269231
1164	1	0.25	0.307692
1165	0.9	0.5	0.807692
1166	0.9	0.5	0.807692
1167	0.9	0.5	0.846154
1168	0.9	0.5	0.807692
1169	0.9	0.5	0.807692
1170	0.9	0.5	0.807692
1171	1	0.625	0.884615
1172	1	0.5	0.846154
1173	0.9	0.5	0.807692
1174	1	0.625	0.846154
1175	1	0.625	0.846154
1176	0.9	0.5	0.769231
1177	0.9	0.5	0.769231
1178	1	0.5	0.807692
1179	1	0.5	0.769231
1180	0.9	0.5	0.730769
1181	0.9	0.625	0.846154
1182	0.9	0.625	0.884615
1183	0.9	0.625	0.884615
1184	1	0.75	0.923077
1185	1	0.625	0.884615
1186	0.9	0.625	0.846154
1187	0.9	0.625	0.884615
1188	0.9	0.625	0.884615
1189	1	0.75	0.884615
1190	1	0.75	0.923077
1191	0.9	0.625	0.884615
1192	0.9	0.625	0.846154
1193	1	0.625	0.884615
1194	1	0.625	0.807692
1195	0.9	0.625	0.846154
1196	0.9	0.625	0.884615
1197	0.9	0.625	0.846154
1198	0.9	0.625	0.884615
1199	0.9	0.625	0.884615
1200	0.9	0.625	0.884615
1201	0.9	0.625	0.846154
1202	0.9	0.625	0.846154
1203	0.9	0.625	0.846154
1204	0.9	0.625	0.884615
1205	0.9	0.625	0.846154
1206	0.9	0.625	0.884615
1207	0.9	0.625	0.846154
1208	0.9	0.625	0.807692
1209	0.9	0.625	0.846154
1210	0.9	0.625	0.846154
1211	0.9	0.625	0.846154
1212	0.9	0.625	0.846154
1213	0.9	0.625	0.846154
1214	0.9	0.625	0.769231
1215	0.9	0.625	0.884615
1216	0.9	0.625	0.884615
1217	0.9	0.625	0.846154
1218	0.9	0.625	0.884615
1219	0.9	0.625	0.884615
1220	0.9	0.625	0.846154
1221	1	0.75	0.884615
1222	1	0.625	0.846154
1223	0.9	0.625	0.846154
1224	0.9	0.625	0.807692
1225	1	0.625	0.846154
1226	1	0.75	0.884615
1227	0.9	0.625	0.846154
1228	0.9	0.625	0.884615
1229	0.9	0.625	0.846154
1230	1	0.625	0.884615
1231	1	0.75	0.923077
1232	0.9	0.625	0.846154
1233	0.9	0.625	0.884615
1234	0.9	0.625	0.884615
1235	1	0.75	0.923077
1236	1	0.75	0.884615
1237	1	0.625	0.884615
1238	0.9	0.625	0.846154
1239	1	0.625	0.884615
1240	1	0.625	0.807692
1241	0.9	0.625	0.846154
1242	0.9	0.625	0.769231
1243	1	0.625	0.846154
1244	1	0.625	0.884615
1245	1	0.625	0.884615
1246	1	0.625	0.846154
1247	1	0.625	0.884615
1248	1	0.625	0.807692
1249	0.9	0.625	0.846154
1250	0.9	0.625	0.884615
1251	0.9	0.625	0.846154
1252	0.9	0.625	0.884615
1253	0.9	0.625	0.846154
1254	0.9	0.625	0.884615
1255	0.9	0.625	0.884615
1256	0.9	0.625	0.846154
1257	0.9	0.625	0.884615
1258	1	0.75	0.923077
1259	0.9	0.625	0.846154
1260	1	0.75	0.884615
1261	1	0.75	0.884615
1262	1	0.75	0.923077
1263	1	0.75	0.884615
1264	0.9	0.625	0.807692
1265	0.9	0.625	0.769231
1266	0.9	0.625	0.846154
1267	0.9	0.625	0.884615
1268	0.9	0.625	0.846154
1269	0.9	0.625	0.846154
1270	0.9	0.625	0.846154
1271	1	0.625	0.807692
1272	0.9	0.625	0.846154
1273	0.9	0.625	0.846154
1274	1	0.625	0.807692
1275	1	0.625	0.807692
1276	1	0.625	0.692308
1277	0.9	0.625	0.846154
1278	0.9	0.625	0.846154
1279	1	0.75	0.884615
1280	0.9	0.625	0.769231
1281	0.9	0.625	0.769231
1282	1	0.75	0.807692
1283	0.9	0.625	0.807692
1284	0.9	0.625	0.846154
1285	1	0.75	0.846154
1286	1	0.75	0.884615
1287	0.9	0.625	0.807692
1288	0.9	0.625	0.846154
1289	0.9	0.625	0.846154
1290	0.9	0.625	0.884615
1291	0.9	0.625	0.884615
1292	0.9	0.625	0.884615
1293	0.9	0.625	0.846154
1294	0.9	0.625	0.846154
1295	1	0.625	0.884615
1296	0.9	0.625	0.846154
1297	0.9	0.625	0.884615
1298	1	0.75	0.884615
1299	1	0.625	0.846154
1300	0.9	0.625	0.846154
1301	0.9	0.625	0.807692
1302	1	0.625	0.807692
1303	1	0.625	0.884615
1304	1	0.625	0.884615
1305	1	0.625	0.846154
1306	1	0.75	0.884615
1307	1	0.75	0.923077
1308	1	0.75	0.923077
1309	1	0.75	0.884615
1310	0.9	0.625	0.846154
1311	0.9	0.625	0.884615
1312	0.9	0.625	0.846154
1313	0.9	0.625	0.884615
1314	0.9	0.625	0.846154
1315	0.9	0.625	0.769231
1316	0.9	0.625	0.846154
1317	1	0.5	0.846154
1318	0.9	0.5	0.846154
1319	0.9	0.5	0.807692
1320	0.9	0.5	0.807692
1321	0.9	0.5	0.807692
1322	0.9	0.5	0.807692
1323	1	0.5	0.846154
1324	0.9	0.5	0.807692
1325	0.9	0.5	0.846154
1326	0.9	0.5	0.807692
1327	0.9	0.5	0.807692
1328	0.9	0.5	0.807692
1329	1	0.5	0.769231
1330	0.9	0.5	0.769231
1331	1	0.5	0.807692
1332	0.9	0.5	0.769231
1333	0.9	0.5	0.730769
1334	1	0.5	0.846154
1335	1	0.5	0.807692
1336	1	0.5	0.769231
1337	1	0.5	0.730769
1338	1	0.5	0.769231
1339	1	0.5	0.807692
1340	1	0.5	0.807692
1341	1	0.5	0.769231
1342	1	0.5	0.807692
1343	1	0.5	0.807692
1344	1	0.5	0.730769
1345	1	0.5	0.769231
1346	1	0.5	0.807692
1347	1	0.5	0.807692
1348	0.9	0.5	0.769231
1349	0.9	0.5	0.730769
1350	0.9	0.5	0.769231
1351	0.9	0.5	0.807692
1352	0.9	0.5	0.769231
1353	0.9	0.5	0.692308
1354	0.9	0.5	0.730769
1355	0.9	0.5	0.615385
1356	0.9	0.5	0.692308
1357	0.9	0.5	0.692308
1358	1	0.625	0.769231
1359	0.9	0.5	0.730769
1360	0.9	0.5	0.730769
1361	1	0.625	0.807692
1362	0.9	0.5	0.769231
1363	0.9	0.5	0.769231
1364	0.9	0.5	0.769231
1365	1	0.625	0.846154
1366	0.9	0.5	0.769231
1367	1	0.625	0.807692
1368	0.9	0.5	0.730769
1369	1	0.625	0.807692
1370	0.9	0.5	0.692308
1371	1	0.625	0.846154
1372	0.9	0.5	0.807692
1373	0.9	0.5	0.769231
1374	0.9	0.5	0.769231
1375	0.9	0.5	0.769231
1376	0.9	0.5	0.769231
1377	0.9	0.5	0.730769
1378	1	0.625	0.807692
1379	1	0.625	0.846154
1380	1	0.5	0.730769
1381	0.9	0.5	0.769231
1382	0.9	0.5	0.807692
1383	0.9	0.5	0.769231
1384	1	0.625	0.807692
1385	1	0.625	0.846154
1386	1	0.625	0.846154
1387	1	0.625	0.884615
1388	1	0.625	0.846154
1389	1	0.625	0.846154
1390	1	0.625	0.846154
1391	1	0.625	0.846154
1392	1	0.625	0.846154
1393	1	0.625	0.769231
1394	0.9	0.5	0.769231
1395	0.9	0.5	0.769231
1396	0.9	0.5	0.807692
1397	0.9	0.5	0.730769
1398	0.9	0.5	0.769231
1399	0.9	0.5	0.692308
1400	0.9	0.5	0.769231
1401	0.9	0.5	0.692308
1402	0.9	0.5	0.769231
1403	0.9	0.5	0.730769
1404	0.9	0.5	0.769231
1405	0.9	0.5	0.807692
1406	0.9	0.5	0.807692
1407	0.9	0.5	0.730769
1408	0.9	0.5	0.807692
1409	0.9	0.5	0.807692
1410	0.9	0.5	0.769231
1411	0.9	0.5	0.730769
1412	0.9	0.5	0.769231
1413	0.9	0.5	0.807692
1414	0.9	0.5	0.730769
1415	0.9	0.5	0.807692
1416	0.9	0.5	0.807692
1417	0.9	0.5	0.807692
1418	1	0.5	0.653846
1419	1	0.5	0.769231
1420	0.9	0.5	0.730769
1421	0.9	0.5	0.769231
1422	0.9	0.5	0.807692
1423	0.9	0.5	0.769231
1424	0.9	0.5	0.807692
1425	1	0.5	0.769231
1426	1	0.625	0.807692
1427	0.9	0.5	0.692308
1428	0.9	0.5	0.692308
1429	0.9	0.5	0.730769
1430	0.9	0.5	0.769231
1431	0.9	0.5	0.730769
1432	0.9	0.5	0.692308
1433	0.9	0.5	0.769231
1434	0.9	0.5	0.692308
1435	0.9	0.5	0.807692
1436	1	0.625	0.807692
1437	1	0.5	0.769231
1438	1	0.5	0.730769
1439	1	0.5	0.692308
1440	1	0.5	0.730769
1441	1	0.5	0.653846
1442	0.9	0.5	0.730769
1443	1	0.625	0.730769
1444	1	0.625	0.769231
1445	0.9	0.5	0.769231
1446	1	0.625	0.730769
1447	0.9	0.5	0.769231
1448	0.9	0.5	0.769231
1449	0.9	0.5	0.769231
1450	0.9	0.5	0.769231
1451	1	0.5	0.730769
1452	1	0.625	0.769231
1453	0.9	0.5	0.807692
1454	0.9	0.5	0.769231
1455	0.9	0.5	0.769231
1456	0.9	0.5	0.730769
1457	0.9	0.5	0.769231
1458	0.9	0.5	0.769231
1459	0.9	0.5	0.807692
1460	0.9	0.5	0.730769
1461	1	0.5	0.769231
1462	1	0.625	0.807692
1463	1	0.625	0.730769
1464	1	0.625	0.730769
1465	1	0.5	0.730769
1466	1	0.5	0.653846
1467	1	0.5	0.692308
1468	0.9	0.5	0.730769
1469	0.9	0.5	0.807692
1470	0.9	0.5	0.807692
1471	0.9	0.5	0.730769
1472	0.9	0.5	0.730769
1473	0.9	0.5	0.807692
1474	0.9	0.5	0.807692
1475	0.9	0.5	0.730769
1476	0.9	0.5	0.769231
1477	0.9	0.5	0.692308
1478	0.9	0.5	0.615385
1479	0.9	0.5	0.692308
1480	0.9	0.5	0.769231
1481	0.9	0.5	0.769231
1482	0.9	0.5	0.730769
1483	0.9	0.5	0.807692
1484	0.9	0.5	0.730769
1485	0.9	0.5	0.769231
1486	0.9	0.5	0.692308
1487	0.9	0.5	0.769231
1488	0.9	0.5	0.769231
1489	0.9	0.5	0.730769
1490	0.9	0.5	0.692308
1491	0.9	0.5	0.615385
1492	1	0.5	0.769231
1493	0.9	0.5	0.807692
1494	0.9	0.5	0.730769
1495	1	0.625	0.730769
1496	1	0.625	0.807692
1497	0.9	0.5	0.769231
1498	1	0.5	0.653846
1499	0.9	0.5	0.769231
1500	1	0.5	0.769231
1501	1	0.625	0.807692
1502	0.9	0.5	0.807692
1503	0.9	0.5	0.807692
1504	0.9	0.5	0.730769
1505	0.9	0.5	0.730769
1506	1	0.625	0.730769
1507	1	0.5	0.653846
1508	0.9	0.5	0.807692
1509	0.9	0.5	0.769231
1510	0.9	0.5	0.730769
1511	0.9	0.5	0.769231
1512	0.9	0.5	0.807692
1513	0.9	0.5	0.769231
1514	0.9	0.5	0.807692
1515	0.9	0.5	0.730769
1516	0.9	0.5	0.769231
1517	0.9	0.5	0.769231
1518	0.9	0.5	0.807692
1519	0.9	0.5	0.769231
1520	0.9	0.5	0.730769
1521	0.9	0.5	0.730769
1522	0.9	0.5	0.692308
1523	0.9	0.5	0.692308
1524	0.9	0.5	0.615385
1525	0.9	0.5	0.807692
1526	0.9	0.5	0.730769
1527	0.9	0.5	0.807692
1528	0.9	0.5	0.807692
1529	0.9	0.5	0.730769
1530	1	0.625	0.807692
1531	0.9	0.5	0.769231
1532	1	0.5	0.769231
1533	1	0.625	0.730769
1534	1	0.5	0.653846
1535	1	0.5	0.769231
1536	1	0.5	0.769231
1537	1	0.625	0.807692
1538	0.9	0.5	0.769231
1539	0.9	0.5	0.769231
1540	1	0.625	0.807692
1541	1	0.5	0.653846
1542	1	0.625	0.730769
1543	0.9	0.5	0.807692
1544	0.9	0.5	0.769231
1545	0.9	0.5	0.769231
1546	0.9	0.5	0.769231
1547	0.9	0.5	0.730769
1548	0.9	0.5	0.769231
1549	0.9	0.5	0.769231
1550	0.9	0.5	0.730769
1551	0.9	0.5	0.769231
1552	0.9	0.5	0.769231
1553	0.9	0.5	0.692308
1554	0.9	0.5	0.692308
1555	0.9	0.5	0.807692
1556	0.9	0.5	0.730769
1557	0.9	0.5	0.692308
1558	0.9	0.5	0.615385
1559	0.9	0.5	0.692308
1560	0.9	0.5	0.769231
1561	0.9	0.5	0.769231
1562	0.9	0.5	0.730769
1563	0.9	0.5	0.615385
1564	1	0.5	0.730769
1565	1	0.625	0.769231
1566	1	0.5	0.692308
1567	1	0.5	0.730769
1568	1	0.5	0.653846
1569	0.9	0.5	0.692308
1570	0.9	0.5	0.730769
1571	0.9	0.5	0.692308
1572	1	0.625	0.730769
1573	1	0.625	0.730769
1574	1	0.625	0.653846
1575	1	0.625	0.615385
1576	1	0.5	0.615385
1577	1	0.5	0.5
1578	0.9	0.5	0.769231
1579	1	0.625	0.807692
1580	1	0.5	0.769231
1581	1	0.625	0.769231
1582	1	0.5	0.730769
1583	0.9	0.5	0.692308
1584	0.9	0.5	0.730769
1585	0.9	0.5	0.692308
1586	1	0.5	0.730769
1587	1	0.5	0.692308
1588	1	0.5	0.653846
1589	1	0.625	0.730769
1590	1	0.625	0.730769
1591	1	0.625	0.807692
1592	1	0.625	0.730769
1593	0.9	0.5	0.769231
1594	1	0.5	0.769231
1595	1	0.5	0.653846
1596	1	0.625	0.769231
1597	1	0.5	0.730769
1598	1	0.5	0.730769
1599	0.9	0.5	0.730769
1600	1	0.625	0.730769
1601	1	0.625	0.730769
1602	0.9	0.5	0.692308
1603	0.9	0.5	0.692308
1604	1	0.5	0.692308
1605	1	0.5	0.653846
1606	1	0.5	0.615385
1607	1	0.625	0.653846
1608	1	0.625	0.615385
1609	1	0.5	0.5
1610	0.9	0.375	0.653846
1611	1	0.375	0.576923
1612	1	0.5	0.615385
1613	0.9	0.375	0.653846
1614	0.9	0.375	0.576923
1615	0.9	0.375	0.538462
1616	0.9	0.375	0.576923
1617	1	0.5	0.653846
1618	1	0.375	0.615385
1619	0.9	0.375	0.576923
1620	0.9	0.375	0.615385
1621	0.9	0.375	0.653846
1622	1	0.5	0.538462
1623	1	0.375	0.5
1624	1	0.375	0.538462
1625	1	0.375	0.461538
1626	1	0.5	0.538462
1627	0.9	0.375	0.653846
1628	0.9	0.375	0.538462
1629	0.9	0.375	0.576923
1630	0.9	0.375	0.692308
1631	0.9	0.375	0.576923
1632	0.9	0.375	0.653846
1633	0.9	0.375	0.615385
1634	0.9	0.375	0.576923
1635	0.9	0.375	0.5
1636	0.9	0.375	0.423077
1637	1	0.5	0.538462
1638	1	0.375	0.461538
1639	0.9	0.375	0.538462
1640	0.9	0.375	0.576923
1641	0.9	0.375	0.5
1642	0.9	0.375	0.423077
1643	0.9	0.375	0.576923
1644	0.9	0.375	0.538462
1645	0.9	0.375	0.653846
1646	0.9	0.375	0.576923
1647	1	0.375	0.576923
1648	1	0.5	0.615385
1649	1	0.5	0.653846
1650	1	0.375	0.615385
1651	1	0.375	0.538462
1652	1	0.5	0.538462
1653	1	0.5	0.538462
1654	1	0.375	0.5
1655	1	0.375	0.461538
1656	1	0.5	0.538462
1657	1	0.375	0.461538
1658	1	0.5	0.423077
1659	1	0.5	0.384615
1660	1	0.375	0.384615
1661	1	0.375	0.269231
1662	0.9	0.5	0.846154
1663	0.9	0.5	0.846154
1664	0.9	0.5	0.846154
1665	0.9	0.5	0.807692
1666	0.9	0.5	0.807692
1667	0.9	0.5	0.807692
1668	0.9	0.5	0.807692
1669	0.9	0.375	0.769231
1670	0.9	0.375	0.807692
1671	0.9	0.375	0.807692
1672	0.9	0.375	0.807692
1673	0.9	0.375	0.769231
1674	0.9	0.375	0.730769
1675	1	0.375	0.730769
1676	0.9	0.375	0.769231
1677	1	0.375	0.769231
1678	0.9	0.375	0.769231
1679	0.9	0.375	0.807692
1680	0.9	0.375	0.807692
1681	1	0.375	0.769231
1682	0.9	0.375	0.769231
1683	0.9	0.375	0.807692
1684	0.9	0.375	0.730769
1685	0.9	0.375	0.769231
1686	0.9	0.375	0.769231
1687	0.9	0.375	0.692308
1688	0.9	0.375	0.692308
1689	1	0.375	0.769231
1690	1	0.375	0.692308
1691	1	0.375	0.653846
1692	0.9	0.5	0.807692
1693	1	0.625	0.884615
1694	1	0.5	0.846154
1695	0.9	0.5	0.807692
1696	0.9	0.5	0.846154
1697	0.9	0.5	0.730769
1698	0.9	0.5	0.807692
1699	0.9	0.5	0.807692
1700	0.9	0.5	0.769231
1701	0.9	0.5	0.769231
1702	1	0.625	0.884615
1703	1	0.625	0.846154
1704	1	0.625	0.846154
1705	1	0.625	0.846154
1706	1	0.625	0.846154
1707	0.9	0.5	0.769231
1708	0.9	0.5	0.807692
1709	1	0.5	0.807692
1710	0.9	0.5	0.846154
1711	0.9	0.5	0.807692
1712	0.9	0.5	0.846154
1713	0.9	0.5	0.807692
1714	0.9	0.5	0.807692
1715	1	0.5	0.807692
1716	0.9	0.5	0.769231
1717	0.9	0.5	0.807692
1718	1	0.5	0.846154
1719	0.9	0.5	0.769231
1720	1	0.5	0.807692
1721	1	0.5	0.846154
1722	0.9	0.5	0.807692
1723	0.9	0.5	0.730769
1724	1	0.5	0.769231
1725	0.9	0.5	0.846154
1726	0.9	0.5	0.846154
1727	0.9	0.375	0.807692
1728	0.9	0.5	0.807692
1729	0.9	0.5	0.807692
1730	0.9	0.5	0.807692
1731	0.9	0.5	0.807692
1732	0.9	0.375	0.730769
1733	0.9	0.5	0.846154
1734	0.9	0.5	0.807692
1735	0.9	0.5	0.807692
1736	0.9	0.375	0.807692
1737	0.9	0.375	0.730769
1738	0.9	0.5	0.807692
1739	0.9	0.5	0.846154
1740	0.9	0.5	0.807692
1741	0.9	0.5	0.769231
1742	0.9	0.5	0.807692
1743	0.9	0.5	0.769231
1744	0.9	0.375	0.769231
1745	0.9	0.5	0.807692
1746	0.9	0.5	0.769231
1747	0.9	0.5	0.769231
1748	0.9	0.375	0.692308
1749	0.9	0.5	0.807692
1750	0.9	0.5	0.846154
1751	0.9	0.5	0.807692
1752	0.9	0.5	0.730769
1753	0.9	0.5	0.769231
1754	0.9	0.5	0.807692
1755	0.9	0.5	0.769231
1756	0.9	0.5	0.807692
1757	0.9	0.5	0.807692
1758	0.9	0.5	0.730769
1759	0.9	0.375	0.807692
1760	0.9	0.5	0.807692
1761	0.9	0.5	0.807692
1762	0.9	0.5	0.807692
1763	0.9	0.375	0.769231
1764	0.9	0.375	0.730769
1765	0.9	0.375	0.730769
1766	0.9	0.375	0.615385
1767	0.9	0.5	0.769231
1768	0.9	0.5	0.730769
1769	0.9	0.5	0.769231
1770	0.9	0.5	0.730769
1771	1	0.5	0.807692
1772	1	0.5	0.846154
1773	1	0.5	0.846154
1774	1	0.5	0.807692
1775	1	0.625	0.846154
1776	1	0.625	0.846154
1777	1	0.625	0.884615
1778	1	0.625	0.884615
1779	1	0.625	0.846154
1780	1	0.625	0.846154
1781	0.9	0.5	0.807692
1782	0.9	0.5	0.807692
1783	0.9	0.5	0.846154
1784	0.9	0.5	0.807692
1785	0.9	0.5	0.769231
1786	0.9	0.5	0.807692
1787	1	0.5	0.769231
1788	0.9	0.5	0.730769
1789	0.9	0.5	0.807692
1790	0.9	0.5	0.807692
1791	0.9	0.5	0.846154
1792	1	0.5	0.769231
1793	0.9	0.5	0.769231
1794	0.9	0.5	0.807692
1795	0.9	0.5	0.807692
1796	0.9	0.5	0.730769
1797	0.9	0.375	0.769231
1798	0.9	0.375	0.807692
1799	1	0.375	0.769231
1800	0.9	0.375	0.730769
1801	1	0.375	0.653846
1802	1	0.5	0.769231
1803	1	0.5	0.730769
1804	1	0.5	0.730769
1805	1	0.5	0.807692
1806	1	0.5	0.807692
1807	1	0.5	0.807692
1808	1	0.5	0.846154
1809	1	0.5	0.807692
1810	1	0.5	0.769231
1811	1	0.5	0.846154
1812	1	0.5	0.807692
1813	1	0.5	0.807692
1814	1	0.5	0.769231
1815	1	0.5	0.846154
1816	1	0.5	0.807692
1817	1	0.5	0.807692
1818	1	0.5	0.846154
1819	1	0.5	0.769231
1820	1	0.5	0.807692
1821	1	0.5	0.807692
1822	1	0.5	0.730769
1823	1	0.5	0.730769
1824	0.9	0.5	0.807692
1825	1	0.5	0.769231
1826	0.9	0.5	0.769231
1827	0.9	0.5	0.807692
1828	0.9	0.5	0.730769
1829	0.9	0.5	0.807692
1830	0.9	0.5	0.807692
1831	0.9	0.5	0.846154
1832	1	0.5	0.769231
1833	0.9	0.5	0.807692
1834	0.9	0.5	0.769231
1835	0.9	0.5	0.807692
1836	0.9	0.5	0.807692
1837	0.9	0.5	0.846154
1838	0.9	0.5	0.807692
1839	0.9	0.5	0.730769
1840	1	0.625	0.846154
1841	1	0.625	0.846154
1842	1	0.625	0.807692
1843	1	0.625	0.807692
1844	0.9	0.5	0.807692
1845	0.9	0.5	0.769231
1846	0.9	0.5	0.769231
1847	0.9	0.5	0.769231
1848	0.9	0.5	0.692308
1849	0.9	0.5	0.807692
1850	0.9	0.5	0.769231
1851	0.9	0.5	0.769231
1852	0.9	0.5	0.769231
1853	0.9	0.5	0.692308
1854	1	0.625	0.807692
1855	1	0.625	0.807692
1856	1	0.625	0.769231
1857	1	0.625	0.769231
1858	1	0.625	0.807692
1859	1	0.625	0.846154
1860	1	0.625	0.846154
1861	1	0.625	0.807692
1862	0.9	0.5	0.769231
1863	1	0.5	0.769231
1864	0.9	0.5	0.807692
1865	0.9	0.5	0.769231
1866	0.9	0.5	0.807692
1867	1	0.5	0.769231
1868	1	0.5	0.730769
1869	1	0.5	0.653846
1870	0.9	0.5	0.769231
1871	0.9	0.5	0.730769
1872	0.9	0.5	0.692308
1873	0.9	0.5	0.730769
1874	0.9	0.5	0.692308
1875	0.9	0.5	0.769231
1876	1	0.5	0.653846
1877	1	0.5	0.730769
1878	0.9	0.5	0.730769
1879	0.9	0.5	0.692308
1880	0.9	0.5	0.730769
1881	0.9	0.5	0.692308
1882	0.9	0.5	0.769231
1883	0.9	0.5	0.769231
1884	1	0.625	0.846154
1885	1	0.625	0.846154
1886	1	0.625	0.884615
1887	1	0.625	0.807692
1888	1	0.625	0.846154
1889	1	0.625	0.769231
1890	1	0.625	0.846154
1891	1	0.625	0.846154
1892	1	0.625	0.884615
1893	1	0.625	0.807692
1894	1	0.625	0.769231
1895	1	0.625	0.846154
1896	1	0.625	0.846154
1897	1	0.625	0.846154
1898	0.9	0.5	0.769231
1899	0.9	0.5	0.807692
1900	0.9	0.5	0.769231
1901	0.9	0.5	0.807692
1902	0.9	0.5	0.807692
1903	0.9	0.5	0.730769
1904	0.9	0.5	0.769231
1905	0.9	0.5	0.807692
1906	0.9	0.5	0.730769
1907	0.9	0.5	0.807692
1908	0.9	0.5	0.769231
1909	0.9	0.5	0.807692
1910	0.9	0.5	0.807692
1911	0.9	0.5	0.846154
1912	0.9	0.5	0.807692
1913	0.9	0.5	0.769231
1914	0.9	0.5	0.730769
1915	0.9	0.5	0.807692
1916	0.9	0.5	0.769231
1917	0.9	0.5	0.807692
1918	0.9	0.5	0.730769
1919	0.9	0.5	0.807692
1920	0.9	0.5	0.769231
1921	0.9	0.5	0.730769
1922	0.9	0.5	0.615385
1923	0.9	0.5	0.730769
1924	0.9	0.5	0.730769
1925	0.9	0.5	0.730769
1926	0.9	0.5	0.807692
1927	0.9	0.5	0.615385
1928	0.9	0.5	0.769231
1929	0.9	0.375	0.807692
1930	0.9	0.375	0.769231
1931	1	0.375	0.769231
1932	0.9	0.375	0.730769
1933	1	0.375	0.653846
1934	1	0.375	0.5
1935	1	0.375	0.653846
1936	0.9	0.375	0.730769
1937	0.9	0.375	0.615385
1938	0.9	0.375	0.692308
1939	1	0.375	0.692308
1940	1	0.375	0.653846
1941	1	0.375	0.730769
1942	1	0.375	0.769231
1943	0.9	0.375	0.730769
1944	0.9	0.375	0.692308
1945	0.9	0.375	0.807692
1946	0.9	0.375	0.769231
1947	0.9	0.375	0.769231
1948	0.9	0.375	0.769231
1949	0.9	0.375	0.692308
1950	1	0.5	0.769231
1951	1	0.5	0.692308
1952	1	0.5	0.769231
1953	1	0.5	0.730769
1954	1	0.5	0.769231
1955	1	0.5	0.769231
1956	1	0.5	0.769231
1957	1	0.5	0.730769
1958	1	0.5	0.730769
1959	1	0.5	0.692308
1960	1	0.5	0.730769
1961	1	0.5	0.692308
1962	1	0.5	0.692308
1963	1	0.5	0.692308
1964	1	0.5	0.615385
1965	0.9	0.375	0.653846
1966	0.9	0.375	0.538462
1967	0.9	0.375	0.615385
1968	1	0.375	0.653846
1969	0.9	0.375	0.692308
1970	0.9	0.375	0.692308
1971	0.9	0.375	0.653846
1972	1	0.375	0.730769
1973	0.9	0.375	0.653846
1974	0.9	0.375	0.576923
1975	0.9	0.375	0.615385
1976	0.9	0.375	0.692308
1977	0.9	0.375	0.653846
1978	1	0.375	0.692308
1979	0.9	0.375	0.692308
1980	0.9	0.375	0.730769
1981	0.9	0.375	0.692308
1982	0.9	0.375	0.653846
1983	1	0.375	0.692308
1984	1	0.375	0.576923
1985	1	0.375	0.615385
1986	1	0.375	0.653846
1987	0.9	0.375	0.615385
1988	0.9	0.375	0.692308
1989	0.9	0.375	0.615385
1990	0.9	0.375	0.615385
1991	0.9	0.375	0.653846
1992	0.9	0.375	0.538462
1993	0.9	0.375	0.576923
1994	1	0.375	0.769231
1995	1	0.375	0.692308
1996	1	0.375	0.692308
1997	1	0.375	0.730769
1998	1	0.375	0.730769
1999	0.9	0.375	0.653846
2000	0.9	0.375	0.692308
2001	0.9	0.375	0.653846
2002	0.9	0.375	0.730769
2003	0.9	0.375	0.653846
2004	0.9	0.375	0.692308
2005	0.9	0.375	0.730769
2006	0.9	0.375	0.692308
2007	0.9	0.375	0.653846
2008	0.9	0.375	0.653846
2009	0.9	0.375	0.615385
2010	0.9	0.375	0.653846
2011	0.9	0.375	0.576923
2012	0.9	0.375	0.653846
2013	0.9	0.375	0.653846
2014	0.9	0.375	0.576923
2015	0.9	0.375	0.538462
2016	1	0.375	0.653846
2017	1	0.375	0.692308
2018	1	0.375	0.692308
2019	1	0.375	0.576923
2020	1	0.375	0.615385
2021	0.9	0.375	0.653846
2022	0.9	0.375	0.538462
2023	0.9	0.375	0.692308
2024	0.9	0.375	0.576923
2025	0.9	0.375	0.576923
2026	0.9	0.375	0.653846
2027	0.9	0.375	0.576923
2028	0.9	0.375	0.423077
2029	0.9	0.25	0.730769
2030	0.9	0.25	0.692308
2031	0.9	0.25	0.653846
2032	0.9	0.25	0.615385
2033	0.9	0.25	0.576923
2034	0.9	0.25	0.653846
2035	0.9	0.25	0.653846
2036	0.9	0.25	0.692308
2037	0.9	0.25	0.615385
2038	0.9	0.25	0.692308
2039	0.9	0.25	0.653846
2040	0.9	0.25	0.538462
2041	0.9	0.25	0.653846
2042	0.9	0.25	0.615385
2043	0.9	0.25	0.615385
2044	0.9	0.25	0.692308
2045	0.9	0.25	0.730769
2046	0.9	0.25	0.692308
2047	1	0.25	0.692308
2048	0.9	0.25	0.653846
2049	0.9	0.25	0.730769
2050	1	0.25	0.730769
2051	1	0.25	0.615385
2052	0.9	0.25	0.653846
2053	1	0.25	0.692308
2054	1	0.25	0.615385
2055	0.9	0.25	0.692308
2056	0.9	0.25	0.653846
2057	0.9	0.25	0.653846
2058	0.9	0.25	0.692308
2059	0.9	0.25	0.653846
2060	0.9	0.25	0.653846
2061	0.9	0.25	0.576923
2062	1	0.25	0.692308
2063	0.9	0.25	0.692308
2064	1	0.25	0.692308
2065	0.9	0.25	0.653846
2066	0.9	0.25	0.653846
2067	1	0.25	0.653846
2068	1	0.25	0.615385
2069	1	0.25	0.576923
2070	1	0.25	0.653846
2071	0.9	0.25	0.615385
2072	0.9	0.25	0.576923
2073	0.9	0.25	0.538462
2074	1	0.25	0.615385
2075	1	0.25	0.615385
2076	1	0.25	0.576923
2077	1	0.25	0.461538
2078	0.9	0.25	0.653846
2079	0.9	0.375	0.692308
2080	0.9	0.375	0.730769
2081	0.9	0.375	0.653846
2082	0.9	0.25	0.653846
2083	0.9	0.25	0.538462
2084	0.9	0.25	0.692308
2085	0.9	0.25	0.692308
2086	0.9	0.25	0.653846
2087	0.9	0.25	0.653846
2088	0.9	0.25	0.576923
2089	0.9	0.375	0.730769
2090	0.9	0.25	0.653846
2091	0.9	0.375	0.730769
2092	0.9	0.25	0.653846
2093	0.9	0.25	0.692308
2094	0.9	0.25	0.576923
2095	0.9	0.375	0.692308
2096	0.9	0.375	0.730769
2097	0.9	0.375	0.653846
2098	0.9	0.375	0.692308
2099	0.9	0.375	0.653846
2100	0.9	0.375	0.653846
2101	0.9	0.375	0.692308
2102	0.9	0.375	0.576923
2103	0.9	0.375	0.730769
2104	0.9	0.375	0.653846
2105	0.9	0.25	0.576923
2106	0.9	0.25	0.538462
2107	0.9	0.25	0.576923
2108	0.9	0.25	0.423077
2109	0.9	0.25	0.653846
2110	0.9	0.25	0.692308
2111	1	0.25	0.615385
2112	0.9	0.375	0.730769
2113	0.9	0.375	0.692308
2114	0.9	0.25	0.576923
2115	1	0.5	0.769231
2116	1	0.5	0.730769
2117	1	0.5	0.692308
2118	0.9	0.375	0.730769
2119	0.9	0.375	0.730769
2120	1	0.375	0.730769
2121	0.9	0.375	0.653846
2122	1	0.375	0.615385
2123	1	0.375	0.692308
2124	0.9	0.375	0.653846
2125	1	0.25	0.615385
2126	0.9	0.25	0.653846
2127	1	0.25	0.461538
2128	1	0.375	0.653846
2129	1	0.375	0.615385
2130	1	0.375	0.576923
2131	1	0.375	0.692308
2132	1	0.375	0.615385
2133	1	0.375	0.653846
2134	1	0.375	0.692308
2135	1	0.375	0.615385
2136	1	0.375	0.692308
2137	1	0.375	0.692308
2138	1	0.375	0.730769
2139	1	0.375	0.576923
2140	1	0.375	0.615385
2141	1	0.375	0.461538
2142	1	0.375	0.576923
2143	1	0.5	0.615385
2144	1	0.5	0.692308
2145	1	0.5	0.576923
2146	1	0.5	0.653846
2147	0.9	0.375	0.692308
2148	0.9	0.375	0.653846
2149	0.9	0.375	0.653846
2150	0.9	0.375	0.576923
2151	0.9	0.375	0.653846
2152	0.9	0.375	0.538462
2153	0.9	0.375	0.615385
2154	0.9	0.375	0.653846
2155	0.9	0.375	0.615385
2156	0.9	0.375	0.576923
2157	0.9	0.375	0.730769
2158	0.9	0.375	0.692308
2159	0.9	0.375	0.692308
2160	0.9	0.375	0.692308
2161	0.9	0.375	0.615385
2162	1	0.5	0.692308
2163	1	0.5	0.653846
2164	0.9	0.375	0.692308
2165	0.9	0.375	0.653846
2166	0.9	0.375	0.653846
2167	0.9	0.375	0.653846
2168	0.9	0.375	0.576923
2169	0.9	0.375	0.730769
2170	0.9	0.375	0.730769
2171	0.9	0.375	0.730769
2172	0.9	0.375	0.730769
2173	0.9	0.375	0.692308
2174	0.9	0.375	0.653846
2175	1	0.5	0.769231
2176	1	0.5	0.730769
2177	1	0.5	0.730769
2178	1	0.5	0.692308
2179	1	0.5	0.730769
2180	1	0.5	0.653846
2181	1	0.5	0.653846
2182	0.9	0.375	0.730769
2183	0.9	0.375	0.730769
2184	0.9	0.375	0.653846
2185	0.9	0.375	0.692308
2186	0.9	0.375	0.692308
2187	0.9	0.375	0.692308
2188	0.9	0.375	0.653846
2189	0.9	0.375	0.653846
2190	0.9	0.375	0.538462
2191	0.9	0.25	0.692308
2192	0.9	0.25	0.576923
2193	1	0.25	0.615385
2194	0.9	0.25	0.653846
2195	1	0.25	0.461538
2196	0.9	0.25	0.653846
2197	1	0.25	0.576923
2198	0.9	0.25	0.615385
2199	0.9	0.25	0.538462
2200	1	0.25	0.423077
2201	0.9	0.25	0.653846
2202	0.9	0.25	0.576923
2203	0.9	0.25	0.653846
2204	0.9	0.25	0.538462
2205	0.9	0.25	0.423077
2206	0.9	0.25	0.576923
2207	0.9	0.25	0.538462
2208	1	0.25	0.5
2209	1	0.25	0.576923
2210	1	0.25	0.461538
2211	1	0.25	0.269231
2212	0.9	0.25	0.692308
2213	0.9	0.25	0.576923
2214	0.9	0.375	0.730769
2215	0.9	0.375	0.692308
2216	0.9	0.375	0.653846
2217	1	0.375	0.615385
2218	1	0.5	0.692308
2219	1	0.5	0.730769
2220	1	0.375	0.692308
2221	0.9	0.375	0.653846
2222	0.9	0.25	0.653846
2223	1	0.25	0.615385
2224	1	0.25	0.461538
2225	1	0.5	0.730769
2226	1	0.5	0.692308
2227	1	0.5	0.730769
2228	1	0.5	0.692308
2229	0.9	0.375	0.653846
2230	0.9	0.375	0.692308
2231	0.9	0.375	0.653846
2232	0.9	0.375	0.692308
2233	0.9	0.375	0.692308
2234	1	0.375	0.692308
2235	0.9	0.375	0.653846
2236	0.9	0.375	0.692308
2237	0.9	0.375	0.653846
2238	0.9	0.375	0.692308
2239	1	0.375	0.692308
2240	1	0.375	0.692308
2241	1	0.375	0.615385
2242	1	0.375	0.653846
2243	1	0.25	0.461538
2244	1	0.25	0.576923
2245	1	0.25	0.5
2246	1	0.25	0.576923
2247	0.9	0.25	0.615385
2248	0.9	0.25	0.538462
2249	0.9	0.25	0.576923
2250	0.9	0.375	0.615385
2251	1	0.375	0.653846
2252	0.9	0.375	0.653846
2253	1	0.375	0.576923
2254	0.9	0.375	0.692308
2255	0.9	0.375	0.615385
2256	0.9	0.25	0.653846
2257	1	0.25	0.576923
2258	0.9	0.25	0.615385
2259	0.9	0.25	0.538462
2260	1	0.25	0.423077
2261	0.9	0.375	0.653846
2262	0.9	0.375	0.692308
2263	0.9	0.375	0.576923
2264	0.9	0.375	0.653846
2265	0.9	0.375	0.653846
2266	0.9	0.375	0.653846
2267	1	0.375	0.615385
2268	1	0.375	0.576923
2269	1	0.375	0.615385
2270	1	0.5	0.653846
2271	1	0.5	0.653846
2272	1	0.5	0.615385
2273	1	0.5	0.653846
2274	1	0.5	0.653846
2275	1	0.5	0.576923
2276	0.9	0.375	0.615385
2277	1	0.375	0.576923
2278	1	0.375	0.461538
2279	0.9	0.375	0.538462
2280	0.9	0.375	0.576923
2281	0.9	0.375	0.576923
2282	0.9	0.375	0.538462
2283	0.9	0.25	0.653846
2284	1	0.25	0.576923
2285	0.9	0.25	0.576923
2286	0.9	0.25	0.538462
2287	0.9	0.25	0.653846
2288	0.9	0.25	0.576923
2289	1	0.25	0.5
2290	1	0.25	0.461538
2291	0.9	0.25	0.538462
2292	0.9	0.25	0.423077
2293	1	0.25	0.269231
2294	0.9	0.125	0.346154
2295	0.9	0.125	0.307692
2296	0.9	0.125	0.192308
2297	1	0.125	0.384615
2298	0.9	0.125	0.423077
2299	0.9	0.125	0.423077
2300	0.9	0.125	0.346154
2301	1	0.125	0.230769
2302	1	0.125	0.269231
2303	1	0.125	0.346154
2304	1	0.125	0.230769
2305	1	0.125	0.153846
2306	1	0.125	0
