solution	ancestral	parental	incomparable
0	0.933333	0.75	0.952381
1	0.933333	0.625	0.857143
2	0.933333	0.5	0.714286
3	0.933333	0.625	0.904762
4	0.933333	0.625	0.857143
5	0.933333	0.625	0.904762
6	0.933333	0.5	0.857143
7	0.933333	0.5	0.809524
8	0.933333	0.5	0.809524
9	0.933333	0.5	0.809524
10	0.933333	0.625	0.904762
11	0.933333	0.625	0.857143
12	0.933333	0.5	0.714286
13	0.933333	0.5	0.809524
14	0.933333	0.5	0.714286
15	0.933333	0.375	0.52381
16	0.933333	0.5	0.809524
17	0.933333	0.625	0.904762
18	0.933333	0.5	0.857143
19	0.933333	0.375	0.761905
20	0.933333	0.5	0.857143
21	0.933333	0.5	0.809524
22	0.933333	0.375	0.666667
23	0.933333	0.5	0.857143
24	0.933333	0.5	0.809524
25	0.933333	0.375	0.809524
26	0.933333	0.375	0.761905
27	0.933333	0.375	0.761905
28	0.933333	0.375	0.761905
29	0.933333	0.375	0.666667
30	0.933333	0.375	0.666667
31	0.933333	0.25	0.47619
32	0.933333	0.5	0.857143
33	0.933333	0.625	0.904762
34	0.933333	0.5	0.809524
35	0.933333	0.625	0.904762
36	0.933333	0.625	0.904762
37	0.933333	0.625	0.857143
38	0.933333	0.5	0.857143
39	0.933333	0.5	0.809524
40	0.933333	0.5	0.809524
41	0.933333	0.5	0.809524
42	0.933333	0.5	0.761905
43	0.933333	0.5	0.714286
44	0.933333	0.375	0.761905
45	0.933333	0.375	0.761905
46	0.933333	0.5	0.809524
47	0.933333	0.375	0.666667
48	0.933333	0.375	0.761905
49	0.933333	0.5	0.857143
50	0.933333	0.5	0.857143
51	0.933333	0.5	0.857143
52	0.933333	0.5	0.809524
53	0.933333	0.5	0.809524
54	0.933333	0.5	0.809524
55	0.933333	0.5	0.809524
56	0.933333	0.5	0.809524
57	0.933333	0.5	0.761905
58	0.933333	0.5	0.714286
59	0.933333	0.375	0.666667
60	0.933333	0.375	0.714286
61	0.933333	0.375	0.714286
62	0.933333	0.375	0.619048
63	0.933333	0.375	0.714286
64	0.933333	0.375	0.761905
65	0.933333	0.375	0.714286
66	0.933333	0.375	0.666667
67	0.933333	0.375	0.714286
68	0.933333	0.375	0.52381
69	0.933333	0.375	0.761905
70	0.933333	0.375	0.761905
71	0.933333	0.375	0.666667
72	0.933333	0.5	0.809524
73	0.933333	0.5	0.714286
74	0.933333	0.5	0.809524
75	0.933333	0.375	0.666667
76	0.933333	0.375	0.571429
77	0.933333	0.375	0.52381
78	0.933333	0.375	0.666667
79	0.933333	0.375	0.714286
80	0.933333	0.375	0.666667
81	0.933333	0.375	0.571429
82	0.933333	0.375	0.52381
83	0.933333	0.25	0.380952
84	0.933333	0.25	0.285714
85	1	1	1
86	1	0.875	0.952381
87	1	0.875	0.904762
88	0.933333	0.875	0.952381
89	0.933333	0.75	0.857143
90	1	0.875	0.904762
91	1	0.75	0.761905
92	1	0.75	0.904762
93	1	0.875	0.952381
94	1	0.75	0.857143
95	0.933333	0.75	0.904762
96	0.933333	0.625	0.809524
97	1	0.75	0.857143
98	1	0.625	0.714286
99	1	0.875	0.952381
100	1	0.75	0.857143
101	1	0.75	0.904762
102	1	0.75	0.857143
103	1	0.875	0.952381
104	1	0.875	0.904762
105	1	0.875	0.952381
106	1	0.75	0.857143
107	1	0.75	0.857143
108	1	0.75	0.761905
109	1	0.75	0.809524
110	0.933333	0.75	0.904762
111	0.933333	0.625	0.809524
112	0.933333	0.625	0.761905
113	0.933333	0.75	0.857143
114	0.933333	0.625	0.714286
115	0.933333	0.75	0.904762
116	1	0.75	0.857143
117	1	0.625	0.714286
118	1	0.75	0.761905
119	1	0.75	0.857143
120	1	0.625	0.571429
121	1	0.875	0.952381
122	1	0.75	0.857143
123	1	0.75	0.857143
124	1	0.75	0.857143
125	1	0.875	0.952381
126	1	0.875	0.904762
127	1	0.75	0.761905
128	1	0.75	0.857143
129	1	0.75	0.904762
130	1	0.75	0.904762
131	1	0.75	0.857143
132	1	0.75	0.904762
133	1	0.75	0.857143
134	1	0.75	0.857143
135	1	0.75	0.857143
136	1	0.75	0.761905
137	1	0.75	0.809524
138	1	0.75	0.857143
139	1	0.75	0.857143
140	1	0.75	0.904762
141	1	0.625	0.761905
142	1	0.625	0.809524
143	1	0.625	0.761905
144	1	0.625	0.714286
145	1	0.625	0.714286
146	1	0.625	0.761905
147	1	0.625	0.809524
148	1	0.625	0.761905
149	1	0.625	0.809524
150	1	0.625	0.714286
151	1	0.625	0.761905
152	1	0.625	0.714286
153	1	0.625	0.714286
154	1	0.625	0.666667
155	1	0.625	0.571429
156	0.933333	0.625	0.809524
157	1	0.625	0.714286
158	1	0.625	0.714286
159	1	0.625	0.809524
160	1	0.625	0.571429
161	1	0.75	0.761905
162	1	0.75	0.857143
163	1	0.625	0.714286
164	1	0.625	0.761905
165	0.933333	0.625	0.714286
166	0.933333	0.625	0.809524
167	0.933333	0.625	0.761905
168	0.933333	0.75	0.857143
169	0.933333	0.75	0.904762
170	0.933333	0.625	0.857143
171	0.933333	0.625	0.809524
172	0.933333	0.625	0.809524
173	0.933333	0.625	0.714286
174	1	0.625	0.571429
175	0.933333	0.5	0.619048
176	0.933333	0.5	0.666667
177	0.933333	0.5	0.52381
178	1	0.5	0.52381
179	1	0.5	0.333333
180	1	0.5	0.761905
181	1	0.5	0.809524
182	1	0.625	0.857143
183	1	0.5	0.761905
184	1	0.5	0.761905
185	1	0.625	0.857143
186	1	0.5	0.761905
187	1	0.625	0.857143
188	1	0.5	0.761905
189	1	0.625	0.809524
190	1	0.625	0.809524
191	1	0.625	0.857143
192	1	0.75	0.904762
193	1	0.625	0.809524
194	1	0.5	0.714286
195	1	0.5	0.666667
196	1	0.75	0.904762
197	1	0.625	0.809524
198	1	0.625	0.857143
199	1	0.75	0.904762
200	1	0.875	0.952381
201	1	0.75	0.857143
202	1	0.625	0.857143
203	1	0.625	0.809524
204	1	0.625	0.857143
205	1	0.625	0.809524
206	1	0.75	0.904762
207	1	0.75	0.904762
208	1	0.75	0.904762
209	1	0.75	0.904762
210	1	0.75	0.857143
211	1	0.625	0.809524
212	1	0.625	0.809524
213	1	0.625	0.809524
214	1	0.625	0.714286
215	1	0.625	0.857143
216	1	0.625	0.857143
217	1	0.625	0.809524
218	1	0.75	0.904762
219	1	0.625	0.857143
220	1	0.625	0.857143
221	1	0.625	0.809524
222	1	0.625	0.857143
223	1	0.625	0.809524
224	1	0.625	0.809524
225	1	0.625	0.857143
226	1	0.625	0.809524
227	1	0.625	0.761905
228	1	0.625	0.809524
229	1	0.75	0.857143
230	1	0.75	0.904762
231	1	0.625	0.809524
232	1	0.625	0.857143
233	1	0.625	0.714286
234	1	0.625	0.809524
235	1	0.625	0.809524
236	1	0.625	0.809524
237	1	0.5	0.714286
238	1	0.5	0.761905
239	1	0.5	0.761905
240	1	0.5	0.666667
241	1	0.5	0.761905
242	1	0.5	0.714286
243	1	0.5	0.666667
244	1	0.5	0.761905
245	1	0.5	0.714286
246	1	0.625	0.809524
247	1	0.625	0.714286
248	1	0.5	0.761905
249	1	0.5	0.666667
250	1	0.5	0.761905
251	1	0.5	0.761905
252	1	0.5	0.714286
253	1	0.5	0.666667
254	1	0.5	0.666667
255	1	0.5	0.666667
256	1	0.5	0.52381
257	1	0.625	0.857143
258	1	0.625	0.809524
259	1	0.625	0.857143
260	1	0.625	0.809524
261	1	0.625	0.857143
262	1	0.625	0.809524
263	1	0.75	0.904762
264	1	0.75	0.904762
265	1	0.75	0.857143
266	1	0.625	0.809524
267	1	0.625	0.809524
268	1	0.625	0.809524
269	1	0.625	0.714286
270	1	0.625	0.857143
271	1	0.625	0.857143
272	1	0.625	0.809524
273	1	0.625	0.809524
274	1	0.625	0.857143
275	1	0.625	0.857143
276	1	0.625	0.809524
277	1	0.625	0.857143
278	1	0.625	0.857143
279	1	0.625	0.809524
280	1	0.625	0.857143
281	1	0.625	0.809524
282	1	0.625	0.809524
283	1	0.625	0.809524
284	1	0.625	0.714286
285	1	0.625	0.809524
286	1	0.625	0.761905
287	1	0.5	0.761905
288	1	0.5	0.761905
289	1	0.5	0.714286
290	1	0.5	0.761905
291	1	0.5	0.761905
292	1	0.5	0.809524
293	1	0.5	0.809524
294	1	0.5	0.761905
295	1	0.5	0.809524
296	1	0.5	0.809524
297	1	0.5	0.761905
298	1	0.5	0.761905
299	1	0.5	0.761905
300	1	0.5	0.761905
301	1	0.5	0.714286
302	1	0.5	0.666667
303	1	0.5	0.809524
304	1	0.5	0.761905
305	1	0.5	0.714286
306	1	0.5	0.761905
307	1	0.5	0.809524
308	1	0.5	0.761905
309	1	0.5	0.761905
310	1	0.5	0.714286
311	1	0.5	0.761905
312	1	0.5	0.666667
313	1	0.5	0.761905
314	1	0.5	0.761905
315	1	0.5	0.666667
316	1	0.5	0.761905
317	1	0.5	0.761905
318	1	0.5	0.761905
319	1	0.5	0.761905
320	1	0.5	0.666667
321	1	0.5	0.714286
322	1	0.5	0.666667
323	1	0.5	0.761905
324	1	0.5	0.714286
325	1	0.5	0.714286
326	1	0.5	0.666667
327	1	0.5	0.761905
328	1	0.5	0.761905
329	1	0.5	0.761905
330	1	0.5	0.666667
331	1	0.5	0.714286
332	1	0.5	0.714286
333	1	0.5	0.666667
334	1	0.5	0.714286
335	1	0.5	0.666667
336	1	0.5	0.619048
337	1	0.5	0.52381
338	1	0.5	0.761905
339	1	0.5	0.666667
340	1	0.625	0.809524
341	1	0.5	0.761905
342	1	0.5	0.666667
343	1	0.5	0.761905
344	1	0.5	0.714286
345	1	0.5	0.761905
346	1	0.5	0.761905
347	1	0.5	0.714286
348	1	0.625	0.809524
349	1	0.625	0.809524
350	1	0.5	0.761905
351	1	0.5	0.714286
352	1	0.5	0.666667
353	1	0.5	0.714286
354	1	0.5	0.761905
355	1	0.5	0.666667
356	1	0.625	0.714286
357	1	0.5	0.666667
358	1	0.5	0.666667
359	1	0.5	0.52381
360	1	0.5	0.666667
361	1	0.5	0.761905
362	1	0.5	0.714286
363	1	0.5	0.666667
364	1	0.5	0.714286
365	1	0.5	0.666667
366	1	0.5	0.714286
367	1	0.5	0.666667
368	1	0.5	0.52381
369	1	0.375	0.619048
370	1	0.375	0.666667
371	1	0.375	0.571429
372	1	0.375	0.571429
373	1	0.375	0.571429
374	1	0.375	0.619048
375	1	0.375	0.571429
376	1	0.375	0.666667
377	1	0.375	0.619048
378	1	0.375	0.47619
379	1	0.375	0.571429
380	1	0.375	0.571429
381	1	0.375	0.571429
382	1	0.375	0.619048
383	1	0.375	0.47619
384	1	0.375	0.666667
385	1	0.375	0.619048
386	1	0.375	0.714286
387	1	0.375	0.666667
388	1	0.375	0.666667
389	1	0.375	0.619048
390	1	0.375	0.666667
391	1	0.375	0.571429
392	1	0.375	0.571429
393	1	0.375	0.571429
394	1	0.375	0.619048
395	1	0.375	0.47619
396	1	0.375	0.619048
397	1	0.375	0.47619
398	1	0.375	0.619048
399	1	0.375	0.47619
400	1	0.375	0.571429
401	1	0.375	0.47619
402	1	0.375	0.285714
403	1	0.5	0.714286
404	1	0.625	0.809524
405	1	0.5	0.666667
406	1	0.75	0.857143
407	1	0.625	0.714286
408	1	0.625	0.809524
409	1	0.625	0.809524
410	1	0.5	0.666667
411	1	0.625	0.714286
412	1	0.5	0.52381
413	1	0.5	0.666667
414	1	0.625	0.714286
415	1	0.5	0.52381
416	1	0.5	0.52381
417	1	0.375	0.285714
418	1	0.625	0.809524
419	1	0.5	0.666667
420	1	0.625	0.809524
421	1	0.5	0.666667
422	1	0.5	0.761905
423	1	0.5	0.761905
424	1	0.5	0.714286
425	1	0.5	0.666667
426	1	0.625	0.809524
427	1	0.5	0.666667
428	1	0.625	0.809524
429	1	0.625	0.714286
430	1	0.5	0.52381
431	1	0.5	0.571429
432	1	0.5	0.666667
433	1	0.375	0.47619
434	1	0.5	0.666667
435	1	0.5	0.666667
436	1	0.5	0.52381
437	1	0.375	0.47619
438	1	0.375	0.285714
439	1	0.375	0.619048
440	1	0.5	0.761905
441	1	0.375	0.47619
442	1	0.375	0.571429
443	1	0.5	0.714286
444	1	0.5	0.666667
445	1	0.5	0.761905
446	1	0.5	0.761905
447	1	0.5	0.666667
448	1	0.375	0.47619
449	1	0.5	0.714286
450	1	0.5	0.761905
451	1	0.5	0.666667
452	1	0.5	0.571429
453	1	0.5	0.666667
454	1	0.5	0.52381
455	1	0.5	0.666667
456	1	0.375	0.47619
457	1	0.375	0.285714
458	1	0.375	0.619048
459	1	0.375	0.666667
460	1	0.375	0.619048
461	1	0.375	0.47619
462	1	0.25	0.238095
463	1	0.375	0.571429
464	1	0.375	0.52381
465	1	0.375	0.47619
466	1	0.375	0.571429
467	1	0.375	0.571429
468	1	0.375	0.571429
469	1	0.375	0.52381
470	1	0.375	0.47619
471	1	0.375	0.47619
472	1	0.375	0.380952
473	1	0.375	0.285714
474	1	0.25	0
