20 #edges
GL 0;1
0;1 2
0;1 3;5;7;8;9;10;11;12;13;14;15;16;17;18;19;20;21;22;23;24;25;26;27;28;29;30;31;32
2 2_P
2 4;6
4;6 6_P
3;5;7;8;9;10;11;12;13;14;15;16;17;18;19;20;21;22;23;24;25;26;27;28;29;30;31;32 33
3;5;7;8;9;10;11;12;13;14;15;16;17;18;19;20;21;22;23;24;25;26;27;28;29;30;31;32 40
3;5;7;8;9;10;11;12;13;14;15;16;17;18;19;20;21;22;23;24;25;26;27;28;29;30;31;32 34;36;41
33 46;53;54
33 38;42;50
33 35;43;47
35;43;47 47_P
38;42;50 50_P
46;53;54 54_P
34;36;41 36;41_P
40 45
40 52
45 45_P
52 52_P
8 #leaves
52_P P 10 0 0 0 0.111271 0 0 0.392215 0 0 0 0 1 10 11 12 13 14 15 16 17 18 19 20 21 22 23 24 25 26 27 28 29 3 30 31 32 40 5 52 7 8 9
45_P P 10 0 0 0 0.193535 0 0 0.118864 0.615749 0.431385 0.372574 0 1 10 11 12 13 14 15 16 17 18 19 20 21 22 23 24 25 26 27 28 29 3 30 31 32 40 45 5 7 8 9
36;41_P P 10 0 0.114446 0 0 0 0 0 0 0 0 0 1 10 11 12 13 14 15 16 17 18 19 20 21 22 23 24 25 26 27 28 29 3 30 31 32 34 36 41 5 7 8 9
54_P P 10 0 0.52535 0.126019 0 1 0 0 0 0 0 0 1 10 11 12 13 14 15 16 17 18 19 20 21 22 23 24 25 26 27 28 29 3 30 31 32 33 46 5 53 54 7 8 9
50_P P 10 0 0 0 0.305377 0 0 0 0 0 0.627426 0 1 10 11 12 13 14 15 16 17 18 19 20 21 22 23 24 25 26 27 28 29 3 30 31 32 33 38 42 5 50 7 8 9
47_P P 10 0.819727 0.120046 0 0.389817 0 0 0.488922 0.384251 0 0 0 1 10 11 12 13 14 15 16 17 18 19 20 21 22 23 24 25 26 27 28 29 3 30 31 32 33 35 43 47 5 7 8 9
6_P P 10 0 0.240158 0 0 0 1 0 0 0 0 0 1 2 4 6
2_P P 10 0.180273 0 0.873981 0 0 0 0 0 0.568615 0 0 1 2
