25 #edges
GL 0;1
0;1 2;3;6
0;1 4
2;3;6 15;19;22
2;3;6 11;23
2;3;6 9;12;17;24;27
9;12;17;24;27 27_P
9;12;17;24;27 34;44
34;44 44_P
11;23 38;50
11;23 29;39
29;39 39_P
38;50 38;50_P
15;19;22 15;19;22_P
15;19;22 25;33;37;43;47
25;33;37;43;47 43;47_P
4 7;13;20
4 5;8;10
5;8;10 14;18;21
5;8;10 28
14;18;21 14;18;21_P
28 28_P
28 31;35;41;45;48;51
31;35;41;45;48;51 35;41;45;48;51_P
7;13;20 20_P
10 #leaves
20_P P 10 0 0 0.209957 0 0 0 0 0 0.672261 0.150645 0 1 13 20 4 7
35;41;45;48;51_P P 10 0 0.149002 0 0 0 0 0 0 0 0.282748 0 1 10 28 31 35 4 41 45 48 5 51 8
28_P P 10 0 0 0 0.551642 0 0.689296 0.275278 0.483337 0 0 0 1 10 28 4 5 8
14;18;21_P P 10 0 0 0.588584 0 0.12715 0 0 0 0.327739 0 0 1 10 14 18 21 4 5 8
43;47_P P 10 0.125714 0.486382 0 0 0 0.119308 0.504004 0 0 0.125752 0 1 15 19 2 22 25 3 33 37 43 47 6
15;19;22_P P 10 0.135548 0 0 0 0 0.191396 0 0.142517 0 0.440856 0 1 15 19 2 22 3 6
38;50_P P 10 0 0.364616 0 0 0 0 0 0 0 0 0 1 11 2 23 3 38 50 6
39_P P 10 0.738738 0 0.201459 0.448358 0 0 0 0 0 0 0 1 11 2 23 29 3 39 6
44_P P 10 0 0 0 0 0 0 0.220718 0.134523 0 0 0 1 12 17 2 24 27 3 34 44 6 9
27_P P 10 0 0 0 0 0.87285 0 0 0.239624 0 0 0 1 12 17 2 24 27 3 6 9
