27 #edges
GL 0;1;2;3;4;5;6;7;8;9;10
0;1;2;3;4;5;6;7;8;9;10 11
0;1;2;3;4;5;6;7;8;9;10 13;18;23
11 12
11 16;19
11 14;17;20;25;30;38;41;52
12 21;26;31;42;44
12 15;22
15;22 47;53
15;22 27;32;48
27;32;48 48_P
47;53 53_P
21;26;31;42;44 44_P
21;26;31;42;44 55;58
55;58 55;58_P
14;17;20;25;30;38;41;52 38;41;52_P
16;19 24;29;35
16;19 34;46;50;54
24;29;35 60
24;29;35 40;43;51;57;61
40;43;51;57;61 51;57;61_P
60 60_P
34;46;50;54 50;54_P
13;18;23 33;36
13;18;23 28;37;39;45;49;56;59
28;37;39;45;49;56;59 56;59_P
33;36 33;36_P
10 #leaves
33;36_P P 10 0 0 1 0 1 0.147373 0 0 0 0.31705 0 1 10 13 18 2 23 3 33 36 4 5 6 7 8 9
56;59_P P 10 0 0.235627 0 0 0 0.167892 0 0 0 0 0 1 10 13 18 2 23 28 3 37 39 4 45 49 5 56 59 6 7 8 9
50;54_P P 10 0 0.100206 0 0 0 0 0 0 0 0 0 1 10 11 16 19 2 3 34 4 46 5 50 54 6 7 8 9
60_P P 10 0 0 0 0.292756 0 0 0.305793 0 0.884785 0.254067 0 1 10 11 16 19 2 24 29 3 35 4 5 6 60 7 8 9
51;57;61_P P 10 0 0 0 0 0 0 0 0.525698 0 0 0 1 10 11 16 19 2 24 29 3 35 4 40 43 5 51 57 6 61 7 8 9
38;41;52_P P 10 0 0.522719 0 0.459879 0 0 0.16278 0.337226 0 0 0 1 10 11 14 17 2 20 25 3 30 38 4 41 5 52 6 7 8 9
55;58_P P 10 0.152051 0 0 0 0 0.684735 0 0 0 0 0 1 10 11 12 2 21 26 3 31 4 42 44 5 55 58 6 7 8 9
44_P P 10 0.394395 0 0 0 0 0 0.531427 0 0.115215 0.18982 0 1 10 11 12 2 21 26 3 31 4 42 44 5 6 7 8 9
53_P P 10 0.178178 0 0 0.247365 0 0 0 0.137076 0 0.239063 0 1 10 11 12 15 2 22 3 4 47 5 53 6 7 8 9
48_P P 10 0.275376 0.141448 0 0 0 0 0 0 0 0 0 1 10 11 12 15 2 22 27 3 32 4 48 5 6 7 8 9
