22 #edges
GL 0;1;2;3;4;5;6;7
0;1;2;3;4;5;6;7 8
0;1;2;3;4;5;6;7 9
8 10;11;12;13
8 14;20;23
10;11;12;13 18;21;24
10;11;12;13 15;16;17;19;22;25;26;27;28;29;30;31;32;33;34;35;36;37;38;39;40;41;42;43;44;45;46;47;48;49;50;51;52;53;54;55;56;57;58;59;60;61;62;63;64;65;66;67;68;69;70;71;72;73;74;75;76;77;78;79;80;81;82;83;84;85;86
15;16;17;19;22;25;26;27;28;29;30;31;32;33;34;35;36;37;38;39;40;41;42;43;44;45;46;47;48;49;50;51;52;53;54;55;56;57;58;59;60;61;62;63;64;65;66;67;68;69;70;71;72;73;74;75;76;77;78;79;80;81;82;83;84;85;86 88
15;16;17;19;22;25;26;27;28;29;30;31;32;33;34;35;36;37;38;39;40;41;42;43;44;45;46;47;48;49;50;51;52;53;54;55;56;57;58;59;60;61;62;63;64;65;66;67;68;69;70;71;72;73;74;75;76;77;78;79;80;81;82;83;84;85;86 87;90;91;94;97
87;90;91;94;97 102;106;108
87;90;91;94;97 105
102;106;108 102;106;108_P
105 105_P
88 89;92
88 95;98
89;92 89;92_P
89;92 93;96;99;101;104
93;96;99;101;104 99;101;104_P
95;98 98_P
18;21;24 18;21;24_P
14;20;23 20;23_P
9 9_P
8 #leaves
9_P P 10 0 0 0 0 0 0 0.345721 0.262219 0 0 0 1 2 3 4 5 6 7 9
20;23_P P 10 0 0.513112 0 0 0 0.122061 0 0.737781 0.668839 0 0 1 14 2 20 23 3 4 5 6 7 8
18;21;24_P P 10 0.122614 0.30114 0 0 0 0.244156 0 0 0 0.489073 0 1 10 11 12 13 18 2 21 24 3 4 5 6 7 8
98_P P 10 0 0 0 0 0 0 0 0 0.134153 0.123173 0 1 10 11 12 13 15 16 17 19 2 22 25 26 27 28 29 3 30 31 32 33 34 35 36 37 38 39 4 40 41 42 43 44 45 46 47 48 49 5 50 51 52 53 54 55 56 57 58 59 6 60 61 62 63 64 65 66 67 68 69 7 70 71 72 73 74 75 76 77 78 79 8 80 81 82 83 84 85 86 88 95 98
99;101;104_P P 10 0 0 0 0 0 0 0 0 0 0.274126 0 1 10 101 104 11 12 13 15 16 17 19 2 22 25 26 27 28 29 3 30 31 32 33 34 35 36 37 38 39 4 40 41 42 43 44 45 46 47 48 49 5 50 51 52 53 54 55 56 57 58 59 6 60 61 62 63 64 65 66 67 68 69 7 70 71 72 73 74 75 76 77 78 79 8 80 81 82 83 84 85 86 88 89 92 93 96 99
89;92_P P 10 0.877386 0 0.786628 1 0 0.311185 0.472982 0 0 0.113628 0 1 10 11 12 13 15 16 17 19 2 22 25 26 27 28 29 3 30 31 32 33 34 35 36 37 38 39 4 40 41 42 43 44 45 46 47 48 49 5 50 51 52 53 54 55 56 57 58 59 6 60 61 62 63 64 65 66 67 68 69 7 70 71 72 73 74 75 76 77 78 79 8 80 81 82 83 84 85 86 88 89 92
105_P P 10 0 0 0.213372 0 1 0 0 0 0.197008 0 0 1 10 105 11 12 13 15 16 17 19 2 22 25 26 27 28 29 3 30 31 32 33 34 35 36 37 38 39 4 40 41 42 43 44 45 46 47 48 49 5 50 51 52 53 54 55 56 57 58 59 6 60 61 62 63 64 65 66 67 68 69 7 70 71 72 73 74 75 76 77 78 79 8 80 81 82 83 84 85 86 87 90 91 94 97
102;106;108_P P 10 0 0.185748 0 0 0 0.322599 0.181298 0 0 0 0 1 10 102 106 108 11 12 13 15 16 17 19 2 22 25 26 27 28 29 3 30 31 32 33 34 35 36 37 38 39 4 40 41 42 43 44 45 46 47 48 49 5 50 51 52 53 54 55 56 57 58 59 6 60 61 62 63 64 65 66 67 68 69 7 70 71 72 73 74 75 76 77 78 79 8 80 81 82 83 84 85 86 87 90 91 94 97
