23 #edges
GL 0;1;2;3;4
0;1;2;3;4 5;6;8
0;1;2;3;4 7
5;6;8 12
5;6;8 14;16;26;33;45
12 20;28
12 23;27;34;39;46;48
20;28 20;28_P
20;28 42
42 42_P
23;27;34;39;46;48 39;46;48_P
14;16;26;33;45 45_P
7 7_P
7 10
7 21;29;35;43
10 15;18
10 17;30;36;40;44
15;18 24;31;37;41
15;18 22;25;32;38;47;49
22;25;32;38;47;49 49_P
24;31;37;41 24;31;37;41_P
17;30;36;40;44 36;40;44_P
21;29;35;43 43_P
9 #leaves
43_P P 10 0.150458 0 0 0 0.705648 0 0 0 0.475875 0 0 1 2 21 29 3 35 4 43 7
36;40;44_P P 10 0 0.837937 0.315818 0 0.294352 0 0 0 0 0 0 1 10 17 2 3 30 36 4 40 44 7
24;31;37;41_P P 10 0 0 0 0 0 0 0 0.474184 0.226303 0 0 1 10 15 18 2 24 3 31 37 4 41 7
49_P P 10 0.12121 0 0 0 0 0.352792 0 0.175256 0 1 0 1 10 15 18 2 22 25 3 32 38 4 47 49 7
7_P P 10 0 0 0 0.665055 0 0 0.145741 0 0.178058 0 0 1 2 3 4 7
45_P P 10 0 0.162063 0.156232 0.334945 0 0.488438 0.166576 0 0.119764 0 0 1 14 16 2 26 3 33 4 45 5 6 8
39;46;48_P P 10 0.617874 0 0 0 0 0 0.687683 0 0 0 0 1 12 2 23 27 3 34 39 4 46 48 5 6 8
42_P P 10 0.110459 0 0.391437 0 0 0.15877 0 0 0 0 0 1 12 2 20 28 3 4 42 5 6 8
20;28_P P 10 0 0 0.136513 0 0 0 0 0.35056 0 0 0 1 12 2 20 28 3 4 5 6 8
