25 #edges
GL 0
0 3
0 1;2;4;5;7;10;14;15;16;17;18;19;20;21;22;23;24;25;26;27;28;29;30;31;32;33;34;35;36;37;38;39;40;41;42;43;44;45;46;47
1;2;4;5;7;10;14;15;16;17;18;19;20;21;22;23;24;25;26;27;28;29;30;31;32;33;34;35;36;37;38;39;40;41;42;43;44;45;46;47 43;44;45;46;47_P
1;2;4;5;7;10;14;15;16;17;18;19;20;21;22;23;24;25;26;27;28;29;30;31;32;33;34;35;36;37;38;39;40;41;42;43;44;45;46;47 48
1;2;4;5;7;10;14;15;16;17;18;19;20;21;22;23;24;25;26;27;28;29;30;31;32;33;34;35;36;37;38;39;40;41;42;43;44;45;46;47 51
1;2;4;5;7;10;14;15;16;17;18;19;20;21;22;23;24;25;26;27;28;29;30;31;32;33;34;35;36;37;38;39;40;41;42;43;44;45;46;47 57
48 49
48 53
49 49_P
49 52;54;56
49 50;55;59;60
50;55;59;60 60_P
52;54;56 52;54;56_P
53 53_P
51 51_P
57 57_P
3 6;8;11
3 9
3 13
6;8;11 6;8;11_P
9 9_P
9 12
12 12_P
13 13_P
11 #leaves
13_P P 10 0.114079 0 0 0 0 0 0 0 0 0 0 13 3
12_P P 10 0 0 0 0.475556 0 0 0 0.296863 0.123854 0 0 12 3 9
9_P P 10 0.179403 0 0 0 0 0 0.837299 0 0 0 0 3 9
6;8;11_P P 10 0 0 0 0 0.521056 0 0 0.131941 0 0.537702 0 11 3 6 8
57_P P 10 0 1 0.199272 0 0 0 0 0 0 0 0 1 10 14 15 16 17 18 19 2 20 21 22 23 24 25 26 27 28 29 30 31 32 33 34 35 36 37 38 39 4 40 41 42 43 44 45 46 47 5 57 7
51_P P 10 0 0 0.127427 0.251964 0 0 0 0 0 0.325795 0 1 10 14 15 16 17 18 19 2 20 21 22 23 24 25 26 27 28 29 30 31 32 33 34 35 36 37 38 39 4 40 41 42 43 44 45 46 47 5 51 7
53_P P 10 0 0 0 0.27248 0 0.362954 0 0 0 0 0 1 10 14 15 16 17 18 19 2 20 21 22 23 24 25 26 27 28 29 30 31 32 33 34 35 36 37 38 39 4 40 41 42 43 44 45 46 47 48 5 53 7
52;54;56_P P 10 0 0 0.536975 0 0.138264 0 0.162701 0 0.613572 0 0 1 10 14 15 16 17 18 19 2 20 21 22 23 24 25 26 27 28 29 30 31 32 33 34 35 36 37 38 39 4 40 41 42 43 44 45 46 47 48 49 5 52 54 56 7
60_P P 10 0 0 0 0 0 0.193045 0 0.571196 0 0.136503 0 1 10 14 15 16 17 18 19 2 20 21 22 23 24 25 26 27 28 29 30 31 32 33 34 35 36 37 38 39 4 40 41 42 43 44 45 46 47 48 49 5 50 55 59 60 7
49_P P 10 0.706517 0 0 0 0.34068 0 0 0 0 0 0 1 10 14 15 16 17 18 19 2 20 21 22 23 24 25 26 27 28 29 30 31 32 33 34 35 36 37 38 39 4 40 41 42 43 44 45 46 47 48 49 5 7
43;44;45;46;47_P P 10 0 0 0.136326 0 0 0.444001 0 0 0.262574 0 0 1 10 14 15 16 17 18 19 2 20 21 22 23 24 25 26 27 28 29 30 31 32 33 34 35 36 37 38 39 4 40 41 42 43 44 45 46 47 5 7
