solution	ancestral	parental	incomparable
0	0.75	0.625	0.916667
1	0.75	0.625	0.958333
2	0.833333	0.75	0.958333
3	0.75	0.625	0.916667
4	0.833333	0.625	0.916667
5	0.833333	0.625	0.916667
6	0.833333	0.625	0.916667
7	0.833333	0.625	0.875
8	0.75	0.5	0.916667
9	0.75	0.5	0.875
10	0.75	0.5	0.916667
11	0.75	0.5	0.875
12	0.75	0.5	0.833333
13	0.833333	0.5	0.875
14	0.75	0.5	0.833333
15	0.75	0.5	0.875
16	0.833333	0.5	0.791667
17	0.833333	0.5	0.875
18	0.833333	0.5	0.875
19	0.916667	0.75	0.958333
20	0.916667	0.625	0.916667
21	0.833333	0.625	0.916667
22	0.833333	0.625	0.875
23	0.833333	0.625	0.958333
24	0.916667	0.75	0.958333
25	0.916667	0.75	0.916667
26	0.916667	0.875	1
27	0.916667	0.625	0.916667
28	0.833333	0.625	0.958333
29	0.833333	0.625	0.916667
30	0.916667	0.625	0.916667
31	0.833333	0.625	0.916667
32	0.916667	0.625	0.833333
33	0.833333	0.625	0.916667
34	0.833333	0.625	0.875
35	0.833333	0.625	0.875
36	0.916667	0.75	0.958333
37	0.833333	0.75	0.958333
38	0.833333	0.75	0.958333
39	0.833333	0.75	1
40	0.833333	0.75	0.958333
41	0.75	0.625	0.916667
42	0.75	0.625	0.916667
43	0.833333	0.625	0.916667
44	0.75	0.625	0.916667
45	0.833333	0.75	0.958333
46	0.75	0.625	0.958333
47	0.75	0.625	0.958333
48	0.75	0.625	0.958333
49	0.833333	0.75	1
50	0.75	0.625	0.958333
51	0.833333	0.625	0.958333
52	0.833333	0.625	0.916667
53	0.833333	0.625	0.833333
54	0.833333	0.75	0.958333
55	0.833333	0.75	0.916667
56	0.833333	0.75	0.916667
57	0.75	0.625	0.958333
58	0.75	0.625	0.916667
59	0.75	0.625	0.916667
60	0.75	0.625	0.875
61	0.75	0.625	0.875
62	0.75	0.625	0.916667
63	0.75	0.625	0.875
64	0.75	0.625	0.958333
65	0.833333	0.625	0.916667
66	0.75	0.625	0.875
67	0.75	0.625	0.875
68	0.75	0.5	0.875
69	0.833333	0.625	0.875
70	0.75	0.5	0.833333
71	0.75	0.5	0.833333
72	0.833333	0.5	0.833333
73	0.75	0.5	0.875
74	0.75	0.5	0.916667
75	0.75	0.5	0.833333
76	0.833333	0.5	0.875
77	0.833333	0.5	0.916667
78	0.833333	0.5	0.791667
79	0.833333	0.5	0.875
80	0.833333	0.5	0.833333
81	0.75	0.5	0.875
82	0.75	0.5	0.833333
83	0.833333	0.625	0.875
84	0.833333	0.5	0.875
85	0.75	0.5	0.875
86	0.75	0.5	0.916667
87	0.75	0.5	0.958333
88	0.833333	0.5	0.916667
89	0.75	0.5	0.916667
90	0.833333	0.625	0.958333
91	0.833333	0.5	0.791667
92	0.75	0.5	0.833333
93	0.833333	0.625	0.875
94	0.75	0.5	0.916667
95	0.75	0.5	0.875
96	0.75	0.5	0.916667
97	0.75	0.5	0.916667
98	0.833333	0.5	0.916667
99	0.833333	0.625	0.958333
100	0.75	0.5	0.958333
101	0.833333	0.5	0.875
102	0.916667	0.5	0.875
103	0.833333	0.5	0.916667
104	0.833333	0.5	0.875
105	0.916667	0.625	0.916667
106	0.833333	0.625	0.875
107	0.833333	0.625	0.916667
108	0.833333	0.625	0.875
109	0.75	0.5	0.875
110	0.75	0.5	0.875
111	0.75	0.5	0.916667
112	0.75	0.5	0.833333
113	0.833333	0.5	0.875
114	0.75	0.5	0.875
115	0.75	0.5	0.916667
116	0.75	0.5	0.791667
117	0.833333	0.5	0.791667
118	0.75	0.5	0.833333
119	0.75	0.5	0.833333
120	0.833333	0.5	0.875
121	0.75	0.5	0.833333
122	0.833333	0.5	0.791667
123	0.75	0.5	0.875
124	0.75	0.5	0.916667
125	0.75	0.5	0.875
126	0.833333	0.625	0.916667
127	0.833333	0.5	0.833333
128	0.75	0.5	0.75
129	0.75	0.5	0.791667
130	0.75	0.5	0.833333
131	0.833333	0.625	0.875
132	0.75	0.5	0.875
133	0.833333	0.5	0.791667
134	0.75	0.5	0.833333
135	0.833333	0.625	0.791667
136	0.833333	0.625	0.833333
137	0.833333	0.5	0.833333
138	0.75	0.5	0.75
139	0.75	0.5	0.875
140	0.75	0.5	0.791667
141	0.833333	0.5	0.666667
142	0.833333	0.625	0.875
143	0.833333	0.625	0.875
144	0.916667	0.75	0.958333
145	0.833333	0.625	0.916667
146	0.833333	0.75	0.958333
147	0.833333	0.625	0.875
148	0.833333	0.75	0.958333
149	0.833333	0.75	0.916667
150	0.916667	0.875	1
151	0.916667	0.625	0.916667
152	0.916667	0.75	0.958333
153	0.833333	0.625	0.875
154	0.916667	0.75	0.916667
155	0.833333	0.625	0.791667
156	0.916667	0.75	0.916667
157	0.916667	0.875	0.958333
158	0.916667	0.75	0.875
159	0.833333	0.625	0.833333
160	0.833333	0.625	0.791667
161	0.833333	0.75	0.875
162	0.833333	0.625	0.833333
163	0.833333	0.625	0.791667
164	0.833333	0.75	0.875
165	0.916667	0.625	0.875
166	0.833333	0.625	0.833333
167	0.833333	0.75	0.875
168	0.833333	0.75	0.916667
169	0.833333	0.625	0.75
170	0.916667	0.75	0.875
171	0.833333	0.625	0.791667
172	0.833333	0.625	0.791667
173	0.833333	0.625	0.791667
174	0.833333	0.75	0.833333
175	0.916667	0.75	0.833333
176	0.916667	0.875	0.916667
177	0.916667	0.75	0.875
178	0.833333	0.75	0.875
179	0.916667	0.625	0.833333
180	0.833333	0.625	0.708333
181	1	0.875	0.958333
182	1	1	1
183	1	0.875	0.916667
184	0.916667	0.875	0.958333
185	0.916667	0.875	0.916667
186	0.916667	0.75	0.875
187	0.916667	0.75	0.875
188	1	0.75	0.916667
189	0.916667	0.75	0.875
190	0.916667	0.75	0.791667
191	1	0.625	0.833333
192	0.916667	0.625	0.875
193	0.916667	0.625	0.833333
194	0.916667	0.75	0.916667
195	0.833333	0.625	0.833333
196	1	0.75	0.916667
197	0.916667	0.625	0.833333
198	0.916667	0.75	0.875
199	1	0.75	0.916667
200	0.833333	0.625	0.75
201	0.833333	0.75	0.875
202	0.916667	0.875	0.916667
203	0.833333	0.75	0.875
204	0.916667	0.875	0.958333
205	0.833333	0.75	0.875
206	0.833333	0.75	0.916667
207	0.833333	0.75	0.791667
208	0.833333	0.75	0.875
209	0.916667	0.875	0.958333
210	1	0.875	0.958333
211	0.916667	0.75	0.875
212	0.833333	0.625	0.75
213	0.833333	0.625	0.75
214	0.833333	0.625	0.791667
215	0.833333	0.625	0.791667
216	0.916667	0.75	0.875
217	0.833333	0.625	0.75
218	0.916667	0.75	0.875
219	1	0.75	0.916667
220	0.833333	0.625	0.625
221	0.916667	0.75	0.791667
222	1	0.75	0.875
223	0.75	0.625	0.875
224	0.833333	0.75	0.958333
225	0.75	0.625	0.916667
226	0.75	0.625	0.916667
227	0.833333	0.625	0.875
228	0.833333	0.625	0.875
229	0.75	0.625	0.875
230	0.75	0.625	0.875
231	0.833333	0.75	0.916667
232	0.75	0.625	0.833333
233	0.833333	0.75	0.916667
234	0.916667	0.75	0.916667
235	0.833333	0.75	0.875
236	0.833333	0.625	0.875
237	0.75	0.625	0.875
238	0.75	0.625	0.833333
239	0.75	0.625	0.833333
240	0.833333	0.625	0.791667
241	0.833333	0.5	0.791667
242	0.833333	0.5	0.833333
243	0.75	0.5	0.875
244	0.75	0.5	0.833333
245	0.833333	0.5	0.833333
246	0.75	0.5	0.833333
247	0.75	0.5	0.791667
248	0.75	0.5	0.791667
249	0.833333	0.5	0.75
250	0.916667	0.625	0.875
251	0.916667	0.5	0.833333
252	0.916667	0.625	0.875
253	0.833333	0.5	0.791667
254	0.75	0.5	0.833333
255	0.75	0.5	0.833333
256	0.833333	0.625	0.916667
257	0.833333	0.625	0.875
258	0.75	0.5	0.75
259	0.75	0.5	0.833333
260	0.833333	0.625	0.916667
261	0.833333	0.5	0.875
262	0.833333	0.625	0.875
263	0.916667	0.625	0.875
264	0.833333	0.625	0.833333
265	0.833333	0.5	0.75
266	0.833333	0.5	0.791667
267	0.75	0.5	0.791667
268	0.75	0.5	0.791667
269	0.833333	0.5	0.75
270	0.833333	0.5	0.75
271	0.75	0.5	0.791667
272	0.75	0.5	0.75
273	0.833333	0.5	0.625
274	0.75	0.5	0.708333
275	0.916667	0.625	0.791667
276	0.833333	0.625	0.833333
277	0.833333	0.625	0.791667
278	0.833333	0.5	0.833333
279	0.833333	0.625	0.833333
280	0.833333	0.625	0.833333
281	0.833333	0.5	0.75
282	0.75	0.625	0.916667
283	0.833333	0.75	0.958333
284	0.75	0.625	0.875
285	0.75	0.625	0.833333
286	0.833333	0.75	0.916667
287	0.75	0.625	0.833333
288	0.75	0.625	0.833333
289	0.916667	0.75	0.916667
290	0.833333	0.75	0.875
291	0.833333	0.75	0.875
292	0.916667	0.875	0.958333
293	0.833333	0.75	0.875
294	0.75	0.625	0.791667
295	0.75	0.625	0.75
296	0.833333	0.625	0.916667
297	0.75	0.625	0.958333
298	0.75	0.625	0.916667
299	0.833333	0.625	0.916667
300	0.833333	0.625	0.916667
301	0.75	0.625	0.958333
302	0.75	0.625	0.875
303	0.75	0.625	0.916667
304	0.833333	0.75	0.958333
305	0.833333	0.75	1
306	0.833333	0.75	0.916667
307	0.916667	0.75	0.958333
308	0.75	0.625	0.916667
309	0.75	0.625	0.875
310	0.833333	0.625	0.833333
311	0.75	0.625	0.875
312	0.833333	0.75	0.958333
313	0.75	0.625	0.916667
314	0.75	0.625	0.875
315	0.75	0.625	0.916667
316	0.833333	0.75	0.958333
317	0.75	0.625	0.916667
318	0.75	0.625	0.875
319	0.833333	0.75	0.916667
320	0.75	0.625	0.875
321	0.916667	0.875	1
322	0.833333	0.75	0.958333
323	0.833333	0.75	0.916667
324	0.833333	0.75	0.958333
325	0.75	0.625	0.875
326	0.75	0.625	0.791667
327	0.75	0.625	0.875
328	0.916667	0.75	0.958333
329	1	0.875	0.958333
330	0.916667	0.75	0.916667
331	0.916667	0.75	0.916667
332	0.833333	0.75	0.916667
333	0.833333	0.75	0.875
334	0.916667	0.875	0.916667
335	0.916667	0.75	0.916667
336	0.833333	0.75	0.916667
337	0.833333	0.75	0.875
338	0.916667	0.75	0.833333
339	0.75	0.625	0.791667
340	0.75	0.625	0.833333
341	0.833333	0.75	0.875
342	0.833333	0.75	0.833333
343	0.75	0.625	0.833333
344	0.833333	0.625	0.833333
345	0.833333	0.625	0.875
346	0.833333	0.625	0.791667
347	0.833333	0.625	0.875
348	0.75	0.625	0.875
349	0.833333	0.625	0.791667
350	0.833333	0.625	0.833333
351	0.833333	0.625	0.875
352	0.75	0.625	0.833333
353	0.75	0.625	0.833333
354	0.833333	0.625	0.791667
355	0.833333	0.75	0.916667
356	0.916667	0.75	0.916667
357	0.833333	0.75	0.875
358	0.916667	0.75	0.916667
359	0.916667	0.75	0.916667
360	0.916667	0.75	0.833333
361	1	0.75	0.916667
362	0.916667	0.75	0.833333
363	0.833333	0.625	0.833333
364	0.833333	0.625	0.791667
365	0.75	0.625	0.75
366	0.75	0.625	0.833333
367	0.833333	0.625	0.875
368	0.833333	0.625	0.833333
369	0.75	0.625	0.75
370	0.833333	0.625	0.666667
371	0.75	0.5	0.833333
372	0.833333	0.5	0.791667
373	0.75	0.5	0.791667
374	0.833333	0.5	0.791667
375	0.833333	0.5	0.875
376	0.75	0.5	0.875
377	0.833333	0.5	0.875
378	0.75	0.5	0.916667
379	0.833333	0.5	0.875
380	0.75	0.5	0.875
381	0.75	0.5	0.833333
382	0.833333	0.625	0.916667
383	0.75	0.5	0.833333
384	0.833333	0.5	0.791667
385	0.75	0.5	0.791667
386	0.833333	0.5	0.791667
387	0.916667	0.625	0.875
388	0.833333	0.5	0.75
389	0.833333	0.5	0.791667
390	0.833333	0.5	0.833333
391	0.833333	0.625	0.875
392	0.75	0.5	0.791667
393	0.833333	0.5	0.75
394	0.916667	0.625	0.875
395	0.833333	0.5	0.791667
396	0.916667	0.625	0.875
397	0.833333	0.5	0.75
398	0.833333	0.5	0.875
399	0.833333	0.5	0.833333
400	0.75	0.5	0.916667
401	0.75	0.5	0.875
402	0.75	0.5	0.875
403	0.75	0.5	0.833333
404	0.75	0.5	0.833333
405	0.833333	0.5	0.875
406	0.833333	0.5	0.791667
407	0.833333	0.5	0.708333
408	0.833333	0.5	0.75
409	0.833333	0.5	0.791667
410	0.916667	0.625	0.875
411	0.916667	0.5	0.833333
412	0.916667	0.625	0.833333
413	0.833333	0.5	0.708333
414	0.75	0.5	0.875
415	0.75	0.5	0.833333
416	0.75	0.5	0.75
417	0.75	0.5	0.791667
418	0.833333	0.625	0.875
419	0.75	0.5	0.833333
420	0.75	0.5	0.833333
421	0.833333	0.625	0.916667
422	0.833333	0.5	0.875
423	0.916667	0.625	0.875
424	0.833333	0.5	0.791667
425	0.833333	0.5	0.75
426	0.916667	0.5	0.833333
427	0.833333	0.625	0.833333
428	0.75	0.5	0.75
429	0.833333	0.5	0.791667
430	0.75	0.5	0.708333
431	0.916667	0.625	0.791667
432	0.833333	0.5	0.625
433	0.833333	0.5	0.708333
434	0.75	0.5	0.75
435	0.75	0.5	0.791667
436	0.833333	0.5	0.833333
437	0.75	0.5	0.791667
438	0.833333	0.5	0.833333
439	0.75	0.5	0.75
440	0.833333	0.625	0.833333
441	0.833333	0.5	0.75
442	0.833333	0.625	0.916667
443	0.75	0.5	0.833333
444	0.75	0.5	0.833333
445	0.75	0.5	0.75
446	0.75	0.5	0.875
447	0.75	0.5	0.791667
448	0.833333	0.625	0.875
449	0.833333	0.625	0.875
450	0.833333	0.625	0.958333
451	0.833333	0.625	0.875
452	0.916667	0.75	0.958333
453	0.916667	0.625	0.916667
454	0.75	0.5	0.875
455	0.75	0.5	0.75
456	0.75	0.5	0.791667
457	0.833333	0.625	0.875
458	0.833333	0.625	0.916667
459	0.833333	0.625	0.958333
460	0.916667	0.625	0.916667
461	0.916667	0.625	0.916667
462	0.833333	0.625	0.875
463	0.833333	0.5	0.833333
464	0.833333	0.5	0.833333
465	0.833333	0.5	0.916667
466	0.916667	0.625	0.916667
467	0.833333	0.5	0.875
468	0.916667	0.5	0.833333
469	0.75	0.5	0.833333
470	0.833333	0.625	0.875
471	0.75	0.5	0.75
472	0.75	0.5	0.875
473	0.833333	0.625	0.875
474	0.75	0.5	0.75
475	0.916667	0.75	0.916667
476	0.833333	0.625	0.791667
477	0.833333	0.625	0.916667
478	0.75	0.5	0.791667
479	0.833333	0.625	0.791667
480	0.916667	0.625	0.875
481	0.75	0.5	0.625
482	0.916667	0.625	0.875
483	0.916667	0.625	0.833333
484	0.833333	0.5	0.708333
485	0.916667	0.5	0.833333
486	0.833333	0.5	0.791667
487	0.833333	0.5	0.791667
488	0.833333	0.5	0.791667
489	0.833333	0.625	0.916667
490	0.75	0.5	0.833333
491	0.75	0.5	0.833333
492	0.75	0.5	0.833333
493	0.833333	0.5	0.875
494	0.833333	0.625	0.875
495	0.75	0.5	0.75
496	0.833333	0.625	0.833333
497	0.75	0.5	0.75
498	0.75	0.5	0.708333
499	0.75	0.5	0.75
500	0.833333	0.625	0.833333
501	0.833333	0.625	0.833333
502	0.833333	0.625	0.833333
503	0.916667	0.625	0.875
504	0.75	0.5	0.708333
505	0.916667	0.625	0.833333
506	0.833333	0.625	0.75
507	0.833333	0.5	0.791667
508	0.916667	0.5	0.791667
509	0.833333	0.5	0.791667
510	0.75	0.5	0.708333
511	0.75	0.5	0.583333
512	0.833333	0.625	0.75
513	0.833333	0.625	0.833333
514	0.833333	0.625	0.875
515	0.833333	0.625	0.875
516	0.916667	0.625	0.916667
517	0.916667	0.625	0.916667
518	0.833333	0.625	0.875
519	0.916667	0.625	0.916667
520	0.916667	0.625	0.833333
521	0.833333	0.5	0.666667
522	0.833333	0.5	0.791667
523	0.916667	0.5	0.875
524	0.75	0.5	0.791667
525	0.833333	0.5	0.791667
526	0.833333	0.5	0.791667
527	0.833333	0.5	0.833333
528	0.833333	0.5	0.833333
529	0.833333	0.5	0.791667
530	0.916667	0.625	0.791667
531	0.916667	0.625	0.833333
532	0.833333	0.5	0.708333
533	0.833333	0.5	0.708333
534	0.833333	0.5	0.625
535	0.833333	0.5	0.708333
536	0.916667	0.75	0.875
537	0.916667	0.625	0.791667
538	0.833333	0.625	0.791667
539	0.833333	0.625	0.791667
540	1	0.75	0.916667
541	1	0.75	0.916667
542	0.916667	0.625	0.833333
543	0.916667	0.625	0.833333
544	1	0.625	0.875
545	1	0.625	0.875
546	0.916667	0.625	0.791667
547	0.916667	0.625	0.791667
548	0.833333	0.5	0.708333
549	0.833333	0.5	0.708333
550	0.833333	0.5	0.625
551	0.916667	0.625	0.791667
552	0.916667	0.625	0.833333
553	0.833333	0.5	0.708333
554	1	0.625	0.875
555	0.916667	0.625	0.791667
556	0.833333	0.625	0.791667
557	0.916667	0.625	0.791667
558	0.916667	0.75	0.833333
559	1	0.75	0.833333
560	0.916667	0.625	0.666667
561	0.833333	0.625	0.791667
562	0.833333	0.625	0.791667
563	0.833333	0.5	0.708333
564	0.916667	0.625	0.791667
565	1	0.625	0.875
566	1	0.625	0.875
567	0.916667	0.5	0.75
568	1	0.5	0.791667
569	0.75	0.5	0.666667
570	0.833333	0.5	0.708333
571	0.916667	0.5	0.75
572	0.833333	0.5	0.625
573	1	0.625	0.791667
574	0.916667	0.625	0.666667
575	0.916667	0.625	0.75
576	0.833333	0.625	0.708333
577	0.916667	0.625	0.791667
578	0.916667	0.625	0.833333
579	0.916667	0.625	0.833333
580	0.916667	0.625	0.791667
581	0.916667	0.5	0.666667
582	0.833333	0.5	0.458333
583	0.75	0.5	0.916667
584	0.75	0.5	0.916667
585	0.75	0.5	0.916667
586	0.75	0.5	0.916667
587	0.75	0.5	0.916667
588	0.75	0.5	0.875
589	0.75	0.5	0.875
590	0.833333	0.625	0.916667
591	0.75	0.5	0.875
592	0.833333	0.5	0.875
593	0.75	0.5	0.875
594	0.833333	0.5	0.875
595	0.75	0.5	0.833333
596	0.75	0.5	0.875
597	0.75	0.5	0.833333
598	0.75	0.5	0.875
599	0.75	0.5	0.875
600	0.75	0.5	0.833333
601	0.833333	0.5	0.875
602	0.833333	0.625	0.916667
603	0.833333	0.5	0.875
604	0.75	0.5	0.833333
605	0.833333	0.5	0.833333
606	0.833333	0.625	0.875
607	0.75	0.5	0.875
608	0.75	0.5	0.833333
609	0.75	0.5	0.875
610	0.75	0.5	0.833333
611	0.833333	0.625	0.916667
612	0.833333	0.625	0.916667
613	0.833333	0.625	0.875
614	0.833333	0.625	0.875
615	0.833333	0.5	0.833333
616	0.833333	0.5	0.875
617	0.833333	0.5	0.791667
618	0.833333	0.5	0.875
619	0.833333	0.5	0.875
620	0.833333	0.5	0.875
621	0.833333	0.5	0.833333
622	0.833333	0.5	0.791667
623	0.75	0.5	0.916667
624	0.75	0.5	0.875
625	0.75	0.5	0.916667
626	0.75	0.5	0.875
627	0.75	0.5	0.916667
628	0.75	0.5	0.916667
629	0.833333	0.625	0.875
630	0.75	0.5	0.833333
631	0.833333	0.5	0.833333
632	0.833333	0.625	0.875
633	0.833333	0.625	0.875
634	0.833333	0.625	0.916667
635	0.833333	0.625	0.916667
636	0.833333	0.625	0.916667
637	0.833333	0.5	0.875
638	0.75	0.5	0.833333
639	0.75	0.5	0.875
640	0.75	0.5	0.833333
641	0.75	0.5	0.833333
642	0.75	0.5	0.75
643	0.75	0.5	0.791667
644	0.75	0.5	0.875
645	0.833333	0.5	0.875
646	0.75	0.5	0.833333
647	0.75	0.5	0.833333
648	0.75	0.5	0.875
649	0.833333	0.5	0.791667
650	0.833333	0.5	0.875
651	0.833333	0.5	0.833333
652	0.833333	0.5	0.916667
653	0.916667	0.625	0.916667
654	0.75	0.5	0.916667
655	0.75	0.5	0.916667
656	0.75	0.5	0.958333
657	0.833333	0.625	0.958333
658	0.833333	0.625	0.875
659	0.833333	0.625	0.916667
660	0.833333	0.625	0.958333
661	0.916667	0.75	0.958333
662	0.833333	0.625	0.875
663	0.75	0.5	0.833333
664	0.833333	0.5	0.791667
665	0.75	0.5	0.875
666	0.75	0.5	0.958333
667	0.75	0.5	0.916667
668	0.75	0.5	0.916667
669	0.833333	0.625	0.958333
670	0.833333	0.5	0.916667
671	0.75	0.5	0.916667
672	0.833333	0.625	0.958333
673	0.833333	0.625	0.916667
674	0.833333	0.625	0.958333
675	0.833333	0.625	0.916667
676	0.833333	0.625	0.958333
677	0.75	0.5	0.916667
678	0.75	0.5	0.916667
679	0.75	0.5	0.958333
680	0.75	0.5	0.916667
681	0.833333	0.5	0.916667
682	0.75	0.5	0.916667
683	0.833333	0.5	0.916667
684	0.75	0.5	0.916667
685	0.75	0.5	0.958333
686	0.75	0.5	0.875
687	0.75	0.5	0.916667
688	0.75	0.5	0.875
689	0.833333	0.5	0.833333
690	0.833333	0.5	0.875
691	0.833333	0.5	0.916667
692	0.75	0.5	0.875
693	0.75	0.5	0.875
694	0.75	0.5	0.916667
695	0.75	0.5	0.875
696	0.75	0.5	0.916667
697	0.75	0.5	0.916667
698	0.75	0.5	0.875
699	0.75	0.5	0.958333
700	0.75	0.5	0.958333
701	0.833333	0.625	0.916667
702	0.75	0.5	0.833333
703	0.75	0.5	0.875
704	0.75	0.5	0.791667
705	0.75	0.5	0.875
706	0.75	0.5	0.875
707	0.75	0.5	0.875
708	0.833333	0.625	0.958333
709	0.833333	0.625	0.958333
710	0.833333	0.625	0.958333
711	0.833333	0.625	0.916667
712	0.833333	0.625	0.958333
713	0.833333	0.625	0.916667
714	0.75	0.5	0.833333
715	0.916667	0.75	0.958333
716	0.833333	0.625	0.875
717	0.916667	0.625	0.916667
718	0.833333	0.5	0.791667
719	0.75	0.5	0.833333
720	0.833333	0.625	0.875
721	0.916667	0.625	0.916667
722	0.833333	0.625	0.916667
723	0.75	0.5	0.833333
724	0.833333	0.625	0.916667
725	0.916667	0.75	0.958333
726	0.833333	0.625	0.875
727	0.833333	0.625	0.875
728	0.75	0.5	0.833333
729	0.833333	0.5	0.791667
730	0.916667	0.625	0.916667
731	0.916667	0.625	0.833333
732	0.916667	0.625	0.875
733	0.916667	0.625	0.875
734	0.833333	0.625	0.875
735	0.833333	0.5	0.791667
736	0.75	0.5	0.833333
737	0.75	0.5	0.833333
738	0.833333	0.625	0.916667
739	0.833333	0.625	0.916667
740	0.916667	0.75	0.958333
741	0.833333	0.625	0.875
742	0.833333	0.625	0.875
743	0.833333	0.625	0.875
744	0.833333	0.625	0.875
745	0.75	0.5	0.791667
746	0.75	0.5	0.75
747	0.75	0.5	0.791667
748	0.833333	0.625	0.791667
749	0.833333	0.625	0.833333
750	0.833333	0.625	0.833333
751	0.916667	0.75	0.916667
752	0.916667	0.75	0.916667
753	0.916667	0.75	0.916667
754	0.75	0.5	0.75
755	0.75	0.5	0.791667
756	0.833333	0.5	0.75
757	0.833333	0.5	0.666667
758	0.75	0.5	0.791667
759	0.833333	0.625	0.875
760	0.833333	0.625	0.875
761	0.833333	0.625	0.875
762	0.833333	0.625	0.833333
763	0.833333	0.625	0.791667
764	0.833333	0.375	0.791667
765	0.75	0.375	0.833333
766	0.75	0.375	0.875
767	0.833333	0.5	0.875
768	0.833333	0.5	0.916667
769	0.75	0.375	0.916667
770	0.833333	0.375	0.875
771	0.833333	0.375	0.875
772	0.75	0.375	0.875
773	0.75	0.375	0.916667
774	0.833333	0.375	0.875
775	0.75	0.375	0.833333
776	0.833333	0.5	0.916667
777	0.75	0.375	0.875
778	0.75	0.375	0.916667
779	0.75	0.375	0.875
780	0.75	0.375	0.916667
781	0.75	0.375	0.875
782	0.75	0.375	0.916667
783	0.75	0.375	0.916667
784	0.75	0.375	0.875
785	0.75	0.375	0.875
786	0.75	0.375	0.791667
787	0.75	0.375	0.875
788	0.75	0.375	0.875
789	0.75	0.375	0.916667
790	0.75	0.375	0.916667
791	0.75	0.375	0.916667
792	0.75	0.375	0.875
793	0.75	0.375	0.875
794	0.75	0.375	0.916667
795	0.833333	0.375	0.875
796	0.75	0.375	0.875
797	0.833333	0.5	0.916667
798	0.75	0.375	0.875
799	0.833333	0.375	0.875
800	0.75	0.375	0.833333
801	0.75	0.375	0.875
802	0.833333	0.375	0.875
803	0.833333	0.375	0.791667
804	0.75	0.375	0.833333
805	0.833333	0.5	0.875
806	0.833333	0.5	0.916667
807	0.75	0.375	0.833333
808	0.75	0.375	0.875
809	0.75	0.375	0.875
810	0.75	0.375	0.833333
811	0.75	0.375	0.875
812	0.833333	0.5	0.875
813	0.833333	0.5	0.916667
814	0.833333	0.375	0.875
815	0.833333	0.375	0.875
816	0.75	0.375	0.875
817	0.833333	0.375	0.875
818	0.833333	0.375	0.791667
819	0.75	0.375	0.833333
820	0.75	0.375	0.833333
821	0.75	0.375	0.875
822	0.75	0.375	0.875
823	0.75	0.375	0.833333
824	0.75	0.375	0.833333
825	0.75	0.375	0.833333
826	0.75	0.375	0.791667
827	0.75	0.375	0.75
828	0.75	0.375	0.833333
829	0.75	0.375	0.833333
830	0.75	0.375	0.833333
831	0.75	0.375	0.833333
832	0.833333	0.5	0.916667
833	0.75	0.375	0.875
834	0.833333	0.375	0.875
835	0.833333	0.375	0.875
836	0.833333	0.375	0.875
837	0.833333	0.5	0.916667
838	0.75	0.375	0.875
839	0.75	0.375	0.833333
840	0.833333	0.5	0.875
841	0.75	0.375	0.833333
842	0.833333	0.375	0.791667
843	0.833333	0.5	0.875
844	0.833333	0.5	0.875
845	0.833333	0.5	0.875
846	0.833333	0.375	0.833333
847	0.75	0.375	0.833333
848	0.75	0.375	0.791667
849	0.833333	0.375	0.833333
850	0.833333	0.375	0.791667
851	0.75	0.375	0.833333
852	0.75	0.375	0.833333
853	0.75	0.375	0.75
854	0.75	0.375	0.791667
855	0.75	0.375	0.75
856	0.75	0.375	0.833333
857	0.75	0.375	0.833333
858	0.75	0.375	0.833333
859	0.833333	0.375	0.833333
860	0.833333	0.5	0.875
861	0.833333	0.5	0.875
862	0.833333	0.5	0.875
863	0.833333	0.375	0.791667
864	0.833333	0.375	0.833333
865	0.833333	0.375	0.791667
866	0.833333	0.375	0.833333
867	0.833333	0.5	0.833333
868	0.833333	0.5	0.791667
869	0.833333	0.375	0.666667
870	0.833333	0.5	0.833333
871	0.833333	0.5	0.833333
872	0.916667	0.625	0.916667
873	0.833333	0.5	0.875
874	0.75	0.375	0.791667
875	0.75	0.375	0.833333
876	0.75	0.375	0.791667
877	0.833333	0.5	0.833333
878	0.916667	0.5	0.875
879	0.916667	0.5	0.875
880	0.833333	0.5	0.916667
881	0.75	0.375	0.875
882	0.75	0.375	0.833333
883	0.75	0.375	0.833333
884	0.833333	0.375	0.833333
885	0.833333	0.375	0.833333
886	0.833333	0.375	0.833333
887	0.833333	0.375	0.791667
888	0.833333	0.375	0.75
889	0.833333	0.375	0.791667
890	0.833333	0.375	0.75
891	0.833333	0.375	0.75
892	0.916667	0.5	0.791667
893	0.833333	0.375	0.708333
894	0.833333	0.375	0.791667
895	0.833333	0.375	0.791667
896	0.833333	0.375	0.708333
897	0.833333	0.375	0.75
898	0.916667	0.5	0.833333
899	0.916667	0.5	0.833333
900	0.916667	0.5	0.875
901	0.916667	0.5	0.875
902	0.833333	0.375	0.833333
903	0.833333	0.375	0.791667
904	0.833333	0.375	0.791667
905	0.833333	0.5	0.791667
906	0.833333	0.5	0.791667
907	0.916667	0.625	0.875
908	0.833333	0.5	0.791667
909	0.833333	0.5	0.791667
910	0.833333	0.5	0.75
911	0.833333	0.5	0.833333
912	0.833333	0.5	0.791667
913	0.916667	0.625	0.875
914	0.916667	0.625	0.875
915	0.916667	0.625	0.875
916	0.916667	0.625	0.916667
917	0.833333	0.5	0.833333
918	0.833333	0.5	0.75
919	0.75	0.375	0.833333
920	0.75	0.375	0.833333
921	0.833333	0.5	0.916667
922	0.833333	0.375	0.75
923	0.833333	0.375	0.791667
924	0.75	0.375	0.791667
925	0.833333	0.5	0.875
926	0.75	0.375	0.791667
927	0.833333	0.375	0.75
928	0.833333	0.5	0.833333
929	0.916667	0.5	0.875
930	0.75	0.375	0.791667
931	0.833333	0.375	0.791667
932	0.75	0.375	0.833333
933	0.833333	0.375	0.791667
934	0.833333	0.5	0.875
935	0.833333	0.5	0.791667
936	0.833333	0.5	0.833333
937	0.916667	0.5	0.833333
938	0.833333	0.375	0.708333
939	0.75	0.375	0.75
940	0.75	0.375	0.791667
941	0.833333	0.375	0.791667
942	0.75	0.375	0.833333
943	0.75	0.375	0.791667
944	0.75	0.375	0.875
945	0.75	0.375	0.875
946	0.75	0.375	0.833333
947	0.833333	0.375	0.791667
948	0.833333	0.375	0.75
949	0.833333	0.375	0.833333
950	0.75	0.375	0.791667
951	0.833333	0.375	0.791667
952	0.833333	0.375	0.833333
953	0.833333	0.375	0.75
954	0.75	0.375	0.833333
955	0.75	0.375	0.791667
956	0.75	0.375	0.791667
957	0.75	0.375	0.791667
958	0.833333	0.5	0.875
959	0.75	0.375	0.75
960	0.75	0.375	0.833333
961	0.75	0.375	0.833333
962	0.75	0.375	0.833333
963	0.833333	0.5	0.916667
964	0.833333	0.5	0.916667
965	0.75	0.375	0.833333
966	0.75	0.375	0.75
967	0.833333	0.5	0.875
968	0.833333	0.375	0.75
969	0.833333	0.375	0.791667
970	0.833333	0.375	0.708333
971	0.833333	0.375	0.708333
972	0.833333	0.375	0.75
973	0.75	0.375	0.791667
974	0.833333	0.375	0.625
975	0.833333	0.375	0.708333
976	0.75	0.375	0.708333
977	0.75	0.375	0.75
978	0.75	0.375	0.75
979	0.833333	0.375	0.708333
980	0.75	0.375	0.75
981	0.833333	0.5	0.833333
982	0.916667	0.5	0.833333
983	0.833333	0.5	0.791667
984	0.833333	0.5	0.833333
985	0.833333	0.5	0.833333
986	0.833333	0.5	0.833333
987	0.916667	0.5	0.875
988	0.916667	0.5	0.833333
989	0.833333	0.5	0.75
990	0.916667	0.5	0.791667
991	0.75	0.375	0.791667
992	0.833333	0.375	0.75
993	0.75	0.375	0.75
994	0.75	0.375	0.708333
995	0.833333	0.375	0.625
996	0.833333	0.5	0.791667
997	0.833333	0.5	0.791667
998	0.833333	0.5	0.833333
999	0.916667	0.625	0.875
1000	0.916667	0.5	0.833333
1001	0.916667	0.625	0.833333
1002	0.833333	0.5	0.708333
1003	0.833333	0.5	0.833333
1004	0.833333	0.5	0.833333
1005	0.833333	0.5	0.791667
1006	0.833333	0.5	0.833333
1007	0.833333	0.5	0.75
1008	0.833333	0.5	0.791667
1009	0.833333	0.5	0.875
1010	0.833333	0.5	0.833333
1011	0.833333	0.5	0.833333
1012	0.833333	0.5	0.791667
1013	0.833333	0.5	0.833333
1014	0.833333	0.5	0.833333
1015	0.833333	0.5	0.875
1016	0.833333	0.5	0.75
1017	0.833333	0.5	0.833333
1018	0.833333	0.5	0.875
1019	0.833333	0.5	0.833333
1020	0.833333	0.5	0.75
1021	0.916667	0.625	0.875
1022	0.833333	0.5	0.75
1023	0.916667	0.625	0.875
1024	0.916667	0.625	0.833333
1025	0.916667	0.625	0.791667
1026	0.916667	0.625	0.875
1027	0.833333	0.5	0.75
1028	0.833333	0.5	0.625
1029	0.916667	0.625	0.875
1030	0.916667	0.5	0.833333
1031	0.916667	0.625	0.916667
1032	0.916667	0.5	0.875
1033	0.916667	0.625	0.916667
1034	0.916667	0.5	0.875
1035	0.916667	0.625	0.875
1036	0.916667	0.625	0.875
1037	0.916667	0.5	0.875
1038	0.916667	0.5	0.791667
1039	0.75	0.375	0.875
1040	0.75	0.375	0.833333
1041	0.833333	0.375	0.875
1042	0.75	0.375	0.75
1043	0.833333	0.5	0.875
1044	0.75	0.375	0.833333
1045	0.75	0.375	0.875
1046	0.833333	0.375	0.875
1047	0.833333	0.5	0.916667
1048	0.75	0.375	0.833333
1049	0.833333	0.5	0.916667
1050	0.75	0.375	0.875
1051	0.75	0.375	0.833333
1052	0.833333	0.375	0.875
1053	0.833333	0.5	0.875
1054	0.833333	0.375	0.833333
1055	0.75	0.375	0.833333
1056	0.75	0.375	0.791667
1057	0.833333	0.5	0.916667
1058	0.833333	0.5	0.875
1059	0.833333	0.5	0.875
1060	0.75	0.375	0.791667
1061	0.75	0.375	0.833333
1062	0.833333	0.375	0.875
1063	0.833333	0.375	0.791667
1064	0.75	0.375	0.833333
1065	0.75	0.375	0.875
1066	0.75	0.375	0.833333
1067	0.75	0.375	0.75
1068	0.75	0.375	0.75
1069	0.833333	0.5	0.875
1070	0.75	0.375	0.833333
1071	0.75	0.375	0.833333
1072	0.833333	0.5	0.875
1073	0.75	0.375	0.75
1074	0.833333	0.5	0.875
1075	0.75	0.375	0.75
1076	0.75	0.375	0.833333
1077	0.833333	0.5	0.791667
1078	0.833333	0.5	0.833333
1079	0.75	0.375	0.791667
1080	0.75	0.375	0.75
1081	0.75	0.375	0.625
1082	0.833333	0.5	0.791667
1083	0.833333	0.5	0.833333
1084	0.833333	0.5	0.75
1085	0.833333	0.5	0.833333
1086	0.833333	0.5	0.791667
1087	0.75	0.375	0.791667
1088	0.75	0.375	0.75
1089	0.75	0.375	0.75
1090	0.75	0.375	0.791667
1091	0.75	0.375	0.75
1092	0.75	0.375	0.708333
1093	0.833333	0.375	0.833333
1094	0.75	0.375	0.833333
1095	0.833333	0.375	0.833333
1096	0.75	0.375	0.833333
1097	0.833333	0.375	0.75
1098	0.833333	0.375	0.791667
1099	0.833333	0.375	0.791667
1100	0.75	0.375	0.791667
1101	0.75	0.375	0.791667
1102	0.75	0.375	0.791667
1103	0.75	0.375	0.791667
1104	0.75	0.375	0.791667
1105	0.75	0.375	0.708333
1106	0.75	0.375	0.583333
1107	0.75	0.375	0.666667
1108	0.75	0.375	0.708333
1109	0.75	0.375	0.708333
1110	0.75	0.375	0.791667
1111	0.75	0.375	0.708333
1112	0.75	0.375	0.75
1113	0.75	0.375	0.791667
1114	0.75	0.375	0.75
1115	0.916667	0.5	0.875
1116	0.916667	0.5	0.791667
1117	0.833333	0.5	0.791667
1118	0.833333	0.5	0.833333
1119	0.833333	0.5	0.833333
1120	0.833333	0.5	0.791667
1121	0.916667	0.5	0.791667
1122	0.833333	0.5	0.791667
1123	0.833333	0.5	0.75
1124	0.833333	0.5	0.791667
1125	0.833333	0.5	0.833333
1126	0.916667	0.5	0.833333
1127	0.833333	0.5	0.791667
1128	0.916667	0.5	0.833333
1129	0.916667	0.5	0.875
1130	0.833333	0.5	0.833333
1131	0.833333	0.5	0.791667
1132	0.833333	0.5	0.75
1133	0.916667	0.5	0.833333
1134	0.916667	0.5	0.791667
1135	0.833333	0.5	0.708333
1136	0.833333	0.5	0.791667
1137	0.833333	0.5	0.708333
1138	0.916667	0.5	0.791667
1139	0.916667	0.5	0.75
1140	0.916667	0.5	0.666667
1141	0.833333	0.375	0.833333
1142	0.833333	0.375	0.833333
1143	0.75	0.375	0.791667
1144	0.75	0.375	0.75
1145	0.916667	0.375	0.833333
1146	0.833333	0.375	0.75
1147	0.833333	0.375	0.75
1148	0.833333	0.375	0.791667
1149	0.833333	0.375	0.75
1150	0.833333	0.375	0.625
1151	0.833333	0.375	0.833333
1152	0.833333	0.375	0.791667
1153	0.833333	0.375	0.75
1154	0.833333	0.375	0.708333
1155	0.833333	0.375	0.833333
1156	0.833333	0.375	0.791667
1157	0.833333	0.375	0.791667
1158	0.833333	0.375	0.791667
1159	0.833333	0.375	0.708333
1160	0.75	0.375	0.791667
1161	0.833333	0.375	0.833333
1162	0.833333	0.375	0.75
1163	0.833333	0.375	0.791667
1164	0.833333	0.375	0.791667
1165	0.833333	0.375	0.75
1166	0.833333	0.375	0.791667
1167	0.833333	0.375	0.833333
1168	0.833333	0.375	0.75
1169	0.833333	0.375	0.625
1170	0.833333	0.375	0.708333
1171	0.75	0.375	0.791667
1172	0.75	0.375	0.75
1173	0.75	0.375	0.75
1174	0.75	0.375	0.708333
1175	0.833333	0.375	0.625
1176	0.833333	0.375	0.625
1177	0.833333	0.375	0.458333
1178	0.916667	0.375	0.833333
1179	0.916667	0.375	0.833333
1180	0.916667	0.375	0.75
1181	0.916667	0.375	0.791667
1182	0.916667	0.375	0.75
1183	0.833333	0.375	0.75
1184	0.75	0.375	0.75
1185	0.833333	0.375	0.75
1186	0.833333	0.375	0.708333
1187	0.75	0.375	0.708333
1188	0.833333	0.375	0.708333
1189	0.75	0.375	0.666667
1190	0.833333	0.375	0.75
1191	0.75	0.375	0.75
1192	0.75	0.375	0.666667
1193	0.833333	0.375	0.625
1194	0.833333	0.375	0.708333
1195	0.833333	0.375	0.75
1196	0.833333	0.375	0.625
1197	0.75	0.5	0.916667
1198	0.75	0.5	0.916667
1199	0.833333	0.625	0.958333
1200	0.75	0.5	0.916667
1201	0.75	0.5	0.875
1202	0.75	0.5	0.875
1203	0.833333	0.625	0.916667
1204	0.75	0.5	0.833333
1205	0.75	0.5	0.875
1206	0.833333	0.625	0.916667
1207	0.75	0.5	0.833333
1208	0.75	0.5	0.75
1209	0.833333	0.625	0.875
1210	0.75	0.5	0.833333
1211	0.833333	0.625	0.875
1212	0.833333	0.625	0.916667
1213	0.916667	0.75	0.958333
1214	0.916667	0.625	0.916667
1215	0.75	0.5	0.833333
1216	0.833333	0.625	0.875
1217	0.75	0.5	0.791667
1218	0.75	0.5	0.833333
1219	0.75	0.5	0.875
1220	0.833333	0.625	0.916667
1221	0.75	0.5	0.875
1222	0.75	0.5	0.916667
1223	0.75	0.5	0.833333
1224	0.833333	0.625	0.875
1225	0.833333	0.625	0.916667
1226	0.833333	0.625	0.916667
1227	0.833333	0.625	0.875
1228	0.75	0.5	0.875
1229	0.75	0.5	0.833333
1230	0.75	0.5	0.791667
1231	0.75	0.5	0.833333
1232	0.75	0.5	0.875
1233	0.75	0.5	0.916667
1234	0.75	0.5	0.875
1235	0.75	0.5	0.916667
1236	0.75	0.5	0.833333
1237	0.75	0.5	0.916667
1238	0.75	0.5	0.833333
1239	0.75	0.5	0.75
1240	0.75	0.5	0.833333
1241	0.75	0.5	0.833333
1242	0.75	0.5	0.875
1243	0.833333	0.625	0.875
1244	0.75	0.5	0.916667
1245	0.75	0.5	0.875
1246	0.75	0.5	0.833333
1247	0.833333	0.625	0.916667
1248	0.75	0.5	0.875
1249	0.75	0.5	0.833333
1250	0.833333	0.625	0.916667
1251	0.75	0.5	0.916667
1252	0.833333	0.625	0.958333
1253	0.833333	0.625	0.916667
1254	0.75	0.5	0.833333
1255	0.916667	0.75	0.958333
1256	0.916667	0.625	0.916667
1257	0.833333	0.625	0.875
1258	0.75	0.5	0.75
1259	0.75	0.5	0.791667
1260	0.833333	0.625	0.875
1261	0.75	0.5	0.833333
1262	0.75	0.5	0.791667
1263	0.75	0.5	0.833333
1264	0.75	0.5	0.833333
1265	0.75	0.5	0.791667
1266	0.833333	0.625	0.875
1267	0.75	0.5	0.833333
1268	0.833333	0.625	0.916667
1269	0.75	0.5	0.833333
1270	0.75	0.5	0.833333
1271	0.75	0.5	0.875
1272	0.75	0.5	0.875
1273	0.75	0.5	0.833333
1274	0.75	0.5	0.75
1275	0.833333	0.625	0.916667
1276	0.833333	0.625	0.875
1277	0.75	0.5	0.833333
1278	0.75	0.5	0.875
1279	0.75	0.5	0.875
1280	0.75	0.5	0.833333
1281	0.75	0.5	0.75
1282	0.75	0.5	0.833333
1283	0.75	0.5	0.875
1284	0.75	0.5	0.875
1285	0.75	0.5	0.916667
1286	0.75	0.5	0.916667
1287	0.75	0.5	0.916667
1288	0.833333	0.625	0.916667
1289	0.833333	0.625	0.958333
1290	0.833333	0.625	0.958333
1291	0.833333	0.625	0.916667
1292	0.833333	0.625	0.958333
1293	0.75	0.5	0.875
1294	0.75	0.5	0.916667
1295	0.75	0.5	0.875
1296	0.75	0.5	0.916667
1297	0.75	0.5	0.875
1298	0.75	0.5	0.916667
1299	0.75	0.5	0.875
1300	0.75	0.5	0.791667
1301	0.75	0.5	0.833333
1302	0.75	0.5	0.875
1303	0.75	0.5	0.875
1304	0.75	0.5	0.916667
1305	0.75	0.5	0.916667
1306	0.75	0.5	0.875
1307	0.75	0.5	0.833333
1308	0.75	0.5	0.833333
1309	0.75	0.5	0.875
1310	0.75	0.5	0.875
1311	0.833333	0.625	0.916667
1312	0.75	0.5	0.833333
1313	0.75	0.5	0.791667
1314	0.833333	0.625	0.875
1315	0.75	0.5	0.833333
1316	0.75	0.5	0.833333
1317	0.75	0.5	0.75
1318	0.75	0.5	0.791667
1319	0.75	0.5	0.875
1320	0.75	0.5	0.833333
1321	0.75	0.5	0.875
1322	0.833333	0.625	0.916667
1323	0.75	0.5	0.833333
1324	0.75	0.5	0.833333
1325	0.833333	0.625	0.875
1326	0.833333	0.625	0.875
1327	0.75	0.5	0.833333
1328	0.75	0.5	0.833333
1329	0.75	0.5	0.75
1330	0.75	0.5	0.791667
1331	0.75	0.5	0.833333
1332	0.75	0.5	0.833333
1333	0.75	0.5	0.791667
1334	0.75	0.5	0.791667
1335	0.75	0.5	0.75
1336	0.75	0.5	0.708333
1337	0.75	0.5	0.625
1338	0.75	0.5	0.75
1339	0.75	0.5	0.75
1340	0.75	0.5	0.791667
1341	0.833333	0.625	0.833333
1342	0.75	0.5	0.833333
1343	0.833333	0.625	0.875
1344	0.75	0.5	0.75
1345	0.833333	0.625	0.791667
1346	0.75	0.5	0.791667
1347	0.75	0.5	0.833333
1348	0.833333	0.625	0.875
1349	0.833333	0.625	0.833333
1350	0.833333	0.625	0.916667
1351	0.833333	0.625	0.916667
1352	0.833333	0.625	0.875
1353	0.916667	0.625	0.916667
1354	0.916667	0.75	0.958333
1355	0.833333	0.625	0.791667
1356	0.833333	0.625	0.875
1357	0.833333	0.625	0.833333
1358	0.833333	0.625	0.833333
1359	0.916667	0.75	0.916667
1360	0.916667	0.75	0.916667
1361	0.916667	0.75	0.916667
1362	0.833333	0.625	0.875
1363	0.833333	0.625	0.875
1364	0.833333	0.625	0.916667
1365	0.833333	0.625	0.875
1366	0.833333	0.625	0.875
1367	0.833333	0.625	0.875
1368	0.833333	0.625	0.875
1369	0.833333	0.625	0.916667
1370	0.916667	0.625	0.875
1371	0.916667	0.625	0.916667
1372	0.916667	0.625	0.833333
1373	0.75	0.375	0.875
1374	0.75	0.375	0.833333
1375	0.75	0.375	0.875
1376	0.75	0.375	0.833333
1377	0.75	0.375	0.833333
1378	0.75	0.375	0.791667
1379	0.75	0.375	0.833333
1380	0.75	0.375	0.833333
1381	0.75	0.375	0.875
1382	0.75	0.375	0.875
1383	0.75	0.375	0.875
1384	0.75	0.375	0.833333
1385	0.75	0.375	0.833333
1386	0.75	0.375	0.875
1387	0.75	0.375	0.833333
1388	0.75	0.375	0.833333
1389	0.75	0.375	0.75
1390	0.75	0.375	0.875
1391	0.75	0.375	0.875
1392	0.75	0.375	0.833333
1393	0.833333	0.375	0.875
1394	0.75	0.375	0.833333
1395	0.75	0.375	0.833333
1396	0.833333	0.5	0.916667
1397	0.75	0.375	0.875
1398	0.75	0.375	0.875
1399	0.833333	0.5	0.875
1400	0.75	0.375	0.833333
1401	0.75	0.375	0.833333
1402	0.75	0.375	0.75
1403	0.833333	0.375	0.875
1404	0.75	0.375	0.875
1405	0.833333	0.5	0.916667
1406	0.75	0.375	0.833333
1407	0.75	0.375	0.875
1408	0.833333	0.5	0.875
1409	0.833333	0.5	0.916667
1410	0.75	0.375	0.875
1411	0.75	0.375	0.833333
1412	0.75	0.375	0.875
1413	0.75	0.375	0.833333
1414	0.75	0.375	0.75
1415	0.75	0.375	0.833333
1416	0.75	0.375	0.833333
1417	0.833333	0.5	0.916667
1418	0.833333	0.5	0.916667
1419	0.833333	0.5	0.875
1420	0.833333	0.5	0.875
1421	0.833333	0.5	0.875
1422	0.833333	0.5	0.833333
1423	0.833333	0.5	0.916667
1424	0.833333	0.5	0.875
1425	0.833333	0.5	0.875
1426	0.833333	0.5	0.791667
1427	0.833333	0.5	0.875
1428	0.833333	0.5	0.875
1429	0.833333	0.5	0.916667
1430	0.833333	0.5	0.875
1431	0.75	0.375	0.833333
1432	0.75	0.375	0.875
1433	0.75	0.375	0.833333
1434	0.75	0.375	0.833333
1435	0.75	0.375	0.833333
1436	0.75	0.375	0.875
1437	0.75	0.375	0.833333
1438	0.75	0.375	0.833333
1439	0.75	0.375	0.833333
1440	0.75	0.375	0.791667
1441	0.75	0.375	0.75
1442	0.75	0.375	0.791667
1443	0.75	0.375	0.833333
1444	0.75	0.375	0.791667
1445	0.75	0.375	0.833333
1446	0.75	0.375	0.75
1447	0.75	0.375	0.833333
1448	0.75	0.375	0.875
1449	0.75	0.375	0.833333
1450	0.75	0.375	0.833333
1451	0.75	0.375	0.833333
1452	0.75	0.375	0.833333
1453	0.75	0.375	0.75
1454	0.75	0.375	0.791667
1455	0.833333	0.375	0.875
1456	0.75	0.375	0.833333
1457	0.75	0.375	0.875
1458	0.75	0.375	0.833333
1459	0.75	0.375	0.75
1460	0.833333	0.375	0.791667
1461	0.833333	0.375	0.875
1462	0.833333	0.375	0.833333
1463	0.75	0.375	0.875
1464	0.75	0.375	0.833333
1465	0.75	0.375	0.791667
1466	0.75	0.375	0.833333
1467	0.75	0.375	0.833333
1468	0.75	0.375	0.833333
1469	0.75	0.375	0.75
1470	0.75	0.375	0.791667
1471	0.75	0.375	0.791667
1472	0.75	0.375	0.833333
1473	0.75	0.375	0.75
1474	0.75	0.375	0.75
1475	0.75	0.375	0.625
1476	0.833333	0.375	0.833333
1477	0.833333	0.375	0.791667
1478	0.916667	0.5	0.875
1479	0.833333	0.375	0.833333
1480	0.833333	0.375	0.791667
1481	0.916667	0.5	0.875
1482	0.833333	0.375	0.833333
1483	0.833333	0.375	0.791667
1484	0.916667	0.5	0.791667
1485	0.833333	0.375	0.75
1486	0.833333	0.375	0.708333
1487	0.916667	0.5	0.833333
1488	0.916667	0.5	0.833333
1489	0.833333	0.375	0.75
1490	0.833333	0.375	0.791667
1491	0.833333	0.375	0.708333
1492	0.833333	0.375	0.791667
1493	0.833333	0.5	0.833333
1494	0.833333	0.5	0.791667
1495	0.916667	0.5	0.833333
1496	0.833333	0.5	0.833333
1497	0.833333	0.5	0.791667
1498	0.916667	0.5	0.875
1499	0.916667	0.5	0.791667
1500	0.916667	0.5	0.875
1501	0.916667	0.5	0.833333
1502	0.833333	0.5	0.875
1503	0.833333	0.5	0.833333
1504	0.833333	0.5	0.833333
1505	0.833333	0.5	0.791667
1506	0.833333	0.5	0.875
1507	0.833333	0.5	0.833333
1508	0.833333	0.5	0.833333
1509	0.833333	0.5	0.75
1510	0.75	0.375	0.791667
1511	0.75	0.375	0.791667
1512	0.75	0.375	0.708333
1513	0.833333	0.5	0.833333
1514	0.75	0.375	0.791667
1515	0.833333	0.375	0.791667
1516	0.833333	0.375	0.833333
1517	0.833333	0.375	0.833333
1518	0.916667	0.375	0.791667
1519	0.833333	0.5	0.875
1520	0.916667	0.5	0.875
1521	0.833333	0.5	0.875
1522	0.75	0.375	0.833333
1523	0.75	0.375	0.833333
1524	0.75	0.375	0.791667
1525	0.75	0.375	0.791667
1526	0.75	0.375	0.833333
1527	0.75	0.375	0.791667
1528	0.75	0.375	0.791667
1529	0.75	0.375	0.791667
1530	0.75	0.375	0.791667
1531	0.75	0.375	0.833333
1532	0.75	0.375	0.791667
1533	0.75	0.375	0.75
1534	0.75	0.375	0.791667
1535	0.75	0.375	0.708333
1536	0.75	0.375	0.75
1537	0.75	0.375	0.791667
1538	0.75	0.375	0.75
1539	0.75	0.375	0.75
1540	0.75	0.375	0.791667
1541	0.75	0.375	0.75
1542	0.75	0.375	0.791667
1543	0.75	0.375	0.833333
1544	0.75	0.375	0.791667
1545	0.75	0.375	0.791667
1546	0.75	0.375	0.708333
1547	0.75	0.375	0.791667
1548	0.75	0.375	0.75
1549	0.75	0.375	0.75
1550	0.75	0.375	0.75
1551	0.75	0.375	0.708333
1552	0.75	0.375	0.708333
1553	0.75	0.375	0.666667
1554	0.75	0.375	0.666667
1555	0.75	0.375	0.583333
1556	0.75	0.375	0.708333
1557	0.75	0.375	0.75
1558	0.75	0.375	0.791667
1559	0.75	0.375	0.791667
1560	0.75	0.375	0.75
1561	0.75	0.375	0.75
1562	0.75	0.375	0.708333
1563	0.833333	0.375	0.833333
1564	0.833333	0.375	0.791667
1565	0.833333	0.375	0.833333
1566	0.916667	0.375	0.791667
1567	0.916667	0.5	0.833333
1568	0.833333	0.5	0.791667
1569	0.833333	0.5	0.833333
1570	0.833333	0.5	0.833333
1571	0.833333	0.5	0.833333
1572	0.833333	0.5	0.833333
1573	0.833333	0.5	0.833333
1574	0.916667	0.5	0.833333
1575	0.833333	0.5	0.791667
1576	0.833333	0.5	0.833333
1577	0.833333	0.5	0.833333
1578	0.833333	0.5	0.75
1579	0.833333	0.5	0.791667
1580	0.833333	0.5	0.875
1581	0.916667	0.5	0.875
1582	0.916667	0.5	0.791667
1583	0.833333	0.5	0.833333
1584	0.833333	0.5	0.833333
1585	0.833333	0.375	0.833333
1586	0.833333	0.375	0.791667
1587	0.833333	0.375	0.791667
1588	0.833333	0.375	0.75
1589	0.833333	0.375	0.791667
1590	0.833333	0.375	0.791667
1591	0.833333	0.375	0.75
1592	0.833333	0.375	0.75
1593	0.833333	0.375	0.708333
1594	0.833333	0.375	0.791667
1595	0.833333	0.375	0.708333
1596	0.916667	0.375	0.791667
1597	0.916667	0.375	0.75
1598	0.916667	0.375	0.666667
1599	0.833333	0.5	0.833333
1600	0.833333	0.5	0.833333
1601	0.833333	0.5	0.875
1602	0.833333	0.5	0.833333
1603	0.833333	0.5	0.75
1604	0.833333	0.5	0.875
1605	0.833333	0.5	0.833333
1606	0.75	0.375	0.833333
1607	0.75	0.375	0.791667
1608	0.75	0.375	0.791667
1609	0.75	0.375	0.791667
1610	0.75	0.375	0.708333
1611	0.75	0.375	0.708333
1612	0.75	0.375	0.75
1613	0.75	0.375	0.791667
1614	0.916667	0.5	0.875
1615	0.833333	0.5	0.833333
1616	0.833333	0.5	0.875
1617	0.833333	0.5	0.833333
1618	0.75	0.375	0.791667
1619	0.75	0.375	0.75
1620	0.75	0.375	0.791667
1621	0.75	0.375	0.791667
1622	0.75	0.375	0.791667
1623	0.75	0.375	0.708333
1624	0.916667	0.5	0.833333
1625	0.833333	0.5	0.833333
1626	0.833333	0.5	0.75
1627	0.75	0.375	0.75
1628	0.75	0.375	0.791667
1629	0.75	0.375	0.708333
1630	0.75	0.375	0.708333
1631	0.75	0.375	0.583333
1632	0.833333	0.5	0.833333
1633	0.833333	0.5	0.875
1634	0.916667	0.625	0.916667
1635	0.833333	0.5	0.833333
1636	0.916667	0.625	0.875
1637	0.833333	0.5	0.833333
1638	0.833333	0.5	0.75
1639	0.833333	0.5	0.833333
1640	0.833333	0.5	0.875
1641	0.833333	0.5	0.833333
1642	0.916667	0.5	0.875
1643	0.833333	0.5	0.833333
1644	0.916667	0.5	0.833333
1645	0.833333	0.5	0.75
1646	0.75	0.375	0.791667
1647	0.75	0.375	0.791667
1648	0.75	0.375	0.791667
1649	0.75	0.375	0.791667
1650	0.75	0.375	0.75
1651	0.75	0.375	0.708333
1652	0.75	0.375	0.75
1653	0.75	0.375	0.791667
1654	0.75	0.375	0.708333
1655	0.75	0.375	0.583333
1656	0.75	0.375	0.708333
1657	0.75	0.375	0.791667
1658	0.75	0.375	0.75
1659	0.75	0.375	0.708333
1660	0.833333	0.5	0.791667
1661	0.833333	0.5	0.833333
1662	0.833333	0.5	0.791667
1663	0.833333	0.5	0.75
1664	0.833333	0.5	0.833333
1665	0.833333	0.5	0.833333
1666	0.833333	0.5	0.833333
1667	0.833333	0.5	0.875
1668	0.833333	0.5	0.833333
1669	0.75	0.375	0.791667
1670	0.75	0.375	0.75
1671	0.75	0.375	0.75
1672	0.75	0.375	0.75
1673	0.75	0.375	0.708333
1674	0.75	0.375	0.75
1675	0.75	0.375	0.791667
1676	0.75	0.375	0.791667
1677	0.75	0.375	0.791667
1678	0.75	0.375	0.75
1679	0.75	0.375	0.708333
1680	0.75	0.375	0.791667
1681	0.75	0.375	0.791667
1682	0.75	0.375	0.75
1683	0.75	0.375	0.791667
1684	0.75	0.375	0.708333
1685	0.75	0.375	0.666667
1686	0.75	0.375	0.75
1687	0.75	0.375	0.708333
1688	0.75	0.375	0.583333
1689	0.916667	0.625	0.875
1690	0.916667	0.625	0.833333
1691	0.916667	0.625	0.875
1692	0.916667	0.625	0.875
1693	0.916667	0.625	0.916667
1694	0.916667	0.625	0.875
1695	0.916667	0.625	0.875
1696	0.916667	0.625	0.791667
1697	0.916667	0.625	0.833333
1698	0.833333	0.5	0.791667
1699	0.833333	0.5	0.791667
1700	0.833333	0.5	0.833333
1701	0.833333	0.5	0.791667
1702	0.833333	0.5	0.708333
1703	0.833333	0.5	0.833333
1704	0.833333	0.5	0.833333
1705	0.833333	0.5	0.833333
1706	0.833333	0.5	0.75
1707	0.833333	0.5	0.791667
1708	0.833333	0.5	0.75
1709	0.833333	0.5	0.833333
1710	0.833333	0.5	0.791667
1711	0.833333	0.5	0.791667
1712	0.833333	0.5	0.75
1713	0.833333	0.5	0.833333
1714	0.833333	0.5	0.833333
1715	0.833333	0.5	0.791667
1716	0.833333	0.5	0.75
1717	0.833333	0.5	0.625
1718	0.833333	0.5	0.833333
1719	0.833333	0.5	0.833333
1720	0.916667	0.5	0.875
1721	0.916667	0.5	0.833333
1722	0.833333	0.5	0.833333
1723	0.833333	0.5	0.75
1724	0.916667	0.5	0.833333
1725	0.916667	0.5	0.791667
1726	0.916667	0.5	0.833333
1727	0.916667	0.5	0.75
1728	0.916667	0.5	0.75
1729	0.833333	0.5	0.75
1730	0.833333	0.5	0.791667
1731	0.833333	0.5	0.791667
1732	0.833333	0.5	0.791667
1733	0.833333	0.5	0.833333
1734	0.833333	0.5	0.833333
1735	0.833333	0.5	0.791667
1736	0.833333	0.5	0.791667
1737	0.833333	0.5	0.75
1738	0.833333	0.5	0.833333
1739	0.833333	0.5	0.833333
1740	0.833333	0.5	0.75
1741	0.833333	0.5	0.791667
1742	0.833333	0.5	0.791667
1743	0.833333	0.5	0.708333
1744	0.833333	0.5	0.625
1745	0.75	0.375	0.75
1746	0.75	0.375	0.75
1747	0.75	0.375	0.708333
1748	0.75	0.375	0.75
1749	0.75	0.375	0.75
1750	0.75	0.375	0.75
1751	0.75	0.375	0.708333
1752	0.75	0.375	0.666667
1753	0.75	0.375	0.666667
1754	0.75	0.375	0.75
1755	0.75	0.375	0.708333
1756	0.75	0.375	0.75
1757	0.75	0.375	0.708333
1758	0.75	0.375	0.708333
1759	0.75	0.375	0.791667
1760	0.75	0.375	0.708333
1761	0.75	0.375	0.583333
1762	0.75	0.375	0.75
1763	0.75	0.375	0.666667
1764	0.75	0.375	0.708333
1765	0.75	0.375	0.75
1766	0.75	0.375	0.75
1767	0.75	0.375	0.583333
1768	0.75	0.375	0.666667
1769	0.75	0.375	0.666667
1770	0.75	0.375	0.666667
1771	0.75	0.375	0.583333
1772	0.75	0.375	0.416667
1773	0.75	0.375	0.708333
1774	0.75	0.375	0.666667
1775	0.75	0.375	0.583333
1776	0.75	0.375	0.666667
1777	0.75	0.375	0.666667
1778	0.75	0.375	0.75
1779	0.75	0.375	0.75
1780	0.75	0.375	0.75
1781	0.75	0.375	0.708333
1782	0.75	0.375	0.666667
1783	0.75	0.375	0.666667
1784	0.75	0.375	0.75
1785	0.75	0.375	0.708333
1786	0.75	0.375	0.75
1787	0.75	0.375	0.75
1788	0.75	0.375	0.708333
1789	0.75	0.375	0.708333
1790	0.75	0.375	0.75
1791	0.75	0.375	0.583333
1792	0.75	0.5	0.875
1793	0.75	0.5	0.833333
1794	0.833333	0.625	0.916667
1795	0.75	0.5	0.833333
1796	0.916667	0.75	0.958333
1797	0.833333	0.625	0.916667
1798	0.916667	0.625	0.916667
1799	0.833333	0.625	0.875
1800	0.833333	0.625	0.875
1801	0.833333	0.625	0.916667
1802	0.833333	0.625	0.916667
1803	0.833333	0.5	0.875
1804	0.75	0.5	0.875
1805	0.75	0.5	0.833333
1806	0.833333	0.5	0.875
1807	0.833333	0.5	0.791667
1808	0.75	0.5	0.875
1809	0.833333	0.5	0.875
1810	0.75	0.5	0.833333
1811	0.75	0.5	0.833333
1812	0.833333	0.625	0.875
1813	0.833333	0.5	0.833333
1814	0.75	0.5	0.833333
1815	0.75	0.5	0.875
1816	0.75	0.5	0.875
1817	0.75	0.5	0.833333
1818	0.75	0.5	0.833333
1819	0.75	0.5	0.875
1820	0.75	0.5	0.875
1821	0.75	0.5	0.833333
1822	0.833333	0.625	0.916667
1823	0.833333	0.625	0.875
1824	0.833333	0.625	0.875
1825	0.833333	0.625	0.916667
1826	0.833333	0.5	0.875
1827	0.833333	0.5	0.875
1828	0.833333	0.5	0.833333
1829	0.833333	0.5	0.791667
1830	0.75	0.5	0.875
1831	0.833333	0.625	0.916667
1832	0.833333	0.5	0.875
1833	0.75	0.5	0.875
1834	0.75	0.5	0.875
1835	0.833333	0.625	0.916667
1836	0.833333	0.5	0.875
1837	0.833333	0.5	0.833333
1838	0.75	0.5	0.833333
1839	0.75	0.5	0.833333
1840	0.833333	0.625	0.875
1841	0.833333	0.625	0.875
1842	0.833333	0.625	0.875
1843	0.833333	0.625	0.916667
1844	0.833333	0.5	0.875
1845	0.833333	0.5	0.791667
1846	0.833333	0.5	0.833333
1847	0.75	0.5	0.833333
1848	0.75	0.5	0.833333
1849	0.75	0.5	0.875
1850	0.75	0.5	0.875
1851	0.75	0.5	0.833333
1852	0.75	0.5	0.833333
1853	0.75	0.5	0.833333
1854	0.833333	0.625	0.916667
1855	0.75	0.5	0.875
1856	0.75	0.5	0.833333
1857	0.75	0.5	0.875
1858	0.75	0.5	0.833333
1859	0.75	0.5	0.833333
1860	0.833333	0.625	0.916667
1861	0.833333	0.625	0.875
1862	0.833333	0.625	0.916667
1863	0.833333	0.625	0.875
1864	0.833333	0.625	0.875
1865	0.75	0.5	0.833333
1866	0.75	0.5	0.791667
1867	0.75	0.5	0.791667
1868	0.75	0.5	0.75
1869	0.75	0.5	0.833333
1870	0.75	0.5	0.875
1871	0.75	0.5	0.833333
1872	0.75	0.5	0.833333
1873	0.75	0.5	0.833333
1874	0.75	0.5	0.75
1875	0.75	0.5	0.791667
1876	0.833333	0.625	0.916667
1877	0.75	0.5	0.875
1878	0.75	0.5	0.875
1879	0.833333	0.5	0.875
1880	0.833333	0.625	0.916667
1881	0.75	0.5	0.833333
1882	0.75	0.5	0.833333
1883	0.833333	0.625	0.875
1884	0.833333	0.625	0.875
1885	0.916667	0.75	0.958333
1886	0.916667	0.625	0.916667
1887	0.833333	0.5	0.791667
1888	0.75	0.5	0.833333
1889	0.833333	0.625	0.916667
1890	0.833333	0.5	0.875
1891	0.833333	0.5	0.833333
1892	0.833333	0.625	0.875
1893	0.75	0.5	0.833333
1894	0.75	0.5	0.833333
1895	0.75	0.5	0.833333
1896	0.75	0.5	0.875
1897	0.75	0.5	0.875
1898	0.75	0.5	0.833333
1899	0.75	0.5	0.833333
1900	0.833333	0.625	0.875
1901	0.833333	0.5	0.833333
1902	0.833333	0.5	0.875
1903	0.833333	0.625	0.916667
1904	0.75	0.5	0.833333
1905	0.75	0.5	0.875
1906	0.833333	0.5	0.791667
1907	0.833333	0.5	0.875
1908	0.833333	0.625	0.916667
1909	0.833333	0.625	0.875
1910	0.916667	0.75	0.958333
1911	0.833333	0.625	0.875
1912	0.833333	0.625	0.875
1913	0.833333	0.5	0.791667
1914	0.916667	0.625	0.916667
1915	0.833333	0.625	0.916667
1916	0.75	0.5	0.833333
1917	0.833333	0.5	0.875
1918	0.75	0.5	0.833333
1919	0.75	0.5	0.833333
1920	0.75	0.5	0.833333
1921	0.833333	0.625	0.916667
1922	0.833333	0.5	0.875
1923	0.833333	0.625	0.875
1924	0.916667	0.75	0.958333
1925	0.833333	0.625	0.875
1926	0.916667	0.625	0.916667
1927	0.833333	0.5	0.791667
1928	0.75	0.5	0.791667
1929	0.833333	0.625	0.875
1930	0.833333	0.625	0.875
1931	0.833333	0.625	0.875
1932	0.75	0.5	0.791667
1933	0.833333	0.5	0.833333
1934	0.75	0.5	0.75
1935	0.833333	0.5	0.791667
1936	0.916667	0.75	0.916667
1937	0.833333	0.625	0.833333
1938	0.916667	0.75	0.916667
1939	0.916667	0.75	0.916667
1940	0.833333	0.625	0.791667
1941	0.833333	0.625	0.833333
1942	0.833333	0.625	0.833333
1943	0.833333	0.625	0.791667
1944	0.75	0.5	0.75
1945	0.75	0.5	0.791667
1946	0.75	0.5	0.791667
1947	0.833333	0.625	0.875
1948	0.833333	0.625	0.875
1949	0.75	0.5	0.791667
1950	0.833333	0.625	0.875
1951	0.75	0.5	0.75
1952	0.916667	0.625	0.875
1953	0.833333	0.5	0.75
1954	0.916667	0.625	0.833333
1955	0.833333	0.5	0.666667
1956	0.916667	0.625	0.875
1957	0.916667	0.5	0.791667
1958	0.916667	0.625	0.875
1959	0.833333	0.5	0.833333
1960	0.916667	0.5	0.875
1961	0.833333	0.5	0.875
1962	0.916667	0.5	0.875
1963	0.916667	0.625	0.916667
1964	0.916667	0.625	0.916667
1965	0.833333	0.5	0.833333
1966	0.916667	0.5	0.875
1967	0.833333	0.5	0.791667
1968	0.833333	0.5	0.833333
1969	0.833333	0.5	0.75
1970	0.833333	0.375	0.75
1971	0.833333	0.375	0.625
1972	0.75	0.375	0.708333
1973	0.833333	0.375	0.791667
1974	0.75	0.375	0.791667
1975	0.75	0.375	0.75
1976	0.75	0.375	0.791667
1977	0.833333	0.5	0.833333
1978	0.916667	0.5	0.875
1979	0.916667	0.375	0.833333
1980	0.833333	0.375	0.833333
1981	0.833333	0.375	0.75
1982	0.75	0.375	0.791667
1983	0.833333	0.375	0.75
1984	0.833333	0.375	0.833333
1985	0.833333	0.5	0.833333
1986	0.833333	0.5	0.875
1987	0.75	0.375	0.833333
1988	0.833333	0.375	0.833333
1989	0.833333	0.5	0.833333
1990	0.833333	0.5	0.833333
1991	0.833333	0.5	0.833333
1992	0.833333	0.375	0.75
1993	0.833333	0.375	0.833333
1994	0.833333	0.375	0.791667
1995	0.75	0.375	0.791667
1996	0.833333	0.375	0.791667
1997	0.833333	0.375	0.833333
1998	0.75	0.375	0.833333
1999	0.833333	0.375	0.833333
2000	0.75	0.375	0.791667
2001	0.833333	0.375	0.75
2002	0.75	0.375	0.791667
2003	0.833333	0.375	0.833333
2004	0.75	0.375	0.833333
2005	0.75	0.375	0.791667
2006	0.75	0.375	0.791667
2007	0.75	0.375	0.833333
2008	0.75	0.375	0.791667
2009	0.75	0.375	0.791667
2010	0.75	0.375	0.791667
2011	0.833333	0.5	0.875
2012	0.75	0.375	0.791667
2013	0.833333	0.375	0.833333
2014	0.75	0.375	0.791667
2015	0.833333	0.375	0.791667
2016	0.75	0.375	0.75
2017	0.833333	0.5	0.833333
2018	0.833333	0.5	0.833333
2019	0.75	0.375	0.75
2020	0.75	0.375	0.75
2021	0.833333	0.5	0.833333
2022	0.833333	0.5	0.833333
2023	0.75	0.375	0.708333
2024	0.75	0.375	0.75
2025	0.833333	0.375	0.791667
2026	0.75	0.375	0.75
2027	0.75	0.375	0.708333
2028	0.833333	0.375	0.75
2029	0.833333	0.5	0.833333
2030	0.75	0.375	0.75
2031	0.75	0.375	0.791667
2032	0.75	0.375	0.75
2033	0.75	0.375	0.791667
2034	0.75	0.375	0.791667
2035	0.75	0.375	0.791667
2036	0.75	0.375	0.833333
2037	0.75	0.375	0.75
2038	0.833333	0.5	0.833333
2039	0.75	0.375	0.75
2040	0.833333	0.5	0.875
2041	0.75	0.375	0.791667
2042	0.75	0.375	0.791667
2043	0.75	0.375	0.791667
2044	0.75	0.375	0.708333
2045	0.75	0.375	0.75
2046	0.75	0.375	0.791667
2047	0.75	0.375	0.75
2048	0.833333	0.5	0.833333
2049	0.75	0.375	0.75
2050	0.833333	0.5	0.875
2051	0.833333	0.5	0.833333
2052	0.75	0.375	0.708333
2053	0.75	0.375	0.791667
2054	0.75	0.375	0.708333
2055	0.75	0.375	0.791667
2056	0.833333	0.5	0.833333
2057	0.75	0.375	0.791667
2058	0.75	0.375	0.75
2059	0.75	0.375	0.708333
2060	0.75	0.375	0.75
2061	0.75	0.375	0.666667
2062	0.75	0.375	0.666667
2063	0.833333	0.5	0.791667
2064	0.75	0.375	0.666667
2065	0.75	0.375	0.75
2066	0.75	0.375	0.791667
2067	0.75	0.375	0.75
2068	0.75	0.375	0.708333
2069	0.833333	0.5	0.833333
2070	0.75	0.375	0.708333
2071	0.833333	0.5	0.75
2072	0.833333	0.5	0.791667
2073	0.75	0.375	0.583333
2074	0.833333	0.375	0.791667
2075	0.833333	0.5	0.833333
2076	0.75	0.375	0.791667
2077	0.75	0.375	0.791667
2078	0.75	0.375	0.75
2079	0.75	0.375	0.708333
2080	0.75	0.375	0.75
2081	0.75	0.375	0.791667
2082	0.833333	0.5	0.833333
2083	0.833333	0.5	0.833333
2084	0.833333	0.5	0.875
2085	0.833333	0.5	0.833333
2086	0.833333	0.5	0.875
2087	0.75	0.375	0.791667
2088	0.833333	0.375	0.791667
2089	0.833333	0.375	0.833333
2090	0.75	0.375	0.833333
2091	0.833333	0.375	0.833333
2092	0.75	0.375	0.791667
2093	0.75	0.375	0.791667
2094	0.833333	0.375	0.791667
2095	0.833333	0.375	0.75
2096	0.833333	0.375	0.791667
2097	0.833333	0.375	0.791667
2098	0.75	0.375	0.791667
2099	0.833333	0.375	0.791667
2100	0.833333	0.375	0.791667
2101	0.833333	0.375	0.833333
2102	0.833333	0.375	0.75
2103	0.833333	0.375	0.833333
2104	0.833333	0.375	0.791667
2105	0.833333	0.375	0.75
2106	0.75	0.375	0.791667
2107	0.75	0.375	0.791667
2108	0.75	0.375	0.833333
2109	0.75	0.375	0.791667
2110	0.75	0.375	0.75
2111	0.833333	0.5	0.791667
2112	0.833333	0.375	0.708333
2113	0.75	0.375	0.791667
2114	0.75	0.375	0.75
2115	0.75	0.375	0.791667
2116	0.75	0.375	0.708333
2117	0.833333	0.5	0.833333
2118	0.833333	0.375	0.75
2119	0.833333	0.5	0.791667
2120	0.833333	0.5	0.833333
2121	0.833333	0.5	0.75
2122	0.833333	0.375	0.75
2123	0.833333	0.375	0.625
2124	0.833333	0.375	0.833333
2125	0.833333	0.375	0.833333
2126	0.75	0.375	0.833333
2127	0.75	0.375	0.791667
2128	0.833333	0.5	0.875
2129	0.833333	0.375	0.833333
2130	0.833333	0.5	0.875
2131	0.833333	0.5	0.833333
2132	0.75	0.375	0.791667
2133	0.833333	0.375	0.75
2134	0.916667	0.625	0.916667
2135	0.916667	0.625	0.875
2136	0.916667	0.5	0.875
2137	0.916667	0.5	0.875
2138	0.916667	0.5	0.791667
2139	0.75	0.375	0.791667
2140	0.833333	0.375	0.833333
2141	0.75	0.375	0.791667
2142	0.833333	0.375	0.791667
2143	0.75	0.375	0.708333
2144	0.916667	0.5	0.875
2145	0.916667	0.375	0.833333
2146	0.833333	0.5	0.833333
2147	0.75	0.375	0.75
2148	0.833333	0.5	0.833333
2149	0.833333	0.375	0.75
2150	0.833333	0.375	0.75
2151	0.833333	0.5	0.833333
2152	0.833333	0.375	0.791667
2153	0.833333	0.375	0.75
2154	0.833333	0.375	0.791667
2155	0.833333	0.5	0.833333
2156	0.833333	0.5	0.833333
2157	0.833333	0.375	0.75
2158	0.833333	0.5	0.75
2159	0.833333	0.5	0.791667
2160	0.833333	0.375	0.625
2161	0.833333	0.375	0.75
2162	0.833333	0.375	0.708333
2163	0.833333	0.375	0.625
2164	0.916667	0.5	0.791667
2165	0.916667	0.5	0.833333
2166	0.916667	0.5	0.833333
2167	0.916667	0.5	0.875
2168	0.833333	0.375	0.791667
2169	0.833333	0.375	0.75
2170	0.833333	0.375	0.833333
2171	0.833333	0.375	0.791667
2172	0.833333	0.375	0.708333
2173	0.833333	0.375	0.791667
2174	0.833333	0.375	0.75
2175	0.833333	0.375	0.708333
2176	0.916667	0.625	0.875
2177	0.833333	0.5	0.791667
2178	0.833333	0.5	0.833333
2179	0.833333	0.5	0.791667
2180	0.75	0.375	0.75
2181	0.833333	0.5	0.833333
2182	0.75	0.375	0.791667
2183	0.833333	0.375	0.791667
2184	0.916667	0.5	0.833333
2185	0.833333	0.375	0.708333
2186	0.833333	0.375	0.791667
2187	0.833333	0.375	0.833333
2188	0.75	0.375	0.833333
2189	0.833333	0.5	0.833333
2190	0.833333	0.5	0.833333
2191	0.833333	0.5	0.833333
2192	0.833333	0.375	0.791667
2193	0.75	0.375	0.791667
2194	0.75	0.375	0.791667
2195	0.75	0.375	0.791667
2196	0.833333	0.375	0.791667
2197	0.833333	0.375	0.75
2198	0.916667	0.625	0.875
2199	0.916667	0.625	0.875
2200	0.916667	0.625	0.875
2201	0.916667	0.5	0.833333
2202	0.833333	0.5	0.833333
2203	0.916667	0.5	0.875
2204	0.833333	0.5	0.875
2205	0.916667	0.5	0.791667
2206	0.916667	0.5	0.833333
2207	0.833333	0.5	0.833333
2208	0.833333	0.5	0.833333
2209	0.833333	0.375	0.833333
2210	0.833333	0.375	0.75
2211	0.833333	0.375	0.791667
2212	0.75	0.375	0.791667
2213	0.75	0.375	0.791667
2214	0.75	0.375	0.708333
2215	0.75	0.375	0.75
2216	0.75	0.375	0.75
2217	0.75	0.375	0.75
2218	0.75	0.375	0.708333
2219	0.75	0.375	0.75
2220	0.833333	0.375	0.791667
2221	0.833333	0.375	0.75
2222	0.833333	0.375	0.708333
2223	0.833333	0.375	0.708333
2224	0.833333	0.5	0.791667
2225	0.833333	0.5	0.75
2226	0.833333	0.5	0.791667
2227	0.833333	0.375	0.708333
2228	0.833333	0.375	0.75
2229	0.833333	0.375	0.625
2230	0.833333	0.5	0.791667
2231	0.833333	0.5	0.75
2232	0.833333	0.5	0.791667
2233	0.833333	0.5	0.791667
2234	0.833333	0.5	0.75
2235	0.75	0.375	0.75
2236	0.75	0.375	0.791667
2237	0.75	0.375	0.708333
2238	0.75	0.375	0.75
2239	0.75	0.375	0.791667
2240	0.833333	0.375	0.791667
2241	0.833333	0.5	0.833333
2242	0.833333	0.5	0.833333
2243	0.75	0.375	0.791667
2244	0.833333	0.375	0.791667
2245	0.833333	0.375	0.791667
2246	0.833333	0.375	0.833333
2247	0.833333	0.375	0.75
2248	0.75	0.375	0.833333
2249	0.75	0.375	0.791667
2250	0.75	0.375	0.791667
2251	0.833333	0.5	0.833333
2252	0.833333	0.5	0.875
2253	0.833333	0.5	0.833333
2254	0.75	0.375	0.75
2255	0.75	0.375	0.75
2256	0.75	0.375	0.708333
2257	0.75	0.375	0.791667
2258	0.833333	0.375	0.708333
2259	0.833333	0.375	0.75
2260	0.833333	0.375	0.625
2261	0.833333	0.5	0.75
2262	0.833333	0.5	0.791667
2263	0.833333	0.5	0.833333
2264	0.833333	0.5	0.791667
2265	0.916667	0.5	0.875
2266	0.916667	0.375	0.833333
2267	0.833333	0.375	0.833333
2268	0.833333	0.375	0.791667
2269	0.833333	0.375	0.791667
2270	0.833333	0.375	0.75
2271	0.916667	0.5	0.791667
2272	0.916667	0.375	0.75
2273	0.916667	0.5	0.833333
2274	0.916667	0.5	0.833333
2275	0.916667	0.375	0.791667
2276	0.916667	0.375	0.75
2277	0.75	0.375	0.75
2278	0.75	0.375	0.708333
2279	0.75	0.375	0.75
2280	0.75	0.375	0.791667
2281	0.75	0.375	0.75
2282	0.833333	0.375	0.791667
2283	0.833333	0.375	0.833333
2284	0.833333	0.375	0.791667
2285	0.833333	0.375	0.75
2286	0.916667	0.625	0.875
2287	0.833333	0.5	0.791667
2288	0.833333	0.5	0.791667
2289	0.916667	0.625	0.916667
2290	0.833333	0.5	0.833333
2291	0.833333	0.5	0.833333
2292	0.833333	0.5	0.75
2293	0.833333	0.5	0.791667
2294	0.833333	0.5	0.75
2295	0.833333	0.5	0.791667
2296	0.833333	0.5	0.791667
2297	0.916667	0.625	0.875
2298	0.916667	0.625	0.875
2299	0.916667	0.625	0.875
2300	0.833333	0.5	0.833333
2301	0.916667	0.5	0.875
2302	0.833333	0.5	0.75
2303	0.833333	0.5	0.791667
2304	0.833333	0.5	0.791667
2305	0.916667	0.5	0.833333
2306	0.916667	0.5	0.791667
2307	0.916667	0.5	0.833333
2308	0.916667	0.5	0.833333
2309	0.833333	0.375	0.708333
2310	0.75	0.375	0.666667
2311	0.833333	0.375	0.75
2312	0.75	0.375	0.75
2313	0.833333	0.375	0.625
2314	0.833333	0.375	0.708333
2315	0.75	0.375	0.708333
2316	0.75	0.375	0.666667
2317	0.833333	0.375	0.75
2318	0.833333	0.375	0.625
2319	0.833333	0.375	0.708333
2320	0.833333	0.5	0.708333
2321	0.833333	0.5	0.791667
2322	0.833333	0.5	0.708333
2323	0.916667	0.625	0.875
2324	0.833333	0.5	0.75
2325	0.916667	0.625	0.791667
2326	0.833333	0.5	0.708333
2327	0.916667	0.625	0.833333
2328	0.916667	0.625	0.833333
2329	0.833333	0.5	0.625
2330	0.833333	0.5	0.791667
2331	0.75	0.375	0.666667
2332	0.833333	0.375	0.708333
2333	0.833333	0.375	0.708333
2334	0.833333	0.375	0.791667
2335	0.75	0.375	0.708333
2336	0.833333	0.5	0.833333
2337	0.833333	0.5	0.791667
2338	0.833333	0.5	0.75
2339	0.75	0.375	0.583333
2340	0.916667	0.5	0.791667
2341	0.916667	0.5	0.75
2342	0.916667	0.5	0.666667
2343	0.833333	0.375	0.625
2344	0.833333	0.375	0.458333
2345	0.916667	0.625	0.875
2346	0.916667	0.625	0.875
2347	0.833333	0.625	0.833333
2348	0.833333	0.625	0.875
2349	1	0.875	0.958333
2350	0.916667	0.75	0.875
2351	1	0.75	0.916667
2352	1	0.75	0.916667
2353	1	0.625	0.875
2354	0.916667	0.625	0.791667
2355	0.833333	0.625	0.833333
2356	0.833333	0.625	0.791667
2357	0.916667	0.75	0.875
2358	0.916667	0.75	0.916667
2359	0.916667	0.625	0.875
2360	0.916667	0.625	0.791667
2361	0.916667	0.75	0.875
2362	0.916667	0.75	0.875
2363	0.833333	0.625	0.833333
2364	0.916667	0.625	0.791667
2365	0.916667	0.625	0.875
2366	0.916667	0.75	0.916667
2367	0.833333	0.625	0.875
2368	0.916667	0.625	0.875
2369	0.833333	0.5	0.833333
2370	0.833333	0.5	0.791667
2371	0.75	0.5	0.833333
2372	0.75	0.5	0.791667
2373	0.75	0.5	0.791667
2374	0.75	0.5	0.791667
2375	0.75	0.5	0.708333
2376	0.833333	0.625	0.833333
2377	0.833333	0.625	0.75
2378	0.833333	0.625	0.791667
2379	0.833333	0.625	0.833333
2380	0.833333	0.625	0.833333
2381	0.833333	0.625	0.833333
2382	0.833333	0.5	0.75
2383	0.833333	0.5	0.625
2384	0.833333	0.5	0.833333
2385	0.833333	0.5	0.833333
2386	0.833333	0.5	0.791667
2387	0.833333	0.5	0.75
2388	0.833333	0.5	0.791667
2389	0.833333	0.5	0.75
2390	0.75	0.5	0.791667
2391	0.75	0.5	0.791667
2392	0.833333	0.625	0.833333
2393	0.75	0.5	0.75
2394	0.75	0.5	0.791667
2395	0.75	0.5	0.791667
2396	0.833333	0.625	0.833333
2397	0.75	0.5	0.75
2398	0.75	0.5	0.791667
2399	0.75	0.5	0.791667
2400	0.75	0.5	0.75
2401	0.833333	0.625	0.833333
2402	0.75	0.5	0.833333
2403	0.75	0.5	0.833333
2404	0.75	0.5	0.791667
2405	0.75	0.5	0.833333
2406	0.833333	0.625	0.875
2407	0.75	0.5	0.791667
2408	0.75	0.5	0.791667
2409	0.75	0.5	0.708333
2410	0.75	0.5	0.833333
2411	0.75	0.5	0.791667
2412	0.833333	0.625	0.833333
2413	0.833333	0.625	0.875
2414	0.833333	0.625	0.833333
2415	0.833333	0.625	0.833333
2416	0.833333	0.625	0.833333
2417	0.833333	0.625	0.833333
2418	0.833333	0.625	0.875
2419	0.75	0.5	0.791667
2420	0.75	0.5	0.791667
2421	0.75	0.5	0.75
2422	0.75	0.5	0.708333
2423	0.75	0.5	0.75
2424	0.833333	0.5	0.791667
2425	0.833333	0.5	0.833333
2426	0.833333	0.5	0.833333
2427	0.833333	0.5	0.791667
2428	0.833333	0.5	0.791667
2429	0.833333	0.5	0.75
2430	0.75	0.5	0.791667
2431	0.833333	0.625	0.833333
2432	0.75	0.5	0.75
2433	0.833333	0.625	0.833333
2434	0.833333	0.625	0.875
2435	0.833333	0.625	0.833333
2436	0.833333	0.625	0.833333
2437	0.833333	0.625	0.875
2438	0.75	0.5	0.791667
2439	0.75	0.5	0.833333
2440	0.75	0.5	0.75
2441	0.75	0.5	0.75
2442	0.75	0.5	0.791667
2443	0.75	0.5	0.708333
2444	0.75	0.5	0.791667
2445	0.75	0.5	0.791667
2446	0.75	0.5	0.791667
2447	0.75	0.5	0.833333
2448	0.916667	0.75	0.875
2449	0.833333	0.625	0.791667
2450	0.833333	0.5	0.791667
2451	0.833333	0.5	0.791667
2452	0.833333	0.625	0.791667
2453	0.916667	0.625	0.833333
2454	0.833333	0.5	0.708333
2455	0.833333	0.5	0.833333
2456	0.833333	0.5	0.833333
2457	0.833333	0.625	0.833333
2458	0.916667	0.75	0.916667
2459	0.916667	0.625	0.875
2460	0.833333	0.625	0.833333
2461	0.833333	0.5	0.75
2462	0.916667	0.75	0.916667
2463	0.916667	0.75	0.875
2464	0.916667	0.75	0.875
2465	0.916667	0.75	0.875
2466	0.833333	0.625	0.791667
2467	0.833333	0.625	0.833333
2468	0.833333	0.625	0.791667
2469	0.833333	0.625	0.75
2470	0.833333	0.625	0.833333
2471	0.916667	0.625	0.875
2472	0.833333	0.5	0.75
2473	0.833333	0.5	0.833333
2474	0.833333	0.5	0.833333
2475	0.833333	0.5	0.75
2476	0.833333	0.5	0.791667
2477	0.833333	0.5	0.791667
2478	0.833333	0.5	0.791667
2479	0.833333	0.5	0.75
2480	0.833333	0.625	0.791667
2481	0.916667	0.625	0.833333
2482	0.833333	0.5	0.708333
2483	0.916667	0.625	0.833333
2484	0.916667	0.625	0.791667
2485	0.833333	0.625	0.75
2486	0.833333	0.5	0.625
2487	0.833333	0.625	0.833333
2488	0.833333	0.625	0.875
2489	0.833333	0.625	0.875
2490	0.833333	0.625	0.833333
2491	0.833333	0.625	0.833333
2492	0.833333	0.625	0.833333
2493	0.916667	0.75	0.916667
2494	0.833333	0.625	0.833333
2495	0.916667	0.75	0.875
2496	0.833333	0.625	0.791667
2497	0.916667	0.75	0.916667
2498	0.833333	0.625	0.833333
2499	0.916667	0.75	0.875
2500	0.916667	0.75	0.875
2501	0.916667	0.75	0.875
2502	0.833333	0.625	0.75
2503	0.833333	0.625	0.791667
2504	0.833333	0.625	0.791667
2505	0.75	0.5	0.833333
2506	0.833333	0.5	0.833333
2507	0.833333	0.5	0.833333
2508	0.833333	0.625	0.875
2509	0.75	0.5	0.791667
2510	0.916667	0.625	0.875
2511	0.833333	0.625	0.833333
2512	0.833333	0.5	0.75
2513	0.75	0.5	0.791667
2514	0.833333	0.5	0.75
2515	0.75	0.5	0.708333
2516	0.833333	0.5	0.708333
2517	0.833333	0.5	0.625
2518	0.833333	0.5	0.708333
2519	0.75	0.5	0.75
2520	0.75	0.5	0.75
2521	0.75	0.5	0.75
2522	0.833333	0.5	0.75
2523	0.916667	0.625	0.791667
2524	0.833333	0.5	0.791667
2525	0.916667	0.625	0.833333
2526	0.916667	0.625	0.833333
2527	0.916667	0.625	0.875
2528	0.916667	0.625	0.833333
2529	0.833333	0.5	0.791667
2530	0.833333	0.5	0.791667
2531	0.833333	0.5	0.833333
2532	0.75	0.5	0.833333
2533	0.833333	0.5	0.833333
2534	0.833333	0.625	0.833333
2535	0.833333	0.625	0.833333
2536	0.833333	0.625	0.833333
2537	0.833333	0.625	0.833333
2538	0.833333	0.625	0.833333
2539	0.833333	0.625	0.791667
2540	0.833333	0.625	0.791667
2541	0.833333	0.625	0.75
2542	0.75	0.5	0.791667
2543	0.75	0.5	0.791667
2544	0.75	0.5	0.791667
2545	0.75	0.5	0.791667
2546	0.833333	0.5	0.791667
2547	0.833333	0.5	0.791667
2548	0.833333	0.5	0.75
2549	0.833333	0.625	0.833333
2550	0.833333	0.625	0.833333
2551	0.916667	0.625	0.875
2552	0.916667	0.75	0.916667
2553	0.916667	0.75	0.875
2554	0.916667	0.625	0.833333
2555	0.833333	0.625	0.791667
2556	0.916667	0.625	0.791667
2557	0.916667	0.625	0.833333
2558	0.916667	0.625	0.875
2559	0.833333	0.625	0.833333
2560	0.833333	0.625	0.833333
2561	0.833333	0.625	0.791667
2562	0.833333	0.625	0.75
2563	0.833333	0.625	0.791667
2564	0.916667	0.75	0.875
2565	0.833333	0.625	0.791667
2566	0.916667	0.75	0.875
2567	0.916667	0.75	0.875
2568	0.833333	0.625	0.75
2569	0.833333	0.625	0.791667
2570	0.75	0.5	0.791667
2571	0.75	0.5	0.75
2572	0.75	0.5	0.75
2573	0.75	0.5	0.791667
2574	0.75	0.5	0.75
2575	0.75	0.5	0.708333
2576	0.75	0.5	0.708333
2577	0.75	0.5	0.75
2578	0.75	0.5	0.666667
2579	0.75	0.5	0.666667
2580	0.833333	0.625	0.833333
2581	0.833333	0.625	0.791667
2582	0.833333	0.625	0.833333
2583	0.833333	0.625	0.875
2584	0.833333	0.625	0.833333
2585	0.833333	0.625	0.875
2586	0.833333	0.625	0.833333
2587	0.833333	0.625	0.75
2588	0.833333	0.625	0.833333
2589	0.833333	0.625	0.791667
2590	0.833333	0.625	0.833333
2591	0.833333	0.625	0.791667
2592	0.75	0.5	0.791667
2593	0.75	0.5	0.791667
2594	0.75	0.5	0.708333
2595	0.75	0.5	0.75
2596	0.75	0.5	0.791667
2597	0.75	0.5	0.708333
2598	0.75	0.5	0.75
2599	0.75	0.5	0.75
2600	0.75	0.5	0.791667
2601	0.75	0.5	0.75
2602	0.75	0.5	0.75
2603	0.75	0.5	0.708333
2604	0.75	0.5	0.666667
2605	0.75	0.5	0.708333
2606	0.75	0.5	0.666667
2607	0.75	0.5	0.583333
2608	0.833333	0.625	0.791667
2609	0.833333	0.625	0.791667
2610	0.916667	0.75	0.875
2611	0.833333	0.625	0.791667
2612	0.833333	0.625	0.833333
2613	0.833333	0.625	0.75
2614	0.833333	0.625	0.791667
2615	0.833333	0.625	0.833333
2616	0.916667	0.75	0.916667
2617	0.833333	0.625	0.833333
2618	0.833333	0.625	0.833333
2619	0.833333	0.625	0.75
2620	0.833333	0.625	0.791667
2621	0.833333	0.625	0.791667
2622	0.833333	0.625	0.833333
2623	0.833333	0.625	0.791667
2624	0.916667	0.75	0.875
2625	0.916667	0.75	0.916667
2626	0.833333	0.625	0.833333
2627	0.833333	0.625	0.75
2628	0.916667	0.75	0.875
2629	0.916667	0.75	0.875
2630	0.833333	0.625	0.708333
2631	0.916667	0.75	0.791667
2632	0.833333	0.625	0.75
2633	0.916667	0.75	0.875
2634	0.916667	0.75	0.833333
2635	0.916667	0.75	0.875
2636	0.916667	0.75	0.833333
2637	0.833333	0.625	0.833333
2638	0.833333	0.625	0.791667
2639	0.833333	0.625	0.833333
2640	0.833333	0.625	0.791667
2641	0.833333	0.625	0.791667
2642	0.833333	0.625	0.791667
2643	0.833333	0.625	0.75
2644	0.833333	0.625	0.708333
2645	0.916667	0.75	0.875
2646	0.833333	0.625	0.75
2647	0.833333	0.625	0.833333
2648	0.833333	0.625	0.833333
2649	0.916667	0.75	0.916667
2650	0.916667	0.75	0.875
2651	1	0.75	0.916667
2652	0.916667	0.75	0.875
2653	1	0.875	0.958333
2654	0.916667	0.75	0.916667
2655	0.916667	0.75	0.833333
2656	1	0.875	0.916667
2657	0.916667	0.75	0.875
2658	0.916667	0.75	0.833333
2659	0.916667	0.75	0.833333
2660	0.916667	0.75	0.791667
2661	1	0.875	0.916667
2662	0.916667	0.75	0.875
2663	1	0.875	0.916667
2664	0.916667	0.75	0.875
2665	0.916667	0.75	0.875
2666	1	0.875	0.916667
2667	1	0.75	0.875
2668	0.916667	0.75	0.833333
2669	0.916667	0.75	0.875
2670	1	0.75	0.916667
2671	0.916667	0.75	0.791667
2672	0.916667	0.75	0.833333
2673	0.916667	0.75	0.833333
2674	1	0.75	0.875
2675	1	0.75	0.833333
2676	0.833333	0.625	0.791667
2677	0.833333	0.625	0.708333
2678	0.833333	0.625	0.791667
2679	0.833333	0.625	0.833333
2680	0.833333	0.625	0.833333
2681	0.833333	0.625	0.75
2682	0.833333	0.625	0.791667
2683	0.833333	0.625	0.791667
2684	0.833333	0.625	0.791667
2685	0.833333	0.625	0.75
2686	0.833333	0.625	0.75
2687	0.833333	0.625	0.708333
2688	0.833333	0.625	0.625
2689	0.833333	0.5	0.75
2690	0.75	0.5	0.75
2691	0.75	0.5	0.75
2692	0.75	0.5	0.708333
2693	0.833333	0.625	0.791667
2694	0.833333	0.625	0.75
2695	0.833333	0.625	0.791667
2696	0.833333	0.5	0.791667
2697	0.75	0.5	0.791667
2698	0.75	0.5	0.791667
2699	0.75	0.5	0.75
2700	0.833333	0.625	0.75
2701	0.833333	0.625	0.708333
2702	0.75	0.5	0.708333
2703	0.75	0.5	0.708333
2704	0.833333	0.5	0.708333
2705	0.75	0.5	0.666667
2706	0.75	0.5	0.75
2707	0.75	0.5	0.791667
2708	0.75	0.5	0.75
2709	0.75	0.5	0.75
2710	0.75	0.5	0.666667
2711	0.75	0.5	0.791667
2712	0.833333	0.5	0.791667
2713	0.833333	0.625	0.833333
2714	0.833333	0.625	0.791667
2715	0.833333	0.625	0.708333
2716	0.833333	0.625	0.791667
2717	0.833333	0.625	0.791667
2718	0.75	0.5	0.75
2719	0.75	0.5	0.75
2720	0.833333	0.5	0.708333
2721	0.75	0.5	0.583333
2722	0.75	0.5	0.666667
2723	0.75	0.5	0.708333
2724	0.75	0.5	0.708333
2725	0.75	0.5	0.666667
2726	0.833333	0.5	0.625
2727	0.916667	0.625	0.791667
2728	0.833333	0.625	0.833333
2729	0.833333	0.5	0.791667
2730	0.833333	0.625	0.791667
2731	0.833333	0.5	0.75
2732	0.833333	0.625	0.75
2733	0.833333	0.5	0.708333
2734	0.833333	0.625	0.791667
2735	0.833333	0.625	0.791667
2736	0.833333	0.5	0.791667
2737	0.833333	0.5	0.708333
2738	0.916667	0.625	0.75
2739	0.916667	0.625	0.75
2740	0.916667	0.625	0.791667
2741	0.916667	0.625	0.666667
2742	0.833333	0.5	0.583333
2743	0.833333	0.5	0.625
2744	0.833333	0.5	0.458333
2745	0.833333	0.5	0.75
2746	0.916667	0.625	0.875
2747	0.833333	0.5	0.791667
2748	0.833333	0.5	0.708333
2749	0.916667	0.625	0.791667
2750	0.833333	0.5	0.708333
2751	0.833333	0.5	0.625
2752	0.833333	0.5	0.708333
2753	0.833333	0.5	0.75
2754	0.916667	0.625	0.875
2755	0.916667	0.625	0.833333
2756	0.916667	0.625	0.833333
2757	0.916667	0.625	0.833333
2758	0.833333	0.5	0.791667
2759	0.833333	0.5	0.75
2760	0.833333	0.5	0.708333
2761	0.75	0.5	0.708333
2762	0.75	0.5	0.791667
2763	0.75	0.5	0.75
2764	0.75	0.5	0.791667
2765	0.75	0.5	0.75
2766	0.833333	0.625	0.833333
2767	0.833333	0.5	0.791667
2768	0.833333	0.5	0.75
2769	0.833333	0.5	0.833333
2770	0.833333	0.5	0.833333
2771	0.833333	0.5	0.791667
2772	0.833333	0.625	0.833333
2773	0.833333	0.625	0.875
2774	0.833333	0.625	0.833333
2775	0.833333	0.625	0.833333
2776	0.916667	0.625	0.875
2777	0.833333	0.5	0.75
2778	0.916667	0.625	0.875
2779	0.833333	0.5	0.75
2780	0.916667	0.625	0.791667
2781	0.833333	0.5	0.708333
2782	0.916667	0.625	0.833333
2783	0.833333	0.5	0.625
2784	0.916667	0.625	0.833333
2785	0.833333	0.5	0.708333
2786	0.916667	0.625	0.75
2787	1	0.75	0.875
2788	0.916667	0.625	0.833333
2789	1	0.625	0.833333
2790	0.833333	0.5	0.75
2791	0.833333	0.625	0.833333
2792	0.75	0.5	0.75
2793	0.833333	0.5	0.791667
2794	0.833333	0.625	0.791667
2795	0.75	0.5	0.666667
2796	0.916667	0.75	0.833333
2797	0.916667	0.625	0.833333
2798	0.916667	0.625	0.833333
2799	0.916667	0.625	0.75
2800	0.833333	0.5	0.625
2801	0.833333	0.5	0.75
2802	0.833333	0.5	0.75
2803	0.833333	0.5	0.708333
2804	0.833333	0.5	0.791667
2805	0.916667	0.625	0.875
2806	0.833333	0.5	0.791667
2807	0.916667	0.625	0.875
2808	0.833333	0.5	0.708333
2809	0.833333	0.5	0.708333
2810	0.916667	0.625	0.791667
2811	0.916667	0.625	0.833333
2812	0.916667	0.625	0.833333
2813	0.75	0.5	0.791667
2814	0.75	0.5	0.708333
2815	0.833333	0.625	0.833333
2816	0.833333	0.5	0.833333
2817	0.833333	0.625	0.833333
2818	0.833333	0.625	0.833333
2819	0.833333	0.625	0.833333
2820	0.833333	0.625	0.875
2821	0.833333	0.625	0.791667
2822	0.833333	0.625	0.833333
2823	0.833333	0.625	0.75
2824	0.75	0.5	0.708333
2825	0.75	0.5	0.583333
2826	0.833333	0.5	0.791667
2827	0.75	0.5	0.708333
2828	0.75	0.5	0.791667
2829	0.75	0.5	0.75
2830	0.833333	0.5	0.833333
2831	0.833333	0.5	0.75
2832	0.916667	0.75	0.875
2833	0.916667	0.625	0.791667
2834	0.916667	0.625	0.875
2835	0.916667	0.625	0.875
2836	1	0.625	0.875
2837	0.916667	0.625	0.791667
2838	1	0.75	0.916667
2839	0.916667	0.625	0.791667
2840	1	0.625	0.875
2841	0.916667	0.625	0.791667
2842	0.916667	0.75	0.791667
2843	0.916667	0.75	0.833333
2844	0.916667	0.625	0.666667
2845	1	0.75	0.875
2846	1	0.75	0.875
2847	1	0.75	0.833333
2848	1	0.625	0.791667
2849	1	0.625	0.791667
2850	0.916667	0.625	0.791667
2851	0.916667	0.625	0.833333
2852	0.916667	0.625	0.833333
2853	0.916667	0.625	0.75
2854	0.916667	0.625	0.666667
2855	0.916667	0.625	0.791667
2856	0.916667	0.375	0.791667
2857	0.916667	0.5	0.833333
2858	0.916667	0.375	0.791667
2859	0.833333	0.375	0.791667
2860	0.833333	0.375	0.75
2861	0.833333	0.375	0.708333
2862	0.833333	0.5	0.791667
2863	0.833333	0.375	0.75
2864	0.75	0.375	0.708333
2865	0.833333	0.375	0.791667
2866	0.75	0.375	0.75
2867	0.833333	0.375	0.708333
2868	0.833333	0.5	0.791667
2869	0.75	0.375	0.708333
2870	0.833333	0.5	0.791667
2871	0.833333	0.375	0.708333
2872	0.833333	0.375	0.708333
2873	0.916667	0.375	0.625
2874	0.833333	0.375	0.666667
2875	0.916667	0.5	0.833333
2876	0.916667	0.5	0.791667
2877	1	0.5	0.791667
2878	0.916667	0.5	0.791667
2879	1	0.375	0.75
2880	0.916667	0.375	0.791667
2881	0.916667	0.375	0.708333
2882	0.916667	0.5	0.791667
2883	0.916667	0.375	0.708333
2884	0.833333	0.5	0.791667
2885	0.75	0.375	0.708333
2886	0.833333	0.375	0.708333
2887	0.833333	0.375	0.666667
2888	0.75	0.375	0.625
2889	0.833333	0.5	0.75
2890	0.833333	0.5	0.708333
2891	0.833333	0.375	0.583333
2892	0.916667	0.625	0.833333
2893	0.833333	0.5	0.75
2894	0.916667	0.625	0.833333
2895	0.833333	0.5	0.708333
2896	0.916667	0.625	0.833333
2897	0.833333	0.5	0.708333
2898	0.833333	0.5	0.75
2899	0.833333	0.5	0.75
2900	0.916667	0.625	0.75
2901	1	0.625	0.833333
2902	0.916667	0.625	0.791667
2903	0.916667	0.625	0.75
2904	0.833333	0.5	0.583333
2905	0.833333	0.5	0.666667
2906	0.833333	0.5	0.75
2907	0.916667	0.625	0.833333
2908	0.833333	0.5	0.75
2909	0.833333	0.5	0.708333
2910	0.916667	0.625	0.833333
2911	1	0.625	0.875
2912	0.916667	0.625	0.833333
2913	0.916667	0.625	0.833333
2914	0.833333	0.5	0.75
2915	0.833333	0.5	0.708333
2916	0.833333	0.5	0.75
2917	0.833333	0.5	0.791667
2918	0.833333	0.5	0.75
2919	0.833333	0.5	0.75
2920	0.916667	0.5	0.75
2921	0.833333	0.5	0.666667
2922	0.916667	0.5	0.708333
2923	0.916667	0.5	0.75
2924	1	0.5	0.75
2925	0.916667	0.5	0.625
2926	1	0.5	0.833333
2927	1	0.5	0.833333
2928	0.916667	0.5	0.833333
2929	0.916667	0.5	0.791667
2930	0.916667	0.5	0.75
2931	0.916667	0.5	0.791667
2932	0.916667	0.5	0.75
2933	0.916667	0.5	0.833333
2934	0.75	0.375	0.75
2935	0.75	0.375	0.708333
2936	0.833333	0.375	0.75
2937	0.833333	0.375	0.75
2938	0.833333	0.375	0.666667
2939	0.833333	0.375	0.75
2940	0.75	0.375	0.75
2941	0.75	0.375	0.708333
2942	0.75	0.375	0.666667
2943	0.833333	0.375	0.791667
2944	0.833333	0.375	0.75
2945	0.75	0.375	0.666667
2946	0.75	0.375	0.75
2947	0.75	0.375	0.75
2948	0.75	0.375	0.75
2949	0.75	0.375	0.666667
2950	0.75	0.375	0.75
2951	0.75	0.375	0.666667
2952	0.833333	0.375	0.666667
2953	0.75	0.375	0.541667
2954	0.833333	0.375	0.75
2955	0.75	0.375	0.708333
2956	0.916667	0.5	0.625
2957	0.833333	0.375	0.583333
2958	0.833333	0.375	0.416667
2959	0.833333	0.375	0.666667
2960	0.833333	0.375	0.708333
2961	0.833333	0.375	0.75
2962	0.833333	0.375	0.666667
2963	0.916667	0.5	0.791667
2964	0.833333	0.375	0.666667
2965	0.916667	0.5	0.75
2966	0.833333	0.375	0.583333
2967	0.916667	0.5	0.833333
2968	0.833333	0.375	0.75
2969	0.833333	0.375	0.708333
2970	0.833333	0.375	0.75
2971	0.833333	0.375	0.708333
2972	0.833333	0.375	0.75
2973	0.916667	0.5	0.833333
2974	0.833333	0.375	0.75
2975	0.916667	0.5	0.833333
2976	0.833333	0.375	0.708333
2977	0.833333	0.375	0.583333
2978	0.833333	0.375	0.708333
2979	0.833333	0.375	0.666667
2980	0.916667	0.5	0.75
2981	0.833333	0.375	0.75
2982	0.833333	0.375	0.666667
2983	0.833333	0.375	0.666667
2984	0.916667	0.5	0.791667
2985	0.833333	0.375	0.75
2986	0.833333	0.375	0.708333
2987	0.916667	0.5	0.791667
2988	0.916667	0.5	0.75
2989	0.833333	0.375	0.666667
2990	0.833333	0.375	0.666667
2991	0.833333	0.375	0.583333
2992	0.833333	0.5	0.75
2993	0.916667	0.5	0.708333
2994	0.833333	0.5	0.708333
2995	0.916667	0.5	0.625
2996	0.916667	0.5	0.708333
2997	0.916667	0.5	0.75
2998	0.916667	0.5	0.708333
2999	0.916667	0.5	0.708333
3000	0.916667	0.5	0.791667
3001	0.916667	0.5	0.75
3002	0.833333	0.5	0.708333
3003	0.833333	0.5	0.666667
3004	0.833333	0.5	0.75
3005	0.833333	0.5	0.75
3006	0.833333	0.5	0.791667
3007	0.833333	0.5	0.75
3008	0.833333	0.5	0.708333
3009	0.833333	0.5	0.666667
3010	0.916667	0.625	0.833333
3011	0.916667	0.625	0.791667
3012	1	0.625	0.833333
3013	0.916667	0.625	0.791667
3014	0.916667	0.5	0.791667
3015	1	0.5	0.791667
3016	0.916667	0.5	0.708333
3017	0.916667	0.5	0.791667
3018	0.916667	0.5	0.75
3019	0.833333	0.5	0.791667
3020	0.833333	0.5	0.75
3021	0.833333	0.5	0.75
3022	0.916667	0.5	0.708333
3023	0.833333	0.5	0.708333
3024	0.833333	0.5	0.708333
3025	0.833333	0.5	0.75
3026	0.833333	0.5	0.75
3027	0.916667	0.5	0.708333
3028	0.833333	0.5	0.666667
3029	0.916667	0.5	0.708333
3030	0.916667	0.5	0.625
3031	0.916667	0.5	0.75
3032	0.916667	0.5	0.708333
3033	0.833333	0.5	0.666667
3034	0.833333	0.5	0.708333
3035	0.916667	0.625	0.833333
3036	0.916667	0.5	0.791667
3037	1	0.625	0.833333
3038	1	0.5	0.791667
3039	0.916667	0.5	0.708333
3040	0.916667	0.625	0.791667
3041	0.916667	0.625	0.791667
3042	1	0.625	0.791667
3043	1	0.5	0.75
3044	1	0.5	0.833333
3045	1	0.5	0.791667
3046	1	0.5	0.75
3047	1	0.625	0.875
3048	1	0.625	0.833333
3049	1	0.625	0.833333
3050	1	0.625	0.875
3051	1	0.5	0.833333
3052	1	0.5	0.791667
3053	1	0.625	0.833333
3054	1	0.625	0.791667
3055	1	0.625	0.833333
3056	1	0.5	0.75
3057	1	0.5	0.75
3058	0.916667	0.625	0.833333
3059	0.916667	0.625	0.833333
3060	0.916667	0.625	0.875
3061	0.916667	0.5	0.833333
3062	0.916667	0.5	0.75
3063	0.916667	0.625	0.833333
3064	0.916667	0.625	0.791667
3065	0.916667	0.625	0.833333
3066	0.916667	0.625	0.833333
3067	0.916667	0.625	0.791667
3068	0.916667	0.625	0.791667
3069	0.916667	0.625	0.75
3070	0.916667	0.625	0.75
3071	0.916667	0.5	0.791667
3072	0.916667	0.5	0.791667
3073	0.916667	0.5	0.75
3074	0.916667	0.5	0.708333
3075	0.916667	0.5	0.625
3076	0.833333	0.375	0.666667
3077	0.833333	0.375	0.708333
3078	0.916667	0.375	0.708333
3079	0.916667	0.5	0.75
3080	0.916667	0.375	0.708333
3081	0.916667	0.5	0.708333
3082	0.916667	0.375	0.625
3083	0.833333	0.375	0.75
3084	0.833333	0.375	0.708333
3085	0.833333	0.375	0.791667
3086	0.833333	0.375	0.75
3087	0.833333	0.375	0.75
3088	0.833333	0.375	0.708333
3089	0.833333	0.375	0.75
3090	0.833333	0.375	0.666667
3091	0.916667	0.5	0.833333
3092	0.916667	0.5	0.791667
3093	0.916667	0.5	0.791667
3094	0.916667	0.5	0.75
3095	0.916667	0.5	0.791667
3096	0.916667	0.5	0.75
3097	0.916667	0.5	0.708333
3098	0.916667	0.5	0.791667
3099	0.916667	0.375	0.791667
3100	0.916667	0.375	0.791667
3101	0.916667	0.375	0.708333
3102	0.916667	0.375	0.75
3103	0.916667	0.375	0.708333
3104	0.916667	0.375	0.75
3105	0.916667	0.375	0.583333
3106	0.916667	0.375	0.666667
3107	0.916667	0.375	0.75
3108	0.916667	0.375	0.708333
3109	0.833333	0.375	0.75
3110	0.833333	0.375	0.708333
3111	0.75	0.375	0.75
3112	0.75	0.375	0.708333
3113	0.75	0.375	0.708333
3114	0.75	0.375	0.708333
3115	0.75	0.375	0.625
3116	0.833333	0.5	0.708333
3117	0.833333	0.5	0.75
3118	0.833333	0.5	0.75
3119	0.833333	0.5	0.75
3120	0.916667	0.625	0.833333
3121	0.833333	0.5	0.75
3122	0.833333	0.5	0.666667
3123	0.916667	0.625	0.791667
3124	0.916667	0.5	0.791667
3125	0.916667	0.5	0.791667
3126	0.916667	0.5	0.708333
3127	0.833333	0.375	0.708333
3128	0.833333	0.375	0.666667
3129	0.833333	0.375	0.708333
3130	0.833333	0.375	0.75
3131	0.833333	0.375	0.666667
3132	0.833333	0.375	0.75
3133	0.833333	0.375	0.541667
3134	0.833333	0.375	0.666667
3135	0.833333	0.375	0.583333
3136	0.833333	0.375	0.541667
3137	0.833333	0.375	0.666667
3138	0.833333	0.375	0.708333
3139	0.833333	0.375	0.666667
3140	0.833333	0.375	0.666667
3141	0.833333	0.375	0.583333
3142	0.833333	0.375	0.625
3143	0.833333	0.5	0.708333
3144	0.833333	0.5	0.666667
3145	0.75	0.375	0.625
3146	0.75	0.375	0.666667
3147	0.75	0.375	0.625
3148	0.75	0.375	0.541667
3149	0.75	0.375	0.625
3150	0.833333	0.5	0.75
3151	0.75	0.375	0.708333
3152	0.75	0.375	0.666667
3153	0.75	0.375	0.708333
3154	0.75	0.375	0.75
3155	0.75	0.375	0.708333
3156	0.75	0.375	0.708333
3157	0.833333	0.5	0.791667
3158	0.75	0.375	0.708333
3159	0.75	0.375	0.666667
3160	0.833333	0.5	0.75
3161	0.75	0.375	0.666667
3162	0.833333	0.5	0.75
3163	0.75	0.375	0.625
3164	0.75	0.375	0.625
3165	0.75	0.375	0.666667
3166	0.75	0.375	0.666667
3167	0.75	0.375	0.625
3168	0.75	0.375	0.708333
3169	0.833333	0.5	0.75
3170	0.75	0.375	0.625
3171	0.833333	0.5	0.708333
3172	0.833333	0.5	0.666667
3173	0.833333	0.5	0.708333
3174	0.75	0.375	0.583333
3175	0.75	0.375	0.5
3176	0.916667	0.625	0.833333
3177	1	0.625	0.833333
3178	0.916667	0.625	0.791667
3179	0.833333	0.5	0.75
3180	0.916667	0.5	0.791667
3181	0.833333	0.5	0.75
3182	0.833333	0.5	0.75
3183	0.916667	0.5	0.75
3184	1	0.5	0.75
3185	0.833333	0.5	0.666667
3186	0.916667	0.5	0.791667
3187	0.916667	0.5	0.833333
3188	0.916667	0.5	0.791667
3189	0.916667	0.5	0.75
3190	1	0.625	0.875
3191	1	0.625	0.791667
3192	1	0.625	0.833333
3193	1	0.625	0.833333
3194	0.916667	0.5	0.708333
3195	0.916667	0.5	0.708333
3196	0.916667	0.5	0.791667
3197	0.916667	0.5	0.75
3198	0.916667	0.5	0.708333
3199	1	0.5	0.666667
3200	1	0.5	0.75
3201	1	0.5	0.791667
3202	0.916667	0.5	0.75
3203	0.916667	0.5	0.791667
3204	0.916667	0.5	0.708333
3205	0.916667	0.625	0.875
3206	0.916667	0.625	0.833333
3207	0.833333	0.5	0.75
3208	0.833333	0.5	0.791667
3209	0.833333	0.5	0.791667
3210	0.833333	0.5	0.791667
3211	0.833333	0.5	0.791667
3212	0.833333	0.5	0.708333
3213	0.833333	0.5	0.75
3214	0.833333	0.5	0.75
3215	0.833333	0.5	0.708333
3216	0.833333	0.5	0.666667
3217	0.833333	0.5	0.583333
3218	0.916667	0.625	0.791667
3219	0.833333	0.5	0.708333
3220	0.916667	0.625	0.75
3221	0.916667	0.625	0.791667
3222	0.833333	0.5	0.666667
3223	0.833333	0.5	0.666667
3224	0.833333	0.5	0.75
3225	0.833333	0.5	0.708333
3226	0.833333	0.5	0.75
3227	0.833333	0.5	0.75
3228	0.916667	0.625	0.833333
3229	0.833333	0.5	0.75
3230	0.833333	0.5	0.75
3231	0.833333	0.5	0.708333
3232	0.916667	0.625	0.833333
3233	0.916667	0.625	0.833333
3234	0.833333	0.5	0.708333
3235	0.916667	0.5	0.708333
3236	0.916667	0.5	0.625
3237	0.916667	0.5	0.708333
3238	0.916667	0.5	0.75
3239	0.916667	0.5	0.791667
3240	0.916667	0.5	0.791667
3241	0.916667	0.5	0.708333
3242	1	0.5	0.791667
3243	0.916667	0.5	0.791667
3244	0.916667	0.5	0.791667
3245	0.916667	0.5	0.75
3246	0.916667	0.5	0.833333
3247	0.916667	0.5	0.833333
3248	0.916667	0.5	0.791667
3249	0.916667	0.5	0.75
3250	1	0.5	0.833333
3251	0.916667	0.5	0.75
3252	1	0.5	0.75
3253	1	0.5	0.791667
3254	1	0.5	0.75
3255	0.916667	0.5	0.708333
3256	0.916667	0.5	0.625
3257	0.75	0.375	0.75
3258	0.833333	0.375	0.708333
3259	0.916667	0.375	0.791667
3260	0.833333	0.375	0.708333
3261	0.833333	0.375	0.791667
3262	0.75	0.375	0.791667
3263	0.833333	0.375	0.791667
3264	0.833333	0.375	0.791667
3265	0.833333	0.375	0.666667
3266	0.75	0.375	0.708333
3267	0.833333	0.375	0.666667
3268	0.833333	0.375	0.583333
3269	0.75	0.375	0.708333
3270	0.75	0.375	0.666667
3271	0.75	0.375	0.708333
3272	0.833333	0.375	0.666667
3273	0.833333	0.375	0.75
3274	0.916667	0.375	0.75
3275	0.75	0.375	0.75
3276	0.833333	0.375	0.75
3277	0.833333	0.375	0.75
3278	0.75	0.375	0.75
3279	0.833333	0.375	0.75
3280	0.833333	0.375	0.75
3281	0.75	0.375	0.75
3282	0.833333	0.375	0.75
3283	0.75	0.375	0.75
3284	0.833333	0.375	0.708333
3285	0.833333	0.375	0.708333
3286	0.833333	0.375	0.75
3287	0.833333	0.375	0.708333
3288	0.833333	0.375	0.75
3289	0.833333	0.375	0.666667
3290	0.916667	0.375	0.75
3291	0.916667	0.375	0.708333
3292	0.833333	0.375	0.583333
3293	0.916667	0.375	0.708333
3294	0.916667	0.375	0.791667
3295	0.833333	0.375	0.75
3296	0.833333	0.375	0.791667
3297	0.833333	0.375	0.75
3298	0.833333	0.375	0.708333
3299	0.833333	0.375	0.75
3300	0.916667	0.375	0.708333
3301	0.833333	0.375	0.666667
3302	0.833333	0.375	0.666667
3303	0.833333	0.375	0.708333
3304	0.916667	0.375	0.75
3305	0.916667	0.375	0.708333
3306	0.75	0.375	0.75
3307	0.75	0.375	0.75
3308	0.75	0.375	0.708333
3309	0.75	0.375	0.666667
3310	0.75	0.375	0.708333
3311	0.75	0.375	0.708333
3312	0.75	0.375	0.708333
3313	0.75	0.375	0.666667
3314	0.75	0.375	0.708333
3315	0.916667	0.375	0.75
3316	0.833333	0.375	0.75
3317	0.916667	0.375	0.708333
3318	0.916667	0.375	0.708333
3319	0.916667	0.375	0.625
3320	0.833333	0.375	0.708333
3321	0.833333	0.375	0.708333
3322	0.833333	0.375	0.666667
3323	0.833333	0.375	0.666667
3324	0.75	0.375	0.625
3325	0.75	0.375	0.666667
3326	0.75	0.375	0.625
3327	0.75	0.375	0.541667
3328	0.833333	0.375	0.666667
3329	0.833333	0.375	0.708333
3330	0.833333	0.375	0.583333
3331	0.833333	0.375	0.666667
3332	0.833333	0.375	0.75
3333	0.833333	0.375	0.666667
3334	0.833333	0.375	0.708333
3335	0.833333	0.375	0.666667
3336	0.833333	0.375	0.75
3337	0.833333	0.375	0.666667
3338	0.833333	0.375	0.666667
3339	0.833333	0.375	0.708333
3340	0.833333	0.375	0.666667
3341	0.833333	0.375	0.583333
3342	0.833333	0.375	0.708333
3343	0.916667	0.375	0.708333
3344	1	0.375	0.75
3345	0.833333	0.375	0.666667
3346	0.916667	0.375	0.625
3347	0.833333	0.375	0.583333
3348	0.833333	0.375	0.541667
3349	0.833333	0.375	0.416667
3350	0.833333	0.375	0.583333
3351	0.833333	0.375	0.541667
3352	0.833333	0.375	0.625
3353	0.916667	0.375	0.666667
3354	1	0.375	0.708333
3355	0.916667	0.375	0.583333
3356	1	0.375	0.625
3357	1	0.375	0.666667
3358	0.916667	0.375	0.625
3359	0.916667	0.375	0.583333
3360	0.916667	0.375	0.458333
3361	1	0.75	0.875
3362	1	0.75	0.833333
3363	0.916667	0.625	0.791667
3364	0.916667	0.625	0.75
3365	1	0.625	0.833333
3366	1	0.625	0.833333
3367	1	0.625	0.75
3368	0.916667	0.625	0.791667
3369	0.916667	0.625	0.791667
3370	0.916667	0.625	0.833333
3371	0.916667	0.625	0.75
3372	1	0.75	0.875
3373	1	0.625	0.833333
3374	1	0.625	0.833333
3375	1	0.625	0.833333
3376	1	0.75	0.875
3377	1	0.625	0.833333
3378	1	0.625	0.833333
3379	1	0.75	0.875
3380	1	0.625	0.875
3381	1	0.625	0.875
3382	1	0.75	0.875
3383	1	0.625	0.791667
3384	1	0.625	0.791667
3385	1	0.75	0.791667
3386	1	0.75	0.875
3387	1	0.75	0.833333
3388	1	0.75	0.833333
3389	1	0.625	0.791667
3390	0.916667	0.625	0.791667
3391	0.916667	0.625	0.708333
3392	0.916667	0.625	0.708333
3393	1	0.625	0.75
3394	1	0.625	0.666667
3395	0.833333	0.5	0.75
3396	0.833333	0.5	0.791667
3397	0.833333	0.5	0.666667
3398	0.833333	0.5	0.75
3399	0.833333	0.5	0.75
3400	0.916667	0.625	0.791667
3401	0.916667	0.625	0.791667
3402	0.916667	0.625	0.708333
3403	0.916667	0.625	0.791667
3404	0.916667	0.5	0.75
3405	0.916667	0.5	0.791667
3406	0.916667	0.5	0.708333
3407	0.916667	0.5	0.75
3408	0.916667	0.5	0.791667
3409	0.916667	0.5	0.791667
3410	0.916667	0.5	0.708333
3411	0.916667	0.5	0.583333
3412	0.916667	0.5	0.708333
3413	0.916667	0.5	0.75
3414	0.833333	0.5	0.791667
3415	0.833333	0.5	0.791667
3416	0.833333	0.5	0.791667
3417	0.833333	0.5	0.708333
3418	0.833333	0.5	0.75
3419	0.833333	0.5	0.791667
3420	0.833333	0.5	0.75
3421	0.833333	0.5	0.75
3422	0.833333	0.5	0.666667
3423	0.833333	0.5	0.75
3424	0.833333	0.5	0.75
3425	0.833333	0.5	0.791667
3426	0.833333	0.5	0.583333
3427	0.833333	0.5	0.708333
3428	0.833333	0.5	0.75
3429	0.833333	0.5	0.708333
3430	0.833333	0.5	0.75
3431	0.833333	0.5	0.791667
3432	0.833333	0.5	0.791667
3433	0.833333	0.5	0.708333
3434	0.916667	0.5	0.791667
3435	0.916667	0.5	0.791667
3436	0.916667	0.5	0.75
3437	0.916667	0.5	0.75
3438	0.916667	0.5	0.791667
3439	0.916667	0.625	0.833333
3440	0.916667	0.5	0.75
3441	0.916667	0.625	0.75
3442	0.916667	0.5	0.625
3443	0.916667	0.625	0.791667
3444	0.916667	0.625	0.791667
3445	0.916667	0.625	0.75
3446	0.916667	0.625	0.791667
3447	0.916667	0.625	0.791667
3448	0.916667	0.625	0.791667
3449	0.916667	0.625	0.75
3450	0.916667	0.625	0.791667
3451	0.916667	0.625	0.708333
3452	0.916667	0.625	0.75
3453	0.916667	0.625	0.791667
3454	0.916667	0.625	0.625
3455	0.916667	0.5	0.791667
3456	0.916667	0.5	0.75
3457	0.916667	0.5	0.791667
3458	0.916667	0.5	0.75
3459	0.916667	0.5	0.791667
3460	0.916667	0.5	0.791667
3461	0.916667	0.5	0.791667
3462	0.916667	0.5	0.791667
3463	0.916667	0.5	0.791667
3464	0.916667	0.5	0.75
3465	0.916667	0.5	0.708333
3466	0.916667	0.5	0.708333
3467	0.916667	0.5	0.708333
3468	0.916667	0.5	0.625
3469	0.916667	0.5	0.708333
3470	0.916667	0.5	0.75
3471	0.916667	0.5	0.708333
3472	0.916667	0.5	0.708333
3473	0.916667	0.5	0.625
3474	0.916667	0.5	0.708333
3475	0.916667	0.5	0.708333
3476	0.916667	0.5	0.708333
3477	0.916667	0.5	0.75
3478	0.916667	0.5	0.708333
3479	0.916667	0.5	0.625
3480	0.916667	0.5	0.458333
3481	0.833333	0.375	0.75
3482	0.833333	0.375	0.75
3483	0.916667	0.5	0.833333
3484	0.916667	0.5	0.833333
3485	0.833333	0.5	0.791667
3486	0.833333	0.5	0.791667
3487	0.75	0.375	0.708333
3488	0.75	0.375	0.666667
3489	0.75	0.375	0.708333
3490	0.75	0.375	0.666667
3491	0.916667	0.5	0.75
3492	0.833333	0.375	0.666667
3493	0.916667	0.5	0.791667
3494	0.833333	0.375	0.666667
3495	1	0.5	0.833333
3496	0.833333	0.375	0.666667
3497	0.916667	0.5	0.791667
3498	0.833333	0.5	0.75
3499	0.916667	0.5	0.75
3500	0.833333	0.5	0.75
3501	1	0.5	0.833333
3502	0.916667	0.5	0.75
3503	0.833333	0.375	0.583333
3504	0.833333	0.375	0.666667
3505	0.833333	0.375	0.666667
3506	0.833333	0.375	0.666667
3507	0.833333	0.375	0.583333
3508	0.75	0.375	0.708333
3509	0.75	0.375	0.708333
3510	0.833333	0.5	0.791667
3511	0.833333	0.5	0.791667
3512	0.75	0.375	0.708333
3513	0.75	0.375	0.708333
3514	0.75	0.375	0.666667
3515	0.75	0.375	0.708333
3516	0.75	0.375	0.708333
3517	0.75	0.375	0.708333
3518	0.75	0.375	0.666667
3519	0.833333	0.5	0.791667
3520	0.833333	0.5	0.791667
3521	0.833333	0.5	0.791667
3522	0.916667	0.5	0.75
3523	0.833333	0.375	0.666667
3524	0.916667	0.5	0.791667
3525	0.916667	0.5	0.791667
3526	0.916667	0.5	0.791667
3527	0.833333	0.375	0.708333
3528	0.833333	0.375	0.708333
3529	0.833333	0.375	0.666667
3530	0.833333	0.5	0.75
3531	0.916667	0.5	0.791667
3532	0.833333	0.375	0.666667
3533	0.833333	0.5	0.708333
3534	0.833333	0.5	0.75
3535	0.833333	0.5	0.75
3536	0.916667	0.5	0.791667
3537	0.916667	0.5	0.75
3538	0.916667	0.5	0.791667
3539	0.916667	0.5	0.791667
3540	0.833333	0.375	0.666667
3541	0.833333	0.375	0.708333
3542	0.833333	0.375	0.666667
3543	0.833333	0.375	0.583333
3544	0.833333	0.375	0.666667
3545	0.833333	0.375	0.666667
3546	0.833333	0.375	0.708333
3547	0.833333	0.375	0.666667
3548	0.833333	0.375	0.666667
3549	0.833333	0.375	0.583333
3550	0.916667	0.5	0.708333
3551	0.916667	0.5	0.625
3552	0.916667	0.5	0.708333
3553	0.833333	0.375	0.625
3554	0.833333	0.375	0.583333
3555	0.833333	0.375	0.541667
3556	0.833333	0.375	0.583333
3557	0.833333	0.375	0.666667
3558	0.833333	0.375	0.666667
3559	0.833333	0.375	0.666667
3560	0.833333	0.375	0.666667
3561	0.916667	0.5	0.708333
3562	1	0.5	0.75
3563	0.833333	0.375	0.583333
3564	1	0.5	0.75
3565	1	0.5	0.791667
3566	0.916667	0.5	0.75
3567	0.916667	0.5	0.708333
3568	0.916667	0.5	0.75
3569	0.833333	0.375	0.708333
3570	0.833333	0.375	0.708333
3571	0.833333	0.375	0.625
3572	0.833333	0.375	0.541667
3573	0.833333	0.375	0.666667
3574	0.833333	0.375	0.708333
3575	0.833333	0.375	0.666667
3576	0.833333	0.375	0.541667
3577	0.833333	0.375	0.541667
3578	0.833333	0.375	0.416667
3579	0.833333	0.375	0.625
3580	0.833333	0.375	0.583333
3581	0.75	0.375	0.625
3582	0.75	0.375	0.541667
3583	0.75	0.375	0.625
3584	0.833333	0.375	0.666667
3585	0.833333	0.375	0.708333
3586	0.833333	0.375	0.666667
3587	0.75	0.375	0.625
3588	0.75	0.375	0.625
3589	0.75	0.375	0.666667
3590	0.75	0.375	0.666667
3591	0.833333	0.5	0.708333
3592	0.833333	0.5	0.708333
3593	0.833333	0.5	0.666667
3594	0.833333	0.375	0.625
3595	0.833333	0.375	0.625
3596	0.833333	0.5	0.666667
3597	0.833333	0.375	0.583333
3598	0.833333	0.5	0.666667
3599	0.833333	0.375	0.583333
3600	0.833333	0.375	0.541667
3601	0.833333	0.375	0.541667
3602	0.833333	0.5	0.666667
3603	0.833333	0.5	0.708333
3604	0.833333	0.5	0.666667
3605	0.833333	0.5	0.583333
3606	0.833333	0.5	0.666667
3607	0.916667	0.5	0.791667
3608	0.916667	0.5	0.791667
3609	0.833333	0.5	0.75
3610	0.833333	0.5	0.75
3611	0.916667	0.5	0.791667
3612	0.833333	0.5	0.75
3613	0.833333	0.5	0.75
3614	0.833333	0.5	0.75
3615	0.916667	0.5	0.791667
3616	0.916667	0.5	0.75
3617	0.916667	0.5	0.791667
3618	0.916667	0.5	0.75
3619	0.916667	0.5	0.791667
3620	0.833333	0.5	0.708333
3621	0.833333	0.5	0.75
3622	0.833333	0.5	0.75
3623	0.833333	0.5	0.708333
3624	1	0.625	0.791667
3625	1	0.625	0.833333
3626	1	0.625	0.833333
3627	1	0.625	0.833333
3628	1	0.5	0.791667
3629	1	0.5	0.75
3630	1	0.5	0.75
3631	1	0.5	0.791667
3632	0.916667	0.625	0.791667
3633	0.916667	0.625	0.791667
3634	0.833333	0.5	0.708333
3635	0.916667	0.5	0.708333
3636	0.916667	0.5	0.708333
3637	0.916667	0.5	0.75
3638	0.916667	0.5	0.708333
3639	0.916667	0.5	0.708333
3640	0.916667	0.5	0.75
3641	0.916667	0.5	0.625
3642	0.916667	0.5	0.708333
3643	0.916667	0.5	0.708333
3644	0.916667	0.625	0.791667
3645	0.916667	0.625	0.791667
3646	0.916667	0.625	0.791667
3647	0.916667	0.625	0.75
3648	0.833333	0.5	0.666667
3649	0.833333	0.5	0.708333
3650	0.916667	0.625	0.791667
3651	0.833333	0.5	0.666667
3652	0.916667	0.625	0.791667
3653	0.916667	0.5	0.708333
3654	0.833333	0.5	0.708333
3655	0.833333	0.5	0.666667
3656	0.833333	0.5	0.666667
3657	0.916667	0.5	0.625
3658	0.916667	0.625	0.791667
3659	0.916667	0.625	0.791667
3660	0.916667	0.625	0.791667
3661	0.916667	0.625	0.75
3662	0.916667	0.625	0.75
3663	0.833333	0.5	0.666667
3664	0.833333	0.5	0.708333
3665	0.833333	0.375	0.708333
3666	0.75	0.375	0.625
3667	0.75	0.375	0.708333
3668	0.833333	0.375	0.75
3669	0.75	0.375	0.708333
3670	0.833333	0.375	0.708333
3671	0.833333	0.375	0.541667
3672	0.833333	0.375	0.708333
3673	0.833333	0.375	0.666667
3674	0.833333	0.375	0.666667
3675	0.75	0.375	0.666667
3676	0.75	0.375	0.625
3677	0.75	0.375	0.666667
3678	0.75	0.375	0.666667
3679	0.75	0.375	0.625
3680	0.75	0.375	0.708333
3681	0.75	0.375	0.708333
3682	0.75	0.375	0.708333
3683	0.833333	0.5	0.708333
3684	0.833333	0.5	0.666667
3685	0.833333	0.5	0.666667
3686	0.833333	0.5	0.708333
3687	0.833333	0.375	0.708333
3688	0.833333	0.375	0.666667
3689	0.833333	0.375	0.666667
3690	0.833333	0.375	0.708333
3691	0.833333	0.375	0.666667
3692	0.833333	0.375	0.708333
3693	0.833333	0.375	0.666667
3694	0.833333	0.375	0.625
3695	0.833333	0.375	0.583333
3696	0.833333	0.375	0.541667
3697	0.75	0.375	0.708333
3698	0.75	0.375	0.708333
3699	0.75	0.375	0.666667
3700	0.75	0.375	0.708333
3701	0.833333	0.375	0.75
3702	0.833333	0.375	0.708333
3703	0.833333	0.375	0.75
3704	0.75	0.375	0.666667
3705	0.75	0.375	0.708333
3706	0.75	0.375	0.708333
3707	0.833333	0.375	0.666667
3708	0.833333	0.375	0.708333
3709	0.833333	0.375	0.666667
3710	0.75	0.375	0.625
3711	0.75	0.375	0.625
3712	0.75	0.375	0.541667
3713	0.833333	0.5	0.583333
3714	0.833333	0.5	0.666667
3715	0.833333	0.5	0.666667
3716	0.833333	0.5	0.666667
3717	0.833333	0.375	0.541667
3718	0.833333	0.5	0.708333
3719	0.833333	0.5	0.666667
3720	0.833333	0.375	0.416667
3721	0.833333	0.375	0.666667
3722	0.833333	0.375	0.708333
3723	0.833333	0.375	0.666667
3724	0.833333	0.375	0.708333
3725	0.833333	0.375	0.666667
3726	0.833333	0.375	0.666667
3727	0.833333	0.375	0.666667
3728	0.833333	0.375	0.666667
3729	0.833333	0.375	0.666667
3730	0.833333	0.375	0.583333
3731	0.833333	0.375	0.583333
3732	0.833333	0.5	0.708333
3733	0.833333	0.5	0.75
3734	0.833333	0.5	0.75
3735	0.75	0.375	0.75
3736	0.833333	0.375	0.75
3737	0.833333	0.375	0.708333
3738	0.833333	0.375	0.666667
3739	0.833333	0.375	0.666667
3740	0.75	0.375	0.708333
3741	0.833333	0.375	0.75
3742	0.75	0.375	0.666667
3743	0.833333	0.375	0.666667
3744	0.833333	0.375	0.583333
3745	0.75	0.375	0.666667
3746	0.833333	0.5	0.791667
3747	0.916667	0.5	0.791667
3748	0.833333	0.375	0.666667
3749	0.75	0.375	0.541667
3750	0.833333	0.5	0.708333
3751	0.916667	0.5	0.791667
3752	0.833333	0.375	0.583333
3753	0.833333	0.375	0.416667
3754	0.833333	0.5	0.583333
3755	0.833333	0.5	0.708333
3756	0.833333	0.5	0.666667
3757	0.916667	0.625	0.791667
3758	1	0.625	0.833333
3759	0.916667	0.625	0.75
3760	0.916667	0.625	0.833333
3761	0.916667	0.5	0.625
3762	0.916667	0.5	0.75
3763	1	0.5	0.75
3764	0.916667	0.5	0.708333
3765	0.833333	0.5	0.666667
3766	0.833333	0.5	0.75
3767	0.833333	0.5	0.708333
3768	0.833333	0.5	0.666667
3769	0.833333	0.375	0.541667
3770	0.833333	0.375	0.666667
3771	0.75	0.375	0.708333
3772	0.833333	0.375	0.708333
3773	0.75	0.375	0.625
3774	0.833333	0.375	0.541667
3775	0.833333	0.375	0.583333
3776	0.833333	0.375	0.541667
3777	0.833333	0.375	0.583333
3778	0.833333	0.375	0.666667
3779	0.833333	0.375	0.666667
3780	0.833333	0.375	0.708333
3781	0.833333	0.5	0.708333
3782	0.833333	0.5	0.666667
3783	0.833333	0.5	0.666667
3784	0.833333	0.5	0.666667
3785	0.833333	0.5	0.666667
3786	0.833333	0.5	0.666667
3787	0.833333	0.5	0.583333
3788	0.833333	0.375	0.666667
3789	0.833333	0.375	0.666667
3790	0.75	0.375	0.666667
3791	0.75	0.375	0.708333
3792	0.75	0.375	0.708333
3793	0.75	0.375	0.625
3794	0.75	0.375	0.625
3795	0.75	0.375	0.666667
3796	0.75	0.375	0.541667
3797	0.75	0.375	0.625
3798	0.833333	0.375	0.583333
3799	0.833333	0.375	0.666667
3800	0.833333	0.375	0.416667
3801	0.833333	0.375	0.541667
3802	0.833333	0.375	0.583333
3803	0.916667	0.625	0.791667
3804	0.916667	0.625	0.791667
3805	0.916667	0.625	0.75
3806	0.916667	0.625	0.791667
3807	1	0.625	0.75
3808	1	0.625	0.75
3809	1	0.625	0.791667
3810	0.916667	0.625	0.625
3811	0.916667	0.625	0.708333
3812	0.916667	0.625	0.708333
3813	0.916667	0.625	0.708333
3814	0.916667	0.625	0.708333
3815	0.916667	0.625	0.75
3816	0.833333	0.5	0.666667
3817	0.833333	0.5	0.666667
3818	0.833333	0.5	0.583333
3819	0.833333	0.5	0.541667
3820	0.833333	0.5	0.541667
3821	0.833333	0.5	0.416667
3822	0.833333	0.5	0.583333
3823	0.916667	0.5	0.75
3824	0.916667	0.5	0.708333
3825	0.916667	0.5	0.708333
3826	0.833333	0.375	0.583333
3827	0.833333	0.375	0.541667
3828	0.75	0.375	0.625
3829	0.833333	0.5	0.75
3830	0.833333	0.5	0.708333
3831	0.833333	0.5	0.75
3832	0.75	0.375	0.625
3833	0.75	0.375	0.541667
3834	0.833333	0.5	0.75
3835	0.833333	0.5	0.666667
3836	0.75	0.375	0.5
3837	0.916667	0.5	0.75
3838	0.833333	0.5	0.666667
3839	0.833333	0.5	0.583333
3840	0.916667	0.5	0.708333
3841	0.916667	0.5	0.708333
3842	0.75	0.375	0.375
3843	1	0.5	0.666667
3844	1	0.5	0.625
3845	0.916667	0.5	0.708333
3846	0.916667	0.5	0.583333
3847	0.833333	0.5	0.708333
3848	0.833333	0.5	0.666667
3849	0.833333	0.5	0.666667
3850	0.916667	0.5	0.708333
3851	0.916667	0.5	0.625
3852	0.833333	0.5	0.583333
3853	0.916667	0.5	0.625
3854	0.916667	0.5	0.583333
3855	0.833333	0.5	0.541667
3856	0.916667	0.5	0.458333
3857	0.833333	0.375	0.541667
3858	0.833333	0.375	0.416667
3859	0.833333	0.375	0.208333
