solution	ancestral	parental	incomparable
0	0.8	0.625	0.923077
1	0.8	0.75	0.961538
2	0.8	0.625	0.923077
3	0.8	0.625	0.923077
4	0.9	0.75	0.923077
5	0.9	0.875	0.961538
6	0.9	0.75	0.923077
7	0.9	0.75	0.923077
8	0.8	0.625	0.923077
9	0.8	0.625	0.923077
10	0.9	0.75	0.923077
11	0.9	0.75	0.923077
12	0.8	0.5	0.884615
13	0.8	0.5	0.884615
14	0.8	0.5	0.846154
15	0.8	0.5	0.884615
16	0.8	0.5	0.846154
17	0.9	0.625	0.884615
18	0.9	0.625	0.884615
19	0.9	0.625	0.846154
20	0.9	0.625	0.846154
21	0.9	0.625	0.884615
22	0.8	0.625	0.961538
23	0.8	0.625	0.961538
24	0.8	0.625	0.961538
25	0.8	0.625	0.961538
26	0.8	0.625	0.923077
27	0.8	0.625	0.884615
28	0.9	0.75	0.961538
29	0.8	0.625	0.884615
30	0.8	0.625	0.923077
31	0.9	0.75	0.961538
32	0.8	0.625	0.923077
33	0.9	0.75	0.961538
34	0.8	0.625	0.923077
35	0.8	0.625	0.884615
36	0.8	0.625	0.923077
37	0.9	0.75	0.961538
38	0.9	0.625	0.923077
39	0.8	0.625	0.923077
40	0.9	0.875	1
41	0.8	0.75	0.961538
42	0.8	0.75	0.961538
43	0.8	0.75	0.961538
44	0.8	0.5	0.846154
45	0.8	0.5	0.846154
46	0.9	0.5	0.884615
47	0.8	0.5	0.923077
48	0.9	0.625	0.923077
49	0.8	0.5	0.884615
50	0.9	0.625	0.923077
51	0.8	0.5	0.923077
52	0.8	0.5	0.846154
53	0.8	0.5	0.923077
54	0.8	0.5	0.923077
55	0.8	0.625	0.961538
56	0.8	0.5	0.884615
57	0.8	0.5	0.923077
58	0.8	0.625	0.961538
59	0.8	0.5	0.884615
60	0.9	0.75	0.961538
61	0.8	0.625	0.923077
62	0.8	0.625	0.923077
63	0.9	0.625	0.923077
64	0.9	0.625	0.923077
65	0.9	0.625	0.884615
66	0.9	0.5	0.807692
67	0.8	0.5	0.846154
68	0.8	0.5	0.884615
69	0.9	0.5	0.884615
70	0.8	0.5	0.846154
71	0.9	0.5	0.884615
72	0.9	0.5	0.884615
73	0.9	0.75	0.961538
74	0.8	0.625	0.923077
75	0.8	0.625	0.884615
76	0.9	0.625	0.923077
77	0.9	0.5	0.884615
78	0.8	0.5	0.846154
79	0.9	0.625	0.884615
80	0.8	0.5	0.769231
81	0.9	0.75	0.961538
82	0.9	0.75	0.961538
83	0.9	0.75	0.923077
84	0.9	0.75	0.884615
85	1	0.875	0.961538
86	1	1	1
87	0.9	0.875	0.961538
88	0.9	0.875	0.961538
89	0.9	0.875	0.961538
90	0.9	0.75	0.923077
91	1	0.875	0.961538
92	0.9	0.75	0.923077
93	1	0.75	0.923077
94	0.9	0.75	0.961538
95	0.9	0.75	0.884615
96	0.9	0.75	0.923077
97	0.9	0.75	0.923077
98	1	0.875	0.961538
99	0.9	0.625	0.923077
100	0.9	0.625	0.923077
101	0.9	0.625	0.846154
102	0.9	0.625	0.846154
103	0.9	0.625	0.884615
104	1	0.75	0.923077
105	1	0.75	0.923077
106	0.9	0.625	0.846154
107	1	0.625	0.884615
108	0.9	0.75	0.961538
109	0.9	0.75	0.961538
110	0.9	0.75	0.961538
111	0.9	0.625	0.923077
112	0.9	0.625	0.923077
113	0.9	0.625	0.884615
114	0.9	0.625	0.923077
115	0.9	0.625	0.884615
116	1	0.625	0.884615
117	0.9	0.625	0.846154
118	1	0.75	0.923077
119	0.9	0.75	0.923077
120	0.9	0.75	0.923077
121	1	0.75	0.923077
122	1	0.875	0.961538
123	0.9	0.625	0.884615
124	1	0.625	0.884615
125	1	0.625	0.884615
126	0.9	0.625	0.846154
127	1	0.75	0.923077
128	1	0.75	0.884615
129	1	0.625	0.807692
130	1	0.625	0.884615
131	0.9	0.625	0.846154
132	1	0.875	0.961538
133	1	0.875	0.961538
134	1	0.75	0.884615
135	0.9	0.75	0.884615
136	0.9	0.75	0.923077
137	0.9	0.75	0.923077
138	0.9	0.75	0.884615
139	0.9	0.625	0.769231
140	0.8	0.625	0.961538
141	0.9	0.75	0.961538
142	0.8	0.5	0.923077
143	0.9	0.625	0.923077
144	0.9	0.625	0.884615
145	0.9	0.625	0.923077
146	0.9	0.75	0.961538
147	0.9	0.75	0.961538
148	0.9	0.625	0.923077
149	0.9	0.625	0.884615
150	0.8	0.625	0.961538
151	0.8	0.625	0.961538
152	0.8	0.5	0.923077
153	0.8	0.5	0.884615
154	0.8	0.5	0.923077
155	0.8	0.5	0.884615
156	0.8	0.5	0.884615
157	0.9	0.625	0.884615
158	0.9	0.625	0.846154
159	0.8	0.5	0.846154
160	0.9	0.75	0.923077
161	0.9	0.75	0.923077
162	0.9	0.75	0.923077
163	0.9	0.625	0.884615
164	0.9	0.625	0.884615
165	0.9	0.625	0.846154
166	0.8	0.5	0.884615
167	0.8	0.625	0.923077
168	0.8	0.5	0.884615
169	0.8	0.625	0.923077
170	0.8	0.625	0.923077
171	0.8	0.5	0.846154
172	0.9	0.625	0.884615
173	0.9	0.625	0.923077
174	0.9	0.5	0.884615
175	0.8	0.5	0.846154
176	0.8	0.5	0.769231
177	0.9	0.625	0.846154
178	1	0.75	0.884615
179	1	0.75	0.923077
180	0.9	0.625	0.769231
181	1	0.625	0.884615
182	0.8	0.625	0.923077
183	0.8	0.625	0.923077
184	0.9	0.75	0.923077
185	0.9	0.75	0.923077
186	0.9	0.75	0.961538
187	0.8	0.625	0.884615
188	0.8	0.625	0.923077
189	0.9	0.625	0.923077
190	0.9	0.75	0.961538
191	0.9	0.75	0.961538
192	0.8	0.625	0.923077
193	0.8	0.625	0.884615
194	1	0.875	0.961538
195	1	0.875	0.961538
196	1	0.875	0.961538
197	0.9	0.75	0.923077
198	1	0.75	0.923077
199	0.9	0.75	0.923077
200	0.9	0.75	0.884615
201	0.9	0.75	0.884615
202	0.8	0.5	0.884615
203	0.8	0.5	0.846154
204	0.9	0.625	0.884615
205	0.9	0.625	0.846154
206	0.8	0.5	0.846154
207	0.9	0.625	0.923077
208	0.9	0.5	0.884615
209	0.9	0.5	0.884615
210	0.9	0.5	0.884615
211	0.9	0.625	0.884615
212	0.9	0.5	0.807692
213	0.9	0.625	0.846154
214	1	0.625	0.884615
215	1	0.75	0.923077
216	1	0.625	0.884615
217	1	0.625	0.884615
218	1	0.75	0.884615
219	1	0.625	0.807692
220	0.9	0.5	0.884615
221	0.8	0.5	0.884615
222	0.8	0.5	0.884615
223	0.8	0.5	0.923077
224	0.9	0.5	0.884615
225	0.9	0.625	0.923077
226	0.9	0.625	0.923077
227	0.8	0.5	0.884615
228	0.8	0.5	0.884615
229	0.9	0.5	0.884615
230	0.9	0.5	0.884615
231	0.8	0.5	0.923077
232	0.8	0.5	0.846154
233	0.8	0.5	0.923077
234	0.8	0.5	0.846154
235	0.9	0.5	0.884615
236	0.9	0.5	0.884615
237	0.8	0.5	0.923077
238	0.8	0.5	0.884615
239	0.8	0.5	0.923077
240	0.9	0.625	0.923077
241	0.8	0.5	0.884615
242	0.8	0.5	0.846154
243	0.8	0.5	0.846154
244	0.8	0.5	0.884615
245	0.9	0.625	0.884615
246	0.9	0.625	0.923077
247	0.9	0.5	0.807692
248	0.8	0.5	0.846154
249	0.8	0.5	0.846154
250	0.8	0.5	0.923077
251	0.9	0.625	0.923077
252	0.8	0.5	0.846154
253	0.8	0.5	0.846154
254	0.9	0.625	0.923077
255	0.9	0.625	0.884615
256	0.9	0.625	0.884615
257	0.8	0.5	0.923077
258	0.8	0.5	0.884615
259	0.8	0.5	0.884615
260	0.8	0.5	0.846154
261	0.8	0.5	0.846154
262	0.8	0.5	0.846154
263	0.8	0.5	0.769231
264	0.8	0.5	0.846154
265	0.8	0.5	0.769231
266	1	0.75	0.923077
267	1	0.75	0.923077
268	0.9	0.625	0.884615
269	0.9	0.625	0.846154
270	0.9	0.625	0.923077
271	1	0.625	0.884615
272	0.9	0.625	0.923077
273	0.9	0.625	0.846154
274	0.9	0.625	0.846154
275	0.9	0.625	0.884615
276	0.9	0.625	0.923077
277	0.9	0.625	0.923077
278	0.9	0.625	0.846154
279	0.9	0.625	0.846154
280	1	0.75	0.884615
281	1	0.625	0.807692
282	1	0.75	0.923077
283	0.9	0.625	0.884615
284	0.9	0.625	0.884615
285	1	0.625	0.884615
286	1	0.625	0.884615
287	0.9	0.625	0.884615
288	0.9	0.625	0.846154
289	1	0.625	0.884615
290	0.9	0.625	0.846154
291	1	0.75	0.923077
292	0.9	0.625	0.884615
293	0.9	0.625	0.923077
294	1	0.625	0.884615
295	1	0.625	0.884615
296	0.9	0.625	0.923077
297	0.9	0.625	0.884615
298	1	0.75	0.923077
299	0.9	0.625	0.846154
300	1	0.75	0.884615
301	1	0.75	0.884615
302	1	0.75	0.923077
303	0.9	0.625	0.846154
304	0.9	0.625	0.884615
305	0.9	0.625	0.769231
306	0.9	0.625	0.846154
307	0.9	0.625	0.769231
308	0.9	0.625	0.884615
309	0.9	0.625	0.923077
310	0.9	0.625	0.846154
311	0.9	0.625	0.846154
312	0.9	0.5	0.846154
313	0.9	0.5	0.846154
314	0.8	0.375	0.884615
315	0.8	0.375	0.846154
316	0.8	0.375	0.846154
317	0.8	0.375	0.807692
318	0.8	0.375	0.769231
319	0.9	0.375	0.846154
320	0.9	0.375	0.846154
321	0.8	0.375	0.730769
322	0.9	0.375	0.807692
323	0.9	0.375	0.769231
324	0.8	0.375	0.730769
325	0.8	0.375	0.846154
326	0.9	0.5	0.846154
327	0.9	0.375	0.807692
328	0.8	0.375	0.846154
329	0.8	0.375	0.884615
330	0.9	0.375	0.846154
331	0.9	0.375	0.807692
332	0.9	0.5	0.846154
333	0.8	0.375	0.730769
334	0.8	0.375	0.807692
335	0.9	0.375	0.846154
336	0.8	0.375	0.769231
337	0.9	0.5	0.769231
338	0.9	0.5	0.846154
339	0.8	0.375	0.769231
340	0.8	0.375	0.846154
341	0.8	0.375	0.615385
342	0.9	0.375	0.769231
343	0.8	0.375	0.884615
344	0.8	0.375	0.846154
345	0.8	0.375	0.846154
346	0.8	0.375	0.846154
347	0.8	0.375	0.846154
348	0.8	0.375	0.769231
349	0.8	0.375	0.807692
350	0.8	0.375	0.807692
351	0.8	0.375	0.807692
352	0.8	0.375	0.730769
353	0.9	0.375	0.807692
354	0.9	0.375	0.769231
355	0.9	0.5	0.846154
356	0.9	0.5	0.769231
357	0.9	0.375	0.807692
358	0.9	0.375	0.846154
359	0.8	0.375	0.807692
360	0.9	0.375	0.846154
361	0.9	0.375	0.807692
362	0.9	0.375	0.769231
363	0.9	0.375	0.769231
364	0.8	0.375	0.769231
365	0.9	0.375	0.769231
366	0.9	0.375	0.653846
367	0.9	0.5	0.846154
368	0.9	0.5	0.730769
369	1	0.625	0.846154
370	1	0.5	0.807692
371	0.9	0.5	0.807692
372	0.9	0.5	0.769231
373	0.9	0.5	0.884615
374	0.9	0.5	0.846154
375	1	0.5	0.769231
376	1	0.625	0.846154
377	1	0.5	0.846154
378	1	0.5	0.846154
379	0.9	0.5	0.846154
380	0.9	0.5	0.846154
381	0.9	0.5	0.769231
382	0.9	0.5	0.846154
383	0.9	0.5	0.884615
384	0.9	0.5	0.884615
385	0.9	0.5	0.846154
386	0.9	0.5	0.769231
387	0.9	0.5	0.846154
388	0.9	0.5	0.846154
389	0.9	0.5	0.846154
390	0.9	0.5	0.807692
391	0.9	0.5	0.730769
392	0.9	0.5	0.807692
393	0.9	0.5	0.807692
394	0.9	0.5	0.615385
395	1	0.625	0.769231
396	0.9	0.5	0.730769
397	1	0.625	0.846154
398	1	0.5	0.807692
399	1	0.5	0.807692
400	0.9	0.5	0.730769
401	1	0.625	0.846154
402	1	0.625	0.846154
403	1	0.5	0.846154
404	0.9	0.5	0.807692
405	1	0.5	0.846154
406	0.9	0.5	0.769231
407	1	0.5	0.769231
408	1	0.5	0.846154
409	1	0.5	0.807692
410	1	0.5	0.769231
411	1	0.5	0.769231
412	1	0.5	0.807692
413	1	0.5	0.846154
414	0.9	0.5	0.807692
415	0.9	0.5	0.769231
416	1	0.625	0.846154
417	1	0.5	0.769231
418	1	0.625	0.769231
419	1	0.5	0.769231
420	1	0.5	0.807692
421	1	0.5	0.653846
422	0.9	0.5	0.884615
423	0.9	0.5	0.884615
424	0.9	0.625	0.923077
425	0.9	0.5	0.846154
426	0.9	0.625	0.923077
427	0.9	0.5	0.884615
428	0.9	0.5	0.884615
429	0.9	0.5	0.846154
430	0.9	0.5	0.884615
431	0.9	0.625	0.923077
432	0.9	0.625	0.923077
433	0.9	0.625	0.923077
434	0.9	0.625	0.923077
435	0.8	0.375	0.884615
436	0.8	0.375	0.846154
437	0.8	0.375	0.884615
438	0.8	0.375	0.884615
439	0.8	0.5	0.923077
440	0.8	0.5	0.923077
441	0.8	0.5	0.923077
442	0.8	0.5	0.923077
443	0.8	0.5	0.923077
444	0.8	0.375	0.884615
445	0.8	0.375	0.884615
446	0.8	0.5	0.923077
447	0.8	0.375	0.846154
448	0.8	0.25	0.807692
449	0.9	0.375	0.807692
450	0.9	0.375	0.730769
451	0.8	0.25	0.730769
452	0.8	0.375	0.846154
453	0.9	0.5	0.846154
454	0.8	0.375	0.884615
455	0.8	0.25	0.807692
456	0.8	0.25	0.846154
457	0.8	0.25	0.807692
458	0.9	0.375	0.807692
459	0.9	0.5	0.884615
460	0.9	0.375	0.846154
461	0.9	0.375	0.807692
462	0.8	0.375	0.884615
463	0.8	0.375	0.884615
464	0.8	0.25	0.807692
465	0.8	0.25	0.846154
466	0.8	0.375	0.846154
467	0.8	0.25	0.807692
468	0.8	0.375	0.884615
469	0.8	0.25	0.807692
470	0.8	0.25	0.846154
471	0.8	0.5	0.923077
472	0.8	0.375	0.884615
473	0.8	0.375	0.884615
474	0.8	0.375	0.884615
475	0.8	0.375	0.846154
476	0.8	0.5	0.923077
477	0.8	0.5	0.923077
478	0.8	0.375	0.884615
479	0.8	0.375	0.884615
480	0.8	0.375	0.884615
481	0.8	0.375	0.846154
482	0.8	0.375	0.846154
483	0.8	0.25	0.807692
484	0.8	0.25	0.807692
485	0.8	0.25	0.807692
486	0.8	0.25	0.730769
487	0.9	0.625	0.923077
488	0.9	0.5	0.884615
489	0.9	0.5	0.846154
490	0.9	0.5	0.884615
491	0.9	0.5	0.884615
492	0.9	0.375	0.846154
493	0.9	0.375	0.807692
494	0.9	0.375	0.807692
495	0.9	0.625	0.923077
496	0.9	0.625	0.923077
497	0.9	0.5	0.884615
498	0.9	0.5	0.884615
499	0.9	0.5	0.884615
500	0.9	0.5	0.846154
501	0.9	0.5	0.884615
502	0.9	0.5	0.846154
503	0.9	0.5	0.884615
504	0.9	0.5	0.884615
505	0.9	0.5	0.846154
506	0.9	0.375	0.846154
507	0.9	0.375	0.807692
508	0.9	0.375	0.730769
509	0.9	0.375	0.807692
510	0.9	0.375	0.807692
511	0.9	0.375	0.807692
512	0.8	0.375	0.884615
513	0.8	0.25	0.807692
514	0.8	0.25	0.807692
515	0.8	0.5	0.923077
516	0.8	0.375	0.846154
517	0.8	0.375	0.846154
518	0.8	0.375	0.884615
519	0.8	0.375	0.884615
520	0.8	0.25	0.807692
521	0.8	0.25	0.730769
522	0.8	0.25	0.807692
523	0.8	0.25	0.807692
524	0.8	0.25	0.807692
525	0.8	0.375	0.884615
526	0.8	0.375	0.846154
527	0.8	0.375	0.846154
528	0.8	0.25	0.769231
529	0.8	0.25	0.730769
530	0.8	0.375	0.884615
531	0.8	0.375	0.846154
532	0.8	0.375	0.846154
533	0.8	0.5	0.923077
534	0.8	0.5	0.884615
535	0.8	0.5	0.923077
536	0.8	0.375	0.769231
537	0.8	0.375	0.846154
538	0.8	0.25	0.769231
539	0.8	0.375	0.846154
540	0.8	0.375	0.846154
541	0.8	0.375	0.846154
542	0.8	0.375	0.769231
543	0.8	0.25	0.730769
544	0.8	0.25	0.769231
545	0.8	0.25	0.730769
546	0.8	0.25	0.615385
547	0.8	0.375	0.884615
548	0.8	0.5	0.923077
549	0.8	0.375	0.846154
550	0.8	0.5	0.923077
551	0.8	0.5	0.923077
552	0.8	0.5	0.923077
553	0.8	0.5	0.923077
554	0.8	0.5	0.923077
555	0.8	0.5	0.884615
556	0.8	0.375	0.846154
557	0.8	0.375	0.884615
558	0.8	0.375	0.846154
559	0.8	0.5	0.923077
560	0.8	0.5	0.923077
561	0.8	0.5	0.923077
562	0.8	0.5	0.923077
563	0.8	0.5	0.884615
564	0.8	0.5	0.923077
565	0.8	0.5	0.884615
566	0.8	0.5	0.923077
567	0.8	0.5	0.884615
568	0.8	0.5	0.923077
569	0.8	0.5	0.923077
570	0.8	0.375	0.884615
571	0.8	0.375	0.846154
572	0.8	0.375	0.846154
573	0.8	0.375	0.884615
574	0.8	0.375	0.846154
575	0.8	0.375	0.846154
576	0.8	0.375	0.769231
577	0.8	0.25	0.807692
578	0.8	0.25	0.807692
579	0.8	0.25	0.807692
580	0.8	0.25	0.807692
581	0.8	0.25	0.807692
582	0.8	0.25	0.769231
583	0.8	0.25	0.730769
584	0.8	0.25	0.769231
585	0.8	0.25	0.730769
586	0.8	0.375	0.846154
587	0.8	0.375	0.846154
588	0.8	0.375	0.846154
589	0.8	0.375	0.769231
590	0.8	0.375	0.846154
591	0.8	0.375	0.846154
592	0.8	0.375	0.846154
593	0.8	0.375	0.884615
594	0.8	0.375	0.884615
595	0.8	0.375	0.884615
596	0.8	0.375	0.884615
597	0.8	0.375	0.884615
598	0.8	0.375	0.846154
599	0.8	0.375	0.884615
600	0.8	0.375	0.846154
601	0.8	0.375	0.846154
602	0.8	0.375	0.884615
603	0.8	0.25	0.807692
604	0.8	0.25	0.730769
605	0.8	0.25	0.769231
606	0.8	0.25	0.730769
607	0.8	0.25	0.807692
608	0.8	0.25	0.730769
609	0.8	0.25	0.807692
610	0.8	0.25	0.769231
611	0.8	0.25	0.730769
612	0.8	0.25	0.615385
613	0.8	0.25	0.807692
614	0.8	0.25	0.807692
615	0.8	0.25	0.846154
616	0.8	0.25	0.807692
617	0.8	0.25	0.769231
618	0.8	0.25	0.730769
619	0.8	0.25	0.807692
620	0.8	0.25	0.769231
621	0.8	0.25	0.730769
622	0.8	0.25	0.807692
623	0.8	0.375	0.884615
624	0.8	0.375	0.846154
625	0.8	0.375	0.884615
626	0.8	0.375	0.884615
627	0.8	0.5	0.923077
628	0.8	0.375	0.884615
629	0.8	0.5	0.923077
630	0.8	0.375	0.884615
631	0.8	0.375	0.846154
632	0.8	0.375	0.884615
633	0.8	0.5	0.923077
634	0.8	0.5	0.923077
635	0.8	0.375	0.846154
636	0.8	0.375	0.884615
637	0.8	0.5	0.923077
638	0.8	0.375	0.884615
639	0.8	0.5	0.923077
640	0.8	0.375	0.884615
641	0.8	0.375	0.884615
642	0.8	0.375	0.884615
643	0.8	0.5	0.923077
644	0.8	0.5	0.923077
645	0.8	0.375	0.846154
646	0.8	0.375	0.846154
647	0.8	0.375	0.846154
648	0.8	0.375	0.884615
649	0.8	0.375	0.846154
650	0.8	0.5	0.884615
651	0.8	0.5	0.923077
652	0.8	0.5	0.923077
653	0.8	0.375	0.846154
654	0.8	0.375	0.846154
655	0.8	0.375	0.846154
656	0.8	0.375	0.846154
657	0.8	0.375	0.769231
658	0.8	0.5	0.923077
659	0.8	0.5	0.884615
660	0.8	0.5	0.923077
661	0.8	0.5	0.884615
662	0.8	0.5	0.923077
663	0.8	0.5	0.923077
664	0.8	0.5	0.884615
665	0.8	0.375	0.846154
666	0.8	0.375	0.884615
667	0.8	0.375	0.846154
668	0.8	0.375	0.846154
669	0.8	0.375	0.884615
670	0.8	0.375	0.846154
671	0.8	0.375	0.846154
672	0.8	0.375	0.846154
673	0.8	0.375	0.846154
674	0.8	0.375	0.846154
675	0.8	0.375	0.846154
676	0.8	0.375	0.846154
677	0.8	0.375	0.769231
678	0.8	0.375	0.769231
679	0.9	0.5	0.846154
680	0.9	0.5	0.884615
681	0.9	0.5	0.846154
682	0.9	0.5	0.884615
683	0.9	0.375	0.807692
684	0.9	0.375	0.807692
685	0.9	0.375	0.807692
686	0.9	0.5	0.884615
687	0.9	0.375	0.807692
688	0.9	0.5	0.884615
689	0.9	0.625	0.923077
690	0.9	0.5	0.884615
691	0.9	0.5	0.884615
692	0.9	0.5	0.846154
693	0.9	0.5	0.846154
694	0.9	0.375	0.769231
695	0.9	0.375	0.730769
696	0.9	0.625	0.923077
697	0.9	0.5	0.884615
698	0.9	0.5	0.884615
699	0.9	0.375	0.807692
700	0.9	0.625	0.923077
701	0.9	0.625	0.884615
702	0.9	0.625	0.923077
703	0.9	0.5	0.846154
704	0.9	0.5	0.846154
705	0.9	0.5	0.884615
706	0.9	0.5	0.846154
707	0.9	0.5	0.846154
708	0.9	0.375	0.807692
709	0.9	0.5	0.846154
710	0.9	0.375	0.769231
711	0.9	0.5	0.884615
712	0.9	0.5	0.846154
713	0.9	0.375	0.807692
714	0.9	0.375	0.807692
715	0.9	0.375	0.730769
716	0.9	0.5	0.884615
717	0.9	0.625	0.923077
718	0.9	0.5	0.846154
719	0.9	0.625	0.923077
720	0.9	0.5	0.846154
721	0.9	0.625	0.923077
722	0.9	0.625	0.923077
723	0.9	0.625	0.923077
724	0.9	0.625	0.884615
725	0.9	0.625	0.923077
726	0.9	0.625	0.923077
727	0.9	0.625	0.923077
728	0.9	0.625	0.923077
729	0.9	0.625	0.884615
730	0.9	0.5	0.846154
731	0.9	0.625	0.884615
732	0.9	0.625	0.923077
733	0.9	0.625	0.923077
734	0.9	0.625	0.923077
735	0.9	0.5	0.884615
736	0.9	0.5	0.884615
737	0.9	0.5	0.846154
738	0.9	0.5	0.846154
739	0.9	0.5	0.884615
740	0.9	0.5	0.846154
741	0.9	0.5	0.846154
742	0.9	0.5	0.884615
743	0.9	0.5	0.884615
744	0.9	0.5	0.846154
745	0.9	0.625	0.884615
746	0.9	0.625	0.923077
747	0.9	0.625	0.923077
748	0.9	0.625	0.923077
749	0.9	0.5	0.846154
750	0.9	0.5	0.769231
751	0.9	0.5	0.846154
752	0.9	0.625	0.923077
753	0.9	0.5	0.846154
754	0.9	0.625	0.923077
755	0.9	0.625	0.884615
756	0.9	0.5	0.769231
757	0.9	0.5	0.769231
758	0.9	0.5	0.846154
759	0.9	0.5	0.846154
760	0.9	0.5	0.846154
761	0.9	0.375	0.730769
762	0.9	0.375	0.807692
763	0.9	0.375	0.769231
764	0.9	0.375	0.807692
765	0.9	0.375	0.730769
766	0.9	0.375	0.615385
767	0.9	0.375	0.730769
768	0.9	0.375	0.807692
769	0.9	0.375	0.807692
770	0.9	0.375	0.730769
771	0.9	0.375	0.769231
772	0.9	0.375	0.769231
773	0.9	0.375	0.730769
774	0.9	0.375	0.807692
775	0.9	0.375	0.730769
776	0.9	0.375	0.769231
777	0.9	0.5	0.884615
778	0.9	0.5	0.884615
779	0.9	0.5	0.846154
780	0.9	0.5	0.846154
781	0.9	0.5	0.884615
782	0.9	0.5	0.846154
783	0.9	0.5	0.884615
784	0.9	0.5	0.846154
785	0.9	0.375	0.807692
786	0.9	0.375	0.807692
787	0.9	0.375	0.846154
788	0.9	0.375	0.807692
789	0.9	0.375	0.807692
790	0.9	0.375	0.769231
791	0.9	0.375	0.730769
792	0.9	0.5	0.884615
793	0.9	0.5	0.884615
794	0.9	0.5	0.884615
795	0.9	0.5	0.846154
796	0.9	0.5	0.846154
797	0.9	0.5	0.884615
798	0.9	0.5	0.846154
799	0.9	0.5	0.846154
800	0.9	0.5	0.884615
801	0.9	0.625	0.923077
802	0.9	0.625	0.923077
803	0.9	0.625	0.884615
804	0.9	0.625	0.923077
805	0.9	0.5	0.884615
806	0.9	0.5	0.846154
807	0.9	0.5	0.846154
808	0.9	0.5	0.846154
809	0.9	0.5	0.769231
810	0.9	0.5	0.846154
811	0.9	0.5	0.846154
812	0.9	0.5	0.884615
813	0.9	0.625	0.923077
814	0.9	0.625	0.923077
815	0.9	0.375	0.807692
816	0.9	0.5	0.846154
817	0.9	0.375	0.807692
818	0.9	0.5	0.884615
819	0.9	0.375	0.730769
820	0.9	0.5	0.846154
821	0.9	0.625	0.923077
822	0.9	0.625	0.923077
823	0.9	0.625	0.884615
824	0.9	0.625	0.923077
825	0.9	0.625	0.923077
826	0.9	0.5	0.884615
827	0.9	0.5	0.846154
828	0.9	0.5	0.846154
829	0.9	0.5	0.846154
830	0.9	0.5	0.769231
831	0.9	0.625	0.884615
832	0.9	0.625	0.923077
833	0.9	0.5	0.884615
834	0.9	0.5	0.846154
835	0.9	0.5	0.846154
836	0.9	0.5	0.846154
837	0.9	0.5	0.846154
838	0.9	0.5	0.769231
839	0.9	0.5	0.769231
840	0.9	0.5	0.846154
841	0.9	0.375	0.615385
842	0.9	0.375	0.730769
843	0.9	0.375	0.769231
844	0.9	0.375	0.769231
845	0.9	0.375	0.730769
846	1	0.875	0.961538
847	0.9	0.75	0.961538
848	0.9	0.625	0.923077
849	0.9	0.625	0.923077
850	0.9	0.625	0.923077
851	1	0.75	0.923077
852	1	0.75	0.923077
853	1	0.75	0.923077
854	0.9	0.625	0.884615
855	0.8	0.5	0.884615
856	0.9	0.5	0.884615
857	0.8	0.5	0.884615
858	1	0.625	0.884615
859	0.9	0.625	0.884615
860	0.8	0.5	0.884615
861	0.8	0.5	0.846154
862	0.9	0.625	0.846154
863	0.9	0.625	0.884615
864	0.8	0.625	0.923077
865	0.8	0.5	0.884615
866	0.9	0.75	0.923077
867	0.9	0.625	0.884615
868	0.8	0.625	0.923077
869	0.8	0.625	0.923077
870	0.9	0.75	0.923077
871	0.9	0.75	0.923077
872	0.8	0.5	0.846154
873	0.9	0.625	0.846154
874	0.9	0.625	0.923077
875	0.9	0.5	0.846154
876	0.9	0.5	0.884615
877	1	0.75	0.923077
878	1	0.625	0.884615
879	1	0.625	0.846154
880	0.9	0.625	0.923077
881	0.9	0.5	0.884615
882	0.9	0.5	0.846154
883	1	0.75	0.923077
884	1	0.625	0.884615
885	1	0.625	0.846154
886	0.8	0.375	0.807692
887	0.9	0.5	0.807692
888	0.8	0.5	0.884615
889	0.9	0.625	0.884615
890	0.9	0.5	0.846154
891	0.8	0.375	0.846154
892	0.8	0.375	0.807692
893	0.9	0.375	0.846154
894	0.9	0.5	0.807692
895	1	0.5	0.846154
896	1	0.625	0.884615
897	0.9	0.5	0.884615
898	0.9	0.625	0.884615
899	0.8	0.5	0.884615
900	0.8	0.5	0.884615
901	0.8	0.5	0.846154
902	0.9	0.625	0.884615
903	0.9	0.625	0.846154
904	0.9	0.375	0.846154
905	0.8	0.375	0.807692
906	0.8	0.375	0.730769
907	0.9	0.5	0.807692
908	0.9	0.5	0.730769
909	1	0.5	0.846154
910	1	0.5	0.846154
911	0.9	0.375	0.846154
912	0.9	0.375	0.846154
913	1	0.5	0.846154
914	1	0.5	0.769231
915	0.9	0.375	0.769231
916	0.8	0.5	0.846154
917	0.8	0.375	0.807692
918	0.9	0.625	0.846154
919	0.9	0.5	0.807692
920	0.8	0.5	0.884615
921	0.8	0.5	0.884615
922	0.8	0.5	0.846154
923	0.8	0.375	0.807692
924	0.8	0.375	0.846154
925	0.8	0.375	0.807692
926	0.9	0.625	0.884615
927	0.9	0.625	0.884615
928	0.9	0.625	0.846154
929	0.9	0.5	0.807692
930	0.9	0.5	0.846154
931	0.9	0.5	0.807692
932	0.9	0.625	0.846154
933	0.9	0.5	0.807692
934	0.9	0.625	0.884615
935	0.9	0.625	0.884615
936	0.9	0.625	0.846154
937	0.9	0.5	0.769231
938	0.9	0.5	0.730769
939	0.9	0.5	0.807692
940	0.9	0.5	0.807692
941	0.9	0.5	0.846154
942	0.9	0.5	0.807692
943	0.9	0.75	0.884615
944	0.9	0.625	0.846154
945	0.9	0.5	0.769231
946	0.9	0.5	0.807692
947	0.9	0.625	0.846154
948	0.9	0.625	0.846154
949	0.9	0.75	0.923077
950	0.9	0.625	0.884615
951	0.9	0.625	0.884615
952	0.9	0.75	0.923077
953	0.9	0.625	0.846154
954	0.9	0.625	0.884615
955	0.9	0.75	0.923077
956	0.9	0.75	0.923077
957	0.9	0.625	0.884615
958	0.9	0.625	0.884615
959	0.9	0.625	0.884615
960	0.9	0.625	0.884615
961	0.9	0.625	0.846154
962	0.9	0.625	0.846154
963	0.9	0.625	0.884615
964	0.9	0.5	0.807692
965	0.9	0.5	0.846154
966	0.9	0.5	0.807692
967	0.9	0.5	0.807692
968	0.9	0.5	0.730769
969	0.9	0.5	0.807692
970	0.8	0.625	0.884615
971	0.8	0.5	0.846154
972	0.8	0.5	0.846154
973	0.8	0.375	0.769231
974	0.8	0.5	0.846154
975	0.8	0.375	0.807692
976	0.8	0.5	0.846154
977	0.8	0.375	0.807692
978	0.8	0.375	0.769231
979	0.8	0.5	0.884615
980	0.8	0.625	0.923077
981	0.8	0.5	0.884615
982	0.8	0.625	0.923077
983	0.8	0.5	0.884615
984	0.8	0.625	0.923077
985	0.8	0.625	0.923077
986	0.8	0.5	0.846154
987	0.8	0.5	0.884615
988	0.8	0.5	0.884615
989	0.8	0.5	0.846154
990	0.8	0.5	0.884615
991	0.8	0.5	0.884615
992	0.8	0.5	0.884615
993	0.8	0.5	0.846154
994	0.8	0.5	0.884615
995	0.8	0.5	0.884615
996	0.8	0.5	0.846154
997	0.8	0.375	0.807692
998	0.8	0.375	0.846154
999	0.8	0.375	0.807692
1000	0.8	0.375	0.807692
1001	0.8	0.375	0.730769
1002	0.8	0.375	0.846154
1003	0.8	0.375	0.807692
1004	0.8	0.375	0.807692
1005	0.8	0.375	0.807692
1006	0.8	0.375	0.807692
1007	0.8	0.375	0.730769
1008	0.8	0.625	0.884615
1009	0.8	0.625	0.923077
1010	0.8	0.625	0.923077
1011	0.8	0.625	0.923077
1012	0.8	0.5	0.846154
1013	0.8	0.5	0.846154
1014	0.8	0.5	0.884615
1015	0.8	0.5	0.884615
1016	0.8	0.5	0.846154
1017	0.8	0.5	0.884615
1018	0.8	0.5	0.846154
1019	0.8	0.625	0.923077
1020	0.8	0.5	0.884615
1021	0.9	0.625	0.923077
1022	0.8	0.5	0.846154
1023	0.9	0.75	0.961538
1024	0.8	0.625	0.923077
1025	0.9	0.5	0.884615
1026	0.8	0.5	0.884615
1027	0.8	0.625	0.923077
1028	0.8	0.625	0.923077
1029	0.8	0.625	0.884615
1030	0.8	0.625	0.923077
1031	0.8	0.5	0.846154
1032	0.8	0.5	0.884615
1033	0.8	0.5	0.846154
1034	0.9	0.625	0.923077
1035	0.9	0.625	0.884615
1036	0.9	0.625	0.884615
1037	0.9	0.625	0.923077
1038	0.9	0.625	0.923077
1039	0.9	0.625	0.884615
1040	0.9	0.625	0.884615
1041	0.9	0.75	0.961538
1042	0.9	0.75	0.923077
1043	0.9	0.75	0.961538
1044	0.9	0.75	0.961538
1045	0.9	0.5	0.884615
1046	0.9	0.5	0.884615
1047	0.9	0.5	0.807692
1048	0.8	0.5	0.846154
1049	0.8	0.625	0.923077
1050	0.8	0.625	0.923077
1051	0.8	0.5	0.769231
1052	0.8	0.625	0.884615
1053	0.9	0.625	0.884615
1054	0.8	0.5	0.846154
1055	0.8	0.5	0.846154
1056	0.9	0.625	0.923077
1057	0.8	0.5	0.884615
1058	0.8	0.5	0.769231
1059	0.8	0.5	0.846154
1060	0.9	0.625	0.923077
1061	0.9	0.625	0.884615
1062	0.8	0.5	0.884615
1063	0.8	0.5	0.846154
1064	0.8	0.5	0.846154
1065	0.8	0.5	0.846154
1066	0.8	0.5	0.884615
1067	0.8	0.5	0.846154
1068	0.8	0.5	0.884615
1069	0.8	0.5	0.846154
1070	0.8	0.5	0.884615
1071	0.8	0.5	0.884615
1072	0.9	0.5	0.884615
1073	0.9	0.625	0.923077
1074	0.9	0.625	0.923077
1075	0.8	0.5	0.846154
1076	0.9	0.625	0.923077
1077	0.9	0.625	0.884615
1078	0.9	0.625	0.884615
1079	0.8	0.5	0.846154
1080	0.8	0.5	0.769231
1081	0.9	0.5	0.884615
1082	0.9	0.625	0.923077
1083	0.8	0.5	0.884615
1084	0.8	0.5	0.884615
1085	0.9	0.5	0.884615
1086	0.9	0.625	0.884615
1087	0.9	0.625	0.884615
1088	0.8	0.5	0.846154
1089	0.8	0.5	0.846154
1090	0.9	0.5	0.807692
1091	0.8	0.375	0.730769
1092	0.8	0.375	0.615385
1093	0.9	0.5	0.769231
1094	0.9	0.5	0.846154
1095	0.9	0.5	0.807692
1096	0.8	0.375	0.730769
1097	0.8	0.375	0.769231
1098	0.8	0.375	0.807692
1099	0.9	0.5	0.846154
1100	0.9	0.375	0.807692
1101	0.9	0.375	0.846154
1102	0.9	0.5	0.846154
1103	0.9	0.5	0.846154
1104	0.9	0.375	0.769231
1105	0.8	0.375	0.807692
1106	0.8	0.375	0.769231
1107	0.8	0.375	0.846154
1108	0.8	0.375	0.807692
1109	0.8	0.375	0.807692
1110	0.8	0.375	0.807692
1111	0.8	0.375	0.807692
1112	0.8	0.375	0.730769
1113	0.8	0.375	0.730769
1114	0.8	0.375	0.807692
1115	0.8	0.375	0.769231
1116	0.9	0.5	0.846154
1117	0.9	0.5	0.846154
1118	0.9	0.5	0.846154
1119	0.9	0.375	0.807692
1120	0.9	0.375	0.846154
1121	0.9	0.375	0.769231
1122	0.9	0.5	0.846154
1123	0.9	0.5	0.769231
1124	0.9	0.5	0.807692
1125	0.9	0.375	0.769231
1126	0.9	0.375	0.846154
1127	0.9	0.375	0.769231
1128	0.9	0.375	0.807692
1129	0.9	0.375	0.846154
1130	0.9	0.375	0.807692
1131	0.9	0.375	0.769231
1132	0.9	0.375	0.769231
1133	0.9	0.375	0.653846
1134	1	0.5	0.769231
1135	1	0.625	0.807692
1136	1	0.5	0.769231
1137	1	0.5	0.846154
1138	1	0.5	0.807692
1139	1	0.5	0.846154
1140	1	0.625	0.884615
1141	1	0.5	0.807692
1142	1	0.625	0.884615
1143	1	0.625	0.884615
1144	1	0.625	0.846154
1145	1	0.75	0.884615
1146	1	0.75	0.884615
1147	1	0.625	0.846154
1148	1	0.75	0.923077
1149	1	0.75	0.923077
1150	1	0.625	0.846154
1151	0.9	0.625	0.884615
1152	0.9	0.625	0.884615
1153	0.9	0.5	0.807692
1154	0.9	0.5	0.730769
1155	0.9	0.5	0.769231
1156	0.9	0.5	0.846154
1157	0.9	0.5	0.807692
1158	0.9	0.5	0.807692
1159	0.9	0.5	0.807692
1160	0.9	0.625	0.846154
1161	0.9	0.625	0.846154
1162	0.9	0.625	0.884615
1163	0.9	0.625	0.884615
1164	0.9	0.625	0.846154
1165	0.9	0.625	0.846154
1166	0.9	0.625	0.884615
1167	1	0.5	0.807692
1168	1	0.5	0.846154
1169	1	0.5	0.769231
1170	1	0.75	0.884615
1171	0.9	0.625	0.846154
1172	0.9	0.625	0.846154
1173	0.9	0.625	0.769231
1174	0.9	0.625	0.846154
1175	0.9	0.625	0.884615
1176	1	0.75	0.923077
1177	1	0.75	0.923077
1178	1	0.75	0.884615
1179	0.9	0.625	0.846154
1180	0.9	0.75	0.923077
1181	1	0.875	0.961538
1182	0.9	0.75	0.923077
1183	0.9	0.625	0.884615
1184	1	0.625	0.884615
1185	1	0.75	0.923077
1186	0.9	0.75	0.923077
1187	0.9	0.625	0.884615
1188	0.9	0.625	0.884615
1189	1	0.625	0.884615
1190	1	0.75	0.923077
1191	0.9	0.75	0.923077
1192	1	0.875	0.961538
1193	0.9	0.75	0.923077
1194	0.9	0.625	0.884615
1195	0.9	0.75	0.923077
1196	1	0.625	0.884615
1197	0.9	0.625	0.884615
1198	1	0.875	0.961538
1199	0.9	0.75	0.923077
1200	0.9	0.75	0.923077
1201	1	0.875	0.923077
1202	1	0.875	0.961538
1203	0.9	0.75	0.923077
1204	0.9	0.75	0.923077
1205	0.9	0.75	0.884615
1206	0.9	0.75	0.884615
1207	0.9	0.75	0.884615
1208	0.9	0.625	0.846154
1209	0.9	0.625	0.846154
1210	0.9	0.625	0.846154
1211	0.9	0.625	0.846154
1212	1	0.625	0.807692
1213	1	0.75	0.884615
1214	1	0.75	0.884615
1215	1	0.75	0.923077
1216	0.9	0.625	0.846154
1217	0.9	0.625	0.884615
1218	0.9	0.625	0.884615
1219	1	0.75	0.923077
1220	0.9	0.625	0.846154
1221	1	0.625	0.846154
1222	0.9	0.5	0.807692
1223	1	0.5	0.846154
1224	0.9	0.5	0.807692
1225	1	0.5	0.769231
1226	0.9	0.5	0.730769
1227	1	0.625	0.769231
1228	1	0.625	0.807692
1229	1	0.625	0.846154
1230	1	0.5	0.769231
1231	1	0.5	0.653846
1232	0.9	0.5	0.769231
1233	0.9	0.5	0.807692
1234	0.9	0.5	0.730769
1235	0.9	0.5	0.769231
1236	1	0.625	0.846154
1237	1	0.5	0.807692
1238	1	0.5	0.769231
1239	1	0.625	0.846154
1240	1	0.625	0.846154
1241	0.9	0.5	0.730769
1242	1	0.625	0.807692
1243	1	0.625	0.769231
1244	0.9	0.5	0.615385
1245	1	0.75	0.923077
1246	0.9	0.625	0.884615
1247	0.9	0.625	0.846154
1248	1	0.75	0.884615
1249	1	0.75	0.884615
1250	1	0.75	0.884615
1251	1	0.75	0.923077
1252	1	0.75	0.884615
1253	0.9	0.625	0.846154
1254	0.9	0.625	0.846154
1255	0.9	0.625	0.846154
1256	0.9	0.625	0.769231
1257	0.9	0.625	0.846154
1258	0.9	0.625	0.846154
1259	0.9	0.625	0.769231
1260	0.8	0.375	0.807692
1261	0.9	0.375	0.807692
1262	0.9	0.5	0.846154
1263	0.8	0.375	0.807692
1264	0.9	0.375	0.846154
1265	0.8	0.375	0.846154
1266	0.8	0.375	0.807692
1267	0.8	0.375	0.769231
1268	0.8	0.375	0.730769
1269	0.9	0.5	0.846154
1270	0.9	0.5	0.884615
1271	0.9	0.5	0.846154
1272	0.8	0.375	0.846154
1273	0.8	0.375	0.807692
1274	0.8	0.375	0.807692
1275	0.9	0.375	0.769231
1276	0.9	0.375	0.846154
1277	0.8	0.375	0.807692
1278	0.8	0.375	0.807692
1279	0.9	0.375	0.807692
1280	0.8	0.375	0.807692
1281	0.9	0.5	0.846154
1282	0.8	0.375	0.769231
1283	0.9	0.5	0.846154
1284	0.9	0.5	0.807692
1285	0.9	0.5	0.884615
1286	0.9	0.5	0.846154
1287	0.9	0.5	0.884615
1288	0.9	0.5	0.846154
1289	0.9	0.5	0.846154
1290	0.9	0.5	0.769231
1291	0.9	0.375	0.846154
1292	0.9	0.375	0.769231
1293	0.9	0.375	0.769231
1294	0.9	0.375	0.846154
1295	0.9	0.375	0.846154
1296	0.9	0.375	0.807692
1297	0.9	0.375	0.846154
1298	0.9	0.375	0.807692
1299	0.9	0.375	0.846154
1300	0.8	0.375	0.807692
1301	0.8	0.375	0.769231
1302	0.8	0.375	0.846154
1303	0.8	0.375	0.807692
1304	0.8	0.375	0.846154
1305	0.8	0.375	0.730769
1306	0.8	0.375	0.807692
1307	0.8	0.375	0.807692
1308	0.8	0.375	0.807692
1309	0.8	0.375	0.807692
1310	0.8	0.375	0.769231
1311	0.8	0.375	0.807692
1312	0.8	0.375	0.730769
1313	0.9	0.375	0.769231
1314	0.9	0.375	0.653846
1315	0.9	0.375	0.769231
1316	0.9	0.375	0.769231
1317	0.8	0.375	0.807692
1318	0.8	0.375	0.846154
1319	0.8	0.375	0.846154
1320	0.9	0.375	0.846154
1321	0.8	0.375	0.807692
1322	0.8	0.375	0.846154
1323	0.8	0.375	0.807692
1324	0.8	0.375	0.807692
1325	0.8	0.375	0.730769
1326	0.8	0.375	0.807692
1327	0.9	0.375	0.846154
1328	0.8	0.375	0.807692
1329	0.8	0.375	0.807692
1330	0.9	0.375	0.769231
1331	0.8	0.375	0.807692
1332	0.8	0.375	0.846154
1333	0.8	0.5	0.884615
1334	0.8	0.5	0.884615
1335	0.8	0.5	0.884615
1336	0.8	0.375	0.769231
1337	0.8	0.375	0.807692
1338	0.8	0.375	0.730769
1339	0.8	0.375	0.807692
1340	0.8	0.375	0.807692
1341	0.8	0.5	0.846154
1342	0.8	0.5	0.884615
1343	0.8	0.5	0.846154
1344	0.8	0.5	0.884615
1345	0.8	0.5	0.884615
1346	0.8	0.5	0.846154
1347	0.8	0.5	0.846154
1348	0.8	0.5	0.846154
1349	0.8	0.5	0.884615
1350	0.8	0.5	0.884615
1351	0.8	0.5	0.846154
1352	0.8	0.5	0.846154
1353	0.9	0.625	0.884615
1354	0.8	0.5	0.846154
1355	0.9	0.5	0.846154
1356	0.8	0.375	0.769231
1357	0.9	0.625	0.923077
1358	0.9	0.5	0.884615
1359	0.9	0.625	0.884615
1360	0.9	0.5	0.846154
1361	0.9	0.625	0.923077
1362	0.9	0.625	0.923077
1363	0.9	0.5	0.846154
1364	0.8	0.5	0.884615
1365	0.8	0.5	0.884615
1366	0.8	0.5	0.884615
1367	0.8	0.5	0.846154
1368	0.8	0.5	0.884615
1369	0.8	0.5	0.884615
1370	0.8	0.5	0.884615
1371	0.8	0.5	0.846154
1372	0.8	0.5	0.884615
1373	0.9	0.5	0.884615
1374	0.9	0.5	0.884615
1375	0.9	0.5	0.884615
1376	0.9	0.5	0.807692
1377	0.9	0.5	0.884615
1378	0.9	0.375	0.846154
1379	0.9	0.375	0.769231
1380	0.9	0.375	0.846154
1381	0.9	0.375	0.807692
1382	0.8	0.375	0.807692
1383	0.8	0.375	0.807692
1384	0.8	0.375	0.730769
1385	0.8	0.5	0.846154
1386	0.9	0.625	0.884615
1387	0.8	0.5	0.846154
1388	0.9	0.5	0.846154
1389	0.8	0.375	0.769231
1390	0.9	0.625	0.923077
1391	0.9	0.625	0.884615
1392	0.9	0.625	0.923077
1393	0.9	0.625	0.923077
1394	0.9	0.5	0.884615
1395	0.9	0.5	0.846154
1396	0.9	0.5	0.846154
1397	0.8	0.5	0.846154
1398	0.8	0.5	0.769231
1399	0.8	0.5	0.846154
1400	0.8	0.5	0.846154
1401	0.8	0.375	0.807692
1402	0.8	0.375	0.769231
1403	0.8	0.375	0.730769
1404	0.8	0.5	0.846154
1405	0.8	0.5	0.884615
1406	0.8	0.5	0.884615
1407	0.8	0.5	0.884615
1408	0.8	0.5	0.884615
1409	0.8	0.5	0.846154
1410	0.8	0.5	0.884615
1411	0.8	0.375	0.807692
1412	0.8	0.375	0.730769
1413	0.9	0.5	0.846154
1414	0.9	0.625	0.923077
1415	0.9	0.625	0.923077
1416	0.8	0.5	0.884615
1417	0.8	0.375	0.730769
1418	0.8	0.5	0.846154
1419	0.8	0.5	0.884615
1420	0.8	0.5	0.846154
1421	0.9	0.625	0.923077
1422	0.9	0.5	0.846154
1423	0.9	0.625	0.923077
1424	0.9	0.625	0.884615
1425	0.9	0.625	0.884615
1426	0.9	0.625	0.923077
1427	0.9	0.625	0.923077
1428	0.9	0.625	0.923077
1429	0.9	0.5	0.807692
1430	0.9	0.5	0.769231
1431	0.9	0.625	0.884615
1432	0.9	0.625	0.884615
1433	0.8	0.5	0.846154
1434	0.8	0.5	0.884615
1435	0.8	0.5	0.884615
1436	0.8	0.5	0.846154
1437	0.8	0.5	0.846154
1438	0.8	0.5	0.846154
1439	0.8	0.5	0.769231
1440	0.8	0.5	0.846154
1441	0.8	0.5	0.846154
1442	0.8	0.5	0.769231
1443	0.8	0.5	0.846154
1444	0.8	0.5	0.846154
1445	0.8	0.5	0.884615
1446	0.8	0.5	0.846154
1447	0.8	0.5	0.884615
1448	0.8	0.375	0.730769
1449	0.8	0.375	0.615385
1450	0.9	0.625	0.884615
1451	0.9	0.625	0.884615
1452	0.9	0.5	0.846154
1453	0.9	0.5	0.807692
1454	0.9	0.625	0.846154
1455	1	0.75	0.923077
1456	0.9	0.625	0.884615
1457	1	0.625	0.884615
1458	0.9	0.5	0.807692
1459	1	0.5	0.846154
1460	0.9	0.625	0.884615
1461	1	0.75	0.923077
1462	0.9	0.625	0.846154
1463	1	0.625	0.884615
1464	1	0.75	0.923077
1465	0.9	0.5	0.730769
1466	1	0.625	0.846154
1467	0.9	0.5	0.807692
1468	1	0.625	0.884615
1469	1	0.5	0.846154
1470	1	0.625	0.846154
1471	1	0.5	0.846154
1472	1	0.5	0.846154
1473	1	0.5	0.769231
1474	0.9	0.625	0.884615
1475	0.9	0.625	0.846154
1476	1	0.75	0.923077
1477	0.9	0.625	0.884615
1478	1	0.75	0.884615
1479	1	0.75	0.884615
1480	1	0.75	0.923077
1481	0.9	0.625	0.846154
1482	0.9	0.625	0.884615
1483	0.9	0.625	0.884615
1484	0.9	0.625	0.769231
1485	0.9	0.625	0.846154
1486	0.9	0.625	0.846154
1487	0.9	0.625	0.846154
1488	0.9	0.625	0.846154
1489	0.9	0.625	0.846154
1490	0.9	0.625	0.884615
1491	0.9	0.625	0.884615
1492	0.9	0.625	0.846154
1493	0.9	0.625	0.884615
1494	0.9	0.625	0.846154
1495	0.9	0.625	0.846154
1496	0.9	0.625	0.884615
1497	0.9	0.625	0.846154
1498	0.9	0.625	0.884615
1499	0.9	0.625	0.884615
1500	0.9	0.625	0.846154
1501	0.9	0.625	0.769231
1502	0.9	0.625	0.846154
1503	0.9	0.625	0.846154
1504	0.9	0.625	0.846154
1505	1	0.75	0.923077
1506	0.9	0.625	0.884615
1507	1	0.75	0.884615
1508	1	0.75	0.923077
1509	1	0.75	0.884615
1510	1	0.75	0.923077
1511	0.9	0.625	0.884615
1512	0.9	0.625	0.884615
1513	0.9	0.625	0.846154
1514	0.9	0.625	0.846154
1515	1	0.75	0.923077
1516	1	0.75	0.923077
1517	1	0.75	0.923077
1518	1	0.75	0.884615
1519	1	0.75	0.884615
1520	1	0.75	0.923077
1521	1	0.75	0.923077
1522	1	0.75	0.884615
1523	1	0.75	0.884615
1524	0.9	0.625	0.884615
1525	0.9	0.625	0.884615
1526	0.9	0.625	0.846154
1527	0.9	0.625	0.846154
1528	0.9	0.625	0.884615
1529	0.9	0.625	0.884615
1530	0.9	0.625	0.846154
1531	0.9	0.625	0.884615
1532	0.9	0.625	0.884615
1533	0.9	0.625	0.846154
1534	1	0.625	0.884615
1535	0.9	0.625	0.884615
1536	0.9	0.625	0.846154
1537	1	0.625	0.884615
1538	0.9	0.625	0.884615
1539	0.9	0.625	0.846154
1540	1	0.625	0.807692
1541	1	0.625	0.884615
1542	0.9	0.625	0.846154
1543	0.9	0.625	0.846154
1544	0.9	0.625	0.884615
1545	0.9	0.625	0.846154
1546	0.9	0.625	0.769231
1547	0.9	0.5	0.846154
1548	0.9	0.5	0.846154
1549	0.9	0.5	0.807692
1550	0.9	0.5	0.807692
1551	0.9	0.5	0.807692
1552	0.9	0.5	0.846154
1553	0.9	0.5	0.769231
1554	0.9	0.5	0.730769
1555	0.9	0.5	0.807692
1556	0.9	0.5	0.807692
1557	0.9	0.5	0.807692
1558	0.9	0.5	0.807692
1559	0.9	0.5	0.769231
1560	0.9	0.5	0.807692
1561	0.9	0.5	0.846154
1562	0.9	0.5	0.807692
1563	0.9	0.5	0.807692
1564	0.9	0.5	0.807692
1565	0.9	0.5	0.730769
1566	0.9	0.5	0.807692
1567	1	0.625	0.846154
1568	1	0.5	0.807692
1569	0.9	0.5	0.730769
1570	0.9	0.5	0.807692
1571	0.9	0.5	0.807692
1572	0.9	0.5	0.769231
1573	1	0.5	0.846154
1574	1	0.625	0.884615
1575	1	0.5	0.846154
1576	1	0.5	0.769231
1577	1	0.625	0.846154
1578	1	0.625	0.846154
1579	0.9	0.5	0.846154
1580	0.9	0.5	0.807692
1581	0.9	0.5	0.846154
1582	1	0.625	0.884615
1583	1	0.625	0.846154
1584	0.9	0.5	0.807692
1585	1	0.5	0.846154
1586	1	0.5	0.846154
1587	1	0.5	0.846154
1588	1	0.5	0.769231
1589	0.9	0.5	0.807692
1590	0.9	0.5	0.846154
1591	0.9	0.5	0.807692
1592	0.9	0.5	0.807692
1593	0.9	0.5	0.807692
1594	0.9	0.5	0.769231
1595	0.9	0.5	0.807692
1596	0.9	0.5	0.807692
1597	0.9	0.5	0.807692
1598	0.9	0.5	0.730769
1599	0.9	0.5	0.807692
1600	0.9	0.5	0.730769
1601	0.9	0.5	0.769231
1602	1	0.625	0.846154
1603	0.9	0.5	0.769231
1604	1	0.625	0.846154
1605	1	0.625	0.884615
1606	1	0.625	0.846154
1607	0.9	0.5	0.807692
1608	0.9	0.5	0.730769
1609	1	0.5	0.807692
1610	1	0.625	0.846154
1611	1	0.625	0.846154
1612	0.9	0.5	0.769231
1613	1	0.5	0.769231
1614	1	0.5	0.846154
1615	1	0.625	0.846154
1616	0.9	0.5	0.730769
1617	0.9	0.5	0.807692
1618	0.9	0.5	0.730769
1619	0.9	0.5	0.615385
1620	1	0.625	0.769231
1621	1	0.625	0.846154
1622	1	0.625	0.807692
1623	1	0.5	0.769231
1624	1	0.5	0.807692
1625	1	0.5	0.807692
1626	1	0.5	0.769231
1627	1	0.5	0.807692
1628	1	0.5	0.769231
1629	1	0.5	0.846154
1630	0.9	0.5	0.730769
1631	0.9	0.5	0.807692
1632	0.9	0.5	0.769231
1633	1	0.625	0.846154
1634	1	0.625	0.846154
1635	1	0.625	0.846154
1636	1	0.5	0.769231
1637	1	0.625	0.769231
1638	1	0.625	0.807692
1639	1	0.5	0.653846
1640	0.8	0.375	0.807692
1641	0.8	0.375	0.807692
1642	0.8	0.375	0.846154
1643	0.8	0.375	0.769231
1644	0.8	0.375	0.807692
1645	0.8	0.375	0.730769
1646	0.8	0.375	0.807692
1647	0.8	0.375	0.846154
1648	0.8	0.375	0.807692
1649	0.8	0.375	0.730769
1650	0.8	0.375	0.769231
1651	0.8	0.375	0.807692
1652	0.8	0.375	0.807692
1653	0.9	0.5	0.846154
1654	0.8	0.375	0.807692
1655	0.9	0.5	0.884615
1656	0.8	0.375	0.769231
1657	0.9	0.5	0.846154
1658	0.8	0.375	0.807692
1659	0.9	0.5	0.884615
1660	0.8	0.375	0.730769
1661	0.9	0.5	0.846154
1662	0.9	0.5	0.846154
1663	0.8	0.375	0.730769
1664	0.8	0.375	0.730769
1665	0.8	0.375	0.615385
1666	0.9	0.5	0.846154
1667	0.9	0.5	0.769231
1668	0.9	0.5	0.807692
1669	0.9	0.5	0.846154
1670	0.9	0.375	0.807692
1671	0.8	0.375	0.807692
1672	0.9	0.375	0.846154
1673	0.9	0.5	0.846154
1674	0.9	0.5	0.884615
1675	0.9	0.5	0.846154
1676	0.8	0.375	0.807692
1677	0.9	0.375	0.846154
1678	0.8	0.375	0.730769
1679	0.8	0.375	0.769231
1680	0.9	0.375	0.769231
1681	0.9	0.5	0.846154
1682	0.9	0.5	0.884615
1683	0.8	0.375	0.730769
1684	0.8	0.375	0.807692
1685	0.9	0.375	0.846154
1686	0.9	0.5	0.884615
1687	0.9	0.5	0.846154
1688	0.8	0.375	0.807692
1689	0.9	0.375	0.846154
1690	0.9	0.375	0.846154
1691	0.8	0.375	0.846154
1692	0.9	0.375	0.846154
1693	0.8	0.375	0.807692
1694	0.9	0.375	0.769231
1695	0.8	0.375	0.807692
1696	0.9	0.5	0.884615
1697	0.8	0.375	0.807692
1698	0.8	0.375	0.769231
1699	0.8	0.375	0.730769
1700	0.9	0.5	0.846154
1701	0.9	0.5	0.846154
1702	0.9	0.5	0.846154
1703	0.8	0.375	0.769231
1704	0.8	0.375	0.730769
1705	0.8	0.375	0.730769
1706	0.8	0.375	0.807692
1707	0.8	0.375	0.807692
1708	0.8	0.375	0.769231
1709	0.8	0.375	0.846154
1710	0.9	0.375	0.846154
1711	0.9	0.5	0.884615
1712	0.9	0.5	0.846154
1713	0.8	0.375	0.807692
1714	0.9	0.375	0.807692
1715	0.8	0.375	0.807692
1716	0.8	0.375	0.807692
1717	0.8	0.375	0.846154
1718	0.9	0.375	0.846154
1719	0.9	0.375	0.769231
1720	0.9	0.5	0.846154
1721	0.9	0.5	0.846154
1722	0.9	0.375	0.769231
1723	0.9	0.375	0.807692
1724	0.9	0.375	0.846154
1725	0.9	0.375	0.769231
1726	0.9	0.375	0.807692
1727	0.9	0.375	0.846154
1728	0.8	0.375	0.807692
1729	0.8	0.375	0.807692
1730	0.8	0.375	0.807692
1731	0.8	0.375	0.807692
1732	0.8	0.375	0.846154
1733	0.8	0.375	0.807692
1734	0.8	0.375	0.846154
1735	0.8	0.375	0.807692
1736	0.9	0.5	0.807692
1737	0.9	0.5	0.846154
1738	0.9	0.5	0.846154
1739	0.9	0.5	0.846154
1740	0.9	0.5	0.884615
1741	0.9	0.5	0.769231
1742	0.9	0.5	0.846154
1743	0.9	0.375	0.769231
1744	0.9	0.375	0.846154
1745	0.9	0.375	0.846154
1746	0.9	0.375	0.807692
1747	0.8	0.375	0.730769
1748	0.8	0.375	0.730769
1749	0.8	0.375	0.769231
1750	0.8	0.375	0.807692
1751	0.8	0.375	0.807692
1752	0.9	0.375	0.769231
1753	0.8	0.375	0.807692
1754	0.8	0.375	0.807692
1755	0.8	0.375	0.769231
1756	0.9	0.375	0.769231
1757	0.9	0.375	0.653846
1758	0.8	0.375	0.807692
1759	0.8	0.375	0.846154
1760	0.8	0.375	0.807692
1761	0.8	0.375	0.807692
1762	0.8	0.375	0.846154
1763	0.8	0.375	0.807692
1764	0.8	0.375	0.807692
1765	0.8	0.375	0.769231
1766	0.8	0.375	0.730769
1767	0.9	0.5	0.846154
1768	0.9	0.5	0.846154
1769	0.9	0.5	0.846154
1770	0.9	0.375	0.769231
1771	0.9	0.375	0.807692
1772	0.9	0.375	0.846154
1773	0.8	0.375	0.846154
1774	0.8	0.375	0.807692
1775	0.8	0.375	0.807692
1776	0.8	0.375	0.769231
1777	0.8	0.375	0.807692
1778	0.8	0.375	0.807692
1779	0.8	0.375	0.730769
1780	0.8	0.375	0.807692
1781	0.9	0.5	0.846154
1782	0.8	0.375	0.730769
1783	0.9	0.5	0.807692
1784	0.9	0.5	0.769231
1785	0.8	0.375	0.730769
1786	0.8	0.375	0.769231
1787	0.8	0.375	0.615385
1788	0.9	0.5	0.769231
1789	1	0.625	0.846154
1790	0.9	0.5	0.807692
1791	1	0.625	0.846154
1792	1	0.5	0.807692
1793	0.9	0.5	0.807692
1794	0.9	0.5	0.807692
1795	0.9	0.5	0.807692
1796	0.9	0.5	0.730769
1797	0.9	0.5	0.769231
1798	0.9	0.5	0.730769
1799	0.9	0.5	0.807692
1800	0.9	0.5	0.769231
1801	0.9	0.5	0.730769
1802	0.9	0.5	0.615385
1803	0.9	0.5	0.730769
1804	0.9	0.5	0.807692
1805	1	0.625	0.846154
1806	1	0.625	0.846154
1807	0.9	0.5	0.807692
1808	0.9	0.5	0.730769
1809	1	0.625	0.769231
1810	1	0.625	0.807692
1811	0.9	0.5	0.769231
1812	1	0.625	0.884615
1813	1	0.625	0.884615
1814	0.9	0.5	0.846154
1815	1	0.5	0.846154
1816	0.9	0.5	0.807692
1817	1	0.625	0.884615
1818	1	0.625	0.846154
1819	1	0.625	0.846154
1820	1	0.625	0.846154
1821	1	0.625	0.846154
1822	0.9	0.5	0.807692
1823	0.9	0.5	0.730769
1824	0.9	0.5	0.807692
1825	1	0.5	0.846154
1826	1	0.5	0.769231
1827	0.9	0.5	0.846154
1828	0.9	0.5	0.807692
1829	0.9	0.5	0.807692
1830	0.9	0.5	0.846154
1831	0.9	0.5	0.807692
1832	0.9	0.5	0.846154
1833	0.9	0.5	0.807692
1834	1	0.625	0.846154
1835	1	0.625	0.846154
1836	1	0.625	0.846154
1837	1	0.625	0.884615
1838	1	0.625	0.884615
1839	0.9	0.5	0.807692
1840	0.9	0.5	0.807692
1841	0.9	0.5	0.769231
1842	0.9	0.5	0.807692
1843	0.9	0.5	0.730769
1844	1	0.5	0.807692
1845	1	0.5	0.846154
1846	1	0.5	0.846154
1847	1	0.5	0.846154
1848	1	0.5	0.769231
1849	0.9	0.5	0.807692
1850	1	0.5	0.769231
1851	1	0.625	0.846154
1852	0.9	0.5	0.807692
1853	0.9	0.5	0.846154
1854	0.9	0.5	0.846154
1855	1	0.5	0.846154
1856	0.9	0.5	0.846154
1857	1	0.5	0.846154
1858	1	0.625	0.884615
1859	1	0.5	0.846154
1860	0.9	0.5	0.807692
1861	0.9	0.5	0.846154
1862	0.9	0.5	0.807692
1863	0.9	0.5	0.807692
1864	1	0.5	0.846154
1865	0.9	0.5	0.807692
1866	1	0.5	0.769231
1867	0.9	0.5	0.846154
1868	0.9	0.5	0.807692
1869	0.9	0.5	0.807692
1870	0.9	0.5	0.807692
1871	1	0.625	0.884615
1872	1	0.625	0.846154
1873	0.9	0.5	0.807692
1874	0.9	0.5	0.730769
1875	1	0.5	0.846154
1876	0.9	0.5	0.807692
1877	0.9	0.5	0.807692
1878	0.9	0.5	0.846154
1879	0.9	0.5	0.807692
1880	0.9	0.5	0.807692
1881	0.9	0.5	0.807692
1882	0.9	0.5	0.807692
1883	0.9	0.5	0.807692
1884	0.9	0.5	0.807692
1885	0.9	0.5	0.807692
1886	1	0.5	0.846154
1887	1	0.625	0.884615
1888	0.9	0.5	0.807692
1889	1	0.5	0.846154
1890	1	0.5	0.846154
1891	1	0.5	0.769231
1892	1	0.5	0.807692
1893	1	0.5	0.769231
1894	1	0.5	0.807692
1895	1	0.625	0.846154
1896	1	0.625	0.846154
1897	1	0.625	0.846154
1898	0.9	0.5	0.769231
1899	0.9	0.5	0.730769
1900	1	0.5	0.769231
1901	1	0.5	0.807692
1902	1	0.625	0.846154
1903	1	0.625	0.846154
1904	1	0.625	0.807692
1905	1	0.625	0.846154
1906	1	0.625	0.846154
1907	1	0.625	0.769231
1908	1	0.625	0.846154
1909	1	0.625	0.846154
1910	1	0.625	0.846154
1911	1	0.625	0.807692
1912	1	0.625	0.846154
1913	1	0.625	0.769231
1914	1	0.5	0.807692
1915	0.9	0.5	0.807692
1916	0.9	0.5	0.769231
1917	0.9	0.5	0.807692
1918	0.9	0.5	0.807692
1919	0.9	0.5	0.730769
1920	0.9	0.5	0.730769
1921	0.9	0.5	0.769231
1922	0.9	0.5	0.769231
1923	0.9	0.5	0.730769
1924	1	0.5	0.769231
1925	0.9	0.5	0.807692
1926	1	0.5	0.769231
1927	0.9	0.5	0.730769
1928	0.9	0.5	0.730769
1929	0.9	0.5	0.615385
1930	0.9	0.5	0.769231
1931	0.9	0.5	0.769231
1932	0.9	0.5	0.730769
1933	0.9	0.5	0.769231
1934	0.9	0.5	0.730769
1935	1	0.5	0.653846
1936	0.8	0.25	0.769231
1937	0.8	0.25	0.730769
1938	0.8	0.25	0.730769
1939	0.8	0.25	0.692308
1940	0.9	0.375	0.730769
1941	0.9	0.375	0.769231
1942	0.9	0.375	0.730769
1943	0.9	0.375	0.692308
1944	1	0.375	0.769231
1945	1	0.375	0.730769
1946	0.9	0.25	0.769231
1947	0.9	0.25	0.730769
1948	1	0.375	0.769231
1949	1	0.375	0.769231
1950	0.9	0.25	0.769231
1951	0.9	0.25	0.769231
1952	1	0.375	0.769231
1953	1	0.375	0.730769
1954	0.9	0.25	0.769231
1955	0.9	0.25	0.730769
1956	1	0.375	0.730769
1957	1	0.375	0.769231
1958	0.9	0.375	0.730769
1959	0.9	0.375	0.730769
1960	0.9	0.375	0.692308
1961	0.8	0.25	0.730769
1962	0.9	0.25	0.769231
1963	0.9	0.25	0.730769
1964	0.8	0.25	0.730769
1965	0.8	0.25	0.692308
1966	0.9	0.375	0.769231
1967	0.9	0.375	0.769231
1968	0.9	0.375	0.730769
1969	1	0.5	0.769231
1970	1	0.5	0.730769
1971	1	0.5	0.769231
1972	1	0.375	0.769231
1973	0.9	0.25	0.769231
1974	0.9	0.375	0.730769
1975	0.8	0.25	0.730769
1976	0.9	0.25	0.730769
1977	0.9	0.25	0.769231
1978	0.9	0.25	0.769231
1979	0.8	0.25	0.730769
1980	0.9	0.25	0.769231
1981	0.9	0.25	0.730769
1982	0.8	0.25	0.692308
1983	0.9	0.375	0.692308
1984	0.9	0.375	0.730769
1985	1	0.375	0.769231
1986	1	0.375	0.769231
1987	1	0.375	0.769231
1988	1	0.375	0.730769
1989	1	0.375	0.730769
1990	1	0.375	0.692308
1991	0.9	0.25	0.692308
1992	1	0.375	0.692308
1993	0.9	0.25	0.692308
1994	1	0.375	0.692308
1995	0.9	0.25	0.692308
1996	1	0.375	0.615385
1997	0.9	0.25	0.615385
1998	0.9	0.25	0.692308
1999	1	0.375	0.692308
2000	1	0.375	0.769231
2001	0.9	0.25	0.769231
2002	0.9	0.25	0.692308
2003	1	0.375	0.692308
2004	0.9	0.375	0.653846
2005	0.8	0.25	0.653846
2006	0.9	0.375	0.692308
2007	0.9	0.375	0.576923
2008	0.8	0.25	0.692308
2009	0.8	0.25	0.576923
2010	0.9	0.375	0.730769
2011	0.9	0.375	0.730769
2012	1	0.375	0.769231
2013	1	0.375	0.692308
2014	1	0.5	0.769231
2015	0.9	0.375	0.653846
2016	0.8	0.25	0.730769
2017	0.8	0.25	0.730769
2018	0.9	0.25	0.769231
2019	0.9	0.25	0.692308
2020	0.9	0.375	0.769231
2021	0.8	0.25	0.653846
2022	0.9	0.25	0.692308
2023	0.9	0.25	0.769231
2024	0.9	0.25	0.692308
2025	1	0.375	0.769231
2026	1	0.375	0.692308
2027	1	0.375	0.692308
2028	0.8	0.25	0.692308
2029	0.9	0.375	0.730769
2030	0.9	0.375	0.769231
2031	0.8	0.25	0.576923
2032	1	0.5	0.730769
2033	0.9	0.375	0.576923
2034	0.9	0.375	0.692308
2035	1	0.5	0.769231
2036	0.8	0.25	0.730769
2037	0.9	0.25	0.730769
2038	0.8	0.25	0.653846
2039	0.8	0.25	0.653846
2040	0.9	0.375	0.730769
2041	0.9	0.25	0.615385
2042	0.9	0.25	0.692308
2043	0.9	0.375	0.769231
2044	0.9	0.375	0.769231
2045	1	0.375	0.692308
2046	1	0.5	0.769231
2047	1	0.5	0.730769
2048	1	0.5	0.769231
2049	0.9	0.375	0.653846
2050	1	0.375	0.730769
2051	0.9	0.375	0.730769
2052	1	0.375	0.615385
2053	0.9	0.375	0.653846
2054	0.9	0.375	0.769231
2055	0.8	0.25	0.769231
2056	0.8	0.25	0.730769
2057	0.8	0.25	0.692308
2058	0.9	0.375	0.730769
2059	0.9	0.375	0.692308
2060	0.9	0.25	0.807692
2061	0.9	0.25	0.807692
2062	0.9	0.25	0.769231
2063	0.9	0.25	0.769231
2064	0.9	0.25	0.730769
2065	0.9	0.25	0.769231
2066	0.9	0.25	0.730769
2067	1	0.375	0.769231
2068	1	0.375	0.769231
2069	1	0.375	0.769231
2070	1	0.375	0.730769
2071	1	0.375	0.807692
2072	1	0.375	0.807692
2073	1	0.375	0.730769
2074	0.8	0.25	0.769231
2075	0.8	0.25	0.730769
2076	0.8	0.25	0.692308
2077	0.9	0.25	0.692308
2078	0.9	0.25	0.769231
2079	0.9	0.25	0.692308
2080	0.9	0.25	0.730769
2081	0.9	0.25	0.615385
2082	0.9	0.25	0.769231
2083	0.9	0.25	0.692308
2084	0.9	0.25	0.692308
2085	0.9	0.25	0.692308
2086	0.9	0.25	0.730769
2087	0.9	0.25	0.615385
2088	0.8	0.25	0.769231
2089	0.8	0.25	0.730769
2090	0.8	0.25	0.730769
2091	0.8	0.25	0.692308
2092	0.9	0.375	0.730769
2093	0.9	0.375	0.730769
2094	0.9	0.375	0.769231
2095	0.9	0.375	0.730769
2096	0.9	0.375	0.692308
2097	0.9	0.375	0.692308
2098	0.9	0.375	0.769231
2099	1	0.375	0.692308
2100	1	0.375	0.692308
2101	1	0.375	0.769231
2102	1	0.375	0.730769
2103	1	0.375	0.692308
2104	1	0.375	0.615385
2105	1	0.375	0.769231
2106	1	0.375	0.730769
2107	1	0.375	0.692308
2108	1	0.375	0.692308
2109	1	0.375	0.615385
2110	1	0.5	0.730769
2111	1	0.5	0.769231
2112	1	0.5	0.769231
2113	1	0.5	0.807692
2114	1	0.5	0.730769
2115	1	0.5	0.730769
2116	1	0.5	0.692308
2117	1	0.5	0.615385
2118	1	0.5	0.769231
2119	1	0.5	0.769231
2120	1	0.5	0.769231
2121	1	0.5	0.769231
2122	1	0.5	0.730769
2123	1	0.5	0.730769
2124	1	0.5	0.692308
2125	1	0.5	0.615385
2126	0.9	0.375	0.769231
2127	0.9	0.375	0.769231
2128	0.9	0.375	0.769231
2129	0.9	0.375	0.730769
2130	0.9	0.375	0.730769
2131	0.9	0.375	0.769231
2132	0.9	0.375	0.769231
2133	0.9	0.375	0.807692
2134	0.9	0.375	0.769231
2135	0.9	0.375	0.730769
2136	0.9	0.375	0.730769
2137	0.9	0.375	0.692308
2138	0.9	0.375	0.615385
2139	0.9	0.375	0.692308
2140	0.9	0.375	0.730769
2141	0.9	0.375	0.615385
2142	0.8	0.25	0.653846
2143	0.9	0.25	0.615385
2144	0.9	0.25	0.730769
2145	0.9	0.25	0.692308
2146	0.8	0.25	0.730769
2147	0.8	0.25	0.653846
2148	0.9	0.25	0.730769
2149	0.9	0.25	0.730769
2150	0.9	0.25	0.615385
2151	0.9	0.25	0.692308
2152	0.9	0.25	0.615385
2153	0.8	0.25	0.692308
2154	0.8	0.25	0.730769
2155	0.8	0.25	0.730769
2156	0.8	0.25	0.653846
2157	0.8	0.25	0.653846
2158	0.8	0.25	0.576923
2159	0.9	0.25	0.615385
2160	0.9	0.25	0.461538
2161	0.8	0.25	0.653846
2162	0.8	0.25	0.692308
2163	0.9	0.25	0.769231
2164	0.8	0.25	0.692308
2165	0.8	0.25	0.653846
2166	0.9	0.25	0.692308
2167	0.9	0.25	0.692308
2168	0.8	0.25	0.576923
2169	0.9	0.375	0.692308
2170	0.9	0.375	0.653846
2171	0.9	0.375	0.692308
2172	0.9	0.375	0.576923
2173	0.9	0.375	0.730769
2174	0.9	0.375	0.653846
2175	0.9	0.375	0.653846
2176	1	0.375	0.692308
2177	1	0.375	0.769231
2178	1	0.375	0.692308
2179	0.9	0.375	0.576923
2180	0.9	0.375	0.692308
2181	0.9	0.375	0.653846
2182	1	0.375	0.692308
2183	1	0.375	0.615385
2184	1	0.375	0.730769
2185	0.9	0.375	0.653846
2186	0.9	0.375	0.730769
2187	0.9	0.375	0.653846
2188	0.9	0.375	0.730769
2189	1	0.375	0.730769
2190	1	0.375	0.730769
2191	1	0.375	0.692308
2192	1	0.375	0.615385
2193	1	0.375	0.615385
2194	1	0.375	0.615385
2195	1	0.375	0.461538
2196	0.8	0.25	0.576923
2197	0.8	0.25	0.423077
2198	0.9	0.375	0.576923
2199	0.9	0.375	0.423077
