solution	ancestral	parental	incomparable
0	0.909091	0.625	0.88
1	0.818182	0.5	0.88
2	0.818182	0.5	0.88
3	0.909091	0.625	0.88
4	0.909091	0.625	0.92
5	0.909091	0.75	0.96
6	0.818182	0.625	0.96
7	0.818182	0.5	0.92
8	0.909091	0.75	0.92
9	0.818182	0.625	0.92
10	0.818182	0.625	0.96
11	0.909091	0.75	0.96
12	0.909091	0.625	0.88
13	0.909091	0.625	0.8
14	0.909091	0.625	0.88
15	0.818182	0.5	0.88
16	0.818182	0.5	0.8
17	0.818182	0.5	0.88
18	0.909091	0.625	0.92
19	0.818182	0.5	0.92
20	0.909091	0.75	0.96
21	0.818182	0.625	0.96
22	0.909091	0.75	0.96
23	0.818182	0.625	0.96
24	0.818182	0.625	0.92
25	0.818182	0.625	0.96
26	0.909091	0.75	0.92
27	0.909091	0.75	0.96
28	0.818182	0.5	0.88
29	0.818182	0.5	0.88
30	0.909091	0.625	0.88
31	0.909091	0.625	0.88
32	0.727273	0.375	0.92
33	0.727273	0.375	0.92
34	0.727273	0.375	0.88
35	0.727273	0.375	0.92
36	0.818182	0.375	0.88
37	0.818182	0.5	0.92
38	0.818182	0.375	0.88
39	0.818182	0.375	0.8
40	0.727273	0.5	0.92
41	0.727273	0.5	0.88
42	0.727273	0.5	0.92
43	0.727273	0.5	0.92
44	0.727273	0.25	0.84
45	0.727273	0.25	0.88
46	0.727273	0.25	0.88
47	0.727273	0.25	0.84
48	0.727273	0.25	0.84
49	0.727273	0.375	0.92
50	0.727273	0.375	0.92
51	0.727273	0.25	0.84
52	0.727273	0.25	0.84
53	0.727273	0.375	0.88
54	0.727273	0.25	0.84
55	0.727273	0.25	0.76
56	0.818182	0.375	0.88
57	0.818182	0.375	0.8
58	0.818182	0.25	0.76
59	0.818182	0.25	0.64
60	0.818182	0.25	0.76
61	0.818182	0.25	0.8
62	0.727273	0.375	0.88
63	0.727273	0.375	0.84
64	0.727273	0.5	0.92
65	0.727273	0.5	0.92
66	0.727273	0.5	0.88
67	0.727273	0.375	0.88
68	0.727273	0.375	0.84
69	0.727273	0.375	0.84
70	0.727273	0.375	0.84
71	0.727273	0.375	0.88
72	0.727273	0.375	0.84
73	0.727273	0.375	0.84
74	0.727273	0.375	0.76
75	0.818182	0.5	0.88
76	0.818182	0.5	0.88
77	0.818182	0.625	0.92
78	0.818182	0.5	0.84
79	0.818182	0.625	0.92
80	0.818182	0.625	0.88
81	0.818182	0.625	0.92
82	0.818182	0.5	0.84
83	0.818182	0.5	0.84
84	0.818182	0.5	0.88
85	0.818182	0.5	0.84
86	0.818182	0.625	0.92
87	0.818182	0.5	0.84
88	0.818182	0.625	0.88
89	0.818182	0.5	0.84
90	0.818182	0.5	0.76
91	0.818182	0.625	0.92
92	0.818182	0.5	0.92
93	0.909091	0.5	0.88
94	0.818182	0.5	0.88
95	0.909091	0.625	0.92
96	0.909091	0.5	0.88
97	0.818182	0.5	0.92
98	0.818182	0.5	0.92
99	0.909091	0.5	0.8
100	0.818182	0.5	0.92
101	0.818182	0.375	0.88
102	0.818182	0.375	0.84
103	0.818182	0.375	0.84
104	0.818182	0.5	0.92
105	0.818182	0.5	0.88
106	0.818182	0.375	0.84
107	0.818182	0.375	0.84
108	0.818182	0.375	0.88
109	0.818182	0.375	0.84
110	0.818182	0.375	0.84
111	0.818182	0.375	0.76
112	0.909091	0.375	0.76
113	0.909091	0.375	0.8
114	0.909091	0.5	0.88
115	0.909091	0.375	0.76
116	0.909091	0.5	0.8
117	0.909091	0.375	0.64
118	0.727273	0.25	0.84
119	0.727273	0.25	0.88
120	0.727273	0.25	0.88
121	0.727273	0.25	0.88
122	0.727273	0.25	0.84
123	0.727273	0.25	0.88
124	0.727273	0.25	0.88
125	0.727273	0.25	0.84
126	0.727273	0.25	0.88
127	0.727273	0.25	0.84
128	0.727273	0.25	0.76
129	0.727273	0.25	0.84
130	0.727273	0.25	0.84
131	0.727273	0.25	0.84
132	0.727273	0.25	0.84
133	0.727273	0.25	0.88
134	0.727273	0.25	0.84
135	0.727273	0.25	0.88
136	0.727273	0.25	0.84
137	0.727273	0.25	0.84
138	0.727273	0.25	0.84
139	0.727273	0.25	0.84
140	0.727273	0.25	0.76
141	0.727273	0.25	0.88
142	0.727273	0.25	0.88
143	0.727273	0.25	0.84
144	0.727273	0.25	0.84
145	0.727273	0.25	0.84
146	0.727273	0.25	0.88
147	0.727273	0.25	0.84
148	0.727273	0.25	0.88
149	0.727273	0.25	0.84
150	0.727273	0.25	0.84
151	0.727273	0.25	0.76
152	0.727273	0.25	0.84
153	0.727273	0.25	0.84
154	0.818182	0.375	0.84
155	0.818182	0.375	0.88
156	0.818182	0.375	0.84
157	0.818182	0.375	0.84
158	0.818182	0.375	0.88
159	0.818182	0.375	0.84
160	0.818182	0.375	0.84
161	0.818182	0.375	0.76
162	0.818182	0.375	0.88
163	0.818182	0.375	0.84
164	0.818182	0.375	0.88
165	0.818182	0.375	0.88
166	0.818182	0.375	0.84
167	0.818182	0.375	0.84
168	0.818182	0.375	0.88
169	0.818182	0.375	0.76
170	0.818182	0.375	0.84
171	0.818182	0.375	0.84
172	0.818182	0.375	0.84
173	0.818182	0.375	0.88
174	0.818182	0.375	0.84
175	0.818182	0.375	0.88
176	0.818182	0.375	0.84
177	0.818182	0.375	0.88
178	0.818182	0.375	0.88
179	0.818182	0.375	0.84
180	0.818182	0.375	0.88
181	0.818182	0.375	0.84
182	0.818182	0.375	0.84
183	0.818182	0.375	0.84
184	0.818182	0.375	0.84
185	0.818182	0.375	0.84
186	0.818182	0.375	0.76
187	0.818182	0.375	0.84
188	0.818182	0.375	0.88
189	0.818182	0.375	0.84
190	0.818182	0.5	0.88
191	0.818182	0.375	0.8
192	0.818182	0.375	0.76
193	0.909091	0.5	0.8
194	0.909091	0.625	0.88
195	0.909091	0.5	0.76
196	0.818182	0.5	0.84
197	0.818182	0.5	0.76
198	0.818182	0.625	0.88
199	0.818182	0.5	0.88
200	0.818182	0.5	0.84
201	0.818182	0.625	0.92
202	0.818182	0.5	0.84
203	0.909091	0.625	0.88
204	0.909091	0.75	0.96
205	0.909091	0.625	0.88
206	0.909091	0.625	0.8
207	0.909091	0.75	0.92
208	0.909091	0.625	0.88
209	0.909091	0.625	0.92
210	0.909091	0.625	0.88
211	0.818182	0.5	0.88
212	0.818182	0.5	0.84
213	0.818182	0.5	0.84
214	0.818182	0.5	0.88
215	0.818182	0.5	0.84
216	0.818182	0.5	0.84
217	0.818182	0.5	0.76
218	0.909091	0.625	0.88
219	0.909091	0.625	0.88
220	0.909091	0.625	0.8
221	0.818182	0.375	0.76
222	0.818182	0.375	0.8
223	0.818182	0.375	0.8
224	0.818182	0.375	0.76
225	0.818182	0.375	0.8
226	0.818182	0.375	0.72
227	0.818182	0.375	0.72
228	0.818182	0.375	0.8
229	0.818182	0.375	0.8
230	0.818182	0.375	0.72
231	0.818182	0.375	0.72
232	0.818182	0.375	0.8
233	0.818182	0.375	0.6
234	0.818182	0.375	0.76
235	0.909091	0.5	0.76
236	0.909091	0.5	0.8
237	0.909091	0.5	0.8
238	0.909091	0.5	0.76
239	0.909091	0.5	0.76
240	0.909091	0.5	0.64
241	0.727273	0.25	0.8
242	0.727273	0.25	0.8
243	0.727273	0.25	0.8
244	0.727273	0.375	0.88
245	0.727273	0.25	0.76
246	0.727273	0.375	0.84
247	0.727273	0.375	0.84
248	0.727273	0.375	0.88
249	0.727273	0.5	0.92
250	0.727273	0.375	0.88
251	0.727273	0.25	0.8
252	0.727273	0.25	0.8
253	0.727273	0.25	0.76
254	0.727273	0.25	0.72
255	0.727273	0.375	0.84
256	0.727273	0.25	0.72
257	0.727273	0.375	0.84
258	0.818182	0.5	0.88
259	0.818182	0.375	0.76
260	0.727273	0.375	0.84
261	0.818182	0.5	0.88
262	0.818182	0.625	0.96
263	0.818182	0.5	0.88
264	0.818182	0.5	0.92
265	0.727273	0.375	0.84
266	0.818182	0.5	0.88
267	0.727273	0.375	0.76
268	0.727273	0.5	0.88
269	0.818182	0.625	0.92
270	0.818182	0.5	0.8
271	0.727273	0.375	0.84
272	0.727273	0.25	0.76
273	0.727273	0.25	0.8
274	0.727273	0.25	0.72
275	0.727273	0.25	0.72
276	0.727273	0.375	0.76
277	0.727273	0.25	0.6
278	0.818182	0.375	0.8
279	0.818182	0.375	0.76
280	0.818182	0.5	0.88
281	0.818182	0.375	0.8
282	0.818182	0.5	0.88
283	0.818182	0.375	0.76
284	0.818182	0.5	0.8
285	0.818182	0.375	0.64
286	0.818182	0.375	0.84
287	0.818182	0.375	0.88
288	0.909091	0.375	0.76
289	0.727273	0.25	0.88
290	0.727273	0.25	0.84
291	0.818182	0.25	0.76
292	0.818182	0.5	0.92
293	0.818182	0.5	0.88
294	0.909091	0.5	0.8
295	0.818182	0.375	0.84
296	0.818182	0.375	0.76
297	0.818182	0.375	0.84
298	0.818182	0.375	0.84
299	0.909091	0.375	0.64
300	0.727273	0.375	0.92
301	0.727273	0.375	0.88
302	0.818182	0.375	0.8
303	0.727273	0.25	0.84
304	0.818182	0.25	0.64
305	0.727273	0.25	0.84
306	0.727273	0.25	0.76
307	0.727273	0.25	0.84
308	0.727273	0.25	0.84
309	0.727273	0.25	0.84
310	0.818182	0.375	0.84
311	0.818182	0.375	0.84
312	0.818182	0.375	0.84
313	0.727273	0.25	0.84
314	0.727273	0.25	0.76
315	0.818182	0.375	0.76
316	0.727273	0.125	0.72
317	0.818182	0.25	0.72
318	0.727273	0.125	0.76
319	0.727273	0.125	0.72
320	0.727273	0.125	0.76
321	0.727273	0.125	0.72
322	0.818182	0.25	0.72
323	0.818182	0.25	0.76
324	0.818182	0.25	0.76
325	0.818182	0.25	0.72
326	0.727273	0.125	0.76
327	0.727273	0.125	0.72
328	0.727273	0.125	0.6
329	0.818182	0.25	0.72
330	0.818182	0.25	0.76
331	0.818182	0.25	0.6
332	0.818182	0.25	0.64
333	0.818182	0.125	0.44
334	0.909091	0.375	0.64
335	0.909091	0.25	0.44
336	0.727273	0.375	0.88
337	0.727273	0.375	0.88
338	0.727273	0.375	0.84
339	0.818182	0.375	0.88
340	0.727273	0.5	0.92
341	0.727273	0.375	0.84
342	0.727273	0.5	0.92
343	0.727273	0.5	0.92
344	0.818182	0.5	0.92
345	0.727273	0.5	0.92
346	0.727273	0.375	0.84
347	0.727273	0.375	0.88
348	0.727273	0.375	0.84
349	0.727273	0.375	0.88
350	0.818182	0.375	0.88
351	0.727273	0.375	0.84
352	0.818182	0.375	0.8
353	0.727273	0.375	0.84
354	0.727273	0.375	0.88
355	0.727273	0.375	0.88
356	0.727273	0.25	0.8
357	0.727273	0.25	0.8
358	0.727273	0.375	0.88
359	0.727273	0.375	0.84
360	0.727273	0.375	0.88
361	0.727273	0.375	0.88
362	0.727273	0.375	0.88
363	0.727273	0.375	0.88
364	0.727273	0.375	0.88
365	0.727273	0.375	0.84
366	0.727273	0.375	0.84
367	0.727273	0.25	0.8
368	0.727273	0.25	0.72
369	0.727273	0.375	0.84
370	0.727273	0.375	0.88
371	0.727273	0.375	0.84
372	0.818182	0.375	0.88
373	0.727273	0.375	0.84
374	0.818182	0.375	0.8
375	0.727273	0.375	0.84
376	0.727273	0.375	0.84
377	0.727273	0.25	0.76
378	0.818182	0.5	0.92
379	0.727273	0.375	0.84
380	0.727273	0.375	0.88
381	0.727273	0.375	0.84
382	0.727273	0.375	0.76
383	0.818182	0.5	0.88
384	0.818182	0.5	0.92
385	0.818182	0.375	0.88
386	0.818182	0.25	0.8
387	0.727273	0.25	0.72
388	0.818182	0.25	0.76
389	0.727273	0.375	0.84
390	0.727273	0.375	0.88
391	0.727273	0.375	0.88
392	0.818182	0.5	0.92
393	0.727273	0.375	0.84
394	0.818182	0.375	0.88
395	0.727273	0.375	0.88
396	0.727273	0.375	0.84
397	0.727273	0.375	0.88
398	0.818182	0.5	0.88
399	0.727273	0.375	0.76
400	0.818182	0.5	0.92
401	0.818182	0.5	0.92
402	0.727273	0.375	0.84
403	0.727273	0.375	0.84
404	0.727273	0.375	0.84
405	0.818182	0.375	0.88
406	0.818182	0.375	0.88
407	0.727273	0.375	0.84
408	0.818182	0.5	0.92
409	0.727273	0.375	0.88
410	0.727273	0.375	0.84
411	0.818182	0.375	0.88
412	0.818182	0.375	0.88
413	0.818182	0.375	0.8
414	0.818182	0.5	0.88
415	0.727273	0.25	0.76
416	0.818182	0.25	0.76
417	0.727273	0.25	0.72
418	0.818182	0.25	0.64
419	0.909091	0.625	0.88
420	0.909091	0.75	0.92
421	0.909091	0.625	0.8
422	0.818182	0.625	0.88
423	0.818182	0.625	0.88
424	0.909091	0.625	0.84
425	0.818182	0.625	0.88
426	0.818182	0.5	0.84
427	0.818182	0.5	0.8
428	0.909091	0.5	0.8
429	0.909091	0.5	0.68
430	0.818182	0.5	0.76
431	0.818182	0.5	0.76
432	0.818182	0.625	0.88
433	0.818182	0.625	0.92
434	0.818182	0.75	0.96
435	0.909091	0.625	0.92
436	0.818182	0.625	0.92
437	0.909091	0.75	0.96
438	0.818182	0.625	0.88
439	0.818182	0.625	0.92
440	0.909091	0.75	0.92
441	0.909091	0.875	1
442	0.909091	0.75	0.96
443	0.818182	0.75	0.96
444	0.818182	0.625	0.88
445	0.818182	0.625	0.92
446	0.909091	0.75	0.96
447	0.909091	0.625	0.92
448	0.818182	0.625	0.88
449	0.818182	0.75	0.96
450	0.818182	0.75	0.96
451	0.818182	0.625	0.88
452	0.909091	0.625	0.84
453	0.818182	0.625	0.92
454	0.909091	0.75	0.96
455	0.818182	0.625	0.92
456	0.818182	0.625	0.88
457	0.909091	0.625	0.92
458	0.818182	0.5	0.84
459	0.818182	0.5	0.84
460	0.909091	0.5	0.8
461	0.909091	0.625	0.88
462	0.818182	0.5	0.8
463	0.909091	0.625	0.88
464	0.909091	0.5	0.84
465	0.818182	0.5	0.76
466	0.727273	0.5	0.84
467	0.727273	0.375	0.8
468	0.727273	0.375	0.8
469	0.727273	0.375	0.84
470	0.727273	0.5	0.88
471	0.818182	0.5	0.88
472	0.818182	0.375	0.84
473	0.818182	0.375	0.8
474	0.818182	0.375	0.84
475	0.727273	0.5	0.88
476	0.818182	0.625	0.92
477	0.818182	0.5	0.84
478	0.727273	0.375	0.72
479	0.818182	0.5	0.88
480	0.818182	0.375	0.8
481	0.727273	0.375	0.8
482	0.727273	0.5	0.88
483	0.727273	0.375	0.8
484	0.727273	0.375	0.76
485	0.727273	0.5	0.84
486	0.727273	0.5	0.88
487	0.818182	0.625	0.92
488	0.818182	0.5	0.84
489	0.818182	0.5	0.84
490	0.727273	0.375	0.72
491	0.818182	0.375	0.76
492	0.818182	0.625	0.92
493	0.818182	0.625	0.88
494	0.818182	0.75	0.96
495	0.818182	0.625	0.88
496	0.818182	0.5	0.76
497	0.727273	0.625	0.92
498	0.727273	0.5	0.88
499	0.727273	0.5	0.84
500	0.727273	0.5	0.84
501	0.727273	0.375	0.72
502	0.727273	0.625	0.92
503	0.727273	0.625	0.88
504	0.727273	0.625	0.92
505	0.727273	0.5	0.84
506	0.727273	0.5	0.76
507	0.727273	0.5	0.84
508	0.727273	0.5	0.84
509	0.727273	0.5	0.76
510	0.727273	0.5	0.84
511	0.727273	0.375	0.6
512	0.818182	0.375	0.84
513	0.818182	0.5	0.88
514	0.818182	0.375	0.76
515	0.818182	0.375	0.76
516	0.818182	0.25	0.6
517	0.818182	0.5	0.88
518	0.909091	0.5	0.84
519	0.818182	0.5	0.88
520	0.818182	0.375	0.76
521	0.909091	0.375	0.8
522	0.909091	0.375	0.68
523	0.818182	0.375	0.8
524	0.818182	0.375	0.76
525	0.909091	0.375	0.68
526	0.909091	0.25	0.48
527	0.909091	0.75	0.92
528	0.909091	0.75	0.88
529	0.909091	0.875	0.96
530	1	1	1
531	1	0.875	0.92
532	1	0.875	0.96
533	1	0.75	0.92
534	0.909091	0.75	0.92
535	0.909091	0.75	0.92
536	0.909091	0.75	0.88
537	0.909091	0.625	0.88
538	0.818182	0.625	0.88
539	0.818182	0.625	0.88
540	0.818182	0.625	0.84
541	0.909091	0.875	0.96
542	0.909091	0.875	0.96
543	0.909091	0.875	0.96
544	0.909091	0.875	0.96
545	1	0.875	0.96
546	0.909091	0.75	0.88
547	0.909091	0.75	0.88
548	0.909091	0.75	0.88
549	1	0.75	0.84
550	0.818182	0.75	0.92
551	0.818182	0.625	0.84
552	0.818182	0.625	0.84
553	0.818182	0.75	0.92
554	0.818182	0.625	0.76
555	0.818182	0.75	0.88
556	0.818182	0.75	0.92
557	0.818182	0.5	0.84
558	0.818182	0.625	0.88
559	0.818182	0.5	0.8
560	0.818182	0.5	0.88
561	0.818182	0.5	0.88
562	0.818182	0.5	0.88
563	0.818182	0.625	0.84
564	0.818182	0.5	0.8
565	0.818182	0.5	0.72
566	0.818182	0.625	0.88
567	0.818182	0.5	0.8
568	0.818182	0.5	0.88
569	0.818182	0.5	0.88
570	0.818182	0.5	0.84
571	0.909091	0.75	0.92
572	0.909091	0.75	0.92
573	0.909091	0.75	0.88
574	0.818182	0.5	0.88
575	0.818182	0.5	0.84
576	0.818182	0.5	0.88
577	0.818182	0.5	0.84
578	0.909091	0.625	0.84
579	0.909091	0.625	0.84
580	0.909091	0.625	0.84
581	0.909091	0.625	0.76
582	0.909091	0.5	0.88
583	0.909091	0.625	0.92
584	0.818182	0.5	0.84
585	0.818182	0.5	0.88
586	0.909091	0.625	0.88
587	1	0.75	0.88
588	0.818182	0.5	0.84
589	0.818182	0.5	0.76
590	1	0.625	0.84
591	0.909091	0.625	0.76
592	1	0.625	0.8
593	1	0.75	0.88
594	0.909091	0.625	0.8
595	0.818182	0.5	0.84
596	0.818182	0.5	0.84
597	0.909091	0.625	0.92
598	0.909091	0.625	0.92
599	0.909091	0.625	0.88
600	0.909091	0.625	0.92
601	0.909091	0.625	0.92
602	0.909091	0.625	0.88
603	0.909091	0.625	0.92
604	0.909091	0.625	0.84
605	0.909091	0.625	0.84
606	0.909091	0.75	0.92
607	0.909091	0.625	0.84
608	1	0.875	0.96
609	1	0.75	0.88
610	0.909091	0.75	0.88
611	0.909091	0.75	0.92
612	0.909091	0.625	0.76
613	1	0.875	0.96
614	1	0.875	0.92
615	1	0.75	0.8
616	0.909091	0.75	0.92
617	0.909091	0.75	0.88
618	1	0.75	0.92
619	0.818182	0.5	0.84
620	0.909091	0.625	0.8
621	0.818182	0.5	0.84
622	0.909091	0.5	0.88
623	0.818182	0.5	0.88
624	0.818182	0.5	0.84
625	1	0.625	0.8
626	0.818182	0.5	0.88
627	0.818182	0.5	0.84
628	0.909091	0.5	0.88
629	0.818182	0.5	0.88
630	0.818182	0.5	0.88
631	0.909091	0.5	0.88
632	0.909091	0.5	0.88
633	0.818182	0.5	0.84
634	0.818182	0.5	0.88
635	0.909091	0.5	0.88
636	0.818182	0.5	0.84
637	0.818182	0.5	0.76
638	0.818182	0.5	0.84
639	0.818182	0.5	0.84
640	0.909091	0.5	0.8
641	0.909091	0.75	0.92
642	0.909091	0.75	0.88
643	0.818182	0.625	0.88
644	0.818182	0.625	0.84
645	0.909091	0.625	0.88
646	0.818182	0.625	0.84
647	0.818182	0.625	0.84
648	0.818182	0.625	0.84
649	0.818182	0.625	0.76
650	0.909091	0.75	0.88
651	1	0.75	0.92
652	0.909091	0.75	0.88
653	1	0.75	0.84
654	0.818182	0.5	0.72
655	0.909091	0.5	0.8
656	0.818182	0.5	0.76
657	0.818182	0.5	0.8
658	0.909091	0.5	0.84
659	0.909091	0.5	0.76
660	0.909091	0.5	0.84
661	0.818182	0.5	0.72
662	0.909091	0.5	0.8
663	0.818182	0.5	0.6
664	0.909091	0.625	0.76
665	1	0.625	0.68
666	0.818182	0.625	0.92
667	0.909091	0.625	0.88
668	0.909091	0.625	0.92
669	0.818182	0.625	0.92
670	0.818182	0.625	0.92
671	0.818182	0.625	0.92
672	0.909091	0.625	0.88
673	0.909091	0.625	0.88
674	1	0.625	0.84
675	0.909091	0.5	0.88
676	0.818182	0.5	0.84
677	0.909091	0.5	0.76
678	0.818182	0.5	0.88
679	0.818182	0.5	0.84
680	0.909091	0.5	0.8
681	0.818182	0.5	0.84
682	0.818182	0.5	0.88
683	0.818182	0.5	0.84
684	0.909091	0.5	0.76
685	1	0.5	0.68
686	0.818182	0.5	0.84
687	0.818182	0.5	0.88
688	0.818182	0.5	0.88
689	0.909091	0.5	0.84
690	0.909091	0.5	0.76
691	0.818182	0.375	0.8
692	0.818182	0.375	0.8
693	0.818182	0.375	0.8
694	0.818182	0.375	0.72
695	0.909091	0.375	0.6
696	0.818182	0.5	0.84
697	0.818182	0.5	0.88
698	0.818182	0.375	0.72
699	0.818182	0.375	0.76
700	0.909091	0.375	0.76
701	0.909091	0.5	0.88
702	0.818182	0.5	0.84
703	0.818182	0.5	0.88
704	0.818182	0.5	0.84
705	0.818182	0.5	0.84
706	0.909091	0.5	0.88
707	0.909091	0.5	0.8
708	0.909091	0.375	0.8
709	0.909091	0.375	0.76
710	0.818182	0.375	0.76
711	0.818182	0.375	0.72
712	0.909091	0.375	0.64
713	0.909091	0.5	0.8
714	1	0.5	0.8
715	0.909091	0.5	0.76
716	1	0.5	0.68
717	1	0.375	0.48
718	0.727273	0.375	0.84
719	0.818182	0.5	0.84
720	0.727273	0.375	0.84
721	0.818182	0.5	0.88
722	0.727273	0.375	0.76
723	0.909091	0.625	0.88
724	0.909091	0.5	0.84
725	0.818182	0.5	0.76
726	0.818182	0.5	0.92
727	0.727273	0.375	0.84
728	0.727273	0.375	0.84
729	0.727273	0.375	0.88
730	0.818182	0.375	0.88
731	0.727273	0.375	0.84
732	0.727273	0.375	0.88
733	0.727273	0.375	0.88
734	0.818182	0.5	0.92
735	0.727273	0.375	0.84
736	0.727273	0.375	0.88
737	0.818182	0.5	0.92
738	0.727273	0.375	0.84
739	0.818182	0.5	0.84
740	0.909091	0.625	0.92
741	0.818182	0.5	0.84
742	0.909091	0.5	0.88
743	0.818182	0.5	0.84
744	0.818182	0.5	0.8
745	0.909091	0.625	0.88
746	0.909091	0.5	0.8
747	0.818182	0.625	0.92
748	0.818182	0.5	0.84
749	0.818182	0.5	0.92
750	0.909091	0.75	0.96
751	0.909091	0.625	0.88
752	0.818182	0.5	0.92
753	0.818182	0.5	0.92
754	0.818182	0.625	0.92
755	0.818182	0.625	0.92
756	0.818182	0.625	0.88
757	0.818182	0.5	0.84
758	0.818182	0.5	0.88
759	0.818182	0.5	0.84
760	0.818182	0.5	0.84
761	0.818182	0.5	0.76
762	0.818182	0.5	0.88
763	0.818182	0.5	0.92
764	0.818182	0.5	0.92
765	0.909091	0.75	0.96
766	0.909091	0.75	0.92
767	0.909091	0.75	0.96
768	0.909091	0.625	0.8
769	0.909091	0.625	0.88
770	0.818182	0.5	0.92
771	0.818182	0.5	0.88
772	0.727273	0.375	0.88
773	0.727273	0.375	0.84
774	0.727273	0.375	0.88
775	0.727273	0.375	0.88
776	0.727273	0.375	0.88
777	0.727273	0.375	0.84
778	0.727273	0.375	0.88
779	0.727273	0.375	0.84
780	0.727273	0.5	0.88
781	0.727273	0.375	0.8
782	0.818182	0.625	0.92
783	0.727273	0.5	0.88
784	0.818182	0.625	0.92
785	0.818182	0.625	0.88
786	0.727273	0.5	0.84
787	0.818182	0.5	0.84
788	0.818182	0.5	0.76
789	0.727273	0.375	0.8
790	0.727273	0.375	0.8
791	0.727273	0.375	0.72
792	0.818182	0.375	0.84
793	0.818182	0.375	0.88
794	0.818182	0.375	0.84
795	0.818182	0.375	0.88
796	0.727273	0.375	0.8
797	0.727273	0.375	0.88
798	0.727273	0.375	0.88
799	0.818182	0.375	0.8
800	0.727273	0.375	0.72
801	0.727273	0.5	0.84
802	0.727273	0.5	0.88
803	0.818182	0.5	0.88
804	0.727273	0.375	0.88
805	0.727273	0.375	0.84
806	0.818182	0.375	0.88
807	0.727273	0.375	0.88
808	0.727273	0.375	0.84
809	0.727273	0.375	0.88
810	0.818182	0.375	0.84
811	0.818182	0.375	0.88
812	0.727273	0.375	0.8
813	0.727273	0.375	0.8
814	0.727273	0.375	0.88
815	0.727273	0.375	0.84
816	0.727273	0.375	0.72
817	0.818182	0.375	0.8
818	0.818182	0.375	0.76
819	0.727273	0.375	0.76
820	0.818182	0.375	0.88
821	0.727273	0.375	0.84
822	0.727273	0.375	0.88
823	0.818182	0.375	0.88
824	0.727273	0.375	0.84
825	0.727273	0.375	0.84
826	0.818182	0.375	0.8
827	0.818182	0.5	0.84
828	0.818182	0.5	0.76
829	0.818182	0.625	0.88
830	0.818182	0.625	0.92
831	0.818182	0.625	0.92
832	0.727273	0.375	0.88
833	0.727273	0.375	0.84
834	0.727273	0.375	0.84
835	0.727273	0.375	0.84
836	0.727273	0.375	0.84
837	0.727273	0.375	0.84
838	0.727273	0.375	0.76
839	0.727273	0.5	0.84
840	0.727273	0.5	0.88
841	0.727273	0.5	0.84
842	0.727273	0.5	0.84
843	0.727273	0.5	0.84
844	0.727273	0.5	0.84
845	0.727273	0.5	0.76
846	0.818182	0.625	0.88
847	0.818182	0.625	0.92
848	0.909091	0.625	0.92
849	0.818182	0.625	0.92
850	0.818182	0.625	0.88
851	0.909091	0.625	0.92
852	0.909091	0.625	0.84
853	0.818182	0.625	0.88
854	0.909091	0.625	0.92
855	0.818182	0.625	0.88
856	0.818182	0.5	0.8
857	0.909091	0.5	0.8
858	0.727273	0.375	0.72
859	0.727273	0.375	0.76
860	0.727273	0.375	0.6
861	0.818182	0.5	0.8
862	0.909091	0.5	0.8
863	0.909091	0.5	0.68
864	0.818182	0.5	0.8
865	0.818182	0.625	0.84
866	0.818182	0.5	0.76
867	0.818182	0.5	0.8
868	0.818182	0.625	0.84
869	0.818182	0.625	0.84
870	0.909091	0.625	0.76
871	0.818182	0.5	0.72
872	0.818182	0.5	0.6
873	0.818182	0.5	0.72
874	0.818182	0.5	0.72
875	0.909091	0.625	0.84
876	0.818182	0.5	0.76
877	0.818182	0.5	0.8
878	0.909091	0.625	0.84
879	0.909091	0.5	0.8
880	0.909091	0.75	0.88
881	0.818182	0.625	0.84
882	0.818182	0.625	0.76
883	0.818182	0.625	0.84
884	0.818182	0.625	0.88
885	0.818182	0.625	0.88
886	0.818182	0.625	0.84
887	0.909091	0.75	0.92
888	0.818182	0.625	0.84
889	0.818182	0.625	0.88
890	0.909091	0.75	0.92
891	0.818182	0.625	0.88
892	0.909091	0.75	0.92
893	0.909091	0.625	0.88
894	0.818182	0.5	0.8
895	0.909091	0.625	0.88
896	0.909091	0.5	0.84
897	0.909091	0.625	0.84
898	0.909091	0.625	0.84
899	0.818182	0.5	0.84
900	0.818182	0.5	0.8
901	0.818182	0.5	0.8
902	0.909091	0.5	0.84
903	0.909091	0.5	0.84
904	0.818182	0.5	0.72
905	0.909091	0.5	0.8
906	0.909091	0.5	0.76
907	0.909091	0.75	0.92
908	0.909091	0.75	0.92
909	0.909091	0.75	0.88
910	0.909091	0.75	0.92
911	0.909091	0.75	0.92
912	0.909091	0.75	0.88
913	0.909091	0.75	0.92
914	0.909091	0.75	0.92
915	0.909091	0.75	0.88
916	1	0.875	0.96
917	1	0.75	0.92
918	0.909091	0.75	0.88
919	1	0.75	0.92
920	0.909091	0.75	0.88
921	1	0.875	0.96
922	1	0.875	0.96
923	1	0.875	0.92
924	1	0.75	0.92
925	0.909091	0.75	0.88
926	1	0.75	0.84
927	0.818182	0.5	0.76
928	0.818182	0.5	0.84
929	0.818182	0.5	0.84
930	0.909091	0.625	0.88
931	0.818182	0.5	0.88
932	0.818182	0.5	0.88
933	0.818182	0.5	0.88
934	0.818182	0.5	0.88
935	0.818182	0.5	0.84
936	0.818182	0.5	0.84
937	0.909091	0.625	0.92
938	0.818182	0.5	0.84
939	0.818182	0.5	0.84
940	0.909091	0.625	0.92
941	0.818182	0.5	0.84
942	0.909091	0.625	0.92
943	0.909091	0.5	0.88
944	0.818182	0.5	0.88
945	0.818182	0.5	0.88
946	0.909091	0.625	0.92
947	0.909091	0.625	0.92
948	0.818182	0.5	0.84
949	0.818182	0.5	0.84
950	0.818182	0.5	0.88
951	0.909091	0.5	0.88
952	0.818182	0.5	0.84
953	0.818182	0.5	0.88
954	0.818182	0.5	0.88
955	0.818182	0.5	0.84
956	0.818182	0.5	0.88
957	0.818182	0.5	0.84
958	0.818182	0.5	0.88
959	0.818182	0.5	0.88
960	0.818182	0.5	0.84
961	0.818182	0.5	0.84
962	0.818182	0.5	0.88
963	0.818182	0.5	0.88
964	0.818182	0.5	0.88
965	0.818182	0.5	0.88
966	0.818182	0.5	0.88
967	0.818182	0.5	0.84
968	0.818182	0.5	0.84
969	0.818182	0.5	0.84
970	0.909091	0.625	0.92
971	0.909091	0.5	0.88
972	0.818182	0.5	0.84
973	0.909091	0.625	0.92
974	0.818182	0.5	0.84
975	0.909091	0.625	0.92
976	0.909091	0.5	0.88
977	0.818182	0.5	0.76
978	0.909091	0.625	0.88
979	0.909091	0.625	0.92
980	0.909091	0.5	0.88
981	0.818182	0.5	0.84
982	0.909091	0.5	0.88
983	0.909091	0.5	0.88
984	0.909091	0.625	0.88
985	0.909091	0.5	0.8
986	0.909091	0.625	0.84
987	0.909091	0.625	0.84
988	0.909091	0.625	0.84
989	0.909091	0.625	0.76
990	1	0.75	0.88
991	1	0.75	0.92
992	1	0.75	0.88
993	1	0.75	0.88
994	1	0.75	0.88
995	1	0.75	0.8
996	1	0.625	0.8
997	0.909091	0.625	0.8
998	1	0.625	0.88
999	1	0.625	0.84
1000	0.909091	0.625	0.84
1001	0.909091	0.625	0.84
1002	0.909091	0.625	0.84
1003	0.909091	0.625	0.8
1004	1	0.625	0.8
1005	0.909091	0.625	0.76
1006	0.909091	0.625	0.76
1007	0.909091	0.625	0.8
1008	1	0.625	0.8
1009	1	0.625	0.68
1010	0.727273	0.375	0.88
1011	0.727273	0.375	0.84
1012	0.727273	0.375	0.88
1013	0.727273	0.25	0.8
1014	0.727273	0.25	0.8
1015	0.727273	0.25	0.72
1016	0.727273	0.25	0.8
1017	0.818182	0.375	0.84
1018	0.818182	0.375	0.76
1019	0.818182	0.25	0.6
1020	0.818182	0.25	0.76
1021	0.818182	0.25	0.76
1022	0.727273	0.25	0.8
1023	0.727273	0.25	0.76
1024	0.727273	0.25	0.76
1025	0.727273	0.25	0.72
1026	0.818182	0.25	0.64
1027	0.818182	0.375	0.8
1028	0.818182	0.25	0.76
1029	0.727273	0.375	0.84
1030	0.727273	0.375	0.84
1031	0.727273	0.25	0.76
1032	0.818182	0.375	0.88
1033	0.818182	0.375	0.88
1034	0.818182	0.375	0.88
1035	0.818182	0.25	0.8
1036	0.818182	0.25	0.84
1037	0.727273	0.25	0.8
1038	0.727273	0.375	0.84
1039	0.727273	0.375	0.88
1040	0.727273	0.375	0.88
1041	0.727273	0.25	0.8
1042	0.727273	0.375	0.88
1043	0.727273	0.25	0.72
1044	0.727273	0.375	0.84
1045	0.727273	0.375	0.88
1046	0.727273	0.375	0.84
1047	0.818182	0.375	0.8
1048	0.909091	0.375	0.8
1049	0.818182	0.375	0.84
1050	0.818182	0.375	0.76
1051	0.909091	0.375	0.68
1052	0.818182	0.375	0.8
1053	0.909091	0.375	0.8
1054	0.818182	0.25	0.68
1055	0.909091	0.25	0.64
1056	0.909091	0.25	0.48
1057	0.909091	0.5	0.8
1058	0.818182	0.5	0.84
1059	0.818182	0.5	0.84
1060	0.818182	0.5	0.84
1061	0.818182	0.375	0.8
1062	0.909091	0.375	0.76
1063	0.818182	0.375	0.76
1064	0.909091	0.5	0.84
1065	1	0.5	0.8
1066	0.909091	0.5	0.8
1067	1	0.5	0.8
1068	0.909091	0.5	0.8
1069	0.909091	0.5	0.84
1070	1	0.5	0.68
1071	0.909091	0.5	0.76
1072	0.909091	0.5	0.76
1073	0.909091	0.5	0.88
1074	0.818182	0.5	0.88
1075	0.818182	0.5	0.88
1076	0.818182	0.5	0.84
1077	0.818182	0.5	0.88
1078	0.909091	0.5	0.88
1079	0.818182	0.5	0.88
1080	0.818182	0.5	0.84
1081	0.818182	0.5	0.88
1082	0.818182	0.5	0.88
1083	0.818182	0.5	0.84
1084	0.909091	0.5	0.88
1085	0.909091	0.375	0.6
1086	0.818182	0.375	0.8
1087	0.818182	0.375	0.8
1088	0.818182	0.375	0.72
1089	0.909091	0.375	0.76
1090	0.909091	0.375	0.76
1091	0.818182	0.375	0.76
1092	0.909091	0.375	0.64
1093	0.818182	0.375	0.72
1094	0.818182	0.375	0.8
1095	0.818182	0.375	0.76
1096	0.909091	0.375	0.84
1097	0.909091	0.375	0.8
1098	0.818182	0.375	0.8
1099	0.818182	0.375	0.8
1100	0.818182	0.375	0.72
1101	1	0.375	0.64
1102	0.909091	0.375	0.68
1103	1	0.375	0.48
1104	0.818182	0.5	0.88
1105	0.818182	0.5	0.92
1106	0.818182	0.5	0.92
1107	0.818182	0.5	0.92
1108	0.727273	0.375	0.84
1109	0.727273	0.25	0.8
1110	0.727273	0.375	0.76
1111	0.727273	0.375	0.84
1112	0.818182	0.25	0.8
1113	0.727273	0.25	0.72
1114	0.727273	0.375	0.88
1115	0.727273	0.375	0.88
1116	0.727273	0.25	0.8
1117	0.818182	0.375	0.88
1118	0.727273	0.375	0.84
1119	0.727273	0.375	0.88
1120	0.727273	0.375	0.84
1121	0.727273	0.375	0.88
1122	0.727273	0.375	0.84
1123	0.727273	0.375	0.84
1124	0.727273	0.375	0.84
1125	0.818182	0.25	0.84
1126	0.727273	0.25	0.8
1127	0.727273	0.25	0.8
1128	0.727273	0.25	0.76
1129	0.818182	0.25	0.76
1130	0.727273	0.375	0.88
1131	0.727273	0.375	0.88
1132	0.727273	0.25	0.8
1133	0.727273	0.375	0.88
1134	0.727273	0.375	0.88
1135	0.727273	0.375	0.84
1136	0.727273	0.375	0.88
1137	0.727273	0.375	0.84
1138	0.727273	0.25	0.72
1139	0.727273	0.25	0.8
1140	0.727273	0.375	0.88
1141	0.727273	0.375	0.88
1142	0.727273	0.375	0.88
1143	0.727273	0.25	0.8
1144	0.727273	0.25	0.8
1145	0.727273	0.375	0.84
1146	0.727273	0.375	0.88
1147	0.727273	0.25	0.72
1148	0.727273	0.375	0.84
1149	0.727273	0.375	0.88
1150	0.727273	0.375	0.88
1151	0.727273	0.375	0.88
1152	0.727273	0.375	0.84
1153	0.727273	0.25	0.76
1154	0.727273	0.375	0.84
1155	0.727273	0.375	0.84
1156	0.818182	0.5	0.92
1157	0.818182	0.5	0.92
1158	0.818182	0.375	0.88
1159	0.727273	0.375	0.88
1160	0.727273	0.375	0.84
1161	0.818182	0.25	0.76
1162	0.818182	0.375	0.88
1163	0.818182	0.375	0.88
1164	0.727273	0.375	0.88
1165	0.818182	0.375	0.88
1166	0.727273	0.375	0.88
1167	0.818182	0.5	0.92
1168	0.727273	0.375	0.84
1169	0.818182	0.5	0.92
1170	0.818182	0.375	0.88
1171	0.727273	0.375	0.84
1172	0.727273	0.25	0.8
1173	0.727273	0.375	0.84
1174	0.727273	0.25	0.76
1175	0.727273	0.375	0.84
1176	0.818182	0.5	0.88
1177	0.727273	0.375	0.76
1178	0.727273	0.375	0.84
1179	0.727273	0.375	0.88
1180	0.727273	0.375	0.84
1181	0.818182	0.5	0.92
1182	0.818182	0.5	0.92
1183	0.727273	0.375	0.84
1184	0.727273	0.25	0.72
1185	0.818182	0.25	0.8
1186	0.818182	0.25	0.84
1187	0.727273	0.25	0.8
1188	0.818182	0.25	0.76
1189	0.818182	0.375	0.8
1190	0.818182	0.5	0.88
1191	0.727273	0.375	0.84
1192	0.727273	0.375	0.84
1193	0.727273	0.375	0.88
1194	0.818182	0.375	0.88
1195	0.818182	0.5	0.92
1196	0.818182	0.5	0.92
1197	0.818182	0.375	0.88
1198	0.727273	0.375	0.84
1199	0.818182	0.5	0.92
1200	0.727273	0.375	0.84
1201	0.727273	0.375	0.84
1202	0.727273	0.375	0.76
1203	0.818182	0.5	0.88
1204	0.727273	0.25	0.76
1205	0.818182	0.25	0.76
1206	0.818182	0.25	0.64
1207	0.727273	0.25	0.8
1208	0.727273	0.25	0.84
1209	0.727273	0.25	0.8
1210	0.727273	0.25	0.8
1211	0.727273	0.25	0.84
1212	0.727273	0.25	0.8
1213	0.727273	0.25	0.72
1214	0.727273	0.25	0.8
1215	0.727273	0.25	0.84
1216	0.727273	0.25	0.8
1217	0.727273	0.25	0.8
1218	0.727273	0.25	0.8
1219	0.727273	0.25	0.8
1220	0.727273	0.25	0.72
1221	0.727273	0.125	0.56
1222	0.727273	0.25	0.76
1223	0.727273	0.25	0.8
1224	0.727273	0.25	0.8
1225	0.727273	0.25	0.76
1226	0.727273	0.25	0.8
1227	0.727273	0.125	0.64
1228	0.818182	0.375	0.88
1229	0.727273	0.25	0.84
1230	0.818182	0.25	0.84
1231	0.727273	0.25	0.8
1232	0.818182	0.25	0.84
1233	0.818182	0.25	0.84
1234	0.818182	0.25	0.8
1235	0.727273	0.25	0.72
1236	0.727273	0.25	0.8
1237	0.818182	0.375	0.84
1238	0.818182	0.375	0.84
1239	0.727273	0.25	0.72
1240	0.727273	0.25	0.76
1241	0.727273	0.25	0.8
1242	0.818182	0.375	0.88
1243	0.818182	0.375	0.84
1244	0.818182	0.375	0.84
1245	0.818182	0.25	0.84
1246	0.818182	0.25	0.76
1247	0.727273	0.25	0.8
1248	0.727273	0.25	0.72
1249	0.727273	0.125	0.64
1250	0.818182	0.125	0.68
1251	0.818182	0.125	0.6
1252	0.818182	0.375	0.88
1253	0.818182	0.375	0.88
1254	0.818182	0.375	0.84
1255	0.818182	0.375	0.84
1256	0.727273	0.25	0.84
1257	0.727273	0.25	0.8
1258	0.818182	0.25	0.84
1259	0.818182	0.25	0.84
1260	0.727273	0.25	0.76
1261	0.818182	0.25	0.76
1262	0.727273	0.25	0.8
1263	0.727273	0.25	0.8
1264	0.818182	0.25	0.84
1265	0.727273	0.25	0.8
1266	0.727273	0.25	0.76
1267	0.727273	0.25	0.72
1268	0.727273	0.25	0.8
1269	0.727273	0.25	0.8
1270	0.818182	0.25	0.84
1271	0.727273	0.125	0.64
1272	0.818182	0.125	0.6
1273	0.727273	0.25	0.8
1274	0.727273	0.25	0.84
1275	0.818182	0.25	0.84
1276	0.818182	0.25	0.84
1277	0.818182	0.375	0.88
1278	0.818182	0.375	0.84
1279	0.818182	0.25	0.8
1280	0.818182	0.25	0.84
1281	0.727273	0.25	0.8
1282	0.727273	0.25	0.72
1283	0.727273	0.25	0.8
1284	0.727273	0.25	0.8
1285	0.818182	0.375	0.84
1286	0.818182	0.375	0.84
1287	0.818182	0.375	0.76
1288	0.818182	0.375	0.84
1289	0.818182	0.375	0.88
1290	0.818182	0.375	0.84
1291	0.818182	0.375	0.84
1292	0.727273	0.25	0.8
1293	0.727273	0.25	0.76
1294	0.727273	0.25	0.76
1295	0.727273	0.25	0.76
1296	0.727273	0.25	0.72
1297	0.727273	0.25	0.72
1298	0.727273	0.25	0.8
1299	0.818182	0.25	0.76
1300	0.727273	0.25	0.8
1301	0.818182	0.25	0.8
1302	0.727273	0.25	0.72
1303	0.727273	0.25	0.8
1304	0.818182	0.25	0.84
1305	0.727273	0.25	0.76
1306	0.727273	0.25	0.72
1307	0.727273	0.25	0.72
1308	0.727273	0.25	0.6
1309	0.727273	0.125	0.64
1310	0.727273	0.125	0.64
1311	0.818182	0.125	0.68
1312	0.727273	0.125	0.56
1313	0.818182	0.125	0.68
1314	0.727273	0.125	0.64
1315	0.818182	0.125	0.68
1316	0.818182	0.125	0.6
1317	0.818182	0.25	0.76
1318	0.818182	0.25	0.76
1319	0.818182	0.375	0.84
1320	0.727273	0.25	0.8
1321	0.727273	0.25	0.76
1322	0.818182	0.25	0.8
1323	0.818182	0.25	0.84
1324	0.818182	0.25	0.8
1325	0.818182	0.25	0.84
1326	0.818182	0.25	0.8
1327	0.727273	0.25	0.8
1328	0.818182	0.25	0.84
1329	0.727273	0.25	0.8
1330	0.818182	0.25	0.76
1331	0.818182	0.375	0.84
1332	0.727273	0.25	0.72
1333	0.818182	0.25	0.84
1334	0.727273	0.25	0.8
1335	0.727273	0.25	0.76
1336	0.818182	0.375	0.84
1337	0.818182	0.25	0.76
1338	0.818182	0.25	0.84
1339	0.818182	0.25	0.8
1340	0.727273	0.25	0.8
1341	0.727273	0.25	0.72
1342	0.727273	0.25	0.8
1343	0.727273	0.25	0.72
1344	0.818182	0.375	0.84
1345	0.818182	0.25	0.84
1346	0.818182	0.375	0.84
1347	0.727273	0.25	0.76
1348	0.818182	0.25	0.76
1349	0.818182	0.375	0.76
1350	0.818182	0.25	0.64
1351	0.818182	0.25	0.76
1352	0.818182	0.25	0.8
1353	0.818182	0.125	0.44
1354	0.818182	0.375	0.84
1355	0.818182	0.375	0.76
1356	0.818182	0.25	0.8
1357	0.727273	0.25	0.72
1358	0.727273	0.25	0.6
1359	0.818182	0.5	0.84
1360	0.818182	0.5	0.8
1361	0.818182	0.375	0.68
1362	0.818182	0.5	0.84
1363	0.909091	0.5	0.88
1364	0.909091	0.625	0.92
1365	0.818182	0.5	0.84
1366	0.909091	0.625	0.88
1367	0.909091	0.5	0.8
1368	0.909091	0.5	0.76
1369	0.909091	0.375	0.64
1370	0.818182	0.375	0.68
1371	0.909091	0.375	0.72
1372	0.818182	0.375	0.68
1373	0.909091	0.5	0.8
1374	0.909091	0.5	0.76
1375	0.909091	0.375	0.72
1376	0.818182	0.375	0.6
1377	0.909091	0.5	0.8
1378	0.909091	0.5	0.76
1379	0.909091	0.375	0.64
1380	0.909091	0.375	0.72
1381	0.818182	0.375	0.68
1382	0.818182	0.375	0.72
1383	0.818182	0.5	0.84
1384	0.818182	0.5	0.88
1385	0.818182	0.5	0.84
1386	0.818182	0.5	0.84
1387	0.818182	0.375	0.76
1388	0.818182	0.375	0.76
1389	0.818182	0.375	0.72
1390	0.818182	0.375	0.6
1391	0.818182	0.5	0.84
1392	0.818182	0.5	0.76
1393	0.818182	0.5	0.84
1394	0.818182	0.5	0.84
1395	0.818182	0.5	0.88
1396	0.818182	0.375	0.72
1397	0.818182	0.375	0.76
1398	0.818182	0.375	0.72
1399	0.909091	0.625	0.88
1400	0.909091	0.625	0.92
1401	0.909091	0.625	0.88
1402	0.909091	0.625	0.88
1403	0.909091	0.625	0.8
1404	0.909091	0.625	0.88
1405	0.909091	0.625	0.88
1406	0.909091	0.5	0.8
1407	0.909091	0.5	0.76
1408	0.909091	0.5	0.64
1409	0.909091	0.5	0.84
1410	0.909091	0.5	0.88
1411	0.909091	0.5	0.84
1412	0.818182	0.375	0.68
1413	0.909091	0.375	0.64
1414	0.909091	0.375	0.72
1415	0.818182	0.375	0.68
1416	0.909091	0.5	0.8
1417	0.818182	0.5	0.84
1418	0.818182	0.5	0.8
1419	0.818182	0.5	0.84
1420	0.818182	0.5	0.76
1421	0.818182	0.5	0.84
1422	0.818182	0.5	0.84
1423	0.909091	0.5	0.8
1424	0.818182	0.5	0.8
1425	0.818182	0.5	0.84
1426	0.909091	0.5	0.68
1427	0.818182	0.5	0.76
1428	0.818182	0.5	0.76
1429	0.818182	0.5	0.8
1430	0.818182	0.5	0.84
1431	0.909091	0.5	0.8
1432	0.818182	0.375	0.6
1433	0.909091	0.375	0.48
1434	0.818182	0.5	0.84
1435	0.818182	0.5	0.76
1436	0.727273	0.375	0.8
1437	0.727273	0.375	0.8
1438	0.727273	0.375	0.84
1439	0.727273	0.375	0.72
1440	0.727273	0.375	0.8
1441	0.727273	0.375	0.76
1442	0.727273	0.375	0.8
1443	0.727273	0.375	0.8
1444	0.727273	0.375	0.72
1445	0.818182	0.375	0.84
1446	0.727273	0.375	0.8
1447	0.727273	0.375	0.76
1448	0.818182	0.375	0.84
1449	0.727273	0.375	0.8
1450	0.727273	0.375	0.76
1451	0.727273	0.375	0.72
1452	0.727273	0.375	0.72
1453	0.818182	0.375	0.8
1454	0.727273	0.375	0.72
1455	0.727273	0.375	0.72
1456	0.818182	0.375	0.8
1457	0.727273	0.375	0.8
1458	0.818182	0.375	0.84
1459	0.818182	0.375	0.84
1460	0.727273	0.375	0.76
1461	0.818182	0.375	0.76
1462	0.727273	0.375	0.6
1463	0.727273	0.25	0.72
1464	0.818182	0.25	0.72
1465	0.818182	0.25	0.76
1466	0.818182	0.25	0.76
1467	0.727273	0.25	0.68
1468	0.818182	0.25	0.76
1469	0.818182	0.25	0.76
1470	0.818182	0.25	0.68
1471	0.727273	0.25	0.68
1472	0.727273	0.25	0.56
1473	0.818182	0.25	0.76
1474	0.818182	0.25	0.68
1475	0.727273	0.25	0.64
1476	0.818182	0.25	0.76
1477	0.727273	0.25	0.68
1478	0.818182	0.25	0.76
1479	0.727273	0.25	0.4
1480	0.727273	0.25	0.64
1481	0.818182	0.25	0.68
1482	0.818182	0.25	0.68
1483	0.727273	0.25	0.56
1484	0.727273	0.25	0.72
1485	0.818182	0.25	0.72
1486	0.818182	0.25	0.76
1487	0.818182	0.25	0.76
1488	0.727273	0.25	0.72
1489	0.818182	0.25	0.72
1490	0.727273	0.25	0.64
1491	0.727273	0.25	0.64
1492	0.818182	0.25	0.68
1493	0.818182	0.25	0.68
1494	0.727273	0.25	0.56
1495	0.818182	0.25	0.6
1496	0.818182	0.25	0.6
1497	0.818182	0.25	0.68
1498	0.818182	0.25	0.68
1499	0.909091	0.25	0.72
1500	0.909091	0.25	0.64
1501	0.818182	0.25	0.68
1502	0.909091	0.25	0.64
1503	0.909091	0.25	0.48
1504	0.909091	0.125	0.24
1505	0.818182	0.5	0.88
1506	0.818182	0.5	0.88
1507	0.818182	0.5	0.84
1508	0.818182	0.5	0.88
1509	0.818182	0.5	0.88
1510	0.818182	0.5	0.84
1511	0.818182	0.5	0.88
1512	0.818182	0.5	0.88
1513	0.818182	0.5	0.88
1514	0.818182	0.5	0.84
1515	0.818182	0.375	0.8
1516	0.818182	0.375	0.8
1517	0.818182	0.375	0.8
1518	0.818182	0.375	0.72
1519	0.818182	0.5	0.88
1520	0.818182	0.5	0.88
1521	0.818182	0.5	0.84
1522	0.818182	0.5	0.84
1523	0.818182	0.5	0.84
1524	0.818182	0.5	0.88
1525	0.818182	0.5	0.88
1526	0.909091	0.625	0.92
1527	0.909091	0.625	0.92
1528	0.909091	0.625	0.92
1529	0.818182	0.5	0.84
1530	0.909091	0.5	0.88
1531	0.818182	0.5	0.84
1532	0.818182	0.375	0.8
1533	0.818182	0.375	0.8
1534	0.818182	0.375	0.76
1535	0.909091	0.375	0.84
1536	0.909091	0.375	0.76
1537	0.818182	0.375	0.8
1538	0.818182	0.5	0.88
1539	0.818182	0.5	0.88
1540	0.818182	0.5	0.88
1541	0.818182	0.375	0.8
1542	0.818182	0.375	0.8
1543	0.818182	0.5	0.84
1544	0.818182	0.5	0.88
1545	0.818182	0.5	0.84
1546	0.818182	0.5	0.88
1547	0.818182	0.375	0.72
1548	0.818182	0.5	0.84
1549	0.818182	0.5	0.84
1550	0.909091	0.625	0.92
1551	0.818182	0.5	0.84
1552	0.818182	0.5	0.84
1553	0.909091	0.625	0.88
1554	0.818182	0.5	0.76
1555	0.818182	0.5	0.88
1556	0.818182	0.5	0.84
1557	0.909091	0.5	0.88
1558	0.909091	0.625	0.92
1559	0.818182	0.375	0.72
1560	0.909091	0.375	0.8
1561	0.818182	0.375	0.76
1562	0.909091	0.375	0.76
1563	0.909091	0.625	0.92
1564	0.909091	0.625	0.92
1565	0.909091	0.625	0.88
1566	0.909091	0.625	0.92
1567	0.909091	0.625	0.92
1568	0.909091	0.625	0.92
1569	0.909091	0.625	0.88
1570	0.909091	0.625	0.92
1571	0.909091	0.625	0.92
1572	0.909091	0.625	0.88
1573	0.909091	0.375	0.84
1574	0.909091	0.375	0.8
1575	0.909091	0.375	0.76
1576	0.818182	0.375	0.76
1577	0.818182	0.375	0.72
1578	0.818182	0.375	0.8
1579	0.818182	0.375	0.8
1580	0.818182	0.375	0.76
1581	0.909091	0.375	0.76
1582	0.909091	0.375	0.64
1583	0.818182	0.5	0.84
1584	0.818182	0.5	0.88
1585	0.909091	0.5	0.88
1586	0.818182	0.5	0.84
1587	0.818182	0.5	0.84
1588	0.818182	0.5	0.88
1589	0.818182	0.5	0.84
1590	0.818182	0.5	0.84
1591	0.909091	0.5	0.88
1592	0.909091	0.5	0.88
1593	0.818182	0.5	0.88
1594	0.909091	0.5	0.88
1595	0.818182	0.5	0.84
1596	0.909091	0.5	0.88
1597	0.818182	0.5	0.88
1598	0.818182	0.5	0.84
1599	0.818182	0.5	0.76
1600	0.818182	0.5	0.84
1601	0.818182	0.5	0.84
1602	0.818182	0.5	0.84
1603	0.909091	0.5	0.88
1604	0.909091	0.5	0.8
1605	0.818182	0.5	0.84
1606	0.818182	0.5	0.84
1607	0.818182	0.5	0.76
1608	0.909091	0.375	0.68
1609	1	0.375	0.72
1610	0.909091	0.375	0.68
1611	1	0.375	0.64
1612	0.909091	0.625	0.84
1613	0.909091	0.625	0.8
1614	0.818182	0.5	0.8
1615	0.818182	0.5	0.76
1616	0.909091	0.625	0.84
1617	0.909091	0.625	0.84
1618	0.909091	0.625	0.88
1619	1	0.75	0.92
1620	1	0.75	0.88
1621	1	0.75	0.88
1622	0.909091	0.625	0.84
1623	1	0.625	0.88
1624	0.909091	0.5	0.84
1625	0.818182	0.5	0.8
1626	0.909091	0.625	0.84
1627	0.818182	0.5	0.72
1628	0.909091	0.625	0.76
1629	1	0.625	0.84
1630	0.818182	0.5	0.76
1631	0.909091	0.625	0.84
1632	0.818182	0.5	0.72
1633	1	0.625	0.8
1634	0.909091	0.375	0.68
1635	1	0.375	0.64
1636	0.909091	0.5	0.84
1637	0.909091	0.625	0.88
1638	0.818182	0.5	0.8
1639	0.818182	0.5	0.8
1640	0.818182	0.5	0.76
1641	0.909091	0.625	0.84
1642	0.909091	0.625	0.8
1643	0.909091	0.625	0.84
1644	1	0.75	0.92
1645	1	0.75	0.88
1646	0.909091	0.625	0.84
1647	0.909091	0.625	0.84
1648	1	0.625	0.88
1649	1	0.625	0.8
1650	0.818182	0.5	0.72
1651	0.909091	0.625	0.84
1652	0.909091	0.625	0.84
1653	0.909091	0.625	0.84
1654	0.909091	0.625	0.76
1655	1	0.75	0.88
1656	1	0.625	0.8
1657	0.909091	0.625	0.8
1658	1	0.75	0.8
1659	1	0.75	0.88
1660	0.909091	0.625	0.76
1661	1	0.625	0.68
1662	1	0.625	0.8
1663	0.909091	0.625	0.8
1664	1	0.625	0.84
1665	1	0.75	0.88
1666	0.909091	0.625	0.76
1667	0.818182	0.5	0.84
1668	0.818182	0.5	0.8
1669	0.818182	0.5	0.8
1670	0.909091	0.5	0.84
1671	0.909091	0.5	0.84
1672	0.909091	0.5	0.8
1673	0.909091	0.625	0.84
1674	0.818182	0.5	0.72
1675	0.909091	0.625	0.84
1676	0.909091	0.625	0.84
1677	0.909091	0.625	0.76
1678	0.909091	0.5	0.76
1679	0.818182	0.5	0.8
1680	0.818182	0.5	0.76
1681	0.818182	0.5	0.8
1682	0.909091	0.5	0.8
1683	0.818182	0.5	0.72
1684	0.818182	0.5	0.72
1685	0.818182	0.5	0.6
1686	0.909091	0.375	0.6
1687	1	0.375	0.48
1688	0.818182	0.375	0.84
1689	0.818182	0.375	0.8
1690	0.818182	0.375	0.8
1691	0.818182	0.375	0.84
1692	0.818182	0.375	0.8
1693	0.818182	0.375	0.8
1694	0.818182	0.375	0.8
1695	0.818182	0.375	0.72
1696	0.818182	0.375	0.84
1697	0.818182	0.375	0.8
1698	0.818182	0.375	0.8
1699	0.818182	0.375	0.8
1700	0.818182	0.375	0.8
1701	0.818182	0.375	0.72
1702	0.818182	0.25	0.56
1703	0.818182	0.375	0.76
1704	0.818182	0.375	0.8
1705	0.818182	0.375	0.8
1706	0.818182	0.375	0.8
1707	0.818182	0.375	0.76
1708	0.818182	0.25	0.64
1709	0.909091	0.25	0.6
1710	0.909091	0.5	0.84
1711	0.909091	0.5	0.88
1712	0.909091	0.5	0.84
1713	0.909091	0.5	0.88
1714	0.909091	0.375	0.84
1715	0.818182	0.375	0.84
1716	0.909091	0.375	0.84
1717	0.909091	0.375	0.84
1718	0.818182	0.375	0.8
1719	0.818182	0.375	0.8
1720	0.909091	0.375	0.76
1721	0.909091	0.375	0.84
1722	0.818182	0.375	0.8
1723	0.818182	0.375	0.72
1724	0.818182	0.375	0.8
1725	0.818182	0.375	0.8
1726	0.818182	0.375	0.76
1727	0.818182	0.375	0.8
1728	0.818182	0.25	0.64
1729	0.818182	0.375	0.76
1730	0.818182	0.375	0.72
1731	0.818182	0.375	0.72
1732	0.818182	0.25	0.64
1733	0.818182	0.375	0.8
1734	0.818182	0.375	0.76
1735	0.909091	0.5	0.84
1736	0.909091	0.5	0.84
1737	0.909091	0.375	0.8
1738	0.909091	0.25	0.68
1739	0.818182	0.375	0.8
1740	0.909091	0.5	0.84
1741	0.818182	0.375	0.72
1742	0.909091	0.5	0.88
1743	0.909091	0.375	0.84
1744	0.818182	0.375	0.8
1745	0.818182	0.375	0.72
1746	0.909091	0.5	0.84
1747	0.909091	0.5	0.76
1748	0.909091	0.5	0.84
1749	0.818182	0.375	0.72
1750	0.818182	0.375	0.72
1751	0.909091	0.375	0.8
1752	0.818182	0.375	0.6
1753	0.818182	0.375	0.76
1754	0.909091	0.5	0.88
1755	0.909091	0.5	0.84
1756	0.818182	0.375	0.8
1757	0.818182	0.375	0.84
1758	0.909091	0.375	0.84
1759	0.909091	0.375	0.84
1760	0.909091	0.375	0.76
1761	0.818182	0.375	0.8
1762	0.909091	0.375	0.84
1763	0.909091	0.25	0.6
1764	0.909091	0.25	0.68
1765	0.818182	0.25	0.64
1766	0.909091	0.25	0.68
1767	0.818182	0.25	0.56
1768	0.909091	0.5	0.84
1769	0.909091	0.5	0.84
1770	0.909091	0.375	0.76
1771	0.909091	0.375	0.76
1772	0.909091	0.375	0.76
1773	0.818182	0.375	0.8
1774	0.818182	0.375	0.8
1775	0.818182	0.375	0.76
1776	0.818182	0.375	0.76
1777	0.909091	0.375	0.8
1778	0.909091	0.375	0.8
1779	0.909091	0.375	0.84
1780	0.909091	0.375	0.84
1781	0.909091	0.375	0.84
1782	0.909091	0.375	0.8
1783	0.909091	0.375	0.84
1784	0.909091	0.375	0.8
1785	0.909091	0.5	0.84
1786	0.909091	0.5	0.88
1787	0.909091	0.5	0.84
1788	0.909091	0.5	0.84
1789	0.909091	0.5	0.76
1790	0.909091	0.375	0.76
1791	0.818182	0.375	0.76
1792	0.909091	0.375	0.64
1793	0.818182	0.375	0.72
1794	0.818182	0.375	0.8
1795	0.909091	0.375	0.76
1796	0.909091	0.375	0.8
1797	0.818182	0.375	0.8
1798	0.818182	0.375	0.84
1799	0.818182	0.375	0.8
1800	0.818182	0.375	0.8
1801	0.818182	0.375	0.8
1802	0.818182	0.375	0.8
1803	0.909091	0.375	0.84
1804	0.818182	0.375	0.72
1805	0.909091	0.375	0.84
1806	0.818182	0.375	0.8
1807	0.909091	0.375	0.84
1808	0.818182	0.375	0.8
1809	0.818182	0.375	0.72
1810	0.909091	0.375	0.76
1811	0.909091	0.5	0.84
1812	0.909091	0.5	0.84
1813	0.909091	0.5	0.88
1814	0.818182	0.375	0.76
1815	0.818182	0.375	0.72
1816	0.818182	0.375	0.72
1817	0.818182	0.375	0.76
1818	0.818182	0.375	0.8
1819	0.818182	0.375	0.8
1820	0.909091	0.375	0.84
1821	0.818182	0.25	0.64
1822	0.909091	0.25	0.68
1823	0.818182	0.25	0.64
1824	0.909091	0.25	0.6
1825	0.909091	0.375	0.84
1826	0.909091	0.375	0.84
1827	0.818182	0.375	0.8
1828	0.909091	0.375	0.8
1829	0.818182	0.375	0.72
1830	0.909091	0.5	0.84
1831	0.818182	0.375	0.76
1832	0.909091	0.5	0.84
1833	0.818182	0.375	0.72
1834	0.909091	0.375	0.8
1835	0.909091	0.5	0.84
1836	0.909091	0.375	0.76
1837	0.909091	0.5	0.76
1838	0.818182	0.375	0.6
1839	0.909091	0.25	0.44
1840	0.909091	0.5	0.6
1841	1	0.5	0.72
1842	1	0.625	0.76
1843	0.909091	0.5	0.6
1844	1	0.625	0.8
1845	0.909091	0.5	0.68
1846	1	0.5	0.72
1847	0.909091	0.5	0.68
1848	1	0.625	0.8
1849	0.909091	0.5	0.68
1850	1	0.5	0.72
1851	1	0.625	0.76
1852	1	0.5	0.64
1853	1	0.625	0.76
1854	1	0.625	0.8
1855	0.909091	0.5	0.68
1856	1	0.5	0.72
1857	0.909091	0.5	0.68
1858	1	0.5	0.64
1859	0.909091	0.5	0.68
1860	1	0.625	0.76
1861	1	0.5	0.64
1862	0.909091	0.375	0.76
1863	0.818182	0.375	0.68
1864	0.909091	0.375	0.76
1865	0.909091	0.375	0.76
1866	0.909091	0.375	0.76
1867	0.909091	0.375	0.76
1868	0.818182	0.375	0.68
1869	0.909091	0.375	0.72
1870	0.818182	0.375	0.72
1871	0.909091	0.375	0.68
1872	0.909091	0.5	0.72
1873	0.818182	0.375	0.56
1874	1	0.625	0.64
1875	1	0.5	0.48
1876	0.909091	0.5	0.72
1877	0.909091	0.5	0.76
1878	0.909091	0.5	0.6
1879	0.818182	0.375	0.4
1880	0.818182	0.375	0.64
1881	0.818182	0.375	0.56
1882	0.909091	0.375	0.68
1883	0.909091	0.375	0.68
1884	0.818182	0.375	0.72
1885	0.818182	0.375	0.72
1886	0.818182	0.375	0.64
1887	0.818182	0.375	0.68
1888	0.818182	0.375	0.64
1889	0.909091	0.375	0.76
1890	0.909091	0.375	0.76
1891	0.909091	0.5	0.76
1892	0.909091	0.375	0.68
1893	0.909091	0.375	0.72
1894	0.909091	0.375	0.76
1895	0.909091	0.375	0.76
1896	0.909091	0.375	0.72
1897	0.909091	0.5	0.72
1898	0.909091	0.5	0.76
1899	0.909091	0.5	0.72
1900	0.818182	0.375	0.64
1901	0.909091	0.375	0.68
1902	0.909091	0.375	0.68
1903	0.818182	0.375	0.56
1904	0.909091	0.375	0.6
1905	1	0.25	0.24
