solution	ancestral	parental	incomparable
0	0.764706	0.625	0.842105
1	0.764706	0.5	0.894737
2	0.764706	0.625	0.894737
3	0.882353	0.75	0.947368
4	0.764706	0.5	0.842105
5	0.764706	0.5	0.894737
6	0.764706	0.375	0.842105
7	0.882353	0.625	0.789474
8	0.764706	0.5	0.842105
9	0.764706	0.5	0.736842
10	0.764706	0.5	0.789474
11	0.764706	0.5	0.684211
12	0.764706	0.375	0.789474
13	0.764706	0.5	0.842105
14	0.764706	0.5	0.894737
15	0.764706	0.375	0.842105
16	0.764706	0.5	0.789474
17	0.764706	0.5	0.789474
18	0.764706	0.375	0.736842
19	0.764706	0.375	0.684211
20	0.882353	0.625	0.789474
21	0.882353	0.75	0.894737
22	0.764706	0.625	0.842105
23	0.764706	0.5	0.842105
24	0.764706	0.625	0.789474
25	0.764706	0.625	0.842105
26	0.764706	0.625	0.789474
27	0.764706	0.5	0.842105
28	0.882353	0.75	0.894737
29	0.764706	0.5	0.789474
30	0.764706	0.5	0.789474
31	0.764706	0.625	0.789474
32	0.764706	0.625	0.789474
33	0.882353	0.75	0.842105
34	0.882353	0.75	0.789474
35	0.764706	0.625	0.736842
36	0.764706	0.625	0.684211
37	0.882353	0.625	0.684211
38	0.882353	0.625	0.631579
39	0.882353	0.625	0.578947
40	0.764706	0.5	0.842105
41	0.882353	0.625	0.789474
42	0.764706	0.375	0.842105
43	0.764706	0.5	0.894737
44	0.764706	0.5	0.842105
45	0.764706	0.5	0.789474
46	0.764706	0.5	0.842105
47	0.764706	0.5	0.789474
48	0.764706	0.625	0.842105
49	0.764706	0.625	0.789474
50	0.764706	0.625	0.789474
51	0.764706	0.625	0.842105
52	0.764706	0.625	0.789474
53	0.882353	0.75	0.894737
54	0.764706	0.625	0.789474
55	0.882353	0.75	0.894737
56	0.882353	0.75	0.789474
57	0.764706	0.625	0.684211
58	0.764706	0.5	0.789474
59	0.764706	0.5	0.736842
60	0.764706	0.5	0.684211
61	0.764706	0.375	0.736842
62	0.764706	0.5	0.789474
63	0.764706	0.375	0.789474
64	0.764706	0.375	0.684211
65	0.764706	0.5	0.789474
66	0.882353	0.625	0.684211
67	0.882353	0.625	0.578947
68	0.764706	0.375	0.789474
69	0.764706	0.25	0.736842
70	0.764706	0.25	0.789474
71	0.764706	0.375	0.842105
72	0.764706	0.25	0.684211
73	0.764706	0.375	0.736842
74	0.764706	0.375	0.789474
75	0.764706	0.25	0.736842
76	0.764706	0.375	0.736842
77	0.764706	0.25	0.631579
78	0.764706	0.25	0.736842
79	0.764706	0.25	0.631579
80	0.764706	0.25	0.684211
81	0.764706	0.25	0.631579
82	0.764706	0.25	0.578947
83	0.764706	0.375	0.736842
84	0.764706	0.375	0.736842
85	0.764706	0.25	0.684211
86	0.764706	0.25	0.631579
87	0.764706	0.25	0.631579
88	0.764706	0.375	0.684211
89	0.764706	0.25	0.578947
90	0.764706	0.25	0.526316
91	0.764706	0.25	0.526316
92	0.764706	0.375	0.631579
93	0.764706	0.375	0.578947
94	0.764706	0.375	0.631579
95	0.764706	0.375	0.684211
96	0.764706	0.375	0.631579
97	0.764706	0.375	0.631579
98	0.764706	0.375	0.578947
99	0.764706	0.25	0.578947
100	0.764706	0.25	0.526316
101	0.764706	0.25	0.421053
102	0.764706	0.25	0.473684
103	0.764706	0.5	0.736842
104	0.764706	0.375	0.736842
105	0.882353	0.625	0.789474
106	0.764706	0.5	0.684211
107	0.764706	0.5	0.684211
108	0.882353	0.625	0.736842
109	0.764706	0.5	0.736842
110	0.882353	0.625	0.789474
111	0.882353	0.625	0.736842
112	0.764706	0.5	0.684211
113	0.764706	0.5	0.684211
114	0.882353	0.625	0.684211
115	0.764706	0.375	0.684211
116	0.764706	0.5	0.631579
117	0.764706	0.375	0.684211
118	0.764706	0.375	0.684211
119	0.764706	0.375	0.736842
120	0.764706	0.5	0.631579
121	0.764706	0.5	0.684211
122	0.764706	0.5	0.578947
123	0.764706	0.375	0.736842
124	0.764706	0.375	0.684211
125	0.764706	0.375	0.684211
126	0.764706	0.375	0.684211
127	0.764706	0.375	0.736842
128	0.764706	0.375	0.684211
129	0.764706	0.375	0.684211
130	0.764706	0.375	0.631579
131	0.764706	0.375	0.631579
132	0.764706	0.375	0.684211
133	0.764706	0.375	0.684211
134	0.764706	0.375	0.578947
135	0.764706	0.375	0.631579
136	0.764706	0.375	0.631579
137	0.764706	0.375	0.578947
138	0.764706	0.5	0.684211
139	0.764706	0.5	0.684211
140	0.764706	0.5	0.578947
141	0.764706	0.5	0.631579
142	0.764706	0.5	0.631579
143	0.764706	0.5	0.684211
144	0.764706	0.5	0.631579
145	0.764706	0.5	0.684211
146	0.764706	0.5	0.631579
147	0.764706	0.5	0.736842
148	0.764706	0.5	0.684211
149	0.764706	0.5	0.736842
150	0.764706	0.5	0.684211
151	0.764706	0.5	0.684211
152	0.764706	0.5	0.578947
153	0.764706	0.5	0.684211
154	0.882353	0.625	0.789474
155	0.882353	0.625	0.684211
156	0.764706	0.5	0.578947
157	0.764706	0.5	0.526316
158	0.764706	0.5	0.631579
159	0.764706	0.5	0.684211
160	0.764706	0.5	0.578947
161	0.764706	0.5	0.631579
162	0.764706	0.5	0.578947
163	0.764706	0.5	0.473684
164	0.764706	0.5	0.421053
165	0.882353	0.625	0.684211
166	0.882353	0.625	0.789474
167	0.882353	0.625	0.736842
168	0.882353	0.625	0.684211
169	0.882353	0.625	0.736842
170	0.882353	0.625	0.631579
171	0.882353	0.625	0.526316
172	0.882353	0.625	0.578947
173	0.764706	0.375	0.736842
174	0.882353	0.5	0.684211
175	0.764706	0.375	0.736842
176	0.764706	0.375	0.789474
177	0.764706	0.375	0.684211
178	0.764706	0.375	0.631579
179	0.882353	0.5	0.736842
180	0.882353	0.5	0.631579
181	0.882353	0.5	0.578947
182	0.882353	0.5	0.526316
183	0.764706	0.375	0.684211
184	0.764706	0.375	0.736842
185	0.764706	0.375	0.631579
186	0.764706	0.375	0.578947
187	0.764706	0.375	0.631579
188	0.764706	0.375	0.631579
189	0.764706	0.375	0.578947
190	0.764706	0.375	0.684211
191	0.764706	0.375	0.631579
192	0.764706	0.375	0.526316
193	0.764706	0.375	0.578947
194	0.764706	0.375	0.473684
195	0.764706	0.375	0.526316
196	0.764706	0.375	0.421053
197	0.764706	0.375	0.526316
198	0.882353	0.5	0.526316
199	0.882353	0.5	0.421053
200	0.882353	0.5	0.315789
201	0.882353	0.5	0.421053
202	0.882353	0.5	0.473684
203	0.882353	0.5	0.473684
204	0.882353	0.5	0.631579
205	0.882353	0.5	0.368421
206	0.882353	0.5	0.263158
207	0.882353	0.5	0.526316
208	0.764706	0.625	0.789474
209	0.764706	0.625	0.736842
210	0.764706	0.5	0.789474
211	0.882353	0.75	0.842105
212	0.764706	0.5	0.736842
213	0.764706	0.625	0.736842
214	0.764706	0.5	0.789474
215	0.764706	0.75	0.842105
216	0.764706	0.625	0.631579
217	0.764706	0.625	0.894737
218	0.764706	0.5	0.736842
219	0.882353	0.875	0.947368
220	0.764706	0.75	0.894737
221	0.882353	0.75	0.842105
222	0.764706	0.625	0.789474
223	0.764706	0.625	0.736842
224	0.764706	0.625	0.736842
225	0.882353	0.75	0.736842
226	0.764706	0.375	0.736842
227	0.764706	0.375	0.684211
228	0.764706	0.5	0.736842
229	0.764706	0.375	0.789474
230	0.764706	0.5	0.842105
231	0.764706	0.5	0.842105
232	0.764706	0.375	0.631579
233	0.764706	0.625	0.894737
234	0.764706	0.5	0.736842
235	0.764706	0.625	0.842105
236	0.882353	0.75	0.789474
237	0.764706	0.5	0.789474
238	0.882353	0.625	0.736842
239	0.764706	0.5	0.684211
240	0.882353	0.625	0.631579
241	0.764706	0.5	0.736842
242	0.764706	0.5	0.631579
243	0.882353	0.625	0.526316
244	0.823529	0.5	0.789474
245	0.823529	0.5	0.684211
246	0.823529	0.5	0.736842
247	0.882353	0.5	0.736842
248	0.882353	0.5	0.684211
249	0.823529	0.625	0.842105
250	0.823529	0.625	0.894737
251	0.764706	0.625	0.842105
252	0.882353	0.625	0.842105
253	0.882353	0.625	0.789474
254	0.823529	0.5	0.789474
255	0.823529	0.5	0.631579
256	0.823529	0.5	0.684211
257	0.882353	0.5	0.684211
258	0.882353	0.5	0.631579
259	0.882353	0.5	0.789474
260	0.823529	0.5	0.684211
261	0.882353	0.5	0.578947
262	0.882353	0.5	0.526316
263	0.882353	0.5	0.631579
264	0.823529	0.5	0.736842
265	0.882353	0.5	0.631579
266	0.823529	0.5	0.789474
267	0.823529	0.5	0.842105
268	0.882353	0.5	0.736842
269	0.823529	0.625	0.894737
270	0.823529	0.5	0.842105
271	0.823529	0.5	0.842105
272	0.823529	0.375	0.789474
273	0.823529	0.5	0.736842
274	0.823529	0.375	0.684211
275	0.823529	0.375	0.736842
276	0.823529	0.5	0.736842
277	0.823529	0.375	0.631579
278	0.823529	0.625	0.947368
279	0.823529	0.5	0.894737
280	0.764706	0.625	0.894737
281	0.764706	0.5	0.842105
282	0.823529	0.625	0.842105
283	0.882353	0.625	0.894737
284	0.882353	0.5	0.842105
285	0.882353	0.5	0.789474
286	0.823529	0.5	0.684211
287	0.823529	0.5	0.789474
288	0.823529	0.5	0.684211
289	0.823529	0.5	0.842105
290	0.823529	0.5	0.894737
291	0.882353	0.5	0.842105
292	0.823529	0.5	0.789474
293	0.823529	0.5	0.789474
294	0.823529	0.5	0.631579
295	0.882353	0.5	0.736842
296	0.882353	0.5	0.736842
297	0.882353	0.5	0.684211
298	0.823529	0.375	0.789474
299	0.823529	0.375	0.842105
300	0.882353	0.375	0.789474
301	0.882353	0.375	0.736842
302	0.823529	0.375	0.789474
303	0.823529	0.375	0.736842
304	0.823529	0.375	0.684211
305	0.882353	0.375	0.736842
306	0.882353	0.375	0.684211
307	0.823529	0.375	0.684211
308	0.882353	0.375	0.578947
309	0.882353	0.375	0.526316
310	0.882353	0.375	0.631579
311	0.882353	0.375	0.631579
312	0.882353	0.375	0.631579
313	0.882353	0.375	0.684211
314	0.941176	0.625	0.789474
315	0.941176	0.625	0.736842
316	1	0.625	0.736842
317	1	0.625	0.631579
318	1	0.625	0.684211
319	0.823529	0.625	0.736842
320	0.823529	0.5	0.789474
321	0.882353	0.75	0.789474
322	0.882353	0.625	0.736842
323	0.882353	0.625	0.736842
324	0.882353	0.625	0.684211
325	0.823529	0.5	0.736842
326	0.882353	0.5	0.789474
327	0.882353	0.625	0.842105
328	0.882353	0.5	0.789474
329	0.882353	0.625	0.789474
330	0.882353	0.5	0.684211
331	0.823529	0.5	0.684211
332	0.823529	0.5	0.736842
333	0.882353	0.5	0.736842
334	0.882353	0.75	0.947368
335	0.882353	0.625	0.789474
336	0.882353	0.625	0.842105
337	0.882353	0.875	0.894737
338	0.882353	0.75	0.684211
339	0.882353	0.75	0.789474
340	0.823529	0.5	0.789474
341	0.823529	0.5	0.736842
342	0.823529	0.5	0.736842
343	0.882353	0.5	0.789474
344	0.823529	0.625	0.736842
345	0.823529	0.625	0.684211
346	0.882353	0.625	0.684211
347	0.882353	0.625	0.736842
348	0.764706	0.75	0.842105
349	0.823529	0.75	0.842105
350	0.882353	0.75	0.789474
351	0.882353	0.75	0.842105
352	0.823529	0.625	0.894737
353	0.823529	0.625	0.842105
354	0.764706	0.625	0.894737
355	0.882353	0.625	0.894737
356	0.823529	0.5	0.736842
357	0.823529	0.625	0.631579
358	0.823529	0.5	0.631579
359	0.882353	0.5	0.736842
360	0.823529	0.5	0.684211
361	0.882353	0.625	0.631579
362	0.882353	0.625	0.578947
363	0.882353	0.625	0.526316
364	0.941176	0.75	0.842105
365	0.941176	0.625	0.684211
366	0.941176	0.625	0.578947
367	0.882353	0.875	0.947368
368	0.882353	0.75	0.894737
369	0.764706	0.75	0.894737
370	0.823529	0.75	0.842105
371	0.823529	0.75	0.894737
372	0.941176	0.875	0.947368
373	0.882353	0.875	0.947368
374	1	1	1
375	0.941176	0.875	0.894737
376	0.941176	0.875	0.842105
377	1	0.75	0.789474
378	0.882353	0.75	0.789474
379	1	0.75	0.736842
380	1	0.75	0.684211
381	0.823529	0.625	0.789474
382	0.941176	0.75	0.842105
383	0.823529	0.625	0.736842
384	0.823529	0.625	0.789474
385	0.823529	0.625	0.736842
386	0.941176	0.75	0.842105
387	0.941176	0.75	0.736842
388	0.941176	0.75	0.789474
389	0.823529	0.625	0.736842
390	0.882353	0.75	0.842105
391	1	0.875	0.894737
392	0.941176	0.75	0.736842
393	1	0.75	0.842105
394	0.882353	0.625	0.789474
395	0.882353	0.625	0.789474
396	0.882353	0.625	0.789474
397	0.823529	0.625	0.736842
398	0.882353	0.75	0.842105
399	0.823529	0.625	0.736842
400	0.882353	0.625	0.736842
401	0.882353	0.625	0.736842
402	0.823529	0.625	0.631579
403	0.882353	0.75	0.789474
404	0.823529	0.625	0.684211
405	0.882353	0.75	0.789474
406	0.823529	0.625	0.684211
407	0.882353	0.625	0.684211
408	0.941176	0.75	0.789474
409	0.941176	0.75	0.789474
410	0.941176	0.75	0.736842
411	1	0.875	0.894737
412	1	0.875	0.789474
413	0.941176	0.75	0.684211
414	0.941176	0.75	0.631579
415	0.941176	0.75	0.578947
416	1	0.625	0.631579
417	1	0.625	0.578947
418	1	0.625	0.578947
419	1	0.625	0.526316
420	1	0.625	0.473684
421	1	0.625	0.526316
422	1	0.625	0.421053
423	1	0.625	0.368421
424	0.764706	0.5	0.842105
425	0.764706	0.375	0.789474
426	0.764706	0.625	0.842105
427	0.882353	0.75	0.894737
428	0.764706	0.5	0.842105
429	0.764706	0.625	0.789474
430	0.764706	0.5	0.789474
431	0.882353	0.625	0.736842
432	0.764706	0.5	0.789474
433	0.764706	0.5	0.736842
434	0.764706	0.5	0.684211
435	0.764706	0.5	0.631579
436	0.764706	0.625	0.789474
437	0.882353	0.75	0.842105
438	0.882353	0.75	0.736842
439	0.882353	0.75	0.789474
440	0.882353	0.75	0.842105
441	0.764706	0.625	0.789474
442	0.764706	0.625	0.736842
443	0.764706	0.625	0.736842
444	0.764706	0.5	0.789474
445	0.764706	0.625	0.736842
446	0.764706	0.5	0.789474
447	0.764706	0.625	0.736842
448	0.764706	0.625	0.631579
449	0.764706	0.625	0.684211
450	0.764706	0.5	0.736842
451	0.764706	0.5	0.736842
452	0.764706	0.375	0.736842
453	0.764706	0.5	0.789474
454	0.764706	0.375	0.789474
455	0.764706	0.5	0.842105
456	0.764706	0.5	0.736842
457	0.764706	0.5	0.736842
458	0.764706	0.375	0.684211
459	0.764706	0.375	0.631579
460	0.882353	0.625	0.631579
461	0.882353	0.625	0.736842
462	0.882353	0.625	0.578947
463	0.882353	0.625	0.526316
464	0.823529	0.5	0.894737
465	0.823529	0.375	0.842105
466	0.823529	0.5	0.842105
467	0.823529	0.5	0.789474
468	0.823529	0.5	0.789474
469	0.823529	0.5	0.894737
470	0.823529	0.375	0.789474
471	0.823529	0.375	0.842105
472	0.823529	0.375	0.736842
473	0.823529	0.375	0.684211
474	0.823529	0.5	0.842105
475	0.823529	0.375	0.789474
476	0.823529	0.375	0.736842
477	0.823529	0.5	0.842105
478	0.823529	0.375	0.789474
479	0.823529	0.375	0.631579
480	0.823529	0.375	0.684211
481	0.823529	0.5	0.736842
482	0.823529	0.5	0.736842
483	0.823529	0.5	0.789474
484	0.823529	0.5	0.842105
485	0.882353	0.5	0.842105
486	0.764706	0.5	0.789474
487	0.823529	0.5	0.789474
488	0.882353	0.5	0.842105
489	0.823529	0.5	0.736842
490	0.823529	0.5	0.736842
491	0.882353	0.5	0.789474
492	0.823529	0.5	0.684211
493	0.882353	0.5	0.736842
494	0.823529	0.5	0.631579
495	0.823529	0.5	0.684211
496	0.882353	0.5	0.736842
497	0.882353	0.5	0.684211
498	0.823529	0.375	0.684211
499	0.882353	0.375	0.684211
500	0.882353	0.375	0.736842
501	0.882353	0.375	0.789474
502	0.823529	0.375	0.789474
503	0.882353	0.375	0.736842
504	0.882353	0.375	0.789474
505	0.882353	0.375	0.736842
506	0.764706	0.375	0.736842
507	0.882353	0.375	0.631579
508	0.882353	0.375	0.684211
509	0.882353	0.375	0.631579
510	0.882353	0.375	0.631579
511	0.882353	0.375	0.526316
512	0.882353	0.375	0.578947
513	0.823529	0.5	0.789474
514	0.823529	0.5	0.736842
515	0.823529	0.5	0.789474
516	0.823529	0.5	0.684211
517	0.823529	0.5	0.631579
518	0.823529	0.5	0.842105
519	0.764706	0.5	0.736842
520	0.882353	0.5	0.789474
521	0.882353	0.5	0.736842
522	0.823529	0.5	0.789474
523	0.823529	0.5	0.684211
524	0.882353	0.5	0.736842
525	0.882353	0.5	0.684211
526	0.823529	0.5	0.842105
527	0.823529	0.5	0.736842
528	0.823529	0.5	0.684211
529	0.882353	0.5	0.631579
530	0.882353	0.5	0.684211
531	0.882353	0.5	0.631579
532	0.823529	0.5	0.789474
533	0.882353	0.5	0.736842
534	0.882353	0.5	0.789474
535	0.882353	0.5	0.578947
536	0.882353	0.5	0.526316
537	0.882353	0.5	0.631579
538	0.941176	0.625	0.789474
539	0.941176	0.625	0.789474
540	0.941176	0.625	0.684211
541	0.941176	0.625	0.631579
542	0.941176	0.625	0.578947
543	0.823529	0.625	0.789474
544	0.941176	0.75	0.842105
545	0.823529	0.5	0.789474
546	0.823529	0.625	0.736842
547	0.941176	0.75	0.842105
548	0.941176	0.75	0.736842
549	0.941176	0.75	0.789474
550	0.941176	0.75	0.894737
551	0.823529	0.625	0.842105
552	0.823529	0.625	0.736842
553	0.823529	0.625	0.789474
554	0.823529	0.625	0.736842
555	0.823529	0.5	0.842105
556	0.823529	0.625	0.789474
557	0.823529	0.5	0.789474
558	0.823529	0.625	0.736842
559	0.823529	0.5	0.736842
560	0.823529	0.5	0.736842
561	0.823529	0.625	0.684211
562	0.823529	0.625	0.631579
563	0.941176	0.75	0.736842
564	0.941176	0.75	0.789474
565	1	0.875	0.894737
566	0.941176	0.75	0.789474
567	0.823529	0.625	0.736842
568	0.823529	0.625	0.736842
569	0.882353	0.75	0.842105
570	0.882353	0.625	0.789474
571	0.823529	0.5	0.736842
572	0.823529	0.625	0.684211
573	0.823529	0.5	0.736842
574	0.882353	0.625	0.842105
575	0.882353	0.5	0.789474
576	0.882353	0.75	0.789474
577	0.882353	0.625	0.684211
578	0.882353	0.625	0.736842
579	0.941176	0.75	0.842105
580	1	0.875	0.947368
581	0.941176	0.75	0.789474
582	0.882353	0.75	0.842105
583	0.882353	0.75	0.894737
584	0.764706	0.625	0.789474
585	0.823529	0.625	0.789474
586	0.882353	0.625	0.842105
587	0.882353	0.625	0.894737
588	0.764706	0.5	0.789474
589	0.823529	0.5	0.789474
590	0.882353	0.5	0.842105
591	0.764706	0.625	0.736842
592	0.882353	0.75	0.842105
593	0.882353	0.625	0.789474
594	0.882353	0.625	0.736842
595	0.823529	0.5	0.631579
596	0.823529	0.5	0.684211
597	0.882353	0.625	0.789474
598	0.882353	0.5	0.736842
599	0.882353	0.625	0.789474
600	0.882353	0.625	0.842105
601	0.823529	0.5	0.684211
602	0.823529	0.5	0.736842
603	0.882353	0.5	0.789474
604	0.882353	0.5	0.736842
605	0.882353	0.5	0.789474
606	0.882353	0.5	0.684211
607	1	0.875	0.789474
608	1	0.875	0.894737
609	1	0.875	0.842105
610	0.941176	0.75	0.789474
611	0.941176	0.75	0.684211
612	0.941176	0.75	0.736842
613	1	0.75	0.842105
614	0.941176	0.75	0.578947
615	0.941176	0.75	0.631579
616	0.941176	0.75	0.684211
617	0.941176	0.75	0.684211
618	0.823529	0.625	0.684211
619	0.823529	0.625	0.684211
620	0.823529	0.625	0.736842
621	0.882353	0.75	0.842105
622	0.882353	0.75	0.789474
623	0.882353	0.75	0.789474
624	0.823529	0.625	0.631579
625	0.882353	0.625	0.736842
626	0.882353	0.625	0.789474
627	0.882353	0.625	0.789474
628	0.882353	0.625	0.684211
629	0.882353	0.625	0.736842
630	0.882353	0.75	0.789474
631	0.882353	0.625	0.736842
632	0.882353	0.625	0.736842
633	0.882353	0.625	0.684211
634	0.882353	0.75	0.736842
635	0.882353	0.75	0.684211
636	0.882353	0.625	0.578947
637	0.882353	0.625	0.526316
638	0.882353	0.625	0.631579
639	0.882353	0.625	0.631579
640	0.882353	0.625	0.631579
641	0.882353	0.625	0.684211
642	1	0.625	0.684211
643	1	0.625	0.736842
644	1	0.625	0.631579
645	0.941176	0.625	0.736842
646	1	0.625	0.736842
647	1	0.625	0.684211
648	1	0.625	0.631579
649	1	0.625	0.578947
650	1	0.625	0.631579
651	1	0.625	0.526316
652	1	0.625	0.578947
653	1	0.625	0.473684
654	1	0.625	0.473684
655	1	0.625	0.473684
656	1	0.625	0.421053
657	1	0.625	0.368421
658	1	0.625	0.526316
659	1	0.625	0.578947
660	0.941176	0.5	0.631579
661	0.941176	0.5	0.736842
662	0.941176	0.5	0.526316
663	0.823529	0.375	0.684211
664	0.823529	0.375	0.736842
665	0.823529	0.375	0.631579
666	0.823529	0.375	0.789474
667	0.823529	0.375	0.736842
668	0.823529	0.25	0.684211
669	0.823529	0.25	0.631579
670	0.823529	0.25	0.736842
671	0.823529	0.375	0.736842
672	0.823529	0.375	0.578947
673	0.823529	0.375	0.684211
674	0.823529	0.375	0.736842
675	0.823529	0.375	0.631579
676	0.823529	0.375	0.631579
677	0.823529	0.375	0.684211
678	0.882353	0.375	0.631579
679	0.882353	0.375	0.684211
680	0.823529	0.375	0.736842
681	0.823529	0.375	0.736842
682	0.882353	0.375	0.736842
683	0.882353	0.375	0.684211
684	0.823529	0.375	0.578947
685	0.823529	0.375	0.631579
686	0.882353	0.375	0.526316
687	0.882353	0.375	0.578947
688	0.882353	0.375	0.578947
689	0.882353	0.375	0.631579
690	0.882353	0.375	0.578947
691	0.882353	0.375	0.473684
692	0.823529	0.25	0.684211
693	0.823529	0.25	0.631579
694	0.823529	0.25	0.684211
695	0.882353	0.25	0.684211
696	0.882353	0.25	0.631579
697	0.823529	0.375	0.736842
698	0.823529	0.375	0.631579
699	0.823529	0.375	0.631579
700	0.823529	0.375	0.684211
701	0.823529	0.375	0.789474
702	0.823529	0.375	0.684211
703	0.823529	0.375	0.789474
704	0.882353	0.375	0.789474
705	0.823529	0.375	0.789474
706	0.823529	0.375	0.684211
707	0.823529	0.375	0.684211
708	0.882353	0.375	0.684211
709	0.823529	0.375	0.578947
710	0.882353	0.375	0.631579
711	0.882353	0.375	0.684211
712	0.823529	0.25	0.736842
713	0.823529	0.25	0.736842
714	0.882353	0.25	0.736842
715	0.823529	0.25	0.736842
716	0.882353	0.25	0.684211
717	0.823529	0.25	0.631579
718	0.823529	0.25	0.578947
719	0.823529	0.25	0.631579
720	0.823529	0.25	0.578947
721	0.882353	0.25	0.526316
722	0.882353	0.25	0.473684
723	0.882353	0.25	0.578947
724	0.882353	0.25	0.631579
725	0.882353	0.25	0.578947
726	0.882353	0.25	0.578947
727	0.941176	0.5	0.578947
728	0.941176	0.5	0.684211
729	0.941176	0.5	0.473684
730	1	0.5	0.578947
731	1	0.5	0.684211
732	1	0.5	0.473684
733	1	0.5	0.526316
734	1	0.5	0.631579
735	1	0.5	0.421053
736	1	0.5	0.526316
737	1	0.5	0.473684
738	1	0.5	0.578947
739	1	0.5	0.368421
740	1	0.5	0.315789
741	0.941176	0.5	0.684211
742	0.823529	0.375	0.736842
743	0.823529	0.375	0.736842
744	0.823529	0.375	0.631579
745	0.823529	0.375	0.684211
746	0.823529	0.375	0.578947
747	0.823529	0.375	0.631579
748	0.823529	0.375	0.526316
749	0.823529	0.375	0.684211
750	0.823529	0.375	0.631579
751	0.823529	0.375	0.578947
752	0.823529	0.375	0.578947
753	0.823529	0.375	0.631579
754	0.823529	0.375	0.526316
755	0.823529	0.375	0.526316
756	0.823529	0.375	0.473684
757	0.823529	0.375	0.421053
758	0.823529	0.375	0.789474
759	0.823529	0.25	0.736842
760	0.941176	0.5	0.684211
761	0.823529	0.375	0.789474
762	0.823529	0.25	0.736842
763	0.823529	0.25	0.631579
764	0.823529	0.25	0.684211
765	0.823529	0.375	0.736842
766	0.823529	0.375	0.736842
767	0.941176	0.5	0.526316
768	0.941176	0.5	0.631579
769	0.941176	0.5	0.578947
770	0.823529	0.25	0.526316
771	0.823529	0.25	0.526316
772	0.823529	0.25	0.578947
773	0.823529	0.25	0.631579
774	0.823529	0.25	0.421053
775	0.823529	0.25	0.526316
776	0.823529	0.25	0.578947
777	0.823529	0.25	0.473684
778	0.823529	0.25	0.631579
779	0.823529	0.25	0.684211
780	0.823529	0.25	0.631579
781	0.823529	0.25	0.578947
782	0.941176	0.5	0.526316
783	0.823529	0.375	0.631579
784	0.823529	0.375	0.631579
785	0.941176	0.5	0.421053
786	0.823529	0.375	0.684211
787	0.823529	0.375	0.578947
788	0.823529	0.375	0.631579
789	0.823529	0.375	0.631579
790	0.823529	0.375	0.578947
791	0.823529	0.375	0.684211
792	0.941176	0.5	0.473684
793	0.941176	0.5	0.473684
794	0.941176	0.5	0.421053
795	0.941176	0.5	0.368421
796	0.941176	0.5	0.315789
797	0.941176	0.5	0.263158
798	0.823529	0.375	0.684211
799	0.823529	0.25	0.631579
800	0.823529	0.375	0.736842
801	0.823529	0.375	0.684211
802	0.823529	0.375	0.736842
803	0.823529	0.25	0.684211
804	0.823529	0.25	0.578947
805	0.823529	0.25	0.684211
806	0.882353	0.25	0.631579
807	0.882353	0.25	0.578947
808	0.882353	0.25	0.684211
809	0.882353	0.25	0.684211
810	0.882353	0.375	0.736842
811	0.882353	0.375	0.684211
812	0.882353	0.375	0.684211
813	0.882353	0.375	0.736842
814	0.823529	0.375	0.684211
815	0.823529	0.25	0.631579
816	0.823529	0.375	0.684211
817	0.882353	0.25	0.631579
818	0.823529	0.25	0.684211
819	0.882353	0.25	0.526316
820	0.882353	0.25	0.473684
821	0.823529	0.25	0.578947
822	0.823529	0.25	0.631579
823	0.823529	0.25	0.684211
824	0.882353	0.25	0.578947
825	0.882353	0.25	0.631579
826	0.823529	0.25	0.631579
827	0.882353	0.25	0.578947
828	0.823529	0.375	0.684211
829	0.823529	0.375	0.684211
830	0.823529	0.375	0.736842
831	0.823529	0.375	0.684211
832	0.823529	0.375	0.631579
833	0.823529	0.375	0.631579
834	0.823529	0.375	0.684211
835	0.823529	0.375	0.578947
836	0.882353	0.375	0.631579
837	0.823529	0.375	0.684211
838	0.823529	0.375	0.684211
839	0.882353	0.375	0.684211
840	0.823529	0.375	0.631579
841	0.882353	0.375	0.631579
842	0.823529	0.375	0.684211
843	0.823529	0.375	0.631579
844	0.823529	0.375	0.578947
845	0.823529	0.375	0.578947
846	0.823529	0.375	0.631579
847	0.823529	0.375	0.684211
848	0.823529	0.375	0.631579
849	0.882353	0.375	0.684211
850	0.882353	0.375	0.631579
851	0.882353	0.375	0.631579
852	0.882353	0.375	0.578947
853	0.882353	0.375	0.473684
854	0.882353	0.375	0.526316
855	0.882353	0.375	0.578947
856	0.882353	0.375	0.578947
857	1	0.5	0.526316
858	0.941176	0.5	0.526316
859	1	0.5	0.421053
860	1	0.5	0.421053
861	1	0.5	0.578947
862	1	0.5	0.526316
863	1	0.5	0.421053
864	1	0.5	0.526316
865	1	0.5	0.473684
866	1	0.5	0.368421
867	0.941176	0.5	0.473684
868	1	0.5	0.473684
869	1	0.5	0.315789
870	0.941176	0.5	0.578947
871	0.941176	0.5	0.631579
872	1	0.5	0.578947
873	1	0.5	0.526316
874	1	0.5	0.631579
875	0.941176	0.5	0.578947
876	0.823529	0.375	0.684211
877	0.823529	0.5	0.631579
878	0.823529	0.5	0.526316
879	0.823529	0.5	0.631579
880	0.823529	0.375	0.684211
881	0.823529	0.375	0.631579
882	0.823529	0.375	0.631579
883	0.882353	0.5	0.631579
884	0.882353	0.5	0.578947
885	0.882353	0.5	0.631579
886	0.882353	0.5	0.631579
887	0.823529	0.5	0.578947
888	0.882353	0.5	0.578947
889	0.882353	0.625	0.684211
890	0.882353	0.5	0.631579
891	0.882353	0.5	0.631579
892	0.882353	0.5	0.526316
893	0.882353	0.5	0.473684
894	0.882353	0.5	0.526316
895	0.882353	0.625	0.578947
896	0.882353	0.5	0.421053
897	0.823529	0.375	0.631579
898	0.882353	0.375	0.684211
899	0.882353	0.375	0.684211
900	0.882353	0.5	0.736842
901	0.823529	0.375	0.631579
902	0.882353	0.375	0.631579
903	0.882353	0.375	0.631579
904	0.882353	0.375	0.684211
905	0.882353	0.375	0.631579
906	0.882353	0.5	0.684211
907	0.823529	0.375	0.578947
908	0.882353	0.375	0.578947
909	0.882353	0.375	0.684211
910	0.882353	0.375	0.684211
911	0.823529	0.375	0.631579
912	0.882353	0.375	0.631579
913	0.823529	0.375	0.526316
914	0.823529	0.375	0.578947
915	0.882353	0.5	0.684211
916	0.882353	0.5	0.631579
917	0.882353	0.5	0.684211
918	0.882353	0.5	0.684211
919	0.882353	0.5	0.631579
920	0.823529	0.5	0.684211
921	0.882353	0.5	0.684211
922	0.823529	0.5	0.631579
923	0.882353	0.625	0.736842
924	0.882353	0.5	0.684211
925	0.882353	0.625	0.684211
926	0.882353	0.5	0.631579
927	0.882353	0.5	0.578947
928	0.823529	0.5	0.631579
929	0.823529	0.5	0.578947
930	0.823529	0.5	0.684211
931	0.823529	0.5	0.631579
932	0.882353	0.5	0.631579
933	0.882353	0.5	0.684211
934	0.882353	0.625	0.736842
935	0.823529	0.5	0.631579
936	0.823529	0.5	0.631579
937	0.823529	0.5	0.578947
938	0.823529	0.5	0.526316
939	0.882353	0.625	0.684211
940	0.941176	0.625	0.736842
941	0.941176	0.625	0.631579
942	0.941176	0.625	0.736842
943	0.941176	0.625	0.684211
944	0.941176	0.625	0.684211
945	0.941176	0.625	0.578947
946	1	0.625	0.736842
947	0.941176	0.625	0.631579
948	1	0.625	0.736842
949	1	0.75	0.789474
950	1	0.75	0.789474
951	1	0.75	0.684211
952	1	0.625	0.631579
953	0.941176	0.625	0.526316
954	0.941176	0.625	0.473684
955	0.941176	0.625	0.631579
956	1	0.625	0.736842
957	0.941176	0.625	0.684211
958	0.882353	0.625	0.631579
959	0.882353	0.5	0.526316
960	0.882353	0.5	0.526316
961	0.823529	0.5	0.578947
962	0.823529	0.5	0.526316
963	0.882353	0.625	0.684211
964	0.882353	0.625	0.684211
965	0.882353	0.625	0.631579
966	0.882353	0.5	0.631579
967	0.882353	0.5	0.631579
968	0.882353	0.5	0.578947
969	0.882353	0.5	0.578947
970	0.882353	0.5	0.578947
971	0.882353	0.5	0.526316
972	0.882353	0.5	0.631579
973	0.823529	0.5	0.578947
974	0.823529	0.5	0.631579
975	0.823529	0.5	0.631579
976	0.823529	0.5	0.578947
977	0.823529	0.5	0.578947
978	0.823529	0.5	0.578947
979	0.823529	0.5	0.526316
980	0.823529	0.5	0.473684
981	0.882353	0.5	0.631579
982	0.882353	0.5	0.631579
983	0.882353	0.5	0.684211
984	0.882353	0.5	0.526316
985	0.882353	0.5	0.578947
986	0.882353	0.5	0.631579
987	0.882353	0.5	0.526316
988	0.882353	0.5	0.631579
989	0.882353	0.5	0.578947
990	0.882353	0.5	0.684211
991	0.882353	0.5	0.631579
992	0.882353	0.5	0.631579
993	0.882353	0.625	0.578947
994	0.882353	0.625	0.684211
995	0.882353	0.625	0.631579
996	0.882353	0.5	0.421053
997	0.882353	0.5	0.473684
998	0.823529	0.5	0.526316
999	0.823529	0.5	0.473684
1000	0.882353	0.5	0.526316
1001	0.882353	0.5	0.578947
1002	0.823529	0.5	0.631579
1003	0.823529	0.5	0.578947
1004	0.823529	0.5	0.578947
1005	0.823529	0.5	0.578947
1006	0.823529	0.5	0.526316
1007	0.823529	0.5	0.473684
1008	0.823529	0.5	0.631579
1009	0.823529	0.5	0.631579
1010	0.882353	0.625	0.736842
1011	0.823529	0.5	0.631579
1012	0.823529	0.5	0.631579
1013	0.823529	0.5	0.578947
1014	0.882353	0.625	0.684211
1015	0.882353	0.625	0.736842
1016	0.823529	0.5	0.631579
1017	0.823529	0.5	0.578947
1018	0.823529	0.5	0.526316
1019	0.823529	0.5	0.631579
1020	0.882353	0.5	0.684211
1021	0.823529	0.5	0.684211
1022	0.823529	0.5	0.578947
1023	0.823529	0.5	0.578947
1024	0.823529	0.5	0.526316
1025	0.823529	0.5	0.473684
1026	0.882353	0.625	0.631579
1027	0.823529	0.5	0.473684
1028	0.823529	0.5	0.578947
1029	0.823529	0.5	0.631579
1030	0.882353	0.625	0.684211
1031	0.823529	0.5	0.526316
1032	0.823529	0.5	0.578947
1033	0.882353	0.625	0.684211
1034	0.823529	0.5	0.631579
1035	0.823529	0.5	0.526316
1036	0.882353	0.5	0.631579
1037	0.823529	0.5	0.578947
1038	0.823529	0.5	0.578947
1039	0.823529	0.5	0.473684
1040	0.823529	0.5	0.631579
1041	0.823529	0.5	0.631579
1042	0.823529	0.5	0.526316
1043	0.882353	0.625	0.684211
1044	0.882353	0.5	0.631579
1045	0.882353	0.5	0.578947
1046	0.882353	0.625	0.578947
1047	0.882353	0.625	0.684211
1048	0.823529	0.5	0.578947
1049	0.823529	0.5	0.526316
1050	0.823529	0.5	0.421053
1051	0.823529	0.5	0.368421
1052	0.882353	0.625	0.631579
1053	0.882353	0.5	0.684211
1054	0.882353	0.625	0.631579
1055	0.882353	0.5	0.684211
1056	0.882353	0.5	0.736842
1057	0.882353	0.5	0.684211
1058	0.882353	0.625	0.684211
1059	0.882353	0.625	0.578947
1060	1	0.75	0.736842
1061	1	0.75	0.789474
1062	1	0.75	0.736842
1063	1	0.75	0.684211
1064	0.882353	0.5	0.736842
1065	0.882353	0.5	0.684211
1066	0.882353	0.5	0.684211
1067	0.882353	0.5	0.631579
1068	0.882353	0.5	0.684211
1069	0.882353	0.5	0.631579
1070	0.882353	0.5	0.684211
1071	0.882353	0.5	0.684211
1072	0.882353	0.5	0.578947
1073	0.882353	0.5	0.631579
1074	0.882353	0.5	0.631579
1075	0.882353	0.5	0.578947
1076	0.882353	0.625	0.631579
1077	0.882353	0.625	0.684211
1078	0.882353	0.625	0.631579
1079	0.882353	0.625	0.578947
1080	1	0.75	0.736842
1081	1	0.75	0.789474
1082	1	0.75	0.736842
1083	1	0.75	0.684211
1084	0.882353	0.625	0.578947
1085	1	0.75	0.684211
1086	0.882353	0.625	0.526316
1087	0.882353	0.625	0.473684
1088	0.882353	0.625	0.421053
1089	1	0.75	0.631579
1090	1	0.75	0.578947
1091	1	0.75	0.526316
1092	0.823529	0.25	0.526316
1093	0.823529	0.25	0.473684
1094	0.823529	0.25	0.578947
1095	0.882353	0.25	0.526316
1096	0.882353	0.25	0.578947
1097	0.823529	0.25	0.631579
1098	0.823529	0.25	0.578947
1099	0.882353	0.25	0.631579
1100	0.823529	0.25	0.578947
1101	0.882353	0.25	0.578947
1102	0.823529	0.25	0.578947
1103	0.823529	0.25	0.526316
1104	0.823529	0.25	0.473684
1105	0.823529	0.25	0.526316
1106	0.882353	0.25	0.578947
1107	0.882353	0.25	0.526316
1108	0.882353	0.25	0.526316
1109	0.882353	0.25	0.526316
1110	0.882353	0.25	0.473684
1111	0.882353	0.25	0.421053
1112	0.823529	0.375	0.578947
1113	0.882353	0.375	0.631579
1114	0.823529	0.375	0.526316
1115	0.823529	0.375	0.578947
1116	0.823529	0.375	0.578947
1117	0.882353	0.375	0.631579
1118	0.882353	0.375	0.578947
1119	0.823529	0.375	0.578947
1120	0.882353	0.25	0.526316
1121	0.882353	0.25	0.578947
1122	0.823529	0.25	0.578947
1123	0.823529	0.25	0.526316
1124	0.882353	0.25	0.421053
1125	0.823529	0.25	0.473684
1126	0.882353	0.25	0.473684
1127	0.882353	0.25	0.526316
1128	0.823529	0.25	0.526316
1129	0.882353	0.25	0.526316
1130	0.823529	0.25	0.473684
1131	0.823529	0.375	0.526316
1132	0.823529	0.375	0.578947
1133	0.823529	0.25	0.526316
1134	0.823529	0.375	0.578947
1135	0.823529	0.25	0.473684
1136	0.823529	0.375	0.578947
1137	0.823529	0.25	0.473684
1138	0.823529	0.25	0.421053
1139	0.823529	0.25	0.368421
1140	0.823529	0.375	0.578947
1141	0.823529	0.375	0.526316
1142	0.882353	0.25	0.368421
1143	0.882353	0.25	0.421053
1144	0.882353	0.25	0.473684
1145	0.882353	0.25	0.421053
1146	0.882353	0.375	0.473684
1147	0.882353	0.375	0.421053
1148	0.823529	0.375	0.473684
1149	0.882353	0.375	0.526316
1150	0.882353	0.375	0.578947
1151	0.882353	0.25	0.526316
1152	0.882353	0.375	0.578947
1153	0.882353	0.25	0.473684
1154	0.882353	0.25	0.473684
1155	0.882353	0.25	0.421053
1156	0.882353	0.25	0.421053
1157	0.882353	0.25	0.473684
1158	0.882353	0.25	0.473684
1159	0.882353	0.25	0.368421
1160	0.882353	0.375	0.526316
1161	0.882353	0.375	0.526316
1162	0.823529	0.375	0.526316
1163	0.823529	0.375	0.526316
1164	0.882353	0.375	0.526316
1165	0.823529	0.375	0.473684
1166	0.882353	0.375	0.578947
1167	0.882353	0.25	0.473684
1168	0.882353	0.375	0.578947
1169	0.882353	0.375	0.526316
1170	0.882353	0.25	0.368421
1171	0.882353	0.25	0.421053
1172	0.823529	0.375	0.473684
1173	0.823529	0.375	0.526316
1174	0.823529	0.375	0.473684
1175	0.823529	0.375	0.473684
1176	0.823529	0.375	0.473684
1177	0.882353	0.375	0.526316
1178	0.823529	0.375	0.421053
1179	0.823529	0.375	0.368421
1180	0.882353	0.25	0.421053
1181	0.882353	0.25	0.315789
1182	0.882353	0.25	0.421053
1183	0.882353	0.25	0.368421
1184	0.882353	0.25	0.315789
1185	0.882353	0.25	0.315789
1186	0.882353	0.25	0.263158
1187	0.882353	0.25	0.210526
1188	0.823529	0.375	0.578947
1189	0.823529	0.375	0.526316
1190	0.823529	0.375	0.578947
1191	0.823529	0.375	0.578947
1192	0.823529	0.375	0.526316
1193	0.823529	0.375	0.473684
1194	0.823529	0.375	0.526316
1195	0.823529	0.375	0.473684
1196	0.823529	0.375	0.473684
1197	0.823529	0.375	0.368421
1198	0.823529	0.375	0.421053
1199	0.823529	0.375	0.578947
1200	0.823529	0.375	0.526316
1201	0.823529	0.375	0.473684
1202	0.823529	0.375	0.526316
1203	0.823529	0.375	0.578947
1204	0.882353	0.375	0.631579
1205	0.882353	0.375	0.578947
1206	0.882353	0.375	0.526316
1207	0.823529	0.375	0.473684
1208	0.882353	0.375	0.578947
1209	0.882353	0.375	0.526316
1210	0.882353	0.375	0.473684
1211	0.882353	0.375	0.421053
1212	0.882353	0.375	0.526316
1213	0.882353	0.375	0.578947
1214	0.882353	0.375	0.526316
1215	0.823529	0.375	0.526316
1216	0.882353	0.375	0.578947
1217	0.882353	0.375	0.526316
1218	0.882353	0.375	0.526316
1219	0.882353	0.375	0.526316
1220	0.882353	0.375	0.473684
1221	0.823529	0.375	0.473684
1222	0.882353	0.375	0.421053
1223	0.882353	0.375	0.473684
1224	0.882353	0.375	0.421053
1225	0.882353	0.375	0.473684
1226	0.882353	0.375	0.473684
1227	0.882353	0.375	0.421053
1228	0.882353	0.375	0.473684
1229	0.882353	0.375	0.368421
1230	0.882353	0.375	0.473684
1231	0.882353	0.375	0.473684
1232	0.882353	0.375	0.368421
1233	0.882353	0.375	0.421053
1234	0.882353	0.375	0.421053
1235	0.882353	0.375	0.421053
1236	0.882353	0.375	0.421053
1237	0.882353	0.375	0.368421
1238	0.882353	0.375	0.421053
1239	0.882353	0.375	0.368421
1240	0.882353	0.375	0.315789
1241	0.882353	0.375	0.263158
1242	0.882353	0.375	0.368421
1243	0.882353	0.375	0.315789
1244	0.882353	0.375	0.315789
1245	0.882353	0.375	0.210526
1246	1	0.625	0.736842
1247	0.941176	0.625	0.684211
1248	0.941176	0.625	0.684211
1249	0.941176	0.625	0.736842
1250	0.941176	0.625	0.631579
1251	0.823529	0.375	0.684211
1252	0.823529	0.375	0.631579
1253	0.882353	0.375	0.684211
1254	0.882353	0.375	0.684211
1255	0.823529	0.375	0.631579
1256	0.882353	0.5	0.631579
1257	0.882353	0.5	0.631579
1258	0.823529	0.5	0.578947
1259	0.882353	0.5	0.578947
1260	0.823529	0.5	0.631579
1261	0.941176	0.625	0.684211
1262	0.941176	0.625	0.684211
1263	0.941176	0.625	0.631579
1264	1	0.625	0.684211
1265	1	0.625	0.631579
1266	1	0.625	0.684211
1267	0.941176	0.625	0.631579
1268	1	0.625	0.631579
1269	0.941176	0.625	0.578947
1270	0.941176	0.625	0.578947
1271	0.941176	0.625	0.578947
1272	0.941176	0.625	0.578947
1273	0.941176	0.625	0.473684
1274	0.941176	0.625	0.526316
1275	0.882353	0.375	0.631579
1276	0.882353	0.5	0.578947
1277	0.882353	0.375	0.578947
1278	0.823529	0.375	0.578947
1279	0.823529	0.375	0.631579
1280	0.882353	0.375	0.631579
1281	0.882353	0.5	0.526316
1282	0.823529	0.5	0.578947
1283	0.882353	0.5	0.526316
1284	0.823529	0.5	0.578947
1285	0.823529	0.375	0.631579
1286	0.823529	0.5	0.526316
1287	0.823529	0.375	0.631579
1288	0.882353	0.375	0.631579
1289	0.882353	0.375	0.631579
1290	0.882353	0.5	0.578947
1291	0.882353	0.5	0.526316
1292	0.882353	0.5	0.578947
1293	0.882353	0.375	0.631579
1294	0.882353	0.375	0.578947
1295	0.882353	0.5	0.526316
1296	0.882353	0.5	0.526316
1297	0.823529	0.375	0.578947
1298	0.882353	0.375	0.631579
1299	0.823529	0.375	0.578947
1300	0.823529	0.375	0.526316
1301	0.882353	0.5	0.473684
1302	0.882353	0.5	0.421053
1303	0.882353	0.5	0.526316
1304	1	0.5	0.368421
1305	1	0.5	0.421053
1306	1	0.5	0.315789
1307	1	0.5	0.263158
1308	1	0.5	0.368421
1309	1	0.5	0.421053
1310	1	0.5	0.210526
1311	1	0.5	0.421053
1312	1	0.5	0.368421
1313	1	0.5	0.315789
1314	1	0.5	0.368421
1315	1	0.5	0.315789
1316	1	0.5	0.315789
1317	1	0.5	0.368421
1318	1	0.5	0.421053
1319	1	0.5	0.315789
1320	1	0.5	0.421053
1321	1	0.5	0.368421
1322	1	0.5	0.263158
1323	1	0.5	0.315789
1324	1	0.5	0.210526
1325	1	0.5	0.315789
1326	1	0.5	0.210526
1327	1	0.5	0.105263
1328	1	0.5	0.105263
1329	1	0.5	0.263158
1330	1	0.5	0.210526
1331	1	0.5	0.105263
1332	1	0.5	0.315789
1333	1	0.5	0.315789
1334	1	0.5	0.210526
1335	1	0.5	0.157895
1336	1	0.5	0.210526
1337	1	0.5	0.157895
1338	1	0.5	0
1339	1	0.5	0.0526316
1340	0.882353	0.375	0.526316
1341	0.882353	0.375	0.578947
1342	0.882353	0.375	0.578947
1343	0.882353	0.375	0.631579
1344	0.882353	0.375	0.631579
1345	0.882353	0.375	0.578947
1346	0.882353	0.5	0.526316
1347	0.882353	0.5	0.631579
1348	0.882353	0.375	0.631579
1349	0.882353	0.375	0.684211
1350	0.882353	0.375	0.631579
1351	0.882353	0.375	0.578947
1352	0.882353	0.375	0.631579
1353	0.882353	0.375	0.526316
1354	0.882353	0.5	0.578947
1355	0.882353	0.5	0.526316
1356	0.882353	0.5	0.421053
1357	0.882353	0.5	0.368421
1358	0.823529	0.375	0.631579
1359	0.823529	0.375	0.631579
1360	0.823529	0.375	0.631579
1361	0.823529	0.375	0.684211
1362	0.823529	0.375	0.631579
1363	0.823529	0.375	0.631579
1364	0.823529	0.375	0.578947
1365	0.823529	0.375	0.526316
1366	0.823529	0.375	0.578947
1367	0.823529	0.375	0.578947
1368	0.882353	0.375	0.578947
1369	0.823529	0.375	0.578947
1370	0.823529	0.5	0.526316
1371	0.823529	0.5	0.473684
1372	0.882353	0.5	0.473684
1373	0.882353	0.5	0.421053
1374	0.882353	0.5	0.578947
1375	0.823529	0.5	0.631579
1376	0.823529	0.5	0.578947
1377	0.823529	0.5	0.578947
1378	0.823529	0.375	0.578947
1379	0.823529	0.375	0.578947
1380	0.823529	0.375	0.631579
1381	0.823529	0.375	0.526316
1382	0.882353	0.375	0.578947
1383	0.823529	0.375	0.578947
1384	0.823529	0.375	0.631579
1385	0.823529	0.375	0.578947
1386	0.823529	0.375	0.578947
1387	0.823529	0.375	0.631579
1388	0.823529	0.375	0.578947
1389	0.823529	0.375	0.526316
1390	0.823529	0.5	0.526316
1391	0.823529	0.5	0.578947
1392	0.882353	0.5	0.526316
1393	0.882353	0.5	0.526316
1394	0.823529	0.5	0.578947
1395	0.823529	0.5	0.473684
1396	0.823529	0.5	0.526316
1397	0.882353	0.5	0.526316
1398	0.823529	0.5	0.473684
1399	0.823529	0.5	0.526316
1400	0.882353	0.5	0.421053
1401	0.882353	0.5	0.473684
1402	0.823529	0.375	0.578947
1403	0.823529	0.375	0.578947
1404	0.823529	0.375	0.578947
1405	0.823529	0.375	0.578947
1406	0.823529	0.375	0.526316
1407	0.823529	0.375	0.526316
1408	0.882353	0.375	0.526316
1409	0.882353	0.375	0.526316
1410	0.823529	0.375	0.526316
1411	0.823529	0.375	0.473684
1412	0.823529	0.375	0.526316
1413	0.882353	0.375	0.526316
1414	0.823529	0.375	0.473684
1415	0.823529	0.375	0.473684
1416	0.823529	0.375	0.473684
1417	0.823529	0.375	0.421053
1418	0.823529	0.375	0.368421
1419	0.823529	0.375	0.526316
1420	0.823529	0.375	0.473684
1421	0.882353	0.375	0.526316
1422	0.882353	0.375	0.421053
1423	0.823529	0.375	0.473684
1424	0.882353	0.375	0.473684
1425	0.823529	0.5	0.473684
1426	0.823529	0.5	0.421053
1427	0.823529	0.5	0.368421
1428	0.882353	0.5	0.315789
1429	0.882353	0.5	0.421053
1430	0.882353	0.5	0.315789
1431	0.882353	0.5	0.315789
1432	0.882353	0.5	0.368421
1433	0.882353	0.5	0.421053
1434	0.882353	0.5	0.210526
1435	0.882353	0.5	0.263158
1436	0.941176	0.625	0.684211
1437	0.941176	0.625	0.631579
1438	0.941176	0.625	0.684211
1439	0.941176	0.625	0.631579
1440	0.941176	0.625	0.578947
1441	0.941176	0.625	0.526316
1442	0.941176	0.625	0.473684
1443	0.941176	0.625	0.684211
1444	0.941176	0.625	0.578947
1445	0.941176	0.625	0.631579
1446	0.941176	0.625	0.684211
1447	0.941176	0.625	0.684211
1448	0.941176	0.625	0.526316
1449	0.941176	0.625	0.578947
1450	0.941176	0.625	0.473684
1451	0.941176	0.625	0.631579
1452	0.941176	0.625	0.578947
1453	0.941176	0.625	0.631579
1454	0.941176	0.625	0.578947
1455	0.941176	0.625	0.578947
1456	0.941176	0.625	0.631579
1457	0.941176	0.625	0.473684
1458	0.941176	0.625	0.526316
1459	0.941176	0.625	0.578947
1460	0.941176	0.625	0.578947
1461	0.941176	0.625	0.578947
1462	0.941176	0.625	0.473684
1463	0.941176	0.625	0.421053
1464	0.941176	0.625	0.473684
1465	0.941176	0.625	0.473684
1466	0.941176	0.625	0.421053
1467	0.941176	0.625	0.368421
1468	0.941176	0.625	0.368421
1469	0.941176	0.625	0.368421
1470	0.941176	0.625	0.315789
1471	0.941176	0.625	0.263158
