27 #edges
GL 0;1;2;3;4;5;6;7;8;9;10
0;1;2;3;4;5;6;7;8;9;10 11;12;13;14;15;16;17;18;19;20
0;1;2;3;4;5;6;7;8;9;10 21;22;23;24;25;26;27;28;29;30;41;42;43;44;45;46;47;48;49;50;61;62;63;64;65;66;67;68;69;70;71;72;73;74;75;76;77;78;79;80;81;82;83;84;85;86;87;88;89;90;91;92;93;94;95;96;97;98;99;100;101;102;103;104;105;106;107;108;109;110;111;112;113;114;115;116;117;118;119;120;121;122;123;124;125;126;127;128;129;130;131;132;133;134;135;136;137;138;139;140;141;142;143;144;145;146;147;148;149;150;151;152;153;154;155;156;157;158;159;160;161;162;163;164;165;166;167;168;169;170;171;172;173;174;175;176;177;178;179;180;181;182;183;184;185;186;187;188;189;190;191;192;193;194;195;196;197;198;199;200;201;202;203;204;205;206;207;208;209;210;211;212;213;214;215;216;217;218;219;220;221;222;223;224;225;226;227;228;229;230;231;232;233;234;235;236;237;238;239;240;241;242;243;244;245;246;247;248;249;250;251;252;253;254;255;256;257;258;259;260;261;262;263;264;265;266;267;268;269;270;271;272;273;274;275;276;277;278;279;280;281;282;283;284;285;286;287;288;289;290;291;292;293;294;295;296;297;298;299;300;301;302;303;304;305;306;307;308;309;310;311
11;12;13;14;15;16;17;18;19;20 11;12;13;14;15;16;17;18;19;20_P
11;12;13;14;15;16;17;18;19;20 31;32;33;34;35;36;37;38;39;40
31;32;33;34;35;36;37;38;39;40 31;32;33;34;35;36;37;38;39;40_P
31;32;33;34;35;36;37;38;39;40 51;52;53;54;55;56;57;58;59;60
51;52;53;54;55;56;57;58;59;60 51;52;53;54;55;56;57;58;59;60_P
21;22;23;24;25;26;27;28;29;30;41;42;43;44;45;46;47;48;49;50;61;62;63;64;65;66;67;68;69;70;71;72;73;74;75;76;77;78;79;80;81;82;83;84;85;86;87;88;89;90;91;92;93;94;95;96;97;98;99;100;101;102;103;104;105;106;107;108;109;110;111;112;113;114;115;116;117;118;119;120;121;122;123;124;125;126;127;128;129;130;131;132;133;134;135;136;137;138;139;140;141;142;143;144;145;146;147;148;149;150;151;152;153;154;155;156;157;158;159;160;161;162;163;164;165;166;167;168;169;170;171;172;173;174;175;176;177;178;179;180;181;182;183;184;185;186;187;188;189;190;191;192;193;194;195;196;197;198;199;200;201;202;203;204;205;206;207;208;209;210;211;212;213;214;215;216;217;218;219;220;221;222;223;224;225;226;227;228;229;230;231;232;233;234;235;236;237;238;239;240;241;242;243;244;245;246;247;248;249;250;251;252;253;254;255;256;257;258;259;260;261;262;263;264;265;266;267;268;269;270;271;272;273;274;275;276;277;278;279;280;281;282;283;284;285;286;287;288;289;290;291;292;293;294;295;296;297;298;299;300;301;302;303;304;305;306;307;308;309;310;311 312;313;314;315;316;317;318;319;320;321
21;22;23;24;25;26;27;28;29;30;41;42;43;44;45;46;47;48;49;50;61;62;63;64;65;66;67;68;69;70;71;72;73;74;75;76;77;78;79;80;81;82;83;84;85;86;87;88;89;90;91;92;93;94;95;96;97;98;99;100;101;102;103;104;105;106;107;108;109;110;111;112;113;114;115;116;117;118;119;120;121;122;123;124;125;126;127;128;129;130;131;132;133;134;135;136;137;138;139;140;141;142;143;144;145;146;147;148;149;150;151;152;153;154;155;156;157;158;159;160;161;162;163;164;165;166;167;168;169;170;171;172;173;174;175;176;177;178;179;180;181;182;183;184;185;186;187;188;189;190;191;192;193;194;195;196;197;198;199;200;201;202;203;204;205;206;207;208;209;210;211;212;213;214;215;216;217;218;219;220;221;222;223;224;225;226;227;228;229;230;231;232;233;234;235;236;237;238;239;240;241;242;243;244;245;246;247;248;249;250;251;252;253;254;255;256;257;258;259;260;261;262;263;264;265;266;267;268;269;270;271;272;273;274;275;276;277;278;279;280;281;282;283;284;285;286;287;288;289;290;291;292;293;294;295;296;297;298;299;300;301;302;303;304;305;306;307;308;309;310;311 382;383;384;385;386;387;388;389;390;391
21;22;23;24;25;26;27;28;29;30;41;42;43;44;45;46;47;48;49;50;61;62;63;64;65;66;67;68;69;70;71;72;73;74;75;76;77;78;79;80;81;82;83;84;85;86;87;88;89;90;91;92;93;94;95;96;97;98;99;100;101;102;103;104;105;106;107;108;109;110;111;112;113;114;115;116;117;118;119;120;121;122;123;124;125;126;127;128;129;130;131;132;133;134;135;136;137;138;139;140;141;142;143;144;145;146;147;148;149;150;151;152;153;154;155;156;157;158;159;160;161;162;163;164;165;166;167;168;169;170;171;172;173;174;175;176;177;178;179;180;181;182;183;184;185;186;187;188;189;190;191;192;193;194;195;196;197;198;199;200;201;202;203;204;205;206;207;208;209;210;211;212;213;214;215;216;217;218;219;220;221;222;223;224;225;226;227;228;229;230;231;232;233;234;235;236;237;238;239;240;241;242;243;244;245;246;247;248;249;250;251;252;253;254;255;256;257;258;259;260;261;262;263;264;265;266;267;268;269;270;271;272;273;274;275;276;277;278;279;280;281;282;283;284;285;286;287;288;289;290;291;292;293;294;295;296;297;298;299;300;301;302;303;304;305;306;307;308;309;310;311 322;323;324;325;326;327;328;329;330;331;342;343;344;345;346;347;348;349;350;351;392;393;394;395;396;397;398;399;400;401
312;313;314;315;316;317;318;319;320;321 332;333;334;335;336;337;338;339;340;341
312;313;314;315;316;317;318;319;320;321 442;443;444;445;446;447;448;449;450;451
312;313;314;315;316;317;318;319;320;321 362;363;364;365;366;367;368;369;370;371;402;403;404;405;406;407;408;409;410;411;482;483;484;485;486;487;488;489;490;491
332;333;334;335;336;337;338;339;340;341 412;413;414;415;416;417;418;419;420;421;452;453;454;455;456;457;458;459;460;461
332;333;334;335;336;337;338;339;340;341 352;353;354;355;356;357;358;359;360;361;372;373;374;375;376;377;378;379;380;381;422;423;424;425;426;427;428;429;430;431;462;463;464;465;466;467;468;469;470;471;492;493;494;495;496;497;498;499;500;501
352;353;354;355;356;357;358;359;360;361;372;373;374;375;376;377;378;379;380;381;422;423;424;425;426;427;428;429;430;431;462;463;464;465;466;467;468;469;470;471;492;493;494;495;496;497;498;499;500;501 372;373;374;375;376;377;378;379;380;381;422;423;424;425;426;427;428;429;430;431;462;463;464;465;466;467;468;469;470;471;492;493;494;495;496;497;498;499;500;501_P
412;413;414;415;416;417;418;419;420;421;452;453;454;455;456;457;458;459;460;461 452;453;454;455;456;457;458;459;460;461_P
362;363;364;365;366;367;368;369;370;371;402;403;404;405;406;407;408;409;410;411;482;483;484;485;486;487;488;489;490;491 482;483;484;485;486;487;488;489;490;491_P
442;443;444;445;446;447;448;449;450;451 442;443;444;445;446;447;448;449;450;451_P
442;443;444;445;446;447;448;449;450;451 512;513;514;515;516;517;518;519;520;521;522;523;524;525;526;527;528;529;530;531
512;513;514;515;516;517;518;519;520;521;522;523;524;525;526;527;528;529;530;531 522;523;524;525;526;527;528;529;530;531_P
322;323;324;325;326;327;328;329;330;331;342;343;344;345;346;347;348;349;350;351;392;393;394;395;396;397;398;399;400;401 342;343;344;345;346;347;348;349;350;351;392;393;394;395;396;397;398;399;400;401_P
382;383;384;385;386;387;388;389;390;391 432;433;434;435;436;437;438;439;440;441
382;383;384;385;386;387;388;389;390;391 502;503;504;505;506;507;508;509;510;511
432;433;434;435;436;437;438;439;440;441 432;433;434;435;436;437;438;439;440;441_P
502;503;504;505;506;507;508;509;510;511 502;503;504;505;506;507;508;509;510;511_P
11 #leaves
502;503;504;505;506;507;508;509;510;511_P P 10 0 0.106201 0 0 0 0 0 0 0 0 0 1 10 100 101 102 103 104 105 106 107 108 109 110 111 112 113 114 115 116 117 118 119 120 121 122 123 124 125 126 127 128 129 130 131 132 133 134 135 136 137 138 139 140 141 142 143 144 145 146 147 148 149 150 151 152 153 154 155 156 157 158 159 160 161 162 163 164 165 166 167 168 169 170 171 172 173 174 175 176 177 178 179 180 181 182 183 184 185 186 187 188 189 190 191 192 193 194 195 196 197 198 199 2 200 201 202 203 204 205 206 207 208 209 21 210 211 212 213 214 215 216 217 218 219 22 220 221 222 223 224 225 226 227 228 229 23 230 231 232 233 234 235 236 237 238 239 24 240 241 242 243 244 245 246 247 248 249 25 250 251 252 253 254 255 256 257 258 259 26 260 261 262 263 264 265 266 267 268 269 27 270 271 272 273 274 275 276 277 278 279 28 280 281 282 283 284 285 286 287 288 289 29 290 291 292 293 294 295 296 297 298 299 3 30 300 301 302 303 304 305 306 307 308 309 310 311 382 383 384 385 386 387 388 389 390 391 4 41 42 43 44 45 46 47 48 49 5 50 502 503 504 505 506 507 508 509 510 511 6 61 62 63 64 65 66 67 68 69 7 70 71 72 73 74 75 76 77 78 79 8 80 81 82 83 84 85 86 87 88 89 9 90 91 92 93 94 95 96 97 98 99
432;433;434;435;436;437;438;439;440;441_P P 10 0 0 0 0 0 0 0 0.31578 0 0.229615 0 1 10 100 101 102 103 104 105 106 107 108 109 110 111 112 113 114 115 116 117 118 119 120 121 122 123 124 125 126 127 128 129 130 131 132 133 134 135 136 137 138 139 140 141 142 143 144 145 146 147 148 149 150 151 152 153 154 155 156 157 158 159 160 161 162 163 164 165 166 167 168 169 170 171 172 173 174 175 176 177 178 179 180 181 182 183 184 185 186 187 188 189 190 191 192 193 194 195 196 197 198 199 2 200 201 202 203 204 205 206 207 208 209 21 210 211 212 213 214 215 216 217 218 219 22 220 221 222 223 224 225 226 227 228 229 23 230 231 232 233 234 235 236 237 238 239 24 240 241 242 243 244 245 246 247 248 249 25 250 251 252 253 254 255 256 257 258 259 26 260 261 262 263 264 265 266 267 268 269 27 270 271 272 273 274 275 276 277 278 279 28 280 281 282 283 284 285 286 287 288 289 29 290 291 292 293 294 295 296 297 298 299 3 30 300 301 302 303 304 305 306 307 308 309 310 311 382 383 384 385 386 387 388 389 390 391 4 41 42 43 432 433 434 435 436 437 438 439 44 440 441 45 46 47 48 49 5 50 6 61 62 63 64 65 66 67 68 69 7 70 71 72 73 74 75 76 77 78 79 8 80 81 82 83 84 85 86 87 88 89 9 90 91 92 93 94 95 96 97 98 99
342;343;344;345;346;347;348;349;350;351;392;393;394;395;396;397;398;399;400;401_P P 10 0 0 0 0.790267 0.190283 0 0.197641 0 0 0.453709 0 1 10 100 101 102 103 104 105 106 107 108 109 110 111 112 113 114 115 116 117 118 119 120 121 122 123 124 125 126 127 128 129 130 131 132 133 134 135 136 137 138 139 140 141 142 143 144 145 146 147 148 149 150 151 152 153 154 155 156 157 158 159 160 161 162 163 164 165 166 167 168 169 170 171 172 173 174 175 176 177 178 179 180 181 182 183 184 185 186 187 188 189 190 191 192 193 194 195 196 197 198 199 2 200 201 202 203 204 205 206 207 208 209 21 210 211 212 213 214 215 216 217 218 219 22 220 221 222 223 224 225 226 227 228 229 23 230 231 232 233 234 235 236 237 238 239 24 240 241 242 243 244 245 246 247 248 249 25 250 251 252 253 254 255 256 257 258 259 26 260 261 262 263 264 265 266 267 268 269 27 270 271 272 273 274 275 276 277 278 279 28 280 281 282 283 284 285 286 287 288 289 29 290 291 292 293 294 295 296 297 298 299 3 30 300 301 302 303 304 305 306 307 308 309 310 311 322 323 324 325 326 327 328 329 330 331 342 343 344 345 346 347 348 349 350 351 392 393 394 395 396 397 398 399 4 400 401 41 42 43 44 45 46 47 48 49 5 50 6 61 62 63 64 65 66 67 68 69 7 70 71 72 73 74 75 76 77 78 79 8 80 81 82 83 84 85 86 87 88 89 9 90 91 92 93 94 95 96 97 98 99
522;523;524;525;526;527;528;529;530;531_P P 10 0 0 0.531752 0 0 0 0 0 0.350798 0.316675 0 1 10 100 101 102 103 104 105 106 107 108 109 110 111 112 113 114 115 116 117 118 119 120 121 122 123 124 125 126 127 128 129 130 131 132 133 134 135 136 137 138 139 140 141 142 143 144 145 146 147 148 149 150 151 152 153 154 155 156 157 158 159 160 161 162 163 164 165 166 167 168 169 170 171 172 173 174 175 176 177 178 179 180 181 182 183 184 185 186 187 188 189 190 191 192 193 194 195 196 197 198 199 2 200 201 202 203 204 205 206 207 208 209 21 210 211 212 213 214 215 216 217 218 219 22 220 221 222 223 224 225 226 227 228 229 23 230 231 232 233 234 235 236 237 238 239 24 240 241 242 243 244 245 246 247 248 249 25 250 251 252 253 254 255 256 257 258 259 26 260 261 262 263 264 265 266 267 268 269 27 270 271 272 273 274 275 276 277 278 279 28 280 281 282 283 284 285 286 287 288 289 29 290 291 292 293 294 295 296 297 298 299 3 30 300 301 302 303 304 305 306 307 308 309 310 311 312 313 314 315 316 317 318 319 320 321 4 41 42 43 44 442 443 444 445 446 447 448 449 45 450 451 46 47 48 49 5 50 512 513 514 515 516 517 518 519 520 521 522 523 524 525 526 527 528 529 530 531 6 61 62 63 64 65 66 67 68 69 7 70 71 72 73 74 75 76 77 78 79 8 80 81 82 83 84 85 86 87 88 89 9 90 91 92 93 94 95 96 97 98 99
442;443;444;445;446;447;448;449;450;451_P P 10 0 0.318225 0 0 0 0.780657 0.346019 0 0 0 0 1 10 100 101 102 103 104 105 106 107 108 109 110 111 112 113 114 115 116 117 118 119 120 121 122 123 124 125 126 127 128 129 130 131 132 133 134 135 136 137 138 139 140 141 142 143 144 145 146 147 148 149 150 151 152 153 154 155 156 157 158 159 160 161 162 163 164 165 166 167 168 169 170 171 172 173 174 175 176 177 178 179 180 181 182 183 184 185 186 187 188 189 190 191 192 193 194 195 196 197 198 199 2 200 201 202 203 204 205 206 207 208 209 21 210 211 212 213 214 215 216 217 218 219 22 220 221 222 223 224 225 226 227 228 229 23 230 231 232 233 234 235 236 237 238 239 24 240 241 242 243 244 245 246 247 248 249 25 250 251 252 253 254 255 256 257 258 259 26 260 261 262 263 264 265 266 267 268 269 27 270 271 272 273 274 275 276 277 278 279 28 280 281 282 283 284 285 286 287 288 289 29 290 291 292 293 294 295 296 297 298 299 3 30 300 301 302 303 304 305 306 307 308 309 310 311 312 313 314 315 316 317 318 319 320 321 4 41 42 43 44 442 443 444 445 446 447 448 449 45 450 451 46 47 48 49 5 50 6 61 62 63 64 65 66 67 68 69 7 70 71 72 73 74 75 76 77 78 79 8 80 81 82 83 84 85 86 87 88 89 9 90 91 92 93 94 95 96 97 98 99
482;483;484;485;486;487;488;489;490;491_P P 10 0 0.205248 0 0 0 0 0 0.68422 0 0 0 1 10 100 101 102 103 104 105 106 107 108 109 110 111 112 113 114 115 116 117 118 119 120 121 122 123 124 125 126 127 128 129 130 131 132 133 134 135 136 137 138 139 140 141 142 143 144 145 146 147 148 149 150 151 152 153 154 155 156 157 158 159 160 161 162 163 164 165 166 167 168 169 170 171 172 173 174 175 176 177 178 179 180 181 182 183 184 185 186 187 188 189 190 191 192 193 194 195 196 197 198 199 2 200 201 202 203 204 205 206 207 208 209 21 210 211 212 213 214 215 216 217 218 219 22 220 221 222 223 224 225 226 227 228 229 23 230 231 232 233 234 235 236 237 238 239 24 240 241 242 243 244 245 246 247 248 249 25 250 251 252 253 254 255 256 257 258 259 26 260 261 262 263 264 265 266 267 268 269 27 270 271 272 273 274 275 276 277 278 279 28 280 281 282 283 284 285 286 287 288 289 29 290 291 292 293 294 295 296 297 298 299 3 30 300 301 302 303 304 305 306 307 308 309 310 311 312 313 314 315 316 317 318 319 320 321 362 363 364 365 366 367 368 369 370 371 4 402 403 404 405 406 407 408 409 41 410 411 42 43 44 45 46 47 48 482 483 484 485 486 487 488 489 49 490 491 5 50 6 61 62 63 64 65 66 67 68 69 7 70 71 72 73 74 75 76 77 78 79 8 80 81 82 83 84 85 86 87 88 89 9 90 91 92 93 94 95 96 97 98 99
452;453;454;455;456;457;458;459;460;461_P P 10 0.819727 0.370327 0 0 0 0 0 0 0.11143 0 0 1 10 100 101 102 103 104 105 106 107 108 109 110 111 112 113 114 115 116 117 118 119 120 121 122 123 124 125 126 127 128 129 130 131 132 133 134 135 136 137 138 139 140 141 142 143 144 145 146 147 148 149 150 151 152 153 154 155 156 157 158 159 160 161 162 163 164 165 166 167 168 169 170 171 172 173 174 175 176 177 178 179 180 181 182 183 184 185 186 187 188 189 190 191 192 193 194 195 196 197 198 199 2 200 201 202 203 204 205 206 207 208 209 21 210 211 212 213 214 215 216 217 218 219 22 220 221 222 223 224 225 226 227 228 229 23 230 231 232 233 234 235 236 237 238 239 24 240 241 242 243 244 245 246 247 248 249 25 250 251 252 253 254 255 256 257 258 259 26 260 261 262 263 264 265 266 267 268 269 27 270 271 272 273 274 275 276 277 278 279 28 280 281 282 283 284 285 286 287 288 289 29 290 291 292 293 294 295 296 297 298 299 3 30 300 301 302 303 304 305 306 307 308 309 310 311 312 313 314 315 316 317 318 319 320 321 332 333 334 335 336 337 338 339 340 341 4 41 412 413 414 415 416 417 418 419 42 420 421 43 44 45 452 453 454 455 456 457 458 459 46 460 461 47 48 49 5 50 6 61 62 63 64 65 66 67 68 69 7 70 71 72 73 74 75 76 77 78 79 8 80 81 82 83 84 85 86 87 88 89 9 90 91 92 93 94 95 96 97 98 99
372;373;374;375;376;377;378;379;380;381;422;423;424;425;426;427;428;429;430;431;462;463;464;465;466;467;468;469;470;471;492;493;494;495;496;497;498;499;500;501_P P 10 0 0 0 0 0 0.219343 0 0 0 0 0 1 10 100 101 102 103 104 105 106 107 108 109 110 111 112 113 114 115 116 117 118 119 120 121 122 123 124 125 126 127 128 129 130 131 132 133 134 135 136 137 138 139 140 141 142 143 144 145 146 147 148 149 150 151 152 153 154 155 156 157 158 159 160 161 162 163 164 165 166 167 168 169 170 171 172 173 174 175 176 177 178 179 180 181 182 183 184 185 186 187 188 189 190 191 192 193 194 195 196 197 198 199 2 200 201 202 203 204 205 206 207 208 209 21 210 211 212 213 214 215 216 217 218 219 22 220 221 222 223 224 225 226 227 228 229 23 230 231 232 233 234 235 236 237 238 239 24 240 241 242 243 244 245 246 247 248 249 25 250 251 252 253 254 255 256 257 258 259 26 260 261 262 263 264 265 266 267 268 269 27 270 271 272 273 274 275 276 277 278 279 28 280 281 282 283 284 285 286 287 288 289 29 290 291 292 293 294 295 296 297 298 299 3 30 300 301 302 303 304 305 306 307 308 309 310 311 312 313 314 315 316 317 318 319 320 321 332 333 334 335 336 337 338 339 340 341 352 353 354 355 356 357 358 359 360 361 372 373 374 375 376 377 378 379 380 381 4 41 42 422 423 424 425 426 427 428 429 43 430 431 44 45 46 462 463 464 465 466 467 468 469 47 470 471 48 49 492 493 494 495 496 497 498 499 5 50 500 501 6 61 62 63 64 65 66 67 68 69 7 70 71 72 73 74 75 76 77 78 79 8 80 81 82 83 84 85 86 87 88 89 9 90 91 92 93 94 95 96 97 98 99
51;52;53;54;55;56;57;58;59;60_P P 10 0 0 0.468248 0 0.669017 0 0 0 0 0 0 1 10 11 12 13 14 15 16 17 18 19 2 20 3 31 32 33 34 35 36 37 38 39 4 40 5 51 52 53 54 55 56 57 58 59 6 60 7 8 9
31;32;33;34;35;36;37;38;39;40_P P 10 0 0 0 0.209733 0.1407 0 0 0 0.537772 0 0 1 10 11 12 13 14 15 16 17 18 19 2 20 3 31 32 33 34 35 36 37 38 39 4 40 5 6 7 8 9
11;12;13;14;15;16;17;18;19;20_P P 10 0.180273 0 0 0 0 0 0.45634 0 0 0 0 1 10 11 12 13 14 15 16 17 18 19 2 20 3 4 5 6 7 8 9
