23 #edges
GL 0;1;2;3;4;5;6;7;8;9;10;11;12;13;14;15;16;17;18;19;20
0;1;2;3;4;5;6;7;8;9;10;11;12;13;14;15;16;17;18;19;20 41;42;43;44;45;46;47;48;49;50
0;1;2;3;4;5;6;7;8;9;10;11;12;13;14;15;16;17;18;19;20 21;22;23;24;25;26;27;28;29;30;31;32;33;34;35;36;37;38;39;40;61;62;63;64;65;66;67;68;69;70;91;92;93;94;95;96;97;98;99;100;141;142;143;144;145;146;147;148;149;150
21;22;23;24;25;26;27;28;29;30;31;32;33;34;35;36;37;38;39;40;61;62;63;64;65;66;67;68;69;70;91;92;93;94;95;96;97;98;99;100;141;142;143;144;145;146;147;148;149;150 281;282;283;284;285;286;287;288;289;290
21;22;23;24;25;26;27;28;29;30;31;32;33;34;35;36;37;38;39;40;61;62;63;64;65;66;67;68;69;70;91;92;93;94;95;96;97;98;99;100;141;142;143;144;145;146;147;148;149;150 251;252;253;254;255;256;257;258;259;260;331;332;333;334;335;336;337;338;339;340;351;352;353;354;355;356;357;358;359;360;381;382;383;384;385;386;387;388;389;390;421;422;423;424;425;426;427;428;429;430;451;452;453;454;455;456;457;458;459;460;481;482;483;484;485;486;487;488;489;490;491;492;493;494;495;496;497;498;499;500;511;512;513;514;515;516;517;518;519;520;531;532;533;534;535;536;537;538;539;540;551;552;553;554;555;556;557;558;559;560;571;572;573;574;575;576;577;578;579;580;591;592;593;594;595;596;597;598;599;600;601;602;603;604;605;606;607;608;609;610;611;612;613;614;615;616;617;618;619;620;631;632;633;634;635;636;637;638;639;640;641;642;643;644;645;646;647;648;649;650;671;672;673;674;675;676;677;678;679;680;681;682;683;684;685;686;687;688;689;690;691;692;693;694;695;696;697;698;699;700;701;702;703;704;705;706;707;708;709;710;711;712;713;714;715;716;717;718;719;720;731;732;733;734;735;736;737;738;739;740;741;742;743;744;745;746;747;748;749;750;751;752;753;754;755;756;757;758;759;760;761;762;763;764;765;766;767;768;769;770;781;782;783;784;785;786;787;788;789;790;791;792;793;794;795;796;797;798;799;800;801;802;803;804;805;806;807;808;809;810;831;832;833;834;835;836;837;838;839;840;851;852;853;854;855;856;857;858;859;860;881;882;883;884;885;886;887;888;889;890;901;902;903;904;905;906;907;908;909;910;911;912;913;914;915;916;917;918;919;920;921;922;923;924;925;926;927;928;929;930;931;932;933;934;935;936;937;938;939;940;941;942;943;944;945;946;947;948;949;950;961;962;963;964;965;966;967;968;969;970;971;972;973;974;975;976;977;978;979;980;1011;1012;1013;1014;1015;1016;1017;1018;1019;1020;1031;1032;1033;1034;1035;1036;1037;1038;1039;1040;1041;1042;1043;1044;1045;1046;1047;1048;1049;1050;1061;1062;1063;1064;1065;1066;1067;1068;1069;1070;1071;1072;1073;1074;1075;1076;1077;1078;1079;1080;1091;1092;1093;1094;1095;1096;1097;1098;1099;1100;1111;1112;1113;1114;1115;1116;1117;1118;1119;1120;1151;1152;1153;1154;1155;1156;1157;1158;1159;1160;1181;1182;1183;1184;1185;1186;1187;1188;1189;1190;1261;1262;1263;1264;1265;1266;1267;1268;1269;1270;1301;1302;1303;1304;1305;1306;1307;1308;1309;1310;1331;1332;1333;1334;1335;1336;1337;1338;1339;1340;1341;1382;1383;1384;1385;1386;1387;1388;1389;1390;1391
251;252;253;254;255;256;257;258;259;260;331;332;333;334;335;336;337;338;339;340;351;352;353;354;355;356;357;358;359;360;381;382;383;384;385;386;387;388;389;390;421;422;423;424;425;426;427;428;429;430;451;452;453;454;455;456;457;458;459;460;481;482;483;484;485;486;487;488;489;490;491;492;493;494;495;496;497;498;499;500;511;512;513;514;515;516;517;518;519;520;531;532;533;534;535;536;537;538;539;540;551;552;553;554;555;556;557;558;559;560;571;572;573;574;575;576;577;578;579;580;591;592;593;594;595;596;597;598;599;600;601;602;603;604;605;606;607;608;609;610;611;612;613;614;615;616;617;618;619;620;631;632;633;634;635;636;637;638;639;640;641;642;643;644;645;646;647;648;649;650;671;672;673;674;675;676;677;678;679;680;681;682;683;684;685;686;687;688;689;690;691;692;693;694;695;696;697;698;699;700;701;702;703;704;705;706;707;708;709;710;711;712;713;714;715;716;717;718;719;720;731;732;733;734;735;736;737;738;739;740;741;742;743;744;745;746;747;748;749;750;751;752;753;754;755;756;757;758;759;760;761;762;763;764;765;766;767;768;769;770;781;782;783;784;785;786;787;788;789;790;791;792;793;794;795;796;797;798;799;800;801;802;803;804;805;806;807;808;809;810;831;832;833;834;835;836;837;838;839;840;851;852;853;854;855;856;857;858;859;860;881;882;883;884;885;886;887;888;889;890;901;902;903;904;905;906;907;908;909;910;911;912;913;914;915;916;917;918;919;920;921;922;923;924;925;926;927;928;929;930;931;932;933;934;935;936;937;938;939;940;941;942;943;944;945;946;947;948;949;950;961;962;963;964;965;966;967;968;969;970;971;972;973;974;975;976;977;978;979;980;1011;1012;1013;1014;1015;1016;1017;1018;1019;1020;1031;1032;1033;1034;1035;1036;1037;1038;1039;1040;1041;1042;1043;1044;1045;1046;1047;1048;1049;1050;1061;1062;1063;1064;1065;1066;1067;1068;1069;1070;1071;1072;1073;1074;1075;1076;1077;1078;1079;1080;1091;1092;1093;1094;1095;1096;1097;1098;1099;1100;1111;1112;1113;1114;1115;1116;1117;1118;1119;1120;1151;1152;1153;1154;1155;1156;1157;1158;1159;1160;1181;1182;1183;1184;1185;1186;1187;1188;1189;1190;1261;1262;1263;1264;1265;1266;1267;1268;1269;1270;1301;1302;1303;1304;1305;1306;1307;1308;1309;1310;1331;1332;1333;1334;1335;1336;1337;1338;1339;1340;1341;1382;1383;1384;1385;1386;1387;1388;1389;1390;1391 1382;1383;1384;1385;1386;1387;1388;1389;1390;1391_P
281;282;283;284;285;286;287;288;289;290 281;282;283;284;285;286;287;288;289;290_P
41;42;43;44;45;46;47;48;49;50 51;52;53;54;55;56;57;58;59;60;81;82;83;84;85;86;87;88;89;90
41;42;43;44;45;46;47;48;49;50 71;72;73;74;75;76;77;78;79;80;101;102;103;104;105;106;107;108;109;110;131;132;133;134;135;136;137;138;139;140
51;52;53;54;55;56;57;58;59;60;81;82;83;84;85;86;87;88;89;90 171;172;173;174;175;176;177;178;179;180
51;52;53;54;55;56;57;58;59;60;81;82;83;84;85;86;87;88;89;90 111;112;113;114;115;116;117;118;119;120;241;242;243;244;245;246;247;248;249;250;321;322;323;324;325;326;327;328;329;330;371;372;373;374;375;376;377;378;379;380;411;412;413;414;415;416;417;418;419;420;441;442;443;444;445;446;447;448;449;450;471;472;473;474;475;476;477;478;479;480
111;112;113;114;115;116;117;118;119;120;241;242;243;244;245;246;247;248;249;250;321;322;323;324;325;326;327;328;329;330;371;372;373;374;375;376;377;378;379;380;411;412;413;414;415;416;417;418;419;420;441;442;443;444;445;446;447;448;449;450;471;472;473;474;475;476;477;478;479;480 441;442;443;444;445;446;447;448;449;450;471;472;473;474;475;476;477;478;479;480_P
171;172;173;174;175;176;177;178;179;180 171;172;173;174;175;176;177;178;179;180_P
171;172;173;174;175;176;177;178;179;180 191;192;193;194;195;196;197;198;199;200;231;232;233;234;235;236;237;238;239;240;311;312;313;314;315;316;317;318;319;320
191;192;193;194;195;196;197;198;199;200;231;232;233;234;235;236;237;238;239;240;311;312;313;314;315;316;317;318;319;320 191;192;193;194;195;196;197;198;199;200;231;232;233;234;235;236;237;238;239;240;311;312;313;314;315;316;317;318;319;320_P
71;72;73;74;75;76;77;78;79;80;101;102;103;104;105;106;107;108;109;110;131;132;133;134;135;136;137;138;139;140 161;162;163;164;165;166;167;168;169;170;221;222;223;224;225;226;227;228;229;230
71;72;73;74;75;76;77;78;79;80;101;102;103;104;105;106;107;108;109;110;131;132;133;134;135;136;137;138;139;140 211;212;213;214;215;216;217;218;219;220;271;272;273;274;275;276;277;278;279;280;291;292;293;294;295;296;297;298;299;300;391;392;393;394;395;396;397;398;399;400;431;432;433;434;435;436;437;438;439;440
161;162;163;164;165;166;167;168;169;170;221;222;223;224;225;226;227;228;229;230 161;162;163;164;165;166;167;168;169;170;221;222;223;224;225;226;227;228;229;230_P
161;162;163;164;165;166;167;168;169;170;221;222;223;224;225;226;227;228;229;230 301;302;303;304;305;306;307;308;309;310;341;342;343;344;345;346;347;348;349;350;401;402;403;404;405;406;407;408;409;410
301;302;303;304;305;306;307;308;309;310;341;342;343;344;345;346;347;348;349;350;401;402;403;404;405;406;407;408;409;410 301;302;303;304;305;306;307;308;309;310;341;342;343;344;345;346;347;348;349;350;401;402;403;404;405;406;407;408;409;410_P
301;302;303;304;305;306;307;308;309;310;341;342;343;344;345;346;347;348;349;350;401;402;403;404;405;406;407;408;409;410 461;462;463;464;465;466;467;468;469;470
461;462;463;464;465;466;467;468;469;470 461;462;463;464;465;466;467;468;469;470_P
211;212;213;214;215;216;217;218;219;220;271;272;273;274;275;276;277;278;279;280;291;292;293;294;295;296;297;298;299;300;391;392;393;394;395;396;397;398;399;400;431;432;433;434;435;436;437;438;439;440 431;432;433;434;435;436;437;438;439;440_P
9 #leaves
431;432;433;434;435;436;437;438;439;440_P P 10 0.15 0 0 0 0 0 0.201279 0 0 0 0 1 10 101 102 103 104 105 106 107 108 109 11 110 12 13 131 132 133 134 135 136 137 138 139 14 140 15 16 17 18 19 2 20 211 212 213 214 215 216 217 218 219 220 271 272 273 274 275 276 277 278 279 280 291 292 293 294 295 296 297 298 299 3 300 391 392 393 394 395 396 397 398 399 4 400 41 42 43 431 432 433 434 435 436 437 438 439 44 440 45 46 47 48 49 5 50 6 7 71 72 73 74 75 76 77 78 79 8 80 9
461;462;463;464;465;466;467;468;469;470_P P 10 0.165927 0.688588 0 0 0 0 0 0.665777 0 0 0 1 10 101 102 103 104 105 106 107 108 109 11 110 12 13 131 132 133 134 135 136 137 138 139 14 140 15 16 161 162 163 164 165 166 167 168 169 17 170 18 19 2 20 221 222 223 224 225 226 227 228 229 230 3 301 302 303 304 305 306 307 308 309 310 341 342 343 344 345 346 347 348 349 350 4 401 402 403 404 405 406 407 408 409 41 410 42 43 44 45 46 461 462 463 464 465 466 467 468 469 47 470 48 49 5 50 6 7 71 72 73 74 75 76 77 78 79 8 80 9
301;302;303;304;305;306;307;308;309;310;341;342;343;344;345;346;347;348;349;350;401;402;403;404;405;406;407;408;409;410_P P 10 0 0 0.35257 0 0 0.198507 0 0 0 0 0 1 10 101 102 103 104 105 106 107 108 109 11 110 12 13 131 132 133 134 135 136 137 138 139 14 140 15 16 161 162 163 164 165 166 167 168 169 17 170 18 19 2 20 221 222 223 224 225 226 227 228 229 230 3 301 302 303 304 305 306 307 308 309 310 341 342 343 344 345 346 347 348 349 350 4 401 402 403 404 405 406 407 408 409 41 410 42 43 44 45 46 47 48 49 5 50 6 7 71 72 73 74 75 76 77 78 79 8 80 9
161;162;163;164;165;166;167;168;169;170;221;222;223;224;225;226;227;228;229;230_P P 10 0 0 0.64743 0.301839 0 0.53554 0 0 0.270277 1 0 1 10 101 102 103 104 105 106 107 108 109 11 110 12 13 131 132 133 134 135 136 137 138 139 14 140 15 16 161 162 163 164 165 166 167 168 169 17 170 18 19 2 20 221 222 223 224 225 226 227 228 229 230 3 4 41 42 43 44 45 46 47 48 49 5 50 6 7 71 72 73 74 75 76 77 78 79 8 80 9
191;192;193;194;195;196;197;198;199;200;231;232;233;234;235;236;237;238;239;240;311;312;313;314;315;316;317;318;319;320_P P 10 0 0 0 0 0.372323 0 0 0 0 0 0 1 10 11 12 13 14 15 16 17 171 172 173 174 175 176 177 178 179 18 180 19 191 192 193 194 195 196 197 198 199 2 20 200 231 232 233 234 235 236 237 238 239 240 3 311 312 313 314 315 316 317 318 319 320 4 41 42 43 44 45 46 47 48 49 5 50 51 52 53 54 55 56 57 58 59 6 60 7 8 81 82 83 84 85 86 87 88 89 9 90
171;172;173;174;175;176;177;178;179;180_P P 10 0 0.311412 0 0 0 0.265953 0.251077 0 0 0 0 1 10 11 12 13 14 15 16 17 171 172 173 174 175 176 177 178 179 18 180 19 2 20 3 4 41 42 43 44 45 46 47 48 49 5 50 51 52 53 54 55 56 57 58 59 6 60 7 8 81 82 83 84 85 86 87 88 89 9 90
441;442;443;444;445;446;447;448;449;450;471;472;473;474;475;476;477;478;479;480_P P 10 0 0 0 0.698161 0 0 0.291529 0 0 0 0 1 10 11 111 112 113 114 115 116 117 118 119 12 120 13 14 15 16 17 18 19 2 20 241 242 243 244 245 246 247 248 249 250 3 321 322 323 324 325 326 327 328 329 330 371 372 373 374 375 376 377 378 379 380 4 41 411 412 413 414 415 416 417 418 419 42 420 43 44 441 442 443 444 445 446 447 448 449 45 450 46 47 471 472 473 474 475 476 477 478 479 48 480 49 5 50 51 52 53 54 55 56 57 58 59 6 60 7 8 81 82 83 84 85 86 87 88 89 9 90
281;282;283;284;285;286;287;288;289;290_P P 10 0.203433 0 0 0 0 0 0 0 0 0 0 1 10 100 11 12 13 14 141 142 143 144 145 146 147 148 149 15 150 16 17 18 19 2 20 21 22 23 24 25 26 27 28 281 282 283 284 285 286 287 288 289 29 290 3 30 31 32 33 34 35 36 37 38 39 4 40 5 6 61 62 63 64 65 66 67 68 69 7 70 8 9 91 92 93 94 95 96 97 98 99
1382;1383;1384;1385;1386;1387;1388;1389;1390;1391_P P 10 0.48064 0 0 0 0.627677 0 0.256115 0.334223 0.729723 0 0 1 10 100 1011 1012 1013 1014 1015 1016 1017 1018 1019 1020 1031 1032 1033 1034 1035 1036 1037 1038 1039 1040 1041 1042 1043 1044 1045 1046 1047 1048 1049 1050 1061 1062 1063 1064 1065 1066 1067 1068 1069 1070 1071 1072 1073 1074 1075 1076 1077 1078 1079 1080 1091 1092 1093 1094 1095 1096 1097 1098 1099 11 1100 1111 1112 1113 1114 1115 1116 1117 1118 1119 1120 1151 1152 1153 1154 1155 1156 1157 1158 1159 1160 1181 1182 1183 1184 1185 1186 1187 1188 1189 1190 12 1261 1262 1263 1264 1265 1266 1267 1268 1269 1270 13 1301 1302 1303 1304 1305 1306 1307 1308 1309 1310 1331 1332 1333 1334 1335 1336 1337 1338 1339 1340 1341 1382 1383 1384 1385 1386 1387 1388 1389 1390 1391 14 141 142 143 144 145 146 147 148 149 15 150 16 17 18 19 2 20 21 22 23 24 25 251 252 253 254 255 256 257 258 259 26 260 27 28 29 3 30 31 32 33 331 332 333 334 335 336 337 338 339 34 340 35 351 352 353 354 355 356 357 358 359 36 360 37 38 381 382 383 384 385 386 387 388 389 39 390 4 40 421 422 423 424 425 426 427 428 429 430 451 452 453 454 455 456 457 458 459 460 481 482 483 484 485 486 487 488 489 490 491 492 493 494 495 496 497 498 499 5 500 511 512 513 514 515 516 517 518 519 520 531 532 533 534 535 536 537 538 539 540 551 552 553 554 555 556 557 558 559 560 571 572 573 574 575 576 577 578 579 580 591 592 593 594 595 596 597 598 599 6 600 601 602 603 604 605 606 607 608 609 61 610 611 612 613 614 615 616 617 618 619 62 620 63 631 632 633 634 635 636 637 638 639 64 640 641 642 643 644 645 646 647 648 649 65 650 66 67 671 672 673 674 675 676 677 678 679 68 680 681 682 683 684 685 686 687 688 689 69 690 691 692 693 694 695 696 697 698 699 7 70 700 701 702 703 704 705 706 707 708 709 710 711 712 713 714 715 716 717 718 719 720 731 732 733 734 735 736 737 738 739 740 741 742 743 744 745 746 747 748 749 750 751 752 753 754 755 756 757 758 759 760 761 762 763 764 765 766 767 768 769 770 781 782 783 784 785 786 787 788 789 790 791 792 793 794 795 796 797 798 799 8 800 801 802 803 804 805 806 807 808 809 810 831 832 833 834 835 836 837 838 839 840 851 852 853 854 855 856 857 858 859 860 881 882 883 884 885 886 887 888 889 890 9 901 902 903 904 905 906 907 908 909 91 910 911 912 913 914 915 916 917 918 919 92 920 921 922 923 924 925 926 927 928 929 93 930 931 932 933 934 935 936 937 938 939 94 940 941 942 943 944 945 946 947 948 949 95 950 96 961 962 963 964 965 966 967 968 969 97 970 971 972 973 974 975 976 977 978 979 98 980 99
