23 #edges
GL 0;1;2;3;4;5;6;7;8;9;10;11;12;13;14;15;16;17;18;19;20;21;22;23;24;25;26;27;28;29;30
0;1;2;3;4;5;6;7;8;9;10;11;12;13;14;15;16;17;18;19;20;21;22;23;24;25;26;27;28;29;30 41;42;43;44;45;46;47;48;49;50;61;62;63;64;65;66;67;68;69;70;81;82;83;84;85;86;87;88;89;90;101;102;103;104;105;106;107;108;109;110
0;1;2;3;4;5;6;7;8;9;10;11;12;13;14;15;16;17;18;19;20;21;22;23;24;25;26;27;28;29;30 31;32;33;34;35;36;37;38;39;40;51;52;53;54;55;56;57;58;59;60;71;72;73;74;75;76;77;78;79;80;91;92;93;94;95;96;97;98;99;100;111;112;113;114;115;116;117;118;119;120;141;142;143;144;145;146;147;148;149;150
31;32;33;34;35;36;37;38;39;40;51;52;53;54;55;56;57;58;59;60;71;72;73;74;75;76;77;78;79;80;91;92;93;94;95;96;97;98;99;100;111;112;113;114;115;116;117;118;119;120;141;142;143;144;145;146;147;148;149;150 141;142;143;144;145;146;147;148;149;150_P
41;42;43;44;45;46;47;48;49;50;61;62;63;64;65;66;67;68;69;70;81;82;83;84;85;86;87;88;89;90;101;102;103;104;105;106;107;108;109;110 121;122;123;124;125;126;127;128;129;130
41;42;43;44;45;46;47;48;49;50;61;62;63;64;65;66;67;68;69;70;81;82;83;84;85;86;87;88;89;90;101;102;103;104;105;106;107;108;109;110 131;132;133;134;135;136;137;138;139;140;151;152;153;154;155;156;157;158;159;160;161;162;163;164;165;166;167;168;169;170;181;182;183;184;185;186;187;188;189;190;191;192;193;194;195;196;197;198;199;200;201;202;203;204;205;206;207;208;209;210;231;232;233;234;235;236;237;238;239;240;251;252;253;254;255;256;257;258;259;260;271;272;273;274;275;276;277;278;279;280;281;282;283;284;285;286;287;288;289;290;301;302;303;304;305;306;307;308;309;310;311;312;313;314;315;316;317;318;319;320;341;342;343;344;345;346;347;348;349;350;351;352;353;354;355;356;357;358;359;360;361;362;363;364;365;366;367;368;369;370;381;382;383;384;385;386;387;388;389;390;421;422;423;424;425;426;427;428;429;430;431;432;433;434;435;436;437;438;439;440;461;462;463;464;465;466;467;468;469;470;471;472;473;474;475;476;477;478;479;480;481;482;483;484;485;486;487;488;489;490;501;502;503;504;505;506;507;508;509;510;521;522;523;524;525;526;527;528;529;530;551;552;553;554;555;556;557;558;559;560;591;592;593;594;595;596;597;598;599;600;611;612;613;614;615;616;617;618;619;620;631;632;633;634;635;636;637;638;639;640;641
121;122;123;124;125;126;127;128;129;130 121;122;123;124;125;126;127;128;129;130_P
131;132;133;134;135;136;137;138;139;140;151;152;153;154;155;156;157;158;159;160;161;162;163;164;165;166;167;168;169;170;181;182;183;184;185;186;187;188;189;190;191;192;193;194;195;196;197;198;199;200;201;202;203;204;205;206;207;208;209;210;231;232;233;234;235;236;237;238;239;240;251;252;253;254;255;256;257;258;259;260;271;272;273;274;275;276;277;278;279;280;281;282;283;284;285;286;287;288;289;290;301;302;303;304;305;306;307;308;309;310;311;312;313;314;315;316;317;318;319;320;341;342;343;344;345;346;347;348;349;350;351;352;353;354;355;356;357;358;359;360;361;362;363;364;365;366;367;368;369;370;381;382;383;384;385;386;387;388;389;390;421;422;423;424;425;426;427;428;429;430;431;432;433;434;435;436;437;438;439;440;461;462;463;464;465;466;467;468;469;470;471;472;473;474;475;476;477;478;479;480;481;482;483;484;485;486;487;488;489;490;501;502;503;504;505;506;507;508;509;510;521;522;523;524;525;526;527;528;529;530;551;552;553;554;555;556;557;558;559;560;591;592;593;594;595;596;597;598;599;600;611;612;613;614;615;616;617;618;619;620;631;632;633;634;635;636;637;638;639;640;641 421;422;423;424;425;426;427;428;429;430;431;432;433;434;435;436;437;438;439;440;461;462;463;464;465;466;467;468;469;470;471;472;473;474;475;476;477;478;479;480;481;482;483;484;485;486;487;488;489;490;501;502;503;504;505;506;507;508;509;510;521;522;523;524;525;526;527;528;529;530;551;552;553;554;555;556;557;558;559;560;591;592;593;594;595;596;597;598;599;600;611;612;613;614;615;616;617;618;619;620;631;632;633;634;635;636;637;638;639;640;641_P
131;132;133;134;135;136;137;138;139;140;151;152;153;154;155;156;157;158;159;160;161;162;163;164;165;166;167;168;169;170;181;182;183;184;185;186;187;188;189;190;191;192;193;194;195;196;197;198;199;200;201;202;203;204;205;206;207;208;209;210;231;232;233;234;235;236;237;238;239;240;251;252;253;254;255;256;257;258;259;260;271;272;273;274;275;276;277;278;279;280;281;282;283;284;285;286;287;288;289;290;301;302;303;304;305;306;307;308;309;310;311;312;313;314;315;316;317;318;319;320;341;342;343;344;345;346;347;348;349;350;351;352;353;354;355;356;357;358;359;360;361;362;363;364;365;366;367;368;369;370;381;382;383;384;385;386;387;388;389;390;421;422;423;424;425;426;427;428;429;430;431;432;433;434;435;436;437;438;439;440;461;462;463;464;465;466;467;468;469;470;471;472;473;474;475;476;477;478;479;480;481;482;483;484;485;486;487;488;489;490;501;502;503;504;505;506;507;508;509;510;521;522;523;524;525;526;527;528;529;530;551;552;553;554;555;556;557;558;559;560;591;592;593;594;595;596;597;598;599;600;611;612;613;614;615;616;617;618;619;620;631;632;633;634;635;636;637;638;639;640;641 652;653;654;655;656;657;658;659;660;661
652;653;654;655;656;657;658;659;660;661 672;673;674;675;676;677;678;679;680;681
652;653;654;655;656;657;658;659;660;661 682;683;684;685;686;687;688;689;690;691;732;733;734;735;736;737;738;739;740;741
672;673;674;675;676;677;678;679;680;681 692;693;694;695;696;697;698;699;700;701;742;743;744;745;746;747;748;749;750;751
672;673;674;675;676;677;678;679;680;681 712;713;714;715;716;717;718;719;720;721;802;803;804;805;806;807;808;809;810;811
692;693;694;695;696;697;698;699;700;701;742;743;744;745;746;747;748;749;750;751 692;693;694;695;696;697;698;699;700;701;742;743;744;745;746;747;748;749;750;751_P
692;693;694;695;696;697;698;699;700;701;742;743;744;745;746;747;748;749;750;751 762;763;764;765;766;767;768;769;770;771
762;763;764;765;766;767;768;769;770;771 762;763;764;765;766;767;768;769;770;771_P
712;713;714;715;716;717;718;719;720;721;802;803;804;805;806;807;808;809;810;811 802;803;804;805;806;807;808;809;810;811_P
682;683;684;685;686;687;688;689;690;691;732;733;734;735;736;737;738;739;740;741 752;753;754;755;756;757;758;759;760;761
682;683;684;685;686;687;688;689;690;691;732;733;734;735;736;737;738;739;740;741 782;783;784;785;786;787;788;789;790;791
752;753;754;755;756;757;758;759;760;761 752;753;754;755;756;757;758;759;760;761_P
752;753;754;755;756;757;758;759;760;761 792;793;794;795;796;797;798;799;800;801
792;793;794;795;796;797;798;799;800;801 792;793;794;795;796;797;798;799;800;801_P
782;783;784;785;786;787;788;789;790;791 782;783;784;785;786;787;788;789;790;791_P
9 #leaves
782;783;784;785;786;787;788;789;790;791_P P 10 0 0 0 0.135851 1 0 0.439899 0 0.236273 0.384898 0 1 10 101 102 103 104 105 106 107 108 109 11 110 12 13 131 132 133 134 135 136 137 138 139 14 140 15 151 152 153 154 155 156 157 158 159 16 160 161 162 163 164 165 166 167 168 169 17 170 18 181 182 183 184 185 186 187 188 189 19 190 191 192 193 194 195 196 197 198 199 2 20 200 201 202 203 204 205 206 207 208 209 21 210 22 23 231 232 233 234 235 236 237 238 239 24 240 25 251 252 253 254 255 256 257 258 259 26 260 27 271 272 273 274 275 276 277 278 279 28 280 281 282 283 284 285 286 287 288 289 29 290 3 30 301 302 303 304 305 306 307 308 309 310 311 312 313 314 315 316 317 318 319 320 341 342 343 344 345 346 347 348 349 350 351 352 353 354 355 356 357 358 359 360 361 362 363 364 365 366 367 368 369 370 381 382 383 384 385 386 387 388 389 390 4 41 42 421 422 423 424 425 426 427 428 429 43 430 431 432 433 434 435 436 437 438 439 44 440 45 46 461 462 463 464 465 466 467 468 469 47 470 471 472 473 474 475 476 477 478 479 48 480 481 482 483 484 485 486 487 488 489 49 490 5 50 501 502 503 504 505 506 507 508 509 510 521 522 523 524 525 526 527 528 529 530 551 552 553 554 555 556 557 558 559 560 591 592 593 594 595 596 597 598 599 6 600 61 611 612 613 614 615 616 617 618 619 62 620 63 631 632 633 634 635 636 637 638 639 64 640 641 65 652 653 654 655 656 657 658 659 66 660 661 67 68 682 683 684 685 686 687 688 689 69 690 691 7 70 732 733 734 735 736 737 738 739 740 741 782 783 784 785 786 787 788 789 790 791 8 81 82 83 84 85 86 87 88 89 9 90
792;793;794;795;796;797;798;799;800;801_P P 10 0 0 0.359813 0 0 0 0 0 0 0.358623 0 1 10 101 102 103 104 105 106 107 108 109 11 110 12 13 131 132 133 134 135 136 137 138 139 14 140 15 151 152 153 154 155 156 157 158 159 16 160 161 162 163 164 165 166 167 168 169 17 170 18 181 182 183 184 185 186 187 188 189 19 190 191 192 193 194 195 196 197 198 199 2 20 200 201 202 203 204 205 206 207 208 209 21 210 22 23 231 232 233 234 235 236 237 238 239 24 240 25 251 252 253 254 255 256 257 258 259 26 260 27 271 272 273 274 275 276 277 278 279 28 280 281 282 283 284 285 286 287 288 289 29 290 3 30 301 302 303 304 305 306 307 308 309 310 311 312 313 314 315 316 317 318 319 320 341 342 343 344 345 346 347 348 349 350 351 352 353 354 355 356 357 358 359 360 361 362 363 364 365 366 367 368 369 370 381 382 383 384 385 386 387 388 389 390 4 41 42 421 422 423 424 425 426 427 428 429 43 430 431 432 433 434 435 436 437 438 439 44 440 45 46 461 462 463 464 465 466 467 468 469 47 470 471 472 473 474 475 476 477 478 479 48 480 481 482 483 484 485 486 487 488 489 49 490 5 50 501 502 503 504 505 506 507 508 509 510 521 522 523 524 525 526 527 528 529 530 551 552 553 554 555 556 557 558 559 560 591 592 593 594 595 596 597 598 599 6 600 61 611 612 613 614 615 616 617 618 619 62 620 63 631 632 633 634 635 636 637 638 639 64 640 641 65 652 653 654 655 656 657 658 659 66 660 661 67 68 682 683 684 685 686 687 688 689 69 690 691 7 70 732 733 734 735 736 737 738 739 740 741 752 753 754 755 756 757 758 759 760 761 792 793 794 795 796 797 798 799 8 800 801 81 82 83 84 85 86 87 88 89 9 90
752;753;754;755;756;757;758;759;760;761_P P 10 0.408099 0.126733 0 0.135467 0 0.278524 0 0 0 0 0 1 10 101 102 103 104 105 106 107 108 109 11 110 12 13 131 132 133 134 135 136 137 138 139 14 140 15 151 152 153 154 155 156 157 158 159 16 160 161 162 163 164 165 166 167 168 169 17 170 18 181 182 183 184 185 186 187 188 189 19 190 191 192 193 194 195 196 197 198 199 2 20 200 201 202 203 204 205 206 207 208 209 21 210 22 23 231 232 233 234 235 236 237 238 239 24 240 25 251 252 253 254 255 256 257 258 259 26 260 27 271 272 273 274 275 276 277 278 279 28 280 281 282 283 284 285 286 287 288 289 29 290 3 30 301 302 303 304 305 306 307 308 309 310 311 312 313 314 315 316 317 318 319 320 341 342 343 344 345 346 347 348 349 350 351 352 353 354 355 356 357 358 359 360 361 362 363 364 365 366 367 368 369 370 381 382 383 384 385 386 387 388 389 390 4 41 42 421 422 423 424 425 426 427 428 429 43 430 431 432 433 434 435 436 437 438 439 44 440 45 46 461 462 463 464 465 466 467 468 469 47 470 471 472 473 474 475 476 477 478 479 48 480 481 482 483 484 485 486 487 488 489 49 490 5 50 501 502 503 504 505 506 507 508 509 510 521 522 523 524 525 526 527 528 529 530 551 552 553 554 555 556 557 558 559 560 591 592 593 594 595 596 597 598 599 6 600 61 611 612 613 614 615 616 617 618 619 62 620 63 631 632 633 634 635 636 637 638 639 64 640 641 65 652 653 654 655 656 657 658 659 66 660 661 67 68 682 683 684 685 686 687 688 689 69 690 691 7 70 732 733 734 735 736 737 738 739 740 741 752 753 754 755 756 757 758 759 760 761 8 81 82 83 84 85 86 87 88 89 9 90
802;803;804;805;806;807;808;809;810;811_P P 10 0 0.155285 0.323028 0.431948 0 0 0 0 0 0 0 1 10 101 102 103 104 105 106 107 108 109 11 110 12 13 131 132 133 134 135 136 137 138 139 14 140 15 151 152 153 154 155 156 157 158 159 16 160 161 162 163 164 165 166 167 168 169 17 170 18 181 182 183 184 185 186 187 188 189 19 190 191 192 193 194 195 196 197 198 199 2 20 200 201 202 203 204 205 206 207 208 209 21 210 22 23 231 232 233 234 235 236 237 238 239 24 240 25 251 252 253 254 255 256 257 258 259 26 260 27 271 272 273 274 275 276 277 278 279 28 280 281 282 283 284 285 286 287 288 289 29 290 3 30 301 302 303 304 305 306 307 308 309 310 311 312 313 314 315 316 317 318 319 320 341 342 343 344 345 346 347 348 349 350 351 352 353 354 355 356 357 358 359 360 361 362 363 364 365 366 367 368 369 370 381 382 383 384 385 386 387 388 389 390 4 41 42 421 422 423 424 425 426 427 428 429 43 430 431 432 433 434 435 436 437 438 439 44 440 45 46 461 462 463 464 465 466 467 468 469 47 470 471 472 473 474 475 476 477 478 479 48 480 481 482 483 484 485 486 487 488 489 49 490 5 50 501 502 503 504 505 506 507 508 509 510 521 522 523 524 525 526 527 528 529 530 551 552 553 554 555 556 557 558 559 560 591 592 593 594 595 596 597 598 599 6 600 61 611 612 613 614 615 616 617 618 619 62 620 63 631 632 633 634 635 636 637 638 639 64 640 641 65 652 653 654 655 656 657 658 659 66 660 661 67 672 673 674 675 676 677 678 679 68 680 681 69 7 70 712 713 714 715 716 717 718 719 720 721 8 802 803 804 805 806 807 808 809 81 810 811 82 83 84 85 86 87 88 89 9 90
762;763;764;765;766;767;768;769;770;771_P P 10 0.205321 0.457627 0 0 0 0.721476 0 0 0 0 0 1 10 101 102 103 104 105 106 107 108 109 11 110 12 13 131 132 133 134 135 136 137 138 139 14 140 15 151 152 153 154 155 156 157 158 159 16 160 161 162 163 164 165 166 167 168 169 17 170 18 181 182 183 184 185 186 187 188 189 19 190 191 192 193 194 195 196 197 198 199 2 20 200 201 202 203 204 205 206 207 208 209 21 210 22 23 231 232 233 234 235 236 237 238 239 24 240 25 251 252 253 254 255 256 257 258 259 26 260 27 271 272 273 274 275 276 277 278 279 28 280 281 282 283 284 285 286 287 288 289 29 290 3 30 301 302 303 304 305 306 307 308 309 310 311 312 313 314 315 316 317 318 319 320 341 342 343 344 345 346 347 348 349 350 351 352 353 354 355 356 357 358 359 360 361 362 363 364 365 366 367 368 369 370 381 382 383 384 385 386 387 388 389 390 4 41 42 421 422 423 424 425 426 427 428 429 43 430 431 432 433 434 435 436 437 438 439 44 440 45 46 461 462 463 464 465 466 467 468 469 47 470 471 472 473 474 475 476 477 478 479 48 480 481 482 483 484 485 486 487 488 489 49 490 5 50 501 502 503 504 505 506 507 508 509 510 521 522 523 524 525 526 527 528 529 530 551 552 553 554 555 556 557 558 559 560 591 592 593 594 595 596 597 598 599 6 600 61 611 612 613 614 615 616 617 618 619 62 620 63 631 632 633 634 635 636 637 638 639 64 640 641 65 652 653 654 655 656 657 658 659 66 660 661 67 672 673 674 675 676 677 678 679 68 680 681 69 692 693 694 695 696 697 698 699 7 70 700 701 742 743 744 745 746 747 748 749 750 751 762 763 764 765 766 767 768 769 770 771 8 81 82 83 84 85 86 87 88 89 9 90
692;693;694;695;696;697;698;699;700;701;742;743;744;745;746;747;748;749;750;751_P P 10 0.38658 0.260355 0 0 0 0 0.345519 0 0.763727 0.256479 0 1 10 101 102 103 104 105 106 107 108 109 11 110 12 13 131 132 133 134 135 136 137 138 139 14 140 15 151 152 153 154 155 156 157 158 159 16 160 161 162 163 164 165 166 167 168 169 17 170 18 181 182 183 184 185 186 187 188 189 19 190 191 192 193 194 195 196 197 198 199 2 20 200 201 202 203 204 205 206 207 208 209 21 210 22 23 231 232 233 234 235 236 237 238 239 24 240 25 251 252 253 254 255 256 257 258 259 26 260 27 271 272 273 274 275 276 277 278 279 28 280 281 282 283 284 285 286 287 288 289 29 290 3 30 301 302 303 304 305 306 307 308 309 310 311 312 313 314 315 316 317 318 319 320 341 342 343 344 345 346 347 348 349 350 351 352 353 354 355 356 357 358 359 360 361 362 363 364 365 366 367 368 369 370 381 382 383 384 385 386 387 388 389 390 4 41 42 421 422 423 424 425 426 427 428 429 43 430 431 432 433 434 435 436 437 438 439 44 440 45 46 461 462 463 464 465 466 467 468 469 47 470 471 472 473 474 475 476 477 478 479 48 480 481 482 483 484 485 486 487 488 489 49 490 5 50 501 502 503 504 505 506 507 508 509 510 521 522 523 524 525 526 527 528 529 530 551 552 553 554 555 556 557 558 559 560 591 592 593 594 595 596 597 598 599 6 600 61 611 612 613 614 615 616 617 618 619 62 620 63 631 632 633 634 635 636 637 638 639 64 640 641 65 652 653 654 655 656 657 658 659 66 660 661 67 672 673 674 675 676 677 678 679 68 680 681 69 692 693 694 695 696 697 698 699 7 70 700 701 742 743 744 745 746 747 748 749 750 751 8 81 82 83 84 85 86 87 88 89 9 90
421;422;423;424;425;426;427;428;429;430;431;432;433;434;435;436;437;438;439;440;461;462;463;464;465;466;467;468;469;470;471;472;473;474;475;476;477;478;479;480;481;482;483;484;485;486;487;488;489;490;501;502;503;504;505;506;507;508;509;510;521;522;523;524;525;526;527;528;529;530;551;552;553;554;555;556;557;558;559;560;591;592;593;594;595;596;597;598;599;600;611;612;613;614;615;616;617;618;619;620;631;632;633;634;635;636;637;638;639;640;641_P P 10 0 0 0 0 0 0 0.214583 0.534691 0 0 0 1 10 101 102 103 104 105 106 107 108 109 11 110 12 13 131 132 133 134 135 136 137 138 139 14 140 15 151 152 153 154 155 156 157 158 159 16 160 161 162 163 164 165 166 167 168 169 17 170 18 181 182 183 184 185 186 187 188 189 19 190 191 192 193 194 195 196 197 198 199 2 20 200 201 202 203 204 205 206 207 208 209 21 210 22 23 231 232 233 234 235 236 237 238 239 24 240 25 251 252 253 254 255 256 257 258 259 26 260 27 271 272 273 274 275 276 277 278 279 28 280 281 282 283 284 285 286 287 288 289 29 290 3 30 301 302 303 304 305 306 307 308 309 310 311 312 313 314 315 316 317 318 319 320 341 342 343 344 345 346 347 348 349 350 351 352 353 354 355 356 357 358 359 360 361 362 363 364 365 366 367 368 369 370 381 382 383 384 385 386 387 388 389 390 4 41 42 421 422 423 424 425 426 427 428 429 43 430 431 432 433 434 435 436 437 438 439 44 440 45 46 461 462 463 464 465 466 467 468 469 47 470 471 472 473 474 475 476 477 478 479 48 480 481 482 483 484 485 486 487 488 489 49 490 5 50 501 502 503 504 505 506 507 508 509 510 521 522 523 524 525 526 527 528 529 530 551 552 553 554 555 556 557 558 559 560 591 592 593 594 595 596 597 598 599 6 600 61 611 612 613 614 615 616 617 618 619 62 620 63 631 632 633 634 635 636 637 638 639 64 640 641 65 66 67 68 69 7 70 8 81 82 83 84 85 86 87 88 89 9 90
121;122;123;124;125;126;127;128;129;130_P P 10 0 0 0 0.151243 0 0 0 0.465309 0 0 0 1 10 101 102 103 104 105 106 107 108 109 11 110 12 121 122 123 124 125 126 127 128 129 13 130 14 15 16 17 18 19 2 20 21 22 23 24 25 26 27 28 29 3 30 4 41 42 43 44 45 46 47 48 49 5 50 6 61 62 63 64 65 66 67 68 69 7 70 8 81 82 83 84 85 86 87 88 89 9 90
141;142;143;144;145;146;147;148;149;150_P P 10 0 0 0.31716 0.145491 0 0 0 0 0 0 0 1 10 100 11 111 112 113 114 115 116 117 118 119 12 120 13 14 141 142 143 144 145 146 147 148 149 15 150 16 17 18 19 2 20 21 22 23 24 25 26 27 28 29 3 30 31 32 33 34 35 36 37 38 39 4 40 5 51 52 53 54 55 56 57 58 59 6 60 7 71 72 73 74 75 76 77 78 79 8 80 9 91 92 93 94 95 96 97 98 99
