27 #edges
GL 0;1;2;3;4;5;6;7;8;9;10
0;1;2;3;4;5;6;7;8;9;10 11;12;13;14;15;16;17;18;19;20;21;22;23;24;25;26;27;28;29;30;41;42;43;44;45;46;47;48;49;50;71;72;73;74;75;76;77;78;79;80;101;102;103;104;105;106;107;108;109;110
0;1;2;3;4;5;6;7;8;9;10 31;32;33;34;35;36;37;38;39;40;51;52;53;54;55;56;57;58;59;60;61;62;63;64;65;66;67;68;69;70;81;82;83;84;85;86;87;88;89;90
11;12;13;14;15;16;17;18;19;20;21;22;23;24;25;26;27;28;29;30;41;42;43;44;45;46;47;48;49;50;71;72;73;74;75;76;77;78;79;80;101;102;103;104;105;106;107;108;109;110 11;12;13;14;15;16;17;18;19;20;21;22;23;24;25;26;27;28;29;30;41;42;43;44;45;46;47;48;49;50;71;72;73;74;75;76;77;78;79;80;101;102;103;104;105;106;107;108;109;110_P
11;12;13;14;15;16;17;18;19;20;21;22;23;24;25;26;27;28;29;30;41;42;43;44;45;46;47;48;49;50;71;72;73;74;75;76;77;78;79;80;101;102;103;104;105;106;107;108;109;110 181;182;183;184;185;186;187;188;189;190;251;252;253;254;255;256;257;258;259;260;401;402;403;404;405;406;407;408;409;410;481;482;483;484;485;486;487;488;489;490;501;502;503;504;505;506;507;508;509;510
181;182;183;184;185;186;187;188;189;190;251;252;253;254;255;256;257;258;259;260;401;402;403;404;405;406;407;408;409;410;481;482;483;484;485;486;487;488;489;490;501;502;503;504;505;506;507;508;509;510 481;482;483;484;485;486;487;488;489;490;501;502;503;504;505;506;507;508;509;510_P
31;32;33;34;35;36;37;38;39;40;51;52;53;54;55;56;57;58;59;60;61;62;63;64;65;66;67;68;69;70;81;82;83;84;85;86;87;88;89;90 111;112;113;114;115;116;117;118;119;120;151;152;153;154;155;156;157;158;159;160
31;32;33;34;35;36;37;38;39;40;51;52;53;54;55;56;57;58;59;60;61;62;63;64;65;66;67;68;69;70;81;82;83;84;85;86;87;88;89;90 91;92;93;94;95;96;97;98;99;100;121;122;123;124;125;126;127;128;129;130
91;92;93;94;95;96;97;98;99;100;121;122;123;124;125;126;127;128;129;130 131;132;133;134;135;136;137;138;139;140;141;142;143;144;145;146;147;148;149;150
91;92;93;94;95;96;97;98;99;100;121;122;123;124;125;126;127;128;129;130 161;162;163;164;165;166;167;168;169;170
91;92;93;94;95;96;97;98;99;100;121;122;123;124;125;126;127;128;129;130 191;192;193;194;195;196;197;198;199;200;211;212;213;214;215;216;217;218;219;220
131;132;133;134;135;136;137;138;139;140;141;142;143;144;145;146;147;148;149;150 131;132;133;134;135;136;137;138;139;140;141;142;143;144;145;146;147;148;149;150_P
131;132;133;134;135;136;137;138;139;140;141;142;143;144;145;146;147;148;149;150 391;392;393;394;395;396;397;398;399;400;451;452;453;454;455;456;457;458;459;460
131;132;133;134;135;136;137;138;139;140;141;142;143;144;145;146;147;148;149;150 171;172;173;174;175;176;177;178;179;180;201;202;203;204;205;206;207;208;209;210;291;292;293;294;295;296;297;298;299;300;331;332;333;334;335;336;337;338;339;340
171;172;173;174;175;176;177;178;179;180;201;202;203;204;205;206;207;208;209;210;291;292;293;294;295;296;297;298;299;300;331;332;333;334;335;336;337;338;339;340 331;332;333;334;335;336;337;338;339;340_P
391;392;393;394;395;396;397;398;399;400;451;452;453;454;455;456;457;458;459;460 391;392;393;394;395;396;397;398;399;400;451;452;453;454;455;456;457;458;459;460_P
161;162;163;164;165;166;167;168;169;170 161;162;163;164;165;166;167;168;169;170_P
161;162;163;164;165;166;167;168;169;170 371;372;373;374;375;376;377;378;379;380;431;432;433;434;435;436;437;438;439;440;461;462;463;464;465;466;467;468;469;470
371;372;373;374;375;376;377;378;379;380;431;432;433;434;435;436;437;438;439;440;461;462;463;464;465;466;467;468;469;470 371;372;373;374;375;376;377;378;379;380;431;432;433;434;435;436;437;438;439;440;461;462;463;464;465;466;467;468;469;470_P
191;192;193;194;195;196;197;198;199;200;211;212;213;214;215;216;217;218;219;220 271;272;273;274;275;276;277;278;279;280;301;302;303;304;305;306;307;308;309;310;361;362;363;364;365;366;367;368;369;370;411;412;413;414;415;416;417;418;419;420
191;192;193;194;195;196;197;198;199;200;211;212;213;214;215;216;217;218;219;220 231;232;233;234;235;236;237;238;239;240;311;312;313;314;315;316;317;318;319;320;421;422;423;424;425;426;427;428;429;430
231;232;233;234;235;236;237;238;239;240;311;312;313;314;315;316;317;318;319;320;421;422;423;424;425;426;427;428;429;430 421;422;423;424;425;426;427;428;429;430_P
271;272;273;274;275;276;277;278;279;280;301;302;303;304;305;306;307;308;309;310;361;362;363;364;365;366;367;368;369;370;411;412;413;414;415;416;417;418;419;420 361;362;363;364;365;366;367;368;369;370;411;412;413;414;415;416;417;418;419;420_P
111;112;113;114;115;116;117;118;119;120;151;152;153;154;155;156;157;158;159;160 261;262;263;264;265;266;267;268;269;270
111;112;113;114;115;116;117;118;119;120;151;152;153;154;155;156;157;158;159;160 221;222;223;224;225;226;227;228;229;230;341;342;343;344;345;346;347;348;349;350
221;222;223;224;225;226;227;228;229;230;341;342;343;344;345;346;347;348;349;350 341;342;343;344;345;346;347;348;349;350_P
261;262;263;264;265;266;267;268;269;270 261;262;263;264;265;266;267;268;269;270_P
11 #leaves
261;262;263;264;265;266;267;268;269;270_P P 10 0.232393 0 0.227823 0 0.162167 0 0 0.176458 0 0 0 1 10 111 112 113 114 115 116 117 118 119 120 151 152 153 154 155 156 157 158 159 160 2 261 262 263 264 265 266 267 268 269 270 3 31 32 33 34 35 36 37 38 39 4 40 5 51 52 53 54 55 56 57 58 59 6 60 61 62 63 64 65 66 67 68 69 7 70 8 81 82 83 84 85 86 87 88 89 9 90
341;342;343;344;345;346;347;348;349;350_P P 10 0.189639 0.129613 0 0.146953 0.203206 0 0.438594 0 0 0.138498 0 1 10 111 112 113 114 115 116 117 118 119 120 151 152 153 154 155 156 157 158 159 160 2 221 222 223 224 225 226 227 228 229 230 3 31 32 33 34 341 342 343 344 345 346 347 348 349 35 350 36 37 38 39 4 40 5 51 52 53 54 55 56 57 58 59 6 60 61 62 63 64 65 66 67 68 69 7 70 8 81 82 83 84 85 86 87 88 89 9 90
361;362;363;364;365;366;367;368;369;370;411;412;413;414;415;416;417;418;419;420_P P 10 0 0.388708 0 0 0 0 0 0 0 0 0 1 10 100 121 122 123 124 125 126 127 128 129 130 191 192 193 194 195 196 197 198 199 2 200 211 212 213 214 215 216 217 218 219 220 271 272 273 274 275 276 277 278 279 280 3 301 302 303 304 305 306 307 308 309 31 310 32 33 34 35 36 361 362 363 364 365 366 367 368 369 37 370 38 39 4 40 411 412 413 414 415 416 417 418 419 420 5 51 52 53 54 55 56 57 58 59 6 60 61 62 63 64 65 66 67 68 69 7 70 8 81 82 83 84 85 86 87 88 89 9 90 91 92 93 94 95 96 97 98 99
421;422;423;424;425;426;427;428;429;430_P P 10 0.311637 0 0 0.222152 0 0 0 0.823542 0 0 0 1 10 100 121 122 123 124 125 126 127 128 129 130 191 192 193 194 195 196 197 198 199 2 200 211 212 213 214 215 216 217 218 219 220 231 232 233 234 235 236 237 238 239 240 3 31 311 312 313 314 315 316 317 318 319 32 320 33 34 35 36 37 38 39 4 40 421 422 423 424 425 426 427 428 429 430 5 51 52 53 54 55 56 57 58 59 6 60 61 62 63 64 65 66 67 68 69 7 70 8 81 82 83 84 85 86 87 88 89 9 90 91 92 93 94 95 96 97 98 99
371;372;373;374;375;376;377;378;379;380;431;432;433;434;435;436;437;438;439;440;461;462;463;464;465;466;467;468;469;470_P P 10 0 0 0 0 0.122145 0 0.167409 0 0 0.432149 0 1 10 100 121 122 123 124 125 126 127 128 129 130 161 162 163 164 165 166 167 168 169 170 2 3 31 32 33 34 35 36 37 371 372 373 374 375 376 377 378 379 38 380 39 4 40 431 432 433 434 435 436 437 438 439 440 461 462 463 464 465 466 467 468 469 470 5 51 52 53 54 55 56 57 58 59 6 60 61 62 63 64 65 66 67 68 69 7 70 8 81 82 83 84 85 86 87 88 89 9 90 91 92 93 94 95 96 97 98 99
161;162;163;164;165;166;167;168;169;170_P P 10 0 0 0.429672 0 0 0 0.173512 0 0.186241 0 0 1 10 100 121 122 123 124 125 126 127 128 129 130 161 162 163 164 165 166 167 168 169 170 2 3 31 32 33 34 35 36 37 38 39 4 40 5 51 52 53 54 55 56 57 58 59 6 60 61 62 63 64 65 66 67 68 69 7 70 8 81 82 83 84 85 86 87 88 89 9 90 91 92 93 94 95 96 97 98 99
391;392;393;394;395;396;397;398;399;400;451;452;453;454;455;456;457;458;459;460_P P 10 0 0 0.164537 0 0 0.402731 0 0 0 0 0 1 10 100 121 122 123 124 125 126 127 128 129 130 131 132 133 134 135 136 137 138 139 140 141 142 143 144 145 146 147 148 149 150 2 3 31 32 33 34 35 36 37 38 39 391 392 393 394 395 396 397 398 399 4 40 400 451 452 453 454 455 456 457 458 459 460 5 51 52 53 54 55 56 57 58 59 6 60 61 62 63 64 65 66 67 68 69 7 70 8 81 82 83 84 85 86 87 88 89 9 90 91 92 93 94 95 96 97 98 99
331;332;333;334;335;336;337;338;339;340_P P 10 0.26633 0 0 0 0.165888 0 0 0 0 0.171809 0 1 10 100 121 122 123 124 125 126 127 128 129 130 131 132 133 134 135 136 137 138 139 140 141 142 143 144 145 146 147 148 149 150 171 172 173 174 175 176 177 178 179 180 2 201 202 203 204 205 206 207 208 209 210 291 292 293 294 295 296 297 298 299 3 300 31 32 33 331 332 333 334 335 336 337 338 339 34 340 35 36 37 38 39 4 40 5 51 52 53 54 55 56 57 58 59 6 60 61 62 63 64 65 66 67 68 69 7 70 8 81 82 83 84 85 86 87 88 89 9 90 91 92 93 94 95 96 97 98 99
131;132;133;134;135;136;137;138;139;140;141;142;143;144;145;146;147;148;149;150_P P 10 0 0 0.177968 0.630895 0 0.597269 0 0 0 0 0 1 10 100 121 122 123 124 125 126 127 128 129 130 131 132 133 134 135 136 137 138 139 140 141 142 143 144 145 146 147 148 149 150 2 3 31 32 33 34 35 36 37 38 39 4 40 5 51 52 53 54 55 56 57 58 59 6 60 61 62 63 64 65 66 67 68 69 7 70 8 81 82 83 84 85 86 87 88 89 9 90 91 92 93 94 95 96 97 98 99
481;482;483;484;485;486;487;488;489;490;501;502;503;504;505;506;507;508;509;510_P P 10 0 0 0 0 0.346593 0 0 0 0.813759 0 0 1 10 101 102 103 104 105 106 107 108 109 11 110 12 13 14 15 16 17 18 181 182 183 184 185 186 187 188 189 19 190 2 20 21 22 23 24 25 251 252 253 254 255 256 257 258 259 26 260 27 28 29 3 30 4 401 402 403 404 405 406 407 408 409 41 410 42 43 44 45 46 47 48 481 482 483 484 485 486 487 488 489 49 490 5 50 501 502 503 504 505 506 507 508 509 510 6 7 71 72 73 74 75 76 77 78 79 8 80 9
11;12;13;14;15;16;17;18;19;20;21;22;23;24;25;26;27;28;29;30;41;42;43;44;45;46;47;48;49;50;71;72;73;74;75;76;77;78;79;80;101;102;103;104;105;106;107;108;109;110_P P 10 0 0.481679 0 0 0 0 0.220485 0 0 0.257545 0 1 10 101 102 103 104 105 106 107 108 109 11 110 12 13 14 15 16 17 18 19 2 20 21 22 23 24 25 26 27 28 29 3 30 4 41 42 43 44 45 46 47 48 49 5 50 6 7 71 72 73 74 75 76 77 78 79 8 80 9
