23 #edges
GL 0
0 1;2;3;4;5;6;7;8;9;10
0 51;52;53;54;55;56;57;58;59;60;91;92;93;94;95;96;97;98;99;100;111;112;113;114;115;116;117;118;119;120;141;142;143;144;145;146;147;148;149;150
0 41;42;43;44;45;46;47;48;49;50;71;72;73;74;75;76;77;78;79;80
1;2;3;4;5;6;7;8;9;10 21;22;23;24;25;26;27;28;29;30
1;2;3;4;5;6;7;8;9;10 11;12;13;14;15;16;17;18;19;20;31;32;33;34;35;36;37;38;39;40;61;62;63;64;65;66;67;68;69;70;131;132;133;134;135;136;137;138;139;140;161;162;163;164;165;166;167;168;169;170
11;12;13;14;15;16;17;18;19;20;31;32;33;34;35;36;37;38;39;40;61;62;63;64;65;66;67;68;69;70;131;132;133;134;135;136;137;138;139;140;161;162;163;164;165;166;167;168;169;170 131;132;133;134;135;136;137;138;139;140;161;162;163;164;165;166;167;168;169;170_P
21;22;23;24;25;26;27;28;29;30 81;82;83;84;85;86;87;88;89;90
21;22;23;24;25;26;27;28;29;30 101;102;103;104;105;106;107;108;109;110;121;122;123;124;125;126;127;128;129;130;181;182;183;184;185;186;187;188;189;190;221;222;223;224;225;226;227;228;229;230;241;242;243;244;245;246;247;248;249;250;291;292;293;294;295;296;297;298;299;300;331;332;333;334;335;336;337;338;339;340;341;342;343;344;345;346;347;348;349;350
81;82;83;84;85;86;87;88;89;90 81;82;83;84;85;86;87;88;89;90_P
101;102;103;104;105;106;107;108;109;110;121;122;123;124;125;126;127;128;129;130;181;182;183;184;185;186;187;188;189;190;221;222;223;224;225;226;227;228;229;230;241;242;243;244;245;246;247;248;249;250;291;292;293;294;295;296;297;298;299;300;331;332;333;334;335;336;337;338;339;340;341;342;343;344;345;346;347;348;349;350 101;102;103;104;105;106;107;108;109;110;121;122;123;124;125;126;127;128;129;130;181;182;183;184;185;186;187;188;189;190;221;222;223;224;225;226;227;228;229;230;241;242;243;244;245;246;247;248;249;250;291;292;293;294;295;296;297;298;299;300;331;332;333;334;335;336;337;338;339;340;341;342;343;344;345;346;347;348;349;350_P
41;42;43;44;45;46;47;48;49;50;71;72;73;74;75;76;77;78;79;80 71;72;73;74;75;76;77;78;79;80_P
41;42;43;44;45;46;47;48;49;50;71;72;73;74;75;76;77;78;79;80 151;152;153;154;155;156;157;158;159;160;171;172;173;174;175;176;177;178;179;180;211;212;213;214;215;216;217;218;219;220;281;282;283;284;285;286;287;288;289;290
151;152;153;154;155;156;157;158;159;160;171;172;173;174;175;176;177;178;179;180;211;212;213;214;215;216;217;218;219;220;281;282;283;284;285;286;287;288;289;290 281;282;283;284;285;286;287;288;289;290_P
51;52;53;54;55;56;57;58;59;60;91;92;93;94;95;96;97;98;99;100;111;112;113;114;115;116;117;118;119;120;141;142;143;144;145;146;147;148;149;150 251;252;253;254;255;256;257;258;259;260;301;302;303;304;305;306;307;308;309;310
51;52;53;54;55;56;57;58;59;60;91;92;93;94;95;96;97;98;99;100;111;112;113;114;115;116;117;118;119;120;141;142;143;144;145;146;147;148;149;150 191;192;193;194;195;196;197;198;199;200;261;262;263;264;265;266;267;268;269;270;311;312;313;314;315;316;317;318;319;320;351;352;353;354;355;356;357;358;359;360;361;362;363;364;365;366;367;368;369;370;381;382;383;384;385;386;387;388;389;390;401;402;403;404;405;406;407;408;409;410;441;442;443;444;445;446;447;448;449;450;451;452;453;454;455;456;457;458;459;460;461;462;463;464;465;466;467;468;469;470;481;482;483;484;485;486;487;488;489;490;501;502;503;504;505;506;507;508;509;510;511;512;513;514;515;516;517;518;519;520;541;542;543;544;545;546;547;548;549;550;561;562;563;564;565;566;567;568;569;570;581;582;583;584;585;586;587;588;589;590;601;602;603;604;605;606;607;608;609;610;611;612;613;614;615;616;617;618;619;620;631;632;633;634;635;636;637;638;639;640;661;662;663;664;665;666;667;668;669;670;671;672;673;674;675;676;677;678;679;680;691;692;693;694;695;696;697;698;699;700;711;712;713;714;715;716;717;718;719;720;731;732;733;734;735;736;737;738;739;740;741;742;743;744;745;746;747;748;749;750;761;762;763;764;765;766;767;768;769;770;781;782;783;784;785;786;787;788;789;790;791;792;793;794;795;796;797;798;799;800;841;842;843;844;845;846;847;848;849;850;871;872;873;874;875;876;877;878;879;880;891;892;893;894;895;896;897;898;899;900;911;912;913;914;915;916;917;918;919;920;921
191;192;193;194;195;196;197;198;199;200;261;262;263;264;265;266;267;268;269;270;311;312;313;314;315;316;317;318;319;320;351;352;353;354;355;356;357;358;359;360;361;362;363;364;365;366;367;368;369;370;381;382;383;384;385;386;387;388;389;390;401;402;403;404;405;406;407;408;409;410;441;442;443;444;445;446;447;448;449;450;451;452;453;454;455;456;457;458;459;460;461;462;463;464;465;466;467;468;469;470;481;482;483;484;485;486;487;488;489;490;501;502;503;504;505;506;507;508;509;510;511;512;513;514;515;516;517;518;519;520;541;542;543;544;545;546;547;548;549;550;561;562;563;564;565;566;567;568;569;570;581;582;583;584;585;586;587;588;589;590;601;602;603;604;605;606;607;608;609;610;611;612;613;614;615;616;617;618;619;620;631;632;633;634;635;636;637;638;639;640;661;662;663;664;665;666;667;668;669;670;671;672;673;674;675;676;677;678;679;680;691;692;693;694;695;696;697;698;699;700;711;712;713;714;715;716;717;718;719;720;731;732;733;734;735;736;737;738;739;740;741;742;743;744;745;746;747;748;749;750;761;762;763;764;765;766;767;768;769;770;781;782;783;784;785;786;787;788;789;790;791;792;793;794;795;796;797;798;799;800;841;842;843;844;845;846;847;848;849;850;871;872;873;874;875;876;877;878;879;880;891;892;893;894;895;896;897;898;899;900;911;912;913;914;915;916;917;918;919;920;921 982;983;984;985;986;987;988;989;990;991
191;192;193;194;195;196;197;198;199;200;261;262;263;264;265;266;267;268;269;270;311;312;313;314;315;316;317;318;319;320;351;352;353;354;355;356;357;358;359;360;361;362;363;364;365;366;367;368;369;370;381;382;383;384;385;386;387;388;389;390;401;402;403;404;405;406;407;408;409;410;441;442;443;444;445;446;447;448;449;450;451;452;453;454;455;456;457;458;459;460;461;462;463;464;465;466;467;468;469;470;481;482;483;484;485;486;487;488;489;490;501;502;503;504;505;506;507;508;509;510;511;512;513;514;515;516;517;518;519;520;541;542;543;544;545;546;547;548;549;550;561;562;563;564;565;566;567;568;569;570;581;582;583;584;585;586;587;588;589;590;601;602;603;604;605;606;607;608;609;610;611;612;613;614;615;616;617;618;619;620;631;632;633;634;635;636;637;638;639;640;661;662;663;664;665;666;667;668;669;670;671;672;673;674;675;676;677;678;679;680;691;692;693;694;695;696;697;698;699;700;711;712;713;714;715;716;717;718;719;720;731;732;733;734;735;736;737;738;739;740;741;742;743;744;745;746;747;748;749;750;761;762;763;764;765;766;767;768;769;770;781;782;783;784;785;786;787;788;789;790;791;792;793;794;795;796;797;798;799;800;841;842;843;844;845;846;847;848;849;850;871;872;873;874;875;876;877;878;879;880;891;892;893;894;895;896;897;898;899;900;911;912;913;914;915;916;917;918;919;920;921 1062;1063;1064;1065;1066;1067;1068;1069;1070;1071;1112;1113;1114;1115;1116;1117;1118;1119;1120;1121
191;192;193;194;195;196;197;198;199;200;261;262;263;264;265;266;267;268;269;270;311;312;313;314;315;316;317;318;319;320;351;352;353;354;355;356;357;358;359;360;361;362;363;364;365;366;367;368;369;370;381;382;383;384;385;386;387;388;389;390;401;402;403;404;405;406;407;408;409;410;441;442;443;444;445;446;447;448;449;450;451;452;453;454;455;456;457;458;459;460;461;462;463;464;465;466;467;468;469;470;481;482;483;484;485;486;487;488;489;490;501;502;503;504;505;506;507;508;509;510;511;512;513;514;515;516;517;518;519;520;541;542;543;544;545;546;547;548;549;550;561;562;563;564;565;566;567;568;569;570;581;582;583;584;585;586;587;588;589;590;601;602;603;604;605;606;607;608;609;610;611;612;613;614;615;616;617;618;619;620;631;632;633;634;635;636;637;638;639;640;661;662;663;664;665;666;667;668;669;670;671;672;673;674;675;676;677;678;679;680;691;692;693;694;695;696;697;698;699;700;711;712;713;714;715;716;717;718;719;720;731;732;733;734;735;736;737;738;739;740;741;742;743;744;745;746;747;748;749;750;761;762;763;764;765;766;767;768;769;770;781;782;783;784;785;786;787;788;789;790;791;792;793;794;795;796;797;798;799;800;841;842;843;844;845;846;847;848;849;850;871;872;873;874;875;876;877;878;879;880;891;892;893;894;895;896;897;898;899;900;911;912;913;914;915;916;917;918;919;920;921 952;953;954;955;956;957;958;959;960;961;1022;1023;1024;1025;1026;1027;1028;1029;1030;1031;1042;1043;1044;1045;1046;1047;1048;1049;1050;1051;1132;1133;1134;1135;1136;1137;1138;1139;1140;1141;1202;1203;1204;1205;1206;1207;1208;1209;1210;1211;1252;1253;1254;1255;1256;1257;1258;1259;1260;1261;1322;1323;1324;1325;1326;1327;1328;1329;1330;1331;1372;1373;1374;1375;1376;1377;1378;1379;1380;1381
952;953;954;955;956;957;958;959;960;961;1022;1023;1024;1025;1026;1027;1028;1029;1030;1031;1042;1043;1044;1045;1046;1047;1048;1049;1050;1051;1132;1133;1134;1135;1136;1137;1138;1139;1140;1141;1202;1203;1204;1205;1206;1207;1208;1209;1210;1211;1252;1253;1254;1255;1256;1257;1258;1259;1260;1261;1322;1323;1324;1325;1326;1327;1328;1329;1330;1331;1372;1373;1374;1375;1376;1377;1378;1379;1380;1381 1372;1373;1374;1375;1376;1377;1378;1379;1380;1381_P
982;983;984;985;986;987;988;989;990;991 982;983;984;985;986;987;988;989;990;991_P
1062;1063;1064;1065;1066;1067;1068;1069;1070;1071;1112;1113;1114;1115;1116;1117;1118;1119;1120;1121 1062;1063;1064;1065;1066;1067;1068;1069;1070;1071;1112;1113;1114;1115;1116;1117;1118;1119;1120;1121_P
251;252;253;254;255;256;257;258;259;260;301;302;303;304;305;306;307;308;309;310 301;302;303;304;305;306;307;308;309;310_P
9 #leaves
301;302;303;304;305;306;307;308;309;310_P P 10 0 0 0 0 0 0.15033 0 0 0 0 0 100 111 112 113 114 115 116 117 118 119 120 141 142 143 144 145 146 147 148 149 150 251 252 253 254 255 256 257 258 259 260 301 302 303 304 305 306 307 308 309 310 51 52 53 54 55 56 57 58 59 60 91 92 93 94 95 96 97 98 99
1062;1063;1064;1065;1066;1067;1068;1069;1070;1071;1112;1113;1114;1115;1116;1117;1118;1119;1120;1121_P P 10 0 0 0 0 0.437945 0.131298 0 0 0.156566 0 0 100 1062 1063 1064 1065 1066 1067 1068 1069 1070 1071 111 1112 1113 1114 1115 1116 1117 1118 1119 112 1120 1121 113 114 115 116 117 118 119 120 141 142 143 144 145 146 147 148 149 150 191 192 193 194 195 196 197 198 199 200 261 262 263 264 265 266 267 268 269 270 311 312 313 314 315 316 317 318 319 320 351 352 353 354 355 356 357 358 359 360 361 362 363 364 365 366 367 368 369 370 381 382 383 384 385 386 387 388 389 390 401 402 403 404 405 406 407 408 409 410 441 442 443 444 445 446 447 448 449 450 451 452 453 454 455 456 457 458 459 460 461 462 463 464 465 466 467 468 469 470 481 482 483 484 485 486 487 488 489 490 501 502 503 504 505 506 507 508 509 51 510 511 512 513 514 515 516 517 518 519 52 520 53 54 541 542 543 544 545 546 547 548 549 55 550 56 561 562 563 564 565 566 567 568 569 57 570 58 581 582 583 584 585 586 587 588 589 59 590 60 601 602 603 604 605 606 607 608 609 610 611 612 613 614 615 616 617 618 619 620 631 632 633 634 635 636 637 638 639 640 661 662 663 664 665 666 667 668 669 670 671 672 673 674 675 676 677 678 679 680 691 692 693 694 695 696 697 698 699 700 711 712 713 714 715 716 717 718 719 720 731 732 733 734 735 736 737 738 739 740 741 742 743 744 745 746 747 748 749 750 761 762 763 764 765 766 767 768 769 770 781 782 783 784 785 786 787 788 789 790 791 792 793 794 795 796 797 798 799 800 841 842 843 844 845 846 847 848 849 850 871 872 873 874 875 876 877 878 879 880 891 892 893 894 895 896 897 898 899 900 91 911 912 913 914 915 916 917 918 919 92 920 921 93 94 95 96 97 98 99
982;983;984;985;986;987;988;989;990;991_P P 10 0 0 0 0 0.186116 0.444419 0 0 0 1 0 100 111 112 113 114 115 116 117 118 119 120 141 142 143 144 145 146 147 148 149 150 191 192 193 194 195 196 197 198 199 200 261 262 263 264 265 266 267 268 269 270 311 312 313 314 315 316 317 318 319 320 351 352 353 354 355 356 357 358 359 360 361 362 363 364 365 366 367 368 369 370 381 382 383 384 385 386 387 388 389 390 401 402 403 404 405 406 407 408 409 410 441 442 443 444 445 446 447 448 449 450 451 452 453 454 455 456 457 458 459 460 461 462 463 464 465 466 467 468 469 470 481 482 483 484 485 486 487 488 489 490 501 502 503 504 505 506 507 508 509 51 510 511 512 513 514 515 516 517 518 519 52 520 53 54 541 542 543 544 545 546 547 548 549 55 550 56 561 562 563 564 565 566 567 568 569 57 570 58 581 582 583 584 585 586 587 588 589 59 590 60 601 602 603 604 605 606 607 608 609 610 611 612 613 614 615 616 617 618 619 620 631 632 633 634 635 636 637 638 639 640 661 662 663 664 665 666 667 668 669 670 671 672 673 674 675 676 677 678 679 680 691 692 693 694 695 696 697 698 699 700 711 712 713 714 715 716 717 718 719 720 731 732 733 734 735 736 737 738 739 740 741 742 743 744 745 746 747 748 749 750 761 762 763 764 765 766 767 768 769 770 781 782 783 784 785 786 787 788 789 790 791 792 793 794 795 796 797 798 799 800 841 842 843 844 845 846 847 848 849 850 871 872 873 874 875 876 877 878 879 880 891 892 893 894 895 896 897 898 899 900 91 911 912 913 914 915 916 917 918 919 92 920 921 93 94 95 96 97 98 982 983 984 985 986 987 988 989 99 990 991
1372;1373;1374;1375;1376;1377;1378;1379;1380;1381_P P 10 0.315316 0.742003 0.781813 0 0 0 0.305807 0 0 0 0 100 1022 1023 1024 1025 1026 1027 1028 1029 1030 1031 1042 1043 1044 1045 1046 1047 1048 1049 1050 1051 111 112 113 1132 1133 1134 1135 1136 1137 1138 1139 114 1140 1141 115 116 117 118 119 120 1202 1203 1204 1205 1206 1207 1208 1209 1210 1211 1252 1253 1254 1255 1256 1257 1258 1259 1260 1261 1322 1323 1324 1325 1326 1327 1328 1329 1330 1331 1372 1373 1374 1375 1376 1377 1378 1379 1380 1381 141 142 143 144 145 146 147 148 149 150 191 192 193 194 195 196 197 198 199 200 261 262 263 264 265 266 267 268 269 270 311 312 313 314 315 316 317 318 319 320 351 352 353 354 355 356 357 358 359 360 361 362 363 364 365 366 367 368 369 370 381 382 383 384 385 386 387 388 389 390 401 402 403 404 405 406 407 408 409 410 441 442 443 444 445 446 447 448 449 450 451 452 453 454 455 456 457 458 459 460 461 462 463 464 465 466 467 468 469 470 481 482 483 484 485 486 487 488 489 490 501 502 503 504 505 506 507 508 509 51 510 511 512 513 514 515 516 517 518 519 52 520 53 54 541 542 543 544 545 546 547 548 549 55 550 56 561 562 563 564 565 566 567 568 569 57 570 58 581 582 583 584 585 586 587 588 589 59 590 60 601 602 603 604 605 606 607 608 609 610 611 612 613 614 615 616 617 618 619 620 631 632 633 634 635 636 637 638 639 640 661 662 663 664 665 666 667 668 669 670 671 672 673 674 675 676 677 678 679 680 691 692 693 694 695 696 697 698 699 700 711 712 713 714 715 716 717 718 719 720 731 732 733 734 735 736 737 738 739 740 741 742 743 744 745 746 747 748 749 750 761 762 763 764 765 766 767 768 769 770 781 782 783 784 785 786 787 788 789 790 791 792 793 794 795 796 797 798 799 800 841 842 843 844 845 846 847 848 849 850 871 872 873 874 875 876 877 878 879 880 891 892 893 894 895 896 897 898 899 900 91 911 912 913 914 915 916 917 918 919 92 920 921 93 94 95 952 953 954 955 956 957 958 959 96 960 961 97 98 99
281;282;283;284;285;286;287;288;289;290_P P 10 0.179091 0 0 0.453946 0 0 0.141255 0 0 0 0 151 152 153 154 155 156 157 158 159 160 171 172 173 174 175 176 177 178 179 180 211 212 213 214 215 216 217 218 219 220 281 282 283 284 285 286 287 288 289 290 41 42 43 44 45 46 47 48 49 50 71 72 73 74 75 76 77 78 79 80
71;72;73;74;75;76;77;78;79;80_P P 10 0.219436 0 0 0 0 0 0.189418 0 0.352513 0 0 41 42 43 44 45 46 47 48 49 50 71 72 73 74 75 76 77 78 79 80
101;102;103;104;105;106;107;108;109;110;121;122;123;124;125;126;127;128;129;130;181;182;183;184;185;186;187;188;189;190;221;222;223;224;225;226;227;228;229;230;241;242;243;244;245;246;247;248;249;250;291;292;293;294;295;296;297;298;299;300;331;332;333;334;335;336;337;338;339;340;341;342;343;344;345;346;347;348;349;350_P P 10 0 0 0 0 0.375939 0 0.36352 0 0 0 0 1 10 101 102 103 104 105 106 107 108 109 110 121 122 123 124 125 126 127 128 129 130 181 182 183 184 185 186 187 188 189 190 2 21 22 221 222 223 224 225 226 227 228 229 23 230 24 241 242 243 244 245 246 247 248 249 25 250 26 27 28 29 291 292 293 294 295 296 297 298 299 3 30 300 331 332 333 334 335 336 337 338 339 340 341 342 343 344 345 346 347 348 349 350 4 5 6 7 8 9
81;82;83;84;85;86;87;88;89;90_P P 10 0 0 0.218187 0 0 0 0 0.360509 0.490922 0 0 1 10 2 21 22 23 24 25 26 27 28 29 3 30 4 5 6 7 8 81 82 83 84 85 86 87 88 89 9 90
131;132;133;134;135;136;137;138;139;140;161;162;163;164;165;166;167;168;169;170_P P 10 0.286157 0.257997 0 0.546054 0 0.273952 0 0.639491 0 0 0 1 10 11 12 13 131 132 133 134 135 136 137 138 139 14 140 15 16 161 162 163 164 165 166 167 168 169 17 170 18 19 2 20 3 31 32 33 34 35 36 37 38 39 4 40 5 6 61 62 63 64 65 66 67 68 69 7 70 8 9
