24 #edges
GL 0;1;2;3;4;5;6;7;8;9;10;11;12;13;14;15;16;17;18;19;20;21;22;23;24;25;26;27;28;29;30;31;32;33;34;35;36;37;38;39;40;41;42;43;44;45;46;47;48;49;50;51;52;53;54;55;56;57;58;59;60;61;62;63;64;65;66;67;68;69;70;71;72;73;74;75;76;77;78;79;80;81;82;83;84;85;86;87;88;89;90;91;92;93;94;95;96;97;98;99;100
0;1;2;3;4;5;6;7;8;9;10;11;12;13;14;15;16;17;18;19;20;21;22;23;24;25;26;27;28;29;30;31;32;33;34;35;36;37;38;39;40;41;42;43;44;45;46;47;48;49;50;51;52;53;54;55;56;57;58;59;60;61;62;63;64;65;66;67;68;69;70;71;72;73;74;75;76;77;78;79;80;81;82;83;84;85;86;87;88;89;90;91;92;93;94;95;96;97;98;99;100 101;102;103;104;105;106;107;108;109;110
0;1;2;3;4;5;6;7;8;9;10;11;12;13;14;15;16;17;18;19;20;21;22;23;24;25;26;27;28;29;30;31;32;33;34;35;36;37;38;39;40;41;42;43;44;45;46;47;48;49;50;51;52;53;54;55;56;57;58;59;60;61;62;63;64;65;66;67;68;69;70;71;72;73;74;75;76;77;78;79;80;81;82;83;84;85;86;87;88;89;90;91;92;93;94;95;96;97;98;99;100 121;122;123;124;125;126;127;128;129;130;171;172;173;174;175;176;177;178;179;180;221;222;223;224;225;226;227;228;229;230
101;102;103;104;105;106;107;108;109;110 111;112;113;114;115;116;117;118;119;120
101;102;103;104;105;106;107;108;109;110 151;152;153;154;155;156;157;158;159;160;181;182;183;184;185;186;187;188;189;190
101;102;103;104;105;106;107;108;109;110 131;132;133;134;135;136;137;138;139;140;161;162;163;164;165;166;167;168;169;170;191;192;193;194;195;196;197;198;199;200;241;242;243;244;245;246;247;248;249;250;291;292;293;294;295;296;297;298;299;300;371;372;373;374;375;376;377;378;379;380;401;402;403;404;405;406;407;408;409;410;511;512;513;514;515;516;517;518;519;520
111;112;113;114;115;116;117;118;119;120 201;202;203;204;205;206;207;208;209;210;251;252;253;254;255;256;257;258;259;260;301;302;303;304;305;306;307;308;309;310;411;412;413;414;415;416;417;418;419;420;431;432;433;434;435;436;437;438;439;440
111;112;113;114;115;116;117;118;119;120 141;142;143;144;145;146;147;148;149;150;211;212;213;214;215;216;217;218;219;220
141;142;143;144;145;146;147;148;149;150;211;212;213;214;215;216;217;218;219;220 461;462;463;464;465;466;467;468;469;470;521;522;523;524;525;526;527;528;529;530
141;142;143;144;145;146;147;148;149;150;211;212;213;214;215;216;217;218;219;220 261;262;263;264;265;266;267;268;269;270;311;312;313;314;315;316;317;318;319;320;471;472;473;474;475;476;477;478;479;480
261;262;263;264;265;266;267;268;269;270;311;312;313;314;315;316;317;318;319;320;471;472;473;474;475;476;477;478;479;480 471;472;473;474;475;476;477;478;479;480_P
461;462;463;464;465;466;467;468;469;470;521;522;523;524;525;526;527;528;529;530 521;522;523;524;525;526;527;528;529;530_P
201;202;203;204;205;206;207;208;209;210;251;252;253;254;255;256;257;258;259;260;301;302;303;304;305;306;307;308;309;310;411;412;413;414;415;416;417;418;419;420;431;432;433;434;435;436;437;438;439;440 431;432;433;434;435;436;437;438;439;440_P
201;202;203;204;205;206;207;208;209;210;251;252;253;254;255;256;257;258;259;260;301;302;303;304;305;306;307;308;309;310;411;412;413;414;415;416;417;418;419;420;431;432;433;434;435;436;437;438;439;440 541;542;543;544;545;546;547;548;549;550;571;572;573;574;575;576;577;578;579;580
541;542;543;544;545;546;547;548;549;550;571;572;573;574;575;576;577;578;579;580 541;542;543;544;545;546;547;548;549;550;571;572;573;574;575;576;577;578;579;580_P
131;132;133;134;135;136;137;138;139;140;161;162;163;164;165;166;167;168;169;170;191;192;193;194;195;196;197;198;199;200;241;242;243;244;245;246;247;248;249;250;291;292;293;294;295;296;297;298;299;300;371;372;373;374;375;376;377;378;379;380;401;402;403;404;405;406;407;408;409;410;511;512;513;514;515;516;517;518;519;520 371;372;373;374;375;376;377;378;379;380;401;402;403;404;405;406;407;408;409;410;511;512;513;514;515;516;517;518;519;520_P
151;152;153;154;155;156;157;158;159;160;181;182;183;184;185;186;187;188;189;190 331;332;333;334;335;336;337;338;339;340;451;452;453;454;455;456;457;458;459;460;491;492;493;494;495;496;497;498;499;500;531;532;533;534;535;536;537;538;539;540
151;152;153;154;155;156;157;158;159;160;181;182;183;184;185;186;187;188;189;190 231;232;233;234;235;236;237;238;239;240;281;282;283;284;285;286;287;288;289;290;341;342;343;344;345;346;347;348;349;350;391;392;393;394;395;396;397;398;399;400;421;422;423;424;425;426;427;428;429;430;501;502;503;504;505;506;507;508;509;510;561;562;563;564;565;566;567;568;569;570;601;602;603;604;605;606;607;608;609;610
231;232;233;234;235;236;237;238;239;240;281;282;283;284;285;286;287;288;289;290;341;342;343;344;345;346;347;348;349;350;391;392;393;394;395;396;397;398;399;400;421;422;423;424;425;426;427;428;429;430;501;502;503;504;505;506;507;508;509;510;561;562;563;564;565;566;567;568;569;570;601;602;603;604;605;606;607;608;609;610 501;502;503;504;505;506;507;508;509;510;561;562;563;564;565;566;567;568;569;570;601;602;603;604;605;606;607;608;609;610_P
331;332;333;334;335;336;337;338;339;340;451;452;453;454;455;456;457;458;459;460;491;492;493;494;495;496;497;498;499;500;531;532;533;534;535;536;537;538;539;540 491;492;493;494;495;496;497;498;499;500;531;532;533;534;535;536;537;538;539;540_P
121;122;123;124;125;126;127;128;129;130;171;172;173;174;175;176;177;178;179;180;221;222;223;224;225;226;227;228;229;230 321;322;323;324;325;326;327;328;329;330;351;352;353;354;355;356;357;358;359;360
121;122;123;124;125;126;127;128;129;130;171;172;173;174;175;176;177;178;179;180;221;222;223;224;225;226;227;228;229;230 271;272;273;274;275;276;277;278;279;280;361;362;363;364;365;366;367;368;369;370;381;382;383;384;385;386;387;388;389;390;441;442;443;444;445;446;447;448;449;450;481;482;483;484;485;486;487;488;489;490;551;552;553;554;555;556;557;558;559;560;581;582;583;584;585;586;587;588;589;590
271;272;273;274;275;276;277;278;279;280;361;362;363;364;365;366;367;368;369;370;381;382;383;384;385;386;387;388;389;390;441;442;443;444;445;446;447;448;449;450;481;482;483;484;485;486;487;488;489;490;551;552;553;554;555;556;557;558;559;560;581;582;583;584;585;586;587;588;589;590 551;552;553;554;555;556;557;558;559;560;581;582;583;584;585;586;587;588;589;590_P
321;322;323;324;325;326;327;328;329;330;351;352;353;354;355;356;357;358;359;360 321;322;323;324;325;326;327;328;329;330;351;352;353;354;355;356;357;358;359;360_P
9 #leaves
321;322;323;324;325;326;327;328;329;330;351;352;353;354;355;356;357;358;359;360_P P 10 0 0 0 0.276055 0 0 0 0 0 0 0 1 10 100 11 12 121 122 123 124 125 126 127 128 129 13 130 14 15 16 17 171 172 173 174 175 176 177 178 179 18 180 19 2 20 21 22 221 222 223 224 225 226 227 228 229 23 230 24 25 26 27 28 29 3 30 31 32 321 322 323 324 325 326 327 328 329 33 330 34 35 351 352 353 354 355 356 357 358 359 36 360 37 38 39 4 40 41 42 43 44 45 46 47 48 49 5 50 51 52 53 54 55 56 57 58 59 6 60 61 62 63 64 65 66 67 68 69 7 70 71 72 73 74 75 76 77 78 79 8 80 81 82 83 84 85 86 87 88 89 9 90 91 92 93 94 95 96 97 98 99
551;552;553;554;555;556;557;558;559;560;581;582;583;584;585;586;587;588;589;590_P P 10 0 0 0 0.262337 0.661994 0 0 0.708383 0.39092 0.519679 0 1 10 100 11 12 121 122 123 124 125 126 127 128 129 13 130 14 15 16 17 171 172 173 174 175 176 177 178 179 18 180 19 2 20 21 22 221 222 223 224 225 226 227 228 229 23 230 24 25 26 27 271 272 273 274 275 276 277 278 279 28 280 29 3 30 31 32 33 34 35 36 361 362 363 364 365 366 367 368 369 37 370 38 381 382 383 384 385 386 387 388 389 39 390 4 40 41 42 43 44 441 442 443 444 445 446 447 448 449 45 450 46 47 48 481 482 483 484 485 486 487 488 489 49 490 5 50 51 52 53 54 55 551 552 553 554 555 556 557 558 559 56 560 57 58 581 582 583 584 585 586 587 588 589 59 590 6 60 61 62 63 64 65 66 67 68 69 7 70 71 72 73 74 75 76 77 78 79 8 80 81 82 83 84 85 86 87 88 89 9 90 91 92 93 94 95 96 97 98 99
491;492;493;494;495;496;497;498;499;500;531;532;533;534;535;536;537;538;539;540_P P 10 0 0 0 0 0.338006 0 0 0 0 0 0 1 10 100 101 102 103 104 105 106 107 108 109 11 110 12 13 14 15 151 152 153 154 155 156 157 158 159 16 160 17 18 181 182 183 184 185 186 187 188 189 19 190 2 20 21 22 23 24 25 26 27 28 29 3 30 31 32 33 331 332 333 334 335 336 337 338 339 34 340 35 36 37 38 39 4 40 41 42 43 44 45 451 452 453 454 455 456 457 458 459 46 460 47 48 49 491 492 493 494 495 496 497 498 499 5 50 500 51 52 53 531 532 533 534 535 536 537 538 539 54 540 55 56 57 58 59 6 60 61 62 63 64 65 66 67 68 69 7 70 71 72 73 74 75 76 77 78 79 8 80 81 82 83 84 85 86 87 88 89 9 90 91 92 93 94 95 96 97 98 99
501;502;503;504;505;506;507;508;509;510;561;562;563;564;565;566;567;568;569;570;601;602;603;604;605;606;607;608;609;610_P P 10 0 0 0 0.177436 0 0.153452 0 0.148132 0.1611 0.207844 0 1 10 100 101 102 103 104 105 106 107 108 109 11 110 12 13 14 15 151 152 153 154 155 156 157 158 159 16 160 17 18 181 182 183 184 185 186 187 188 189 19 190 2 20 21 22 23 231 232 233 234 235 236 237 238 239 24 240 25 26 27 28 281 282 283 284 285 286 287 288 289 29 290 3 30 31 32 33 34 341 342 343 344 345 346 347 348 349 35 350 36 37 38 39 391 392 393 394 395 396 397 398 399 4 40 400 41 42 421 422 423 424 425 426 427 428 429 43 430 44 45 46 47 48 49 5 50 501 502 503 504 505 506 507 508 509 51 510 52 53 54 55 56 561 562 563 564 565 566 567 568 569 57 570 58 59 6 60 601 602 603 604 605 606 607 608 609 61 610 62 63 64 65 66 67 68 69 7 70 71 72 73 74 75 76 77 78 79 8 80 81 82 83 84 85 86 87 88 89 9 90 91 92 93 94 95 96 97 98 99
371;372;373;374;375;376;377;378;379;380;401;402;403;404;405;406;407;408;409;410;511;512;513;514;515;516;517;518;519;520_P P 10 0 0 0.432543 0 0 0.585419 0 0 0 0 0 1 10 100 101 102 103 104 105 106 107 108 109 11 110 12 13 131 132 133 134 135 136 137 138 139 14 140 15 16 161 162 163 164 165 166 167 168 169 17 170 18 19 191 192 193 194 195 196 197 198 199 2 20 200 21 22 23 24 241 242 243 244 245 246 247 248 249 25 250 26 27 28 29 291 292 293 294 295 296 297 298 299 3 30 300 31 32 33 34 35 36 37 371 372 373 374 375 376 377 378 379 38 380 39 4 40 401 402 403 404 405 406 407 408 409 41 410 42 43 44 45 46 47 48 49 5 50 51 511 512 513 514 515 516 517 518 519 52 520 53 54 55 56 57 58 59 6 60 61 62 63 64 65 66 67 68 69 7 70 71 72 73 74 75 76 77 78 79 8 80 81 82 83 84 85 86 87 88 89 9 90 91 92 93 94 95 96 97 98 99
541;542;543;544;545;546;547;548;549;550;571;572;573;574;575;576;577;578;579;580_P P 10 0.152051 0 0 0 0 0 1 0 0.222653 0 0 1 10 100 101 102 103 104 105 106 107 108 109 11 110 111 112 113 114 115 116 117 118 119 12 120 13 14 15 16 17 18 19 2 20 201 202 203 204 205 206 207 208 209 21 210 22 23 24 25 251 252 253 254 255 256 257 258 259 26 260 27 28 29 3 30 301 302 303 304 305 306 307 308 309 31 310 32 33 34 35 36 37 38 39 4 40 41 411 412 413 414 415 416 417 418 419 42 420 43 431 432 433 434 435 436 437 438 439 44 440 45 46 47 48 49 5 50 51 52 53 54 541 542 543 544 545 546 547 548 549 55 550 56 57 571 572 573 574 575 576 577 578 579 58 580 59 6 60 61 62 63 64 65 66 67 68 69 7 70 71 72 73 74 75 76 77 78 79 8 80 81 82 83 84 85 86 87 88 89 9 90 91 92 93 94 95 96 97 98 99
431;432;433;434;435;436;437;438;439;440_P P 10 0.394395 0.278873 0.567457 0 0 0 0 0 0 0 0 1 10 100 101 102 103 104 105 106 107 108 109 11 110 111 112 113 114 115 116 117 118 119 12 120 13 14 15 16 17 18 19 2 20 201 202 203 204 205 206 207 208 209 21 210 22 23 24 25 251 252 253 254 255 256 257 258 259 26 260 27 28 29 3 30 301 302 303 304 305 306 307 308 309 31 310 32 33 34 35 36 37 38 39 4 40 41 411 412 413 414 415 416 417 418 419 42 420 43 431 432 433 434 435 436 437 438 439 44 440 45 46 47 48 49 5 50 51 52 53 54 55 56 57 58 59 6 60 61 62 63 64 65 66 67 68 69 7 70 71 72 73 74 75 76 77 78 79 8 80 81 82 83 84 85 86 87 88 89 9 90 91 92 93 94 95 96 97 98 99
521;522;523;524;525;526;527;528;529;530_P P 10 0.178178 0.151594 0 0 0 0 0 0 0 0.272477 0 1 10 100 101 102 103 104 105 106 107 108 109 11 110 111 112 113 114 115 116 117 118 119 12 120 13 14 141 142 143 144 145 146 147 148 149 15 150 16 17 18 19 2 20 21 211 212 213 214 215 216 217 218 219 22 220 23 24 25 26 27 28 29 3 30 31 32 33 34 35 36 37 38 39 4 40 41 42 43 44 45 46 461 462 463 464 465 466 467 468 469 47 470 48 49 5 50 51 52 521 522 523 524 525 526 527 528 529 53 530 54 55 56 57 58 59 6 60 61 62 63 64 65 66 67 68 69 7 70 71 72 73 74 75 76 77 78 79 8 80 81 82 83 84 85 86 87 88 89 9 90 91 92 93 94 95 96 97 98 99
471;472;473;474;475;476;477;478;479;480_P P 10 0.275376 0.569533 0 0.284172 0 0.261128 0 0.143485 0.225327 0 0 1 10 100 101 102 103 104 105 106 107 108 109 11 110 111 112 113 114 115 116 117 118 119 12 120 13 14 141 142 143 144 145 146 147 148 149 15 150 16 17 18 19 2 20 21 211 212 213 214 215 216 217 218 219 22 220 23 24 25 26 261 262 263 264 265 266 267 268 269 27 270 28 29 3 30 31 311 312 313 314 315 316 317 318 319 32 320 33 34 35 36 37 38 39 4 40 41 42 43 44 45 46 47 471 472 473 474 475 476 477 478 479 48 480 49 5 50 51 52 53 54 55 56 57 58 59 6 60 61 62 63 64 65 66 67 68 69 7 70 71 72 73 74 75 76 77 78 79 8 80 81 82 83 84 85 86 87 88 89 9 90 91 92 93 94 95 96 97 98 99
